 492  50  1.000000e-05  14 -2 -2
 48  26 -1  0  0  3  3.303208e-01  1.500000e-07
 48  2 -1  0  0  3  4.251930e-01  1.500000e-07
 48  3  0  0  0  3  4.769554e-01  1.500000e-07
 48  32  0  0  0  3  5.520990e-01  1.500000e-07
 48  0  0  1  0  3  4.198085e-01  1.500000e-07
 48  49  0  0  0  3  4.617470e-01  1.500000e-07
 48  30  0  0  0  3  3.978861e-01  1.500000e-07
 48  28 -1  0  0  3  4.366515e-01  1.500000e-07
 48  1 -1  0  0  3  3.610014e-01  1.500000e-07
 48  29  0  0  0  3  5.638835e-01  1.500000e-07
 48  31  0  0  0  3  4.803539e-01  1.500000e-07
 48  33  0  1  1  3  5.984610e-01  1.500000e-07
 48  21  0  0  1  3  6.337466e-01  1.500000e-07
 26  2  0  0  0  3  3.516660e-01  1.500000e-07
 26  32  0  0  0  3  4.059473e-01  1.500000e-07
 26  0  1  1  0  3  3.620808e-01  1.500000e-07
 26  35  0  1  0  3  3.000133e-01  1.500000e-07
 26  49  0  0  0  3  4.163529e-01  1.500000e-07
 26  28  0  0  0  3  3.227449e-01  1.500000e-07
 26  1  0  0  0  3  7.494772e-02  1.500000e-07
 26  29  0  0  0  3  4.358449e-01  1.500000e-07
 26  7  0  0  1  3  4.718965e-01  1.500000e-07
 26  33  1  1  1  3  4.425555e-01  1.500000e-07
 26  21  1  0  1  3  5.476319e-01  1.500000e-07
 2  3  0  0  0  3  1.312170e-01  1.500000e-07
 2  35  0  0  0  3  6.159139e-01  1.500000e-07
 2  49  0  0  0  3  3.812805e-01  1.500000e-07
 2  28  0  0  0  3  2.248160e-01  1.500000e-07
 2  27  0  0  0  3  3.833156e-01  1.500000e-07
 2  31  1  0  0  3  6.406635e-01  1.500000e-07
 3  35  0  0  0  3  5.857338e-01  1.500000e-07
 3  49  0  0  0  3  3.858744e-01  1.500000e-07
 3  30  0  0  0  3  2.683548e-01  1.500000e-07
 3  28  0  0  0  3  2.595649e-01  1.500000e-07
 3  27  0  0  0  3  3.284623e-01  1.500000e-07
 3  29  0  0  0  3  3.875460e-01  1.500000e-07
 32  0  0  1  0  3  4.060579e-01  1.500000e-07
 32  35  0  1  0  3  3.428371e-01  1.500000e-07
 32  49  0  0  0  3  1.490384e-01  1.500000e-07
 32  30  0  1  0  3  4.730327e-01  1.500000e-07
 32  28  0  0  0  3  3.542129e-01  1.500000e-07
 32  27  0  1  0  3  4.705354e-01  1.500000e-07
 32  29  0  0  0  3  1.789530e-01  1.500000e-07
 32  31  0  1  0  3  4.848131e-01  1.500000e-07
 32  7  0  0  1  3  3.432640e-01  1.500000e-07
 32  33  0  1  1  3  5.607609e-01  1.500000e-07
 32  5  0  0  1  3  4.703832e-01  1.500000e-07
 32  22  0  1  1  3  4.875791e-01  1.500000e-07
 32  23  0  0  1  3  4.758814e-01  1.500000e-07
 32  4  0  1  1  3  4.819640e-01  1.500000e-07
 32  24  0  1  1  3  5.785757e-01  1.500000e-07
 32  6  0  0  1  3  5.242765e-01  1.500000e-07
 0  49  0 -1  0  3  3.179284e-01  1.500000e-07
 0  30  0  0  0  3  4.037102e-01  1.500000e-07
 0  1 -1 -1  0  3  3.096183e-01  1.500000e-07
 0  31  0  0  0  3  3.267914e-01  1.500000e-07
 0  33  0  0  1  3  5.067075e-01  1.500000e-07
 35  49  0 -1  0  3  4.382894e-01  1.500000e-07
 35  28  0 -1  0  3  4.476892e-01  1.500000e-07
 35  27  0  0  0  3  3.541560e-01  1.500000e-07
 35  1  0 -1  0  3  2.583063e-01  1.500000e-07
 35  29  0 -1  0  3  3.997099e-01  1.500000e-07
 35  31  1  0  0  3  3.445263e-01  1.500000e-07
 35  7  0 -1  1  3  4.017879e-01  1.500000e-07
 35  33  1  0  1  3  2.738876e-01  1.500000e-07
 35  20  1  0  1  3  5.969851e-01  1.500000e-07
 35  22  0  0  1  3  6.097158e-01  1.500000e-07
 35  24  0  0  1  3  5.371556e-01  1.500000e-07
 35  6  0 -1  1  3  4.447666e-01  1.500000e-07
 49  30  0  0  0  3  5.379767e-01  1.500000e-07
 49  30  0  1  0  3  4.830763e-01  1.500000e-07
 49  28  0  0  0  3  3.836812e-01  1.500000e-07
 49  1  0  0  0  3  4.535792e-01  1.500000e-07
 49  29  0  0  0  3  2.770528e-01  1.500000e-07
 49  33  0  1  1  3  6.029762e-01  1.500000e-07
 30  27  0  0  0  3  3.171963e-01  1.500000e-07
 30  29  0  0  0  3  4.822412e-01  1.500000e-07
 30  31  0  0  0  3  3.173144e-01  1.500000e-07
 30  21  0  0  1  3  7.576785e-01  1.500000e-07
 30  4  0  0  1  3  4.196651e-01  1.500000e-07
 28  27  0  0  0  3  2.910199e-01  1.500000e-07
 28  29  0  0  0  3  2.511620e-01  1.500000e-07
 28  31  1  0  0  3  5.880754e-01  1.500000e-07
 28  19  1  0  1  3  6.094178e-01  1.500000e-07
 28  7  0  0  1  3  2.779696e-01  1.500000e-07
 28  33  1  1  1  3  5.356085e-01  1.500000e-07
 28  20  1  0  1  3  6.346366e-01  1.500000e-07
 28  21  1  0  1  3  5.524484e-01  1.500000e-07
 27  29  0  0  0  3  4.223519e-01  1.500000e-07
 27  31  1  0  0  3  5.118107e-01  1.500000e-07
 27  7  0  0  1  3  4.044962e-01  1.500000e-07
 27  20  1  0  1  3  5.551546e-01  1.500000e-07
 27  5  0  0  1  3  5.427847e-01  1.500000e-07
 27  25  0  0  1  3  5.450556e-01  1.500000e-07
 27  22  0  0  1  3  4.796532e-01  1.500000e-07
 27  23  0  0  1  3  6.018446e-01  1.500000e-07
 27  4  0  0  1  3  4.440199e-01  1.500000e-07
 27  24  0  0  1  3  5.763519e-01  1.500000e-07
 1  31  1  1  0  3  3.942425e-01  1.500000e-07
 1  33  1  1  1  3  3.971524e-01  1.500000e-07
 29  19  0  0  1  3  6.391396e-01  1.500000e-07
 29  7  0  0  1  3  1.952265e-01  1.500000e-07
 29  33  0  1  1  3  5.911484e-01  1.500000e-07
 29  5  0  0  1  3  3.431398e-01  1.500000e-07
 29  21  0  0  1  3  5.729686e-01  1.500000e-07
 29  22  0  1  1  3  5.313974e-01  1.500000e-07
 29  23  0  0  1  3  3.677990e-01  1.500000e-07
 29  4  0  0  1  3  6.430742e-01  1.500000e-07
 29  6  0  0  1  3  4.391468e-01  1.500000e-07
 31  18  0  0  1  3  4.794761e-01  1.500000e-07
 31  19  0  0  1  3  6.988375e-01  1.500000e-07
 31  33  0  0  1  3  3.214660e-01  1.500000e-07
 31  20  0  0  1  3  5.402313e-01  1.500000e-07
 31  21  0  0  1  3  7.398685e-01  1.500000e-07
 31  4  0  0  1  3  2.961382e-01  1.500000e-07
 11  18  0  0  0  3  6.643926e-02  1.500000e-07
 11  19  0  0  0  3  3.636546e-01  1.500000e-07
 11  20  0  0  0  3  1.231036e-01  1.500000e-07
 11  23  0  0  0  3  5.538216e-01  1.500000e-07
 18  19  0  0  0  3  4.128289e-01  1.500000e-07
 18  8  0  0  0  3  3.764330e-01  1.500000e-07
 18  9  0  0  0  3  3.835500e-01  1.500000e-07
 18  33  0  0  0  3  4.396408e-01  1.500000e-07
 18  20  0  0  0  3  1.740546e-01  1.500000e-07
 18  21  0 -1  0  3  4.902300e-01  1.500000e-07
 18  22  0  0  0  3  2.654825e-01  1.500000e-07
 18  23  0  0  0  3  5.634642e-01  1.500000e-07
 18  4  0  0  0  3  2.704247e-01  1.500000e-07
 18  6 -1 -1  0  3  5.848479e-01  1.500000e-07
 19  8  0  1  0  3  4.059307e-01  1.500000e-07
 19  7 -1  0  0  3  4.498236e-01  1.500000e-07
 19  9  0  1  0  3  4.185109e-01  1.500000e-07
 19  20  0  0  0  3  3.329795e-01  1.500000e-07
 19  25 -1  0  0  3  3.480188e-01  1.500000e-07
 19  21  0  0  0  3  1.892182e-01  1.500000e-07
 19  23  0  0  0  3  4.171601e-01  1.500000e-07
 19  4  0  0  0  3  5.962107e-01  1.500000e-07
 19  6 -1  0  0  3  3.403454e-01  1.500000e-07
 8  9  0  0  0  3  2.216953e-02  1.500000e-07
 8  21  0 -1  0  3  3.622951e-01  1.500000e-07
 8  22  0  0  0  3  2.335517e-01  1.500000e-07
 8  23  0 -1  0  3  2.510736e-01  1.500000e-07
 8  24  0  0  0  3  2.846878e-01  1.500000e-07
 7  33  1  1  0  3  4.318788e-01  1.500000e-07
 7  20  1  0  0  3  5.342406e-01  1.500000e-07
 7  5  0  0  0  3  2.094487e-01  1.500000e-07
 7  25  0  0  0  3  2.386570e-01  1.500000e-07
 7  21  1  0  0  3  4.156248e-01  1.500000e-07
 7  23  0  0  0  3  3.105231e-01  1.500000e-07
 7  4  0  0  0  3  6.489914e-01  1.500000e-07
 7  6  0  0  0  3  2.888641e-01  1.500000e-07
 9  22  0  0  0  3  2.474620e-01  1.500000e-07
 9  23  0 -1  0  3  2.525754e-01  1.500000e-07
 9  24  0  0  0  3  2.701404e-01  1.500000e-07
 33  20  0  0  0  3  4.929298e-01  1.500000e-07
 33  21  0 -1  0  3  1.791864e-01  1.500000e-07
 33  4  0  0  0  3  3.489640e-01  1.500000e-07
 33  24 -1  0  0  3  5.065261e-01  1.500000e-07
 33  6 -1 -1  0  3  3.619086e-01  1.500000e-07
 20  25 -1  0  0  3  4.420591e-01  1.500000e-07
 20  24 -1  0  0  3  5.213379e-01  1.500000e-07
 20  6 -1 -1  0  3  5.601732e-01  1.500000e-07
 5  25  0  0  0  3  1.085335e-01  1.500000e-07
 5  22  0  0  0  3  6.795807e-01  1.500000e-07
 5  23  0  0  0  3  1.537491e-01  1.500000e-07
 5  24  0  1  0  3  2.872665e-01  1.500000e-07
 5  6  0  0  0  3  1.932816e-01  1.500000e-07
 25  21  1  0  0  3  3.912947e-01  1.500000e-07
 25  22  0  0  0  3  6.983460e-01  1.500000e-07
 25  24  0  0  0  3  7.078045e-01  1.500000e-07
 25  24  0  1  0  3  3.193511e-01  1.500000e-07
 25  6  0  0  0  3  1.728246e-01  1.500000e-07
 21  22  0  1  0  3  3.966811e-01  1.500000e-07
 21  4  0  0  0  3  6.913686e-01  1.500000e-07
 21  6 -1  0  0  3  3.150255e-01  1.500000e-07
 22  23  0 -1  0  3  4.119362e-01  1.500000e-07
 22  4  0  0  0  3  9.092103e-02  1.500000e-07
 22  24  0  0  0  3  3.954351e-01  1.500000e-07
 23  4  0  0  0  3  6.249848e-01  1.500000e-07
 23  24  0  1  0  3  3.065719e-01  1.500000e-07
 24  6  0 -1  0  3  2.079971e-01  1.500000e-07
 48  15  0  0  0  3  1.678668e-01  1.500000e-07
 34  20  0  0  0  3  1.948889e-01  1.500000e-07
 49  12  0  0  0  3  2.041759e-01  1.500000e-07
 17  23  0  0  0  3  2.115626e-01  1.500000e-07
 35  42  0  0  0  3  4.296130e-01  1.500000e-07
 45  24  0  0  0  3  1.131338e-01  1.500000e-07
 26  41  0  0  0  3  2.131196e-01  1.500000e-07
 36  25  0  0  0  3  2.140421e-01  1.500000e-07
 30  47  0  0  0  3  3.451831e-01  1.500000e-07
 16  9  0  0  0  3  1.629765e-01  1.500000e-07
 2  46  0  0  0  3  1.923457e-01  1.500000e-07
 37  20  1  0  0  3  2.460227e-01  1.500000e-07
 35  13  0  0  0  3  4.872769e-01  1.500000e-07
 46  20  1  0  0  3  1.746548e-01  1.500000e-07
 30  44  0  0  0  3  3.058211e-01  1.500000e-07
 15  11  0  0  0  3  1.607653e-01  1.500000e-07
 0  34  0  0  0  3  1.965297e-01  1.500000e-07
 40  11  0  0  0  3  2.328416e-01  1.500000e-07
 49  12  0  0  0  3  2.158809e-01  1.500000e-07
 17  5  0  0  0  3  2.430368e-01  1.500000e-07
 3  44  0  0  0  3  2.634612e-01  1.500000e-07
 14  18  0  0  0  3  2.959974e-01  1.500000e-07
 1  39  1  0  0  3  2.096355e-01  1.500000e-07
 38  21  0  0  0  3  3.069615e-01  1.500000e-07
 0  40  0  0  0  3  1.648238e-01  1.500000e-07
 34  18  0  0  0  3  2.438711e-01  1.500000e-07
 2  45  0  0  0  3  3.063886e-01  1.500000e-07
 42  24  0  0  0  3  2.879225e-01  1.500000e-07
 3  45  0  0  0  3  3.189934e-01  1.500000e-07
 42  24  0  0  0  3  2.310890e-01  1.500000e-07
 3  44  0  0  0  3  2.038323e-01  1.500000e-07
 45  22  0  0  0  3  4.234131e-01  1.500000e-07
 26  42  0  1  0  3  2.692010e-01  1.500000e-07
 16  24  0  0  0  3  1.565184e-01  1.500000e-07
 48  10  0  0  0  3  1.337299e-01  1.500000e-07
 38  19  0  0  0  3  1.812479e-01  1.500000e-07
 0  40  0  0  0  3  1.252618e-01  1.500000e-07
 16  21  0 -1  0  3  3.376523e-01  1.500000e-07
 3  47  0  0  0  3  3.400908e-01  1.500000e-07
 45  9  0  0  0  3  2.747947e-01  1.500000e-07
 30  47  0  0  0  3  2.649264e-01  1.500000e-07
 44  22  0  0  0  3  3.215721e-01  1.500000e-07
 49  17  0  0  0  3  2.456213e-01  1.500000e-07
 12  25  0  0  0  3  2.238025e-01  1.500000e-07
 2  43  0  0  0  3  1.559197e-01  1.500000e-07
 12  23  0  0  0  3  2.878237e-01  1.500000e-07
 26  38  1  0  0  3  2.099952e-01  1.500000e-07
 39  19  0  0  0  3  1.940038e-01  1.500000e-07
 27  42  0  0  0  3  4.984194e-01  1.500000e-07
 45  24  0  0  0  3  1.236766e-01  1.500000e-07
 26  41  0  0  0  3  1.925723e-01  1.500000e-07
 36  6  0  0  0  3  2.066326e-01  1.500000e-07
 48  15  0  0  0  3  1.718934e-01  1.500000e-07
 34  11  0  0  0  3  1.820778e-01  1.500000e-07
 32  42  0  1  0  3  3.583812e-01  1.500000e-07
 16  24  0  0  0  3  1.111712e-01  1.500000e-07
 0  34  0  0  0  3  2.165073e-01  1.500000e-07
 40  20  0  0  0  3  2.811443e-01  1.500000e-07
 1  39  1  0  0  3  2.379366e-01  1.500000e-07
 38  19  0  0  0  3  1.959333e-01  1.500000e-07
 1  42  0  1  0  3  2.932243e-01  1.500000e-07
 45  24  0  0  0  3  1.519619e-01  1.500000e-07
 0  40  0  0  0  3  1.329733e-01  1.500000e-07
 16  9  0  0  0  3  1.414971e-01  1.500000e-07
 30  42  0  0  0  3  3.784326e-01  1.500000e-07
 45  24  0  0  0  3  1.601946e-01  1.500000e-07
 3  43  0  0  0  3  1.900414e-01  1.500000e-07
 12  23  0  0  0  3  2.704385e-01  1.500000e-07
 31  34  0  0  0  3  4.109101e-01  1.500000e-07
 15  20  0  0  0  3  1.573062e-01  1.500000e-07
 2  36  0  0  0  3  1.929539e-01  1.500000e-07
 41  19  1  0  0  3  2.881167e-01  1.500000e-07
 0  40  0  0  0  3  1.270236e-01  1.500000e-07
 16  8  0  0  0  3  1.556973e-01  1.500000e-07
 1  41  0  0  0  3  2.211288e-01  1.500000e-07
 36  6  0  0  0  3  2.114932e-01  1.500000e-07
 3  37  0  0  0  3  1.816824e-01  1.500000e-07
 43  25  0  0  0  3  2.273513e-01  1.500000e-07
 2  43  0  0  0  3  1.304157e-01  1.500000e-07
 37  5  0  0  0  3  2.615646e-01  1.500000e-07
 3  43  0  0  0  3  1.757619e-01  1.500000e-07
 37  5  0  0  0  3  2.717493e-01  1.500000e-07
 2  37  0  0  0  3  1.254080e-01  1.500000e-07
 43  25  0  0  0  3  2.035706e-01  1.500000e-07
 49  16  0  1  0  3  2.252210e-01  1.500000e-07
 40  9  0  0  0  3  1.325063e-01  1.500000e-07
 31  34  0  0  0  3  3.920560e-01  1.500000e-07
 15  11  0  0  0  3  1.369376e-01  1.500000e-07
 1  34  1  1  0  3  3.486208e-01  1.500000e-07
 40  20  0  0  0  3  2.459111e-01  1.500000e-07
 30  44  0  0  0  3  2.864299e-01  1.500000e-07
 34  18  0  0  0  3  1.880405e-01  1.500000e-07
 48  14  0  0  0  3  1.914797e-01  1.500000e-07
 15  23  0  0  0  3  3.208321e-01  1.500000e-07
 0  40  0  0  0  3  2.018217e-01  1.500000e-07
 34  6 -1 -1  0  3  3.553456e-01  1.500000e-07
 48  39  0  0  0  3  2.665859e-01  1.500000e-07
 10  9  0  1  0  3  2.536211e-01  1.500000e-07
 3  44  0  0  0  3  2.942644e-01  1.500000e-07
 14  11  0  0  0  3  2.647286e-01  1.500000e-07
 0  39  0 -1  0  3  1.731772e-01  1.500000e-07
 38  19  0  0  0  3  2.625244e-01  1.500000e-07
 49  16  0  1  0  3  2.408194e-01  1.500000e-07
 42  24  0  0  0  3  1.270291e-01  1.500000e-07
 34  15  0  0  0  2  2.330730e-01  2.000000e-08
 34  14  0  0  0  2  3.512688e-01  2.000000e-08
 34  39  0 -1  0  2  4.860001e-01  2.000000e-08
 34  44  0  0  0  2  2.672967e-01  2.000000e-08
 34  13 -1  0  0  2  1.297222e-01  2.000000e-08
 34  16  0  0  0  2  4.882740e-01  2.000000e-08
 34  40  0  0  0  2  3.782987e-01  2.000000e-08
 34  45 -1  0  0  2  5.350432e-01  2.000000e-08
 34  10  0  0  0  2  4.139057e-01  2.000000e-08
 34  36 -1 -1  0  2  6.045683e-01  2.000000e-08
 34  36 -1  0  0  2  4.525926e-01  2.000000e-08
 34  47  0  0  0  2  3.980557e-01  2.000000e-08
 34  46 -1  0  0  2  2.667603e-01  2.000000e-08
 34  41 -1 -1  0  2  5.613674e-01  2.000000e-08
 12  43  0  0  0  2  1.176844e-01  2.000000e-08
 12  14  0  0  0  2  3.156579e-01  2.000000e-08
 12  17  0  0  0  2  1.298706e-01  2.000000e-08
 12  17  0  0  0  2  1.298706e-01  2.000000e-08
 12  44  0  0  0  2  4.221198e-01  2.000000e-08
 12  42  0  1  0  2  4.115410e-01  2.000000e-08
 12  13  0  0  0  2  5.748045e-01  2.000000e-08
 12  13  0  1  0  2  6.558827e-01  2.000000e-08
 12  16  0  1  0  2  2.982474e-01  2.000000e-08
 12  16  0  1  0  2  2.982474e-01  2.000000e-08
 12  40  0  1  0  2  4.156026e-01  2.000000e-08
 12  38  1  0  0  2  4.591766e-01  2.000000e-08
 12  45  0  0  0  2  5.326193e-01  2.000000e-08
 12  45  0  1  0  2  4.705332e-01  2.000000e-08
 12  36  0  0  0  2  3.147195e-01  2.000000e-08
 12  47  0  1  0  2  4.568264e-01  2.000000e-08
 15  14  0  0  0  2  1.736783e-01  2.000000e-08
 15  17  0  0  0  2  5.840881e-01  2.000000e-08
 15  39  0 -1  0  2  7.031554e-01  2.000000e-08
 15  39  0  0  0  2  3.262412e-01  2.000000e-08
 15  44  0  0  0  2  1.845101e-01  2.000000e-08
 15  13 -1  0  0  2  3.307328e-01  2.000000e-08
 15  16  0  0  0  2  5.886437e-01  2.000000e-08
 15  16  0  1  0  2  5.448032e-01  2.000000e-08
 15  38  0  0  0  2  2.520447e-01  2.000000e-08
 15  10  0  0  0  2  2.389680e-01  2.000000e-08
 15  47  0  0  0  2  4.416310e-01  2.000000e-08
 15  46 -1  0  0  2  3.486010e-01  2.000000e-08
 15  37 -1  0  0  2  5.200752e-01  2.000000e-08
 15  37  0  0  0  2  4.843291e-01  2.000000e-08
 43  14  0  0  0  2  2.767946e-01  2.000000e-08
 43  17  0  0  0  2  2.246616e-01  2.000000e-08
 43  44  0  0  0  2  3.589876e-01  2.000000e-08
 43  42  0  0  0  2  4.735151e-01  2.000000e-08
 43  13  0  0  0  2  4.728989e-01  2.000000e-08
 43  16  0  1  0  2  4.120512e-01  2.000000e-08
 43  38  1  0  0  2  4.511254e-01  2.000000e-08
 43  45  0  0  0  2  4.205998e-01  2.000000e-08
 43  41  0  0  0  2  3.239904e-01  2.000000e-08
 43  37  0  0  0  2  7.048929e-02  2.000000e-08
 14  17  0  0  0  2  4.439824e-01  2.000000e-08
 14  44  0  0  0  2  1.231181e-01  2.000000e-08
 14  44  0  0  0  2  1.231181e-01  2.000000e-08
 14  13 -1  0  0  2  4.719708e-01  2.000000e-08
 14  16  0  1  0  2  4.784108e-01  2.000000e-08
 14  40  0  1  0  2  4.640407e-01  2.000000e-08
 14  38  0  0  0  2  3.691927e-01  2.000000e-08
 14  45  0  0  0  2  3.785263e-01  2.000000e-08
 14  36 -1  0  0  2  4.930574e-01  2.000000e-08
 14  47  0  0  0  2  3.702050e-01  2.000000e-08
 14  47  0  1  0  2  6.480710e-01  2.000000e-08
 14  37  0  0  0  2  3.111933e-01  2.000000e-08
 17  44  0  0  0  2  5.519809e-01  2.000000e-08
 17  42  0  1  0  2  3.182560e-01  2.000000e-08
 17  13  0  1  0  2  5.266732e-01  2.000000e-08
 17  16  0  1  0  2  2.751706e-01  2.000000e-08
 17  40  0  1  0  2  4.398227e-01  2.000000e-08
 17  38  1  0  0  2  3.918836e-01  2.000000e-08
 17  45  0  1  0  2  3.859383e-01  2.000000e-08
 17  36  0  0  0  2  2.566443e-01  2.000000e-08
 17  46  0  0  0  2  4.312598e-01  2.000000e-08
 17  46  0  1  0  2  6.269075e-01  2.000000e-08
 17  41  0  0  0  2  2.310739e-01  2.000000e-08
 17  37  0  0  0  2  2.693674e-01  2.000000e-08
 39  13 -1  1  0  2  4.731111e-01  2.000000e-08
 39  16  0  1  0  2  4.156259e-01  2.000000e-08
 39  40  0  1  0  2  2.429155e-01  2.000000e-08
 39  38  0  0  0  2  9.166789e-02  2.000000e-08
 39  10  0  0  0  2  1.008975e-01  2.000000e-08
 39  36 -1  0  0  2  1.869637e-01  2.000000e-08
 39  47  0  1  0  2  5.100043e-01  2.000000e-08
 39  46 -1  1  0  2  6.540025e-01  2.000000e-08
 39  41 -1  0  0  2  1.776265e-01  2.000000e-08
 44  16  0  0  0  2  4.284745e-01  2.000000e-08
 44  16  0  1  0  2  6.014597e-01  2.000000e-08
 44  40  0  0  0  2  4.323891e-01  2.000000e-08
 44  40  0  1  0  2  5.775361e-01  2.000000e-08
 44  45  0  0  0  2  3.038473e-01  2.000000e-08
 44  10  0  0  0  2  4.163871e-01  2.000000e-08
 44  36 -1  0  0  2  5.310984e-01  2.000000e-08
 44  36  0  0  0  2  6.654267e-01  2.000000e-08
 44  47  0  0  0  2  2.675126e-01  2.000000e-08
 44  47  0  0  0  2  2.675126e-01  2.000000e-08
 44  46  0  0  0  2  5.167362e-01  2.000000e-08
 44  37  0  0  0  2  3.733505e-01  2.000000e-08
 42  13  0  0  0  2  3.777695e-01  2.000000e-08
 42  16  0  0  0  2  2.126321e-01  2.000000e-08
 42  40  0  0  0  2  3.798291e-01  2.000000e-08
 42  45  0  0  0  2  7.330564e-02  2.000000e-08
 42  45  0  0  0  2  7.330564e-02  2.000000e-08
 42  47  0  0  0  2  1.525057e-01  2.000000e-08
 42  46  0  0  0  2  3.821118e-01  2.000000e-08
 42  41  0 -1  0  2  4.719228e-01  2.000000e-08
 42  37  0  0  0  2  4.263600e-01  2.000000e-08
 13  40  1  0  0  2  4.324841e-01  2.000000e-08
 13  38  1 -1  0  2  5.574496e-01  2.000000e-08
 13  38  1  0  0  2  4.631997e-01  2.000000e-08
 13  45  0  0  0  2  4.053331e-01  2.000000e-08
 13  36  0 -1  0  2  5.540579e-01  2.000000e-08
 13  36  0  0  0  2  4.496367e-01  2.000000e-08
 13  47  1  0  0  2  5.110391e-01  2.000000e-08
 13  46  0  0  0  2  1.891837e-01  2.000000e-08
 13  46  0  0  0  2  1.891837e-01  2.000000e-08
 13  41  0 -1  0  2  5.066878e-01  2.000000e-08
 13  37  0  0  0  2  4.024760e-01  2.000000e-08
 16  38  0 -1  0  2  4.737861e-01  2.000000e-08
 16  45  0  0  0  2  2.326620e-01  2.000000e-08
 16  10  0 -1  0  2  4.729186e-01  2.000000e-08
 16  47  0  0  0  2  1.721796e-01  2.000000e-08
 40  38  0 -1  0  2  3.184641e-01  2.000000e-08
 40  45  0  0  0  2  3.708642e-01  2.000000e-08
 40  10  0 -1  0  2  3.214865e-01  2.000000e-08
 40  36 -1 -1  0  2  4.286267e-01  2.000000e-08
 40  47  0  0  0  2  2.676665e-01  2.000000e-08
 38  10  0  0  0  2  1.317120e-02  2.000000e-08
 38  36 -1  0  0  2  1.445277e-01  2.000000e-08
 38  47  0  1  0  2  5.855194e-01  2.000000e-08
 38  46 -1  0  0  2  3.626458e-01  2.000000e-08
 38  41 -1  0  0  2  1.608620e-01  2.000000e-08
 38  37 -1  0  0  2  4.231149e-01  2.000000e-08
 45  36  0 -1  0  2  5.897174e-01  2.000000e-08
 45  36  0  0  0  2  6.364144e-01  2.000000e-08
 45  47  0  0  0  2  1.111760e-01  2.000000e-08
 45  47  0  0  0  2  1.111760e-01  2.000000e-08
 45  46  0  0  0  2  3.740611e-01  2.000000e-08
 45  41  0 -1  0  2  5.452233e-01  2.000000e-08
 45  37  0  0  0  2  3.804972e-01  2.000000e-08
 10  36 -1  0  0  2  1.526486e-01  2.000000e-08
 10  46 -1  0  0  2  3.590099e-01  2.000000e-08
 10  41 -1  0  0  2  1.716529e-01  2.000000e-08
 36  43  0  0  0  2  3.122814e-01  2.000000e-08
 36  46  0  0  0  2  2.990155e-01  2.000000e-08
 36  41  0  0  0  2  4.955784e-02  2.000000e-08
 36  37  0  0  0  2  2.939052e-01  2.000000e-08
 47  46  0  0  0  2  4.797489e-01  2.000000e-08
 47  37  0  0  0  2  4.543621e-01  2.000000e-08
 46  41  0 -1  0  2  6.618270e-01  2.000000e-08
 46  41  0  0  0  2  3.447586e-01  2.000000e-08
 46  37  0  0  0  2  2.194144e-01  2.000000e-08
 41  37  0  0  0  2  3.159665e-01  2.000000e-08
 34  44  0  0  0  1  2.672967e-01  1.000000e-08
 34  13 -1  0  0  1  1.297222e-01  1.000000e-08
 34  40  0  0  0  1  3.782987e-01  1.000000e-08
 34  47  0  0  0  1  3.980557e-01  1.000000e-08
 34  46 -1  0  0  1  2.667603e-01  1.000000e-08
 12  43  0  0  0  1  1.176844e-01  1.000000e-08
 12  14  0  0  0  1  3.156579e-01  1.000000e-08
 12  17  0  0  0  1  1.298706e-01  1.000000e-08
 12  16  0  1  0  1  2.982474e-01  1.000000e-08
 15  14  0  0  0  1  1.736783e-01  1.000000e-08
 15  44  0  0  0  1  1.845101e-01  1.000000e-08
 15  10  0  0  0  1  2.389680e-01  1.000000e-08
 15  46 -1  0  0  1  3.486010e-01  1.000000e-08
 43  14  0  0  0  1  2.767946e-01  1.000000e-08
 43  17  0  0  0  1  2.246616e-01  1.000000e-08
 43  36  0  0  0  1  3.122814e-01  1.000000e-08
 43  37  0  0  0  1  7.048929e-02  1.000000e-08
 14  44  0  0  0  1  1.231181e-01  1.000000e-08
 14  40  0  1  0  1  4.640407e-01  1.000000e-08
 17  42  0  1  0  1  3.182560e-01  1.000000e-08
 17  13  0  1  0  1  5.266732e-01  1.000000e-08
 17  16  0  1  0  1  2.751706e-01  1.000000e-08
 17  36  0  0  0  1  2.566443e-01  1.000000e-08
 17  41  0  0  0  1  2.310739e-01  1.000000e-08
 39  13 -1  1  0  1  4.731111e-01  1.000000e-08
 39  40  0  1  0  1  2.429155e-01  1.000000e-08
 39  38  0  0  0  1  9.166789e-02  1.000000e-08
 39  10  0  0  0  1  1.008975e-01  1.000000e-08
 44  45  0  0  0  1  3.038473e-01  1.000000e-08
 44  47  0  0  0  1  2.675126e-01  1.000000e-08
 44  37  0  0  0  1  3.733505e-01  1.000000e-08
 42  13  0  0  0  1  3.777695e-01  1.000000e-08
 42  16  0  0  0  1  2.126321e-01  1.000000e-08
 42  45  0  0  0  1  7.330564e-02  1.000000e-08
 42  46  0  0  0  1  3.821118e-01  1.000000e-08
 13  40  1  0  0  1  4.324841e-01  1.000000e-08
 13  46  0  0  0  1  1.891837e-01  1.000000e-08
 13  41  0 -1  0  1  5.066878e-01  1.000000e-08
 16  40  0  0  0  1  1.919173e-01  1.000000e-08
 16  47  0  0  0  1  1.721796e-01  1.000000e-08
 40  12  0 -1  0  1  4.156026e-01  1.000000e-08
 40  10  0 -1  0  1  3.214865e-01  1.000000e-08
 40  47  0  0  0  1  2.676665e-01  1.000000e-08
 38  36 -1  0  0  1  1.445277e-01  1.000000e-08
 38  41 -1  0  0  1  1.608620e-01  1.000000e-08
 45  47  0  0  0  1  1.111760e-01  1.000000e-08
 45  46  0  0  0  1  3.740611e-01  1.000000e-08
 45  37  0  0  0  1  3.804972e-01  1.000000e-08
 10  36 -1  0  0  1  1.526486e-01  1.000000e-08
 36  37  0  0  0  1  2.939052e-01  1.000000e-08
 46  10  1  0  0  1  3.590099e-01  1.000000e-08
 46  37  0  0  0  1  2.194144e-01  1.000000e-08
 41  39  1  0  0  1  1.776265e-01  1.000000e-08
-2.586255e-01 -4.231759e-01  1.099037e-01
 4.657616e-01  4.702420e-01  2.023226e-01
 2.230979e-01  1.319718e-01  1.115774e-01
 1.127062e-01  6.926651e-02  1.447377e-01
-1.787673e-01 -2.319857e-01 -3.707070e-01
 1.483532e-01  3.206401e-01 -2.237822e-01
 2.929719e-01  4.452460e-01 -1.935065e-01
 2.150409e-01  2.816524e-01 -4.184651e-01
-1.184854e-01 -4.444968e-01 -1.347129e-01
-1.053515e-01 -4.426468e-01 -1.169487e-01
-4.315761e-01  2.779402e-01  0
-3.507492e-01 -7.934714e-02 -1.302101e-01
 1.011882e-01  2.865624e-01  0
 4.586823e-01 -1.635467e-01  0
-1.360230e-01  7.830584e-02  0
-3.096025e-01  7.244531e-02  0
-4.307169e-02 -4.524001e-01  0
 1.815183e-01  3.886087e-01  0
-3.131609e-01 -1.235218e-01 -1.626121e-01
-4.122814e-01  2.772111e-01 -1.666063e-01
-4.696285e-01 -4.992172e-02 -1.427149e-01
-4.107667e-01  4.150255e-01 -2.962536e-01
-1.526924e-01 -2.837534e-01 -3.006581e-01
-2.477688e-03  3.445466e-01 -2.059691e-01
 1.634177e-01 -4.183027e-01 -1.048526e-01
 2.400255e-01  2.811984e-01 -1.811200e-01
 4.282625e-01  4.091870e-01  1.803394e-01
 1.873531e-01 -8.926131e-02  4.225583e-01
 2.615393e-01  1.760159e-01  3.286595e-01
 8.826498e-02  3.209976e-01  4.383803e-01
-7.729099e-02 -8.983999e-02  2.476965e-01
-3.264825e-01 -2.413073e-01  3.727951e-01
 5.854848e-02  4.661435e-01  3.380122e-01
-4.407848e-01 -4.574580e-01 -4.185083e-01
-4.146374e-01 -1.356188e-01  0
 3.658149e-01 -3.941922e-01  3.981663e-01
 4.158977e-01  2.840498e-01  0
 1.724458e-01  1.193942e-01  0
-4.396388e-01  2.883552e-01  0
-4.227197e-01  3.784482e-01  0
-2.343385e-01 -4.681880e-01  0
 4.056877e-01  3.325445e-01  0
 1.071754e-01 -3.019401e-01  0
 1.247001e-01  1.712506e-01  0
-1.644660e-01 -4.148179e-02  0
 6.153149e-02 -2.445786e-01  0
 3.511764e-01 -7.877299e-03  0
-4.377591e-02 -2.802220e-01  0
-3.533953e-01  1.680598e-01  1.229269e-01
 1.333031e-02  4.381881e-01  1.987777e-01