 722  90  1.200000e-05  89 -2 -2
 77  2  0  0  0  3  4.022618e-01  1.000000e-07
 77  6  0  0  0  3  3.656998e-01  1.000000e-07
 77  35  0  0  0  3  3.529400e-01  1.000000e-07
 77  0  0 -1  0  3  4.272083e-01  1.000000e-07
 77  10  1 -1  0  3  5.774167e-01  1.000000e-07
 77  26  0  0  0  3  2.658994e-01  1.000000e-07
 77  7  0 -1  0  3  4.000644e-01  1.000000e-07
 25  9  1  0  0  3  5.561534e-01  1.000000e-07
 25  2  0  0  0  3  6.077253e-01  1.000000e-07
 25  34  0  0  0  3  3.879815e-01  1.000000e-07
 25  0  0  0  0  3  6.378430e-01  1.000000e-07
 25  26  0  0  0  3  1.870923e-01  1.000000e-07
 25  7  0  0  0  3  3.549570e-01  1.000000e-07
 25  15  0  0  1  3  3.584010e-01  1.000000e-07
 25  30  1  0  1  3  3.813203e-01  1.000000e-07
 25  14  0  0  1  3  4.629932e-01  1.000000e-07
 5  8  0  0  0  3  9.789856e-02  1.000000e-07
 5  9  0  0  0  3  2.992475e-01  1.000000e-07
 5  34  0  0  0  3  4.021090e-01  1.000000e-07
 5  27  0  1  0  3  2.515562e-01  1.000000e-07
 5  7  0  0  0  3  3.715395e-01  1.000000e-07
 5  33  0  1  1  3  3.309910e-01  1.000000e-07
 5  28  0  0  1  3  3.733764e-01  1.000000e-07
 5  31  0  0  1  3  4.815885e-01  1.000000e-07
 5  32  0  1  1  3  3.033735e-01  1.000000e-07
 8  9  0  0  0  3  2.541931e-01  1.000000e-07
 8  1  0  0  0  3  1.921121e-01  1.000000e-07
 8  34  0  0  0  3  4.028365e-01  1.000000e-07
 8  0  0  0  0  3  2.633807e-01  1.000000e-07
 8  10  0  0  0  3  2.689477e-01  1.000000e-07
 8  3  0  1  0  3  2.523403e-01  1.000000e-07
 8  27  0  1  0  3  2.540321e-01  1.000000e-07
 8  31  0  0  1  3  4.920655e-01  1.000000e-07
 9  2  0  0  0  3  5.460722e-01  1.000000e-07
 9  1  0  0  0  3  2.859595e-01  1.000000e-07
 9  6 -1  0  0  3  5.600493e-01  1.000000e-07
 9  27  0  1  0  3  4.038459e-01  1.000000e-07
 9  7 -1  0  0  3  4.147572e-01  1.000000e-07
 9  30  0  0  1  3  5.038396e-01  1.000000e-07
 2  34  0  0  0  3  6.736638e-01  1.000000e-07
 2  35  0  0  0  3  6.126176e-01  1.000000e-07
 2  3  0  0  0  3  1.779559e-01  1.000000e-07
 2  4  0  0  0  3  1.144844e-01  1.000000e-07
 2  27  0  0  0  3  2.944576e-01  1.000000e-07
 1  37  0  0  0  3  2.090789e-01  1.000000e-07
 1  10  0  0  0  3  1.602221e-01  1.000000e-07
 1  3  0  1  0  3  1.313748e-01  1.000000e-07
 1  27  0  1  0  3  2.866876e-01  1.000000e-07
 34  10  1  0  0  3  4.685585e-01  1.000000e-07
 34  7  0  0  0  3  2.414504e-01  1.000000e-07
 6  35  0  0  0  3  9.904779e-02  1.000000e-07
 6  10  1 -1  0  3  5.724107e-01  1.000000e-07
 6  26  0  0  0  3  1.693138e-01  1.000000e-07
 6  11  1  0  0  3  3.809086e-01  1.000000e-07
 6  7  0 -1  0  3  5.694135e-01  1.000000e-07
 6  29  0 -1  1  3  5.083508e-01  1.000000e-07
 6  30  1  0  1  3  3.650898e-01  1.000000e-07
 37  3  0  1  0  3  3.154727e-01  1.000000e-07
 37  4  0  1  0  3  4.076858e-01  1.000000e-07
 37  11  0  0  0  3  4.100075e-01  1.000000e-07
 37  7 -1  0  0  3  4.753061e-01  1.000000e-07
 35  4  0  0  0  3  5.781239e-01  1.000000e-07
 35  7  0 -1  0  3  5.844353e-01  1.000000e-07
 0  10  0  0  0  3  2.817555e-01  1.000000e-07
 0  4  0  0  0  3  6.070233e-01  1.000000e-07
 0  4  0  1  0  3  3.940975e-01  1.000000e-07
 0  11  0  0  0  3  4.498503e-01  1.000000e-07
 0  31  0  0  1  3  5.641302e-01  1.000000e-07
 10  27  0  1  0  3  3.439533e-01  1.000000e-07
 10  7 -1  0  0  3  3.475106e-01  1.000000e-07
 3  10  0 -1  0  3  2.687581e-01  1.000000e-07
 3  4  0  0  0  3  1.310343e-01  1.000000e-07
 3  27  0  0  0  3  2.488542e-01  1.000000e-07
 4  26  0  0  0  3  4.874157e-01  1.000000e-07
 4  11  0  0  0  3  2.671889e-01  1.000000e-07
 26  7  0 -1  0  3  4.992503e-01  1.000000e-07
 26  19  0  0  1  3  2.720129e-01  1.000000e-07
 26  30  1  0  1  3  4.389507e-01  1.000000e-07
 26  32  0  0  1  3  2.196299e-01  1.000000e-07
 26  14  0  0  1  3  4.016023e-01  1.000000e-07
 11  7 -1  0  0  3  5.698770e-01  1.000000e-07
 11  30  0  0  1  3  5.083606e-01  1.000000e-07
 11  31  0  0  1  3  5.176852e-01  1.000000e-07
 27  16  0  0  1  3  1.658114e-01  1.000000e-07
 27  19  0  0  1  3  2.919233e-01  1.000000e-07
 7  32  0  1  1  3  4.331336e-01  1.000000e-07
 33  16  0  0  0  3  1.814913e-01  1.000000e-07
 33  18  0  0  0  3  1.818848e-01  1.000000e-07
 33  15  0  0  0  3  1.367864e-01  1.000000e-07
 33  17  0  0  0  3  3.864825e-01  1.000000e-07
 33  19  0  0  0  3  1.960829e-01  1.000000e-07
 33  23  0 -1  0  3  2.854383e-01  1.000000e-07
 33  21  0 -1  0  3  3.034285e-01  1.000000e-07
 33  32  0  0  0  3  1.405295e-01  1.000000e-07
 16  18  0  0  0  3  3.068086e-01  1.000000e-07
 16  17  0  0  0  3  3.181046e-01  1.000000e-07
 16  20  0  0  0  3  3.174834e-01  1.000000e-07
 16  19  0  0  0  3  1.533632e-01  1.000000e-07
 16  30  0  0  0  3  3.324958e-01  1.000000e-07
 16  31  0  0  0  3  2.627396e-01  1.000000e-07
 16  32  0  0  0  3  2.705851e-01  1.000000e-07
 28  12  0  0  0  3  2.031081e-01  1.000000e-07
 28  17  0  1  0  3  4.996555e-01  1.000000e-07
 28  29 -1  0  0  3  3.741675e-01  1.000000e-07
 28  23  0  0  0  3  3.939954e-01  1.000000e-07
 28  36  0  0  0  3  3.188674e-01  1.000000e-07
 28  13  0  0  0  3  3.929459e-01  1.000000e-07
 28  21  0  0  0  3  4.247332e-01  1.000000e-07
 28  31  0  0  0  3  2.947252e-01  1.000000e-07
 18  17  0  0  0  3  4.135214e-01  1.000000e-07
 18  20  0  0  0  3  4.273806e-01  1.000000e-07
 18  19  0  0  0  3  2.433849e-01  1.000000e-07
 18  23  0 -1  0  3  2.916363e-01  1.000000e-07
 18  36  0  0  0  3  5.089233e-01  1.000000e-07
 18  22  0  0  0  3  7.257184e-02  1.000000e-07
 18  31  0  0  0  3  3.954237e-01  1.000000e-07
 15  19  0  0  0  3  2.142740e-01  1.000000e-07
 15  23  0 -1  0  3  3.104596e-01  1.000000e-07
 15  30  1  0  0  3  4.456208e-01  1.000000e-07
 15  76  0  0  0  3  3.376956e-01  1.000000e-07
 15  22  0  0  0  3  1.361692e-01  1.000000e-07
 15  21  0 -1  0  3  3.175274e-01  1.000000e-07
 15  32  0  0  0  3  1.328319e-01  1.000000e-07
 12  29 -1  0  0  3  2.431706e-01  1.000000e-07
 12  36  0  0  0  3  2.882915e-01  1.000000e-07
 12  30  0  0  0  3  4.488540e-01  1.000000e-07
 12  76 -1  1  0  3  4.187559e-01  1.000000e-07
 12  31  0  0  0  3  4.034372e-01  1.000000e-07
 12  24 -1  0  0  3  3.683388e-01  1.000000e-07
 17  20  0  0  0  3  3.322734e-02  1.000000e-07
 17  19  0  0  0  3  4.009971e-01  1.000000e-07
 17  36  0  0  0  3  2.689330e-01  1.000000e-07
 17  30  0  0  0  3  2.165449e-01  1.000000e-07
 17  76 -1  0  0  3  3.077268e-01  1.000000e-07
 29  30  1  1  0  3  4.183678e-01  1.000000e-07
 29  76  0  1  0  3  3.349427e-01  1.000000e-07
 29  21  0  0  0  3  2.772530e-01  1.000000e-07
 29  24  0  0  0  3  3.733532e-01  1.000000e-07
 29  32  0  1  0  3  3.797488e-01  1.000000e-07
 29  14  0  1  0  3  2.070520e-01  1.000000e-07
 20  19  0  0  0  3  3.985987e-01  1.000000e-07
 20  36  0  0  0  3  2.445076e-01  1.000000e-07
 20  30  0  0  0  3  1.888412e-01  1.000000e-07
 20  76 -1  0  0  3  3.109893e-01  1.000000e-07
 20  31  0  0  0  3  3.497061e-01  1.000000e-07
 20  14 -1  0  0  3  3.321567e-01  1.000000e-07
 19  22  0  0  0  3  2.405968e-01  1.000000e-07
 23  13  0  0  0  3  2.079440e-01  1.000000e-07
 23  14  0  1  0  3  3.730126e-01  1.000000e-07
 36  13  0  0  0  3  5.257663e-01  1.000000e-07
 76  13  0 -1  0  3  4.582628e-01  1.000000e-07
 76  22  0  0  0  3  3.377572e-01  1.000000e-07
 76  24  0 -1  0  3  4.302824e-01  1.000000e-07
 13  22  0  0  0  3  4.707685e-01  1.000000e-07
 13  21  0  0  0  3  2.748567e-01  1.000000e-07
 13  31  0  0  0  3  4.712135e-01  1.000000e-07
 13  24  0  0  0  3  1.238023e-01  1.000000e-07
 22  31  0  0  0  3  3.886193e-01  1.000000e-07
 22  24  0  0  0  3  4.396937e-01  1.000000e-07
 22  14  0  0  0  3  3.406390e-01  1.000000e-07
 21  31  0  0  0  3  5.203581e-01  1.000000e-07
 21  24  0  0  0  3  2.411869e-01  1.000000e-07
 21  32  0  1  0  3  2.566624e-01  1.000000e-07
 21  14  0  1  0  3  2.986837e-01  1.000000e-07
 31  24  0  0  0  3  4.933521e-01  1.000000e-07
 24  14  0  1  0  3  4.160099e-01  1.000000e-07
 32  14  0  0  0  3  3.011140e-01  1.000000e-07
 37  69  0  0  0  3  2.597409e-01  1.000000e-07
 75  76 -1  1  0  3  2.528079e-01  1.000000e-07
 77  68  0  0  0  3  3.068665e-01  1.000000e-07
 64  76  0  0  0  3  1.538299e-01  1.000000e-07
 34  66  0  0  0  3  3.177259e-01  1.000000e-07
 41  76  0  1  0  3  2.084188e-01  1.000000e-07
 37  81  0  0  0  3  2.266491e-01  1.000000e-07
 80  23  0  0  0  3  2.515614e-01  1.000000e-07
 34  74  0  0  0  3  2.330189e-01  1.000000e-07
 67  12  1  0  0  3  3.319686e-01  1.000000e-07
 37  78  0  0  0  3  1.316296e-01  1.000000e-07
 75  12  0  0  0  3  2.782437e-01  1.000000e-07
 35  85  0  0  0  3  3.652144e-01  1.000000e-07
 63  24  0  0  0  3  2.233011e-01  1.000000e-07
 35  83  1  0  0  3  3.510479e-01  1.000000e-07
 72  36  0  0  0  3  1.967700e-01  1.000000e-07
 34  85  0  0  0  3  3.193577e-01  1.000000e-07
 67  36  1  0  0  3  2.668369e-01  1.000000e-07
 3  81  0 -1  0  3  2.796230e-01  1.000000e-07
 79  23  0  0  0  3  1.820286e-01  1.000000e-07
 37  86  0  0  0  3  1.781653e-01  1.000000e-07
 73  36  0  0  0  3  2.208806e-01  1.000000e-07
 77  43  0 -1  0  3  2.562262e-01  1.000000e-07
 66  23  0  0  0  3  1.464720e-01  1.000000e-07
 0  81  0  0  0  3  2.021825e-01  1.000000e-07
 79  13  0  0  0  3  1.653311e-01  1.000000e-07
 4  84  0  0  0  3  2.127495e-01  1.000000e-07
 70  36  0  0  0  3  2.465942e-01  1.000000e-07
 2  71  0  0  0  3  3.032982e-01  1.000000e-07
 65  76 -1  0  0  3  1.851796e-01  1.000000e-07
 35  82  0  0  0  3  3.001709e-01  1.000000e-07
 64  22  0  0  0  3  2.332673e-01  1.000000e-07
 11  71  0  0  0  3  2.481136e-01  1.000000e-07
 83  76 -1  0  0  3  2.011112e-01  1.000000e-07
 3  71  0  0  0  3  3.283709e-01  1.000000e-07
 65  76 -1  0  0  3  1.874527e-01  1.000000e-07
 11  83  0  0  0  3  1.601838e-01  1.000000e-07
 72  36  0  0  0  3  1.653821e-01  1.000000e-07
 35  68  0  0  0  3  3.241330e-01  1.000000e-07
 58  76  0  0  0  3  1.426368e-01  1.000000e-07
 1  65  0  1  0  3  3.561065e-01  1.000000e-07
 71  76 -1  0  0  3  1.799982e-01  1.000000e-07
 70  40  0  0  0  2  2.064163e-01  2.000000e-07
 70  62  0  0  0  2  1.692697e-01  2.000000e-07
 70  55  0  0  0  2  2.666637e-01  2.000000e-07
 70  64  0  0  0  2  3.903206e-01  2.000000e-07
 70  56  0  0  0  2  2.525322e-01  2.000000e-07
 70  71  0  0  0  2  2.465986e-01  2.000000e-07
 70  44  0 -1  0  2  6.314197e-01  2.000000e-07
 70  87  0  0  0  2  2.984309e-01  2.000000e-07
 70  79  0 -1  0  2  5.943336e-01  2.000000e-07
 70  88  0  0  0  2  1.088058e-01  2.000000e-07
 70  65  0  0  0  2  2.848571e-01  2.000000e-07
 70  51  0  0  0  2  1.274921e-01  2.000000e-07
 70  84  0  0  0  2  1.840375e-01  2.000000e-07
 70  89  0  0  0  2  2.234588e-01  2.000000e-07
 70  72  0  0  0  2  3.076087e-01  2.000000e-07
 70  86  0  0  0  2  3.400636e-01  2.000000e-07
 70  39  0  0  0  2  2.502938e-01  2.000000e-07
 70  60  0  0  0  2  2.022732e-01  2.000000e-07
 70  52  0  0  0  2  1.758109e-01  2.000000e-07
 70  50  0  0  0  2  2.001714e-01  2.000000e-07
 70  49  0  0  0  2  1.755105e-01  2.000000e-07
 70  38  0  0  0  2  2.856791e-01  2.000000e-07
 63  54  0  0  0  2  9.629234e-02  2.000000e-07
 63  55  0  0  0  2  3.453587e-01  2.000000e-07
 63  87  0  0  0  2  1.925398e-01  2.000000e-07
 63  43  0  0  0  2  2.689672e-01  2.000000e-07
 63  46  0  0  0  2  1.569219e-01  2.000000e-07
 63  42  0  0  0  2  2.438329e-01  2.000000e-07
 63  81  0  0  0  2  3.155388e-01  2.000000e-07
 63  82  0  0  0  2  2.375582e-01  2.000000e-07
 63  53  0  0  0  2  1.090776e-01  2.000000e-07
 63  47  0  0  0  2  2.511386e-01  2.000000e-07
 63  59  0  0  0  2  1.818887e-01  2.000000e-07
 40  62  0  0  0  2  5.422205e-02  2.000000e-07
 40  71  0  0  0  2  9.467221e-02  2.000000e-07
 40  57  0  0  0  2  2.712775e-01  2.000000e-07
 40  79  0 -1  0  2  5.294182e-01  2.000000e-07
 40  65  0  0  0  2  8.381201e-02  2.000000e-07
 40  45 -1 -1  0  2  3.656268e-01  2.000000e-07
 40  80  0 -1  0  2  2.708075e-01  2.000000e-07
 40  60  0  0  0  2  2.813085e-01  2.000000e-07
 40  69  0 -1  0  2  2.774800e-01  2.000000e-07
 54  55  0  0  0  2  3.549241e-01  2.000000e-07
 54  87  0  0  0  2  1.085209e-01  2.000000e-07
 54  43  0  0  0  2  2.655607e-01  2.000000e-07
 54  79  0  0  0  2  1.810682e-01  2.000000e-07
 54  46  0  0  0  2  2.397358e-01  2.000000e-07
 54  42  0  0  0  2  2.510776e-01  2.000000e-07
 54  81  0  0  0  2  2.322591e-01  2.000000e-07
 54  89  0  0  0  2  1.797264e-01  2.000000e-07
 54  74  0  0  0  2  2.078140e-01  2.000000e-07
 54  53  0  0  0  2  1.812505e-01  2.000000e-07
 54  61  0  0  0  2  1.942019e-01  2.000000e-07
 62  71  0  0  0  2  8.480070e-02  2.000000e-07
 62  65  0  0  0  2  1.366551e-01  2.000000e-07
 62  85 -1  0  0  2  5.498134e-01  2.000000e-07
 62  58 -1  0  0  2  3.067844e-01  2.000000e-07
 62  86  0  0  0  2  4.318782e-01  2.000000e-07
 62  74 -1  0  0  2  6.189839e-01  2.000000e-07
 62  53 -1  0  0  2  5.185687e-01  2.000000e-07
 62  39  0  0  0  2  3.171722e-01  2.000000e-07
 62  52  0  0  0  2  2.774344e-02  2.000000e-07
 55  64  0  0  0  2  1.239267e-01  2.000000e-07
 55  64  0  0  0  2  1.239267e-01  2.000000e-07
 55  71  1  0  0  2  5.218047e-01  2.000000e-07
 55  44  0 -1  0  2  4.168868e-01  2.000000e-07
 55  87  0  0  0  2  3.216449e-01  2.000000e-07
 55  57  0  0  0  2  1.887428e-01  2.000000e-07
 55  43  0 -1  0  2  4.305447e-01  2.000000e-07
 55  79  0 -1  0  2  4.910774e-01  2.000000e-07
 55  45  0 -1  0  2  4.681206e-01  2.000000e-07
 55  66  0 -1  0  2  3.642062e-01  2.000000e-07
 55  46  0  0  0  2  2.818016e-01  2.000000e-07
 55  42  0 -1  0  2  4.639927e-01  2.000000e-07
 55  89  0  0  0  2  2.865817e-01  2.000000e-07
 55  82  0  0  0  2  1.100306e-01  2.000000e-07
 55  58  0  0  0  2  3.716264e-01  2.000000e-07
 55  53  0  0  0  2  2.649914e-01  2.000000e-07
 55  47  0  0  0  2  2.731590e-01  2.000000e-07
 55  60  0  0  0  2  1.350359e-01  2.000000e-07
 55  49  0  0  0  2  9.177980e-02  2.000000e-07
 64  56  0  0  0  2  4.795001e-01  2.000000e-07
 64  44  0 -1  0  2  3.519454e-01  2.000000e-07
 64  57  0  0  0  2  2.758954e-01  2.000000e-07
 64  66  0 -1  0  2  2.843070e-01  2.000000e-07
 64  46  0  0  0  2  2.347887e-01  2.000000e-07
 64  51  0  0  0  2  2.653231e-01  2.000000e-07
 64  89  0  0  0  2  3.757200e-01  2.000000e-07
 64  41  0 -1  0  2  3.411023e-01  2.000000e-07
 64  82  0  0  0  2  1.679515e-01  2.000000e-07
 64  58  0  0  0  2  2.535584e-01  2.000000e-07
 64  53  0  0  0  2  2.469362e-01  2.000000e-07
 64  47  0  0  0  2  1.874353e-01  2.000000e-07
 64  68  0  0  0  2  1.738712e-01  2.000000e-07
 64  50  0  0  0  2  1.914166e-01  2.000000e-07
 64  59  0 -1  0  2  4.724648e-01  2.000000e-07
 56  44  0 -1  0  2  5.684023e-01  2.000000e-07
 56  57  0  0  0  2  2.079549e-01  2.000000e-07
 56  79  0 -1  0  2  4.242999e-01  2.000000e-07
 56  65  0  0  0  2  8.586959e-02  2.000000e-07
 56  51  0  0  0  2  2.721335e-01  2.000000e-07
 56  81  0 -1  0  2  3.704474e-01  2.000000e-07
 56  48  0  0  0  2  1.255568e-01  2.000000e-07
 56  41 -1 -1  0  2  4.261444e-01  2.000000e-07
 56  73  0 -1  0  2  5.151028e-01  2.000000e-07
 56  58 -1  0  0  2  3.290569e-01  2.000000e-07
 56  86  0 -1  0  2  4.303053e-01  2.000000e-07
 56  80  0 -1  0  2  1.890891e-01  2.000000e-07
 56  75  0 -1  0  2  2.285331e-01  2.000000e-07
 56  69  0 -1  0  2  2.261237e-01  2.000000e-07
 56  52  0  0  0  2  1.253306e-01  2.000000e-07
 56  50  0  0  0  2  3.447078e-01  2.000000e-07
 56  59  0 -1  0  2  5.921842e-01  2.000000e-07
 71  57  0  0  0  2  3.629825e-01  2.000000e-07
 71  65  0  0  0  2  1.376179e-01  2.000000e-07
 71  45 -1 -1  0  2  3.485648e-01  2.000000e-07
 71  46 -1  0  0  2  3.888633e-01  2.000000e-07
 71  84  0  0  0  2  1.180115e-01  2.000000e-07
 71  85 -1  0  0  2  4.977647e-01  2.000000e-07
 71  58 -1  0  0  2  2.304768e-01  2.000000e-07
 71  74 -1  0  0  2  5.751397e-01  2.000000e-07
 71  53 -1  0  0  2  4.501121e-01  2.000000e-07
 71  47 -1  0  0  2  3.066834e-01  2.000000e-07
 71  80  0 -1  0  2  3.302631e-01  2.000000e-07
 71  68 -1  0  0  2  2.361642e-01  2.000000e-07
 71  39  0  0  0  2  3.405609e-01  2.000000e-07
 71  60  0  0  0  2  3.660929e-01  2.000000e-07
 71  69  0 -1  0  2  3.115921e-01  2.000000e-07
 44  57  0  1  0  2  3.999704e-01  2.000000e-07
 44  79  0  0  0  2  2.803385e-01  2.000000e-07
 44  65  1  1  0  2  4.401499e-01  2.000000e-07
 44  45  0  0  0  2  1.504351e-01  2.000000e-07
 44  67  0  0  0  2  2.174650e-01  2.000000e-07
 44  42  0  0  0  2  7.238167e-02  2.000000e-07
 44  41  0  0  0  2  8.708502e-02  2.000000e-07
 44  58  0  1  0  2  2.494035e-01  2.000000e-07
 44  74  0  0  0  2  1.785950e-01  2.000000e-07
 44  75  1  0  0  2  3.384945e-01  2.000000e-07
 44  59  0  0  0  2  1.328213e-01  2.000000e-07
 87  79  0  0  0  2  2.007203e-01  2.000000e-07
 87  88  0  0  0  2  1.908555e-01  2.000000e-07
 87  81  0  0  0  2  2.306052e-01  2.000000e-07
 87  89  0  0  0  2  7.541827e-02  2.000000e-07
 87  82  0  0  0  2  2.253427e-01  2.000000e-07
 87  49  0  0  0  2  2.956767e-01  2.000000e-07
 87  38  0  0  0  2  1.792007e-01  2.000000e-07
 78  79  0  0  0  2  4.310138e-01  2.000000e-07
 78  65  0  1  0  2  2.752901e-01  2.000000e-07
 78  45 -1  0  0  2  2.005525e-01  2.000000e-07
 78  42 -1  0  0  2  3.505672e-01  2.000000e-07
 78  72  0  0  0  2  2.635769e-01  2.000000e-07
 78  86  0  0  0  2  2.299002e-01  2.000000e-07
 78  74 -1  0  0  2  3.281425e-01  2.000000e-07
 78  61 -1  0  0  2  4.388744e-01  2.000000e-07
 78  80  0  0  0  2  1.280316e-01  2.000000e-07
 78  39  0  0  0  2  3.039190e-01  2.000000e-07
 78  75  0  0  0  2  7.507577e-02  2.000000e-07
 78  69  0  0  0  2  8.222447e-02  2.000000e-07
 78  38  0  0  0  2  3.232602e-01  2.000000e-07
 57  43  0 -1  0  2  3.845338e-01  2.000000e-07
 57  66  0 -1  0  2  3.818192e-01  2.000000e-07
 57  51  0  0  0  2  1.580751e-01  2.000000e-07
 57  81  0 -1  0  2  3.252701e-01  2.000000e-07
 57  48  0  0  0  2  2.827841e-01  2.000000e-07
 57  84  0  0  0  2  3.766181e-01  2.000000e-07
 57  82  0  0  0  2  2.865988e-01  2.000000e-07
 57  80  0 -1  0  2  3.307847e-01  2.000000e-07
 57  60  0  0  0  2  6.686506e-02  2.000000e-07
 57  69  0 -1  0  2  4.028379e-01  2.000000e-07
 57  50  0  0  0  2  1.887039e-01  2.000000e-07
 57  59  0 -1  0  2  4.596666e-01  2.000000e-07
 43  79  0  0  0  2  2.180685e-01  2.000000e-07
 43  45  0  0  0  2  2.118420e-01  2.000000e-07
 43  66  0  0  0  2  1.365028e-01  2.000000e-07
 43  42  0  0  0  2  3.487233e-02  2.000000e-07
 43  81  0  0  0  2  2.606667e-01  2.000000e-07
 43  72  1  0  0  2  4.972951e-01  2.000000e-07
 43  61  0  0  0  2  3.297354e-01  2.000000e-07
 43  60  0  1  0  2  4.226339e-01  2.000000e-07
 43  69  1  0  0  2  3.875478e-01  2.000000e-07
 43  59  0  0  0  2  9.042059e-02  2.000000e-07
 83  88  0  0  0  2  3.306582e-01  2.000000e-07
 83  67 -1  0  0  2  4.149294e-01  2.000000e-07
 83  46 -1  0  0  2  2.971347e-01  2.000000e-07
 83  48  0  0  0  2  2.049481e-01  2.000000e-07
 83  84  0  0  0  2  7.860918e-02  2.000000e-07
 83  85 -1  0  0  2  3.709636e-01  2.000000e-07
 83  72  0  0  0  2  2.080582e-01  2.000000e-07
 83  73  0  0  0  2  2.272776e-01  2.000000e-07
 83  58 -1  0  0  2  3.234128e-01  2.000000e-07
 83  53 -1  0  0  2  3.586450e-01  2.000000e-07
 83  47 -1  0  0  2  2.417680e-01  2.000000e-07
 83  68 -1  0  0  2  2.781459e-01  2.000000e-07
 79  65  0  1  0  2  4.896851e-01  2.000000e-07
 79  67  0  0  0  2  2.794181e-01  2.000000e-07
 79  42  0  0  0  2  2.293340e-01  2.000000e-07
 79  81  0  0  0  2  5.893067e-02  2.000000e-07
 79  85  0  0  0  2  3.104429e-01  2.000000e-07
 79  86  0  0  0  2  2.931863e-01  2.000000e-07
 79  74  0  0  0  2  2.768674e-01  2.000000e-07
 79  80  0  0  0  2  3.524490e-01  2.000000e-07
 79  60  0  1  0  2  4.199875e-01  2.000000e-07
 79  75  0  0  0  2  4.296593e-01  2.000000e-07
 79  38  0  0  0  2  2.405811e-01  2.000000e-07
 88  51  0  0  0  2  1.366006e-01  2.000000e-07
 88  81  0  0  0  2  3.924126e-01  2.000000e-07
 88  48  0  0  0  2  3.066257e-01  2.000000e-07
 88  84  0  0  0  2  2.693584e-01  2.000000e-07
 88  89  0  0  0  2  1.170681e-01  2.000000e-07
 88  72  0  0  0  2  3.121225e-01  2.000000e-07
 88  82  0  0  0  2  2.046421e-01  2.000000e-07
 88  73  0  0  0  2  2.963841e-01  2.000000e-07
 88  86  0  0  0  2  2.962038e-01  2.000000e-07
 88  53  0  0  0  2  3.342498e-01  2.000000e-07
 88  39  0  0  0  2  2.414868e-01  2.000000e-07
 88  60  0  0  0  2  2.327559e-01  2.000000e-07
 88  50  0  0  0  2  1.665112e-01  2.000000e-07
 88  59  0  0  0  2  4.832832e-01  2.000000e-07
 88  49  0  0  0  2  1.629349e-01  2.000000e-07
 88  38  0  0  0  2  2.182649e-01  2.000000e-07
 65  45 -1 -1  0  2  2.947023e-01  2.000000e-07
 65  58 -1  0  0  2  2.437268e-01  2.000000e-07
 65  80  0 -1  0  2  1.947158e-01  2.000000e-07
 65  60  0  0  0  2  3.194742e-01  2.000000e-07
 65  75  0 -1  0  2  2.002237e-01  2.000000e-07
 65  69  0 -1  0  2  1.937099e-01  2.000000e-07
 45  66  0  0  0  2  1.244967e-01  2.000000e-07
 45  42  0  0  0  2  2.064528e-01  2.000000e-07
 45  72  1  0  0  2  4.186898e-01  2.000000e-07
 45  58  0  1  0  2  1.616160e-01  2.000000e-07
 45  74  0  0  0  2  2.564376e-01  2.000000e-07
 45  61  0  0  0  2  4.282678e-01  2.000000e-07
 45  75  1  0  0  2  1.956977e-01  2.000000e-07
 66  46  0  1  0  2  4.881115e-01  2.000000e-07
 66  42  0  0  0  2  1.521589e-01  2.000000e-07
 66  81  0  0  0  2  3.703996e-01  2.000000e-07
 66  41  0  0  0  2  6.692731e-02  2.000000e-07
 66  58  0  1  0  2  1.744687e-01  2.000000e-07
 66  47  0  1  0  2  4.065317e-01  2.000000e-07
 66  68  0  1  0  2  2.322492e-01  2.000000e-07
 66  60  0  1  0  2  3.991447e-01  2.000000e-07
 66  69  1  0  0  2  3.103581e-01  2.000000e-07
 66  59  0  0  0  2  2.130108e-01  2.000000e-07
 67  85  0  0  0  2  5.920828e-02  2.000000e-07
 67  89  0  0  0  2  3.605503e-01  2.000000e-07
 67  41  0  0  0  2  2.653986e-01  2.000000e-07
 67  73  1  0  0  2  3.909252e-01  2.000000e-07
 67  86  0  0  0  2  5.337202e-01  2.000000e-07
 67  86  1  0  0  2  4.663849e-01  2.000000e-07
 67  74  0  0  0  2  4.053024e-02  2.000000e-07
 67  53  0  0  0  2  1.990822e-01  2.000000e-07
 67  47  0  0  0  2  3.050631e-01  2.000000e-07
 67  75  1  0  0  2  4.074873e-01  2.000000e-07
 67  59  0  0  0  2  1.016583e-01  2.000000e-07
 46  84  1  0  0  2  3.740625e-01  2.000000e-07
 46  85  0  0  0  2  1.591169e-01  2.000000e-07
 46  72  1  0  0  2  3.707478e-01  2.000000e-07
 46  82  0  0  0  2  2.035703e-01  2.000000e-07
 46  58  0  0  0  2  3.816042e-01  2.000000e-07
 46  74  0  0  0  2  2.575323e-01  2.000000e-07
 46  53  0  0  0  2  6.222009e-02  2.000000e-07
 46  47  0  0  0  2  9.444226e-02  2.000000e-07
 46  61  0  0  0  2  7.396137e-02  2.000000e-07
 42  81  0  0  0  2  2.768791e-01  2.000000e-07
 42  74  0  0  0  2  1.219687e-01  2.000000e-07
 42  61  0  0  0  2  2.987559e-01  2.000000e-07
 42  60  0  1  0  2  4.575002e-01  2.000000e-07
 51  48  0  0  0  2  2.756344e-01  2.000000e-07
 51  84  0  0  0  2  3.058883e-01  2.000000e-07
 51  89  0  0  0  2  2.348272e-01  2.000000e-07
 51  60  0  0  0  2  9.621329e-02  2.000000e-07
 51  52  0  0  0  2  2.527296e-01  2.000000e-07
 51  50  0  0  0  2  8.224703e-02  2.000000e-07
 51  49  0  0  0  2  4.979153e-02  2.000000e-07
 81  72  0  0  0  2  3.996424e-01  2.000000e-07
 81  73  0  0  0  2  3.719818e-01  2.000000e-07
 81  86  0  0  0  2  2.581639e-01  2.000000e-07
 81  80  0  0  0  2  2.936781e-01  2.000000e-07
 81  60  0  1  0  2  3.896464e-01  2.000000e-07
 81  69  0  0  0  2  3.815726e-01  2.000000e-07
 81  59  0  0  0  2  2.697177e-01  2.000000e-07
 81  38  0  0  0  2  2.238208e-01  2.000000e-07
 48  84  0  0  0  2  1.431102e-01  2.000000e-07
 48  73  0  0  0  2  3.850103e-01  2.000000e-07
 48  58 -1  0  0  2  2.840502e-01  2.000000e-07
 48  69  0 -1  0  2  2.939881e-01  2.000000e-07
 48  52  0  0  0  2  2.321236e-02  2.000000e-07
 84  72  0  0  0  2  2.355721e-01  2.000000e-07
 84  73  0  0  0  2  2.470654e-01  2.000000e-07
 84  47 -1  0  0  2  3.124592e-01  2.000000e-07
 84  80  0 -1  0  2  4.315291e-01  2.000000e-07
 84  68 -1  0  0  2  3.120119e-01  2.000000e-07
 84  60  0  0  0  2  3.583176e-01  2.000000e-07
 84  69  0 -1  0  2  4.245723e-01  2.000000e-07
 84  49  0  0  0  2  3.555225e-01  2.000000e-07
 85  54  0  0  0  2  1.796401e-01  2.000000e-07
 85  89  0  0  0  2  3.447940e-01  2.000000e-07
 85  73  1  0  0  2  3.766799e-01  2.000000e-07
 85  86  0  0  0  2  5.418774e-01  2.000000e-07
 85  86  1  0  0  2  4.634864e-01  2.000000e-07
 85  74  0  0  0  2  9.844769e-02  2.000000e-07
 85  53  0  0  0  2  1.451314e-01  2.000000e-07
 85  39  1  0  0  2  4.238442e-01  2.000000e-07
 85  75  1  0  0  2  4.400411e-01  2.000000e-07
 85  52  1  0  0  2  5.758040e-01  2.000000e-07
 89  86  0  0  0  2  2.559219e-01  2.000000e-07
 89  74  0  0  0  2  3.872450e-01  2.000000e-07
 89  53  0  0  0  2  2.761869e-01  2.000000e-07
 89  39  0  0  0  2  2.521806e-01  2.000000e-07
 89  52  0  0  0  2  3.975530e-01  2.000000e-07
 89  50  0  0  0  2  2.284044e-01  2.000000e-07
 89  49  0  0  0  2  2.425381e-01  2.000000e-07
 89  38  0  0  0  2  1.596480e-01  2.000000e-07
 41  73  1  0  0  2  4.602662e-01  2.000000e-07
 41  58  0  1  0  2  1.789957e-01  2.000000e-07
 41  68  0  1  0  2  2.598125e-01  2.000000e-07
 41  75  1  0  0  2  2.602826e-01  2.000000e-07
 41  69  1  0  0  2  2.520505e-01  2.000000e-07
 41  59  0  0  0  2  2.027281e-01  2.000000e-07
 72  73  0  0  0  2  2.827940e-02  2.000000e-07
 72  74 -1  0  0  2  3.716865e-01  2.000000e-07
 72  47 -1  0  0  2  3.670408e-01  2.000000e-07
 72  61 -1  0  0  2  3.581419e-01  2.000000e-07
 72  80  0  0  0  2  3.417695e-01  2.000000e-07
 72  39  0  0  0  2  7.348532e-02  2.000000e-07
 72  69  0  0  0  2  3.430414e-01  2.000000e-07
 72  59 -1  0  0  2  4.426905e-01  2.000000e-07
 72  38  0  0  0  2  2.025404e-01  2.000000e-07
 82  53  0  0  0  2  1.699214e-01  2.000000e-07
 82  47  0  0  0  2  2.298121e-01  2.000000e-07
 82  60  0  0  0  2  2.237686e-01  2.000000e-07
 82  50  0  0  0  2  1.047232e-01  2.000000e-07
 82  59  0  0  0  2  4.169265e-01  2.000000e-07
 82  49  0  0  0  2  1.424083e-01  2.000000e-07
 73  86  0  0  0  2  1.153632e-01  2.000000e-07
 73  47 -1  0  0  2  3.947931e-01  2.000000e-07
 73  61 -1  0  0  2  3.855647e-01  2.000000e-07
 73  80  0  0  0  2  3.274140e-01  2.000000e-07
 73  75  0  0  0  2  3.258498e-01  2.000000e-07
 73  69  0  0  0  2  3.357916e-01  2.000000e-07
 73  52  0  0  0  2  3.764236e-01  2.000000e-07
 73  59 -1  0  0  2  4.623163e-01  2.000000e-07
 58  53  0  0  0  2  4.273788e-01  2.000000e-07
 58  68  0  0  0  2  1.019106e-01  2.000000e-07
 58  69  1 -1  0  2  2.594613e-01  2.000000e-07
 58  52  1  0  0  2  3.072183e-01  2.000000e-07
 86  74 -1  0  0  2  4.594289e-01  2.000000e-07
 86  53  0  0  0  2  5.165123e-01  2.000000e-07
 86  39  0  0  0  2  1.184313e-01  2.000000e-07
 86  75  0  0  0  2  2.785391e-01  2.000000e-07
 86  52  0  0  0  2  4.551974e-01  2.000000e-07
 86  59  0  0  0  2  4.973999e-01  2.000000e-07
 86  38  0  0  0  2  9.779469e-02  2.000000e-07
 74  53  0  0  0  2  2.395968e-01  2.000000e-07
 74  61  0  0  0  2  1.839044e-01  2.000000e-07
 74  39  1  0  0  2  4.450352e-01  2.000000e-07
 74  75  1  0  0  2  3.779691e-01  2.000000e-07
 53  47  0  0  0  2  1.489995e-01  2.000000e-07
 53  61  0  0  0  2  7.074249e-02  2.000000e-07
 53  68  0  0  0  2  3.254692e-01  2.000000e-07
 53  52  1  0  0  2  5.411966e-01  2.000000e-07
 53  50  0  0  0  2  2.746441e-01  2.000000e-07
 53  59  0  0  0  2  2.830255e-01  2.000000e-07
 47  61  0  0  0  2  1.644456e-01  2.000000e-07
 47  59  0  0  0  2  4.032387e-01  2.000000e-07
 61  71  1  0  0  2  4.392120e-01  2.000000e-07
 61  39  1  0  0  2  4.257433e-01  2.000000e-07
 61  59  0  0  0  2  2.394392e-01  2.000000e-07
 80  60  0  1  0  2  3.868955e-01  2.000000e-07
 80  69  0  0  0  2  9.188575e-02  2.000000e-07
 80  38  0  0  0  2  3.232272e-01  2.000000e-07
 68  48  1  0  0  2  3.083326e-01  2.000000e-07
 68  69  1 -1  0  2  3.566023e-01  2.000000e-07
 39  38  0  0  0  2  1.437379e-01  2.000000e-07
 60  50  0  0  0  2  1.229457e-01  2.000000e-07
 60  49  0  0  0  2  9.126275e-02  2.000000e-07
 75  58 -1  1  0  2  2.711396e-01  2.000000e-07
 75  69  0  0  0  2  1.172871e-02  2.000000e-07
 75  52  0  1  0  2  3.156913e-01  2.000000e-07
 75  38  0  0  0  2  3.640263e-01  2.000000e-07
 69  45 -1  0  0  2  1.870526e-01  2.000000e-07
 69  59 -1  0  0  2  4.010571e-01  2.000000e-07
 52  65  0  0  0  2  1.160057e-01  2.000000e-07
 52  50  0  0  0  2  3.347772e-01  2.000000e-07
 50  49  0  0  0  2  3.787606e-02  2.000000e-07
 70  62  0  0  0  1  1.692697e-01  3.000000e-07
 70  88  0  0  0  1  1.088058e-01  3.000000e-07
 70  51  0  0  0  1  1.274921e-01  3.000000e-07
 70  39  0  0  0  1  2.502938e-01  3.000000e-07
 70  60  0  0  0  1  2.022732e-01  3.000000e-07
 70  52  0  0  0  1  1.758109e-01  3.000000e-07
 63  54  0  0  0  1  9.629234e-02  3.000000e-07
 63  67  0  0  0  1  1.200504e-01  3.000000e-07
 63  85  0  0  0  1  9.236836e-02  3.000000e-07
 63  53  0  0  0  1  1.090776e-01  3.000000e-07
 63  61  0  0  0  1  1.000580e-01  3.000000e-07
 63  59  0  0  0  1  1.818887e-01  3.000000e-07
 40  56  0  0  0  1  1.056756e-01  3.000000e-07
 40  71  0  0  0  1  9.467221e-02  3.000000e-07
 40  65  0  0  0  1  8.381201e-02  3.000000e-07
 54  87  0  0  0  1  1.085209e-01  3.000000e-07
 54  79  0  0  0  1  1.810682e-01  3.000000e-07
 54  82  0  0  0  1  2.458167e-01  3.000000e-07
 54  53  0  0  0  1  1.812505e-01  3.000000e-07
 54  59  0  0  0  1  1.966256e-01  3.000000e-07
 62  71  0  0  0  1  8.480070e-02  3.000000e-07
 62  84  0  0  0  1  1.128000e-01  3.000000e-07
 55  64  0  0  0  1  1.239267e-01  3.000000e-07
 55  57  0  0  0  1  1.887428e-01  3.000000e-07
 55  82  0  0  0  1  1.100306e-01  3.000000e-07
 55  60  0  0  0  1  1.350359e-01  3.000000e-07
 55  50  0  0  0  1  7.069937e-02  3.000000e-07
 55  49  0  0  0  1  9.177980e-02  3.000000e-07
 64  57  0  0  0  1  2.758954e-01  3.000000e-07
 64  66  0 -1  0  1  2.843070e-01  3.000000e-07
 64  82  0  0  0  1  1.679515e-01  3.000000e-07
 64  47  0  0  0  1  1.874353e-01  3.000000e-07
 64  68  0  0  0  1  1.738712e-01  3.000000e-07
 56  57  0  0  0  1  2.079549e-01  3.000000e-07
 56  65  0  0  0  1  8.586959e-02  3.000000e-07
 56  80  0 -1  0  1  1.890891e-01  3.000000e-07
 56  60  0  0  0  1  2.413069e-01  3.000000e-07
 56  52  0  0  0  1  1.253306e-01  3.000000e-07
 71  65  0  0  0  1  1.376179e-01  3.000000e-07
 71  48  0  0  0  1  8.032820e-02  3.000000e-07
 71  84  0  0  0  1  1.180115e-01  3.000000e-07
 71  68 -1  0  0  1  2.361642e-01  3.000000e-07
 44  43  0  0  0  1  6.374714e-02  3.000000e-07
 44  66  0  0  0  1  8.019009e-02  3.000000e-07
 44  42  0  0  0  1  7.238167e-02  3.000000e-07
 44  41  0  0  0  1  8.708502e-02  3.000000e-07
 44  74  0  0  0  1  1.785950e-01  3.000000e-07
 87  79  0  0  0  1  2.007203e-01  3.000000e-07
 87  89  0  0  0  1  7.541827e-02  3.000000e-07
 87  82  0  0  0  1  2.253427e-01  3.000000e-07
 87  38  0  0  0  1  1.792007e-01  3.000000e-07
 78  45 -1  0  0  1  2.005525e-01  3.000000e-07
 78  72  0  0  0  1  2.635769e-01  3.000000e-07
 78  73  0  0  0  1  2.586264e-01  3.000000e-07
 78  86  0  0  0  1  2.299002e-01  3.000000e-07
 78  80  0  0  0  1  1.280316e-01  3.000000e-07
 78  75  0  0  0  1  7.507577e-02  3.000000e-07
 57  43  0 -1  0  1  3.845338e-01  3.000000e-07
 57  66  0 -1  0  1  3.818192e-01  3.000000e-07
 57  81  0 -1  0  1  3.252701e-01  3.000000e-07
 43  79  0  0  0  1  2.180685e-01  3.000000e-07
 43  66  0  0  0  1  1.365028e-01  3.000000e-07
 43  81  0  0  0  1  2.606667e-01  3.000000e-07
 43  59  0  0  0  1  9.042059e-02  3.000000e-07
 83  46 -1  0  0  1  2.971347e-01  3.000000e-07
 83  84  0  0  0  1  7.860918e-02  3.000000e-07
 83  72  0  0  0  1  2.080582e-01  3.000000e-07
 83  47 -1  0  0  1  2.417680e-01  3.000000e-07
 83  61 -1  0  0  1  3.282864e-01  3.000000e-07
 83  68 -1  0  0  1  2.781459e-01  3.000000e-07
 79  81  0  0  0  1  5.893067e-02  3.000000e-07
 79  59  0  0  0  1  2.150662e-01  3.000000e-07
 79  38  0  0  0  1  2.405811e-01  3.000000e-07
 88  51  0  0  0  1  1.366006e-01  3.000000e-07
 88  82  0  0  0  1  2.046421e-01  3.000000e-07
 88  39  0  0  0  1  2.414868e-01  3.000000e-07
 88  50  0  0  0  1  1.665112e-01  3.000000e-07
 88  38  0  0  0  1  2.182649e-01  3.000000e-07
 65  58 -1  0  0  1  2.437268e-01  3.000000e-07
 65  80  0 -1  0  1  1.947158e-01  3.000000e-07
 65  69  0 -1  0  1  1.937099e-01  3.000000e-07
 45  41  0  0  0  1  6.576776e-02  3.000000e-07
 45  58  0  1  0  1  1.616160e-01  3.000000e-07
 45  74  0  0  0  1  2.564376e-01  3.000000e-07
 45  69  1  0  0  1  1.870526e-01  3.000000e-07
 66  41  0  0  0  1  6.692731e-02  3.000000e-07
 66  58  0  1  0  1  1.744687e-01  3.000000e-07
 66  68  0  1  0  1  2.322492e-01  3.000000e-07
 67  85  0  0  0  1  5.920828e-02  3.000000e-07
 67  59  0  0  0  1  1.016583e-01  3.000000e-07
 46  82  0  0  0  1  2.035703e-01  3.000000e-07
 46  53  0  0  0  1  6.222009e-02  3.000000e-07
 46  47  0  0  0  1  9.444226e-02  3.000000e-07
 46  61  0  0  0  1  7.396137e-02  3.000000e-07
 42  74  0  0  0  1  1.219687e-01  3.000000e-07
 42  59  0  0  0  1  6.203291e-02  3.000000e-07
 51  60  0  0  0  1  9.621329e-02  3.000000e-07
 51  50  0  0  0  1  8.224703e-02  3.000000e-07
 81  86  0  0  0  1  2.581639e-01  3.000000e-07
 81  80  0  0  0  1  2.936781e-01  3.000000e-07
 81  38  0  0  0  1  2.238208e-01  3.000000e-07
 84  39  0  0  0  1  2.226374e-01  3.000000e-07
 85  72  1  0  0  1  3.515800e-01  3.000000e-07
 85  74  0  0  0  1  9.844769e-02  3.000000e-07
 85  61  0  0  0  1  8.547227e-02  3.000000e-07
 89  82  0  0  0  1  2.084830e-01  3.000000e-07
 89  38  0  0  0  1  1.596480e-01  3.000000e-07
 41  58  0  1  0  1  1.789957e-01  3.000000e-07
 41  74  0  0  0  1  2.249152e-01  3.000000e-07
 72  74 -1  0  0  1  3.716865e-01  3.000000e-07
 72  61 -1  0  0  1  3.581419e-01  3.000000e-07
 72  39  0  0  0  1  7.348532e-02  3.000000e-07
 82  53  0  0  0  1  1.699214e-01  3.000000e-07
 82  47  0  0  0  1  2.298121e-01  3.000000e-07
 82  50  0  0  0  1  1.047232e-01  3.000000e-07
 73  86  0  0  0  1  1.153632e-01  3.000000e-07
 73  39  0  0  0  1  5.490496e-02  3.000000e-07
 58  68  0  0  0  1  1.019106e-01  3.000000e-07
 58  69  1 -1  0  1  2.594613e-01  3.000000e-07
 86  80  0  0  0  1  2.525733e-01  3.000000e-07
 86  39  0  0  0  1  1.184313e-01  3.000000e-07
 86  38  0  0  0  1  9.779469e-02  3.000000e-07
 53  61  0  0  0  1  7.074249e-02  3.000000e-07
 47  68  0  0  0  1  1.887355e-01  3.000000e-07
 80  75  0  0  0  1  8.406290e-02  3.000000e-07
 80  69  0  0  0  1  9.188575e-02  3.000000e-07
 60  52  0  0  0  1  2.683566e-01  3.000000e-07
 60  49  0  0  0  1  9.126275e-02  3.000000e-07
-1.605780e-01  2.608235e-01  1.306237e-01
-2.307406e-01  4.257600e-01  2.381096e-01
-2.495671e-01 -2.782667e-01  1.971251e-01
-2.015779e-01 -4.490807e-01  2.108328e-01
-1.836559e-01 -3.457587e-01  1.322620e-01
-2.139179e-02  3.908199e-01  4.273653e-01
 3.352821e-01 -1.713061e-01  3.716519e-01
 3.248752e-01  2.598873e-01  3.957838e-01
-8.444988e-02  3.788213e-01  3.534475e-01
-2.640873e-01  2.157653e-01  4.293242e-01
-3.498100e-01  3.537630e-01  3.175453e-01
-3.573009e-01 -1.433379e-01  1.484839e-01
-4.232051e-01  2.320850e-01 -2.613887e-01
 1.181632e-01  2.293222e-01 -1.068152e-01
 3.962856e-01 -4.393857e-01 -2.796703e-01
 1.424739e-01 -3.213905e-01 -3.124507e-01
-1.160336e-01 -2.936067e-01 -4.261130e-01
-3.209802e-01 -2.888103e-01 -1.828756e-01
 9.213065e-02 -2.849574e-01 -2.008923e-01
-1.708351e-03 -1.933908e-01 -4.059436e-01
-3.346534e-01 -2.625710e-01 -1.979950e-01
 1.790130e-01  3.642613e-01 -3.384073e-01
 1.368969e-01 -2.290382e-01 -2.125407e-01
 7.688956e-02  4.308440e-01 -1.372477e-01
 2.221511e-01  1.999242e-01 -1.672245e-01
 2.696449e-01 -8.679221e-02  4.482953e-01
 1.985751e-01 -2.577944e-01  4.216333e-01
-1.536209e-01 -3.963022e-01  4.492505e-01
-2.238617e-01  2.353080e-01 -3.001793e-01
 4.496582e-01  3.941505e-01 -3.906284e-01
-4.285657e-01 -2.074388e-01 -3.522737e-01
-1.499714e-01 -3.564681e-02 -3.895474e-01
 1.339532e-01 -3.970460e-01 -4.212990e-01
 2.067375e-02 -3.769092e-01 -3.406093e-01
 2.305877e-01  1.940553e-01  1.834767e-01
 3.483872e-01 -1.690975e-01  2.734997e-01
-3.411518e-01 -2.227044e-02 -1.533025e-01
-2.854298e-01  2.595570e-01  1.236559e-01
-1.394745e-01  7.562186e-02  0
-2.671673e-01  9.628350e-03  0
-2.875284e-01 -3.611922e-01  0
 3.795774e-01  3.833996e-01  0
 2.699569e-01  2.800943e-01  0
 2.494002e-01  3.082634e-01  0
 3.012355e-01  3.453688e-01  0
 4.450659e-01  3.894544e-01  0
 3.126343e-01 -9.005357e-02  0
 3.580906e-01 -1.728368e-01  0
-2.945314e-01 -3.420615e-01  0
 1.877712e-02 -2.674626e-01  0
 4.988187e-02 -2.458504e-01  0
-3.073146e-02 -2.621619e-01  0
-2.736306e-01 -3.319634e-01  0
 2.559832e-01 -6.432446e-02  0
 1.335364e-01  6.931143e-02  0
 1.089127e-01 -2.847575e-01  0
-2.286449e-01 -4.489422e-01  0
-2.270921e-02 -4.200333e-01  0
 4.422982e-01 -4.489533e-01  0
 2.614430e-01  2.186484e-01  0
-6.283376e-03 -3.552172e-01  0
 3.078764e-01 -1.624539e-02  0
-2.857351e-01 -3.069998e-01  0
 2.253770e-01  4.037125e-02  0
 2.302586e-01 -3.099171e-01  0
-3.141156e-01 -4.406754e-01  0
 3.248954e-01  4.219890e-01  0
 3.074418e-01  1.279923e-01  0
 3.975182e-01 -3.574081e-01  0
-3.685695e-01  3.734260e-01  0
-1.470452e-01 -2.099569e-01  0
-3.701589e-01 -3.149859e-01  0
-3.372218e-01  3.181987e-02  0
-3.110749e-01  4.259318e-02  0
 3.167200e-01  1.674463e-01  0
-3.608181e-01  3.646238e-01  0
 4.045922e-01 -4.132147e-01 -1.203553e-01
 1.184899e-01 -4.347998e-01  2.400899e-01
-3.796766e-01  2.919552e-01  0
 4.658623e-02  2.281363e-01  0
-2.768318e-01  3.682116e-01  0
-5.795101e-03  2.551367e-01  0
 1.283069e-01 -1.764496e-01  0
-4.002253e-01 -1.664697e-01  0
-3.309752e-01 -2.036695e-01  0
 3.131763e-01  6.906240e-02  0
-2.262294e-01  1.207592e-01  0
 3.324403e-02  2.785994e-02  0
-7.139459e-02 -1.317539e-01  0
-1.776369e-02 -2.769298e-02  0