 730  90  1.200000e-05  49 -2 -2
 21  39  0  0  0  3  2.755543e-01  1.000000e-07
 21  48  0  0  0  3  3.275817e-01  1.000000e-07
 21  45  1  0  0  3  5.908977e-01  1.000000e-07
 21  47  0  0  0  3  5.031092e-01  1.000000e-07
 21  42  0  0  0  3  4.375268e-01  1.000000e-07
 21  36  0  0  1  3  4.235451e-01  1.000000e-07
 17  84  1  1  0  3  5.445974e-01  1.000000e-07
 17  45  1  1  0  3  5.253345e-01  1.000000e-07
 17  40  0  0  0  3  2.233909e-01  1.000000e-07
 17  41  0  0  0  3  3.793511e-01  1.000000e-07
 17  20  1  0  0  3  4.916938e-01  1.000000e-07
 17  85  1  0  0  3  4.796696e-01  1.000000e-07
 39  18  0  0  0  3  3.071755e-01  1.000000e-07
 39  45  1  0  0  3  3.873392e-01  1.000000e-07
 39  40  0 -1  0  3  3.950560e-01  1.000000e-07
 39  20  1  0  0  3  5.397612e-01  1.000000e-07
 39  44  0  0  0  3  2.892564e-01  1.000000e-07
 39  35  0  0  1  3  1.949849e-01  1.000000e-07
 39  22  1 -1  1  3  4.975655e-01  1.000000e-07
 39  43  1  0  1  3  4.067238e-01  1.000000e-07
 84  48  0  0  0  3  4.396286e-01  1.000000e-07
 84  45  0  0  0  3  1.662806e-01  1.000000e-07
 84  19  0  0  0  3  6.131635e-01  1.000000e-07
 84  40 -1 -1  0  3  4.800515e-01  1.000000e-07
 18  19  1  0  0  3  6.498394e-01  1.000000e-07
 18  44  0  0  0  3  8.068667e-02  1.000000e-07
 18  89  0  0  0  3  2.197687e-01  1.000000e-07
 48  30  0 -1  0  3  4.496064e-01  1.000000e-07
 48  15  0 -1  0  3  4.939465e-01  1.000000e-07
 48  35  0  0  1  3  3.241043e-01  1.000000e-07
 48  25  0  0  1  3  4.033662e-01  1.000000e-07
 48  23  0  0  1  3  3.890511e-01  1.000000e-07
 48  46  0 -1  1  3  5.173902e-01  1.000000e-07
 45  20  0  0  0  3  4.658220e-01  1.000000e-07
 45  86  0  0  1  3  4.892327e-01  1.000000e-07
 45  25  0  0  1  3  2.881467e-01  1.000000e-07
 45  24  0  0  1  3  3.121085e-01  1.000000e-07
 19  40 -1  0  0  3  4.367584e-01  1.000000e-07
 19  20  0  0  0  3  2.570567e-01  1.000000e-07
 19  47  0  0  0  3  1.902937e-01  1.000000e-07
 19  44  0  0  0  3  4.706818e-01  1.000000e-07
 19  89  0  0  0  3  3.350443e-01  1.000000e-07
 28  40  0  0  0  3  4.535804e-01  1.000000e-07
 28  30  0  0  0  3  3.581136e-01  1.000000e-07
 28  47  0  0  0  3  2.690167e-01  1.000000e-07
 28  44  0  0  0  3  4.480798e-01  1.000000e-07
 28  89  0  0  0  3  3.762278e-01  1.000000e-07
 28  42  0  1  0  3  2.428512e-01  1.000000e-07
 28  31  0  0  1  3  3.615027e-01  1.000000e-07
 28  36  0  1  1  3  3.676134e-01  1.000000e-07
 28  33  0  0  1  3  2.655417e-01  1.000000e-07
 40  30  0  0  0  3  3.181035e-01  1.000000e-07
 40  20  1  0  0  3  3.604402e-01  1.000000e-07
 40  22  1  0  1  3  4.056596e-01  1.000000e-07
 40  24  1  1  1  3  5.057833e-01  1.000000e-07
 41  30  0  0  0  3  6.430089e-02  1.000000e-07
 41  20  1  0  0  3  3.801449e-01  1.000000e-07
 41  89  0  0  0  3  2.935873e-01  1.000000e-07
 41  29  0  0  1  3  3.413322e-01  1.000000e-07
 41  86  1  0  1  3  5.215971e-01  1.000000e-07
 41  35  0  0  1  3  3.820455e-01  1.000000e-07
 41  38  0  0  1  3  3.460424e-01  1.000000e-07
 41  22  1  0  1  3  5.304911e-01  1.000000e-07
 30  89  0  0  0  3  2.796670e-01  1.000000e-07
 30  29  0  0  1  3  3.154232e-01  1.000000e-07
 30  35  0  0  1  3  3.668443e-01  1.000000e-07
 30  31  0  0  1  3  1.968538e-01  1.000000e-07
 30  38  0  0  1  3  3.300594e-01  1.000000e-07
 15  47  0  0  0  3  3.166477e-01  1.000000e-07
 15  89  0  0  0  3  1.772997e-01  1.000000e-07
 15  85  0  0  0  3  1.640769e-01  1.000000e-07
 20  18 -1  0  0  3  5.252584e-01  1.000000e-07
 20  42  0  1  0  3  4.450775e-01  1.000000e-07
 20  43  0  0  1  3  5.236009e-01  1.000000e-07
 47  44  0  0  0  3  4.331947e-01  1.000000e-07
 47  89  0  0  0  3  4.034003e-01  1.000000e-07
 47  85  0  0  0  3  2.181361e-01  1.000000e-07
 47  34  0  0  1  3  5.200601e-01  1.000000e-07
 44  89  0  0  0  3  2.578077e-01  1.000000e-07
 44  35  0  0  1  3  3.343965e-01  1.000000e-07
 44  31  0  0  1  3  2.798244e-01  1.000000e-07
 44  25  0  0  1  3  3.716810e-01  1.000000e-07
 42  47  0 -1  0  3  4.047964e-01  1.000000e-07
 42  85  0 -1  0  3  3.785281e-01  1.000000e-07
 42  36  0  0  1  3  2.877671e-01  1.000000e-07
 42  87  0  0  1  3  3.535202e-01  1.000000e-07
 42  33  0 -1  1  3  2.766322e-01  1.000000e-07
 42  43  0  0  1  3  3.258603e-01  1.000000e-07
 29  32  0  0  0  3  1.540710e-01  1.000000e-07
 29  86  1  0  0  3  4.554671e-01  1.000000e-07
 29  35  0  0  0  3  1.582615e-01  1.000000e-07
 29  31  0  0  0  3  1.728604e-01  1.000000e-07
 29  38  0  0  0  3  1.642410e-01  1.000000e-07
 29  37  0  0  0  3  3.894719e-01  1.000000e-07
 29  34  0  0  0  3  2.814848e-01  1.000000e-07
 32  31  0  0  0  3  2.396418e-01  1.000000e-07
 32  26  0  0  0  3  5.644836e-02  1.000000e-07
 32  38  0  0  0  3  1.823706e-01  1.000000e-07
 32  34  0  0  0  3  1.919766e-01  1.000000e-07
 32  46  0  0  0  3  4.076282e-01  1.000000e-07
 32  66  0  0  0  3  2.018780e-01  1.000000e-07
 86  43  0  0  0  3  3.486247e-01  1.000000e-07
 86  66 -1  0  0  3  5.278473e-01  1.000000e-07
 86  24  0  0  0  3  3.585601e-01  1.000000e-07
 35  25  0  0  0  3  3.554635e-01  1.000000e-07
 35  23  0  0  0  3  2.674901e-01  1.000000e-07
 35  24  1  0  0  3  3.880088e-01  1.000000e-07
 31  38  0  0  0  3  2.121284e-01  1.000000e-07
 31  34  0  0  0  3  3.059646e-01  1.000000e-07
 31  46  0  0  0  3  4.598899e-01  1.000000e-07
 31  27  0  0  0  3  3.956843e-01  1.000000e-07
 26  38  0  0  0  3  2.305726e-01  1.000000e-07
 26  34  0  0  0  3  1.566228e-01  1.000000e-07
 26  46  0  0  0  3  4.187651e-01  1.000000e-07
 26  27  0  0  0  3  5.054772e-01  1.000000e-07
 26  33  0  0  0  3  5.281688e-01  1.000000e-07
 26  66  0  0  0  3  2.237897e-01  1.000000e-07
 38  22  1  0  0  3  4.484650e-01  1.000000e-07
 38  27  0  0  0  3  5.029738e-01  1.000000e-07
 25  34  0  0  0  3  3.255284e-01  1.000000e-07
 25  36  0  0  0  3  1.863446e-01  1.000000e-07
 25  87  0  0  0  3  3.496207e-01  1.000000e-07
 25  33  0 -1  0  3  3.971595e-01  1.000000e-07
 25  43  0  0  0  3  2.853540e-01  1.000000e-07
 22  37 -1  1  0  3  2.989936e-01  1.000000e-07
 22  87  0  1  0  3  1.847816e-01  1.000000e-07
 22  43  0  1  0  3  2.716561e-01  1.000000e-07
 22  24  0  1  0  3  2.581725e-01  1.000000e-07
 23  37  0  0  0  3  3.825539e-02  1.000000e-07
 23  46  0 -1  0  3  3.100509e-01  1.000000e-07
 23  36  0  0  0  3  3.932326e-01  1.000000e-07
 23  87  1  0  0  3  2.537773e-01  1.000000e-07
 23  65  0  0  0  3  2.455724e-01  1.000000e-07
 23  66  0  0  0  3  2.704577e-01  1.000000e-07
 23  24  1  0  0  3  2.170028e-01  1.000000e-07
 37  46  0 -1  0  3  2.969336e-01  1.000000e-07
 37  87  1  0  0  3  2.434319e-01  1.000000e-07
 37  65  0  0  0  3  2.437724e-01  1.000000e-07
 37  66  0  0  0  3  2.811667e-01  1.000000e-07
 37  24  1  0  0  3  2.173704e-01  1.000000e-07
 34  27  0  0  0  3  4.940887e-01  1.000000e-07
 34  43  0  0  0  3  4.459507e-01  1.000000e-07
 46  27  0  0  0  3  5.043919e-01  1.000000e-07
 36  27  0 -1  0  3  2.788719e-01  1.000000e-07
 36  33  0 -1  0  3  3.431308e-01  1.000000e-07
 36  65  0  0  0  3  3.130282e-01  1.000000e-07
 36  66  0  0  0  3  2.902858e-01  1.000000e-07
 87  43  0  0  0  3  1.150676e-01  1.000000e-07
 87  65  0  0  0  3  5.746822e-01  1.000000e-07
 87  24  0  0  0  3  1.064634e-01  1.000000e-07
 27  33  0  0  0  3  1.286721e-01  1.000000e-07
 27  65  0  1  0  3  4.192945e-01  1.000000e-07
 33  65  0  1  0  3  4.750287e-01  1.000000e-07
 43  24  0  0  0  3  4.929676e-02  1.000000e-07
 65  48  0  0 -1  3  4.426831e-01  1.000000e-07
 65  66  0  0  0  3  2.811475e-01  1.000000e-07
 85  5  0  0  0  3  2.165221e-01  1.000000e-07
 80  86  0  0  0  3  3.200484e-01  1.000000e-07
 84  7  0  0  0  3  3.564349e-01  1.000000e-07
 6  86  0  0  0  3  3.471571e-01  1.000000e-07
 21  83  0  0  0  3  2.791783e-01  1.000000e-07
 74  34  0  0  0  3  2.150960e-01  1.000000e-07
 18  76  0  0  0  3  2.746632e-01  1.000000e-07
 88  32  0  0  0  3  1.929181e-01  1.000000e-07
 85  9  0  0  0  3  2.087523e-01  1.000000e-07
 52  22  0  0  0  3  3.571281e-01  1.000000e-07
 85  8  0  0  0  3  1.908359e-01  1.000000e-07
 57  33  0  0  0  3  3.634670e-01  1.000000e-07
 85  52  0  0  0  3  2.362920e-01  1.000000e-07
 9  87  0  1  0  3  3.497490e-01  1.000000e-07
 85  59 -1  0  0  3  3.534993e-01  1.000000e-07
 55  46  0  0  0  3  2.282195e-01  1.000000e-07
 17  58  0  0  0  3  1.613873e-01  1.000000e-07
 54  87  1  1  0  3  3.797282e-01  1.000000e-07
 19  55 -1  0  0  3  3.553788e-01  1.000000e-07
 59  46  0  0  0  3  2.196007e-01  1.000000e-07
 84  78  0  0  0  3  3.589714e-01  1.000000e-07
 83  34  0  0  0  3  2.506415e-01  1.000000e-07
 84  13  0  0  0  3  2.932605e-01  1.000000e-07
 70  87  0  0  0  3  2.860180e-01  1.000000e-07
 17  58  0  0  0  3  1.481256e-01  1.000000e-07
 16  65  0  1  0  3  1.877729e-01  1.000000e-07
 19  80  0  0  0  3  2.537782e-01  1.000000e-07
 82  34  0  0  0  3  2.573909e-01  1.000000e-07
 15  58  0  0  0  3  2.486885e-01  1.000000e-07
 63  46  0  0  0  3  2.142740e-01  1.000000e-07
 15  57  0  0  0  3  1.522126e-01  1.000000e-07
 82  33  0  0  0  3  3.869056e-01  1.000000e-07
 17  54  0  0  0  3  1.453955e-01  1.000000e-07
 58  38  0  0  0  3  3.382987e-01  1.000000e-07
 15  82  0  0  0  3  1.450944e-01  1.000000e-07
 57  27  0  0  0  3  4.341959e-01  1.000000e-07
 84  83  0  0  0  3  3.791027e-01  1.000000e-07
 64  66  0  0  0  3  2.721036e-01  1.000000e-07
 18  74  0  0  0  3  2.888747e-01  1.000000e-07
 3  66  0  0  0  3  2.142203e-01  1.000000e-07
 18  88  0  0  0  3  2.786477e-01  1.000000e-07
 76  26  0  0  0  3  1.599737e-01  1.000000e-07
 89  75  0  0  0  3  1.678662e-01  1.000000e-07
 49  32  0  0  0  3  2.069948e-01  1.000000e-07
 45  51 -1  0  0  3  4.160064e-01  1.000000e-07
 56  37  0  0  0  3  2.404372e-01  1.000000e-07
 15  82  0  0  0  3  1.826182e-01  1.000000e-07
 60  34  0  0  0  3  2.582583e-01  1.000000e-07
 21  62  0  0  0  3  3.241071e-01  1.000000e-07
 4  65  0  0  0  3  1.879252e-01  1.000000e-07
 18  50  0  0  0  3  3.648214e-01  1.000000e-07
 59  86  1  0  0  3  3.671131e-01  1.000000e-07
 21  88  0  0  0  3  2.778345e-01  1.000000e-07
 74  26  0  0  0  3  1.703582e-01  1.000000e-07
 15  16  0  0  0  3  2.310463e-01  1.000000e-07
 53  65  0  1  0  3  2.458981e-01  1.000000e-07
 61  50  0  0  0  2  1.989112e-01  2.000000e-07
 61  53  0  0  0  2  3.913441e-01  2.000000e-07
 61  54  0  0  0  2  1.439897e-01  2.000000e-07
 61  60  0  0  0  2  2.444146e-01  2.000000e-07
 61  74  0  0  0  2  1.828893e-01  2.000000e-07
 61  88  0  0  0  2  1.422547e-01  2.000000e-07
 61  77  0  0  0  2  1.760704e-01  2.000000e-07
 61  16  0  0  0  2  3.719399e-01  2.000000e-07
 61  81  0  0  0  2  5.254019e-01  2.000000e-07
 61  76  0  0  0  2  1.176569e-01  2.000000e-07
 61  56  0  0  0  2  3.121171e-01  2.000000e-07
 61  0  0  0  0  2  3.745553e-02  2.000000e-07
 61  59  0  0  0  2  2.545570e-01  2.000000e-07
 12  67  0  0  0  2  1.204870e-01  2.000000e-07
 12  6  0  0  0  2  1.145173e-01  2.000000e-07
 12  9  0 -1  0  2  3.959138e-01  2.000000e-07
 12  51 -1  0  0  2  3.707363e-01  2.000000e-07
 12  52  0 -1  0  2  3.461124e-01  2.000000e-07
 12  53  0 -1  0  2  4.485099e-01  2.000000e-07
 12  7  0  0  0  2  1.103324e-01  2.000000e-07
 12  13  0  0  0  2  1.035104e-01  2.000000e-07
 12  78  0  0  0  2  2.515352e-01  2.000000e-07
 12  71 -1  0  0  2  3.087436e-01  2.000000e-07
 12  56 -1  0  0  2  3.248398e-01  2.000000e-07
 12  83  0  0  0  2  3.161107e-01  2.000000e-07
 12  59 -1  0  0  2  4.013416e-01  2.000000e-07
 49  62  0  0  0  2  3.950972e-01  2.000000e-07
 49  2  0  0  0  2  1.835258e-01  2.000000e-07
 49  4  0  0  0  2  3.050327e-01  2.000000e-07
 49  73  0  0  0  2  2.190771e-01  2.000000e-07
 49  79  0  0  0  2  4.471239e-01  2.000000e-07
 49  1  0  0  0  2  1.606041e-01  2.000000e-07
 49  74  0  0  0  2  1.262854e-01  2.000000e-07
 49  75  0  0  0  2  6.817019e-02  2.000000e-07
 49  5  0  0  0  2  3.770074e-01  2.000000e-07
 49  3  0  0  0  2  2.444043e-01  2.000000e-07
 49  77  0  0  0  2  6.903009e-02  2.000000e-07
 49  68  0  0  0  2  3.769708e-01  2.000000e-07
 49  80  0  0  0  2  3.309967e-01  2.000000e-07
 49  78  0  0  0  2  2.283216e-01  2.000000e-07
 49  82  0  0  0  2  2.234797e-01  2.000000e-07
 67  6  0  0  0  2  1.011465e-01  2.000000e-07
 67  4 -1  0  0  2  4.387066e-01  2.000000e-07
 67  4  0  0  0  2  5.690733e-01  2.000000e-07
 67  52  0 -1  0  2  4.186269e-01  2.000000e-07
 67  64  0  0  0  2  5.034078e-01  2.000000e-07
 67  5  0  0  0  2  3.611901e-01  2.000000e-07
 67  3 -1  0  0  2  3.473567e-01  2.000000e-07
 67  69 -1  0  0  2  2.108185e-01  2.000000e-07
 67  10  0  0  0  2  2.076618e-01  2.000000e-07
 67  70  0  0  0  2  2.238305e-01  2.000000e-07
 67  55 -1  0  0  2  3.585445e-01  2.000000e-07
 67  71 -1  0  0  2  1.906145e-01  2.000000e-07
 67  56 -1  0  0  2  2.102317e-01  2.000000e-07
 67  72  0  0  0  2  9.741651e-02  2.000000e-07
 67  83  0  0  0  2  4.165973e-01  2.000000e-07
 62  4  0  0  0  2  9.615171e-02  2.000000e-07
 62  51  0  0  0  2  2.330655e-01  2.000000e-07
 62  52  0 -1  0  2  4.972037e-01  2.000000e-07
 62  53  0 -1  0  2  3.002217e-01  2.000000e-07
 62  79  0  0  0  2  2.533874e-01  2.000000e-07
 62  74  0  0  0  2  2.737830e-01  2.000000e-07
 62  70  0  0  0  2  5.406221e-01  2.000000e-07
 62  16  0 -1  0  2  2.281963e-01  2.000000e-07
 62  71  0  0  0  2  3.299390e-01  2.000000e-07
 62  57  0 -1  0  2  4.498024e-01  2.000000e-07
 62  58  0 -1  0  2  3.325523e-01  2.000000e-07
 6  50 -1  0  0  2  3.390380e-01  2.000000e-07
 6  7  0  0  0  2  8.642328e-02  2.000000e-07
 6  11  0  0  0  2  3.051149e-01  2.000000e-07
 6  68  0  0  0  2  1.311892e-01  2.000000e-07
 6  10  0  0  0  2  1.571212e-01  2.000000e-07
 6  81  0  0  0  2  3.919613e-01  2.000000e-07
 6  56 -1  0  0  2  2.957700e-01  2.000000e-07
 6  72  0  0  0  2  4.510533e-02  2.000000e-07
 6  59 -1  0  0  2  3.002890e-01  2.000000e-07
 2  73  0  0  0  2  6.121262e-02  2.000000e-07
 2  60  0  0  0  2  2.984284e-01  2.000000e-07
 2  3  0  0  0  2  1.984463e-01  2.000000e-07
 2  77  0  0  0  2  2.272161e-01  2.000000e-07
 2  69  0  0  0  2  2.096585e-01  2.000000e-07
 2  55  0  0  0  2  1.290884e-01  2.000000e-07
 2  76  0  0  0  2  1.356168e-01  2.000000e-07
 2  56  0  0  0  2  2.677214e-01  2.000000e-07
 2  72  1  0  0  2  4.171153e-01  2.000000e-07
 2  58  0  0  0  2  2.667501e-01  2.000000e-07
 50  54  0  0  0  2  2.203113e-01  2.000000e-07
 50  11  1  0  0  2  2.201924e-01  2.000000e-07
 50  10  1  0  0  2  2.235248e-01  2.000000e-07
 50  55  0  0  0  2  3.607820e-02  2.000000e-07
 50  56  0  0  0  2  2.497465e-01  2.000000e-07
 50  0  0  0  0  2  1.733714e-01  2.000000e-07
 50  59  0  0  0  2  5.608456e-02  2.000000e-07
 4  51  0  0  0  2  2.638485e-01  2.000000e-07
 4  52  0 -1  0  2  5.613133e-01  2.000000e-07
 4  53  0 -1  0  2  3.893529e-01  2.000000e-07
 4  1  0  0  0  2  3.213971e-01  2.000000e-07
 4  74  0  0  0  2  1.807267e-01  2.000000e-07
 4  64  0  0  0  2  8.109449e-02  2.000000e-07
 4  3  0  0  0  2  1.512309e-01  2.000000e-07
 4  77  0  0  0  2  3.692839e-01  2.000000e-07
 4  68  0  0  0  2  5.160367e-01  2.000000e-07
 4  69  0  0  0  2  3.132212e-01  2.000000e-07
 4  70  0  0  0  2  5.737089e-01  2.000000e-07
 4  70  1  0  0  2  4.775384e-01  2.000000e-07
 4  71  0  0  0  2  2.696976e-01  2.000000e-07
 4  72  0  0  0  2  5.376453e-01  2.000000e-07
 4  58  0 -1  0  2  4.256920e-01  2.000000e-07
 9  73 -1  0  0  2  4.931817e-01  2.000000e-07
 9  52  0  0  0  2  4.987631e-02  2.000000e-07
 9  11  0  0  0  2  2.202316e-01  2.000000e-07
 9  13  0  1  0  2  3.046498e-01  2.000000e-07
 9  68  0  0  0  2  3.643897e-01  2.000000e-07
 9  80  0  0  0  2  2.101930e-01  2.000000e-07
 9  10  0  0  0  2  3.555759e-01  2.000000e-07
 9  55 -1  0  0  2  4.188444e-01  2.000000e-07
 9  81  0  0  0  2  1.021062e-01  2.000000e-07
 9  56 -1  1  0  2  5.752680e-01  2.000000e-07
 9  57  0  0  0  2  1.584073e-01  2.000000e-07
 9  82  0  0  0  2  2.685007e-01  2.000000e-07
 9  14  0  0  0  2  2.074871e-01  2.000000e-07
 9  58 -1  0  0  2  5.268686e-01  2.000000e-07
 9  8  0  0  0  2  1.071052e-01  2.000000e-07
 73  51  0  1  0  2  4.723769e-01  2.000000e-07
 73  52  1  0  0  2  5.148639e-01  2.000000e-07
 73  63  0  0  0  2  2.595888e-01  2.000000e-07
 73  1  0  0  0  2  7.787554e-02  2.000000e-07
 73  54  0  0  0  2  1.090259e-01  2.000000e-07
 73  75  0  0  0  2  1.911936e-01  2.000000e-07
 73  3  0  0  0  2  2.574827e-01  2.000000e-07
 73  77  0  0  0  2  2.482696e-01  2.000000e-07
 73  68  1  0  0  2  4.418008e-01  2.000000e-07
 73  69  0  0  0  2  2.390200e-01  2.000000e-07
 73  70  1  1  0  2  5.658970e-01  2.000000e-07
 73  55  0  0  0  2  1.046517e-01  2.000000e-07
 73  82  0  0  0  2  3.492536e-01  2.000000e-07
 73  14  1  0  0  2  4.086439e-01  2.000000e-07
 73  72  1  0  0  2  4.254839e-01  2.000000e-07
 73  58  0  0  0  2  2.201692e-01  2.000000e-07
 73  59  0  0  0  2  1.884850e-01  2.000000e-07
 51  53  0 -1  0  2  4.318703e-01  2.000000e-07
 51  63  0 -1  0  2  3.996696e-01  2.000000e-07
 51  54  0 -1  0  2  3.793805e-01  2.000000e-07
 51  74  0  0  0  2  4.146857e-01  2.000000e-07
 51  64  0  0  0  2  3.448880e-01  2.000000e-07
 51  11  1 -1  0  2  4.884313e-01  2.000000e-07
 51  13  1  0  0  2  3.850939e-01  2.000000e-07
 51  70  1  0  0  2  2.395663e-01  2.000000e-07
 51  16  0 -1  0  2  3.298692e-01  2.000000e-07
 51  71  0  0  0  2  2.673870e-01  2.000000e-07
 51  81  1 -1  0  2  4.787542e-01  2.000000e-07
 51  56  0  0  0  2  2.404672e-01  2.000000e-07
 51  14  1 -1  0  2  5.412331e-01  2.000000e-07
 51  58  0 -1  0  2  3.188901e-01  2.000000e-07
 51  83  0  0  0  2  4.265068e-01  2.000000e-07
 51  59  0 -1  0  2  5.166285e-01  2.000000e-07
 52  53  0  0  0  2  2.668308e-01  2.000000e-07
 52  7  0  1  0  2  4.406501e-01  2.000000e-07
 52  64  0  1  0  2  5.486850e-01  2.000000e-07
 52  13  0  1  0  2  2.558669e-01  2.000000e-07
 52  80  0  0  0  2  2.595779e-01  2.000000e-07
 52  70  0  1  0  2  2.060394e-01  2.000000e-07
 52  55 -1  0  0  2  4.476113e-01  2.000000e-07
 52  57  0  0  0  2  1.861270e-01  2.000000e-07
 52  58 -1  0  0  2  5.279576e-01  2.000000e-07
 52  83  0  1  0  2  5.065839e-01  2.000000e-07
 52  8  0  0  0  2  1.311281e-01  2.000000e-07
 53  79  0  1  0  2  2.492671e-01  2.000000e-07
 53  54  0  0  0  2  3.234339e-01  2.000000e-07
 53  60  0  0  0  2  1.925068e-01  2.000000e-07
 53  7  0  1  0  2  4.940341e-01  2.000000e-07
 53  64  0  1  0  2  4.140612e-01  2.000000e-07
 53  88  0  0  0  2  4.321853e-01  2.000000e-07
 53  13  0  1  0  2  3.477537e-01  2.000000e-07
 53  16  0  0  0  2  1.030493e-01  2.000000e-07
 53  55  0  0  0  2  5.058806e-01  2.000000e-07
 53  81  0  0  0  2  3.020170e-01  2.000000e-07
 53  56  0  1  0  2  5.873126e-01  2.000000e-07
 53  57  0  0  0  2  1.529763e-01  2.000000e-07
 53  82  0  0  0  2  1.819275e-01  2.000000e-07
 53  0  0  0  0  2  4.285554e-01  2.000000e-07
 53  58  0  0  0  2  2.265186e-01  2.000000e-07
 53  83  0  1  0  2  4.165739e-01  2.000000e-07
 53  8  0  0  0  2  1.711352e-01  2.000000e-07
 63  1  0  0  0  2  2.817905e-01  2.000000e-07
 63  54  0  0  0  2  1.738631e-01  2.000000e-07
 63  88  0  0  0  2  3.092020e-01  2.000000e-07
 63  75  0  0  0  2  1.901119e-01  2.000000e-07
 63  80  0  0  0  2  3.547135e-01  2.000000e-07
 63  16  0  0  0  2  1.364861e-01  2.000000e-07
 63  81  0  0  0  2  3.803060e-01  2.000000e-07
 63  57  0  0  0  2  2.280925e-01  2.000000e-07
 63  82  0  0  0  2  1.627314e-01  2.000000e-07
 63  58  0  0  0  2  1.014507e-01  2.000000e-07
 79  74  0  0  0  2  3.739224e-01  2.000000e-07
 79  64  0  0  0  2  2.616256e-01  2.000000e-07
 79  13  0  0  0  2  1.475053e-01  2.000000e-07
 79  5  0  0  0  2  5.411528e-01  2.000000e-07
 79  68  0  0  0  2  4.036418e-01  2.000000e-07
 79  78  0  0  0  2  2.472292e-01  2.000000e-07
 79  70  0  0  0  2  2.880516e-01  2.000000e-07
 79  16  0 -1  0  2  2.731598e-01  2.000000e-07
 79  71 -1  0  0  2  5.305836e-01  2.000000e-07
 79  81  0 -1  0  2  4.193533e-01  2.000000e-07
 79  57  0 -1  0  2  3.363172e-01  2.000000e-07
 79  72  0  0  0  2  3.594847e-01  2.000000e-07
 79  83  0  0  0  2  2.164710e-01  2.000000e-07
 1  54  0  0  0  2  1.688303e-01  2.000000e-07
 1  74  0  0  0  2  1.730193e-01  2.000000e-07
 1  75  0  0  0  2  1.552488e-01  2.000000e-07
 1  3  0  0  0  2  1.913990e-01  2.000000e-07
 1  69  0  0  0  2  2.222998e-01  2.000000e-07
 1  71  0  0  0  2  2.663223e-01  2.000000e-07
 1  59  0  0  0  2  2.283922e-01  2.000000e-07
 54  74  0  0  0  2  3.251844e-01  2.000000e-07
 54  88  0  0  0  2  2.758226e-01  2.000000e-07
 54  11  1  0  0  2  3.673034e-01  2.000000e-07
 54  75  0  0  0  2  1.974130e-01  2.000000e-07
 54  16  0  0  0  2  2.708062e-01  2.000000e-07
 54  55  0  0  0  2  1.842678e-01  2.000000e-07
 54  81  0  0  0  2  5.369596e-01  2.000000e-07
 54  81  1  0  0  2  4.647434e-01  2.000000e-07
 54  56  0  1  0  2  6.150802e-01  2.000000e-07
 54  14  1  0  0  2  4.464107e-01  2.000000e-07
 54  58  0  0  0  2  1.129288e-01  2.000000e-07
 54  59  0  0  0  2  2.612577e-01  2.000000e-07
 60  88  0  0  0  2  2.459059e-01  2.000000e-07
 60  11  0  0  0  2  3.912928e-01  2.000000e-07
 60  77  0  0  0  2  1.206369e-01  2.000000e-07
 60  68  0  0  0  2  3.664501e-01  2.000000e-07
 60  10  0  0  0  2  4.235924e-01  2.000000e-07
 60  78  0  0  0  2  3.396705e-01  2.000000e-07
 60  55  0  0  0  2  3.998934e-01  2.000000e-07
 60  81  0  0  0  2  2.900548e-01  2.000000e-07
 60  82  0  0  0  2  5.379867e-02  2.000000e-07
 60  0  0  0  0  2  2.805538e-01  2.000000e-07
 60  58  0  0  0  2  2.204361e-01  2.000000e-07
 60  8  0  0  0  2  2.185430e-01  2.000000e-07
 7  11  0  0  0  2  3.513656e-01  2.000000e-07
 7  13  0  0  0  2  1.849704e-01  2.000000e-07
 7  77  0  0  0  2  3.717679e-01  2.000000e-07
 7  68  0  0  0  2  1.582449e-01  2.000000e-07
 7  10  0  0  0  2  2.162876e-01  2.000000e-07
 7  78  0  0  0  2  1.596507e-01  2.000000e-07
 7  81  0  0  0  2  4.130056e-01  2.000000e-07
 7  72  0  0  0  2  1.287772e-01  2.000000e-07
 7  83  0  0  0  2  2.502503e-01  2.000000e-07
 7  59 -1  0  0  2  3.763637e-01  2.000000e-07
 74  64  0  0  0  2  1.303732e-01  2.000000e-07
 74  88  0  0  0  2  6.755333e-02  2.000000e-07
 74  75  0  0  0  2  1.868468e-01  2.000000e-07
 74  78  0  0  0  2  2.164948e-01  2.000000e-07
 74  71  0  0  0  2  2.883510e-01  2.000000e-07
 74  56  0  0  0  2  2.733409e-01  2.000000e-07
 74  0  0  0  0  2  1.741234e-01  2.000000e-07
 74  83  0  0  0  2  1.605412e-01  2.000000e-07
 74  59  0  0  0  2  3.717126e-01  2.000000e-07
 64  88  0  0  0  2  1.914413e-01  2.000000e-07
 64  3  0  0  0  2  1.686996e-01  2.000000e-07
 64  77  0  0  0  2  3.025764e-01  2.000000e-07
 64  68  0  0  0  2  4.367583e-01  2.000000e-07
 64  16  0 -1  0  2  3.651977e-01  2.000000e-07
 64  76  0  0  0  2  1.965258e-01  2.000000e-07
 64  56  0  0  0  2  2.886397e-01  2.000000e-07
 64  72  0  0  0  2  4.646656e-01  2.000000e-07
 64  58  0 -1  0  2  4.855514e-01  2.000000e-07
 64  83  0  0  0  2  8.873705e-02  2.000000e-07
 88  75  0  0  0  2  1.198012e-01  2.000000e-07
 88  77  0  0  0  2  1.281761e-01  2.000000e-07
 88  78  0  0  0  2  2.208691e-01  2.000000e-07
 88  16  0  0  0  2  4.455131e-01  2.000000e-07
 88  81  0  0  0  2  4.759561e-01  2.000000e-07
 88  76  0  0  0  2  4.111337e-02  2.000000e-07
 88  56  0  0  0  2  3.192598e-01  2.000000e-07
 88  83  0  0  0  2  1.991130e-01  2.000000e-07
 11  13  0  1  0  2  5.150450e-01  2.000000e-07
 11  77  0  0  0  2  4.293739e-01  2.000000e-07
 11  68  0  0  0  2  1.940133e-01  2.000000e-07
 11  10  0  0  0  2  1.502901e-01  2.000000e-07
 11  78  0  0  0  2  4.148720e-01  2.000000e-07
 11  55 -1  0  0  2  2.353706e-01  2.000000e-07
 11  81  0  0  0  2  1.373141e-01  2.000000e-07
 11  56 -1  1  0  2  7.016404e-01  2.000000e-07
 11  59 -1  0  0  2  1.682118e-01  2.000000e-07
 11  8  0  0  0  2  2.699795e-01  2.000000e-07
 13  78  0  0  0  2  2.784134e-01  2.000000e-07
 13  70  0  0  0  2  1.575650e-01  2.000000e-07
 13  71 -1  0  0  2  3.892053e-01  2.000000e-07
 13  81  0 -1  0  2  4.065220e-01  2.000000e-07
 13  56 -1  0  0  2  3.991780e-01  2.000000e-07
 13  83  0  0  0  2  3.059334e-01  2.000000e-07
 13  8  0 -1  0  2  3.343877e-01  2.000000e-07
 75  5  0  0  0  2  3.766032e-01  2.000000e-07
 75  80  0  0  0  2  3.273111e-01  2.000000e-07
 75  78  0  0  0  2  2.870171e-01  2.000000e-07
 75  81  0  0  0  2  4.057140e-01  2.000000e-07
 75  82  0  0  0  2  1.836638e-01  2.000000e-07
 75  58  0  0  0  2  2.355897e-01  2.000000e-07
 5  68  0  0  0  2  1.548280e-01  2.000000e-07
 5  80  0  0  0  2  5.079093e-02  2.000000e-07
 5  69 -1  0  0  2  3.747800e-01  2.000000e-07
 5  78  0  0  0  2  3.322926e-01  2.000000e-07
 5  70  0  0  0  2  5.728827e-01  2.000000e-07
 5  71 -1  0  0  2  4.290964e-01  2.000000e-07
 5  81  0  0  0  2  1.078573e-01  2.000000e-07
 5  57  0  0  0  2  2.113171e-01  2.000000e-07
 5  14  0  0  0  2  2.750998e-02  2.000000e-07
 5  72  0  0  0  2  2.656341e-01  2.000000e-07
 5  59 -1  0  0  2  2.603007e-01  2.000000e-07
 3  77  0  0  0  2  3.131688e-01  2.000000e-07
 3  69  0  0  0  2  1.758093e-01  2.000000e-07
 3  55  0  0  0  2  2.700772e-01  2.000000e-07
 3  71  0  0  0  2  1.574471e-01  2.000000e-07
 3  76  0  0  0  2  1.571631e-01  2.000000e-07
 3  56  0  0  0  2  1.388940e-01  2.000000e-07
 3  72  1  0  0  2  3.917294e-01  2.000000e-07
 3  58  0 -1  0  2  5.479175e-01  2.000000e-07
 77  68  0  0  0  2  3.459634e-01  2.000000e-07
 77  10  0  0  0  2  4.185865e-01  2.000000e-07
 77  78  0  0  0  2  2.449695e-01  2.000000e-07
 77  76  0  0  0  2  1.565674e-01  2.000000e-07
 77  82  0  0  0  2  1.545737e-01  2.000000e-07
 77  0  0  0  0  2  2.046449e-01  2.000000e-07
 77  58  0  0  0  2  2.747564e-01  2.000000e-07
 77  83  0  0  0  2  2.793066e-01  2.000000e-07
 68  80  0  0  0  2  1.723041e-01  2.000000e-07
 68  69 -1  0  0  2  2.968274e-01  2.000000e-07
 68  10  0  0  0  2  8.252379e-02  2.000000e-07
 68  55 -1  0  0  2  3.377095e-01  2.000000e-07
 68  82  0  0  0  2  3.336519e-01  2.000000e-07
 68  14  0  0  0  2  1.590647e-01  2.000000e-07
 68  72  0  0  0  2  1.188246e-01  2.000000e-07
 68  83  0  0  0  2  3.515357e-01  2.000000e-07
 68  8  0  0  0  2  3.603909e-01  2.000000e-07
 80  81  0  0  0  2  1.150545e-01  2.000000e-07
 80  57  0  0  0  2  1.749389e-01  2.000000e-07
 80  82  0  0  0  2  1.926586e-01  2.000000e-07
 80  14  0  0  0  2  7.766061e-02  2.000000e-07
 69  71  0  0  0  2  7.349254e-02  2.000000e-07
 69  14  1  0  0  2  3.558524e-01  2.000000e-07
 69  72  1  0  0  2  2.268167e-01  2.000000e-07
 10  78  0  0  0  2  3.196240e-01  2.000000e-07
 10  55 -1  0  0  2  2.554828e-01  2.000000e-07
 10  56 -1  0  0  2  3.057185e-01  2.000000e-07
 10  72  0  0  0  2  1.216129e-01  2.000000e-07
 10  59 -1  0  0  2  1.720976e-01  2.000000e-07
 10  8  0  0  0  2  3.757690e-01  2.000000e-07
 78  71 -1  0  0  2  5.099779e-01  2.000000e-07
 78  81  0  0  0  2  4.252866e-01  2.000000e-07
 78  76  0  0  0  2  2.566364e-01  2.000000e-07
 78  83  0  0  0  2  1.132246e-01  2.000000e-07
 78  59 -1  0  0  2  4.916525e-01  2.000000e-07
 70  3 -1  0  0  2  4.550948e-01  2.000000e-07
 70  71 -1  0  0  2  3.333870e-01  2.000000e-07
 70  81  0 -1  0  2  3.464897e-01  2.000000e-07
 70  56 -1  0  0  2  3.297735e-01  2.000000e-07
 70  57  0 -1  0  2  3.831009e-01  2.000000e-07
 70  14  0 -1  0  2  4.414018e-01  2.000000e-07
 70  72  0  0  0  2  3.096557e-01  2.000000e-07
 70  58 -1 -1  0  2  4.935279e-01  2.000000e-07
 16  81  0  0  0  2  4.037343e-01  2.000000e-07
 16  57  0  0  0  2  2.509653e-01  2.000000e-07
 16  58  0  0  0  2  1.597829e-01  2.000000e-07
 55  76  0  0  0  2  2.612074e-01  2.000000e-07
 55  56  0  0  0  2  2.740932e-01  2.000000e-07
 55  56  0  1  0  2  7.259143e-01  2.000000e-07
 55  14  1  0  0  2  3.093363e-01  2.000000e-07
 55  72  1  0  0  2  3.297417e-01  2.000000e-07
 55  0  0  0  0  2  1.529916e-01  2.000000e-07
 55  58  0  0  0  2  2.947407e-01  2.000000e-07
 71  56  0  0  0  2  3.413163e-02  2.000000e-07
 71  14  1  0  0  2  4.127521e-01  2.000000e-07
 71  72  1  0  0  2  2.378565e-01  2.000000e-07
 71  59  0  0  0  2  2.356915e-01  2.000000e-07
 81  57  0  0  0  2  1.563258e-01  2.000000e-07
 81  14  0  0  0  2  1.064585e-01  2.000000e-07
 81  59 -1  0  0  2  3.038342e-01  2.000000e-07
 81  8  0  0  0  2  1.329755e-01  2.000000e-07
 76  56  0  0  0  2  2.835807e-01  2.000000e-07
 76  0  0  0  0  2  1.140668e-01  2.000000e-07
 76  83  0  0  0  2  2.209515e-01  2.000000e-07
 56  52  1 -1  0  2  5.326735e-01  2.000000e-07
 56  72  1  0  0  2  2.662466e-01  2.000000e-07
 56  0  0  0  0  2  2.753258e-01  2.000000e-07
 56  58  0 -1  0  2  5.402393e-01  2.000000e-07
 56  59  0  0  0  2  2.659560e-01  2.000000e-07
 57  4  0  1  0  2  5.350593e-01  2.000000e-07
 57  82  0  0  0  2  1.147815e-01  2.000000e-07
 57  14  0  0  0  2  2.283641e-01  2.000000e-07
 57  58  0  0  0  2  3.274182e-01  2.000000e-07
 57  8  0  0  0  2  5.515827e-02  2.000000e-07
 82  58  0  0  0  2  2.622549e-01  2.000000e-07
 82  8  0  0  0  2  1.698483e-01  2.000000e-07
 14  59 -1  0  0  2  2.353418e-01  2.000000e-07
 72  83  0  0  0  2  3.759297e-01  2.000000e-07
 61  49  0  0  0  1  1.405249e-01  3.000000e-07
 61  2  0  0  0  1  5.422428e-02  3.000000e-07
 61  73  0  0  0  1  7.891522e-02  3.000000e-07
 61  54  0  0  0  1  1.439897e-01  3.000000e-07
 61  75  0  0  0  1  1.215758e-01  3.000000e-07
 61  76  0  0  0  1  1.176569e-01  3.000000e-07
 12  67  0  0  0  1  1.204870e-01  3.000000e-07
 12  6  0  0  0  1  1.145173e-01  3.000000e-07
 12  7  0  0  0  1  1.103324e-01  3.000000e-07
 12  13  0  0  0  1  1.035104e-01  3.000000e-07
 12  70  0  0  0  1  1.912429e-01  3.000000e-07
 49  88  0  0  0  1  5.954154e-02  3.000000e-07
 49  75  0  0  0  1  6.817019e-02  3.000000e-07
 49  77  0  0  0  1  6.903009e-02  3.000000e-07
 49  78  0  0  0  1  2.283216e-01  3.000000e-07
 49  76  0  0  0  1  8.869387e-02  3.000000e-07
 67  6  0  0  0  1  1.011465e-01  3.000000e-07
 67  70  0  0  0  1  2.238305e-01  3.000000e-07
 67  71 -1  0  0  1  1.906145e-01  3.000000e-07
 67  56 -1  0  0  1  2.102317e-01  3.000000e-07
 67  72  0  0  0  1  9.741651e-02  3.000000e-07
 62  4  0  0  0  1  9.615171e-02  3.000000e-07
 62  51  0  0  0  1  2.330655e-01  3.000000e-07
 62  64  0  0  0  1  1.546999e-01  3.000000e-07
 62  16  0 -1  0  1  2.281963e-01  3.000000e-07
 62  83  0  0  0  1  2.136252e-01  3.000000e-07
 6  7  0  0  0  1  8.642328e-02  3.000000e-07
 6  68  0  0  0  1  1.311892e-01  3.000000e-07
 2  50  0  0  0  1  1.495539e-01  3.000000e-07
 2  73  0  0  0  1  6.121262e-02  3.000000e-07
 2  3  0  0  0  1  1.984463e-01  3.000000e-07
 2  69  0  0  0  1  2.096585e-01  3.000000e-07
 2  55  0  0  0  1  1.290884e-01  3.000000e-07
 50  69  0  0  0  1  1.509595e-01  3.000000e-07
 50  59  0  0  0  1  5.608456e-02  3.000000e-07
 4  51  0  0  0  1  2.638485e-01  3.000000e-07
 4  3  0  0  0  1  1.512309e-01  3.000000e-07
 4  56  0  0  0  1  2.387098e-01  3.000000e-07
 9  11  0  0  0  1  2.202316e-01  3.000000e-07
 9  81  0  0  0  1  1.021062e-01  3.000000e-07
 9  8  0  0  0  1  1.071052e-01  3.000000e-07
 73  54  0  0  0  1  1.090259e-01  3.000000e-07
 73  55  0  0  0  1  1.046517e-01  3.000000e-07
 51  52  1 -1  0  1  3.872717e-01  3.000000e-07
 51  70  1  0  0  1  2.395663e-01  3.000000e-07
 51  16  0 -1  0  1  3.298692e-01  3.000000e-07
 51  56  0  0  0  1  2.404672e-01  3.000000e-07
 51  58  0 -1  0  1  3.188901e-01  3.000000e-07
 52  79  0  1  0  1  2.906570e-01  3.000000e-07
 52  11  0  0  0  1  2.632595e-01  3.000000e-07
 52  13  0  1  0  1  2.558669e-01  3.000000e-07
 52  70  0  1  0  1  2.060394e-01  3.000000e-07
 52  8  0  0  0  1  1.311281e-01  3.000000e-07
 53  63  0  0  0  1  1.535173e-01  3.000000e-07
 53  79  0  1  0  1  2.492671e-01  3.000000e-07
 53  60  0  0  0  1  1.925068e-01  3.000000e-07
 53  16  0  0  0  1  1.030493e-01  3.000000e-07
 53  82  0  0  0  1  1.819275e-01  3.000000e-07
 53  8  0  0  0  1  1.711352e-01  3.000000e-07
 63  54  0  0  0  1  1.738631e-01  3.000000e-07
 63  60  0  0  0  1  1.267995e-01  3.000000e-07
 63  16  0  0  0  1  1.364861e-01  3.000000e-07
 63  58  0  0  0  1  1.014507e-01  3.000000e-07
 79  7  0  0  0  1  2.473269e-01  3.000000e-07
 79  13  0  0  0  1  1.475053e-01  3.000000e-07
 79  16  0 -1  0  1  2.731598e-01  3.000000e-07
 79  83  0  0  0  1  2.164710e-01  3.000000e-07
 79  8  0 -1  0  1  3.088658e-01  3.000000e-07
 1  3  0  0  0  1  1.913990e-01  3.000000e-07
 1  76  0  0  0  1  1.135074e-01  3.000000e-07
 54  75  0  0  0  1  1.974130e-01  3.000000e-07
 54  55  0  0  0  1  1.842678e-01  3.000000e-07
 60  75  0  0  0  1  1.371689e-01  3.000000e-07
 60  77  0  0  0  1  1.206369e-01  3.000000e-07
 60  82  0  0  0  1  5.379867e-02  3.000000e-07
 7  13  0  0  0  1  1.849704e-01  3.000000e-07
 7  68  0  0  0  1  1.582449e-01  3.000000e-07
 7  78  0  0  0  1  1.596507e-01  3.000000e-07
 74  64  0  0  0  1  1.303732e-01  3.000000e-07
 74  88  0  0  0  1  6.755333e-02  3.000000e-07
 74  3  0  0  0  1  1.352306e-01  3.000000e-07
 74  76  0  0  0  1  6.630046e-02  3.000000e-07
 74  83  0  0  0  1  1.605412e-01  3.000000e-07
 64  3  0  0  0  1  1.686996e-01  3.000000e-07
 64  83  0  0  0  1  8.873705e-02  3.000000e-07
 88  78  0  0  0  1  2.208691e-01  3.000000e-07
 88  83  0  0  0  1  1.991130e-01  3.000000e-07
 11  54 -1  0  0  1  3.673034e-01  3.000000e-07
 11  10  0  0  0  1  1.502901e-01  3.000000e-07
 11  55 -1  0  0  1  2.353706e-01  3.000000e-07
 11  14  0  0  0  1  7.912355e-02  3.000000e-07
 11  59 -1  0  0  1  1.682118e-01  3.000000e-07
 13  70  0  0  0  1  1.575650e-01  3.000000e-07
 75  77  0  0  0  1  5.761541e-02  3.000000e-07
 5  80  0  0  0  1  5.079093e-02  3.000000e-07
 5  81  0  0  0  1  1.078573e-01  3.000000e-07
 3  76  0  0  0  1  1.571631e-01  3.000000e-07
 3  56  0  0  0  1  1.388940e-01  3.000000e-07
 77  80  0  0  0  1  2.743868e-01  3.000000e-07
 77  78  0  0  0  1  2.449695e-01  3.000000e-07
 77  82  0  0  0  1  1.545737e-01  3.000000e-07
 68  80  0  0  0  1  1.723041e-01  3.000000e-07
 68  78  0  0  0  1  2.388289e-01  3.000000e-07
 68  14  0  0  0  1  1.590647e-01  3.000000e-07
 68  72  0  0  0  1  1.188246e-01  3.000000e-07
 80  81  0  0  0  1  1.150545e-01  3.000000e-07
 80  57  0  0  0  1  1.749389e-01  3.000000e-07
 80  82  0  0  0  1  1.926586e-01  3.000000e-07
 69  10  1  0  0  1  2.271129e-01  3.000000e-07
 69  71  0  0  0  1  7.349254e-02  3.000000e-07
 69  56  0  0  0  1  1.029428e-01  3.000000e-07
 69  72  1  0  0  1  2.268167e-01  3.000000e-07
 69  59  0  0  0  1  1.630236e-01  3.000000e-07
 10  14  0  0  0  1  1.524480e-01  3.000000e-07
 10  72  0  0  0  1  1.216129e-01  3.000000e-07
 10  59 -1  0  0  1  1.720976e-01  3.000000e-07
 78  83  0  0  0  1  1.132246e-01  3.000000e-07
 55  59  0  0  0  1  8.389569e-02  3.000000e-07
 81  57  0  0  0  1  1.563258e-01  3.000000e-07
 81  14  0  0  0  1  1.064585e-01  3.000000e-07
 81  8  0  0  0  1  1.329755e-01  3.000000e-07
 57  82  0  0  0  1  1.147815e-01  3.000000e-07
 57  8  0  0  0  1  5.515827e-02  3.000000e-07
 2.047224e-01  7.137342e-02  0
 2.060120e-01  6.888954e-02  0
 2.282553e-01  7.599167e-02  0
 2.175127e-01 -1.221637e-01  0
 1.256531e-01 -2.422994e-01  0
-3.153959e-01  1.586606e-01  0
-3.562249e-01 -1.237195e-01  0
-2.721895e-01 -1.438945e-01  0
-2.121055e-01  3.456875e-01  0
-3.167435e-01  3.685442e-01  0
-4.075888e-01  2.476902e-02  0
-4.208505e-01  1.744728e-01  0
-3.331141e-01 -2.358805e-01  0
-2.865165e-01 -3.283092e-01  0
-3.426113e-01  1.626760e-01  0
-8.471393e-02  2.639391e-01  1.393851e-01
 4.327741e-02  4.448621e-01  0
 2.987082e-01  4.008394e-01  1.170226e-01
 1.429405e-01 -7.172714e-03  2.732498e-01
-2.645940e-01  2.478780e-01  1.943515e-01
-3.812122e-01  1.687462e-01  4.093318e-01
 8.124430e-02 -1.418670e-01  2.558446e-01
-4.460390e-01  4.418901e-01 -3.182430e-01
 3.555129e-01 -3.387107e-01 -2.535415e-01
-4.414483e-01 -2.999819e-01 -3.196140e-01
-1.452995e-01 -2.145940e-01 -4.490553e-01
 6.661551e-02  3.227520e-02 -1.568747e-01
-1.305035e-01  4.181877e-01 -4.171109e-01
-9.275771e-02  3.648785e-01  4.316743e-01
 1.771806e-01 -2.179618e-02 -3.218489e-01
 1.808498e-01  1.354059e-01  4.047176e-01
 9.769820e-02  9.496821e-02 -4.214951e-01
 1.105988e-01  2.744401e-02 -1.919253e-01
-2.426437e-01  4.122021e-01 -3.542998e-01
-7.515820e-02 -2.074710e-02 -1.971182e-01
 2.008526e-01 -1.647950e-01 -3.853917e-01
-1.749434e-02 -3.299258e-01 -3.777199e-01
 3.709342e-01 -3.435783e-01 -2.188721e-01
 2.466210e-01  1.185472e-01 -2.722821e-01
 2.613507e-01 -2.343197e-01  4.427787e-01
 3.492116e-01  3.960290e-01  3.345767e-01
 2.410581e-01  1.357106e-01  3.821461e-01
-2.082672e-01 -4.215448e-01  4.272889e-01
-3.983247e-01 -2.917371e-01 -3.420316e-01
 8.970235e-02 -3.125272e-02  3.288932e-01
-3.616042e-01 -2.956534e-01  3.786943e-01
 2.763767e-01  3.928467e-01 -1.200965e-01
-2.834010e-01  1.844462e-01  3.727735e-01
 1.752139e-01 -4.150573e-01  4.102677e-01
 4.627498e-02  5.222403e-02  0
 3.774668e-01  8.610576e-02  0
 3.355418e-01 -4.021829e-01  0
-3.213554e-01  4.182068e-01  0
-5.458395e-02  4.125770e-01  0
 2.172670e-01  2.373443e-01  0
 3.522473e-01  1.119053e-01  0
 3.505167e-01 -1.621824e-01  0
-1.691000e-01  3.111482e-01  0
 1.575743e-01  3.332071e-01  0
 4.333760e-01  9.053663e-02  0
-3.237639e-02  2.213554e-01  0
 1.789451e-01  9.854780e-02  0
 1.116531e-01 -3.374264e-01  0
 5.898486e-02  3.092828e-01  0
 6.326821e-02 -1.904878e-01  0
 1.612004e-01 -4.458653e-01 -1.483449e-01
 1.501596e-01 -1.702300e-01 -2.026334e-01
-4.400373e-01 -1.803420e-01  0
-3.276394e-01  4.317438e-03  0
 3.836748e-01 -6.472602e-02  0
-4.248964e-01 -4.036598e-01  0
 3.742008e-01 -1.376053e-01  0
-3.916464e-01 -9.579440e-02  0
 2.498030e-01  1.332863e-01  0
 9.536855e-02 -6.412816e-02  0
 5.913119e-02  1.191710e-01  0
 1.169050e-01 -1.423022e-03  0
 3.033811e-03  1.060325e-01  0
-1.167000e-01 -1.076819e-01  0
-1.412116e-01 -3.536929e-01  0
-2.649804e-01  1.648246e-01  0
-3.189026e-01  2.664609e-01  0
-8.485812e-02  2.331862e-01  0
-2.352341e-02 -1.720086e-01  0
-2.415634e-01 -3.585060e-01  2.823148e-01
-2.400905e-01  2.885217e-01  1.860227e-01
-3.754341e-01  4.960942e-02 -2.749663e-01
-3.960113e-01 -3.854802e-01 -2.753426e-01
 7.583851e-02  5.404522e-04  0
 5.543499e-02  1.565656e-01  1.556453e-01