 716  90  1.200000e-05  74 -2 -2
 16  61  1  0  0  3  5.152888e-01  1.000000e-07
 16  67  0  0  0  3  3.921318e-01  1.000000e-07
 16  17  1  0  0  3  2.670322e-01  1.000000e-07
 16  58  0  0  0  3  4.320094e-01  1.000000e-07
 16  20  1  0  0  3  4.326323e-01  1.000000e-07
 16  65  0  1  1  3  6.043435e-01  1.000000e-07
 16  59  0  0  1  3  3.732776e-01  1.000000e-07
 16  70  0  0  1  3  4.411138e-01  1.000000e-07
 12  19  0  0  0  3  2.103441e-01  1.000000e-07
 12  61  0  0  0  3  2.704632e-01  1.000000e-07
 12  62  0  0  0  3  1.975707e-01  1.000000e-07
 12  77  0 -1  0  3  4.448491e-01  1.000000e-07
 12  14  0  0  0  3  1.461628e-01  1.000000e-07
 12  18  0 -1  0  3  5.112041e-01  1.000000e-07
 12  13  0  0  0  3  2.562934e-01  1.000000e-07
 15  19 -1  0  0  3  4.516199e-01  1.000000e-07
 15  56  0  0  0  3  3.467055e-01  1.000000e-07
 15  17  0  0  0  3  2.285267e-01  1.000000e-07
 15  58 -1  0  0  3  2.747656e-01  1.000000e-07
 15  20  0  0  0  3  8.869037e-02  1.000000e-07
 19  11  0  0  0  3  2.372398e-01  1.000000e-07
 19  14  0  0  0  3  2.575735e-01  1.000000e-07
 19  13  0  0  0  3  1.682761e-01  1.000000e-07
 19  63  0  0  0  3  3.583240e-01  1.000000e-07
 61  11  0  0  0  3  2.073451e-01  1.000000e-07
 61  62  0  0  0  3  2.506998e-01  1.000000e-07
 61  14  0  0  0  3  2.085706e-01  1.000000e-07
 61  17  0  0  0  3  3.286582e-01  1.000000e-07
 61  63  0  0  0  3  2.831351e-01  1.000000e-07
 61  66  0  0  1  3  3.584630e-01  1.000000e-07
 61  3  0  0  1  3  3.910007e-01  1.000000e-07
 11  62  0  0  0  3  1.080166e-01  1.000000e-07
 11  56  0  0  0  3  1.947412e-01  1.000000e-07
 11  14  0  0  0  3  9.097493e-02  1.000000e-07
 11  63  0  0  0  3  2.690110e-01  1.000000e-07
 11  66  0  0  1  3  2.485993e-01  1.000000e-07
 11  70  0  0  1  3  2.471032e-01  1.000000e-07
 62  67  0 -1  0  3  3.421152e-01  1.000000e-07
 62  14  0  0  0  3  6.372918e-02  1.000000e-07
 62  20  0  0  0  3  4.090350e-01  1.000000e-07
 62  70  0  0  1  3  2.942232e-01  1.000000e-07
 62  71  0  0  1  3  4.280287e-01  1.000000e-07
 10  56  0  0  0  3  3.350199e-01  1.000000e-07
 10  57 -1  1  0  3  7.301703e-01  1.000000e-07
 10  20  0  1  0  3  7.723229e-01  1.000000e-07
 10  64  0  0  1  3  4.407399e-01  1.000000e-07
 10  65 -1  1  1  3  6.282155e-01  1.000000e-07
 10  59 -1  0  1  3  3.696507e-01  1.000000e-07
 10  68  0  0  1  3  2.940978e-01  1.000000e-07
 10  69  0  0  1  3  2.101277e-01  1.000000e-07
 10  71  0  0  1  3  4.914196e-01  1.000000e-07
 77  56  0  0  0  3  5.080882e-01  1.000000e-07
 77  57  0  1  0  3  3.689369e-01  1.000000e-07
 77  13  0  1  0  3  3.502559e-01  1.000000e-07
 77  20  0  1  0  3  6.172787e-01  1.000000e-07
 77  63  0  0  0  3  3.355056e-01  1.000000e-07
 77  64  0  0  1  3  3.719731e-01  1.000000e-07
 77  4  0  0  1  3  2.863711e-01  1.000000e-07
 67  13  0  1  0  3  3.617625e-01  1.000000e-07
 67  64  0  0  1  3  3.600336e-01  1.000000e-07
 67  65  0  1  1  3  4.457339e-01  1.000000e-07
 67  72  0  1  1  3  4.605107e-01  1.000000e-07
 67  6  0  0  1  3  4.076890e-01  1.000000e-07
 67  8  0  0  1  3  3.351616e-01  1.000000e-07
 67  7  0  0  1  3  2.331119e-01  1.000000e-07
 56  14  0  0  0  3  1.942160e-01  1.000000e-07
 56  18  0  0  0  3  5.227614e-01  1.000000e-07
 56  17  0  0  0  3  3.370021e-01  1.000000e-07
 14  13  0  0  0  3  2.327003e-01  1.000000e-07
 14  20  0  0  0  3  3.549643e-01  1.000000e-07
 18  17  1  0  0  3  5.008189e-01  1.000000e-07
 18  13  0  1  0  3  3.587748e-01  1.000000e-07
 18  63  0  0  0  3  4.003228e-01  1.000000e-07
 18  65  0  1  1  3  5.306314e-01  1.000000e-07
 18  71  1  1  1  3  6.598080e-01  1.000000e-07
 57  17  1 -1  0  3  6.687198e-01  1.000000e-07
 57  13  0  0  0  3  1.336867e-01  1.000000e-07
 57  58  0  0  0  3  1.284546e-01  1.000000e-07
 57  65  0  0  1  3  4.539289e-01  1.000000e-07
 57  71  1  0  1  3  5.442181e-01  1.000000e-07
 17  20  0  1  0  3  7.624956e-01  1.000000e-07
 17  71  0  0  1  3  5.633780e-01  1.000000e-07
 13  72  0  0  1  3  4.490239e-01  1.000000e-07
 13  70  0  0  1  3  3.494681e-01  1.000000e-07
 58  20  1  0  0  3  3.077978e-01  1.000000e-07
 58  72  0  0  1  3  5.223661e-01  1.000000e-07
 63  66  0  0  1  3  3.262388e-01  1.000000e-07
 63  69  0  0  1  3  3.721742e-01  1.000000e-07
 63  6  0  0  1  3  3.589851e-01  1.000000e-07
 63  7  0  0  1  3  2.525038e-01  1.000000e-07
 64  66  0  1  0  3  4.340776e-01  1.000000e-07
 64  1  0  1  0  3  4.262101e-01  1.000000e-07
 64  89  0  0  0  3  3.460716e-01  1.000000e-07
 64  4  0  0  0  3  1.893687e-01  1.000000e-07
 64  3  0  1  0  3  1.492112e-01  1.000000e-07
 64  71  0  1  0  3  2.722506e-01  1.000000e-07
 65  72  0  0  0  3  4.978664e-02  1.000000e-07
 65  3  1  0  0  3  3.806044e-01  1.000000e-07
 65  6  0 -1  0  3  4.982500e-01  1.000000e-07
 65  8  0 -1  0  3  3.537391e-01  1.000000e-07
 66  72  0  0  0  3  3.233250e-01  1.000000e-07
 66  1  0  0  0  3  2.573252e-01  1.000000e-07
 66  3  0  0  0  3  3.942556e-01  1.000000e-07
 66  2  0  0  0  3  4.107779e-01  1.000000e-07
 66  8  0 -1  0  3  4.870706e-01  1.000000e-07
 59  0  0  0  0  3  4.497282e-01  1.000000e-07
 59  5  0  0  0  3  2.812239e-01  1.000000e-07
 59  70  0  0  0  3  4.221595e-01  1.000000e-07
 59  6  0  0  0  3  1.518012e-01  1.000000e-07
 68  69  0  0  0  3  1.580330e-01  1.000000e-07
 68  0 -1  1  0  3  6.026280e-01  1.000000e-07
 68  5 -1  0  0  3  4.347158e-01  1.000000e-07
 68  89  0  0  0  3  9.814567e-02  1.000000e-07
 68  4  0  0  0  3  3.973832e-01  1.000000e-07
 68  3  0  1  0  3  4.310442e-01  1.000000e-07
 68  71  0  1  0  3  4.666521e-01  1.000000e-07
 69  0 -1  0  0  3  5.450489e-01  1.000000e-07
 69  89  0  0  0  3  1.786767e-01  1.000000e-07
 69  4  0  0  0  3  4.160246e-01  1.000000e-07
 69  71  0  0  0  3  4.137842e-01  1.000000e-07
 69  2  0  0  0  3  3.378390e-01  1.000000e-07
 69  7  0  0  0  3  4.163451e-01  1.000000e-07
 0  79  0  0  0  3  3.515573e-01  1.000000e-07
 0  72  0  0  0  3  1.784378e-01  1.000000e-07
 0  70  0  0  0  3  3.314022e-01  1.000000e-07
 0  71  1  0  0  3  3.840422e-01  1.000000e-07
 79  5  0  0  0  3  2.987886e-01  1.000000e-07
 79  1  0  0  0  3  2.349140e-01  1.000000e-07
 79  89  0  0  0  3  4.693915e-01  1.000000e-07
 79  70  0  0  0  3  2.060611e-01  1.000000e-07
 79  6  0  0  0  3  2.380133e-01  1.000000e-07
 79  2  0  0  0  3  3.661865e-01  1.000000e-07
 79  7  0  0  0  3  3.328846e-01  1.000000e-07
 5  89  0  0  0  3  5.132693e-01  1.000000e-07
 5  6  0  0  0  3  1.820234e-01  1.000000e-07
 5  8  0  0  0  3  9.408745e-02  1.000000e-07
 5  7  0  0  0  3  2.227456e-01  1.000000e-07
 72  70  0  0  0  3  3.159090e-01  1.000000e-07
 72  71  1  0  0  3  2.665035e-01  1.000000e-07
 72  8  0 -1  0  3  3.735759e-01  1.000000e-07
 1  3  0  0  0  3  3.578949e-01  1.000000e-07
 1  2  0  0  0  3  2.427735e-01  1.000000e-07
 89  4  0  0  0  3  3.684640e-01  1.000000e-07
 89  2  0  0  0  3  3.534446e-01  1.000000e-07
 89  7  0  0  0  3  4.000624e-01  1.000000e-07
 4  62  0  1 -1  3  4.451328e-01  1.000000e-07
 4  9  0  1  0  3  3.997983e-01  1.000000e-07
 4  8  0  0  0  3  2.216812e-01  1.000000e-07
 4  7  0  0  0  3  1.029288e-01  1.000000e-07
 3  71  0  0  0  3  1.637746e-01  1.000000e-07
 3  9  0  0  0  3  1.445047e-01  1.000000e-07
 3  2  0  0  0  3  3.291488e-01  1.000000e-07
 70  6  0  0  0  3  3.388928e-01  1.000000e-07
 71  14  0  0 -1  3  4.310237e-01  1.000000e-07
 71  2  0  0  0  3  3.781896e-01  1.000000e-07
 6  8  0  0  0  3  2.508871e-01  1.000000e-07
 6  7  0  0  0  3  2.814445e-01  1.000000e-07
 9  68  0 -1  0  3  4.702997e-01  1.000000e-07
 9  2  0  0  0  3  2.441373e-01  1.000000e-07
 9  8  0 -1  0  3  4.986154e-01  1.000000e-07
 8  7  0  0  0  3  2.032740e-01  1.000000e-07
 56  49  0  0  0  3  2.707715e-01  1.000000e-07
 42  89  0  0  0  3  3.009859e-01  1.000000e-07
 18  54  0  0  0  3  3.201523e-01  1.000000e-07
 32  89  0  0  0  3  3.756643e-01  1.000000e-07
 19  51  0  0  0  3  2.138699e-01  1.000000e-07
 24  59  0  0  0  3  4.234387e-01  1.000000e-07
 12  55  0  0  0  3  2.045910e-01  1.000000e-07
 82  9  0  0  0  3  2.292598e-01  1.000000e-07
 19  74  0  0  0  3  1.754751e-01  1.000000e-07
 22  79  0  0  0  3  2.910382e-01  1.000000e-07
 19  60  0  0  0  3  2.036832e-01  1.000000e-07
 78  0  0  0  0  3  2.418340e-01  1.000000e-07
 17  52 -1  0  0  3  2.944401e-01  1.000000e-07
 73  5  0  0  0  3  3.586498e-01  1.000000e-07
 18  48  0  0  0  3  2.089798e-01  1.000000e-07
 85  8  0  0  0  3  2.914076e-01  1.000000e-07
 58  78  0  0  0  3  1.787314e-01  1.000000e-07
 81  1  0  0  0  3  2.605183e-01  1.000000e-07
 12  50  0  0  0  3  1.781246e-01  1.000000e-07
 80  1  0  0  0  3  1.755957e-01  1.000000e-07
 16  73  0  0  0  3  3.009077e-01  1.000000e-07
 52  59  0  0  0  3  3.394026e-01  1.000000e-07
 56  23  0  0  0  3  2.437979e-01  1.000000e-07
 74  1  0  0  0  3  1.868907e-01  1.000000e-07
 58  44  0  0  0  3  1.169582e-01  1.000000e-07
 60  0  0  0  0  3  2.036750e-01  1.000000e-07
 77  37  0  0  0  3  4.042468e-01  1.000000e-07
 26  89  0  0  0  3  3.020642e-01  1.000000e-07
 15  53  0  0  0  3  1.475506e-01  1.000000e-07
 75  9  0  0  0  3  2.825796e-01  1.000000e-07
 15  75  0  0  0  3  1.370205e-01  1.000000e-07
 76  2  0  0  0  3  1.856650e-01  1.000000e-07
 15  75  0  0  0  3  1.198438e-01  1.000000e-07
 53  59 -1  0  0  3  4.022654e-01  1.000000e-07
 58  25  0  0  0  3  1.986030e-01  1.000000e-07
 88  9  1  0  0  3  3.290596e-01  1.000000e-07
 58  47  0  0  0  3  1.870818e-01  1.000000e-07
 84  5  0 -1  0  3  4.246333e-01  1.000000e-07
 57  84  0  0  0  3  2.275666e-01  1.000000e-07
 83  8  0 -1  0  3  3.489207e-01  1.000000e-07
 57  22  0  0  0  3  2.405292e-01  1.000000e-07
 87  1  0  0  0  3  2.140167e-01  1.000000e-07
 20  76  0  0  0  3  1.801482e-01  1.000000e-07
 86  9  0  0  0  3  2.365194e-01  1.000000e-07
 15  49  0  0  0  3  1.380278e-01  1.000000e-07
 75  89  0  0  0  3  3.372099e-01  1.000000e-07
 28  42  0  0  0  2  1.554612e-01  2.000000e-07
 28  26  0  0  0  2  1.437748e-01  2.000000e-07
 28  29  0  0  0  2  1.379157e-01  2.000000e-07
 28  73 -1  0  0  2  3.457356e-01  2.000000e-07
 28  27  0  0  0  2  1.099593e-01  2.000000e-07
 28  35  0  0  0  2  2.050578e-01  2.000000e-07
 28  43  0  0  0  2  2.983119e-01  2.000000e-07
 28  85 -1  0  0  2  3.733099e-01  2.000000e-07
 28  49  0  0  0  2  2.080537e-01  2.000000e-07
 28  88 -1  1  0  2  3.585912e-01  2.000000e-07
 28  30  0  0  0  2  8.612360e-02  2.000000e-07
 78  74  0  0  0  2  3.218153e-01  2.000000e-07
 78  83  0  0  0  2  1.624499e-01  2.000000e-07
 78  84  0  0  0  2  1.288248e-01  2.000000e-07
 78  85  0 -1  0  2  4.357861e-01  2.000000e-07
 78  60  0  0  0  2  4.173191e-02  2.000000e-07
 78  41  0  0  0  2  4.451651e-01  2.000000e-07
 78  50  0  0  0  2  2.021301e-01  2.000000e-07
 78  51  0  0  0  2  2.315063e-01  2.000000e-07
 78  87  0  0  0  2  6.841750e-02  2.000000e-07
 78  24  0  0  0  2  3.616858e-01  2.000000e-07
 78  53  1  0  0  2  3.253058e-01  2.000000e-07
 78  88  0  0  0  2  2.446669e-01  2.000000e-07
 78  40  0  0  0  2  1.960152e-01  2.000000e-07
 78  47  0  0  0  2  1.609280e-01  2.000000e-07
 42  32  0  0  0  2  2.113199e-01  2.000000e-07
 42  26  0  0  0  2  1.228315e-01  2.000000e-07
 42  29  0  0  0  2  8.286119e-02  2.000000e-07
 42  27  0  0  0  2  1.442921e-01  2.000000e-07
 42  74  0  0  0  2  3.449014e-01  2.000000e-07
 42  75  0  0  0  2  3.238895e-01  2.000000e-07
 42  43  0  0  0  2  1.847494e-01  2.000000e-07
 42  49  0  0  0  2  9.798520e-02  2.000000e-07
 42  41  0  0  0  2  3.888384e-01  2.000000e-07
 42  76  0  0  0  2  3.710074e-01  2.000000e-07
 42  52 -1  0  0  2  2.953603e-01  2.000000e-07
 42  38  0  0  0  2  2.152546e-01  2.000000e-07
 42  39  0  0  0  2  2.564325e-01  2.000000e-07
 42  45  0  0  0  2  2.630695e-01  2.000000e-07
 42  54  0  0  0  2  2.215640e-01  2.000000e-07
 42  55  0  0  0  2  4.470178e-01  2.000000e-07
 42  37  0  0  0  2  1.677009e-01  2.000000e-07
 32  74  0  0  0  2  3.401714e-01  2.000000e-07
 32  33  0  0  0  2  1.533019e-01  2.000000e-07
 32  43  0  0  0  2  1.141589e-01  2.000000e-07
 32  85  0  0  0  2  3.658301e-01  2.000000e-07
 32  48  0  0  0  2  2.438631e-01  2.000000e-07
 32  41  0  0  0  2  2.453873e-01  2.000000e-07
 32  36  0  0  0  2  1.371341e-01  2.000000e-07
 32  38  0  0  0  2  3.367640e-01  2.000000e-07
 32  39  0  0  0  2  2.054321e-01  2.000000e-07
 32  31  0  0  0  2  1.288181e-01  2.000000e-07
 32  54  0  0  0  2  1.144840e-02  2.000000e-07
 32  37  0  0  0  2  6.489554e-02  2.000000e-07
 80  81  0  0  0  2  1.386087e-01  2.000000e-07
 80  82  0  0  0  2  1.299253e-01  2.000000e-07
 80  43  0  0  0  2  4.442938e-01  2.000000e-07
 80  84  0  0  0  2  2.155364e-01  2.000000e-07
 80  44  0  0  0  2  2.097119e-01  2.000000e-07
 80  86  0  0  0  2  3.885725e-01  2.000000e-07
 80  50  0  0  0  2  1.970825e-02  2.000000e-07
 80  51  0  0  0  2  3.488317e-01  2.000000e-07
 80  23  0  0  0  2  2.152090e-01  2.000000e-07
 80  46  0  0  0  2  1.345394e-01  2.000000e-07
 80  21  0  0  0  2  2.369487e-01  2.000000e-07
 80  22  0  0  0  2  1.129820e-01  2.000000e-07
 80  87  0  0  0  2  1.204376e-01  2.000000e-07
 80  45  0  0  0  2  3.675230e-01  2.000000e-07
 80  47  0  0  0  2  3.192965e-01  2.000000e-07
 26  29  0  0  0  2  1.818408e-01  2.000000e-07
 26  27  0  0  0  2  4.694326e-02  2.000000e-07
 26  35  0  0  0  2  1.449405e-01  2.000000e-07
 26  36  0  0  0  2  1.683614e-01  2.000000e-07
 26  39  0  0  0  2  1.500863e-01  2.000000e-07
 26  54  0  0  0  2  1.307802e-01  2.000000e-07
 26  88 -1  1  0  2  4.751193e-01  2.000000e-07
 26  37  0  0  0  2  5.707064e-02  2.000000e-07
 29  73 -1  0  0  2  2.620770e-01  2.000000e-07
 29  27  0  0  0  2  1.841005e-01  2.000000e-07
 29  75  0  0  0  2  3.231526e-01  2.000000e-07
 29  85 -1  0  0  2  3.961312e-01  2.000000e-07
 29  49  0  0  0  2  7.201683e-02  2.000000e-07
 29  76  0  0  0  2  3.822181e-01  2.000000e-07
 29  52 -1  0  0  2  2.125586e-01  2.000000e-07
 29  38  0  0  0  2  1.707228e-01  2.000000e-07
 29  39  0  0  0  2  2.839685e-01  2.000000e-07
 29  55  0  0  0  2  4.667085e-01  2.000000e-07
 29  40 -1  0  0  2  4.456037e-01  2.000000e-07
 73  75  1  0  0  2  3.597112e-01  2.000000e-07
 73  85  0  0  0  2  2.837997e-01  2.000000e-07
 73  44  0  0  0  2  3.439289e-01  2.000000e-07
 73  48  0  0  0  2  3.489905e-01  2.000000e-07
 73  49  1  0  0  2  2.595060e-01  2.000000e-07
 73  41  0  0  0  2  3.148171e-01  2.000000e-07
 73  51  0  0  0  2  1.390927e-01  2.000000e-07
 73  52  0  0  0  2  9.317620e-02  2.000000e-07
 73  52  0  0  0  2  9.317620e-02  2.000000e-07
 73  38  1  0  0  2  3.138066e-01  2.000000e-07
 73  24  0  0  0  2  2.643097e-01  2.000000e-07
 73  53  1  0  0  2  3.558506e-01  2.000000e-07
 73  30  1  0  0  2  3.752927e-01  2.000000e-07
 73  40  0  0  0  2  2.629237e-01  2.000000e-07
 73  47  0  1  0  2  5.598912e-01  2.000000e-07
 27  35  0  0  0  2  1.229768e-01  2.000000e-07
 27  49  0  0  0  2  2.348677e-01  2.000000e-07
 27  36  0  0  0  2  1.642560e-01  2.000000e-07
 27  39  0  0  0  2  1.130120e-01  2.000000e-07
 27  54  0  0  0  2  1.651435e-01  2.000000e-07
 27  88 -1  1  0  2  4.285173e-01  2.000000e-07
 27  30  0  0  0  2  1.688311e-01  2.000000e-07
 74  75  0  0  0  2  3.102990e-01  2.000000e-07
 74  82  0  0  0  2  2.857126e-01  2.000000e-07
 74  83  0  0  0  2  3.953559e-01  2.000000e-07
 74  43  0  0  0  2  2.300376e-01  2.000000e-07
 74  44  0  0  0  2  3.271187e-01  2.000000e-07
 74  48  0  0  0  2  3.539235e-01  2.000000e-07
 74  60  0  0  0  2  3.232149e-01  2.000000e-07
 74  41  0  0  0  2  2.331886e-01  2.000000e-07
 74  50  0  0  0  2  2.267201e-01  2.000000e-07
 74  76  0  0  0  2  2.798740e-01  2.000000e-07
 74  52  0  0  0  2  4.704541e-01  2.000000e-07
 74  23  0  0  0  2  1.182495e-01  2.000000e-07
 74  22  0  0  0  2  2.663205e-01  2.000000e-07
 74  45  0  0  0  2  1.510291e-01  2.000000e-07
 74  24  0  0  0  2  1.935030e-01  2.000000e-07
 74  55  0  0  0  2  2.793938e-01  2.000000e-07
 74  40  0  0  0  2  4.475398e-01  2.000000e-07
 75  25 -1  0  0  2  3.387923e-01  2.000000e-07
 75  82  0  0  0  2  2.699253e-01  2.000000e-07
 75  43  0  0  0  2  3.821746e-01  2.000000e-07
 75  44 -1  0  0  2  4.735459e-01  2.000000e-07
 75  49  0  0  0  2  2.514882e-01  2.000000e-07
 75  86  0  0  0  2  2.280728e-01  2.000000e-07
 75  76  0  0  0  2  7.349712e-02  2.000000e-07
 75  52 -1  0  0  2  3.998642e-01  2.000000e-07
 75  23  0  0  0  2  1.930305e-01  2.000000e-07
 75  21  0  0  0  2  1.104165e-01  2.000000e-07
 75  38  0  0  0  2  4.902817e-01  2.000000e-07
 75  53  0  0  0  2  2.047980e-01  2.000000e-07
 75  40 -1  0  0  2  3.042637e-01  2.000000e-07
 81  83  0  0  0  2  1.325107e-01  2.000000e-07
 81  44  0  0  0  2  7.889913e-02  2.000000e-07
 81  60  0  0  0  2  8.962573e-02  2.000000e-07
 81  46  0  0  0  2  2.113484e-01  2.000000e-07
 81  22  0  0  0  2  3.160040e-02  2.000000e-07
 81  47  0  0  0  2  1.892469e-01  2.000000e-07
 35  43  0  0  0  2  2.701928e-01  2.000000e-07
 35  49  0  0  0  2  3.574566e-01  2.000000e-07
 35  86  0  1  0  2  2.467445e-01  2.000000e-07
 35  50  0  1  0  2  3.758699e-01  2.000000e-07
 35  46  0  1  0  2  2.646746e-01  2.000000e-07
 35  36  0  0  0  2  6.759020e-02  2.000000e-07
 35  39  0  0  0  2  5.549665e-02  2.000000e-07
 35  45  0  0  0  2  3.575122e-01  2.000000e-07
 35  53  0  1  0  2  3.966880e-01  2.000000e-07
 35  54  0  0  0  2  1.718334e-01  2.000000e-07
 35  55  0  1  0  2  3.146970e-01  2.000000e-07
 35  88 -1  1  0  2  4.219972e-01  2.000000e-07
 35  30  0  0  0  2  2.199853e-01  2.000000e-07
 35  37  0  0  0  2  1.308523e-01  2.000000e-07
 35  34  0  0  0  2  1.767958e-01  2.000000e-07
 25  83  0  0  0  2  2.868926e-01  2.000000e-07
 25  44  0  0  0  2  1.659177e-01  2.000000e-07
 25  48  0 -1  0  2  4.905385e-01  2.000000e-07
 25  86  1  0  0  2  2.726176e-01  2.000000e-07
 25  60  0  0  0  2  1.647641e-01  2.000000e-07
 25  76  1  0  0  2  3.761315e-01  2.000000e-07
 25  52  0  0  0  2  4.416618e-01  2.000000e-07
 25  38  1 -1  0  2  4.132626e-01  2.000000e-07
 25  39  1 -1  0  2  4.423626e-01  2.000000e-07
 25  53  1  0  0  2  1.451338e-01  2.000000e-07
 25  88  0  0  0  2  1.153394e-01  2.000000e-07
 25  40  0  0  0  2  8.793548e-02  2.000000e-07
 25  47  0  0  0  2  1.277974e-01  2.000000e-07
 33  82  0  1  0  2  3.020242e-01  2.000000e-07
 33  83  0  1  0  2  2.323382e-01  2.000000e-07
 33  85  0  0  0  2  2.767031e-01  2.000000e-07
 33  48  0  0  0  2  1.786103e-01  2.000000e-07
 33  41  0  0  0  2  2.562950e-01  2.000000e-07
 33  50  0  1  0  2  3.383730e-01  2.000000e-07
 33  36  0  0  0  2  1.368561e-01  2.000000e-07
 33  39  0  0  0  2  2.593124e-01  2.000000e-07
 33  31  0  0  0  2  2.586799e-02  2.000000e-07
 33  87  0  1  0  2  3.581930e-01  2.000000e-07
 33  55  0  1  0  2  3.871696e-01  2.000000e-07
 33  37  0  0  0  2  1.988502e-01  2.000000e-07
 33  34  0  0  0  2  2.727754e-02  2.000000e-07
 82  83  0  0  0  2  2.363464e-01  2.000000e-07
 82  86  0  0  0  2  2.617640e-01  2.000000e-07
 82  76  0  0  0  2  1.964356e-01  2.000000e-07
 82  23  0  0  0  2  2.242076e-01  2.000000e-07
 82  46  0  0  0  2  8.735887e-02  2.000000e-07
 82  21  0  0  0  2  1.865022e-01  2.000000e-07
 82  39  0 -1  0  2  3.069413e-01  2.000000e-07
 82  22  0  0  0  2  2.337599e-01  2.000000e-07
 82  55  0  0  0  2  1.070428e-01  2.000000e-07
 82  34  0 -1  0  2  2.943501e-01  2.000000e-07
 83  85  0 -1  0  2  3.219577e-01  2.000000e-07
 83  44  0  0  0  2  1.890992e-01  2.000000e-07
 83  48  0 -1  0  2  3.101218e-01  2.000000e-07
 83  60  0  0  0  2  2.033540e-01  2.000000e-07
 83  50  0  0  0  2  1.861446e-01  2.000000e-07
 83  46  0  0  0  2  1.584333e-01  2.000000e-07
 83  38  1 -1  0  2  5.084369e-01  2.000000e-07
 83  22  0  0  0  2  1.503449e-01  2.000000e-07
 83  87  0  0  0  2  1.349518e-01  2.000000e-07
 83  55  0  0  0  2  3.429559e-01  2.000000e-07
 83  88  0  0  0  2  2.806436e-01  2.000000e-07
 83  47  0  0  0  2  1.823247e-01  2.000000e-07
 83  34  0 -1  0  2  2.477320e-01  2.000000e-07
 43  44  0  0  0  2  5.421393e-01  2.000000e-07
 43  48  0  0  0  2  2.600370e-01  2.000000e-07
 43  49  0  0  0  2  2.583881e-01  2.000000e-07
 43  86  0  1  0  2  5.135191e-01  2.000000e-07
 43  41  0  0  0  2  2.042518e-01  2.000000e-07
 43  51  0  0  0  2  4.815331e-01  2.000000e-07
 43  23  0  0  0  2  2.668701e-01  2.000000e-07
 43  36  0  0  0  2  2.507187e-01  2.000000e-07
 43  38  0  0  0  2  3.722113e-01  2.000000e-07
 43  22  0  0  0  2  4.934905e-01  2.000000e-07
 43  31  0  0  0  2  2.189278e-01  2.000000e-07
 43  45  0  0  0  2  9.467201e-02  2.000000e-07
 43  54  0  0  0  2  1.151328e-01  2.000000e-07
 43  30  0  0  0  2  3.753407e-01  2.000000e-07
 43  34  0  0  0  2  2.355800e-01  2.000000e-07
 84  85  0 -1  0  2  3.154459e-01  2.000000e-07
 84  50  0  0  0  2  2.197945e-01  2.000000e-07
 84  51  0  0  0  2  3.570800e-01  2.000000e-07
 84  46  0  0  0  2  2.143401e-01  2.000000e-07
 84  36  0 -1  0  2  3.681664e-01  2.000000e-07
 84  87  0  0  0  2  1.284836e-01  2.000000e-07
 84  45  0 -1  0  2  5.381928e-01  2.000000e-07
 84  24  0 -1  0  2  5.224814e-01  2.000000e-07
 84  54  0 -1  0  2  4.228771e-01  2.000000e-07
 84  88  0  0  0  2  2.230723e-01  2.000000e-07
 84  30  1 -1  0  2  4.585533e-01  2.000000e-07
 84  47  0  0  0  2  1.236361e-01  2.000000e-07
 84  34  0 -1  0  2  2.965370e-01  2.000000e-07
 85  48  0  0  0  2  1.229532e-01  2.000000e-07
 85  41  0  0  0  2  2.052206e-01  2.000000e-07
 85  52  0  0  0  2  2.264989e-01  2.000000e-07
 85  36  0  0  0  2  4.120280e-01  2.000000e-07
 85  87  0  1  0  2  4.434143e-01  2.000000e-07
 85  45  0  0  0  2  3.428783e-01  2.000000e-07
 85  24  0  0  0  2  2.459220e-01  2.000000e-07
 85  54  0  0  0  2  3.544115e-01  2.000000e-07
 85  88  0  1  0  2  3.242887e-01  2.000000e-07
 85  30  1  0  0  2  3.345756e-01  2.000000e-07
 85  47  0  1  0  2  3.098726e-01  2.000000e-07
 44  48  0  0  0  2  5.429872e-01  2.000000e-07
 44  60  0  0  0  2  1.448358e-02  2.000000e-07
 44  51  0  0  0  2  2.063131e-01  2.000000e-07
 44  52  0  0  0  2  4.350567e-01  2.000000e-07
 44  23  0  0  0  2  3.881204e-01  2.000000e-07
 44  22  0  0  0  2  9.707367e-02  2.000000e-07
 44  45  0  0  0  2  4.493066e-01  2.000000e-07
 44  53  1  0  0  2  3.031566e-01  2.000000e-07
 44  47  0  0  0  2  1.627298e-01  2.000000e-07
 48  60  0  0  0  2  5.310804e-01  2.000000e-07
 48  41  0  0  0  2  1.233966e-01  2.000000e-07
 48  51  0  0  0  2  3.905269e-01  2.000000e-07
 48  52  0  0  0  2  3.181348e-01  2.000000e-07
 48  38  1  0  0  2  4.227908e-01  2.000000e-07
 48  31  0  0  0  2  1.746459e-01  2.000000e-07
 48  45  0  0  0  2  2.378659e-01  2.000000e-07
 48  24  0  0  0  2  1.972328e-01  2.000000e-07
 48  88  0  1  0  2  4.073027e-01  2.000000e-07
 48  47  0  1  0  2  3.650705e-01  2.000000e-07
 48  34  0  0  0  2  2.006123e-01  2.000000e-07
 49  50  0  0  0  2  5.083547e-01  2.000000e-07
 49  23  0  0  0  2  2.969199e-01  2.000000e-07
 49  21  0  0  0  2  2.998929e-01  2.000000e-07
 49  38  0  0  0  2  2.420373e-01  2.000000e-07
 49  45  0  0  0  2  3.179941e-01  2.000000e-07
 49  54  0  0  0  2  3.157409e-01  2.000000e-07
 49  55  0  0  0  2  3.953071e-01  2.000000e-07
 49  30  0  0  0  2  2.869143e-01  2.000000e-07
 49  40 -1  0  0  2  4.010675e-01  2.000000e-07
 86  50  0  0  0  2  3.701337e-01  2.000000e-07
 86  76  0  0  0  2  2.042436e-01  2.000000e-07
 86  46  0  0  0  2  3.165972e-01  2.000000e-07
 86  21  0  0  0  2  2.623624e-01  2.000000e-07
 86  38  0 -1  0  2  3.209507e-01  2.000000e-07
 86  39  0 -1  0  2  2.157304e-01  2.000000e-07
 86  53  0  0  0  2  1.534761e-01  2.000000e-07
 86  30  0 -1  0  2  2.598110e-01  2.000000e-07
 86  47 -1  0  0  2  3.470589e-01  2.000000e-07
 86  34  0 -1  0  2  3.906728e-01  2.000000e-07
 60  41  0  0  0  2  4.244647e-01  2.000000e-07
 60  52  0  0  0  2  4.205789e-01  2.000000e-07
 60  22  0  0  0  2  1.045274e-01  2.000000e-07
 60  88  0  0  0  2  2.428439e-01  2.000000e-07
 60  40  0  0  0  2  1.609299e-01  2.000000e-07
 41  51  0  0  0  2  3.121640e-01  2.000000e-07
 41  52  0  0  0  2  3.186206e-01  2.000000e-07
 41  45  0  0  0  2  1.427348e-01  2.000000e-07
 41  24  0  0  0  2  8.454842e-02  2.000000e-07
 41  54  0  0  0  2  2.362540e-01  2.000000e-07
 41  40  0  0  0  2  4.776196e-01  2.000000e-07
 50  23  0  0  0  2  2.149112e-01  2.000000e-07
 50  46  0  0  0  2  1.176249e-01  2.000000e-07
 50  21  0  0  0  2  2.281957e-01  2.000000e-07
 50  36  0 -1  0  2  3.443272e-01  2.000000e-07
 50  87  0  0  0  2  1.342025e-01  2.000000e-07
 50  45  0  0  0  2  3.777476e-01  2.000000e-07
 50  24  0  0  0  2  3.711286e-01  2.000000e-07
 50  53  0  0  0  2  4.728951e-01  2.000000e-07
 50  55  0  0  0  2  1.917433e-01  2.000000e-07
 76  52 -1  0  0  2  4.727220e-01  2.000000e-07
 76  23  0  0  0  2  1.632398e-01  2.000000e-07
 76  21  0  0  0  2  6.334371e-02  2.000000e-07
 76  39  0 -1  0  2  3.763576e-01  2.000000e-07
 76  55  0  0  0  2  9.148301e-02  2.000000e-07
 76  88 -1  0  0  2  4.100809e-01  2.000000e-07
 76  40 -1  0  0  2  3.558052e-01  2.000000e-07
 51  52  0  0  0  2  2.288729e-01  2.000000e-07
 51  52  0  0  0  2  2.288729e-01  2.000000e-07
 51  45  0  0  0  2  3.894146e-01  2.000000e-07
 51  24  0  0  0  2  2.353555e-01  2.000000e-07
 51  53  1  0  0  2  3.052523e-01  2.000000e-07
 51  88  0  0  0  2  3.621310e-01  2.000000e-07
 51  40  0  0  0  2  1.691903e-01  2.000000e-07
 51  47  0  0  0  2  3.330249e-01  2.000000e-07
 52  49  1  0  0  2  2.351840e-01  2.000000e-07
 52  38  1  0  0  2  2.255930e-01  2.000000e-07
 52  53  1  0  0  2  4.332959e-01  2.000000e-07
 52  40  0  0  0  2  3.537265e-01  2.000000e-07
 23  21  0  0  0  2  1.002602e-01  2.000000e-07
 23  22  0  0  0  2  3.057139e-01  2.000000e-07
 23  45  0  0  0  2  2.222228e-01  2.000000e-07
 46  21  0  0  0  2  2.727459e-01  2.000000e-07
 46  22  0  0  0  2  2.029456e-01  2.000000e-07
 46  47  0  0  0  2  3.377291e-01  2.000000e-07
 46  34  0 -1  0  2  2.258407e-01  2.000000e-07
 21  45  0  0  0  2  3.164463e-01  2.000000e-07
 21  53  0  0  0  2  2.947275e-01  2.000000e-07
 36  46  0  1  0  2  2.277852e-01  2.000000e-07
 36  39  0  0  0  2  1.230566e-01  2.000000e-07
 36  87  0  1  0  2  4.109343e-01  2.000000e-07
 36  54  0  0  0  2  1.387511e-01  2.000000e-07
 36  55  0  1  0  2  3.197419e-01  2.000000e-07
 36  37  0  0  0  2  1.307687e-01  2.000000e-07
 36  34  0  0  0  2  1.100036e-01  2.000000e-07
 38  85 -1  0  0  2  2.999605e-01  2.000000e-07
 38  39  0  0  0  2  2.146431e-01  2.000000e-07
 38  88 -1  1  0  2  3.041021e-01  2.000000e-07
 38  30  0  0  0  2  6.173429e-02  2.000000e-07
 38  47 -1  1  0  2  3.761667e-01  2.000000e-07
 39  31  0  0  0  2  2.514547e-01  2.000000e-07
 39  55  0  1  0  2  3.188728e-01  2.000000e-07
 39  88 -1  1  0  2  3.696675e-01  2.000000e-07
 39  37  0  0  0  2  1.568205e-01  2.000000e-07
 39  34  0  0  0  2  2.321689e-01  2.000000e-07
 31  34  0  0  0  2  2.826481e-02  2.000000e-07
 87  45  0  0  0  2  4.224036e-01  2.000000e-07
 87  24  0  0  0  2  3.588172e-01  2.000000e-07
 87  47  0  0  0  2  2.065592e-01  2.000000e-07
 45  24  0  0  0  2  1.672539e-01  2.000000e-07
 45  54  0  0  0  2  1.899021e-01  2.000000e-07
 45  55  0  0  0  2  4.028370e-01  2.000000e-07
 45  47  0  1  0  2  5.973633e-01  2.000000e-07
 45  34  0  0  0  2  2.867481e-01  2.000000e-07
 24  54  0  0  0  2  3.090532e-01  2.000000e-07
 24  40  0  0  0  2  3.970239e-01  2.000000e-07
 24  47  0  1  0  2  5.470704e-01  2.000000e-07
 53  49  0  0  0  2  3.928753e-01  2.000000e-07
 53  55  0  0  0  2  2.814539e-01  2.000000e-07
 53  88 -1  0  0  2  1.881528e-01  2.000000e-07
 53  30  0 -1  0  2  3.494678e-01  2.000000e-07
 53  40 -1  0  0  2  1.520079e-01  2.000000e-07
 53  47 -1  0  0  2  2.566422e-01  2.000000e-07
 54  37  0  0  0  2  7.606827e-02  2.000000e-07
 54  34  0  0  0  2  1.288325e-01  2.000000e-07
 55  86  0  0  0  2  1.971765e-01  2.000000e-07
 55  88 -1  0  0  2  4.373015e-01  2.000000e-07
 55  37  0 -1  0  2  4.415478e-01  2.000000e-07
 55  40 -1  0  0  2  4.213746e-01  2.000000e-07
 88  29  1 -1  0  2  4.746313e-01  2.000000e-07
 88  30  1 -1  0  2  2.728392e-01  2.000000e-07
 88  40  0  0  0  2  2.023376e-01  2.000000e-07
 88  47  0  0  0  2  1.002278e-01  2.000000e-07
 30  55  0  1  0  2  4.312448e-01  2.000000e-07
 30  47 -1  1  0  2  3.558066e-01  2.000000e-07
 47  34  0 -1  0  2  3.940575e-01  2.000000e-07
 28  42  0  0  0  1  1.554612e-01  3.000000e-07
 28  29  0  0  0  1  1.379157e-01  3.000000e-07
 28  27  0  0  0  1  1.099593e-01  3.000000e-07
 28  38  0  0  0  1  7.575089e-02  3.000000e-07
 28  39  0  0  0  1  1.663463e-01  3.000000e-07
 28  30  0  0  0  1  8.612360e-02  3.000000e-07
 78  81  0  0  0  1  5.196502e-02  3.000000e-07
 78  84  0  0  0  1  1.288248e-01  3.000000e-07
 78  22  0  0  0  1  7.461624e-02  3.000000e-07
 78  47  0  0  0  1  1.609280e-01  3.000000e-07
 42  26  0  0  0  1  1.228315e-01  3.000000e-07
 42  29  0  0  0  1  8.286119e-02  3.000000e-07
 42  27  0  0  0  1  1.442921e-01  3.000000e-07
 42  43  0  0  0  1  1.847494e-01  3.000000e-07
 42  23  0  0  0  1  3.133554e-01  3.000000e-07
 32  43  0  0  0  1  1.141589e-01  3.000000e-07
 32  36  0  0  0  1  1.371341e-01  3.000000e-07
 32  37  0  0  0  1  6.489554e-02  3.000000e-07
 80  74  0  0  0  1  2.167162e-01  3.000000e-07
 80  23  0  0  0  1  2.152090e-01  3.000000e-07
 80  22  0  0  0  1  1.129820e-01  3.000000e-07
 80  87  0  0  0  1  1.204376e-01  3.000000e-07
 26  43  0  0  0  1  1.658394e-01  3.000000e-07
 26  37  0  0  0  1  5.707064e-02  3.000000e-07
 29  49  0  0  0  1  7.201683e-02  3.000000e-07
 29  52 -1  0  0  1  2.125586e-01  3.000000e-07
 29  38  0  0  0  1  1.707228e-01  3.000000e-07
 73  75  1  0  0  1  3.597112e-01  3.000000e-07
 73  49  1  0  0  1  2.595060e-01  3.000000e-07
 73  51  0  0  0  1  1.390927e-01  3.000000e-07
 73  52  0  0  0  1  9.317620e-02  3.000000e-07
 73  24  0  0  0  1  2.643097e-01  3.000000e-07
 73  40  0  0  0  1  2.629237e-01  3.000000e-07
 27  35  0  0  0  1  1.229768e-01  3.000000e-07
 27  39  0  0  0  1  1.130120e-01  3.000000e-07
 27  37  0  0  0  1  8.928884e-02  3.000000e-07
 74  23  0  0  0  1  1.182495e-01  3.000000e-07
 74  22  0  0  0  1  2.663205e-01  3.000000e-07
 74  45  0  0  0  1  1.510291e-01  3.000000e-07
 74  24  0  0  0  1  1.935030e-01  3.000000e-07
 75  49  0  0  0  1  2.514882e-01  3.000000e-07
 75  76  0  0  0  1  7.349712e-02  3.000000e-07
 75  21  0  0  0  1  1.104165e-01  3.000000e-07
 75  53  0  0  0  1  2.047980e-01  3.000000e-07
 75  40 -1  0  0  1  3.042637e-01  3.000000e-07
 81  83  0  0  0  1  1.325107e-01  3.000000e-07
 81  84  0  0  0  1  1.182053e-01  3.000000e-07
 35  82  0  1  0  1  2.843152e-01  3.000000e-07
 35  86  0  1  0  1  2.467445e-01  3.000000e-07
 35  36  0  0  0  1  6.759020e-02  3.000000e-07
 35  39  0  0  0  1  5.549665e-02  3.000000e-07
 35  37  0  0  0  1  1.308523e-01  3.000000e-07
 25  44  0  0  0  1  1.659177e-01  3.000000e-07
 25  60  0  0  0  1  1.647641e-01  3.000000e-07
 25  88  0  0  0  1  1.153394e-01  3.000000e-07
 25  40  0  0  0  1  8.793548e-02  3.000000e-07
 25  47  0  0  0  1  1.277974e-01  3.000000e-07
 33  83  0  1  0  1  2.323382e-01  3.000000e-07
 33  48  0  0  0  1  1.786103e-01  3.000000e-07
 33  46  0  1  0  1  2.283029e-01  3.000000e-07
 82  86  0  0  0  1  2.617640e-01  3.000000e-07
 82  50  0  0  0  1  1.105606e-01  3.000000e-07
 82  46  0  0  0  1  8.735887e-02  3.000000e-07
 82  36  0 -1  0  1  2.669357e-01  3.000000e-07
 82  55  0  0  0  1  1.070428e-01  3.000000e-07
 83  84  0  0  0  1  5.972988e-02  3.000000e-07
 83  48  0 -1  0  1  3.101218e-01  3.000000e-07
 83  50  0  0  0  1  1.861446e-01  3.000000e-07
 83  87  0  0  0  1  1.349518e-01  3.000000e-07
 43  41  0  0  0  1  2.042518e-01  3.000000e-07
 43  45  0  0  0  1  9.467201e-02  3.000000e-07
 43  54  0  0  0  1  1.151328e-01  3.000000e-07
 43  37  0  0  0  1  1.422388e-01  3.000000e-07
 84  85  0 -1  0  1  3.154459e-01  3.000000e-07
 84  47  0  0  0  1  1.236361e-01  3.000000e-07
 85  48  0  0  0  1  1.229532e-01  3.000000e-07
 85  52  0  0  0  1  2.264989e-01  3.000000e-07
 85  38  1  0  0  1  2.999605e-01  3.000000e-07
 85  88  0  1  0  1  3.242887e-01  3.000000e-07
 85  47  0  1  0  1  3.098726e-01  3.000000e-07
 44  47  0  0  0  1  1.627298e-01  3.000000e-07
 48  41  0  0  0  1  1.233966e-01  3.000000e-07
 48  31  0  0  0  1  1.746459e-01  3.000000e-07
 48  54  0  0  0  1  2.325055e-01  3.000000e-07
 49  52 -1  0  0  1  2.351840e-01  3.000000e-07
 49  23  0  0  0  1  2.969199e-01  3.000000e-07
 86  76  0  0  0  1  2.042436e-01  3.000000e-07
 86  39  0 -1  0  1  2.157304e-01  3.000000e-07
 86  53  0  0  0  1  1.534761e-01  3.000000e-07
 86  55  0  0  0  1  1.971765e-01  3.000000e-07
 86  88 -1  0  0  1  2.510242e-01  3.000000e-07
 86  30  0 -1  0  1  2.598110e-01  3.000000e-07
 60  51  0  0  0  1  1.918296e-01  3.000000e-07
 60  22  0  0  0  1  1.045274e-01  3.000000e-07
 60  40  0  0  0  1  1.609299e-01  3.000000e-07
 41  45  0  0  0  1  1.427348e-01  3.000000e-07
 41  24  0  0  0  1  8.454842e-02  3.000000e-07
 41  54  0  0  0  1  2.362540e-01  3.000000e-07
 50  23  0  0  0  1  2.149112e-01  3.000000e-07
 50  46  0  0  0  1  1.176249e-01  3.000000e-07
 50  87  0  0  0  1  1.342025e-01  3.000000e-07
 76  21  0  0  0  1  6.334371e-02  3.000000e-07
 51  22  0  0  0  1  2.654830e-01  3.000000e-07
 51  24  0  0  0  1  2.353555e-01  3.000000e-07
 51  40  0  0  0  1  1.691903e-01  3.000000e-07
 52  38  1  0  0  1  2.255930e-01  3.000000e-07
 52  24  0  0  0  1  2.912940e-01  3.000000e-07
 23  21  0  0  0  1  1.002602e-01  3.000000e-07
 23  45  0  0  0  1  2.222228e-01  3.000000e-07
 23  55  0  0  0  1  1.807743e-01  3.000000e-07
 46  36  0 -1  0  1  2.277852e-01  3.000000e-07
 46  34  0 -1  0  1  2.258407e-01  3.000000e-07
 21  55  0  0  0  1  1.025124e-01  3.000000e-07
 36  54  0  0  0  1  1.387511e-01  3.000000e-07
 36  34  0  0  0  1  1.100036e-01  3.000000e-07
 38  88 -1  1  0  1  3.041021e-01  3.000000e-07
 38  30  0  0  0  1  6.173429e-02  3.000000e-07
 39  30  0  0  0  1  1.676545e-01  3.000000e-07
 31  54  0  0  0  1  1.198041e-01  3.000000e-07
 45  24  0  0  0  1  1.672539e-01  3.000000e-07
 53  25 -1  0  0  1  1.451338e-01  3.000000e-07
 53  88 -1  0  0  1  1.881528e-01  3.000000e-07
 53  40 -1  0  0  1  1.520079e-01  3.000000e-07
 54  34  0  0  0  1  1.288325e-01  3.000000e-07
 88  30  1 -1  0  1  2.728392e-01  3.000000e-07
 3.001440e-01 -3.189191e-01 -2.019508e-01
 1.233595e-02 -2.300021e-01 -1.690347e-01
-2.172630e-01 -1.583883e-01 -1.359476e-01
-2.420558e-01 -4.197883e-01 -3.344276e-01
-3.452210e-02  3.320526e-01 -3.961657e-01
 1.827148e-01  2.431560e-01 -2.632214e-01
 2.615102e-01  1.112314e-01 -3.607903e-01
 2.466108e-02  2.512735e-01 -4.199656e-01
 1.607693e-01  3.302389e-01 -2.912824e-01
-2.430346e-01 -3.945679e-01 -1.921441e-01
-3.154437e-01  8.721410e-02  4.152220e-01
-2.213874e-02 -2.014787e-01  3.565374e-01
-8.295408e-02 -2.202515e-01  1.714690e-01
 1.486027e-01 -3.048511e-01  2.415453e-01
-6.983638e-02 -2.637121e-01  3.104030e-01
-4.366619e-01 -1.456105e-01  1.003292e-01
 3.311981e-01  8.862338e-02  2.985675e-01
-4.177003e-01  5.050894e-02  2.160964e-01
 1.727578e-01  3.386808e-01  2.088901e-01
 1.172544e-01 -1.557587e-01  1.700918e-01
-3.761803e-01 -1.913282e-01  1.463492e-01
-1.747062e-01 -1.781085e-01  0
 1.561422e-01 -2.769488e-01  0
-1.004467e-01 -1.107466e-01  0
 1.542316e-01  6.582264e-02  0
 4.118655e-01 -3.189964e-01  0
-2.078857e-01  2.630345e-01  0
-2.403315e-01  2.969600e-01  0
-3.497702e-01  2.862722e-01  0
-3.490081e-01  1.483586e-01  0
-3.978475e-01  3.577274e-01  0
 6.981204e-03  3.556385e-01  0
-8.871398e-02  2.694032e-01  0
 1.887432e-02  3.786104e-01  0
-8.393022e-03  3.793563e-01  0
-1.831915e-01  4.058559e-01  0
-1.156305e-01  4.038697e-01  0
-1.529627e-01  2.785431e-01  0
-4.239191e-01  3.017686e-01  0
-2.385364e-01  4.099578e-01  0
 4.176248e-01 -2.312497e-01  0
 1.222671e-01  1.440959e-01  0
-2.664171e-01  1.550454e-01  0
-8.166823e-02  1.554619e-01  0
 2.530348e-01 -2.710225e-01  0
-1.086188e-02  9.261887e-02  0
-9.076023e-03 -3.948041e-01  0
 3.280217e-01 -4.154453e-01  0
 1.550664e-01  2.630536e-01  0
-3.285769e-01  7.930073e-02  0
 2.788310e-02 -2.831365e-01  0
 3.369357e-01 -8.253975e-02  0
 4.401039e-01  1.217618e-01  0
-4.448376e-01 -2.959784e-01  0
-7.731946e-02  2.705126e-01  0
-1.638352e-01 -2.800429e-01  0
-1.150155e-01 -9.758870e-02  2.205047e-01
 2.552690e-01 -3.667778e-01  1.899748e-01
 3.385412e-01 -3.028299e-01  1.159681e-01
 4.105878e-01  9.566905e-02 -3.367630e-01
 2.588965e-01 -2.577781e-01  0
-2.171932e-01 -1.410460e-01  3.925045e-01
-3.660714e-02 -3.075994e-01  3.425142e-01
-1.946164e-02  5.946996e-02  4.218486e-01
-1.813093e-01  4.492787e-01 -3.722483e-01
 3.798190e-01 -4.049828e-01 -3.751928e-01
 7.902259e-02 -2.061941e-01 -4.164257e-01
 7.539783e-02  3.722636e-01  3.873472e-01
-3.908714e-01  1.761482e-01 -3.147874e-01
-3.341273e-01  4.386418e-02 -3.800212e-01
 1.074893e-01 -1.816199e-01 -4.340295e-01
-3.787898e-01 -3.666031e-01 -4.072096e-01
 3.580735e-01 -3.612988e-01 -3.653160e-01
 4.163255e-01  3.167077e-02  0
 5.165206e-03 -5.755748e-02  0
-2.846887e-01 -1.683283e-01  0
-2.269952e-01 -2.138616e-01  0
 2.719830e-02  3.781927e-01  3.280262e-01
 2.299583e-01 -2.878469e-01  0
 9.793919e-02 -4.273024e-02 -2.821097e-01
 4.332289e-02 -2.708879e-01  0
 1.791257e-01 -2.986362e-01  0
-7.080176e-02 -3.329857e-01  0
 1.460607e-01 -4.269553e-01  0
 2.043929e-01 -4.141095e-01  0
 2.769925e-01  2.789127e-01  0
-3.256661e-01 -3.926898e-01  0
 1.617288e-01 -2.929162e-01  0
 4.266306e-01 -4.333868e-01  0
-3.235373e-01  1.605355e-01 -2.451101e-01