 712  90  1.200000e-05  53 -2 -2
 18  33  0  0  0  3  2.730509e-01  1.000000e-07
 18  70 -1  0  0  3  3.643414e-01  1.000000e-07
 18  19  0  0  0  3  3.881906e-01  1.000000e-07
 18  17  0  0  0  3  5.050669e-01  1.000000e-07
 18  88 -1  0  1  3  5.915359e-01  1.000000e-07
 18  37  0  0  1  3  5.004408e-01  1.000000e-07
 18  36 -1  1  1  3  5.754730e-01  1.000000e-07
 18  71 -1  1  1  3  5.665456e-01  1.000000e-07
 33  70 -1  0  0  3  2.818298e-01  1.000000e-07
 33  87  0  0  0  3  3.879206e-01  1.000000e-07
 33  17  0  0  0  3  4.361165e-01  1.000000e-07
 33  21 -1  0  1  3  5.195037e-01  1.000000e-07
 33  27  0  0  1  3  3.847780e-01  1.000000e-07
 33  60 -1  0  1  3  4.584817e-01  1.000000e-07
 33  37  0  0  1  3  5.322897e-01  1.000000e-07
 33  29  0  0  1  3  4.527079e-01  1.000000e-07
 30  70  0  0  0  3  1.188875e-01  1.000000e-07
 30  87  0  0  0  3  3.789984e-01  1.000000e-07
 30  88  0  0  1  3  4.024067e-01  1.000000e-07
 30  59  0  0  1  3  3.617817e-01  1.000000e-07
 30  27  1  0  1  3  4.813091e-01  1.000000e-07
 30  28  0  0  1  3  5.437558e-01  1.000000e-07
 30  71  0  1  1  3  5.587458e-01  1.000000e-07
 3  56  1  0  0  3  3.838129e-01  1.000000e-07
 3  72  0  0  0  3  2.741408e-01  1.000000e-07
 3  70  0  0  0  3  2.693001e-01  1.000000e-07
 3  4  0  0  0  3  1.698965e-01  1.000000e-07
 3  58  0  0  0  3  5.228203e-01  1.000000e-07
 3  59  0  0  1  3  3.291910e-01  1.000000e-07
 3  60  0  0  1  3  4.321902e-01  1.000000e-07
 3  71  0  0  1  3  3.843373e-01  1.000000e-07
 34  16  0  0  0  3  1.541067e-01  1.000000e-07
 34  72  0  0  0  3  3.157556e-01  1.000000e-07
 34  17  0  0  0  3  5.389029e-01  1.000000e-07
 34  89  0  0  0  3  3.204041e-01  1.000000e-07
 34  57  0  0  0  3  1.912894e-01  1.000000e-07
 34  58  0  0  0  3  4.112574e-01  1.000000e-07
 34  27  0  0  1  3  4.442882e-01  1.000000e-07
 34  22  0  0  1  3  3.614435e-01  1.000000e-07
 16  38  0  0  0  3  3.162038e-01  1.000000e-07
 16  35  0  0  0  3  2.181540e-01  1.000000e-07
 16  57  0  0  0  3  2.251502e-01  1.000000e-07
 0  72  0  0  0  3  1.807853e-01  1.000000e-07
 0  70  0 -1  0  3  4.913966e-01  1.000000e-07
 0  87  0 -1  0  3  4.794582e-01  1.000000e-07
 0  89  0  0  0  3  2.513563e-01  1.000000e-07
 0  88  0 -1  1  3  5.221069e-01  1.000000e-07
 0  71  0  0  1  3  3.664897e-01  1.000000e-07
 38  72  0  0  0  3  1.270711e-01  1.000000e-07
 38  35  0  0  0  3  2.436229e-01  1.000000e-07
 38  19  0 -1  0  3  3.916463e-01  1.000000e-07
 38  87  0 -1  0  3  3.160451e-01  1.000000e-07
 38  89  0  0  0  3  1.385978e-01  1.000000e-07
 38  22  0  0  1  3  3.314134e-01  1.000000e-07
 56  70 -1  0  0  3  2.532856e-01  1.000000e-07
 56  4 -1  0  0  3  3.376886e-01  1.000000e-07
 56  19  0  0  0  3  3.466096e-01  1.000000e-07
 56  17  0  0  0  3  4.491922e-01  1.000000e-07
 56  57  0  0  0  3  3.657710e-01  1.000000e-07
 56  58  0  0  0  3  2.439878e-01  1.000000e-07
 56  27  0  0  1  3  3.657966e-01  1.000000e-07
 72  17  0  0  0  3  5.569663e-01  1.000000e-07
 72  89  0  0  0  3  9.402701e-02  1.000000e-07
 72  58  0  0  0  3  4.969216e-01  1.000000e-07
 72  59  0  0  1  3  3.655956e-01  1.000000e-07
 35  19  0 -1  0  3  3.840295e-01  1.000000e-07
 35  87  0 -1  0  3  3.228393e-01  1.000000e-07
 35  57  0  0  0  3  2.762246e-01  1.000000e-07
 35  27  0  0  1  3  4.128499e-01  1.000000e-07
 35  37  0 -1  1  3  4.255096e-01  1.000000e-07
 35  22  0  0  1  3  2.803659e-01  1.000000e-07
 35  46  0  0  1  3  4.697453e-01  1.000000e-07
 70  4  0  0  0  3  2.083243e-01  1.000000e-07
 4  57  1  0  0  3  3.239025e-01  1.000000e-07
 19  16  0  1  0  3  4.293721e-01  1.000000e-07
 19  87  0  0  0  3  1.935031e-01  1.000000e-07
 19  17  0  0  0  3  1.727858e-01  1.000000e-07
 19  58  0  0  0  3  1.952672e-01  1.000000e-07
 19  59  0  0  1  3  4.377536e-01  1.000000e-07
 87  22  0  1  1  3  3.817971e-01  1.000000e-07
 87  32  0  0  1  3  5.038958e-01  1.000000e-07
 17  38  0  1  0  3  4.654607e-01  1.000000e-07
 89  58  0  0  0  3  4.795091e-01  1.000000e-07
 89  88  0 -1  1  3  4.003822e-01  1.000000e-07
 89  22  0  0  1  3  3.018013e-01  1.000000e-07
 89  23  0  0  1  3  3.150615e-01  1.000000e-07
 89  71  0  0  1  3  1.672674e-01  1.000000e-07
 57  27  0  0  1  3  3.603265e-01  1.000000e-07
 58  31  0  0  1  3  4.340663e-01  1.000000e-07
 58  32  0  0  1  3  4.012728e-01  1.000000e-07
 58  29  0  0  1  3  4.956130e-01  1.000000e-07
 21  26  0  0  0  3  3.040169e-01  1.000000e-07
 21  59  0  0  0  3  1.973788e-01  1.000000e-07
 21  60  0  0  0  3  1.778296e-01  1.000000e-07
 21  45  0  0  0  3  4.245012e-01  1.000000e-07
 21  36  0  0  0  3  2.648969e-01  1.000000e-07
 21  32  0  0  0  3  3.189037e-01  1.000000e-07
 21  25  0  0  0  3  2.826275e-01  1.000000e-07
 26  59  0  0  0  3  3.268163e-01  1.000000e-07
 26  45  0 -1  0  3  5.002870e-01  1.000000e-07
 26  31  0  0  0  3  2.347103e-01  1.000000e-07
 26  37  0 -1  0  3  4.875036e-01  1.000000e-07
 26  23  0  0  0  3  2.091381e-01  1.000000e-07
 26  39  0  0  0  3  6.030935e-02  1.000000e-07
 26  25  0  0  0  3  2.230131e-01  1.000000e-07
 26  20  0  0  0  3  2.423403e-01  1.000000e-07
 88  59  0  0  0  3  4.106660e-01  1.000000e-07
 88  28  0  0  0  3  3.536640e-01  1.000000e-07
 88  32  0  0  0  3  4.749541e-01  1.000000e-07
 88  71  0  1  0  3  3.341296e-01  1.000000e-07
 88  24  0  1  0  3  3.301146e-01  1.000000e-07
 59  60  0  0  0  3  3.006583e-01  1.000000e-07
 59  36  0  0  0  3  2.885572e-01  1.000000e-07
 27  60 -1  0  0  3  2.383009e-01  1.000000e-07
 27  31  0  0  0  3  3.302064e-01  1.000000e-07
 27  46  0  0  0  3  3.211294e-01  1.000000e-07
 60  30  0  0 -1  3  4.450825e-01  1.000000e-07
 60  36  0  0  0  3  1.685918e-01  1.000000e-07
 60  25  0  0  0  3  2.731636e-01  1.000000e-07
 60  46  1  0  0  3  4.197368e-01  1.000000e-07
 28  45  0  0  0  3  3.399257e-01  1.000000e-07
 28  37  1  0  0  3  5.849050e-01  1.000000e-07
 28  36  0  1  0  3  5.533572e-01  1.000000e-07
 28  39  0  0  0  3  4.623129e-01  1.000000e-07
 28  29  1  0  0  3  3.787432e-01  1.000000e-07
 45  37  0  0  0  3  1.570861e-01  1.000000e-07
 45  22  0  1  0  3  3.415081e-01  1.000000e-07
 45  25  0  1  0  3  4.140282e-01  1.000000e-07
 45  20  0  0  0  3  5.438974e-01  1.000000e-07
 31  22  0  0  0  3  2.401416e-01  1.000000e-07
 31  23  0  0  0  3  2.040317e-01  1.000000e-07
 31  32  0  0  0  3  1.434482e-01  1.000000e-07
 31  20  0  0  0  3  1.211144e-01  1.000000e-07
 31  29  0  0  0  3  2.938696e-01  1.000000e-07
 31  46  0  0  0  3  1.702326e-01  1.000000e-07
 37  32  0  0  0  3  5.358327e-01  1.000000e-07
 37  46  0  1  0  3  3.219408e-01  1.000000e-07
 22  23  0  0  0  3  1.712722e-01  1.000000e-07
 22  24  0  0  0  3  2.851571e-01  1.000000e-07
 23  32  0  0  0  3  1.526809e-01  1.000000e-07
 23  25  0  0  0  3  2.097878e-01  1.000000e-07
 23  71  0  0  0  3  2.075219e-01  1.000000e-07
 23  24  0  0  0  3  1.943232e-01  1.000000e-07
 23  46  0  0  0  3  3.055966e-01  1.000000e-07
 36  25  0  0  0  3  1.634818e-01  1.000000e-07
 36  71  0  0  0  3  2.564941e-01  1.000000e-07
 36  24  0  0  0  3  2.138266e-01  1.000000e-07
 36  46  1  0  0  3  4.174586e-01  1.000000e-07
 32  20  0  0  0  3  2.009264e-01  1.000000e-07
 32  29  0  0  0  3  3.674473e-01  1.000000e-07
 39  25  0  0  0  3  2.166746e-01  1.000000e-07
 39  24  0  0  0  3  3.122536e-01  1.000000e-07
 39  20  0  0  0  3  2.894994e-01  1.000000e-07
 25  24  0  0  0  3  1.268050e-01  1.000000e-07
 71  87  0 -1 -1  3  4.079506e-01  1.000000e-07
 71  24  0  0  0  3  1.417604e-01  1.000000e-07
 24  37  0 -1  0  3  3.719624e-01  1.000000e-07
 29  64  0  0  0  3  2.069574e-01  1.000000e-07
 75  70 -1  0  0  3  3.049972e-01  1.000000e-07
 70  66  0  0  0  3  2.814450e-01  1.000000e-07
 78  28  0  0  0  3  1.236323e-01  1.000000e-07
 4  5  0  0  0  3  2.626513e-01  1.000000e-07
 50  39  0  0  0  3  1.637231e-01  1.000000e-07
 57  51  0  0  0  3  2.822136e-01  1.000000e-07
 77  29  0  0  0  3  2.120342e-01  1.000000e-07
 0  1  0  0  0  3  2.423364e-01  1.000000e-07
 86  24  0  0  0  3  3.003968e-01  1.000000e-07
 17  74  0  0  0  3  2.072931e-01  1.000000e-07
 79  29  0  0  0  3  2.871543e-01  1.000000e-07
 4  51  1  0  0  3  2.565572e-01  1.000000e-07
 77  20  0  0  0  3  2.493845e-01  1.000000e-07
 57  76  0  0  0  3  2.425423e-01  1.000000e-07
 40  46  0  0  0  3  1.948113e-01  1.000000e-07
 0  1  0  0  0  3  2.519433e-01  1.000000e-07
 69  25  0  0  0  3  2.442754e-01  1.000000e-07
 16  44  0 -1  0  3  3.022594e-01  1.000000e-07
 41  29  0  0  0  3  3.548175e-01  1.000000e-07
 3  5  0  0  0  3  3.513569e-01  1.000000e-07
 50  39  0  0  0  3  1.210690e-01  1.000000e-07
 4  48  1  0  0  3  2.489603e-01  1.000000e-07
 11  46  0  0  0  3  2.907200e-01  1.000000e-07
 18  75  0  0  0  3  4.217764e-01  1.000000e-07
 47  29  0  0  0  3  2.183518e-01  1.000000e-07
 16  73  0 -1  0  3  2.066947e-01  1.000000e-07
 41  45  0  0  0  3  2.837895e-01  1.000000e-07
 4  63  0  0  0  3  1.746588e-01  1.000000e-07
 68  21  0  0  0  3  3.219068e-01  1.000000e-07
 34  40  0  0  0  3  2.973210e-01  1.000000e-07
 42  20  0  0  0  3  1.796217e-01  1.000000e-07
 38  82  0 -1  0  3  3.417748e-01  1.000000e-07
 8  45  0  0  0  3  2.244900e-01  1.000000e-07
 56  64  0  0  0  3  3.670925e-01  1.000000e-07
 47  29  0  0  0  3  1.796860e-01  1.000000e-07
 4  50  0  0  0  3  1.988368e-01  1.000000e-07
 63  25  0  0  0  3  2.782728e-01  1.000000e-07
 16  40  0  0  0  3  2.142042e-01  1.000000e-07
 43  20  0  0  0  3  2.237650e-01  1.000000e-07
 30  66  0  0  0  3  3.536728e-01  1.000000e-07
 78  28  0  0  0  3  1.171853e-01  1.000000e-07
 17  74  0  0  0  3  1.999165e-01  1.000000e-07
 53  20  0  0  0  3  2.464440e-01  1.000000e-07
 72  54  0  0  0  3  3.571007e-01  1.000000e-07
 52  39  0  0  0  3  1.155715e-01  1.000000e-07
 0  69  0  0  0  3  3.396639e-01  1.000000e-07
 54  39  0  0  0  3  1.466840e-01  1.000000e-07
 57  42  0  0  0  3  2.597043e-01  1.000000e-07
 76  20  0  0  0  3  1.736386e-01  1.000000e-07
 16  85  0  0  0  3  1.611291e-01  1.000000e-07
 13  46  0  0  0  3  2.022077e-01  1.000000e-07
 73  84  0  1  0  2  2.966303e-01  2.000000e-07
 73  47  0  0  0  2  2.665257e-01  2.000000e-07
 73  13  0  1  0  2  3.290740e-01  2.000000e-07
 73  85  0  1  0  2  3.319067e-01  2.000000e-07
 73  41  0  0  0  2  1.041506e-01  2.000000e-07
 73  8  0  0  0  2  3.313320e-01  2.000000e-07
 73  80 -1  0  0  2  4.669424e-01  2.000000e-07
 73  61  0  0  0  2  4.770528e-01  2.000000e-07
 73  10  0  0  0  2  2.289746e-01  2.000000e-07
 73  62  0  0  0  2  3.559182e-01  2.000000e-07
 73  9  0  0  0  2  1.976870e-01  2.000000e-07
 73  74  0  0  0  2  2.019331e-01  2.000000e-07
 73  69  0  1  0  2  4.983341e-01  2.000000e-07
 73  86  0  1  0  2  4.525475e-01  2.000000e-07
 73  82  0  0  0  2  3.468617e-01  2.000000e-07
 84  48  0  0  0  2  4.155795e-01  2.000000e-07
 84  15  0 -1  0  2  4.846616e-01  2.000000e-07
 84  85  0  0  0  2  1.266074e-01  2.000000e-07
 84  41  0 -1  0  2  3.458216e-01  2.000000e-07
 84  50  0  0  0  2  4.231685e-01  2.000000e-07
 84  52  0  0  0  2  1.568556e-01  2.000000e-07
 84  7  0 -1  0  2  4.551799e-01  2.000000e-07
 84  61  0  0  0  2  4.878493e-01  2.000000e-07
 84  1  0  0  0  2  3.197553e-01  2.000000e-07
 84  53  0  0  0  2  2.864486e-01  2.000000e-07
 84  81  0  0  0  2  4.076223e-01  2.000000e-07
 84  14  0  0  0  2  2.992552e-01  2.000000e-07
 84  43  0  0  0  2  1.552137e-01  2.000000e-07
 84  55  0 -1  0  2  4.141954e-01  2.000000e-07
 84  62  0 -1  0  2  4.684975e-01  2.000000e-07
 84  9  0 -1  0  2  4.159599e-01  2.000000e-07
 84  82  0 -1  0  2  3.585298e-01  2.000000e-07
 47  64  0  0  0  2  1.295911e-01  2.000000e-07
 47  41  0  0  0  2  2.170330e-01  2.000000e-07
 47  75  0  0  0  2  1.356803e-01  2.000000e-07
 47  51  0  0  0  2  2.606951e-01  2.000000e-07
 47  80 -1  0  0  2  3.907408e-01  2.000000e-07
 47  53  0  0  0  2  2.873092e-01  2.000000e-07
 47  42  0  0  0  2  3.076712e-01  2.000000e-07
 47  10  0  0  0  2  2.083007e-01  2.000000e-07
 47  54  0  0  0  2  4.701507e-01  2.000000e-07
 47  55  0  0  0  2  3.539148e-01  2.000000e-07
 47  44  0  0  0  2  1.880905e-01  2.000000e-07
 47  74  0  0  0  2  1.533444e-01  2.000000e-07
 47  79  0  0  0  2  1.336132e-01  2.000000e-07
 63  48  1  0  0  2  2.472600e-01  2.000000e-07
 63  75  1  0  0  2  2.606618e-01  2.000000e-07
 63  50  0  0  0  2  1.236478e-01  2.000000e-07
 63  51  1  0  0  2  2.312260e-01  2.000000e-07
 63  65  0  0  0  2  1.283162e-01  2.000000e-07
 63  61  0  0  0  2  1.693466e-01  2.000000e-07
 63  77  1  0  0  2  1.809059e-01  2.000000e-07
 63  81  0  0  0  2  2.592821e-01  2.000000e-07
 63  5  0  0  0  2  1.474996e-01  2.000000e-07
 63  2  0  0  0  2  1.336868e-01  2.000000e-07
 63  11  1  0  0  2  2.741408e-01  2.000000e-07
 63  78  0  0  0  2  2.251367e-01  2.000000e-07
 40  13  0  0  0  2  1.618964e-01  2.000000e-07
 40  85  0  0  0  2  1.128624e-01  2.000000e-07
 40  83 -1  0  0  2  3.586106e-01  2.000000e-07
 40  76  0  0  0  2  5.814430e-02  2.000000e-07
 40  42  0  0  0  2  6.213090e-02  2.000000e-07
 40  43  0  0  0  2  7.649607e-02  2.000000e-07
 40  54  0  0  0  2  2.700529e-01  2.000000e-07
 40  74  0  0  0  2  3.816123e-01  2.000000e-07
 40  69  0  0  0  2  4.295647e-01  2.000000e-07
 40  79  0  0  0  2  2.394843e-01  2.000000e-07
 13  85  0  0  0  2  1.432278e-01  2.000000e-07
 13  41  0 -1  0  2  2.953477e-01  2.000000e-07
 13  49 -1  0  0  2  2.735927e-01  2.000000e-07
 13  80 -1 -1  0  2  3.969728e-01  2.000000e-07
 13  83 -1  0  0  2  3.064853e-01  2.000000e-07
 13  42  0  0  0  2  1.994446e-01  2.000000e-07
 13  81 -1  0  0  2  3.552154e-01  2.000000e-07
 13  14  0  0  0  2  6.545009e-02  2.000000e-07
 13  43  0  0  0  2  1.444843e-01  2.000000e-07
 13  10  0 -1  0  2  3.094654e-01  2.000000e-07
 13  54  0  0  0  2  3.846960e-01  2.000000e-07
 13  44  0 -1  0  2  3.116717e-01  2.000000e-07
 13  12  0  0  0  2  1.329078e-01  2.000000e-07
 13  69  0  0  0  2  5.090541e-01  2.000000e-07
 13  86 -1  0  0  2  4.484832e-01  2.000000e-07
 13  86  0  0  0  2  5.564765e-01  2.000000e-07
 64  75  0  0  0  2  4.525055e-02  2.000000e-07
 64  49 -1  0  0  2  4.155630e-01  2.000000e-07
 64  51  0  0  0  2  2.036775e-01  2.000000e-07
 64  80 -1  0  0  2  3.292981e-01  2.000000e-07
 64  65 -1  0  0  2  3.002440e-01  2.000000e-07
 64  66 -1  0  0  2  2.772541e-01  2.000000e-07
 64  83 -1  0  0  2  3.842490e-01  2.000000e-07
 64  76  0  0  0  2  3.261500e-01  2.000000e-07
 64  77  0  0  0  2  1.583744e-01  2.000000e-07
 64  42  0  0  0  2  3.138844e-01  2.000000e-07
 64  5 -1  0  0  2  3.744082e-01  2.000000e-07
 64  10  0  0  0  2  2.361681e-01  2.000000e-07
 64  2 -1  0  0  2  2.443800e-01  2.000000e-07
 64  44  0  0  0  2  2.472972e-01  2.000000e-07
 64  68 -1  0  0  2  3.225493e-01  2.000000e-07
 64  74  0  0  0  2  2.818148e-01  2.000000e-07
 64  79  0  0  0  2  2.047067e-01  2.000000e-07
 48  85  0  0  0  2  2.901658e-01  2.000000e-07
 48  49 -1  0  0  2  1.901151e-01  2.000000e-07
 48  50 -1  0  0  2  2.906020e-01  2.000000e-07
 48  51  0  0  0  2  6.909724e-02  2.000000e-07
 48  76  0  0  0  2  1.414815e-01  2.000000e-07
 48  77  0  0  0  2  1.165960e-01  2.000000e-07
 48  53  0  0  0  2  3.192079e-01  2.000000e-07
 48  81 -1  0  0  2  2.618570e-01  2.000000e-07
 48  14  0  0  0  2  2.567726e-01  2.000000e-07
 48  11  0  0  0  2  2.695588e-02  2.000000e-07
 48  12  0  0  0  2  1.025863e-01  2.000000e-07
 48  79  0  0  0  2  2.623070e-01  2.000000e-07
 15  75  1  0  0  2  3.150116e-01  2.000000e-07
 15  49  0  1  0  2  3.388951e-01  2.000000e-07
 15  8  0  0  0  2  1.858373e-01  2.000000e-07
 15  50  0  1  0  2  5.004328e-01  2.000000e-07
 15  80  0  0  0  2  3.511652e-02  2.000000e-07
 15  52  0  1  0  2  5.616543e-01  2.000000e-07
 15  7  0  0  0  2  1.381483e-01  2.000000e-07
 15  66  0  0  0  2  1.213429e-01  2.000000e-07
 15  81  0  1  0  2  3.308911e-01  2.000000e-07
 15  10  1  0  0  2  2.771569e-01  2.000000e-07
 15  62  0  0  0  2  2.145311e-01  2.000000e-07
 15  9  1  0  0  2  3.085213e-01  2.000000e-07
 15  44  1  0  0  2  3.335784e-01  2.000000e-07
 15  78  0  0  0  2  2.206728e-01  2.000000e-07
 15  86  0  1  0  2  2.323548e-01  2.000000e-07
 85  80 -1 -1  0  2  5.325112e-01  2.000000e-07
 85  61  0  0  0  2  5.300964e-01  2.000000e-07
 85  1  0  0  0  2  4.376759e-01  2.000000e-07
 85  76  0  0  0  2  1.665803e-01  2.000000e-07
 85  53  0  0  0  2  2.412074e-01  2.000000e-07
 85  81 -1  0  0  2  4.830013e-01  2.000000e-07
 85  14  0  0  0  2  2.020892e-01  2.000000e-07
 85  9  0 -1  0  2  3.884569e-01  2.000000e-07
 85  69  0  0  0  2  3.685015e-01  2.000000e-07
 85  82  0 -1  0  2  4.781480e-01  2.000000e-07
 85  79  0  0  0  2  3.415138e-01  2.000000e-07
 41  8  0  0  0  2  4.342336e-01  2.000000e-07
 41  14  0  1  0  2  2.602672e-01  2.000000e-07
 41  43  0  1  0  2  3.732806e-01  2.000000e-07
 41  10  0  0  0  2  1.249661e-01  2.000000e-07
 41  55  0  0  0  2  3.092987e-01  2.000000e-07
 41  9  0  0  0  2  9.393210e-02  2.000000e-07
 41  44  0  0  0  2  7.203586e-02  2.000000e-07
 41  74  0  0  0  2  2.208153e-01  2.000000e-07
 41  86  0  1  0  2  5.464138e-01  2.000000e-07
 75  51  0  0  0  2  2.485251e-01  2.000000e-07
 75  80 -1  0  0  2  2.874693e-01  2.000000e-07
 75  65 -1  0  0  2  2.998974e-01  2.000000e-07
 75  61 -1  0  0  2  3.635821e-01  2.000000e-07
 75  76  0  0  0  2  3.704705e-01  2.000000e-07
 75  77  0  0  0  2  2.010746e-01  2.000000e-07
 75  53  0  0  0  2  3.939516e-01  2.000000e-07
 75  55  0  0  0  2  4.836399e-01  2.000000e-07
 75  2 -1  0  0  2  2.389550e-01  2.000000e-07
 75  9  0  0  0  2  2.077295e-01  2.000000e-07
 75  78 -1  0  0  2  2.873050e-01  2.000000e-07
 75  79  0  0  0  2  2.350366e-01  2.000000e-07
 49  50  0  0  0  2  2.148903e-01  2.000000e-07
 49  51  1  0  0  2  2.478075e-01  2.000000e-07
 49  83  0  0  0  2  4.675220e-02  2.000000e-07
 49  42  1  0  0  2  3.260680e-01  2.000000e-07
 49  14  1  0  0  2  2.550379e-01  2.000000e-07
 49  5  0  0  0  2  3.276089e-01  2.000000e-07
 49  10  1 -1  0  2  4.311687e-01  2.000000e-07
 49  54  0  0  0  2  4.038064e-01  2.000000e-07
 49  11  1  0  0  2  2.017213e-01  2.000000e-07
 49  68  0  0  0  2  3.112970e-01  2.000000e-07
 49  12  1  0  0  2  2.304620e-01  2.000000e-07
 49  69  0  0  0  2  2.360658e-01  2.000000e-07
 49  86  0  0  0  2  2.235551e-01  2.000000e-07
 8  80  0  0  0  2  2.154020e-01  2.000000e-07
 8  52  0  1  0  2  5.272133e-01  2.000000e-07
 8  7  0  0  0  2  6.304175e-02  2.000000e-07
 8  6  0  0  0  2  8.507594e-02  2.000000e-07
 8  66  0  0  0  2  1.694329e-01  2.000000e-07
 8  67  0  0  0  2  1.752512e-01  2.000000e-07
 8  43  0  1  0  2  5.534992e-01  2.000000e-07
 8  54  0  1  0  2  5.195389e-01  2.000000e-07
 8  55  0  0  0  2  1.635987e-01  2.000000e-07
 8  74  0  0  0  2  3.686945e-01  2.000000e-07
 8  86  0  1  0  2  2.830934e-01  2.000000e-07
 8  82  0  0  0  2  8.035852e-02  2.000000e-07
 50  51  1  0  0  2  3.028807e-01  2.000000e-07
 50  52  0  0  0  2  3.315896e-01  2.000000e-07
 50  65  0  0  0  2  1.800776e-01  2.000000e-07
 50  61  0  0  0  2  1.765340e-01  2.000000e-07
 50  81  0  0  0  2  1.738103e-01  2.000000e-07
 50  14  1  0  0  2  4.629633e-01  2.000000e-07
 50  5  0  0  0  2  1.129640e-01  2.000000e-07
 50  54  0  0  0  2  2.650790e-01  2.000000e-07
 50  11  1  0  0  2  3.160000e-01  2.000000e-07
 50  62  0  0  0  2  3.746084e-01  2.000000e-07
 50  78  0  0  0  2  2.974901e-01  2.000000e-07
 50  86  0  0  0  2  2.959363e-01  2.000000e-07
 51  65 -1  0  0  2  3.517779e-01  2.000000e-07
 51  77  0  0  0  2  6.175512e-02  2.000000e-07
 51  42  0  0  0  2  1.561706e-01  2.000000e-07
 51  5 -1  0  0  2  3.742716e-01  2.000000e-07
 51  11  0  0  0  2  8.112578e-02  2.000000e-07
 51  44  0  0  0  2  4.346763e-01  2.000000e-07
 51  12  0  0  0  2  1.490730e-01  2.000000e-07
 80  66  0  0  0  2  1.213168e-01  2.000000e-07
 80  83  0  1  0  2  3.815643e-01  2.000000e-07
 80  1  0  1  0  2  3.087340e-01  2.000000e-07
 80  76  1  1  0  2  5.419279e-01  2.000000e-07
 80  67  0  0  0  2  2.961428e-01  2.000000e-07
 80  81  0  1  0  2  3.413625e-01  2.000000e-07
 80  10  1  0  0  2  2.420602e-01  2.000000e-07
 80  2  0  0  0  2  2.834730e-01  2.000000e-07
 80  62  0  0  0  2  2.370929e-01  2.000000e-07
 80  9  1  0  0  2  2.734451e-01  2.000000e-07
 80  74  1  0  0  2  5.140656e-01  2.000000e-07
 80  78  0  0  0  2  2.283790e-01  2.000000e-07
 80  86  0  1  0  2  2.567827e-01  2.000000e-07
 80  82  0  0  0  2  1.890419e-01  2.000000e-07
 80  79  1  0  0  2  5.149686e-01  2.000000e-07
 52  7  0 -1  0  2  5.656243e-01  2.000000e-07
 52  61  0  0  0  2  3.508189e-01  2.000000e-07
 52  53  0  0  0  2  1.522432e-01  2.000000e-07
 52  43  0  0  0  2  1.765021e-01  2.000000e-07
 52  5  0  0  0  2  3.118458e-01  2.000000e-07
 52  54  0  0  0  2  6.654031e-02  2.000000e-07
 52  55  0 -1  0  2  5.615082e-01  2.000000e-07
 52  12  0  0  0  2  3.184410e-01  2.000000e-07
 52  86  0  0  0  2  3.418854e-01  2.000000e-07
 7  6  0  0  0  2  1.192926e-01  2.000000e-07
 7  66  0  0  0  2  1.068698e-01  2.000000e-07
 7  55  0  0  0  2  2.165823e-01  2.000000e-07
 7  62  0  0  0  2  7.701217e-02  2.000000e-07
 7  78  0  0  0  2  1.256332e-01  2.000000e-07
 7  86  0  1  0  2  2.887113e-01  2.000000e-07
 6  65  0  0  0  2  2.190415e-01  2.000000e-07
 6  66  0  0  0  2  2.032693e-01  2.000000e-07
 6  67  0  0  0  2  1.187036e-01  2.000000e-07
 6  55  0  0  0  2  1.061899e-01  2.000000e-07
 6  62  0  0  0  2  4.891711e-02  2.000000e-07
 6  78  0  0  0  2  1.442734e-01  2.000000e-07
 65  66  0  0  0  2  2.149230e-01  2.000000e-07
 65  77  1  0  0  2  2.953675e-01  2.000000e-07
 65  5  0  0  0  2  1.025572e-01  2.000000e-07
 65  55  0  0  0  2  2.951691e-01  2.000000e-07
 65  62  0  0  0  2  2.007199e-01  2.000000e-07
 65  68  0  0  0  2  7.346485e-02  2.000000e-07
 65  78  0  0  0  2  1.175982e-01  2.000000e-07
 66  75  1  0  0  2  2.453622e-01  2.000000e-07
 66  77  1  0  0  2  3.754196e-01  2.000000e-07
 66  5  0  0  0  2  3.158358e-01  2.000000e-07
 66  10  1  0  0  2  2.895771e-01  2.000000e-07
 66  2  0  0  0  2  1.643818e-01  2.000000e-07
 66  44  1  0  0  2  3.423827e-01  2.000000e-07
 66  68  0  0  0  2  2.861689e-01  2.000000e-07
 66  78  0  0  0  2  1.100238e-01  2.000000e-07
 66  86  0  1  0  2  3.408455e-01  2.000000e-07
 83  1  0  0  0  2  1.771523e-01  2.000000e-07
 83  76  1  0  0  2  3.123063e-01  2.000000e-07
 83  42  1  0  0  2  3.324150e-01  2.000000e-07
 83  81  0  0  0  2  7.787700e-02  2.000000e-07
 83  2  0  0  0  2  3.504185e-01  2.000000e-07
 83  68  0  0  0  2  2.647302e-01  2.000000e-07
 83  69  0  0  0  2  2.192133e-01  2.000000e-07
 83  86  0  0  0  2  2.362613e-01  2.000000e-07
 61  1  0  0  0  2  3.862030e-01  2.000000e-07
 61  67  0  0  0  2  9.704215e-02  2.000000e-07
 61  53  0  0  0  2  3.547674e-01  2.000000e-07
 61  81  0  0  0  2  3.498084e-01  2.000000e-07
 61  2  0  0  0  2  1.277005e-01  2.000000e-07
 61  62  0  0  0  2  2.027111e-01  2.000000e-07
 61  68  0  0  0  2  7.927789e-02  2.000000e-07
 61  74  0  0  0  2  3.808917e-01  2.000000e-07
 61  78  0  0  0  2  1.496716e-01  2.000000e-07
 61  69  0  0  0  2  3.193626e-01  2.000000e-07
 61  82  0  0  0  2  3.487300e-01  2.000000e-07
 61  79  0  0  0  2  4.561412e-01  2.000000e-07
 1  81  0  0  0  2  9.929341e-02  2.000000e-07
 1  62  0 -1  0  2  4.203377e-01  2.000000e-07
 1  69  0  0  0  2  9.596693e-02  2.000000e-07
 1  86  0  0  0  2  7.203883e-02  2.000000e-07
 1  82  0 -1  0  2  2.747279e-01  2.000000e-07
 76  77  0  0  0  2  2.147156e-01  2.000000e-07
 76  53  0  0  0  2  2.000698e-01  2.000000e-07
 76  81 -1  0  0  2  3.847630e-01  2.000000e-07
 76  2 -1  0  0  2  4.821394e-01  2.000000e-07
 76  69  0  0  0  2  4.836030e-01  2.000000e-07
 76  79  0  0  0  2  2.145957e-01  2.000000e-07
 77  53  0  0  0  2  3.345972e-01  2.000000e-07
 77  81 -1  0  0  2  3.119925e-01  2.000000e-07
 77  2 -1  0  0  2  2.679154e-01  2.000000e-07
 77  11  0  0  0  2  1.361925e-01  2.000000e-07
 77  79  0  0  0  2  2.224295e-01  2.000000e-07
 67  5  0  0  0  2  1.659985e-01  2.000000e-07
 67  54  0  0  0  2  3.761585e-01  2.000000e-07
 67  55  0  0  0  2  1.996969e-01  2.000000e-07
 67  2  0  0  0  2  1.218585e-01  2.000000e-07
 67  68  0  0  0  2  1.629235e-01  2.000000e-07
 67  74  0  0  0  2  3.625769e-01  2.000000e-07
 67  82  0  0  0  2  2.517206e-01  2.000000e-07
 53  42  0  0  0  2  1.747970e-01  2.000000e-07
 53  43  0  0  0  2  2.137252e-01  2.000000e-07
 53  5  0  0  0  2  3.443667e-01  2.000000e-07
 53  54  0  0  0  2  1.861399e-01  2.000000e-07
 53  55  0  0  0  2  3.533150e-01  2.000000e-07
 53  62  0  0  0  2  4.492092e-01  2.000000e-07
 53  9  0  0  0  2  4.712095e-01  2.000000e-07
 53  44  0  0  0  2  4.540942e-01  2.000000e-07
 53  12  0  0  0  2  2.776537e-01  2.000000e-07
 53  79  0  0  0  2  1.595234e-01  2.000000e-07
 42  43  0  0  0  2  1.386060e-01  2.000000e-07
 42  54  0  0  0  2  3.035117e-01  2.000000e-07
 42  11  0  0  0  2  1.326441e-01  2.000000e-07
 42  12  0  0  0  2  1.040463e-01  2.000000e-07
 42  74  0  0  0  2  3.415903e-01  2.000000e-07
 42  79  0  0  0  2  1.896876e-01  2.000000e-07
 81  14  1  0  0  2  3.305115e-01  2.000000e-07
 81  2  0  0  0  2  3.850288e-01  2.000000e-07
 81  62  0 -1  0  2  4.949492e-01  2.000000e-07
 81  9  1 -1  0  2  4.967015e-01  2.000000e-07
 81  68  0  0  0  2  2.802093e-01  2.000000e-07
 81  69  0  0  0  2  1.517084e-01  2.000000e-07
 81  82  0 -1  0  2  3.547100e-01  2.000000e-07
 14  15 -1 -1  0  2  3.554734e-01  2.000000e-07
 14  43  0  0  0  2  2.080750e-01  2.000000e-07
 14  10  0 -1  0  2  2.537760e-01  2.000000e-07
 14  55  0 -1  0  2  5.271327e-01  2.000000e-07
 14  11  0  0  0  2  2.381828e-01  2.000000e-07
 14  9  0 -1  0  2  2.548535e-01  2.000000e-07
 14  44  0 -1  0  2  2.638465e-01  2.000000e-07
 14  12  0  0  0  2  1.779938e-01  2.000000e-07
 43  54  0  0  0  2  2.421407e-01  2.000000e-07
 43  55  0 -1  0  2  5.347996e-01  2.000000e-07
 43  12  0  0  0  2  1.642185e-01  2.000000e-07
 43  86  0  0  0  2  4.531525e-01  2.000000e-07
 5  54  0  0  0  2  2.510956e-01  2.000000e-07
 5  55  0  0  0  2  3.206930e-01  2.000000e-07
 5  62  0  0  0  2  2.718107e-01  2.000000e-07
 5  68  0  0  0  2  5.207826e-02  2.000000e-07
 5  69  0  0  0  2  2.517770e-01  2.000000e-07
 10  44  0  0  0  2  5.645031e-02  2.000000e-07
 10  86 -1  1  0  2  4.607379e-01  2.000000e-07
 54  55  0 -1  0  2  5.730678e-01  2.000000e-07
 54  55  0  0  0  2  4.270002e-01  2.000000e-07
 54  68  0  0  0  2  2.990449e-01  2.000000e-07
 54  74  0  0  0  2  3.889748e-01  2.000000e-07
 54  69  0  0  0  2  1.787475e-01  2.000000e-07
 54  86  0  0  0  2  3.040044e-01  2.000000e-07
 55  62  0  0  0  2  1.547181e-01  2.000000e-07
 55  9  0  0  0  2  3.924196e-01  2.000000e-07
 55  44  0  0  0  2  3.672447e-01  2.000000e-07
 55  74  0  0  0  2  2.052882e-01  2.000000e-07
 2  62  0  0  0  2  1.971202e-01  2.000000e-07
 2  68  0  0  0  2  1.262631e-01  2.000000e-07
 2  78  0  0  0  2  9.349544e-02  2.000000e-07
 2  82  0  0  0  2  3.172015e-01  2.000000e-07
 2  79  1  0  0  2  4.382235e-01  2.000000e-07
 11  12  0  0  0  2  7.647568e-02  2.000000e-07
 62  9  0  0  0  2  5.421566e-01  2.000000e-07
 62  9  1  0  0  2  4.739402e-01  2.000000e-07
 62  74  0  0  0  2  3.540520e-01  2.000000e-07
 62  78  0  0  0  2  1.062225e-01  2.000000e-07
 62  82  0  0  0  2  1.470646e-01  2.000000e-07
 62  79  0  0  0  2  4.874006e-01  2.000000e-07
 9  44  0  0  0  2  2.518048e-02  2.000000e-07
 9  74  0  0  0  2  2.639127e-01  2.000000e-07
 9  78 -1  0  0  2  4.117172e-01  2.000000e-07
 9  79  0  0  0  2  3.287763e-01  2.000000e-07
 68  74  0  0  0  2  4.531471e-01  2.000000e-07
 68  69  0  0  0  2  2.764461e-01  2.000000e-07
 74  69  0  0  0  2  5.468576e-01  2.000000e-07
 74  82  0  0  0  2  4.223288e-01  2.000000e-07
 74  79  0  0  0  2  1.606008e-01  2.000000e-07
 69  86  0  0  0  2  1.448132e-01  2.000000e-07
 69  82  0 -1  0  2  3.334105e-01  2.000000e-07
 69  79  0  0  0  2  5.227192e-01  2.000000e-07
 86  82  0 -1  0  2  2.027353e-01  2.000000e-07
 73  84  0  1  0  1  2.966303e-01  3.000000e-07
 73  13  0  1  0  1  3.290740e-01  3.000000e-07
 73  85  0  1  0  1  3.319067e-01  3.000000e-07
 73  41  0  0  0  1  1.041506e-01  3.000000e-07
 73  74  0  0  0  1  2.019331e-01  3.000000e-07
 73  82  0  0  0  1  3.468617e-01  3.000000e-07
 84  52  0  0  0  1  1.568556e-01  3.000000e-07
 84  54  0  0  0  1  1.935384e-01  3.000000e-07
 84  69  0  0  0  1  2.629189e-01  3.000000e-07
 84  86  0  0  0  1  3.052595e-01  3.000000e-07
 84  82  0 -1  0  1  3.585298e-01  3.000000e-07
 47  64  0  0  0  1  1.295911e-01  3.000000e-07
 47  41  0  0  0  1  2.170330e-01  3.000000e-07
 47  75  0  0  0  1  1.356803e-01  3.000000e-07
 47  10  0  0  0  1  2.083007e-01  3.000000e-07
 47  9  0  0  0  1  1.982209e-01  3.000000e-07
 47  44  0  0  0  1  1.880905e-01  3.000000e-07
 47  74  0  0  0  1  1.533444e-01  3.000000e-07
 63  65  0  0  0  1  1.283162e-01  3.000000e-07
 63  83  0  0  0  1  2.176315e-01  3.000000e-07
 63  77  1  0  0  1  1.809059e-01  3.000000e-07
 63  2  0  0  0  1  1.336868e-01  3.000000e-07
 63  68  0  0  0  1  9.836435e-02  3.000000e-07
 40  13  0  0  0  1  1.618964e-01  3.000000e-07
 40  52  0  0  0  1  2.043617e-01  3.000000e-07
 40  76  0  0  0  1  5.814430e-02  3.000000e-07
 40  53  0  0  0  1  1.816589e-01  3.000000e-07
 40  42  0  0  0  1  6.213090e-02  3.000000e-07
 40  12  0  0  0  1  1.142901e-01  3.000000e-07
 13  85  0  0  0  1  1.432278e-01  3.000000e-07
 13  41  0 -1  0  1  2.953477e-01  3.000000e-07
 13  43  0  0  0  1  1.444843e-01  3.000000e-07
 13  12  0  0  0  1  1.329078e-01  3.000000e-07
 64  63 -1  0  0  1  2.418887e-01  3.000000e-07
 64  77  0  0  0  1  1.583744e-01  3.000000e-07
 64  2 -1  0  0  1  2.443800e-01  3.000000e-07
 64  79  0  0  0  1  2.047067e-01  3.000000e-07
 48  49 -1  0  0  1  1.901151e-01  3.000000e-07
 48  51  0  0  0  1  6.909724e-02  3.000000e-07
 48  83 -1  0  0  1  1.847110e-01  3.000000e-07
 48  77  0  0  0  1  1.165960e-01  3.000000e-07
 15  7  0  0  0  1  1.381483e-01  3.000000e-07
 15  66  0  0  0  1  1.213429e-01  3.000000e-07
 15  86  0  1  0  1  2.323548e-01  3.000000e-07
 15  82  0  0  0  1  1.543831e-01  3.000000e-07
 85  52  0  0  0  1  1.805934e-01  3.000000e-07
 41  14  0  1  0  1  2.602672e-01  3.000000e-07
 41  9  0  0  0  1  9.393210e-02  3.000000e-07
 41  74  0  0  0  1  2.208153e-01  3.000000e-07
 75  80 -1  0  0  1  2.874693e-01  3.000000e-07
 75  66 -1  0  0  1  2.453622e-01  3.000000e-07
 75  10  0  0  0  1  1.966510e-01  3.000000e-07
 75  2 -1  0  0  1  2.389550e-01  3.000000e-07
 49  80  0 -1  0  1  3.407373e-01  3.000000e-07
 49  81  0  0  0  1  8.445396e-02  3.000000e-07
 49  14  1  0  0  1  2.550379e-01  3.000000e-07
 49  11  1  0  0  1  2.017213e-01  3.000000e-07
 49  12  1  0  0  1  2.304620e-01  3.000000e-07
 8  7  0  0  0  1  6.304175e-02  3.000000e-07
 8  6  0  0  0  1  8.507594e-02  3.000000e-07
 8  55  0  0  0  1  1.635987e-01  3.000000e-07
 8  82  0  0  0  1  8.035852e-02  3.000000e-07
 50  83  0  0  0  1  1.702146e-01  3.000000e-07
 50  81  0  0  0  1  1.738103e-01  3.000000e-07
 50  5  0  0  0  1  1.129640e-01  3.000000e-07
 50  54  0  0  0  1  2.650790e-01  3.000000e-07
 50  68  0  0  0  1  1.073781e-01  3.000000e-07
 50  69  0  0  0  1  1.854242e-01  3.000000e-07
 51  77  0  0  0  1  6.175512e-02  3.000000e-07
 51  42  0  0  0  1  1.561706e-01  3.000000e-07
 51  11  0  0  0  1  8.112578e-02  3.000000e-07
 51  79  0  0  0  1  2.070015e-01  3.000000e-07
 80  66  0  0  0  1  1.213168e-01  3.000000e-07
 80  14  1  1  0  1  3.325318e-01  3.000000e-07
 80  10  1  0  0  1  2.420602e-01  3.000000e-07
 80  86  0  1  0  1  2.567827e-01  3.000000e-07
 52  43  0  0  0  1  1.765021e-01  3.000000e-07
 52  54  0  0  0  1  6.654031e-02  3.000000e-07
 7  66  0  0  0  1  1.068698e-01  3.000000e-07
 7  62  0  0  0  1  7.701217e-02  3.000000e-07
 7  78  0  0  0  1  1.256332e-01  3.000000e-07
 6  67  0  0  0  1  1.187036e-01  3.000000e-07
 65  61  0  0  0  1  6.368473e-02  3.000000e-07
 65  67  0  0  0  1  1.004466e-01  3.000000e-07
 65  2  0  0  0  1  6.597009e-02  3.000000e-07
 65  68  0  0  0  1  7.346485e-02  3.000000e-07
 65  78  0  0  0  1  1.175982e-01  3.000000e-07
 66  2  0  0  0  1  1.643818e-01  3.000000e-07
 66  78  0  0  0  1  1.100238e-01  3.000000e-07
 83  77  1  0  0  1  2.374575e-01  3.000000e-07
 83  81  0  0  0  1  7.787700e-02  3.000000e-07
 61  67  0  0  0  1  9.704215e-02  3.000000e-07
 61  53  0  0  0  1  3.547674e-01  3.000000e-07
 61  5  0  0  0  1  6.909990e-02  3.000000e-07
 61  55  0  0  0  1  2.623632e-01  3.000000e-07
 61  68  0  0  0  1  7.927789e-02  3.000000e-07
 1  81  0  0  0  1  9.929341e-02  3.000000e-07
 1  69  0  0  0  1  9.596693e-02  3.000000e-07
 1  86  0  0  0  1  7.203883e-02  3.000000e-07
 76  11  0  0  0  1  1.165188e-01  3.000000e-07
 76  12  0  0  0  1  7.764672e-02  3.000000e-07
 77  79  0  0  0  1  2.224295e-01  3.000000e-07
 67  55  0  0  0  1  1.996969e-01  3.000000e-07
 67  62  0  0  0  1  1.063861e-01  3.000000e-07
 67  78  0  0  0  1  7.497334e-02  3.000000e-07
 53  42  0  0  0  1  1.747970e-01  3.000000e-07
 53  5  0  0  0  1  3.443667e-01  3.000000e-07
 53  54  0  0  0  1  1.861399e-01  3.000000e-07
 53  55  0  0  0  1  3.533150e-01  3.000000e-07
 53  74  0  0  0  1  2.360121e-01  3.000000e-07
 53  79  0  0  0  1  1.595234e-01  3.000000e-07
 42  11  0  0  0  1  1.326441e-01  3.000000e-07
 42  79  0  0  0  1  1.896876e-01  3.000000e-07
 81  86  0  0  0  1  1.611046e-01  3.000000e-07
 14  10  0 -1  0  1  2.537760e-01  3.000000e-07
 14  9  0 -1  0  1  2.548535e-01  3.000000e-07
 14  12  0  0  0  1  1.779938e-01  3.000000e-07
 5  54  0  0  0  1  2.510956e-01  3.000000e-07
 5  68  0  0  0  1  5.207826e-02  3.000000e-07
 54  69  0  0  0  1  1.787475e-01  3.000000e-07
 55  74  0  0  0  1  2.052882e-01  3.000000e-07
 55  82  0  0  0  1  2.234445e-01  3.000000e-07
 2  78  0  0  0  1  9.349544e-02  3.000000e-07
 11  12  0  0  0  1  7.647568e-02  3.000000e-07
 62  78  0  0  0  1  1.062225e-01  3.000000e-07
 74  79  0  0  0  1  1.606008e-01  3.000000e-07
 69  86  0  0  0  1  1.448132e-01  3.000000e-07
 86  82  0 -1  0  1  2.027353e-01  3.000000e-07
 3.194034e-01 -4.070537e-01  2.352225e-01
 2.790095e-01 -3.721710e-01  0
 3.475366e-01  6.993062e-02  0
 3.563999e-01 -1.505354e-01  2.948002e-01
 4.285197e-01 -7.127757e-02  1.629603e-01
 2.413615e-01 -5.730602e-02  0
 1.634837e-01  2.054151e-01  0
 2.641826e-01  2.693717e-01  0
 2.022501e-01  2.811454e-01  0
-3.228317e-01  3.027585e-01  0
-3.544139e-01  3.042796e-01  0
-3.831204e-01 -2.093955e-01  0
-3.303542e-01 -2.647512e-01  0
-2.932194e-01 -3.923658e-01  0
-3.350758e-01 -4.426823e-01  0
 3.730112e-01  3.544676e-01  0
-2.064720e-01 -4.265117e-01  1.516362e-01
 2.102738e-02  1.559955e-01  1.284984e-01
-3.704975e-01  3.914307e-01  3.438380e-01
-3.677492e-02  2.021765e-01  2.846430e-01
-1.835157e-01 -1.180237e-01 -1.584044e-01
 2.715157e-01  1.401317e-02 -3.003458e-01
-7.219704e-02 -3.693929e-01 -3.847939e-01
 3.524590e-02 -2.562168e-01 -3.142152e-01
 1.971707e-01 -3.612380e-01 -2.915786e-01
 2.265265e-01 -2.554856e-01 -2.280636e-01
 5.776773e-02 -1.359388e-01 -1.446136e-01
-4.262187e-01 -1.961478e-01 -4.261570e-01
 3.602466e-01  2.485073e-01 -1.152342e-01
-3.429836e-01  2.171634e-02 -1.780034e-01
 3.480016e-01  1.638237e-01  3.477842e-01
-1.448305e-01 -1.815615e-01 -2.539821e-01
-1.650351e-02 -1.195150e-01 -2.701010e-01
-3.330747e-01  1.235209e-01  3.809954e-01
-1.437961e-01 -3.393561e-01  2.622007e-01
-1.739385e-01 -4.485253e-01  3.662246e-01
 3.673571e-01 -2.328212e-01 -3.079347e-01
-9.186248e-02  4.101872e-01 -2.408890e-01
 6.299870e-02 -4.204812e-01  3.169663e-01
 9.994019e-02 -1.333138e-01 -1.015809e-01
-2.170880e-01 -2.494866e-01  0
-2.303251e-01  3.190609e-01  0
-2.510164e-01 -1.974374e-01  0
-1.731010e-01 -3.120709e-01  0
-2.985728e-01  2.960084e-01  0
 5.583116e-02  3.678347e-01 -2.081949e-01
-2.392389e-01 -3.080925e-01 -1.902947e-01
-2.831400e-01  1.085522e-01  0
-4.065445e-01 -1.960563e-01  0
 4.445684e-01 -3.142780e-01  0
 3.066030e-01 -1.495254e-01  0
-3.912347e-01 -1.286765e-01  0
-1.307142e-02 -2.376160e-01  0
-9.867866e-02 -1.117217e-01  0
 5.152727e-02 -2.216591e-01  0
 5.729379e-02  2.053021e-01  0
-3.568135e-01  9.507566e-02  3.636550e-01
-3.080027e-01 -2.445476e-01  2.369192e-01
-1.171474e-01  5.317720e-02  3.819507e-01
 1.698327e-01 -7.340596e-02 -4.451797e-01
 4.242346e-01 -7.578477e-02 -2.849628e-01
 2.340372e-01  1.140460e-02  0
 2.118255e-01  2.128952e-01  0
 3.888612e-01 -5.720879e-02  0
-4.081225e-01  7.429969e-02  0
 2.948941e-01  3.017110e-02  0
 3.648171e-01  2.334016e-01  0
 2.319174e-01  1.084236e-01  0
 2.914973e-01 -4.321518e-02  0
 2.086166e-01 -3.069446e-01  0
 4.116019e-01  1.110382e-01  2.623270e-01
 1.769526e-01 -3.521659e-01 -4.315962e-01
 1.675729e-01 -3.483582e-01  3.138715e-01
-1.262936e-01  3.240404e-01  0
-1.303996e-01  1.221490e-01  0
-4.184659e-01  1.183522e-01  0
-2.670643e-01 -2.197690e-01  0
-4.319770e-01 -8.226786e-02  0
 2.957388e-01  1.477662e-01  0
-2.215994e-01 -1.004476e-02  0
 4.073301e-01  3.470257e-01  0
 3.601167e-01 -3.148926e-01  0
 2.187201e-01  3.597980e-01  0
 4.249974e-01 -2.718192e-01  0
-4.012281e-02 -3.921214e-01  0
-1.578564e-01 -3.455570e-01  0
 2.610450e-01 -4.419340e-01  0
 7.458042e-03  2.970483e-01  4.473890e-01
 1.199585e-01  3.258387e-01 -3.629432e-01
 1.430442e-01 -3.489602e-01  4.046408e-01