 718  90  1.200000e-05  57 -2 -2
 23  35  0  0  0  3  3.465189e-01  1.000000e-07
 23  25  0  0  0  3  2.334255e-01  1.000000e-07
 23  24  0  0  0  3  3.035318e-01  1.000000e-07
 23  38  0  0  0  3  2.513641e-01  1.000000e-07
 23  33  0  0  0  3  5.231863e-01  1.000000e-07
 23  34  0  0  0  3  3.500447e-01  1.000000e-07
 23  48  0  0  0  3  2.789443e-01  1.000000e-07
 23  40  0  0  1  3  5.088573e-01  1.000000e-07
 22  35  0  0  0  3  4.416565e-01  1.000000e-07
 22  36  0  0  0  3  4.550374e-01  1.000000e-07
 22  39 -1  0  0  3  4.660921e-01  1.000000e-07
 22  34 -1  0  0  3  4.045156e-01  1.000000e-07
 22  48  0  0  0  3  4.783794e-01  1.000000e-07
 22  26  0  0  1  3  3.613724e-01  1.000000e-07
 35  20  0 -1  0  3  4.204390e-01  1.000000e-07
 35  24  0  0  0  3  2.023509e-01  1.000000e-07
 35  31  0  0  0  3  4.340775e-01  1.000000e-07
 35  33  0  0  0  3  4.474576e-01  1.000000e-07
 35  41  0  0  1  3  1.585033e-01  1.000000e-07
 35  43  0  0  1  3  4.909486e-01  1.000000e-07
 35  44  0  0  1  3  1.899704e-01  1.000000e-07
 25  22  1  0  0  3  2.521830e-01  1.000000e-07
 25  24  0  0  0  3  2.491465e-01  1.000000e-07
 25  38  0  0  0  3  3.049134e-01  1.000000e-07
 25  34  0  0  0  3  3.638416e-01  1.000000e-07
 25  45  1  0  1  3  3.752727e-01  1.000000e-07
 25  26  1  0  1  3  4.015561e-01  1.000000e-07
 27  29  0  0  0  3  1.175517e-01  1.000000e-07
 27  39  0  0  0  3  1.810586e-01  1.000000e-07
 27  38  0  0  0  3  2.999369e-01  1.000000e-07
 27  48  0  0  0  3  3.001197e-01  1.000000e-07
 28  29  0  0  0  3  1.743714e-01  1.000000e-07
 28  39  0  0  0  3  1.256067e-01  1.000000e-07
 28  38  0  0  0  3  3.112503e-01  1.000000e-07
 28  32  0  0  0  3  3.138857e-01  1.000000e-07
 28  33  0  0  0  3  4.848335e-01  1.000000e-07
 28  34  0  0  0  3  3.864504e-01  1.000000e-07
 28  46  0  0  1  3  5.772864e-01  1.000000e-07
 36  20  0 -1  0  3  3.819713e-01  1.000000e-07
 36  29  0  0  0  3  3.849692e-01  1.000000e-07
 36  24  0  0  0  3  2.152581e-01  1.000000e-07
 36  32  0 -1  0  3  4.311589e-01  1.000000e-07
 36  41  0  0  1  3  2.352045e-01  1.000000e-07
 36  19  0 -1  1  3  3.947719e-01  1.000000e-07
 36  49  0 -1  1  3  4.018829e-01  1.000000e-07
 36  63  0 -1  1  3  4.828670e-01  1.000000e-07
 30  39  0  0  0  3  3.941033e-01  1.000000e-07
 30  31  1  1  0  3  4.311337e-01  1.000000e-07
 30  37  0  0  0  3  3.406618e-01  1.000000e-07
 30  32  0  0  0  3  3.792048e-01  1.000000e-07
 30  33  1  0  0  3  6.232221e-01  1.000000e-07
 30  34  0  0  0  3  4.453206e-01  1.000000e-07
 30  48  0  1  0  3  3.804472e-01  1.000000e-07
 20  37  0  0  0  3  6.028371e-01  1.000000e-07
 20  48  0  1  0  3  4.720743e-01  1.000000e-07
 20  89  0  0  1  3  6.142623e-01  1.000000e-07
 20  45  0  1  1  3  3.410934e-01  1.000000e-07
 29  38  0  0  0  3  3.157889e-01  1.000000e-07
 29  32  0  0  0  3  3.518658e-01  1.000000e-07
 39  32  0  0  0  3  3.034620e-01  1.000000e-07
 39  33  1  0  0  3  5.389194e-01  1.000000e-07
 24  38  0  0  0  3  3.159945e-01  1.000000e-07
 24  34  0  0  0  3  4.832702e-01  1.000000e-07
 24  41  0  0  1  3  2.261877e-01  1.000000e-07
 24  45  1  0  1  3  3.724969e-01  1.000000e-07
 24  26  1  0  1  3  4.930384e-01  1.000000e-07
 38  48  0  0  0  3  1.564993e-01  1.000000e-07
 31  43  0  0  1  3  4.106084e-01  1.000000e-07
 31  44  0  0  1  3  5.002321e-01  1.000000e-07
 31  49  0 -1  1  3  4.481905e-01  1.000000e-07
 37  31  1  1  0  3  4.525738e-01  1.000000e-07
 37  32  0  0  0  3  4.203807e-01  1.000000e-07
 37  48  0  1  0  3  4.284782e-01  1.000000e-07
 37  42  0  1  1  3  3.958389e-01  1.000000e-07
 37  19  0  0  1  3  2.542003e-01  1.000000e-07
 37  46  0  0  1  3  4.016635e-01  1.000000e-07
 37  63  0  0  1  3  3.032952e-01  1.000000e-07
 32  89  0  0  1  3  6.458467e-01  1.000000e-07
 33  34 -1  0  0  3  3.806649e-01  1.000000e-07
 33  89  0  0  1  3  4.866956e-01  1.000000e-07
 33  44  0  0  1  3  4.806376e-01  1.000000e-07
 33  46  0  0  1  3  5.276570e-01  1.000000e-07
 34  21  1  0  1  3  2.331649e-01  1.000000e-07
 34  46  0  0  1  3  3.583724e-01  1.000000e-07
 14  42  0  0  0  3  2.786863e-01  1.000000e-07
 14  17  0  0  0  3  3.827368e-01  1.000000e-07
 14  44  0  0  0  3  2.941260e-01  1.000000e-07
 14  63  0 -1  0  3  3.860215e-01  1.000000e-07
 40  21  1  0  0  3  3.921519e-01  1.000000e-07
 40  12  1  0  0  3  3.167832e-01  1.000000e-07
 40  18  0  0  0  3  7.044021e-02  1.000000e-07
 40  15  0  0  0  3  2.104109e-01  1.000000e-07
 40  79  0  0  0  3  3.525779e-01  1.000000e-07
 40  45  1  0  0  3  4.425481e-01  1.000000e-07
 40  46  0  0  0  3  1.991767e-01  1.000000e-07
 40  26  1  0  0  3  2.830546e-01  1.000000e-07
 21  20  0  0 -1  3  3.380435e-01  1.000000e-07
 21  78  0  0  0  3  3.876836e-01  1.000000e-07
 21  79 -1  0  0  3  3.276594e-01  1.000000e-07
 21  42 -1  1  0  3  4.466590e-01  1.000000e-07
 21  45  0  1  0  3  4.157826e-01  1.000000e-07
 21  49  0  0  0  3  4.246017e-01  1.000000e-07
 21  26  0  0  0  3  2.585452e-01  1.000000e-07
 12  18 -1  0  0  3  3.416110e-01  1.000000e-07
 12  78  0  0  0  3  3.231275e-01  1.000000e-07
 12  79 -1  0  0  3  4.699902e-01  1.000000e-07
 12  43  0  0  0  3  2.378834e-01  1.000000e-07
 18  15  0  0  0  3  1.803406e-01  1.000000e-07
 18  42  0  0  0  3  4.068466e-01  1.000000e-07
 18  17  0  0  0  3  3.284513e-01  1.000000e-07
 15  41  0  0  0  3  2.854199e-01  1.000000e-07
 15  17  0  0  0  3  2.104633e-01  1.000000e-07
 15  16  0  0  0  3  2.880825e-01  1.000000e-07
 15  44  0  0  0  3  2.612213e-01  1.000000e-07
 15  46  0  0  0  3  2.556601e-01  1.000000e-07
 41  42  0  0  0  3  3.675095e-01  1.000000e-07
 41  19  0 -1  0  3  2.865170e-01  1.000000e-07
 41  44  0  0  0  3  6.064968e-02  1.000000e-07
 41  49  0 -1  0  3  3.370355e-01  1.000000e-07
 41  46  0  0  0  3  4.472453e-01  1.000000e-07
 78  79 -1  0  0  3  4.720522e-01  1.000000e-07
 78  89  0  0  0  3  2.720766e-01  1.000000e-07
 78  42 -1  1  0  3  5.824654e-01  1.000000e-07
 78  17  0  0  0  3  2.625187e-01  1.000000e-07
 78  16  0  0  0  3  2.934119e-01  1.000000e-07
 78  26  0  0  0  3  3.897844e-01  1.000000e-07
 79  19  0  0  0  3  2.155237e-01  1.000000e-07
 79  63  0  0  0  3  1.639133e-01  1.000000e-07
 89  17  0  0  0  3  2.129243e-01  1.000000e-07
 89  16  0  0  0  3  3.132756e-01  1.000000e-07
 89  49  0  0  0  3  4.057884e-01  1.000000e-07
 89  63  0  0  0  3  2.401432e-01  1.000000e-07
 42  19  0 -1  0  3  2.310819e-01  1.000000e-07
 42  26  1  0  0  3  4.084876e-01  1.000000e-07
 17  16  0  0  0  3  1.503964e-01  1.000000e-07
 19  45  1  1  0  3  3.652310e-01  1.000000e-07
 19  49  0  0  0  3  3.975533e-01  1.000000e-07
 19  63  0  0  0  3  1.654524e-01  1.000000e-07
 16  43  0  0  0  3  2.519189e-01  1.000000e-07
 16  44  0  0  0  3  3.370205e-01  1.000000e-07
 16  45  0  0  0  3  4.182138e-01  1.000000e-07
 16  49  0 -1  0  3  4.158525e-01  1.000000e-07
 43  20  0  0 -1  3  5.070541e-01  1.000000e-07
 43  45  0  0  0  3  4.034335e-01  1.000000e-07
 43  49  0  0  0  3  5.169244e-01  1.000000e-07
 43  46  0  0  0  3  4.638050e-01  1.000000e-07
 43  26  0  0  0  3  1.679518e-01  1.000000e-07
 44  19  0 -1  0  3  3.110629e-01  1.000000e-07
 44  49  0 -1  0  3  2.986092e-01  1.000000e-07
 45  49  0 -1  0  3  3.271610e-01  1.000000e-07
 49  63  0  0  0  3  3.891425e-01  1.000000e-07
 46  63  0  0  0  3  2.044192e-01  1.000000e-07
 26  79 -1  0  0  3  4.419922e-01  1.000000e-07
 25  80  1  0  0  3  3.294254e-01  1.000000e-07
 76  12  0  0  0  3  2.378934e-01  1.000000e-07
 25  59  0  0  0  3  3.140830e-01  1.000000e-07
 13  42  0  0  0  3  2.709303e-01  1.000000e-07
 31  64  0  0  0  3  3.832645e-01  1.000000e-07
 62  42 -1  0  0  3  2.746895e-01  1.000000e-07
 28  58  0  0  0  3  1.597668e-01  1.000000e-07
 85  18  0  0  0  3  2.222925e-01  1.000000e-07
 29  88  0  0  0  3  1.820369e-01  1.000000e-07
 85  14  0  0  0  3  1.884276e-01  1.000000e-07
 30  52  0  0  0  3  1.936202e-01  1.000000e-07
 51  14  0  1  0  3  2.020939e-01  1.000000e-07
 23  58  0  0  0  3  2.327203e-01  1.000000e-07
 86  18  0  0  0  3  2.212478e-01  1.000000e-07
 39  74  0  0  0  3  2.076909e-01  1.000000e-07
 66  79  0  0  0  3  2.557860e-01  1.000000e-07
 30  52  0  0  0  3  1.315559e-01  1.000000e-07
 3  63  0  0  0  3  3.162449e-01  1.000000e-07
 27  57  0  0  0  3  1.449984e-01  1.000000e-07
 0  89  0  0  0  3  2.736807e-01  1.000000e-07
 31  62  0  0  0  3  3.962748e-01  1.000000e-07
 50  49  0 -1  0  3  3.294200e-01  1.000000e-07
 20  61  0  0  0  3  3.716890e-01  1.000000e-07
 55  49  0  0  0  3  3.093817e-01  1.000000e-07
 28  88  0  0  0  3  2.267662e-01  1.000000e-07
 85  14  0  0  0  3  1.773980e-01  1.000000e-07
 22  50  0  0  0  3  3.607674e-01  1.000000e-07
 83  49  0 -1  0  3  3.619773e-01  1.000000e-07
 27  88  0  0  0  3  1.893163e-01  1.000000e-07
 85  14  0  0  0  3  1.837468e-01  1.000000e-07
 29  81  0  0  0  3  1.250363e-01  1.000000e-07
 84  17  0  0  0  3  1.475060e-01  1.000000e-07
 29  84  0  0  0  3  1.327928e-01  1.000000e-07
 81  16  0  0  0  3  2.366113e-01  1.000000e-07
 32  73  0  0  0  3  1.832418e-01  1.000000e-07
 68  78  0  0  0  3  1.886235e-01  1.000000e-07
 48  10  0  0  0  3  1.875914e-01  1.000000e-07
 77  14  0  0  0  3  1.272668e-01  1.000000e-07
 22  87  0  0  0  3  3.660673e-01  1.000000e-07
 84  17  0  0  0  3  1.679389e-01  1.000000e-07
 27  85  0  0  0  3  1.361956e-01  1.000000e-07
 58  18  0  0  0  3  2.351055e-01  1.000000e-07
 38  47  0  0  0  3  1.862945e-01  1.000000e-07
 13  12  1  0  0  3  3.799989e-01  1.000000e-07
 32  75  0  0  0  3  1.744850e-01  1.000000e-07
 67  79  0  0  0  3  2.778637e-01  1.000000e-07
 31  80  0  0  0  3  3.930434e-01  1.000000e-07
 83  12  0  0  0  3  2.358285e-01  1.000000e-07
 38  56  0  0  0  3  1.214054e-01  1.000000e-07
 13  42  0  0  0  3  2.958067e-01  1.000000e-07
 29  88  0  0  0  3  1.236621e-01  1.000000e-07
 81  15  0  0  0  3  2.151872e-01  1.000000e-07
 27  85  0  0  0  3  1.269574e-01  1.000000e-07
 88  15  0  0  0  3  2.071497e-01  1.000000e-07
 27  81  0  0  0  3  1.498410e-01  1.000000e-07
 84  17  0  0  0  3  1.657490e-01  1.000000e-07
 48  77  0  0  0  3  2.065351e-01  1.000000e-07
 11  49  0 -1  0  3  3.492595e-01  1.000000e-07
 39  82  0  0  0  3  2.282539e-01  1.000000e-07
 58  12  1  0  0  3  2.980187e-01  1.000000e-07
 39  58  0  0  0  3  1.685115e-01  1.000000e-07
 74  18  0  0  0  3  2.175045e-01  1.000000e-07
 80  82 -1  0  0  2  3.031896e-01  2.000000e-07
 80  64  0  0  0  2  1.512800e-01  2.000000e-07
 80  56 -1  0  0  2  3.836374e-01  2.000000e-07
 80  50  0  0  0  2  1.251393e-01  2.000000e-07
 80  83  0  0  0  2  1.303588e-01  2.000000e-07
 80  9  0  0  0  2  2.440788e-01  2.000000e-07
 80  11  0  0  0  2  2.373241e-01  2.000000e-07
 80  72  0  0  0  2  5.406802e-01  2.000000e-07
 80  84  0  0  0  2  3.173335e-01  2.000000e-07
 80  85 -1  0  0  2  4.893602e-01  2.000000e-07
 80  66 -1  0  0  2  4.880059e-01  2.000000e-07
 80  1  0  0  0  2  3.169599e-01  2.000000e-07
 80  86 -1  0  0  2  3.671374e-01  2.000000e-07
 80  87  0  0  0  2  2.726979e-01  2.000000e-07
 80  76  0  0  0  2  3.381371e-01  2.000000e-07
 80  74 -1  0  0  2  5.338722e-01  2.000000e-07
 80  59 -1  0  0  2  3.324818e-01  2.000000e-07
 80  60  0 -1  0  2  3.256412e-01  2.000000e-07
 81  83  0  0  0  2  2.485436e-01  2.000000e-07
 81  9  0  0  0  2  1.998908e-01  2.000000e-07
 81  57  0  0  0  2  1.261399e-01  2.000000e-07
 81  84  0  0  0  2  5.187897e-02  2.000000e-07
 81  85  0  0  0  2  2.445884e-01  2.000000e-07
 81  68  0  0  0  2  1.953488e-01  2.000000e-07
 81  10  0  0  0  2  4.000907e-01  2.000000e-07
 81  77  0  0  0  2  3.140765e-01  2.000000e-07
 81  58  0  0  0  2  3.233383e-01  2.000000e-07
 81  86  0  0  0  2  3.580336e-01  2.000000e-07
 81  70  0  0  0  2  1.459464e-01  2.000000e-07
 81  87  0  0  0  2  1.148529e-01  2.000000e-07
 81  76  0  0  0  2  4.030189e-01  2.000000e-07
 81  69  0  0  0  2  3.899338e-01  2.000000e-07
 81  0  0  0  0  2  1.620694e-01  2.000000e-07
 81  47  0  0  0  2  4.032350e-01  2.000000e-07
 81  88  0  0  0  2  2.305966e-01  2.000000e-07
 6  64  0  1  0  2  3.169814e-01  2.000000e-07
 6  52 -1  0  0  2  3.592807e-01  2.000000e-07
 6  53 -1  0  0  2  1.585153e-01  2.000000e-07
 6  67 -1  0  0  2  4.969320e-01  2.000000e-07
 6  54  0  0  0  2  3.726666e-01  2.000000e-07
 6  71  0  0  0  2  4.085669e-01  2.000000e-07
 6  72  0  0  0  2  2.895993e-02  2.000000e-07
 6  68  0  0  0  2  4.059966e-01  2.000000e-07
 6  76  0  0  0  2  2.137324e-01  2.000000e-07
 6  69  0  0  0  2  1.388724e-01  2.000000e-07
 6  59 -1  1  0  2  3.877651e-01  2.000000e-07
 6  60  0  0  0  2  1.558875e-01  2.000000e-07
 6  7  0  0  0  2  1.198652e-01  2.000000e-07
 6  61  0  0  0  2  2.210376e-01  2.000000e-07
 6  5  0  0  0  2  4.687307e-02  2.000000e-07
 6  62  0  1  0  2  2.980285e-01  2.000000e-07
 51  52  0  0  0  2  1.670687e-01  2.000000e-07
 51  53  0  0  0  2  3.672382e-01  2.000000e-07
 51  54  0  0  0  2  1.698254e-01  2.000000e-07
 51  3  0  0  0  2  3.159417e-01  2.000000e-07
 51  55  0  0  0  2  2.181688e-01  2.000000e-07
 51  56  0  1  0  2  3.089830e-01  2.000000e-07
 51  65  0  0  0  2  2.490866e-01  2.000000e-07
 51  13  0  1  0  2  3.458644e-01  2.000000e-07
 51  10  0  1  0  2  2.529480e-01  2.000000e-07
 51  77  0  1  0  2  2.665635e-01  2.000000e-07
 51  4  0  0  0  2  8.032121e-02  2.000000e-07
 51  8  0  0  0  2  4.481262e-02  2.000000e-07
 51  75  0  0  0  2  9.823828e-02  2.000000e-07
 51  47  0  1  0  2  3.626553e-01  2.000000e-07
 82  53  0  0  0  2  3.850804e-01  2.000000e-07
 82  56  0  0  0  2  3.560386e-01  2.000000e-07
 82  83  1  0  0  2  4.014187e-01  2.000000e-07
 82  9  1  0  0  2  5.162533e-01  2.000000e-07
 82  11  1  0  0  2  5.314507e-01  2.000000e-07
 82  85  0  0  0  2  2.580028e-01  2.000000e-07
 82  13  0  0  0  2  3.202093e-01  2.000000e-07
 82  66  0  0  0  2  2.142800e-01  2.000000e-07
 82  1  1  0  0  2  4.452293e-01  2.000000e-07
 82  58  0  0  0  2  1.353347e-01  2.000000e-07
 82  86  0  0  0  2  1.160090e-01  2.000000e-07
 82  87  1  0  0  2  4.348321e-01  2.000000e-07
 82  76  1  0  0  2  2.241025e-01  2.000000e-07
 82  69  1  0  0  2  3.232018e-01  2.000000e-07
 82  74  0  0  0  2  2.343993e-01  2.000000e-07
 82  59  0  0  0  2  3.264963e-01  2.000000e-07
 82  60  1 -1  0  2  5.030700e-01  2.000000e-07
 82  47  0  0  0  2  2.730694e-01  2.000000e-07
 82  62  1  0  0  2  4.107293e-01  2.000000e-07
 64  52 -1 -1  0  2  4.344302e-01  2.000000e-07
 64  54  0 -1  0  2  3.425237e-01  2.000000e-07
 64  50  0  0  0  2  1.642377e-01  2.000000e-07
 64  83  0  0  0  2  2.487030e-01  2.000000e-07
 64  72  0 -1  0  2  3.312330e-01  2.000000e-07
 64  86 -1  0  0  2  3.924536e-01  2.000000e-07
 64  76  0  0  0  2  4.703971e-01  2.000000e-07
 64  59 -1  0  0  2  2.451210e-01  2.000000e-07
 64  47 -1  0  0  2  3.398062e-01  2.000000e-07
 64  62  0  0  0  2  4.292910e-02  2.000000e-07
 52  53  0  0  0  2  2.022959e-01  2.000000e-07
 52  67  0  0  0  2  2.185194e-01  2.000000e-07
 52  54  0  0  0  2  3.326656e-01  2.000000e-07
 52  3  0  0  0  2  1.612268e-01  2.000000e-07
 52  56  0  1  0  2  2.236274e-01  2.000000e-07
 52  65  0  0  0  2  1.598862e-01  2.000000e-07
 52  72  1  0  0  2  3.367842e-01  2.000000e-07
 52  10  0  1  0  2  2.463262e-01  2.000000e-07
 52  76  1  0  0  2  4.573885e-01  2.000000e-07
 52  74  0  0  0  2  2.710337e-01  2.000000e-07
 52  8  0  0  0  2  1.615600e-01  2.000000e-07
 52  59  0  1  0  2  2.603436e-01  2.000000e-07
 52  47  0  1  0  2  3.190598e-01  2.000000e-07
 52  62  1  1  0  2  4.540567e-01  2.000000e-07
 53  67  0  0  0  2  3.486764e-01  2.000000e-07
 53  3  0  0  0  2  7.285966e-02  2.000000e-07
 53  56  0  1  0  2  2.983268e-01  2.000000e-07
 53  65  0  0  0  2  2.066065e-01  2.000000e-07
 53  57  0  0  0  2  4.733635e-01  2.000000e-07
 53  13  0  1  0  2  3.197048e-01  2.000000e-07
 53  66  0  0  0  2  1.888805e-01  2.000000e-07
 53  58  0  0  0  2  3.692927e-01  2.000000e-07
 53  76  1  0  0  2  2.811725e-01  2.000000e-07
 53  69  1  0  0  2  2.576609e-01  2.000000e-07
 53  8  0  0  0  2  3.532490e-01  2.000000e-07
 53  60  1  0  0  2  1.765534e-01  2.000000e-07
 53  47  0  1  0  2  4.101336e-01  2.000000e-07
 53  5  1  0  0  2  2.036294e-01  2.000000e-07
 53  62  1  1  0  2  3.443891e-01  2.000000e-07
 67  54  0  0  0  2  3.112460e-01  2.000000e-07
 67  71  0  0  0  2  1.182890e-01  2.000000e-07
 67  57  0  0  0  2  1.650812e-01  2.000000e-07
 67  68  0  0  0  2  1.458112e-01  2.000000e-07
 67  58  0  0  0  2  3.064553e-01  2.000000e-07
 67  4  0  0  0  2  1.833237e-01  2.000000e-07
 67  86  0  0  0  2  4.030373e-01  2.000000e-07
 67  76  1  0  0  2  5.049385e-01  2.000000e-07
 67  74  0  0  0  2  1.982060e-01  2.000000e-07
 67  75  0  0  0  2  1.152926e-01  2.000000e-07
 67  0  0  0  0  2  1.287261e-01  2.000000e-07
 54  55  0  0  0  2  6.877828e-02  2.000000e-07
 54  50  0  1  0  2  2.592110e-01  2.000000e-07
 54  83  0  1  0  2  3.373829e-01  2.000000e-07
 54  9  0  1  0  2  2.959026e-01  2.000000e-07
 54  71  0  0  0  2  2.088499e-01  2.000000e-07
 54  72  0  0  0  2  4.015652e-01  2.000000e-07
 54  68  0  0  0  2  3.223751e-01  2.000000e-07
 54  10  0  1  0  2  3.131604e-01  2.000000e-07
 54  77  0  1  0  2  2.601177e-01  2.000000e-07
 54  4  0  0  0  2  1.283403e-01  2.000000e-07
 54  75  0  0  0  2  2.616911e-01  2.000000e-07
 54  7  0  0  0  2  2.820963e-01  2.000000e-07
 54  61  0  0  0  2  1.838564e-01  2.000000e-07
 54  5  0  0  0  2  3.282822e-01  2.000000e-07
 54  62  0  1  0  2  3.001238e-01  2.000000e-07
 3  56  0  1  0  2  3.134258e-01  2.000000e-07
 3  65  0  0  0  2  1.337535e-01  2.000000e-07
 3  72  1  0  0  2  1.947608e-01  2.000000e-07
 3  73  1  0  0  2  4.927025e-01  2.000000e-07
 3  66  0  0  0  2  1.427378e-01  2.000000e-07
 3  69  1  0  0  2  2.970637e-01  2.000000e-07
 3  74  0  0  0  2  1.980140e-01  2.000000e-07
 3  8  0  0  0  2  2.959041e-01  2.000000e-07
 3  60  1  0  0  2  2.465490e-01  2.000000e-07
 55  9  0  1  0  2  3.323977e-01  2.000000e-07
 55  65  0  0  0  2  4.448125e-01  2.000000e-07
 55  11  0  1  0  2  2.576348e-01  2.000000e-07
 55  73  0  0  0  2  1.948535e-01  2.000000e-07
 55  77  0  1  0  2  3.255457e-01  2.000000e-07
 55  70  0  0  0  2  3.510601e-01  2.000000e-07
 55  60  0  0  0  2  3.074401e-01  2.000000e-07
 55  7  0  0  0  2  2.155403e-01  2.000000e-07
 55  61  0  0  0  2  1.261324e-01  2.000000e-07
 56  65  0 -1  0  2  3.761500e-01  2.000000e-07
 56  71  0 -1  0  2  4.491061e-01  2.000000e-07
 56  11  0  0  0  2  4.341753e-01  2.000000e-07
 56  72  1 -1  0  2  3.947565e-01  2.000000e-07
 56  85  0  0  0  2  2.766103e-01  2.000000e-07
 56  13  0  0  0  2  3.812116e-02  2.000000e-07
 56  10  0  0  0  2  1.273954e-01  2.000000e-07
 56  77  0  0  0  2  2.371593e-01  2.000000e-07
 56  58  0  0  0  2  3.848554e-01  2.000000e-07
 56  59  0  0  0  2  5.124389e-02  2.000000e-07
 56  75  0 -1  0  2  3.223900e-01  2.000000e-07
 56  60  1 -1  0  2  2.771258e-01  2.000000e-07
 56  88  0  0  0  2  2.734541e-01  2.000000e-07
 50  83  0  0  0  2  1.114070e-01  2.000000e-07
 50  71  0 -1  0  2  4.636420e-01  2.000000e-07
 50  11  0  0  0  2  1.333947e-01  2.000000e-07
 50  72  0 -1  0  2  4.369250e-01  2.000000e-07
 50  84  0  0  0  2  2.978257e-01  2.000000e-07
 50  73  0 -1  0  2  4.439603e-01  2.000000e-07
 50  10  0  0  0  2  4.343811e-01  2.000000e-07
 50  88  0  0  0  2  4.044511e-01  2.000000e-07
 50  62  0  0  0  2  1.440900e-01  2.000000e-07
 83  9  0  0  0  2  1.176139e-01  2.000000e-07
 83  84  0  0  0  2  1.974671e-01  2.000000e-07
 83  68  0  0  0  2  4.095796e-01  2.000000e-07
 83  10  0  0  0  2  4.308984e-01  2.000000e-07
 83  77  0  0  0  2  3.205154e-01  2.000000e-07
 83  1  0  0  0  2  2.319241e-01  2.000000e-07
 83  86 -1  0  0  2  4.826827e-01  2.000000e-07
 83  87  0  0  0  2  1.789390e-01  2.000000e-07
 83  76  0  0  0  2  3.643024e-01  2.000000e-07
 83  0  0  0  0  2  4.059333e-01  2.000000e-07
 83  61  0 -1  0  2  3.241964e-01  2.000000e-07
 83  2  0  0  0  2  3.980804e-01  2.000000e-07
 83  88  0  0  0  2  3.530509e-01  2.000000e-07
 83  62  0  0  0  2  2.418336e-01  2.000000e-07
 9  11  0  0  0  2  7.489031e-02  2.000000e-07
 9  57  0  0  0  2  3.241227e-01  2.000000e-07
 9  84  0  0  0  2  1.517091e-01  2.000000e-07
 9  77  0  0  0  2  2.077213e-01  2.000000e-07
 9  60  0 -1  0  2  4.766581e-01  2.000000e-07
 9  61  0 -1  0  2  3.484036e-01  2.000000e-07
 9  62  0  0  0  2  3.165915e-01  2.000000e-07
 65  71  0  0  0  2  2.573762e-01  2.000000e-07
 65  57  0  0  0  2  2.680684e-01  2.000000e-07
 65  84  0  0  0  2  4.383535e-01  2.000000e-07
 65  73  0  0  0  2  3.906489e-01  2.000000e-07
 65  77  0  1  0  2  4.711175e-01  2.000000e-07
 65  66  0  0  0  2  1.431222e-01  2.000000e-07
 65  1  0  0  0  2  4.473273e-01  2.000000e-07
 65  58  0  0  0  2  2.492786e-01  2.000000e-07
 65  70  0  0  0  2  3.094508e-01  2.000000e-07
 65  74  0  0  0  2  1.116140e-01  2.000000e-07
 65  8  0  0  0  2  2.144086e-01  2.000000e-07
 65  75  0  0  0  2  1.514296e-01  2.000000e-07
 65  2  0  0  0  2  2.564238e-01  2.000000e-07
 71  11  0  1  0  2  4.289038e-01  2.000000e-07
 71  72  0  0  0  2  4.346344e-01  2.000000e-07
 71  68  0  0  0  2  1.282301e-01  2.000000e-07
 71  73  0  0  0  2  1.425795e-01  2.000000e-07
 71  10  0  1  0  2  3.986030e-01  2.000000e-07
 71  1  0  0  0  2  3.055063e-01  2.000000e-07
 71  76  0  0  0  2  4.540910e-01  2.000000e-07
 71  74  0  0  0  2  3.164913e-01  2.000000e-07
 71  75  0  0  0  2  1.478542e-01  2.000000e-07
 71  0  0  0  0  2  1.831183e-01  2.000000e-07
 71  2  0  0  0  2  1.699777e-01  2.000000e-07
 11  72  0 -1  0  2  5.239570e-01  2.000000e-07
 11  84  0  0  0  2  2.265993e-01  2.000000e-07
 11  10  0  0  0  2  3.068005e-01  2.000000e-07
 11  77  0  0  0  2  1.988283e-01  2.000000e-07
 11  87  0  0  0  2  2.602809e-01  2.000000e-07
 11  60  0 -1  0  2  4.192214e-01  2.000000e-07
 11  61  0 -1  0  2  2.782667e-01  2.000000e-07
 11  88  0  0  0  2  2.749411e-01  2.000000e-07
 57  84  0  0  0  2  1.778120e-01  2.000000e-07
 57  68  0  0  0  2  1.080241e-01  2.000000e-07
 57  77  0  0  0  2  4.024432e-01  2.000000e-07
 57  66  0  0  0  2  3.427354e-01  2.000000e-07
 57  58  0  0  0  2  2.729745e-01  2.000000e-07
 57  70  0  0  0  2  7.788514e-02  2.000000e-07
 57  87  0  0  0  2  2.125747e-01  2.000000e-07
 57  8  0  0  0  2  2.952368e-01  2.000000e-07
 72  80  0  1  0  2  4.795904e-01  2.000000e-07
 72  73  0  0  0  2  2.992991e-01  2.000000e-07
 72  66 -1  0  0  2  2.432175e-01  2.000000e-07
 72  1  0  0  0  2  4.087452e-01  2.000000e-07
 72  76  0  0  0  2  2.033917e-01  2.000000e-07
 72  74 -1  0  0  2  3.411069e-01  2.000000e-07
 72  59 -1  1  0  2  3.828528e-01  2.000000e-07
 72  60  0  0  0  2  1.633800e-01  2.000000e-07
 72  2  0  0  0  2  4.904509e-01  2.000000e-07
 84  85  0  0  0  2  2.560577e-01  2.000000e-07
 84  77  0  0  0  2  2.910563e-01  2.000000e-07
 84  1  0  0  0  2  1.190734e-01  2.000000e-07
 84  58  0  0  0  2  3.591163e-01  2.000000e-07
 84  70  0  0  0  2  1.894043e-01  2.000000e-07
 84  87  0  0  0  2  9.085364e-02  2.000000e-07
 84  74  0  0  0  2  3.857719e-01  2.000000e-07
 84  2  0  0  0  2  2.101881e-01  2.000000e-07
 84  88  0  0  0  2  2.326863e-01  2.000000e-07
 85  10  0  0  0  2  2.110472e-01  2.000000e-07
 85  77  0  0  0  2  1.915594e-01  2.000000e-07
 85  58  0  0  0  2  1.800199e-01  2.000000e-07
 85  86  0  0  0  2  1.433270e-01  2.000000e-07
 85  74  0  0  0  2  2.915093e-01  2.000000e-07
 85  59  0  0  0  2  2.877308e-01  2.000000e-07
 85  0  0  0  0  2  2.976949e-01  2.000000e-07
 85  47  0  0  0  2  1.675896e-01  2.000000e-07
 85  2  0  0  0  2  3.169667e-01  2.000000e-07
 85  88  0  0  0  2  4.776276e-02  2.000000e-07
 13  77  0  0  0  2  2.514882e-01  2.000000e-07
 13  58  0  0  0  2  3.562531e-01  2.000000e-07
 13  60  1 -1  0  2  2.768490e-01  2.000000e-07
 13  47  0  0  0  2  9.518598e-02  2.000000e-07
 13  62  1  0  0  2  3.082255e-01  2.000000e-07
 68  4  0  0  0  2  2.208936e-01  2.000000e-07
 68  70  0  0  0  2  4.962522e-02  2.000000e-07
 68  76  0  0  0  2  3.880049e-01  2.000000e-07
 68  69  0  0  0  2  3.270710e-01  2.000000e-07
 68  8  0  0  0  2  2.335776e-01  2.000000e-07
 68  0  0  0  0  2  9.225004e-02  2.000000e-07
 68  7  0  0  0  2  2.913038e-01  2.000000e-07
 68  2  0  0  0  2  6.762397e-02  2.000000e-07
 73  11  0  1  0  2  4.515456e-01  2.000000e-07
 73  77  0  1  0  2  4.831950e-01  2.000000e-07
 73  66 -1  0  0  2  5.023501e-01  2.000000e-07
 73  1  0  0  0  2  2.381768e-01  2.000000e-07
 73  70  0  0  0  2  1.752872e-01  2.000000e-07
 73  87  0  0  0  2  2.924177e-01  2.000000e-07
 73  69  0  0  0  2  2.294221e-01  2.000000e-07
 73  60  0  0  0  2  3.699443e-01  2.000000e-07
 73  7  0  0  0  2  1.560618e-01  2.000000e-07
 10  77  0  0  0  2  1.104053e-01  2.000000e-07
 10  86  0  0  0  2  2.829567e-01  2.000000e-07
 10  59  0  0  0  2  1.716135e-01  2.000000e-07
 10  75  0 -1  0  2  3.043820e-01  2.000000e-07
 10  47  0  0  0  2  1.153126e-01  2.000000e-07
 10  88  0  0  0  2  1.878703e-01  2.000000e-07
 77  71  0 -1  0  2  4.009402e-01  2.000000e-07
 77  58  0  0  0  2  3.703469e-01  2.000000e-07
 77  47  0  0  0  2  1.923255e-01  2.000000e-07
 77  88  0  0  0  2  1.490964e-01  2.000000e-07
 66  1  1  0  0  2  5.112158e-01  2.000000e-07
 66  58  0  0  0  2  1.806844e-01  2.000000e-07
 66  69  1  0  0  2  2.761980e-01  2.000000e-07
 66  74  0  0  0  2  1.023359e-01  2.000000e-07
 1  70  0  0  0  2  1.438282e-01  2.000000e-07
 1  87  0  0  0  2  5.444149e-02  2.000000e-07
 1  76  0  0  0  2  2.841937e-01  2.000000e-07
 1  69  0  0  0  2  2.727413e-01  2.000000e-07
 1  2  0  0  0  2  1.915472e-01  2.000000e-07
 58  86  0  0  0  2  1.032529e-01  2.000000e-07
 58  76  1  0  0  2  3.134737e-01  2.000000e-07
 58  74  0  0  0  2  1.376663e-01  2.000000e-07
 58  8  0  0  0  2  4.332108e-01  2.000000e-07
 58  47  0  0  0  2  2.782759e-01  2.000000e-07
 4  70  0  0  0  2  2.704374e-01  2.000000e-07
 4  8  0  0  0  2  8.238819e-02  2.000000e-07
 4  75  0  0  0  2  1.445013e-01  2.000000e-07
 4  7  0  0  0  2  3.042333e-01  2.000000e-07
 4  61  0  0  0  2  2.799116e-01  2.000000e-07
 86  76  1  0  0  2  3.381759e-01  2.000000e-07
 86  74  0  0  0  2  2.406561e-01  2.000000e-07
 86  59  0  0  0  2  2.692270e-01  2.000000e-07
 86  0  0  0  0  2  3.521969e-01  2.000000e-07
 86  47  0  0  0  2  1.823750e-01  2.000000e-07
 86  62  1  0  0  2  4.348953e-01  2.000000e-07
 70  87  0  0  0  2  1.880510e-01  2.000000e-07
 70  69  0  0  0  2  3.294484e-01  2.000000e-07
 70  8  0  0  0  2  2.795597e-01  2.000000e-07
 70  7  0  0  0  2  3.134803e-01  2.000000e-07
 87  76  0  0  0  2  2.992461e-01  2.000000e-07
 87  69  0  0  0  2  3.048946e-01  2.000000e-07
 87  62  0  0  0  2  4.163435e-01  2.000000e-07
 76  69  0  0  0  2  1.015067e-01  2.000000e-07
 76  74 -1  0  0  2  3.192024e-01  2.000000e-07
 76  0  0  0  0  2  4.584175e-01  2.000000e-07
 76  47 -1  0  0  2  4.915813e-01  2.000000e-07
 76  7  0  0  0  2  2.338976e-01  2.000000e-07
 76  2  0  0  0  2  4.343969e-01  2.000000e-07
 76  5  0  0  0  2  2.273117e-01  2.000000e-07
 76  62  0  0  0  2  4.967689e-01  2.000000e-07
 69  60  0  0  0  2  2.939962e-01  2.000000e-07
 69  7  0  0  0  2  1.324608e-01  2.000000e-07
 69  5  0  0  0  2  1.369905e-01  2.000000e-07
 74  75  0  0  0  2  2.492120e-01  2.000000e-07
 74  0  0  0  0  2  2.244558e-01  2.000000e-07
 74  2  0  0  0  2  2.485250e-01  2.000000e-07
 8  75  0  0  0  2  6.415748e-02  2.000000e-07
 59  3  0 -1  0  2  3.279830e-01  2.000000e-07
 59  75  0 -1  0  2  3.656971e-01  2.000000e-07
 59  47  0  0  0  2  1.208075e-01  2.000000e-07
 59  88  0  0  0  2  2.928395e-01  2.000000e-07
 75  11  0  1  0  2  4.412348e-01  2.000000e-07
 75  0  0  0  0  2  2.436991e-01  2.000000e-07
 75  2  0  0  0  2  2.464783e-01  2.000000e-07
 60  7  0  0  0  2  2.277283e-01  2.000000e-07
 60  61  0  0  0  2  1.843163e-01  2.000000e-07
 60  5  0  0  0  2  1.657131e-01  2.000000e-07
 60  62  0  1  0  2  1.690353e-01  2.000000e-07
 0  2  0  0  0  2  2.586896e-02  2.000000e-07
 0  88  0  0  0  2  3.099736e-01  2.000000e-07
 47  88  0  0  0  2  1.727502e-01  2.000000e-07
 47  62  1  0  0  2  3.807473e-01  2.000000e-07
 7  61  0  0  0  2  1.818739e-01  2.000000e-07
 7  5  0  0  0  2  7.624118e-02  2.000000e-07
 61  5  0  0  0  2  1.866082e-01  2.000000e-07
 61  62  0  1  0  2  1.567132e-01  2.000000e-07
 2  73  0  0  0  2  2.096214e-01  2.000000e-07
 2  88  0  0  0  2  3.264721e-01  2.000000e-07
 5  62  0  1  0  2  2.848338e-01  2.000000e-07
 80  82 -1  0  0  1  3.031896e-01  3.000000e-07
 80  64  0  0  0  1  1.512800e-01  3.000000e-07
 80  50  0  0  0  1  1.251393e-01  3.000000e-07
 80  83  0  0  0  1  1.303588e-01  3.000000e-07
 80  87  0  0  0  1  2.726979e-01  3.000000e-07
 80  76  0  0  0  1  3.381371e-01  3.000000e-07
 80  62  0  0  0  1  1.653979e-01  3.000000e-07
 81  57  0  0  0  1  1.261399e-01  3.000000e-07
 81  84  0  0  0  1  5.187897e-02  3.000000e-07
 81  85  0  0  0  1  2.445884e-01  3.000000e-07
 81  1  0  0  0  1  1.195120e-01  3.000000e-07
 81  70  0  0  0  1  1.459464e-01  3.000000e-07
 81  87  0  0  0  1  1.148529e-01  3.000000e-07
 81  88  0  0  0  1  2.305966e-01  3.000000e-07
 6  69  0  0  0  1  1.388724e-01  3.000000e-07
 6  60  0  0  0  1  1.558875e-01  3.000000e-07
 51  52  0  0  0  1  1.670687e-01  3.000000e-07
 51  54  0  0  0  1  1.698254e-01  3.000000e-07
 51  10  0  1  0  1  2.529480e-01  3.000000e-07
 51  4  0  0  0  1  8.032121e-02  3.000000e-07
 51  75  0  0  0  1  9.823828e-02  3.000000e-07
 82  66  0  0  0  1  2.142800e-01  3.000000e-07
 82  58  0  0  0  1  1.353347e-01  3.000000e-07
 82  86  0  0  0  1  1.160090e-01  3.000000e-07
 82  76  1  0  0  1  2.241025e-01  3.000000e-07
 82  59  0  0  0  1  3.264963e-01  3.000000e-07
 64  60  0 -1  0  1  1.744470e-01  3.000000e-07
 52  53  0  0  0  1  2.022959e-01  3.000000e-07
 52  65  0  0  0  1  1.598862e-01  3.000000e-07
 52  10  0  1  0  1  2.463262e-01  3.000000e-07
 52  75  0  0  0  1  1.184003e-01  3.000000e-07
 53  3  0  0  0  1  7.285966e-02  3.000000e-07
 53  56  0  1  0  1  2.983268e-01  3.000000e-07
 53  72  1  0  0  1  1.347026e-01  3.000000e-07
 53  59  0  1  0  1  3.015243e-01  3.000000e-07
 53  60  1  0  0  1  1.765534e-01  3.000000e-07
 67  65  0  0  0  1  1.502449e-01  3.000000e-07
 67  71  0  0  0  1  1.182890e-01  3.000000e-07
 67  68  0  0  0  1  1.458112e-01  3.000000e-07
 67  8  0  0  0  1  1.412495e-01  3.000000e-07
 67  75  0  0  0  1  1.152926e-01  3.000000e-07
 67  0  0  0  0  1  1.287261e-01  3.000000e-07
 67  2  0  0  0  1  1.338926e-01  3.000000e-07
 54  55  0  0  0  1  6.877828e-02  3.000000e-07
 54  50  0  1  0  1  2.592110e-01  3.000000e-07
 54  11  0  1  0  1  2.238094e-01  3.000000e-07
 54  77  0  1  0  1  2.601177e-01  3.000000e-07
 54  4  0  0  0  1  1.283403e-01  3.000000e-07
 3  65  0  0  0  1  1.337535e-01  3.000000e-07
 3  66  0  0  0  1  1.427378e-01  3.000000e-07
 55  50  0  1  0  1  2.576596e-01  3.000000e-07
 55  4  0  0  0  1  1.557413e-01  3.000000e-07
 55  7  0  0  0  1  2.155403e-01  3.000000e-07
 55  61  0  0  0  1  1.261324e-01  3.000000e-07
 56  52  0 -1  0  1  2.236274e-01  3.000000e-07
 56  10  0  0  0  1  1.273954e-01  3.000000e-07
 56  59  0  0  0  1  5.124389e-02  3.000000e-07
 56  47  0  0  0  1  1.120289e-01  3.000000e-07
 50  83  0  0  0  1  1.114070e-01  3.000000e-07
 50  62  0  0  0  1  1.440900e-01  3.000000e-07
 83  11  0  0  0  1  1.357296e-01  3.000000e-07
 83  87  0  0  0  1  1.789390e-01  3.000000e-07
 9  11  0  0  0  1  7.489031e-02  3.000000e-07
 9  84  0  0  0  1  1.517091e-01  3.000000e-07
 9  77  0  0  0  1  2.077213e-01  3.000000e-07
 9  87  0  0  0  1  1.915796e-01  3.000000e-07
 9  88  0  0  0  1  2.391494e-01  3.000000e-07
 65  66  0  0  0  1  1.431222e-01  3.000000e-07
 65  74  0  0  0  1  1.116140e-01  3.000000e-07
 65  75  0  0  0  1  1.514296e-01  3.000000e-07
 71  68  0  0  0  1  1.282301e-01  3.000000e-07
 71  73  0  0  0  1  1.425795e-01  3.000000e-07
 71  4  0  0  0  1  9.377156e-02  3.000000e-07
 71  8  0  0  0  1  1.155308e-01  3.000000e-07
 11  77  0  0  0  1  1.988283e-01  3.000000e-07
 57  85  0  0  0  1  2.735811e-01  3.000000e-07
 57  74  0  0  0  1  2.406254e-01  3.000000e-07
 72  66 -1  0  0  1  2.432175e-01  3.000000e-07
 72  69  0  0  0  1  1.410452e-01  3.000000e-07
 72  60  0  0  0  1  1.633800e-01  3.000000e-07
 84  88  0  0  0  1  2.326863e-01  3.000000e-07
 85  58  0  0  0  1  1.800199e-01  3.000000e-07
 85  86  0  0  0  1  1.433270e-01  3.000000e-07
 85  47  0  0  0  1  1.675896e-01  3.000000e-07
 13  47  0  0  0  1  9.518598e-02  3.000000e-07
 68  73  0  0  0  1  1.419989e-01  3.000000e-07
 68  2  0  0  0  1  6.762397e-02  3.000000e-07
 73  1  0  0  0  1  2.381768e-01  3.000000e-07
 73  4  0  0  0  1  1.903449e-01  3.000000e-07
 73  69  0  0  0  1  2.294221e-01  3.000000e-07
 73  7  0  0  0  1  1.560618e-01  3.000000e-07
 10  77  0  0  0  1  1.104053e-01  3.000000e-07
 10  47  0  0  0  1  1.153126e-01  3.000000e-07
 10  88  0  0  0  1  1.878703e-01  3.000000e-07
 77  51  0 -1  0  1  2.665635e-01  3.000000e-07
 77  88  0  0  0  1  1.490964e-01  3.000000e-07
 66  58  0  0  0  1  1.806844e-01  3.000000e-07
 1  70  0  0  0  1  1.438282e-01  3.000000e-07
 1  87  0  0  0  1  5.444149e-02  3.000000e-07
 1  76  0  0  0  1  2.841937e-01  3.000000e-07
 1  69  0  0  0  1  2.727413e-01  3.000000e-07
 58  86  0  0  0  1  1.032529e-01  3.000000e-07
 58  74  0  0  0  1  1.376663e-01  3.000000e-07
 4  8  0  0  0  1  8.238819e-02  3.000000e-07
 86  59  0  0  0  1  2.692270e-01  3.000000e-07
 86  47  0  0  0  1  1.823750e-01  3.000000e-07
 70  2  0  0  0  1  5.598678e-02  3.000000e-07
 87  76  0  0  0  1  2.992461e-01  3.000000e-07
 76  66 -1  0  0  1  2.270614e-01  3.000000e-07
 76  69  0  0  0  1  1.015067e-01  3.000000e-07
 69  7  0  0  0  1  1.324608e-01  3.000000e-07
 69  5  0  0  0  1  1.369905e-01  3.000000e-07
 74  0  0  0  0  1  2.244558e-01  3.000000e-07
 8  75  0  0  0  1  6.415748e-02  3.000000e-07
 59  64  1  0  0  1  2.451210e-01  3.000000e-07
 59  60  1 -1  0  1  2.498077e-01  3.000000e-07
 59  47  0  0  0  1  1.208075e-01  3.000000e-07
 60  61  0  0  0  1  1.843163e-01  3.000000e-07
 60  5  0  0  0  1  1.657131e-01  3.000000e-07
 47  88  0  0  0  1  1.727502e-01  3.000000e-07
 7  61  0  0  0  1  1.818739e-01  3.000000e-07
 7  5  0  0  0  1  7.624118e-02  3.000000e-07
 61  50  0  1  0  1  2.137302e-01  3.000000e-07
 61  62  0  1  0  1  1.567132e-01  3.000000e-07
 6.145062e-02  6.672068e-02  0
-1.238438e-01 -2.876739e-02  0
 3.701831e-02  7.522156e-02  0
 3.850779e-01  2.515437e-01  0
 1.684281e-02  3.374233e-01  0
-3.475177e-01  2.726729e-01  0
-3.936646e-01  2.644541e-01  0
-2.746411e-01  2.502739e-01  0
 9.802387e-02  3.233717e-01  0
-7.536319e-02 -2.668915e-01  0
 2.090605e-01 -4.084918e-01  0
-9.007097e-02 -3.403234e-01  0
-3.781087e-01 -1.210065e-01 -2.171864e-01
 3.549644e-01 -4.085500e-01  0
 1.989995e-01 -3.780164e-01 -1.207197e-01
 1.423782e-01 -1.699271e-01 -2.029424e-01
-1.447544e-01 -1.470623e-01 -2.078041e-01
-3.338207e-02 -7.436879e-02 -1.375836e-01
 2.856053e-01 -6.097608e-02 -2.147069e-01
 2.621931e-01  4.207035e-01 -3.226160e-01
-2.869896e-01  4.076124e-01  3.615059e-01
-4.303559e-01  1.764438e-01 -4.377940e-01
-3.153458e-01 -1.938144e-01  2.998999e-01
 2.493028e-01 -1.643557e-01  2.258403e-01
 2.665943e-01 -3.960644e-01  4.211442e-01
 4.439803e-01 -2.691247e-01  3.007511e-01
-4.200323e-01 -7.428090e-02 -3.755351e-01
 1.402698e-01 -1.029645e-01  1.243788e-01
 1.889171e-01 -8.203828e-02  1.543149e-01
 3.189299e-02 -1.478281e-01  1.166254e-01
 3.973947e-01  3.742851e-01  1.156580e-01
-3.627384e-01 -3.655825e-01  3.619735e-01
 5.945462e-02  2.027506e-01  1.286449e-01
-2.305929e-01 -4.115574e-02  3.939051e-01
 4.067401e-01  6.616561e-02  4.370386e-01
 6.566698e-02 -3.743906e-01  4.313605e-01
 6.246029e-02 -4.382720e-01  3.674425e-01
 3.062193e-01  3.362899e-01  4.416854e-01
 2.397309e-01 -3.853634e-01  1.064756e-01
 2.826826e-01  6.683553e-04  1.663440e-01
 3.144131e-01 -7.448037e-02 -2.775525e-01
 1.125350e-01 -3.545836e-01 -4.185250e-01
 4.332999e-01 -4.374204e-01 -2.594301e-01
-2.581316e-01 -4.261591e-02 -4.070519e-01
 6.588437e-02 -3.451551e-01 -3.809323e-01
-4.184264e-01 -4.118940e-01 -3.806353e-01
 1.762695e-01  6.858265e-02 -2.885379e-01
 2.965610e-01 -3.333874e-01  0
 1.008807e-01 -3.956272e-01  1.779410e-01
-1.338419e-01  4.477879e-01 -3.009056e-01
-2.223353e-01 -3.576522e-01  0
 9.125154e-02  3.676696e-01  0
 2.573798e-01  3.499677e-01  0
 4.492879e-01  2.859762e-01  0
-6.357962e-02  4.374406e-01  0
-1.238265e-01  4.042628e-01  0
 3.326374e-01 -4.394486e-01  0
 4.975923e-02  3.210663e-02  0
 3.083409e-01 -5.536093e-02  0
 3.802527e-01 -4.205088e-01  0
-4.310504e-01  4.157922e-01  0
-2.472886e-01  4.300792e-01  0
-3.386999e-01 -4.426298e-01  0
 2.113952e-01  2.696869e-01 -2.780283e-01
-3.746301e-01 -4.191366e-01  0
 2.661578e-01  1.903226e-01  0
 3.838010e-01  1.088116e-01  0
 1.160780e-01  1.832807e-01  0
-1.469751e-02  1.187931e-01  0
-3.413249e-01  1.358224e-01  0
-1.865721e-02  6.932607e-02  0
 1.437407e-02  2.436842e-01  0
-4.201652e-01  2.527753e-01  0
-1.240245e-01  2.094094e-01  0
 2.854895e-01  8.039554e-02  0
 1.540641e-01  2.921359e-01  0
-3.966883e-01  5.074303e-02  0
 1.070615e-01 -3.662362e-01  0
-1.957033e-01  1.318865e-01 -1.324231e-01
 3.580610e-01  2.677513e-01 -2.048644e-01
-3.191711e-01 -2.783888e-01  0
-1.430195e-02 -7.655538e-02  0
 4.364838e-01 -9.889118e-02  0
-1.918298e-01 -2.505031e-01  0
-4.523403e-02 -1.182043e-01  0
 1.981624e-01 -1.977261e-01  0
 3.350075e-01 -1.551109e-01  0
-1.289758e-01 -8.296646e-02  0
 1.604394e-01 -2.270221e-01  0
 5.352610e-02  9.397650e-02 -2.347618e-01