 715  90  1.200000e-05  63 -2 -2
 20  21  0  0  0  3  4.211435e-01  1.000000e-07
 20  29  0  0  0  3  4.515514e-01  1.000000e-07
 20  30  0  0  0  3  4.528647e-01  1.000000e-07
 20  19  0  0  0  3  2.811805e-01  1.000000e-07
 20  26  0  0  0  3  8.453806e-02  1.000000e-07
 20  31  0  0  1  3  4.877685e-01  1.000000e-07
 20  77  0  0  1  3  5.392943e-01  1.000000e-07
 23  24  0  1  0  3  4.675255e-01  1.000000e-07
 23  81 -1  0  0  3  4.969952e-01  1.000000e-07
 23  28  0  1  0  3  3.811976e-01  1.000000e-07
 23  29  0  0  0  3  2.334572e-01  1.000000e-07
 23  30 -1  0  0  3  3.515542e-01  1.000000e-07
 23  40  0  0  0  3  3.868228e-01  1.000000e-07
 22  25  0  0  0  3  1.869013e-01  1.000000e-07
 22  80  0 -1  0  3  5.060445e-01  1.000000e-07
 22  26  0  0  0  3  1.749103e-01  1.000000e-07
 22  31  0  0  1  3  4.627240e-01  1.000000e-07
 22  39  0 -1  1  3  4.888335e-01  1.000000e-07
 22  77  0  0  1  3  5.207916e-01  1.000000e-07
 22  34  0  0  1  3  4.582263e-01  1.000000e-07
 22  32  0  0  1  3  2.675933e-01  1.000000e-07
 22  33  0  0  1  3  2.928616e-01  1.000000e-07
 27  81  0 -1  0  3  3.766206e-01  1.000000e-07
 27  21  0  0  0  3  2.091001e-01  1.000000e-07
 27  29  0 -1  0  3  4.363857e-01  1.000000e-07
 27  80  0 -1  0  3  3.636008e-01  1.000000e-07
 27  30  0 -1  0  3  4.282824e-01  1.000000e-07
 27  19  0  0  0  3  4.037880e-01  1.000000e-07
 27  31  0  0  1  3  3.781536e-01  1.000000e-07
 27  13  0 -1  1  3  3.888033e-01  1.000000e-07
 27  33  0  0  1  3  3.064851e-01  1.000000e-07
 24  25  0  0  0  3  1.106188e-01  1.000000e-07
 24  28  0  0  0  3  2.465538e-01  1.000000e-07
 24  29  0 -1  0  3  4.930475e-01  1.000000e-07
 24  80  0 -1  0  3  4.649599e-01  1.000000e-07
 24  41  0  0  0  3  3.221733e-01  1.000000e-07
 24  26  0  0  0  3  2.149035e-01  1.000000e-07
 24  39  0 -1  1  3  4.754006e-01  1.000000e-07
 25  28  0  0  0  3  2.462759e-01  1.000000e-07
 25  29  0  0  0  3  4.558442e-01  1.000000e-07
 25  41  0  0  0  3  3.126769e-01  1.000000e-07
 25  59 -1  0  0  3  3.605356e-01  1.000000e-07
 25  40  0  0  0  3  3.374321e-01  1.000000e-07
 25  34  0  0  1  3  4.615709e-01  1.000000e-07
 25  36  0  0  1  3  1.793558e-01  1.000000e-07
 81  80  0  0  0  3  2.987282e-01  1.000000e-07
 81  59  0  0  0  3  4.633611e-01  1.000000e-07
 81  77  0  0  1  3  5.405263e-01  1.000000e-07
 81  32  0  0  1  3  5.729230e-01  1.000000e-07
 21  18  1  0  0  3  4.384757e-01  1.000000e-07
 21  28  1  0  0  3  2.923913e-01  1.000000e-07
 21  80  0 -1  0  3  4.970483e-01  1.000000e-07
 21  30  0 -1  0  3  4.645713e-01  1.000000e-07
 21  59  0  0  0  3  3.101051e-01  1.000000e-07
 21  19  0  0  0  3  2.532377e-01  1.000000e-07
 18  28  0  0  0  3  3.232478e-01  1.000000e-07
 18  41  0  0  0  3  2.068841e-01  1.000000e-07
 18  59 -1  0  0  3  2.051464e-01  1.000000e-07
 18  26  0  0  0  3  3.087765e-01  1.000000e-07
 28  9  0 -1  0  3  4.278138e-01  1.000000e-07
 28  35  0  0  1  3  3.657910e-01  1.000000e-07
 28  36  0  0  1  3  3.318881e-01  1.000000e-07
 28  37  0 -1  1  3  3.592181e-01  1.000000e-07
 9  29  0  0  0  3  1.590583e-01  1.000000e-07
 9  80  0  0  0  3  2.788112e-01  1.000000e-07
 9  30 -1  0  0  3  2.867204e-01  1.000000e-07
 9  41  0  0  0  3  2.959861e-01  1.000000e-07
 9  40  0  0  0  3  3.679625e-01  1.000000e-07
 9  10  0  0  1  3  2.286632e-01  1.000000e-07
 9  36  0  0  1  3  3.728795e-01  1.000000e-07
 9  37  0  0  1  3  3.026991e-01  1.000000e-07
 29  39  0  0  1  3  2.252829e-01  1.000000e-07
 29  32  0  0  1  3  4.151973e-01  1.000000e-07
 29  36  0  0  1  3  4.050553e-01  1.000000e-07
 80  19  0  1  0  3  6.177274e-01  1.000000e-07
 80  39  0  0  1  3  3.453463e-01  1.000000e-07
 30  13  0  0  1  3  4.717991e-01  1.000000e-07
 30  14  0  0  1  3  4.063501e-01  1.000000e-07
 30  77  0  0  1  3  3.649147e-01  1.000000e-07
 30  15  0  1  1  3  5.389078e-01  1.000000e-07
 41  40  0  0  0  3  3.069066e-01  1.000000e-07
 41  26  0  0  0  3  3.552669e-01  1.000000e-07
 41  14 -1  0  1  3  4.776676e-01  1.000000e-07
 41  36  0  0  1  3  3.737446e-01  1.000000e-07
 59  31  0  0  1  3  4.094719e-01  1.000000e-07
 59  14  0  0  1  3  4.214259e-01  1.000000e-07
 40  19  0  0  0  3  4.239615e-01  1.000000e-07
 40  26  0  0  0  3  1.485590e-01  1.000000e-07
 40  32  0  0  1  3  4.465858e-01  1.000000e-07
 26  36  0  0  1  3  3.822101e-01  1.000000e-07
 31  14  0  0  0  3  5.459418e-02  1.000000e-07
 31  16  0  0  0  3  1.908395e-01  1.000000e-07
 31  77  0  0  0  3  2.808888e-01  1.000000e-07
 31  35  1  0  0  3  2.924591e-01  1.000000e-07
 31  15  0  0  0  3  2.349787e-01  1.000000e-07
 13  16  0  1  0  3  3.394592e-01  1.000000e-07
 13  77  0  0  0  3  3.272048e-01  1.000000e-07
 13  42  0  0  0  3  3.712122e-01  1.000000e-07
 13  15  0  1  0  3  2.709995e-01  1.000000e-07
 13  38  1  0  0  3  3.373254e-01  1.000000e-07
 13  33  0  1  0  3  4.110010e-01  1.000000e-07
 39  42  0  0  0  3  1.960079e-01  1.000000e-07
 39  34  0  1  0  3  2.740722e-01  1.000000e-07
 39  7  0  1  0  3  2.514763e-01  1.000000e-07
 39  37  0  0  0  3  1.947566e-01  1.000000e-07
 39  33  0  1  0  3  4.435140e-01  1.000000e-07
 14  16  0  0  0  3  2.210603e-01  1.000000e-07
 14  35  1  0  0  3  2.659373e-01  1.000000e-07
 14  15  0  0  0  3  2.578078e-01  1.000000e-07
 14  36  1  0  0  3  3.202350e-01  1.000000e-07
 14  17  1  0  0  3  3.666712e-01  1.000000e-07
 16  77  0  0  0  3  3.524708e-01  1.000000e-07
 16  35  1  0  0  3  3.264711e-01  1.000000e-07
 16  15  0  0  0  3  1.605923e-01  1.000000e-07
 16  11  0  0  0  3  1.692474e-01  1.000000e-07
 16  33  0  0  0  3  1.731176e-01  1.000000e-07
 77  10  1  0  0  3  4.256599e-01  1.000000e-07
 77  38  1  0  0  3  4.364561e-01  1.000000e-07
 77  11  0  0  0  3  3.778599e-01  1.000000e-07
 77  33  0  0  0  3  3.830368e-01  1.000000e-07
 42  10  0  0  0  3  2.995821e-01  1.000000e-07
 42  34  0  1  0  3  2.597859e-01  1.000000e-07
 42  7  0  1  0  3  2.737573e-01  1.000000e-07
 42  12  0  0  0  3  4.294893e-01  1.000000e-07
 42  37  0  0  0  3  2.940306e-01  1.000000e-07
 42  38  0  0  0  3  3.118771e-01  1.000000e-07
 42  43  0  0  0  3  3.064744e-01  1.000000e-07
 10  32  0  0  0  3  4.183783e-01  1.000000e-07
 10  36  0  0  0  3  3.587145e-01  1.000000e-07
 10  37  0  0  0  3  1.222538e-01  1.000000e-07
 10  38  0  0  0  3  1.735821e-01  1.000000e-07
 10  17  0  0  0  3  2.586325e-01  1.000000e-07
 10  43  0  0  0  3  2.748720e-01  1.000000e-07
 34  7  0  0  0  3  1.633886e-01  1.000000e-07
 34  11  0  0  0  3  2.875150e-01  1.000000e-07
 34  33  0  0  0  3  3.178611e-01  1.000000e-07
 35  15 -1  0  0  3  2.446563e-01  1.000000e-07
 35  32  0  0  0  3  4.286943e-01  1.000000e-07
 35  7  0  0  0  3  2.091033e-01  1.000000e-07
 35  37  0 -1  0  3  3.387089e-01  1.000000e-07
 35  38  0 -1  0  3  3.193734e-01  1.000000e-07
 35  17  0  0  0  3  3.697456e-01  1.000000e-07
 15  37  1 -1  0  3  3.270611e-01  1.000000e-07
 15  38  1 -1  0  3  2.886298e-01  1.000000e-07
 32  12  0  0  0  3  2.214386e-01  1.000000e-07
 32  36  0  0  0  3  2.038088e-01  1.000000e-07
 32  17  0  0  0  3  2.535358e-01  1.000000e-07
 7  36  0  0  0  3  4.402898e-01  1.000000e-07
 7  37  0 -1  0  3  2.104726e-01  1.000000e-07
 7  38  0 -1  0  3  2.078351e-01  1.000000e-07
 7  43  0 -1  0  3  3.449203e-01  1.000000e-07
 12  11  0  0  0  3  2.522863e-01  1.000000e-07
 12  17  0  0  0  3  3.188416e-01  1.000000e-07
 12  43  0  0  0  3  4.709644e-01  1.000000e-07
 12  33  0  0  0  3  3.165762e-01  1.000000e-07
 36  17  0  0  0  3  2.002566e-01  1.000000e-07
 37  38  0  0  0  3  9.951956e-02  1.000000e-07
 38  43  0  0  0  3  2.164548e-01  1.000000e-07
 11  33  0  0  0  3  1.452276e-01  1.000000e-07
 17  43  0  0  0  3  2.462076e-01  1.000000e-07
 18  56  0  0  0  3  1.660528e-01  1.000000e-07
 8  7  0  0  0  3  3.033073e-01  1.000000e-07
 81  88  0  0  0  3  3.165528e-01  1.000000e-07
 58  43  1  0  0  3  2.233932e-01  1.000000e-07
 23  65  0  1  0  3  2.909545e-01  1.000000e-07
 79  35  0  0  0  3  3.060998e-01  1.000000e-07
 18  72  0  0  0  3  1.415553e-01  1.000000e-07
 52  35  0  0  0  3  2.572370e-01  1.000000e-07
 59  55  1  0  0  3  2.949869e-01  1.000000e-07
 53  43  0  0  0  3  2.159743e-01  1.000000e-07
 26  78  0  0  0  3  2.828849e-01  1.000000e-07
 68  11  0  0  0  3  2.522805e-01  1.000000e-07
 41  55  0  0  0  3  2.447705e-01  1.000000e-07
 75  43  0  0  0  3  1.678431e-01  1.000000e-07
 40  63  0  0  0  3  2.010772e-01  1.000000e-07
 68  12  0  0  0  3  1.751805e-01  1.000000e-07
 26  68  0  0  0  3  2.511690e-01  1.000000e-07
 63  12  0  0  0  3  1.625926e-01  1.000000e-07
 20  68  0  0  0  3  2.635575e-01  1.000000e-07
 63  12  0  0  0  3  1.662571e-01  1.000000e-07
 21  69  0  0  0  3  3.138779e-01  1.000000e-07
 64  11  0  0  0  3  2.476077e-01  1.000000e-07
 40  71  0  0  0  3  2.058200e-01  1.000000e-07
 76  17  0  0  0  3  3.194177e-01  1.000000e-07
 81  87  0  0  0  3  2.165875e-01  1.000000e-07
 0  77  0  0  0  3  3.248641e-01  1.000000e-07
 18  56  0  0  0  3  1.765549e-01  1.000000e-07
 8  34  0  0  0  3  2.909023e-01  1.000000e-07
 81  0  0  0  0  3  2.136583e-01  1.000000e-07
 66  13  0  0  0  3  2.551455e-01  1.000000e-07
 24  79  0  0  0  3  3.469851e-01  1.000000e-07
 67  34  0  0  0  3  2.307968e-01  1.000000e-07
 59  48  1  0  0  3  2.236745e-01  1.000000e-07
 57  17  0  0  0  3  3.356181e-01  1.000000e-07
 18  74  0  0  0  3  1.799283e-01  1.000000e-07
 51  12  0  0  0  3  2.235155e-01  1.000000e-07
 19  78  0  0  0  3  2.198753e-01  1.000000e-07
 68  12  0  0  0  3  2.415889e-01  1.000000e-07
 19  62  0  0  0  3  1.529946e-01  1.000000e-07
 64  16  0  0  0  3  3.109509e-01  1.000000e-07
 59  47  0  0  0  3  2.176954e-01  1.000000e-07
 49  77  0  0  0  3  3.387608e-01  1.000000e-07
 23  54  0  0  0  3  2.385920e-01  1.000000e-07
 70  43  0  0  0  3  1.491468e-01  1.000000e-07
 20  78  0  0  0  3  2.789245e-01  1.000000e-07
 68  11  0  0  0  3  2.423988e-01  1.000000e-07
 19  62  0  0  0  3  1.638101e-01  1.000000e-07
 64  11  0  0  0  3  2.479592e-01  1.000000e-07
 23  73  0  0  0  3  2.506521e-01  1.000000e-07
 70  42  0  0  0  3  2.493038e-01  1.000000e-07
 80  3  0  1  0  3  3.037250e-01  1.000000e-07
 67  34  0  0  0  3  2.443155e-01  1.000000e-07
 19  64  0  0  0  3  1.684128e-01  1.000000e-07
 62  15  0  0  0  3  3.595016e-01  1.000000e-07
 51  45  0  0  0  2  2.033626e-01  2.000000e-07
 51  48  0  0  0  2  1.162502e-01  2.000000e-07
 51  83  0  0  0  2  3.949434e-01  2.000000e-07
 51  72  0  0  0  2  1.362605e-01  2.000000e-07
 51  67  0  0  0  2  2.573500e-01  2.000000e-07
 51  44  0  0  0  2  2.938923e-01  2.000000e-07
 51  52  0  0  0  2  5.079773e-02  2.000000e-07
 51  63  0  0  0  2  2.942967e-01  2.000000e-07
 51  78  0  0  0  2  3.090535e-01  2.000000e-07
 51  50  0  0  0  2  1.307512e-01  2.000000e-07
 51  56  0  0  0  2  7.289349e-02  2.000000e-07
 51  57  0  0  0  2  1.454030e-01  2.000000e-07
 70  4  0  0  0  2  4.410140e-01  2.000000e-07
 70  1  0  0  0  2  3.124002e-01  2.000000e-07
 70  65  0  1  0  2  2.095937e-01  2.000000e-07
 70  87 -1  0  0  2  4.462969e-01  2.000000e-07
 70  88 -1  0  0  2  2.147794e-01  2.000000e-07
 70  66  0  0  0  2  4.718755e-01  2.000000e-07
 70  67  0  1  0  2  3.740194e-01  2.000000e-07
 70  73  0  0  0  2  5.756154e-02  2.000000e-07
 70  53  0  0  0  2  2.877599e-01  2.000000e-07
 70  54  0  0  0  2  1.173581e-01  2.000000e-07
 70  84  0  0  0  2  6.601308e-02  2.000000e-07
 70  75  0  0  0  2  1.996660e-01  2.000000e-07
 70  76  0  0  0  2  3.722985e-01  2.000000e-07
 82  64  0  1  0  2  4.468997e-01  2.000000e-07
 82  49  0  0  0  2  2.868123e-01  2.000000e-07
 82  69  0  1  0  2  3.937439e-01  2.000000e-07
 82  46  1  0  0  2  2.832439e-01  2.000000e-07
 82  72  1  1  0  2  5.020622e-01  2.000000e-07
 82  88  0  0  0  2  5.705378e-02  2.000000e-07
 82  62  0  1  0  2  4.710131e-01  2.000000e-07
 82  73  1  0  0  2  2.899684e-01  2.000000e-07
 82  0  0  0  0  2  1.975782e-01  2.000000e-07
 82  52  1  1  0  2  5.499447e-01  2.000000e-07
 82  3  1  1  0  2  5.027825e-01  2.000000e-07
 82  54  1  0  0  2  1.614531e-01  2.000000e-07
 82  61  0  1  0  2  3.201564e-01  2.000000e-07
 82  55  1  0  0  2  2.806749e-01  2.000000e-07
 82  84  1  0  0  2  1.866360e-01  2.000000e-07
 82  5  0  0  0  2  3.872239e-01  2.000000e-07
 82  75  1  0  0  2  2.602698e-01  2.000000e-07
 82  86  0  0  0  2  3.302276e-01  2.000000e-07
 82  58  0  0  0  2  1.733795e-01  2.000000e-07
 64  49  0  0  0  2  3.078447e-01  2.000000e-07
 64  48  1  0  0  2  3.717641e-01  2.000000e-07
 64  69  0  0  0  2  9.604974e-02  2.000000e-07
 64  72  1  0  0  2  3.075404e-01  2.000000e-07
 64  60  0  0  0  2  1.145610e-01  2.000000e-07
 64  62  0  0  0  2  2.564829e-02  2.000000e-07
 64  52  1  0  0  2  3.978330e-01  2.000000e-07
 64  47  0  0  0  2  1.947669e-01  2.000000e-07
 64  63  0  0  0  2  3.519456e-01  2.000000e-07
 64  78  0  0  0  2  2.900130e-01  2.000000e-07
 64  5  0 -1  0  2  4.420756e-01  2.000000e-07
 64  89  0  0  0  2  2.715590e-01  2.000000e-07
 49  48  1  0  0  2  3.215416e-01  2.000000e-07
 49  87  0  0  0  2  1.312531e-01  2.000000e-07
 49  88  0  0  0  2  2.680405e-01  2.000000e-07
 49  62  0  0  0  2  2.823774e-01  2.000000e-07
 49  63  0  0  0  2  3.552408e-01  2.000000e-07
 49  78  0  0  0  2  3.553223e-01  2.000000e-07
 49  55  1  0  0  2  3.079396e-01  2.000000e-07
 49  75  1  0  0  2  3.133553e-01  2.000000e-07
 49  86  0  0  0  2  3.769390e-01  2.000000e-07
 49  57  1  0  0  2  3.114145e-01  2.000000e-07
 49  89  0  0  0  2  1.455259e-01  2.000000e-07
 49  58  0  0  0  2  1.502328e-01  2.000000e-07
 45  46  0  0  0  2  1.411064e-01  2.000000e-07
 45  44  0  0  0  2  1.158117e-01  2.000000e-07
 45  63  0  0  0  2  3.601599e-01  2.000000e-07
 45  53  0  0  0  2  3.229386e-02  2.000000e-07
 45  54  0  0  0  2  2.516350e-01  2.000000e-07
 45  55  0  0  0  2  9.764489e-02  2.000000e-07
 45  85  0  0  0  2  2.775072e-01  2.000000e-07
 45  50  0  0  0  2  8.016172e-02  2.000000e-07
 45  56  0  0  0  2  2.758679e-01  2.000000e-07
 45  57  0  0  0  2  7.502473e-02  2.000000e-07
 45  76  0  0  0  2  2.791097e-01  2.000000e-07
 45  58 -1  0  0  2  2.311886e-01  2.000000e-07
 4  71  0  0  0  2  4.898174e-01  2.000000e-07
 4  65  0  1  0  2  5.570489e-01  2.000000e-07
 4  87  0  0  0  2  2.031711e-01  2.000000e-07
 4  88  0  0  0  2  3.603509e-01  2.000000e-07
 4  2  0  0  0  2  2.312711e-01  2.000000e-07
 4  66  0  0  0  2  6.297136e-02  2.000000e-07
 4  62  0  1  0  2  5.145296e-01  2.000000e-07
 4  74  0  1  0  2  6.265948e-01  2.000000e-07
 4  0  0  0  0  2  1.478150e-01  2.000000e-07
 4  78  0  0  0  2  4.249403e-01  2.000000e-07
 4  78  0  1  0  2  5.887243e-01  2.000000e-07
 4  68  0  0  0  2  3.991654e-01  2.000000e-07
 4  68  0  1  0  2  6.353338e-01  2.000000e-07
 4  5  0  0  0  2  1.084020e-01  2.000000e-07
 4  75  0  0  0  2  4.974598e-01  2.000000e-07
 4  76  0  0  0  2  2.824806e-01  2.000000e-07
 4  89  0  0  0  2  3.009340e-01  2.000000e-07
 48  87 -1  0  0  2  4.375322e-01  2.000000e-07
 48  72  0  0  0  2  1.155135e-01  2.000000e-07
 48  62 -1  0  0  2  3.604508e-01  2.000000e-07
 48  52  0  0  0  2  1.132386e-01  2.000000e-07
 48  47 -1  0  0  2  1.787266e-01  2.000000e-07
 48  53  0  0  0  2  1.601458e-01  2.000000e-07
 48  50  0  0  0  2  1.002080e-01  2.000000e-07
 48  75  0  0  0  2  2.496424e-01  2.000000e-07
 48  57  0  0  0  2  5.288989e-02  2.000000e-07
 1  83  0  0  0  2  1.749043e-01  2.000000e-07
 1  69  0  1  0  2  4.203461e-01  2.000000e-07
 1  66  0  0  0  2  1.607452e-01  2.000000e-07
 1  67  0  1  0  2  3.367455e-01  2.000000e-07
 1  63  0  0  0  2  3.862519e-01  2.000000e-07
 1  3  0  1  0  2  2.106686e-01  2.000000e-07
 1  84  0  0  0  2  3.775070e-01  2.000000e-07
 1  85  0  0  0  2  1.792159e-01  2.000000e-07
 1  5  0  0  0  2  7.746548e-02  2.000000e-07
 1  86  0  0  0  2  1.155060e-01  2.000000e-07
 1  76  0  0  0  2  2.592675e-01  2.000000e-07
 1  89  0  0  0  2  3.904800e-01  2.000000e-07
 6  65  1  0  0  2  3.158651e-01  2.000000e-07
 6  69  0  0  0  2  1.031034e-01  2.000000e-07
 6  88  0 -1  0  2  4.323831e-01  2.000000e-07
 6  60  0  0  0  2  5.215816e-02  2.000000e-07
 6  66  0 -1  0  2  3.999706e-01  2.000000e-07
 6  67  0  0  0  2  4.431343e-01  2.000000e-07
 6  62  0  0  0  2  9.092560e-02  2.000000e-07
 6  63  0  0  0  2  4.208609e-01  2.000000e-07
 6  68  0  0  0  2  4.168023e-01  2.000000e-07
 6  61  0  0  0  2  1.048069e-01  2.000000e-07
 6  89  0  0  0  2  3.380429e-01  2.000000e-07
 71  48  0  0  0  2  1.358215e-01  2.000000e-07
 71  65  0  0  0  2  4.230252e-01  2.000000e-07
 71  83  0  0  0  2  2.773614e-01  2.000000e-07
 71  8  0  0  0  2  1.774767e-01  2.000000e-07
 71  2  0  0  0  2  4.562357e-01  2.000000e-07
 71  62 -1  0  0  2  4.962656e-01  2.000000e-07
 71  74  0  0  0  2  1.341683e-01  2.000000e-07
 71  52  0  0  0  2  1.623272e-01  2.000000e-07
 71  53  0  0  0  2  1.455786e-01  2.000000e-07
 71  78  0  0  0  2  2.903302e-01  2.000000e-07
 71  68  0  0  0  2  2.352839e-01  2.000000e-07
 71  50  0  0  0  2  5.192553e-02  2.000000e-07
 71  75  0  0  0  2  2.330401e-01  2.000000e-07
 71  76  0  0  0  2  2.111038e-01  2.000000e-07
 65  8  0  0  0  2  2.511918e-01  2.000000e-07
 65  88 -1 -1  0  2  3.108753e-01  2.000000e-07
 65  2  0 -1  0  2  3.264226e-01  2.000000e-07
 65  66  0 -1  0  2  5.666231e-01  2.000000e-07
 65  67  0  0  0  2  2.920470e-01  2.000000e-07
 65  62 -1  0  0  2  3.949034e-01  2.000000e-07
 65  73  0 -1  0  2  1.806958e-01  2.000000e-07
 65  79  0  0  0  2  2.438180e-01  2.000000e-07
 65  74  0  0  0  2  3.666241e-01  2.000000e-07
 65  52  0  0  0  2  2.626945e-01  2.000000e-07
 65  61 -1  0  0  2  2.113398e-01  2.000000e-07
 65  84  0 -1  0  2  1.862311e-01  2.000000e-07
 65  56  0  0  0  2  2.472612e-01  2.000000e-07
 87  88  0  0  0  2  2.338292e-01  2.000000e-07
 87  66  0  0  0  2  2.174105e-01  2.000000e-07
 87  62  0  0  0  2  3.921074e-01  2.000000e-07
 87  0  0  0  0  2  7.909871e-02  2.000000e-07
 87  53  1  0  0  2  3.960077e-01  2.000000e-07
 87  54  1  0  0  2  3.345055e-01  2.000000e-07
 87  78  0  0  0  2  3.773585e-01  2.000000e-07
 87  68  0  0  0  2  3.820665e-01  2.000000e-07
 87  75  1  0  0  2  3.616108e-01  2.000000e-07
 87  76  0  0  0  2  3.554183e-01  2.000000e-07
 87  89  0  0  0  2  1.758235e-01  2.000000e-07
 83  2  0  0  0  2  1.794403e-01  2.000000e-07
 83  44  0  0  0  2  1.702194e-01  2.000000e-07
 83  73  0  0  0  2  2.317741e-01  2.000000e-07
 83  0  0  0  0  2  3.977658e-01  2.000000e-07
 83  63  0  0  0  2  3.085546e-01  2.000000e-07
 83  78  0  0  0  2  3.850474e-01  2.000000e-07
 83  68  0  0  0  2  3.296501e-01  2.000000e-07
 83  55  0  0  0  2  2.348058e-01  2.000000e-07
 83  85  0  0  0  2  4.092862e-02  2.000000e-07
 83  5  0  0  0  2  2.523282e-01  2.000000e-07
 83  50  0  0  0  2  2.864979e-01  2.000000e-07
 83  75  0  0  0  2  2.290714e-01  2.000000e-07
 83  86  0  0  0  2  2.788535e-01  2.000000e-07
 69  72  1  0  0  2  3.788635e-01  2.000000e-07
 69  60  0  0  0  2  1.529383e-01  2.000000e-07
 69  66  0 -1  0  2  3.362183e-01  2.000000e-07
 69  67  0  0  0  2  3.423015e-01  2.000000e-07
 69  79  0  0  0  2  4.114322e-01  2.000000e-07
 69  63  0  0  0  2  3.666689e-01  2.000000e-07
 69  3  0  0  0  2  3.752975e-01  2.000000e-07
 69  78  0  0  0  2  2.942428e-01  2.000000e-07
 69  61  0  0  0  2  1.919442e-01  2.000000e-07
 69  5  0 -1  0  2  3.460314e-01  2.000000e-07
 69  86  0 -1  0  2  3.496492e-01  2.000000e-07
 69  89  0  0  0  2  3.389107e-01  2.000000e-07
 46  44  0  0  0  2  4.826990e-02  2.000000e-07
 46  73  0  0  0  2  2.282542e-01  2.000000e-07
 46  63  0  0  0  2  3.999982e-01  2.000000e-07
 46  53  0  0  0  2  1.088258e-01  2.000000e-07
 46  54  0  0  0  2  1.346146e-01  2.000000e-07
 46  55  0  0  0  2  5.625976e-02  2.000000e-07
 46  84  0  0  0  2  2.053093e-01  2.000000e-07
 46  85  0  0  0  2  1.727318e-01  2.000000e-07
 46  76  0  0  0  2  2.718285e-01  2.000000e-07
 46  58 -1  0  0  2  2.221010e-01  2.000000e-07
 8  60 -1  0  0  2  3.533428e-01  2.000000e-07
 8  66  0 -1  0  2  6.047826e-01  2.000000e-07
 8  67  0  0  0  2  2.090635e-01  2.000000e-07
 8  62 -1  0  0  2  4.392100e-01  2.000000e-07
 8  74  0  0  0  2  1.269159e-01  2.000000e-07
 8  52  0  0  0  2  5.567624e-02  2.000000e-07
 8  53  0  0  0  2  2.942159e-01  2.000000e-07
 8  61 -1  0  0  2  3.322764e-01  2.000000e-07
 8  56  0  0  0  2  1.255626e-02  2.000000e-07
 8  57  0  0  0  2  2.023947e-01  2.000000e-07
 8  76  0  0  0  2  3.544595e-01  2.000000e-07
 72  60 -1  0  0  2  2.310277e-01  2.000000e-07
 72  67  0  0  0  2  3.344483e-01  2.000000e-07
 72  73  0 -1  0  2  4.155855e-01  2.000000e-07
 72  79  0  0  0  2  2.586350e-01  2.000000e-07
 72  52  0  0  0  2  9.029728e-02  2.000000e-07
 72  47 -1  0  0  2  1.453836e-01  2.000000e-07
 72  3  0  0  0  2  4.087991e-01  2.000000e-07
 72  61 -1  0  0  2  2.260907e-01  2.000000e-07
 72  56  0  0  0  2  1.475448e-01  2.000000e-07
 72  57  0  0  0  2  1.682568e-01  2.000000e-07
 88  66  0  0  0  2  3.305260e-01  2.000000e-07
 88  62  0  1  0  2  5.215467e-01  2.000000e-07
 88  73  1  0  0  2  2.649087e-01  2.000000e-07
 88  0  0  0  0  2  2.251810e-01  2.000000e-07
 88  52  1  1  0  2  5.685614e-01  2.000000e-07
 88  53  1  0  0  2  2.836506e-01  2.000000e-07
 88  54  1  0  0  2  1.137750e-01  2.000000e-07
 88  61  0  1  0  2  3.620535e-01  2.000000e-07
 88  75  1  0  0  2  2.034298e-01  2.000000e-07
 60  66  0 -1  0  2  4.232715e-01  2.000000e-07
 60  62  0  0  0  2  1.285816e-01  2.000000e-07
 60  47  0  0  0  2  1.718495e-01  2.000000e-07
 60  53  1  0  0  2  4.601077e-01  2.000000e-07
 60  61  0  0  0  2  6.108162e-02  2.000000e-07
 60  56  1  0  0  2  3.596867e-01  2.000000e-07
 60  57  1  0  0  2  3.656828e-01  2.000000e-07
 60  89  0  0  0  2  3.664084e-01  2.000000e-07
 2  70  0  0  0  2  2.300309e-01  2.000000e-07
 2  62  0  1  0  2  5.467657e-01  2.000000e-07
 2  73  0  0  0  2  1.919799e-01  2.000000e-07
 2  79  0  1  0  2  3.064408e-01  2.000000e-07
 2  74  0  1  0  2  4.691147e-01  2.000000e-07
 2  3  0  1  0  2  1.302993e-01  2.000000e-07
 2  78  0  0  0  2  5.307653e-01  2.000000e-07
 2  78  0  1  0  2  5.012914e-01  2.000000e-07
 2  68  0  0  0  2  4.828471e-01  2.000000e-07
 2  68  0  1  0  2  5.301099e-01  2.000000e-07
 2  85  0  0  0  2  1.599703e-01  2.000000e-07
 2  75  0  0  0  2  3.553232e-01  2.000000e-07
 66  65  1  1  0  2  5.203291e-01  2.000000e-07
 66  67  0  1  0  2  3.996000e-01  2.000000e-07
 66  62  0  1  0  2  4.535294e-01  2.000000e-07
 66  74  0  1  0  2  5.976853e-01  2.000000e-07
 66  68  0  1  0  2  5.930273e-01  2.000000e-07
 66  61  0  1  0  2  4.118070e-01  2.000000e-07
 66  84  1  0  0  2  4.651519e-01  2.000000e-07
 66  86  0  0  0  2  4.572589e-02  2.000000e-07
 66  76  0  0  0  2  3.450507e-01  2.000000e-07
 66  89  0  0  0  2  3.439950e-01  2.000000e-07
 66  58  0  0  0  2  3.595844e-01  2.000000e-07
 67  62  0  0  0  2  4.125209e-01  2.000000e-07
 67  79  0  0  0  2  7.581806e-02  2.000000e-07
 67  74  0  0  0  2  2.079473e-01  2.000000e-07
 67  63  0  0  0  2  3.070680e-01  2.000000e-07
 67  3  0  0  0  2  1.355304e-01  2.000000e-07
 67  78  0  0  0  2  2.566307e-01  2.000000e-07
 67  68  0  0  0  2  2.725003e-01  2.000000e-07
 67  84  0 -1  0  2  4.030368e-01  2.000000e-07
 67  56  0  0  0  2  1.966304e-01  2.000000e-07
 44  73  0  0  0  2  2.614283e-01  2.000000e-07
 44  63  0  0  0  2  3.533545e-01  2.000000e-07
 44  55  0  0  0  2  6.820837e-02  2.000000e-07
 44  85  0  0  0  2  1.663820e-01  2.000000e-07
 44  50  0  0  0  2  1.640473e-01  2.000000e-07
 62  0  0 -1  0  2  5.334712e-01  2.000000e-07
 62  52  1  0  0  2  3.935287e-01  2.000000e-07
 62  53  1  0  0  2  4.663564e-01  2.000000e-07
 62  78  0  0  0  2  2.807045e-01  2.000000e-07
 62  68  0  0  0  2  3.391190e-01  2.000000e-07
 62  61  0  0  0  2  1.890775e-01  2.000000e-07
 62  5  0 -1  0  2  4.642119e-01  2.000000e-07
 62  89  0  0  0  2  2.479080e-01  2.000000e-07
 73  79  0  1  0  2  3.107087e-01  2.000000e-07
 73  52  0  1  0  2  4.135738e-01  2.000000e-07
 73  3  0  1  0  2  2.191260e-01  2.000000e-07
 73  55  0  0  0  2  2.783077e-01  2.000000e-07
 73  84  0  0  0  2  1.033533e-01  2.000000e-07
 73  85  0  0  0  2  1.908704e-01  2.000000e-07
 73  75  0  0  0  2  2.527894e-01  2.000000e-07
 79  74  0  0  0  2  1.673579e-01  2.000000e-07
 79  52  0  0  0  2  1.908272e-01  2.000000e-07
 79  63  0  0  0  2  3.094934e-01  2.000000e-07
 79  3  0  0  0  2  1.797099e-01  2.000000e-07
 79  78  0  0  0  2  2.757846e-01  2.000000e-07
 79  68  0  0  0  2  2.747937e-01  2.000000e-07
 79  5  0 -1  0  2  3.784583e-01  2.000000e-07
 74  52  0  0  0  2  1.581512e-01  2.000000e-07
 74  78  0  0  0  2  1.951190e-01  2.000000e-07
 74  68  0  0  0  2  1.587458e-01  2.000000e-07
 74  50  0  0  0  2  1.792914e-01  2.000000e-07
 74  56  0  0  0  2  1.252574e-01  2.000000e-07
 74  76  0  0  0  2  2.419934e-01  2.000000e-07
 0  63  0  0  0  2  3.893041e-01  2.000000e-07
 0  78  0  0  0  2  4.284487e-01  2.000000e-07
 0  5  0  0  0  2  2.453548e-01  2.000000e-07
 0  86  0  0  0  2  1.822847e-01  2.000000e-07
 52  47 -1  0  0  2  2.286386e-01  2.000000e-07
 52  78  0  0  0  2  3.520716e-01  2.000000e-07
 52  50  0  0  0  2  1.630504e-01  2.000000e-07
 47  55  1  0  0  2  3.341012e-01  2.000000e-07
 47  57  1  0  0  2  2.106583e-01  2.000000e-07
 47  89  0  0  0  2  3.008165e-01  2.000000e-07
 63  78  0  0  0  2  7.666853e-02  2.000000e-07
 63  68  0  0  0  2  3.493595e-02  2.000000e-07
 63  85  0  0  0  2  3.487027e-01  2.000000e-07
 63  50  0  0  0  2  2.981038e-01  2.000000e-07
 63  56  0  0  0  2  3.105658e-01  2.000000e-07
 63  86  0  0  0  2  4.138030e-01  2.000000e-07
 63  57  0  0  0  2  3.639134e-01  2.000000e-07
 63  76  0  0  0  2  1.526323e-01  2.000000e-07
 63  89  0  0  0  2  2.098291e-01  2.000000e-07
 3  84  0 -1  0  2  3.192792e-01  2.000000e-07
 3  85  0 -1  0  2  2.793259e-01  2.000000e-07
 3  5  0 -1  0  2  2.086636e-01  2.000000e-07
 3  86  0 -1  0  2  2.709368e-01  2.000000e-07
 53  54  0  0  0  2  2.220427e-01  2.000000e-07
 53  50  0  0  0  2  1.046721e-01  2.000000e-07
 53  56  0  0  0  2  3.052016e-01  2.000000e-07
 53  75  0  0  0  2  9.460618e-02  2.000000e-07
 53  57  0  0  0  2  1.072575e-01  2.000000e-07
 53  76  0  0  0  2  2.718548e-01  2.000000e-07
 53  89 -1  0  0  2  4.583567e-01  2.000000e-07
 53  58 -1  0  0  2  2.205519e-01  2.000000e-07
 54  66 -1  0  0  2  4.436119e-01  2.000000e-07
 54  84  0  0  0  2  9.611471e-02  2.000000e-07
 54  85  0  0  0  2  2.437502e-01  2.000000e-07
 54  86 -1  0  0  2  4.891047e-01  2.000000e-07
 54  76  0  0  0  2  3.943821e-01  2.000000e-07
 54  89 -1  0  0  2  4.727759e-01  2.000000e-07
 54  58 -1  0  0  2  1.851863e-01  2.000000e-07
 78  68  0  0  0  2  6.109008e-02  2.000000e-07
 78  5  0 -1  0  2  4.960296e-01  2.000000e-07
 78  5  0  0  0  2  5.045860e-01  2.000000e-07
 78  50  0  0  0  2  3.422553e-01  2.000000e-07
 68  56  0  0  0  2  2.806148e-01  2.000000e-07
 68  76  0  0  0  2  1.746150e-01  2.000000e-07
 68  89  0  0  0  2  2.353334e-01  2.000000e-07
 61  54  1 -1  0  2  3.976963e-01  2.000000e-07
 61  84  1 -1  0  2  3.281757e-01  2.000000e-07
 61  56  1  0  0  2  3.367521e-01  2.000000e-07
 61  86  0 -1  0  2  4.430504e-01  2.000000e-07
 55  50  0  0  0  2  1.711571e-01  2.000000e-07
 55  75  0  0  0  2  2.771982e-02  2.000000e-07
 55  57  0  0  0  2  1.700205e-01  2.000000e-07
 55  58 -1  0  0  2  1.857357e-01  2.000000e-07
 84  87 -1  0  0  2  3.977612e-01  2.000000e-07
 84  72  0  1  0  2  4.278927e-01  2.000000e-07
 84  88 -1  0  0  2  1.639546e-01  2.000000e-07
 84  85  0  0  0  2  2.484295e-01  2.000000e-07
 84  56  0  1  0  2  4.231956e-01  2.000000e-07
 84  86 -1  0  0  2  5.106676e-01  2.000000e-07
 85  5  0  0  0  2  2.556958e-01  2.000000e-07
 85  86  0  0  0  2  2.904738e-01  2.000000e-07
 85  76  0  0  0  2  1.961002e-01  2.000000e-07
 5  86  0  0  0  2  6.314330e-02  2.000000e-07
 50  75  0  0  0  2  1.978387e-01  2.000000e-07
 50  57  0  0  0  2  6.802824e-02  2.000000e-07
 56  57  0  0  0  2  2.144632e-01  2.000000e-07
 56  76  0  0  0  2  3.572777e-01  2.000000e-07
 75  76  0  0  0  2  3.044005e-01  2.000000e-07
 86  89  0  0  0  2  3.558593e-01  2.000000e-07
 86  58  0  0  0  2  3.998659e-01  2.000000e-07
 57  89 -1  0  0  2  4.372511e-01  2.000000e-07
 57  58 -1  0  0  2  2.651044e-01  2.000000e-07
 76  89  0  0  0  2  2.843922e-01  2.000000e-07
 89  58  0  0  0  2  2.903700e-01  2.000000e-07
 51  48  0  0  0  1  1.162502e-01  3.000000e-07
 51  71  0  0  0  1  1.181840e-01  3.000000e-07
 51  8  0  0  0  1  6.243970e-02  3.000000e-07
 51  52  0  0  0  1  5.079773e-02  3.000000e-07
 51  50  0  0  0  1  1.307512e-01  3.000000e-07
 51  56  0  0  0  1  7.289349e-02  3.000000e-07
 70  46  0  0  0  1  1.795766e-01  3.000000e-07
 70  73  0  0  0  1  5.756154e-02  3.000000e-07
 70  54  0  0  0  1  1.173581e-01  3.000000e-07
 70  84  0  0  0  1  6.601308e-02  3.000000e-07
 70  85  0  0  0  1  1.853691e-01  3.000000e-07
 82  87  0  0  0  1  2.251118e-01  3.000000e-07
 82  88  0  0  0  1  5.705378e-02  3.000000e-07
 82  66  0  0  0  1  2.845179e-01  3.000000e-07
 82  0  0  0  0  1  1.975782e-01  3.000000e-07
 82  61  0  1  0  1  3.201564e-01  3.000000e-07
 82  84  1  0  0  1  1.866360e-01  3.000000e-07
 64  6  0  0  0  1  7.071909e-02  3.000000e-07
 49  87  0  0  0  1  1.312531e-01  3.000000e-07
 49  62  0  0  0  1  2.823774e-01  3.000000e-07
 49  47  0  0  0  1  2.366397e-01  3.000000e-07
 49  89  0  0  0  1  1.455259e-01  3.000000e-07
 49  58  0  0  0  1  1.502328e-01  3.000000e-07
 45  50  0  0  0  1  8.016172e-02  3.000000e-07
 45  57  0  0  0  1  7.502473e-02  3.000000e-07
 4  1  0  0  0  1  1.310568e-01  3.000000e-07
 4  87  0  0  0  1  2.031711e-01  3.000000e-07
 4  66  0  0  0  1  6.297136e-02  3.000000e-07
 4  0  0  0  0  1  1.478150e-01  3.000000e-07
 4  86  0  0  0  1  5.519420e-02  3.000000e-07
 4  89  0  0  0  1  3.009340e-01  3.000000e-07
 48  72  0  0  0  1  1.155135e-01  3.000000e-07
 48  52  0  0  0  1  1.132386e-01  3.000000e-07
 48  47 -1  0  0  1  1.787266e-01  3.000000e-07
 48  50  0  0  0  1  1.002080e-01  3.000000e-07
 1  83  0  0  0  1  1.749043e-01  3.000000e-07
 1  85  0  0  0  1  1.792159e-01  3.000000e-07
 1  5  0  0  0  1  7.746548e-02  3.000000e-07
 1  86  0  0  0  1  1.155060e-01  3.000000e-07
 1  76  0  0  0  1  2.592675e-01  3.000000e-07
 6  69  0  0  0  1  1.031034e-01  3.000000e-07
 6  60  0  0  0  1  5.215816e-02  3.000000e-07
 6  62  0  0  0  1  9.092560e-02  3.000000e-07
 6  61  0  0  0  1  1.048069e-01  3.000000e-07
 71  44  0  0  0  1  1.854870e-01  3.000000e-07
 71  74  0  0  0  1  1.341683e-01  3.000000e-07
 71  76  0  0  0  1  2.111038e-01  3.000000e-07
 65  73  0 -1  0  1  1.806958e-01  3.000000e-07
 65  79  0  0  0  1  2.438180e-01  3.000000e-07
 65  3  0  0  0  1  2.743045e-01  3.000000e-07
 65  61 -1  0  0  1  2.113398e-01  3.000000e-07
 65  56  0  0  0  1  2.472612e-01  3.000000e-07
 87  89  0  0  0  1  1.758235e-01  3.000000e-07
 87  58  0  0  0  1  1.803928e-01  3.000000e-07
 83  44  0  0  0  1  1.702194e-01  3.000000e-07
 83  76  0  0  0  1  1.559356e-01  3.000000e-07
 69  66  0 -1  0  1  3.362183e-01  3.000000e-07
 69  67  0  0  0  1  3.423015e-01  3.000000e-07
 69  62  0  0  0  1  1.188411e-01  3.000000e-07
 69  78  0  0  0  1  2.942428e-01  3.000000e-07
 69  5  0 -1  0  1  3.460314e-01  3.000000e-07
 46  54  0  0  0  1  1.346146e-01  3.000000e-07
 46  55  0  0  0  1  5.625976e-02  3.000000e-07
 46  85  0  0  0  1  1.727318e-01  3.000000e-07
 8  72  0  0  0  1  1.375681e-01  3.000000e-07
 8  52  0  0  0  1  5.567624e-02  3.000000e-07
 72  52  0  0  0  1  9.029728e-02  3.000000e-07
 72  61 -1  0  0  1  2.260907e-01  3.000000e-07
 72  56  0  0  0  1  1.475448e-01  3.000000e-07
 88  54  1  0  0  1  1.137750e-01  3.000000e-07
 88  84  1  0  0  1  1.639546e-01  3.000000e-07
 88  58  0  0  0  1  1.345873e-01  3.000000e-07
 60  47  0  0  0  1  1.718495e-01  3.000000e-07
 60  61  0  0  0  1  6.108162e-02  3.000000e-07
 2  73  0  0  0  1  1.919799e-01  3.000000e-07
 2  3  0  1  0  1  1.302993e-01  3.000000e-07
 2  85  0  0  0  1  1.599703e-01  3.000000e-07
 2  5  0  0  0  1  1.455150e-01  3.000000e-07
 66  0  0  0  0  1  1.457360e-01  3.000000e-07
 66  5  0  0  0  1  1.054522e-01  3.000000e-07
 67  79  0  0  0  1  7.581806e-02  3.000000e-07
 67  74  0  0  0  1  2.079473e-01  3.000000e-07
 67  3  0  0  0  1  1.355304e-01  3.000000e-07
 67  78  0  0  0  1  2.566307e-01  3.000000e-07
 44  53  0  0  0  1  8.616368e-02  3.000000e-07
 44  55  0  0  0  1  6.820837e-02  3.000000e-07
 44  85  0  0  0  1  1.663820e-01  3.000000e-07
 44  50  0  0  0  1  1.640473e-01  3.000000e-07
 62  47  0  0  0  1  1.819749e-01  3.000000e-07
 62  78  0  0  0  1  2.807045e-01  3.000000e-07
 62  89  0  0  0  1  2.479080e-01  3.000000e-07
 73  3  0  1  0  1  2.191260e-01  3.000000e-07
 73  85  0  0  0  1  1.908704e-01  3.000000e-07
 79  74  0  0  0  1  1.673579e-01  3.000000e-07
 79  3  0  0  0  1  1.797099e-01  3.000000e-07
 79  56  0  0  0  1  1.236368e-01  3.000000e-07
 74  78  0  0  0  1  1.951190e-01  3.000000e-07
 74  68  0  0  0  1  1.587458e-01  3.000000e-07
 74  56  0  0  0  1  1.252574e-01  3.000000e-07
 47  72  1  0  0  1  1.453836e-01  3.000000e-07
 47  61  0  0  0  1  2.066152e-01  3.000000e-07
 47  57  1  0  0  1  2.106583e-01  3.000000e-07
 63  78  0  0  0  1  7.666853e-02  3.000000e-07
 63  76  0  0  0  1  1.526323e-01  3.000000e-07
 63  89  0  0  0  1  2.098291e-01  3.000000e-07
 3  5  0 -1  0  1  2.086636e-01  3.000000e-07
 53  55  0  0  0  1  6.720803e-02  3.000000e-07
 53  50  0  0  0  1  1.046721e-01  3.000000e-07
 53  58 -1  0  0  1  2.205519e-01  3.000000e-07
 54  84  0  0  0  1  9.611471e-02  3.000000e-07
 54  75  0  0  0  1  1.279538e-01  3.000000e-07
 54  58 -1  0  0  1  1.851863e-01  3.000000e-07
 78  68  0  0  0  1  6.109008e-02  3.000000e-07
 68  76  0  0  0  1  1.746150e-01  3.000000e-07
 84  65  0  1  0  1  1.862311e-01  3.000000e-07
 5  86  0  0  0  1  6.314330e-02  3.000000e-07
 50  57  0  0  0  1  6.802824e-02  3.000000e-07
 75  58 -1  0  0  1  1.818558e-01  3.000000e-07
 57  58 -1  0  0  1  2.651044e-01  3.000000e-07
 76  89  0  0  0  1  2.843922e-01  3.000000e-07
 58  45  1  0  0  1  2.311886e-01  3.000000e-07
 58  55  1  0  0  1  1.857357e-01  3.000000e-07
 2.240867e-01  2.805075e-01  0
-4.008939e-02  3.696652e-01  0
-1.244255e-01  4.286370e-01  0
-1.332000e-01 -4.413595e-01  0
 8.495237e-02  3.304165e-01  0
 2.067860e-02  4.177084e-01  0
 3.111580e-01 -2.659500e-01  0
-3.161873e-01 -4.187541e-01 -2.390075e-01
-2.958583e-01 -1.783613e-01  0
-3.644949e-01  2.887768e-01  3.669141e-01
-3.835070e-01  3.210329e-01 -4.075090e-01
 8.488224e-02 -2.262036e-01 -2.239352e-01
-9.169232e-02 -5.678834e-02 -1.625486e-01
 2.182740e-01  4.082275e-01 -2.390818e-01
 3.814880e-01 -1.231032e-01 -3.920267e-01
 3.492343e-01 -3.672622e-01 -3.157973e-01
 2.322900e-01 -2.582425e-01 -3.006758e-01
-3.418775e-01  9.465994e-02 -2.895554e-01
-3.579688e-01 -1.328199e-01  1.308504e-01
 2.393567e-01 -1.401737e-01  1.479390e-01
-2.000139e-03 -4.654376e-02  2.576786e-01
 2.915753e-01 -3.473582e-01  2.838696e-01
-7.977539e-02 -1.429591e-01  3.983899e-01
-3.657869e-01  3.770584e-01  2.260186e-01
-2.359297e-01 -1.846600e-01  3.241332e-01
-2.652487e-01 -1.245009e-01  4.122115e-01
-8.625051e-02 -4.884415e-02  2.511009e-01
 1.504273e-01 -4.311402e-01  4.134098e-01
-4.450373e-01 -2.922289e-01  3.982395e-01
-2.130620e-01  3.280432e-01  3.956501e-01
 3.627790e-01  2.003916e-01  3.627763e-01
 3.438410e-01 -1.546943e-01 -4.158012e-01
-1.263598e-01 -7.446442e-03 -3.756181e-01
 7.593295e-02 -2.287063e-01 -3.688651e-01
-1.601212e-01 -3.764322e-01 -2.155968e-01
-4.473624e-01 -2.559174e-01 -2.377837e-01
-3.168365e-01 -2.946419e-02 -4.446968e-01
-3.944794e-01  4.371822e-01 -3.709724e-01
-4.485742e-01  4.286641e-01 -2.878740e-01
-2.025410e-01  4.277559e-01 -4.026097e-01
-1.205838e-01  8.049174e-02  1.865779e-01
-4.251268e-01  4.783696e-02  2.060430e-01
-1.500343e-01  3.641412e-01 -2.248028e-01
-4.296559e-01  2.705280e-01 -1.412870e-01
-3.236276e-01  1.767492e-01  0
-3.764426e-01  7.368161e-02  0
-3.552804e-01  2.131921e-01  0
 4.309571e-01 -1.128776e-01  0
-4.010624e-01 -5.183887e-02  0
 3.108820e-01  9.103495e-02  0
-3.244079e-01  1.270377e-02  0
-3.044666e-01 -1.165178e-01  0
-3.433155e-01 -1.492466e-01  0
-3.724061e-01  1.057222e-01  0
-4.411636e-01  3.168510e-01  0
-3.915165e-01  1.701560e-01  0
-2.870370e-01 -1.872968e-01  0
-3.912651e-01  1.356977e-04  0
 4.238219e-01  1.901029e-01  0
 4.498875e-01 -9.667764e-02  1.929758e-01
 3.630939e-01 -2.707600e-01  0
 4.024049e-01 -3.175105e-01  0
 2.650287e-01 -1.875947e-01  0
-2.772713e-02 -1.638886e-02  0
 2.640294e-01 -2.132235e-01  0
-4.050288e-01 -4.045893e-01  0
 1.201309e-01  3.826455e-01  0
-1.301752e-01 -3.058628e-01  0
-4.376621e-02 -4.742544e-02  0
 2.119174e-01 -2.939074e-01  0
-3.516368e-01  3.927317e-01  0
-2.746540e-01 -2.155767e-03  0
-4.325632e-01 -1.629742e-01  0
-3.161734e-01  4.380712e-01  0
-1.909157e-01 -1.069843e-01  0
-3.944817e-01  1.977167e-01  0
-1.008113e-01  1.176087e-01  0
 2.742859e-01  9.171731e-02 -3.002940e-01
 3.132743e-03 -8.657242e-02  0
-1.990399e-01 -2.741448e-01  0
-1.166132e-01  3.694668e-01  2.680229e-01
 1.522809e-01  2.584020e-01  2.002065e-01
 4.039230e-01  3.623367e-01  0
-1.729154e-01  2.558725e-01  0
-4.154916e-01  4.094738e-01  0
-1.992201e-01  2.872288e-01  0
 7.444683e-02  3.846017e-01  0
 2.439611e-01  2.039463e-01  0
 4.452264e-01  3.229773e-01  0
 1.735729e-01  4.282715e-02  0