 705  90  1.200000e-05  50 -2 -2
 18  35 -1  0  0  3  2.956649e-01  1.000000e-07
 18  21 -1  0  0  3  2.634606e-01  1.000000e-07
 18  22 -1  0  0  3  3.385821e-01  1.000000e-07
 18  20 -1  0  0  3  4.018872e-01  1.000000e-07
 18  69  0  1  0  3  2.693530e-01  1.000000e-07
 18  36 -1  1  0  3  3.059199e-01  1.000000e-07
 18  19 -1  0  0  3  2.552762e-01  1.000000e-07
 18  39  0  0  1  3  3.770115e-01  1.000000e-07
 18  37 -1  0  1  3  4.743115e-01  1.000000e-07
 13  49  0  0  0  3  2.457044e-01  1.000000e-07
 13  48  0  0  1  3  5.291232e-01  1.000000e-07
 35  17  0  0  0  3  2.134287e-01  1.000000e-07
 35  21  0  0  0  3  2.210664e-01  1.000000e-07
 35  43  0  1  0  3  4.402689e-01  1.000000e-07
 35  69  0  1  0  3  6.851077e-01  1.000000e-07
 35  19  0  0  0  3  1.466612e-01  1.000000e-07
 35  39  0  0  1  3  5.460592e-01  1.000000e-07
 35  52  0  0  1  3  4.623281e-01  1.000000e-07
 35  27  0  1  1  3  4.733263e-01  1.000000e-07
 17  21  0  0  0  3  2.054976e-01  1.000000e-07
 17  22  0  0  0  3  2.660257e-01  1.000000e-07
 17  44  0  0  0  3  2.405282e-01  1.000000e-07
 17  43  0  1  0  3  5.790911e-01  1.000000e-07
 17  41  0  0  0  3  4.072143e-01  1.000000e-07
 17  49  0  0  0  3  1.010155e-01  1.000000e-07
 17  39  0  0  1  3  5.808961e-01  1.000000e-07
 17  37  0  0  1  3  3.560238e-01  1.000000e-07
 21  22  0  0  0  3  1.924088e-01  1.000000e-07
 21  40  1  0  0  3  3.948383e-01  1.000000e-07
 21  20  0  0  0  3  2.219665e-01  1.000000e-07
 21  19  0  0  0  3  3.038676e-01  1.000000e-07
 22  43  0  0  0  3  3.790768e-01  1.000000e-07
 22  41  0  0  0  3  3.723127e-01  1.000000e-07
 22  48  0  0  1  3  4.002664e-01  1.000000e-07
 22  37  0  0  1  3  3.014044e-01  1.000000e-07
 22  38  1  0  1  3  4.377625e-01  1.000000e-07
 22  45  0  0  1  3  4.047222e-01  1.000000e-07
 44  15  0  0  0  3  1.472916e-01  1.000000e-07
 44  16  0  0  0  3  1.336212e-01  1.000000e-07
 44  20  0  0  0  3  3.937803e-01  1.000000e-07
 44  49  0  0  0  3  2.581178e-01  1.000000e-07
 44  42  0  0  0  3  3.849451e-01  1.000000e-07
 15  40  0  0  0  3  3.543433e-01  1.000000e-07
 15  16  0  0  0  3  1.582917e-01  1.000000e-07
 15  43  0  0  0  3  3.199715e-01  1.000000e-07
 15  69  0  0  0  3  5.123044e-01  1.000000e-07
 15  41  0  0  0  3  2.926474e-01  1.000000e-07
 15  42  0  0  0  3  3.097782e-01  1.000000e-07
 40  20 -1  0  0  3  2.506714e-01  1.000000e-07
 40  69  0  0  0  3  3.371674e-01  1.000000e-07
 40  36 -1  0  0  3  4.087705e-01  1.000000e-07
 40  34  0  0  1  3  3.969088e-01  1.000000e-07
 40  48  0  0  1  3  5.032766e-01  1.000000e-07
 16  69  0  0  0  3  5.863180e-01  1.000000e-07
 16  41  0  0  0  3  2.379014e-01  1.000000e-07
 16  49  0  0  0  3  3.527055e-01  1.000000e-07
 20  19  0 -1  0  3  5.205358e-01  1.000000e-07
 20  49  0  0  0  3  3.334336e-01  1.000000e-07
 23  43  0  0  0  3  3.286404e-01  1.000000e-07
 23  41  0  0  0  3  2.334488e-01  1.000000e-07
 23  42  0  0  0  3  8.430942e-02  1.000000e-07
 23  33  0  0  1  3  3.079716e-01  1.000000e-07
 23  48  0  0  1  3  3.700926e-01  1.000000e-07
 23  27  0  0  1  3  3.040458e-01  1.000000e-07
 23  47  0  0  1  3  3.752390e-01  1.000000e-07
 23  38  0  0  1  3  3.353257e-01  1.000000e-07
 43  69  0  0  0  3  5.539121e-01  1.000000e-07
 43  49  0 -1  0  3  5.993848e-01  1.000000e-07
 43  27  0  0  1  3  3.973815e-01  1.000000e-07
 69  19 -1 -1  0  3  3.139505e-01  1.000000e-07
 69  42  0  0  0  3  2.919066e-01  1.000000e-07
 36  19  0 -1  0  3  1.591518e-01  1.000000e-07
 36  33  1  0  1  3  3.973137e-01  1.000000e-07
 36  34  1 -1  1  3  5.494524e-01  1.000000e-07
 36  52  0 -1  1  3  5.061312e-01  1.000000e-07
 36  26  0  0  1  3  3.554443e-01  1.000000e-07
 36  38  1  0  1  3  3.478485e-01  1.000000e-07
 36  45  0  0  1  3  3.804140e-01  1.000000e-07
 19  49  0  0  0  3  3.680442e-01  1.000000e-07
 19  37  0  0  1  3  3.831009e-01  1.000000e-07
 41  42  0  0  0  3  2.737690e-01  1.000000e-07
 41  48  0  0  1  3  3.681240e-01  1.000000e-07
 41  27  0  0  1  3  3.559315e-01  1.000000e-07
 41  26  0  0  1  3  3.343714e-01  1.000000e-07
 42  34  0  0  1  3  4.654295e-01  1.000000e-07
 42  48  0  0  1  3  4.139468e-01  1.000000e-07
 42  38  0  0  1  3  3.282931e-01  1.000000e-07
 39  30  0  0  0  3  1.662423e-01  1.000000e-07
 39  34  0  0  0  3  2.889453e-01  1.000000e-07
 39  31  0  0  0  3  2.171542e-01  1.000000e-07
 39  48  0  0  0  3  4.011216e-01  1.000000e-07
 39  37  0  0  0  3  3.912519e-01  1.000000e-07
 39  47  0  1  0  3  4.145552e-01  1.000000e-07
 30  33  0  1  0  3  3.519524e-01  1.000000e-07
 30  34  0  0  0  3  2.037534e-01  1.000000e-07
 30  32  0  0  0  3  2.214842e-01  1.000000e-07
 30  31  0  0  0  3  1.301468e-01  1.000000e-07
 30  53  0  0  0  3  4.425737e-01  1.000000e-07
 30  47  0  1  0  3  4.764659e-01  1.000000e-07
 33  42  0  0 -1  3  3.438884e-01  1.000000e-07
 33  52 -1 -1  0  3  5.465687e-01  1.000000e-07
 33  32  0 -1  0  3  4.720745e-01  1.000000e-07
 33  27  0  0  0  3  2.942945e-01  1.000000e-07
 33  38  0  0  0  3  2.161396e-01  1.000000e-07
 33  45 -1  0  0  3  3.891418e-01  1.000000e-07
 24  34  1  0  0  3  4.569955e-01  1.000000e-07
 24  52  0  0  0  3  3.800978e-01  1.000000e-07
 24  48  0  0  0  3  2.059504e-01  1.000000e-07
 24  46  0  0  0  3  3.697779e-01  1.000000e-07
 24  53  0  0  0  3  3.824056e-01  1.000000e-07
 24  25  0  0  0  3  3.659407e-01  1.000000e-07
 24  26  0  0  0  3  3.267300e-01  1.000000e-07
 24  45  0  0  0  3  2.127952e-01  1.000000e-07
 28  23  0  0 -1  3  2.563839e-01  1.000000e-07
 28  70  0  0  0  3  3.917862e-01  1.000000e-07
 28  48  0  0  0  3  3.989682e-01  1.000000e-07
 28  46  0  0  0  3  2.620382e-01  1.000000e-07
 28  25  0  0  0  3  1.808835e-01  1.000000e-07
 28  27  0  0  0  3  1.082472e-01  1.000000e-07
 28  47  0  0  0  3  1.666931e-01  1.000000e-07
 28  26  0  0  0  3  2.275047e-01  1.000000e-07
 28  38  0  0  0  3  3.741267e-01  1.000000e-07
 34  32  0  0  0  3  2.060324e-01  1.000000e-07
 34  70  0  0  0  3  3.034695e-01  1.000000e-07
 34  38  0  0  0  3  3.697111e-01  1.000000e-07
 29  52 -1  0  0  3  3.442035e-01  1.000000e-07
 29  32  0  0  0  3  1.469868e-01  1.000000e-07
 29  70  0  0  0  3  2.495607e-01  1.000000e-07
 29  38  0  0  0  3  3.551985e-01  1.000000e-07
 29  45 -1  0  0  3  3.392071e-01  1.000000e-07
 52  32  1  0  0  3  2.938314e-01  1.000000e-07
 32  70  0  0  0  3  3.201740e-01  1.000000e-07
 32  31  0  0  0  3  3.048950e-01  1.000000e-07
 32  45 -1  1  0  3  6.472773e-01  1.000000e-07
 70  31  0  0  0  3  2.729334e-01  1.000000e-07
 31  48  0  0  0  3  2.603398e-01  1.000000e-07
 31  46  0  0  0  3  4.109957e-01  1.000000e-07
 31  53  0  0  0  3  3.580828e-01  1.000000e-07
 31  37  0  0  0  3  3.534629e-01  1.000000e-07
 46  25  0  0  0  3  3.301422e-01  1.000000e-07
 46  47  0  0  0  3  1.113609e-01  1.000000e-07
 53  37  0  0  0  3  2.731994e-01  1.000000e-07
 53  25  0  1  0  3  3.629158e-01  1.000000e-07
 53  27  0  1  0  3  4.084248e-01  1.000000e-07
 53  47  0  1  0  3  5.171588e-01  1.000000e-07
 37  25  0  1  0  3  4.044257e-01  1.000000e-07
 37  26  0  1  0  3  4.174114e-01  1.000000e-07
 25  27  0  0  0  3  1.077695e-01  1.000000e-07
 25  47  0  0  0  3  2.616819e-01  1.000000e-07
 25  26  0  0  0  3  7.481722e-02  1.000000e-07
 25  45  0  0  0  3  3.459130e-01  1.000000e-07
 27  26  0  0  0  3  1.548459e-01  1.000000e-07
 47  26  0  0  0  3  3.152061e-01  1.000000e-07
 26  45  0  0  0  3  2.946772e-01  1.000000e-07
 38  45 -1  0  0  3  2.153052e-01  1.000000e-07
 69  2  0 -1  0  3  4.269997e-01  1.000000e-07
 75  30  0  0  0  3  2.791989e-01  1.000000e-07
 15  65  0  0  0  3  1.442286e-01  1.000000e-07
 67  70  0  0  0  3  1.736660e-01  1.000000e-07
 44  78  0  0  0  3  1.828182e-01  1.000000e-07
 50  46  0  0  0  3  1.602416e-01  1.000000e-07
 21  61  0  0  0  3  2.545144e-01  1.000000e-07
 54  29  1  0  0  3  1.770650e-01  1.000000e-07
 20  59  1  0  0  3  2.452812e-01  1.000000e-07
 58  29  0  0  0  3  1.701019e-01  1.000000e-07
 13  82  0  0  0  3  1.300545e-01  1.000000e-07
 50  31  0  0  0  3  2.721772e-01  1.000000e-07
 44  60  0  0  0  3  1.583803e-01  1.000000e-07
 78  24  0  0  0  3  3.609429e-01  1.000000e-07
 40  59  0  0  0  3  3.676436e-01  1.000000e-07
 58  29  0  0  0  3  1.686426e-01  1.000000e-07
 20  58  1  0  0  3  3.056133e-01  1.000000e-07
 3  70  0  0  0  3  1.977500e-01  1.000000e-07
 13  87  0  0  0  3  2.641973e-01  1.000000e-07
 80  47  0  1  0  3  4.048934e-01  1.000000e-07
 13  64  0  0  0  3  2.259482e-01  1.000000e-07
 50  29  0  0  0  3  2.905679e-01  1.000000e-07
 43  89  0  0  0  3  3.297692e-01  1.000000e-07
 14  47  0  0  0  3  2.093088e-01  1.000000e-07
 16  78  0  0  0  3  1.426947e-01  1.000000e-07
 14  46  0  0  0  3  1.497836e-01  1.000000e-07
 13  50  0  0  0  3  1.720617e-01  1.000000e-07
 82  70  0  0  0  3  2.064534e-01  1.000000e-07
 20  62  0  0  0  3  2.374268e-01  1.000000e-07
 55  45  0  0  0  3  3.159801e-01  1.000000e-07
 21  79  0  0  0  3  2.405061e-01  1.000000e-07
 8  52  0  0  0  3  2.182657e-01  1.000000e-07
 19  81  0  1  0  3  3.813062e-01  1.000000e-07
 77  45  0  0  0  3  3.475755e-01  1.000000e-07
 40  65  0  0  0  3  3.557552e-01  1.000000e-07
 64  70  0  0  0  3  1.522617e-01  1.000000e-07
 49  84  0  0  0  3  1.336253e-01  1.000000e-07
 8  52  0  0  0  3  2.234559e-01  1.000000e-07
 15  78  0  0  0  3  1.294403e-01  1.000000e-07
 67  46  0  0  0  3  1.386808e-01  1.000000e-07
 16  83  0  0  0  3  2.759853e-01  1.000000e-07
 77  53  0 -1  0  3  3.716858e-01  1.000000e-07
 44  50  0  0  0  3  1.506368e-01  1.000000e-07
 60  48  0  0  0  3  3.629506e-01  1.000000e-07
 49  79  0  0  0  3  2.014294e-01  1.000000e-07
 61  32  1  0  0  3  2.485677e-01  1.000000e-07
 13  82  0  0  0  3  1.500856e-01  1.000000e-07
 56  30  0  0  0  3  3.043703e-01  1.000000e-07
 16  51  0  0  0  3  1.523551e-01  1.000000e-07
 60  45  0  0  0  3  3.696713e-01  1.000000e-07
 13  88  0  0  0  3  1.661501e-01  1.000000e-07
 10  53  0  0  0  3  2.275912e-01  1.000000e-07
 16  77  0  0  0  3  2.581485e-01  1.000000e-07
 83  52  0 -1  0  3  4.257770e-01  1.000000e-07
 13  50  0  0  0  3  1.975514e-01  1.000000e-07
 78  46  0  0  0  3  2.109122e-01  1.000000e-07
 74  55  0  1  0  2  3.977522e-01  2.000000e-07
 74  81  0  1  0  2  2.372344e-01  2.000000e-07
 74  57  1  1  0  2  4.682331e-01  2.000000e-07
 74  71  1  0  0  2  3.521984e-01  2.000000e-07
 74  8  0  0  0  2  2.369800e-01  2.000000e-07
 74  4  0  1  0  2  3.653576e-01  2.000000e-07
 74  83  0  1  0  2  2.802439e-01  2.000000e-07
 74  61  0  0  0  2  1.784682e-01  2.000000e-07
 74  2  1  0  0  2  2.224604e-01  2.000000e-07
 74  77  0  1  0  2  3.383405e-01  2.000000e-07
 74  11  0  0  0  2  2.769609e-01  2.000000e-07
 74  84  0  0  0  2  2.282400e-01  2.000000e-07
 74  85  0  0  0  2  2.809979e-01  2.000000e-07
 74  72  1  1  0  2  2.348012e-01  2.000000e-07
 74  68  1  1  0  2  3.261284e-01  2.000000e-07
 54  58  1  0  0  2  1.872416e-01  2.000000e-07
 54  12  0  0  0  2  1.485106e-01  2.000000e-07
 54  8  0  0  0  2  2.209345e-01  2.000000e-07
 54  60  0  0  0  2  2.039654e-01  2.000000e-07
 54  4  0  0  0  2  2.405886e-01  2.000000e-07
 54  61  0  0  0  2  2.276291e-01  2.000000e-07
 54  62  0  0  0  2  6.644968e-02  2.000000e-07
 54  63  1  0  0  2  2.547770e-01  2.000000e-07
 54  79  0  0  0  2  1.950362e-01  2.000000e-07
 54  66  0  0  0  2  1.700293e-01  2.000000e-07
 14  55  0  0  0  2  2.860295e-01  2.000000e-07
 14  57  0  0  0  2  3.120548e-01  2.000000e-07
 14  83  0  0  0  2  2.034522e-01  2.000000e-07
 14  75  0 -1  0  2  4.576671e-01  2.000000e-07
 14  77  0  0  0  2  1.487722e-01  2.000000e-07
 14  89  0  0  0  2  1.285428e-01  2.000000e-07
 14  78  0  0  0  2  1.080449e-01  2.000000e-07
 14  85  0 -1  0  2  4.277588e-01  2.000000e-07
 14  86  0 -1  0  2  3.969811e-01  2.000000e-07
 14  50  0  0  0  2  3.583915e-01  2.000000e-07
 14  51  0  0  0  2  9.274114e-02  2.000000e-07
 14  67  0  0  0  2  3.255725e-01  2.000000e-07
 55  81  0  0  0  2  2.659469e-01  2.000000e-07
 55  57  1  0  0  2  4.190017e-01  2.000000e-07
 55  5  1  0  0  2  3.680003e-01  2.000000e-07
 55  4  0  0  0  2  4.036056e-02  2.000000e-07
 55  83  0  0  0  2  3.012943e-01  2.000000e-07
 55  62  0  0  0  2  1.630804e-01  2.000000e-07
 55  76  0  0  0  2  3.012671e-02  2.000000e-07
 55  77  0  0  0  2  1.830405e-01  2.000000e-07
 55  78  0  0  0  2  3.324786e-01  2.000000e-07
 55  7  0  0  0  2  2.068746e-01  2.000000e-07
 55  72  1  0  0  2  3.368232e-01  2.000000e-07
 55  51  0  0  0  2  2.161310e-01  2.000000e-07
 55  68  1  0  0  2  3.506681e-01  2.000000e-07
 56  10  0  0  0  2  1.656324e-01  2.000000e-07
 56  71  0  0  0  2  9.982157e-02  2.000000e-07
 56  82  0  0  0  2  1.108405e-01  2.000000e-07
 56  9  0  0  0  2  1.443501e-01  2.000000e-07
 56  2  0  0  0  2  2.486188e-01  2.000000e-07
 56  75  0  0  0  2  1.271390e-01  2.000000e-07
 56  63  0  0  0  2  2.718206e-01  2.000000e-07
 56  64  0  0  0  2  2.210650e-01  2.000000e-07
 56  79 -1  0  0  2  4.869453e-01  2.000000e-07
 56  86  0  0  0  2  2.736635e-01  2.000000e-07
 56  80  0  0  0  2  1.362495e-01  2.000000e-07
 56  50  0  0  0  2  1.985220e-01  2.000000e-07
 81  83  0  0  0  2  5.819314e-02  2.000000e-07
 81  76  0  0  0  2  2.432136e-01  2.000000e-07
 81  89  0  0  0  2  2.795611e-01  2.000000e-07
 81  78  0  0  0  2  3.391445e-01  2.000000e-07
 81  79  0 -1  0  2  3.750918e-01  2.000000e-07
 81  84  0 -1  0  2  3.202004e-01  2.000000e-07
 81  0  0 -1  0  2  1.504780e-01  2.000000e-07
 81  72  1  0  0  2  3.563939e-01  2.000000e-07
 57  59  0  0  0  2  3.908861e-01  2.000000e-07
 57  5  0  0  0  2  1.027647e-01  2.000000e-07
 57  2  0 -1  0  2  3.532498e-01  2.000000e-07
 57  75  0 -1  0  2  3.583241e-01  2.000000e-07
 57  62 -1  0  0  2  4.410766e-01  2.000000e-07
 57  63  0  0  0  2  4.143558e-01  2.000000e-07
 57  89  0  0  0  2  2.138186e-01  2.000000e-07
 57  78  0  0  0  2  2.830178e-01  2.000000e-07
 57  64  0  0  0  2  3.475733e-01  2.000000e-07
 57  73  0  0  0  2  1.698400e-01  2.000000e-07
 57  50  0  0  0  2  3.629810e-01  2.000000e-07
 57  72  0  0  0  2  2.334492e-01  2.000000e-07
 57  67  0  0  0  2  9.570130e-02  2.000000e-07
 57  68  0  0  0  2  1.421156e-01  2.000000e-07
 58  71  0  0  0  2  3.627218e-01  2.000000e-07
 58  4 -1  0  0  2  2.480243e-01  2.000000e-07
 58  61 -1  0  0  2  2.889738e-01  2.000000e-07
 58  62 -1  0  0  2  1.405837e-01  2.000000e-07
 58  76 -1  0  0  2  2.743962e-01  2.000000e-07
 58  63  0  0  0  2  1.416939e-01  2.000000e-07
 58  64  0  0  0  2  1.847281e-01  2.000000e-07
 58  65  0  0  0  2  2.344622e-01  2.000000e-07
 58  79 -1  0  0  2  3.087704e-01  2.000000e-07
 58  80  0  0  0  2  5.075923e-01  2.000000e-07
 58  3  0  0  0  2  1.371074e-01  2.000000e-07
 58  67  0  0  0  2  2.704241e-01  2.000000e-07
 58  68  0  0  0  2  3.624583e-01  2.000000e-07
 1  71  0  0  0  2  4.058976e-01  2.000000e-07
 1  82  0  0  0  2  3.277665e-01  2.000000e-07
 1  83  0  1  0  2  1.629715e-01  2.000000e-07
 1  75  0  0  0  2  3.066962e-01  2.000000e-07
 1  89  0  1  0  2  2.936190e-01  2.000000e-07
 1  78  0  0  0  2  5.838202e-01  2.000000e-07
 1  84  0  0  0  2  2.104810e-01  2.000000e-07
 1  85  0  0  0  2  9.689473e-02  2.000000e-07
 1  86  0  0  0  2  7.617926e-02  2.000000e-07
 1  87  0  0  0  2  2.556844e-01  2.000000e-07
 1  88  0  0  0  2  1.202669e-01  2.000000e-07
 1  73  0  1  0  2  4.474130e-01  2.000000e-07
 1  0  0  0  0  2  4.567003e-02  2.000000e-07
 10  12  0  0  0  2  3.106463e-01  2.000000e-07
 10  9  0  0  0  2  2.141902e-02  2.000000e-07
 10  75  0  0  0  2  1.887552e-01  2.000000e-07
 10  11  0  0  0  2  1.709094e-01  2.000000e-07
 10  85  0  0  0  2  1.625191e-01  2.000000e-07
 10  86  0  0  0  2  1.095164e-01  2.000000e-07
 10  87  0  0  0  2  1.629789e-01  2.000000e-07
 10  88  0  0  0  2  1.122934e-01  2.000000e-07
 71  82  0  0  0  2  2.056190e-01  2.000000e-07
 71  61 -1  0  0  2  3.184935e-01  2.000000e-07
 71  2  0  0  0  2  1.565066e-01  2.000000e-07
 71  75  0  0  0  2  1.207353e-01  2.000000e-07
 71  63  0  0  0  2  2.235531e-01  2.000000e-07
 71  78  0  0  0  2  5.246151e-01  2.000000e-07
 71  65  0  0  0  2  3.209538e-01  2.000000e-07
 71  79 -1  0  0  2  3.975790e-01  2.000000e-07
 71  84 -1  0  0  2  4.841507e-01  2.000000e-07
 71  84  0  0  0  2  5.170361e-01  2.000000e-07
 71  87  0  0  0  2  1.749619e-01  2.000000e-07
 71  88  0  0  0  2  3.641646e-01  2.000000e-07
 71  73  0  1  0  2  2.931751e-01  2.000000e-07
 71  80  0  0  0  2  1.479541e-01  2.000000e-07
 71  72  0  1  0  2  3.257880e-01  2.000000e-07
 82  12  0  0  0  2  3.319258e-01  2.000000e-07
 82  60  0  0  0  2  3.315507e-01  2.000000e-07
 82  9  0  0  0  2  1.349814e-01  2.000000e-07
 82  75  0  0  0  2  2.252315e-01  2.000000e-07
 82  63  0  0  0  2  3.165501e-01  2.000000e-07
 82  78  0  0  0  2  3.452045e-01  2.000000e-07
 82  64  0  0  0  2  2.312581e-01  2.000000e-07
 82  84  0  0  0  2  3.565036e-01  2.000000e-07
 82  85  0  0  0  2  2.877272e-01  2.000000e-07
 82  6  0  0  0  2  3.698092e-01  2.000000e-07
 82  50  0  0  0  2  1.048086e-01  2.000000e-07
 82  51  0  0  0  2  4.201992e-01  2.000000e-07
 12  8  0  0  0  2  1.266514e-01  2.000000e-07
 12  60  0  0  0  2  1.667039e-01  2.000000e-07
 12  9  0  0  0  2  3.215027e-01  2.000000e-07
 12  61  0  0  0  2  2.293732e-01  2.000000e-07
 12  62  0  0  0  2  2.129388e-01  2.000000e-07
 12  11  0  0  0  2  2.166277e-01  2.000000e-07
 12  79  0  0  0  2  1.554846e-01  2.000000e-07
 12  85  0  0  0  2  2.352806e-01  2.000000e-07
 12  88  0  0  0  2  2.344019e-01  2.000000e-07
 12  6  0  0  0  2  6.144369e-02  2.000000e-07
 12  66  0  0  0  2  2.512296e-01  2.000000e-07
 12  50  0  0  0  2  3.322030e-01  2.000000e-07
 59  55 -1  0  0  2  2.812235e-01  2.000000e-07
 59  5  0  0  0  2  4.116955e-01  2.000000e-07
 59  61 -1  0  0  2  2.304788e-01  2.000000e-07
 59  62 -1  0  0  2  1.445287e-01  2.000000e-07
 59  76 -1  0  0  2  3.080503e-01  2.000000e-07
 59  63  0  0  0  2  9.933072e-02  2.000000e-07
 59  64  0  0  0  2  1.753517e-01  2.000000e-07
 59  7 -1  0  0  2  2.221053e-01  2.000000e-07
 59  84 -1  0  0  2  3.509181e-01  2.000000e-07
 8  61  0  0  0  2  1.474357e-01  2.000000e-07
 8  77  0  1  0  2  4.706223e-01  2.000000e-07
 8  11  0  0  0  2  1.418295e-01  2.000000e-07
 8  79  0  0  0  2  7.107650e-02  2.000000e-07
 8  85  0  0  0  2  1.598220e-01  2.000000e-07
 8  88  0  0  0  2  1.877872e-01  2.000000e-07
 8  68  1  1  0  2  5.597367e-01  2.000000e-07
 5  2  0 -1  0  2  2.648127e-01  2.000000e-07
 5  76 -1  0  0  2  3.884294e-01  2.000000e-07
 5  63  0  0  0  2  4.569366e-01  2.000000e-07
 5  78  0  0  0  2  3.820005e-01  2.000000e-07
 5  65  0  0  0  2  3.145400e-01  2.000000e-07
 5  73  0  0  0  2  8.733953e-02  2.000000e-07
 5  72  0  0  0  2  1.306921e-01  2.000000e-07
 5  3  0  0  0  2  2.226626e-01  2.000000e-07
 5  67  0  0  0  2  1.790585e-01  2.000000e-07
 5  68  0  0  0  2  3.949734e-02  2.000000e-07
 60  4  0  0  0  2  2.791418e-01  2.000000e-07
 60  62  0  0  0  2  2.344484e-01  2.000000e-07
 60  77  0  0  0  2  2.667461e-01  2.000000e-07
 60  78  0  0  0  2  1.801301e-01  2.000000e-07
 60  85  0  0  0  2  3.701072e-01  2.000000e-07
 60  6  0  0  0  2  1.343072e-01  2.000000e-07
 60  66  0  0  0  2  1.616667e-01  2.000000e-07
 60  50  0  0  0  2  2.794464e-01  2.000000e-07
 60  51  0  0  0  2  1.418567e-01  2.000000e-07
 60  67  0  0  0  2  4.249854e-01  2.000000e-07
 4  62  0  0  0  2  1.875467e-01  2.000000e-07
 4  76  0  0  0  2  5.768612e-02  2.000000e-07
 4  77  0  0  0  2  1.893613e-01  2.000000e-07
 4  79  0 -1  0  2  5.675846e-01  2.000000e-07
 4  66  0  0  0  2  1.181090e-01  2.000000e-07
 4  3  1  0  0  2  2.581977e-01  2.000000e-07
 4  68  1  0  0  2  3.121461e-01  2.000000e-07
 83  75  0 -1  0  2  4.122399e-01  2.000000e-07
 83  77  0  0  0  2  1.301514e-01  2.000000e-07
 83  89  0  0  0  2  2.285956e-01  2.000000e-07
 83  85  0 -1  0  2  2.462438e-01  2.000000e-07
 83  86  0 -1  0  2  2.387868e-01  2.000000e-07
 83  0  0 -1  0  2  1.185089e-01  2.000000e-07
 9  75  0  0  0  2  1.749841e-01  2.000000e-07
 9  11  0  0  0  2  1.912743e-01  2.000000e-07
 9  87  0  0  0  2  1.547241e-01  2.000000e-07
 9  80  0  0  0  2  1.551020e-01  2.000000e-07
 9  50  0  0  0  2  2.341296e-01  2.000000e-07
 61  2  1  0  0  2  2.659521e-01  2.000000e-07
 61  62  0  0  0  2  2.715402e-01  2.000000e-07
 61  63  1  0  0  2  2.225632e-01  2.000000e-07
 61  64  1  0  0  2  3.275171e-01  2.000000e-07
 61  7  0  0  0  2  2.548589e-01  2.000000e-07
 61  79  0  0  0  2  8.008477e-02  2.000000e-07
 61  84  0  0  0  2  1.682216e-01  2.000000e-07
 61  85  0  0  0  2  2.856245e-01  2.000000e-07
 61  6  0  0  0  2  2.496313e-01  2.000000e-07
 61  72  1  1  0  2  3.724563e-01  2.000000e-07
 2  75  0  0  0  2  1.828663e-01  2.000000e-07
 2  64  0  0  0  2  3.371733e-01  2.000000e-07
 2  73  0  1  0  2  1.835402e-01  2.000000e-07
 2  80  0  0  0  2  2.112699e-01  2.000000e-07
 2  72  0  1  0  2  1.783032e-01  2.000000e-07
 2  68  0  1  0  2  2.367775e-01  2.000000e-07
 75  84  0  0  0  2  4.528985e-01  2.000000e-07
 75  86  0  0  0  2  2.686463e-01  2.000000e-07
 75  87  0  0  0  2  5.617267e-02  2.000000e-07
 75  73  0  1  0  2  2.309557e-01  2.000000e-07
 75  80  0  0  0  2  3.104506e-02  2.000000e-07
 75  67  0  1  0  2  4.537713e-01  2.000000e-07
 75  68  0  1  0  2  3.062514e-01  2.000000e-07
 62  77  0  0  0  2  3.304468e-01  2.000000e-07
 62  64  1  0  0  2  3.165650e-01  2.000000e-07
 62  7  0  0  0  2  1.018960e-01  2.000000e-07
 62  6  0  0  0  2  1.603109e-01  2.000000e-07
 62  66  0  0  0  2  1.473260e-01  2.000000e-07
 62  67  1  0  0  2  3.914290e-01  2.000000e-07
 62  68  1  0  0  2  4.244541e-01  2.000000e-07
 76  77  0  0  0  2  1.543342e-01  2.000000e-07
 76  63  1  0  0  2  4.070359e-01  2.000000e-07
 76  89  0  0  0  2  3.777868e-01  2.000000e-07
 76  78  0  0  0  2  3.065234e-01  2.000000e-07
 76  7  0  0  0  2  2.142422e-01  2.000000e-07
 76  79  0 -1  0  2  5.835951e-01  2.000000e-07
 76  79  0  0  0  2  4.169370e-01  2.000000e-07
 76  88  0 -1  0  2  5.506067e-01  2.000000e-07
 76  73  1  0  0  2  4.353459e-01  2.000000e-07
 76  0  0 -1  0  2  3.904825e-01  2.000000e-07
 76  66  0  0  0  2  7.050915e-02  2.000000e-07
 76  72  1  0  0  2  3.483878e-01  2.000000e-07
 76  3  1  0  0  2  3.061217e-01  2.000000e-07
 76  68  1  0  0  2  3.689104e-01  2.000000e-07
 77  75  0 -1  0  2  5.141814e-01  2.000000e-07
 77  11  0 -1  0  2  3.888581e-01  2.000000e-07
 77  89  0  0  0  2  2.444405e-01  2.000000e-07
 77  79  0 -1  0  2  4.941683e-01  2.000000e-07
 77  85  0 -1  0  2  3.748923e-01  2.000000e-07
 77  86  0 -1  0  2  3.685366e-01  2.000000e-07
 77  87  0 -1  0  2  4.585829e-01  2.000000e-07
 77  88  0 -1  0  2  4.117689e-01  2.000000e-07
 77  66  0  0  0  2  1.872166e-01  2.000000e-07
 77  51  0  0  0  2  1.438770e-01  2.000000e-07
 77  67  0  0  0  2  4.734387e-01  2.000000e-07
 77  68  0  0  0  2  5.615358e-01  2.000000e-07
 77  68  1  0  0  2  4.456514e-01  2.000000e-07
 63  78  0  0  0  2  5.018780e-01  2.000000e-07
 63  64  0  0  0  2  1.081908e-01  2.000000e-07
 63  7 -1  0  0  2  3.060960e-01  2.000000e-07
 63  65  0  0  0  2  2.265119e-01  2.000000e-07
 63  79 -1  0  0  2  2.766702e-01  2.000000e-07
 63  84 -1  0  0  2  3.757654e-01  2.000000e-07
 63  72  0  1  0  2  4.664146e-01  2.000000e-07
 63  3  0  0  0  2  2.359068e-01  2.000000e-07
 11  79  0  0  0  2  2.075626e-01  2.000000e-07
 11  85  0  0  0  2  1.910363e-02  2.000000e-07
 11  86  0  0  0  2  8.571616e-02  2.000000e-07
 11  88  0  0  0  2  5.907302e-02  2.000000e-07
 89  75  0 -1  0  2  3.392618e-01  2.000000e-07
 89  78  0  0  0  2  1.768606e-01  2.000000e-07
 89  65  0  0  0  2  3.514804e-01  2.000000e-07
 89  87  0 -1  0  2  2.927405e-01  2.000000e-07
 89  73  0  0  0  2  2.925703e-01  2.000000e-07
 89  0  0 -1  0  2  2.751508e-01  2.000000e-07
 89  67  0  0  0  2  2.597895e-01  2.000000e-07
 89  68  0  0  0  2  3.171659e-01  2.000000e-07
 78  64  0  0  0  2  3.963988e-01  2.000000e-07
 78  7  0  0  0  2  3.293930e-01  2.000000e-07
 78  65  0  0  0  2  2.791546e-01  2.000000e-07
 78  79  0  0  0  2  4.930112e-01  2.000000e-07
 78  84  0  0  0  2  4.732732e-01  2.000000e-07
 78  88  0  0  0  2  4.635609e-01  2.000000e-07
 78  6  0  0  0  2  3.140783e-01  2.000000e-07
 78  66  0  0  0  2  2.728632e-01  2.000000e-07
 78  50  0  0  0  2  2.503539e-01  2.000000e-07
 78  51  0  0  0  2  1.179327e-01  2.000000e-07
 64  65  0  0  0  2  1.293240e-01  2.000000e-07
 64  79 -1  0  0  2  3.847207e-01  2.000000e-07
 64  80  0  0  0  2  3.456281e-01  2.000000e-07
 64  50  0  0  0  2  2.065027e-01  2.000000e-07
 64  67  0  0  0  2  2.531002e-01  2.000000e-07
 7  79  0  0  0  2  2.072154e-01  2.000000e-07
 7  84  0  0  0  2  2.482744e-01  2.000000e-07
 7  6  0  0  0  2  5.945862e-02  2.000000e-07
 7  51  0  0  0  2  2.578958e-01  2.000000e-07
 65  88  0  0  0  2  4.708079e-01  2.000000e-07
 65  80  0  0  0  2  4.260381e-01  2.000000e-07
 65  66  0  0  0  2  5.333047e-01  2.000000e-07
 65  50  0  0  0  2  1.667994e-01  2.000000e-07
 65  3  0  0  0  2  1.718368e-01  2.000000e-07
 65  67  0  0  0  2  1.395108e-01  2.000000e-07
 79  1  0  0  0  2  3.021364e-01  2.000000e-07
 79  2  1  0  0  2  3.425924e-01  2.000000e-07
 79  84  0  0  0  2  9.909801e-02  2.000000e-07
 79  88  0  0  0  2  2.572727e-01  2.000000e-07
 79  73  1  1  0  2  5.006964e-01  2.000000e-07
 79  0  0  0  0  2  3.129417e-01  2.000000e-07
 79  80  1  0  0  2  5.270399e-01  2.000000e-07
 79  66  0  0  0  2  3.568618e-01  2.000000e-07
 79  72  1  1  0  2  4.324021e-01  2.000000e-07
 79  68  1  1  0  2  5.221824e-01  2.000000e-07
 84  83  0  1  0  2  3.231733e-01  2.000000e-07
 84  85  0  0  0  2  1.261022e-01  2.000000e-07
 84  86  0  0  0  2  1.944830e-01  2.000000e-07
 84  88  0  0  0  2  1.587016e-01  2.000000e-07
 84  6  0  0  0  2  2.056680e-01  2.000000e-07
 84  0  0  0  0  2  2.288113e-01  2.000000e-07
 84  72  1  1  0  2  4.626080e-01  2.000000e-07
 85  86  0  0  0  2  6.943040e-02  2.000000e-07
 85  6  0  0  0  2  2.966943e-01  2.000000e-07
 86  87  0  0  0  2  2.253966e-01  2.000000e-07
 86  88  0  0  0  2  5.427041e-02  2.000000e-07
 86  67  0  1  0  2  5.717926e-01  2.000000e-07
 86  68  0  1  0  2  5.115627e-01  2.000000e-07
 87  88  0  0  0  2  2.579230e-01  2.000000e-07
 87  0  0  0  0  2  2.849186e-01  2.000000e-07
 87  80  0  0  0  2  2.706448e-02  2.000000e-07
 87  67  0  1  0  2  4.338792e-01  2.000000e-07
 87  68  0  1  0  2  3.112837e-01  2.000000e-07
 88  0  0  0  0  2  1.631755e-01  2.000000e-07
 88  80  0  0  0  2  2.682758e-01  2.000000e-07
 88  66  0  0  0  2  4.777928e-01  2.000000e-07
 88  50  0  0  0  2  3.070017e-01  2.000000e-07
 6  51  0  0  0  2  2.631695e-01  2.000000e-07
 73  87  0 -1  0  2  2.371323e-01  2.000000e-07
 73  80  0 -1  0  2  2.399789e-01  2.000000e-07
 73  72  0  0  0  2  1.070381e-01  2.000000e-07
 73  3  0  0  0  2  3.088684e-01  2.000000e-07
 73  67  0  0  0  2  2.589377e-01  2.000000e-07
 73  68  0  0  0  2  7.533201e-02  2.000000e-07
 0  77  0  1  0  2  2.486532e-01  2.000000e-07
 0  72  1  1  0  2  4.628537e-01  2.000000e-07
 80  1  0  0  0  2  2.760416e-01  2.000000e-07
 80  50  0  0  0  2  3.249036e-01  2.000000e-07
 80  68  0  1  0  2  3.150761e-01  2.000000e-07
 66  58  1  0  0  2  2.671396e-01  2.000000e-07
 66  89  0  0  0  2  3.758083e-01  2.000000e-07
 66  50  0  0  0  2  4.386506e-01  2.000000e-07
 50  51  0  0  0  2  3.395804e-01  2.000000e-07
 50  67  0  0  0  2  2.800030e-01  2.000000e-07
 72  68  0  0  0  2  9.139898e-02  2.000000e-07
 3  67  0  0  0  2  1.430333e-01  2.000000e-07
 3  68  0  0  0  2  2.388967e-01  2.000000e-07
 51  67  0  0  0  2  3.792554e-01  2.000000e-07
 67  68  0  0  0  2  2.140615e-01  2.000000e-07
 74  81  0  1  0  1  2.372344e-01  3.000000e-07
 74  61  0  0  0  1  1.784682e-01  3.000000e-07
 74  79  0  0  0  1  2.134595e-01  3.000000e-07
 74  84  0  0  0  1  2.282400e-01  3.000000e-07
 74  0  0  0  0  1  2.726060e-01  3.000000e-07
 74  72  1  1  0  1  2.348012e-01  3.000000e-07
 54  59  1  0  0  1  1.704098e-01  3.000000e-07
 54  61  0  0  0  1  2.276291e-01  3.000000e-07
 54  62  0  0  0  1  6.644968e-02  3.000000e-07
 54  7  0  0  0  1  5.186661e-02  3.000000e-07
 54  79  0  0  0  1  1.950362e-01  3.000000e-07
 54  6  0  0  0  1  1.015386e-01  3.000000e-07
 14  83  0  0  0  1  2.034522e-01  3.000000e-07
 14  77  0  0  0  1  1.487722e-01  3.000000e-07
 14  89  0  0  0  1  1.285428e-01  3.000000e-07
 14  78  0  0  0  1  1.080449e-01  3.000000e-07
 14  51  0  0  0  1  9.274114e-02  3.000000e-07
 55  66  0  0  0  1  7.790980e-02  3.000000e-07
 56  71  0  0  0  1  9.982157e-02  3.000000e-07
 56  82  0  0  0  1  1.108405e-01  3.000000e-07
 56  9  0  0  0  1  1.443501e-01  3.000000e-07
 56  75  0  0  0  1  1.271390e-01  3.000000e-07
 56  64  0  0  0  1  2.210650e-01  3.000000e-07
 56  80  0  0  0  1  1.362495e-01  3.000000e-07
 81  4  0  0  0  1  2.550837e-01  3.000000e-07
 81  83  0  0  0  1  5.819314e-02  3.000000e-07
 81  72  1  0  0  1  3.563939e-01  3.000000e-07
 57  5  0  0  0  1  1.027647e-01  3.000000e-07
 57  89  0  0  0  1  2.138186e-01  3.000000e-07
 57  73  0  0  0  1  1.698400e-01  3.000000e-07
 57  3  0  0  0  1  2.010575e-01  3.000000e-07
 57  67  0  0  0  1  9.570130e-02  3.000000e-07
 58  59  0  0  0  1  6.037730e-02  3.000000e-07
 58  4 -1  0  0  1  2.480243e-01  3.000000e-07
 58  62 -1  0  0  1  1.405837e-01  3.000000e-07
 58  64  0  0  0  1  1.847281e-01  3.000000e-07
 1  89  0  1  0  1  2.936190e-01  3.000000e-07
 1  85  0  0  0  1  9.689473e-02  3.000000e-07
 1  86  0  0  0  1  7.617926e-02  3.000000e-07
 1  87  0  0  0  1  2.556844e-01  3.000000e-07
 10  82  0  0  0  1  1.520846e-01  3.000000e-07
 10  86  0  0  0  1  1.095164e-01  3.000000e-07
 10  87  0  0  0  1  1.629789e-01  3.000000e-07
 10  88  0  0  0  1  1.122934e-01  3.000000e-07
 71  2  0  0  0  1  1.565066e-01  3.000000e-07
 71  75  0  0  0  1  1.207353e-01  3.000000e-07
 71  63  0  0  0  1  2.235531e-01  3.000000e-07
 71  64  0  0  0  1  2.157750e-01  3.000000e-07
 82  12  0  0  0  1  3.319258e-01  3.000000e-07
 82  9  0  0  0  1  1.349814e-01  3.000000e-07
 82  64  0  0  0  1  2.312581e-01  3.000000e-07
 82  50  0  0  0  1  1.048086e-01  3.000000e-07
 12  8  0  0  0  1  1.266514e-01  3.000000e-07
 12  11  0  0  0  1  2.166277e-01  3.000000e-07
 12  79  0  0  0  1  1.554846e-01  3.000000e-07
 12  88  0  0  0  1  2.344019e-01  3.000000e-07
 12  6  0  0  0  1  6.144369e-02  3.000000e-07
 59  61 -1  0  0  1  2.304788e-01  3.000000e-07
 59  62 -1  0  0  1  1.445287e-01  3.000000e-07
 59  63  0  0  0  1  9.933072e-02  3.000000e-07
 8  79  0  0  0  1  7.107650e-02  3.000000e-07
 5  73  0  0  0  1  8.733953e-02  3.000000e-07
 5  3  0  0  0  1  2.226626e-01  3.000000e-07
 60  78  0  0  0  1  1.801301e-01  3.000000e-07
 60  7  0  0  0  1  1.529737e-01  3.000000e-07
 60  6  0  0  0  1  1.343072e-01  3.000000e-07
 60  66  0  0  0  1  1.616667e-01  3.000000e-07
 60  50  0  0  0  1  2.794464e-01  3.000000e-07
 60  51  0  0  0  1  1.418567e-01  3.000000e-07
 4  62  0  0  0  1  1.875467e-01  3.000000e-07
 4  76  0  0  0  1  5.768612e-02  3.000000e-07
 4  77  0  0  0  1  1.893613e-01  3.000000e-07
 4  72  1  0  0  1  2.964734e-01  3.000000e-07
 4  68  1  0  0  1  3.121461e-01  3.000000e-07
 83  77  0  0  0  1  1.301514e-01  3.000000e-07
 83  89  0  0  0  1  2.285956e-01  3.000000e-07
 83  0  0 -1  0  1  1.185089e-01  3.000000e-07
 9  87  0  0  0  1  1.547241e-01  3.000000e-07
 9  80  0  0  0  1  1.551020e-01  3.000000e-07
 61  2  1  0  0  1  2.659521e-01  3.000000e-07
 61  79  0  0  0  1  8.008477e-02  3.000000e-07
 2  75  0  0  0  1  1.828663e-01  3.000000e-07
 2  63  0  0  0  1  2.957355e-01  3.000000e-07
 2  73  0  1  0  1  1.835402e-01  3.000000e-07
 2  72  0  1  0  1  1.783032e-01  3.000000e-07
 75  87  0  0  0  1  5.617267e-02  3.000000e-07
 75  73  0  1  0  1  2.309557e-01  3.000000e-07
 62  7  0  0  0  1  1.018960e-01  3.000000e-07
 62  66  0  0  0  1  1.473260e-01  3.000000e-07
 76  77  0  0  0  1  1.543342e-01  3.000000e-07
 76  66  0  0  0  1  7.050915e-02  3.000000e-07
 76  51  0  0  0  1  1.892674e-01  3.000000e-07
 77  51  0  0  0  1  1.438770e-01  3.000000e-07
 63  61 -1  0  0  1  2.225632e-01  3.000000e-07
 63  64  0  0  0  1  1.081908e-01  3.000000e-07
 11  84  0  0  0  1  1.087750e-01  3.000000e-07
 11  88  0  0  0  1  5.907302e-02  3.000000e-07
 89  0  0 -1  0  1  2.751508e-01  3.000000e-07
 89  67  0  0  0  1  2.597895e-01  3.000000e-07
 78  65  0  0  0  1  2.791546e-01  3.000000e-07
 78  50  0  0  0  1  2.503539e-01  3.000000e-07
 78  51  0  0  0  1  1.179327e-01  3.000000e-07
 78  67  0  0  0  1  2.648065e-01  3.000000e-07
 64  65  0  0  0  1  1.293240e-01  3.000000e-07
 64  50  0  0  0  1  2.065027e-01  3.000000e-07
 64  3  0  0  0  1  2.097534e-01  3.000000e-07
 7  6  0  0  0  1  5.945862e-02  3.000000e-07
 7  66  0  0  0  1  1.503478e-01  3.000000e-07
 65  50  0  0  0  1  1.667994e-01  3.000000e-07
 65  3  0  0  0  1  1.718368e-01  3.000000e-07
 65  67  0  0  0  1  1.395108e-01  3.000000e-07
 79  84  0  0  0  1  9.909801e-02  3.000000e-07
 84  85  0  0  0  1  1.261022e-01  3.000000e-07
 84  0  0  0  0  1  2.288113e-01  3.000000e-07
 85  86  0  0  0  1  6.943040e-02  3.000000e-07
 85  88  0  0  0  1  5.445822e-02  3.000000e-07
 85  0  0  0  0  1  1.310951e-01  3.000000e-07
 86  87  0  0  0  1  2.253966e-01  3.000000e-07
 86  88  0  0  0  1  5.427041e-02  3.000000e-07
 87  73  0  1  0  1  2.371323e-01  3.000000e-07
 73  72  0  0  0  1  1.070381e-01  3.000000e-07
 73  68  0  0  0  1  7.533201e-02  3.000000e-07
 0  81  0  1  0  1  1.504780e-01  3.000000e-07
 66  51  0  0  0  1  1.638737e-01  3.000000e-07
 72  68  0  0  0  1  9.139898e-02  3.000000e-07
 3  67  0  0  0  1  1.430333e-01  3.000000e-07
 3  68  0  0  0  1  2.388967e-01  3.000000e-07
 1.708714e-01  4.441725e-01  0
 1.465487e-01  4.055181e-01  0
-3.375675e-01  3.865391e-01  0
-3.461462e-01 -1.410542e-01  0
 4.111658e-01 -2.291938e-01  0
-2.825203e-01 -3.544327e-01  0
 2.870428e-01  3.808596e-02  0
 3.335069e-01  9.859011e-04  0
 3.018265e-01  2.147672e-01  0
-3.527329e-03  2.750047e-01  0
 1.608423e-02  2.836164e-01  0
 1.864488e-01  2.972513e-01  0
 2.624489e-01  9.439286e-02  0
-1.497919e-02  1.291997e-01  1.227338e-01
 1.050802e-01 -2.649696e-01  0
-5.787649e-02 -1.028712e-01  1.223035e-01
 9.263588e-02 -1.518190e-01  1.248329e-01
 1.866257e-01  1.717951e-01  2.158898e-01
-4.229999e-01  3.122713e-01  3.400632e-01
 3.599119e-01  4.463539e-01  3.322864e-01
 4.483410e-01 -5.147381e-02  2.275925e-01
 3.916465e-01  1.631289e-01  2.268728e-01
 3.580755e-01  5.781621e-02  3.843636e-01
-1.276640e-01 -2.218217e-01  4.455949e-01
 2.312277e-01 -5.892855e-02 -3.406959e-01
 1.127111e-01 -4.048441e-01 -3.262462e-01
 1.656452e-01 -3.775219e-01 -3.715131e-01
 1.627138e-02 -4.183128e-01 -3.724223e-01
-5.754663e-02 -3.455963e-01 -3.411069e-01
-4.428970e-01  5.879759e-02 -1.578348e-01
-2.324535e-01  2.745350e-01 -2.489014e-01
-1.325144e-01  1.915465e-01 -2.568564e-01
-4.185330e-01  2.036310e-01 -1.519359e-01
-2.748605e-01 -3.885332e-01 -3.413628e-01
-3.585586e-01  1.424857e-01 -3.393224e-01
 2.815779e-01  3.223721e-01  3.336287e-01
 4.297622e-01 -4.253597e-01  3.954753e-01
 1.749761e-01  2.093270e-01 -4.302619e-01
-4.093477e-01 -2.222162e-01 -3.724781e-01
-1.795337e-01  3.661100e-01 -3.771590e-01
-3.341392e-01 -9.564835e-02  3.440825e-01
 8.742223e-02 -1.965288e-01  3.584371e-01
-1.845065e-01 -1.937695e-01  3.900064e-01
 1.632219e-01 -2.552080e-01  2.963460e-01
 6.337648e-02 -2.379460e-02  1.494960e-01
 3.884350e-01 -1.972707e-01 -3.028920e-01
-4.393402e-02 -1.895569e-01 -1.310345e-01
-7.184360e-02 -2.810252e-01 -1.880946e-01
 5.054863e-02  3.797428e-02 -3.602020e-01
 2.265155e-01  1.744853e-01  1.231229e-01
-6.671535e-02  4.956299e-02  0
 1.674679e-01 -1.963496e-01  0
 3.054226e-01  2.886310e-01 -2.058931e-01
 2.026354e-01  2.811215e-01 -1.681199e-01
 3.845977e-01  9.923399e-03  0
 3.835723e-01 -1.997391e-01  0
-1.417405e-01  2.333624e-01  0
-2.062980e-01 -2.855070e-01  0
-4.337815e-01 -3.560994e-02  0
-4.455431e-01  2.361068e-02  0
 1.917829e-01 -5.659229e-02  0
 4.486343e-01  2.283594e-01  0
 4.257902e-01 -4.221811e-02  0
-3.745957e-01  9.313090e-02  0
-2.731304e-01  5.558041e-02  0
-1.998222e-01 -5.095877e-02  0
 3.243774e-01 -1.490844e-01  0
-2.117337e-01 -1.899602e-01  0
-3.143455e-01 -3.778248e-01  0
-3.555336e-01 -4.301420e-01  3.806635e-01
-2.157989e-01 -4.413602e-02 -1.472659e-01
-2.353515e-01  2.680225e-01  0
-3.808738e-01 -4.404967e-01  0
-2.738390e-01 -4.413397e-01  0
 4.408839e-01  4.066593e-01  0
-1.566934e-01  3.596190e-01  0
 3.560819e-01 -2.120636e-01  0
 2.440131e-01 -3.181750e-01  0
 5.236822e-02 -1.706555e-01  0
 3.721667e-01  2.045630e-01  0
-1.270422e-01  3.688168e-01  0
 2.627530e-01 -4.366578e-01  0
-6.401921e-02  1.543369e-01  0
 2.048330e-01 -4.422891e-01  0
 2.811107e-01  2.436684e-01  0
 1.758929e-01  3.131736e-01  0
 1.110892e-01  3.380948e-01  0
-1.085755e-01  3.886024e-01  0
 1.283370e-01  2.866381e-01  0
 5.264164e-04 -3.397475e-01  0