 701  90  1.200000e-05  65 -2 -2
 33  45  0 -1  0  3  2.426894e-01  1.000000e-07
 33  46 -1  0  0  3  4.696591e-01  1.000000e-07
 33  32  0 -1  0  3  3.517394e-01  1.000000e-07
 33  31  0  0  0  3  5.616765e-01  1.000000e-07
 33  47  0  0  0  3  2.203035e-01  1.000000e-07
 33  39  0  0  0  3  5.189538e-01  1.000000e-07
 33  48  0 -1  1  3  6.282580e-01  1.000000e-07
 45  16  0  0  0  3  3.189379e-01  1.000000e-07
 45  17  0  0  0  3  3.469006e-01  1.000000e-07
 45  38  0  0  0  3  2.850904e-01  1.000000e-07
 45  32  0  0  0  3  2.360392e-01  1.000000e-07
 45  31 -1  1  0  3  5.269190e-01  1.000000e-07
 45  69  0  0  0  3  2.554546e-01  1.000000e-07
 45  42  0  0  1  3  3.382933e-01  1.000000e-07
 45  48  0  0  1  3  5.033809e-01  1.000000e-07
 46  16  1  0  0  3  4.192237e-01  1.000000e-07
 46  35  0  0  0  3  4.590080e-01  1.000000e-07
 46  56  0  0  0  3  2.583453e-01  1.000000e-07
 46  49  0  0  0  3  3.391061e-01  1.000000e-07
 46  51  0  0  0  3  2.144443e-01  1.000000e-07
 46  34  0  0  0  3  2.625604e-01  1.000000e-07
 46  24  1  0  1  3  4.976740e-01  1.000000e-07
 46  23  1  0  1  3  4.879444e-01  1.000000e-07
 16  47  0  0  0  3  3.467751e-01  1.000000e-07
 16  49  0  0  0  3  4.827352e-01  1.000000e-07
 16  51 -1  0  0  3  2.881578e-01  1.000000e-07
 16  69  0  0  0  3  1.265078e-01  1.000000e-07
 17  47  0  0  0  3  4.368109e-01  1.000000e-07
 17  39  0  0  0  3  4.037741e-01  1.000000e-07
 17  40 -1  0  0  3  4.089716e-01  1.000000e-07
 17  69  0  0  0  3  3.716445e-01  1.000000e-07
 17  19  0  0  1  3  3.655276e-01  1.000000e-07
 17  42  0  0  1  3  2.507549e-01  1.000000e-07
 17  29  0  0  1  3  3.197931e-01  1.000000e-07
 17  44  0  0  1  3  1.643087e-01  1.000000e-07
 35  40  0  0  0  3  1.530007e-01  1.000000e-07
 35  49  0  0  0  3  3.169877e-01  1.000000e-07
 35  51  0  0  0  3  3.251076e-01  1.000000e-07
 35  36  0  0  0  3  1.078990e-01  1.000000e-07
 35  69  1  0  0  3  4.733248e-01  1.000000e-07
 35  41  0  0  1  3  4.446037e-01  1.000000e-07
 35  42  1  0  1  3  4.266717e-01  1.000000e-07
 35  44  1  0  1  3  4.124660e-01  1.000000e-07
 38  32  0  0  0  3  1.778495e-01  1.000000e-07
 38  31  0  1  0  3  4.074437e-01  1.000000e-07
 38  40  0  0  0  3  2.939848e-01  1.000000e-07
 38  49  0  0  0  3  3.426204e-01  1.000000e-07
 38  34  0  1  0  3  3.757647e-01  1.000000e-07
 38  36  0  0  0  3  1.785020e-01  1.000000e-07
 38  19  0  0  1  3  5.367955e-01  1.000000e-07
 38  18  0  0  1  3  5.181493e-01  1.000000e-07
 32  47  0  0  0  3  5.031801e-01  1.000000e-07
 32  39  0  0  0  3  3.741994e-01  1.000000e-07
 32  56  0  0  0  3  4.673251e-01  1.000000e-07
 32  49  0  0  0  3  3.534707e-01  1.000000e-07
 32  69  0  0  0  3  2.588925e-01  1.000000e-07
 31  47  0  0  0  3  5.956096e-01  1.000000e-07
 31  47  1  0  0  3  4.742348e-01  1.000000e-07
 31  40  0 -1  0  3  3.091457e-01  1.000000e-07
 31  37  0  0  0  3  2.611312e-01  1.000000e-07
 31  48  0 -1  1  3  5.370157e-01  1.000000e-07
 31  43  0  0  1  3  3.987797e-01  1.000000e-07
 47  39  0  0  0  3  3.508441e-01  1.000000e-07
 47  56  0  0  0  3  4.258925e-01  1.000000e-07
 47  37 -1  0  0  3  4.301884e-01  1.000000e-07
 39  41  0  0  1  3  3.221127e-01  1.000000e-07
 39  48  0 -1  1  3  6.918442e-01  1.000000e-07
 39  29  0  0  1  3  3.219226e-01  1.000000e-07
 39  43  0  0  1  3  5.217372e-01  1.000000e-07
 39  18  0  0  1  3  3.902230e-01  1.000000e-07
 56  37  0  0  0  3  1.785620e-01  1.000000e-07
 56  51  0  0  0  3  2.622045e-01  1.000000e-07
 56  34  0  0  0  3  3.565759e-01  1.000000e-07
 56  36  0  0  0  3  4.079648e-01  1.000000e-07
 40  41  0  0  1  3  4.531943e-01  1.000000e-07
 40  42  1  0  1  3  3.841034e-01  1.000000e-07
 40  48  0  0  1  3  3.263143e-01  1.000000e-07
 40  52  0  0  1  3  4.909609e-01  1.000000e-07
 40  18  0  0  1  3  4.032696e-01  1.000000e-07
 37  49  0  0  0  3  3.132083e-01  1.000000e-07
 37  51  0  0  0  3  1.682270e-01  1.000000e-07
 37  34  0  0  0  3  2.824243e-01  1.000000e-07
 49  51  0  0  0  3  3.146921e-01  1.000000e-07
 49  36  0  0  0  3  2.791532e-01  1.000000e-07
 51  36  0  0  0  3  3.037262e-01  1.000000e-07
 51  27  0  0  1  3  5.118040e-01  1.000000e-07
 34  36  0 -1  0  3  3.584424e-01  1.000000e-07
 36  69  1  0  0  3  4.840074e-01  1.000000e-07
 19  41  0  0  0  3  3.061093e-01  1.000000e-07
 19  42  0  0  0  3  3.076843e-01  1.000000e-07
 19  48  0  0  0  3  3.070352e-01  1.000000e-07
 19  70  0  0  0  3  2.282023e-01  1.000000e-07
 19  29  0  0  0  3  1.219494e-01  1.000000e-07
 19  30  0  0  0  3  2.747812e-01  1.000000e-07
 19  18  0  0  0  3  1.792510e-01  1.000000e-07
 41  27  0  0  0  3  2.678496e-01  1.000000e-07
 41  22  0  0  0  3  2.939929e-01  1.000000e-07
 41  29  0  0  0  3  3.058339e-01  1.000000e-07
 41  52  0  0  0  3  3.106038e-01  1.000000e-07
 41  30  0  0  0  3  3.030186e-01  1.000000e-07
 42  20 -1  1  0  3  3.623638e-01  1.000000e-07
 42  70  0  0  0  3  4.278100e-01  1.000000e-07
 42  29  0  0  0  3  3.462752e-01  1.000000e-07
 42  44  0  0  0  3  2.799830e-01  1.000000e-07
 25  24  0  0  0  3  1.172068e-01  1.000000e-07
 25  23  0  0  0  3  2.139643e-01  1.000000e-07
 25  27 -1  0  0  3  2.983342e-01  1.000000e-07
 25  52 -1  0  0  3  3.062591e-01  1.000000e-07
 25  26  0  0  0  3  3.167961e-01  1.000000e-07
 25  21  0  0  0  3  8.548136e-02  1.000000e-07
 48  20  0  1  0  3  3.235930e-01  1.000000e-07
 48  89  0  0  0  3  3.252414e-01  1.000000e-07
 48  43  0  1  0  3  3.824956e-01  1.000000e-07
 48  18  0  0  0  3  1.943334e-01  1.000000e-07
 24  27 -1  0  0  3  2.255459e-01  1.000000e-07
 24  22  0  0  0  3  2.676151e-01  1.000000e-07
 24  52 -1  0  0  3  3.052087e-01  1.000000e-07
 24  26  0  0  0  3  2.790522e-01  1.000000e-07
 24  28 -1  0  0  3  2.798582e-01  1.000000e-07
 24  21  0  0  0  3  3.517449e-02  1.000000e-07
 24  44  0  0  0  3  2.029416e-01  1.000000e-07
 20  27  0  0  0  3  3.583296e-01  1.000000e-07
 20  52  0 -1  0  3  5.222029e-01  1.000000e-07
 20  30  0 -1  0  3  4.385143e-01  1.000000e-07
 20  89  1 -1  0  3  5.642274e-01  1.000000e-07
 20  43  0  0  0  3  1.803055e-01  1.000000e-07
 20  26  1  0  0  3  2.938828e-01  1.000000e-07
 20  28  0  0  0  3  2.454118e-01  1.000000e-07
 23  70  0  0  0  3  2.622090e-01  1.000000e-07
 23  22  0  0  0  3  1.884429e-01  1.000000e-07
 23  29  0  0  0  3  1.933226e-01  1.000000e-07
 23  26  0  0  0  3  3.631522e-01  1.000000e-07
 23  21  0  0  0  3  1.506687e-01  1.000000e-07
 23  44  0  0  0  3  1.230868e-01  1.000000e-07
 27  23  1  0  0  3  2.983806e-01  1.000000e-07
 27  43  0  0  0  3  2.134636e-01  1.000000e-07
 27  26  1  0  0  3  3.825602e-01  1.000000e-07
 27  44  1  0  0  3  2.596509e-01  1.000000e-07
 70  22  0  0  0  3  2.374566e-01  1.000000e-07
 70  29  0  0  0  3  1.919928e-01  1.000000e-07
 70  89  0  0  0  3  3.321475e-01  1.000000e-07
 70  18  0  0  0  3  3.410639e-01  1.000000e-07
 70  21  0  0  0  3  2.527770e-01  1.000000e-07
 70  44  0  0  0  3  3.324462e-01  1.000000e-07
 22  29  0  0  0  3  1.024815e-01  1.000000e-07
 22  43  0  0  0  3  5.315506e-01  1.000000e-07
 22  26  0  0  0  3  4.042485e-01  1.000000e-07
 22  21  0  0  0  3  2.591002e-01  1.000000e-07
 29  44  0  0  0  3  2.727755e-01  1.000000e-07
 52  30  0  0  0  3  3.674388e-01  1.000000e-07
 52  89  1  0  0  3  4.969334e-01  1.000000e-07
 52  28  0  0  0  3  3.392192e-01  1.000000e-07
 52  18  0  0  0  3  3.885091e-01  1.000000e-07
 52  44  1  0  0  3  2.922409e-01  1.000000e-07
 30  89  0  0  0  3  2.969104e-01  1.000000e-07
 30  18  0  0  0  3  1.295992e-01  1.000000e-07
 89  22  0  1  0  3  6.481056e-01  1.000000e-07
 89  26  0  1  0  3  3.967881e-01  1.000000e-07
 89  18  0  0  0  3  3.179838e-01  1.000000e-07
 43  26  1  0  0  3  3.414364e-01  1.000000e-07
 43  28  0  0  0  3  8.203735e-02  1.000000e-07
 26  28 -1  0  0  3  3.312042e-01  1.000000e-07
 26  21  0  0  0  3  2.773365e-01  1.000000e-07
 28  21  1  0  0  3  2.934423e-01  1.000000e-07
 56  8  0  0  0  3  1.212287e-01  1.000000e-07
 76  28  0  0  0  3  3.032636e-01  1.000000e-07
 37  76  0  0  0  3  1.601454e-01  1.000000e-07
 86  28  0  0  0  3  2.769918e-01  1.000000e-07
 34  66  0  0  0  3  1.815969e-01  1.000000e-07
 86  43  0  0  0  3  3.241729e-01  1.000000e-07
 49  64  0  0  0  3  3.642545e-01  1.000000e-07
 3  70  0  0  0  3  1.858855e-01  1.000000e-07
 69  73  0  0  0  3  1.291716e-01  1.000000e-07
 0  89  0  0  0  3  1.569919e-01  1.000000e-07
 69  67  0  0  0  3  1.616345e-01  1.000000e-07
 63  52 -1  0  0  3  2.641786e-01  1.000000e-07
 56  55  0  0  0  3  1.999742e-01  1.000000e-07
 88  30  0  0  0  3  3.096986e-01  1.000000e-07
 34  66  0  0  0  3  1.900149e-01  1.000000e-07
 86  28  0  0  0  3  2.996157e-01  1.000000e-07
 36  50  0  0  0  3  2.922304e-01  1.000000e-07
 15  52  0  0  0  3  1.897243e-01  1.000000e-07
 51  9  0  0  0  3  2.587387e-01  1.000000e-07
 50  30  0  0  0  3  2.718103e-01  1.000000e-07
 33  58  0  0  0  3  1.872871e-01  1.000000e-07
 83  26  0  0  0  3  3.868888e-01  1.000000e-07
 16  68  0  0  0  3  1.591684e-01  1.000000e-07
 2  70  0  0  0  3  1.596754e-01  1.000000e-07
 37  57  1  0  0  3  2.008319e-01  1.000000e-07
 59  25  0  0  0  3  2.411546e-01  1.000000e-07
 32  73  0  0  0  3  1.912984e-01  1.000000e-07
 78  70  0  0  0  3  2.091808e-01  1.000000e-07
 16  68  0  0  0  3  1.767536e-01  1.000000e-07
 80  25  0  0  0  3  2.307141e-01  1.000000e-07
 48  81  0  1  0  3  3.598547e-01  1.000000e-07
 83  33  0  0  0  3  2.194959e-01  1.000000e-07
 69  2  0  0  0  3  1.350825e-01  1.000000e-07
 68  70  0  0  0  3  1.917057e-01  1.000000e-07
 34  57  1  0  0  3  2.631879e-01  1.000000e-07
 59  25  0  0  0  3  2.881065e-01  1.000000e-07
 37  53  0  0  0  3  1.965953e-01  1.000000e-07
 15  52  0  0  0  3  2.089483e-01  1.000000e-07
 34  86  0  0  0  3  2.119834e-01  1.000000e-07
 66  48  0 -1  0  3  3.586558e-01  1.000000e-07
 16  67  0  0  0  3  1.920533e-01  1.000000e-07
 68  52 -1  0  0  3  2.218864e-01  1.000000e-07
 36  87  0  0  0  3  2.736776e-01  1.000000e-07
 82  30  0  0  0  3  1.790086e-01  1.000000e-07
 4  57  0  1  0  2  4.570030e-01  2.000000e-07
 4  72 -1  0  0  2  2.877811e-01  2.000000e-07
 4  58  0  1  0  2  3.105762e-01  2.000000e-07
 4  59  0  1  0  2  4.696830e-01  2.000000e-07
 4  2  0  0  0  2  3.078779e-01  2.000000e-07
 4  73  0  0  0  2  3.189107e-01  2.000000e-07
 4  61 -1  0  0  2  1.600099e-01  2.000000e-07
 4  63  0  0  0  2  1.253867e-01  2.000000e-07
 4  74  0  0  0  2  3.514530e-01  2.000000e-07
 4  66 -1  1  0  2  3.325684e-01  2.000000e-07
 4  75  0  1  0  2  4.135085e-01  2.000000e-07
 4  76 -1  1  0  2  4.383542e-01  2.000000e-07
 4  68  0  0  0  2  3.542231e-01  2.000000e-07
 4  79  0  0  0  2  4.294512e-02  2.000000e-07
 57  58  0  0  0  2  3.351090e-01  2.000000e-07
 57  59  0  0  0  2  6.235875e-02  2.000000e-07
 57  59  0  0  0  2  6.235875e-02  2.000000e-07
 57  15 -1  0  0  2  3.146423e-01  2.000000e-07
 57  60  0  0  0  2  2.102840e-01  2.000000e-07
 57  83  0  0  0  2  3.773058e-01  2.000000e-07
 57  53 -1  0  0  2  3.346296e-01  2.000000e-07
 57  8 -1  0  0  2  4.442614e-01  2.000000e-07
 57  80  0  0  0  2  2.200006e-01  2.000000e-07
 57  61 -1 -1  0  2  4.912375e-01  2.000000e-07
 57  10 -1  0  0  2  4.007850e-01  2.000000e-07
 57  14 -1  0  0  2  4.319542e-01  2.000000e-07
 57  5  0  0  0  2  2.860520e-01  2.000000e-07
 57  54 -1 -1  0  2  5.317573e-01  2.000000e-07
 57  86 -1  0  0  2  3.178157e-01  2.000000e-07
 57  66 -1  0  0  2  2.494645e-01  2.000000e-07
 57  75  0  0  0  2  2.744036e-01  2.000000e-07
 57  67  0  0  0  2  2.231436e-01  2.000000e-07
 57  77  0  0  0  2  4.384496e-01  2.000000e-07
 57  76 -1  0  0  2  3.193403e-01  2.000000e-07
 57  55 -1  0  0  2  4.394267e-01  2.000000e-07
 57  68  0  0  0  2  2.578949e-01  2.000000e-07
 57  12 -1  0  0  2  4.322660e-01  2.000000e-07
 57  50 -1  0  0  2  4.300116e-01  2.000000e-07
 13  72  0  0  0  2  1.311088e-01  2.000000e-07
 13  15  0  0  0  2  2.108193e-01  2.000000e-07
 13  82  0  0  0  2  1.333864e-01  2.000000e-07
 13  85  0  0  0  2  2.515661e-01  2.000000e-07
 13  63  1  0  0  2  1.955208e-01  2.000000e-07
 13  14  0  0  0  2  6.398474e-02  2.000000e-07
 13  11  0  0  0  2  6.554768e-02  2.000000e-07
 13  54  0  0  0  2  1.248519e-01  2.000000e-07
 13  86  0  1  0  2  4.072692e-01  2.000000e-07
 13  66  0  1  0  2  3.759286e-01  2.000000e-07
 13  77  1  0  0  2  2.209848e-01  2.000000e-07
 13  12  0  0  0  2  6.752332e-02  2.000000e-07
 13  87  0  0  0  2  2.938096e-01  2.000000e-07
 72  15  0  0  0  2  3.232088e-01  2.000000e-07
 72  81  0  1  0  2  3.564631e-01  2.000000e-07
 72  82  0  0  0  2  1.188262e-01  2.000000e-07
 72  61  0  0  0  2  1.288822e-01  2.000000e-07
 72  10  0  0  0  2  3.477294e-01  2.000000e-07
 72  85  0  0  0  2  2.878504e-01  2.000000e-07
 72  63  1  0  0  2  3.055631e-01  2.000000e-07
 72  74  0  0  0  2  3.613813e-01  2.000000e-07
 72  1  0  0  0  2  3.433362e-01  2.000000e-07
 72  86  0  1  0  2  2.979807e-01  2.000000e-07
 72  66  0  1  0  2  2.938138e-01  2.000000e-07
 72  75  0  1  0  2  5.708345e-01  2.000000e-07
 72  77  1  0  0  2  3.231687e-01  2.000000e-07
 72  76  0  1  0  2  3.180406e-01  2.000000e-07
 72  79  1  0  0  2  3.196210e-01  2.000000e-07
 72  87  0  0  0  2  2.813050e-01  2.000000e-07
 72  88  0  0  0  2  3.227797e-01  2.000000e-07
 58  81  0  0  0  2  1.706918e-01  2.000000e-07
 58  83  0  0  0  2  6.558722e-02  2.000000e-07
 58  61 -1 -1  0  2  4.450064e-01  2.000000e-07
 58  84  0  0  0  2  2.079762e-01  2.000000e-07
 58  71  0 -1  0  2  3.922953e-01  2.000000e-07
 58  14 -1 -1  0  2  5.278868e-01  2.000000e-07
 58  5  0  0  0  2  2.484197e-01  2.000000e-07
 58  74  0 -1  0  2  2.313352e-01  2.000000e-07
 58  54 -1 -1  0  2  5.491293e-01  2.000000e-07
 58  66 -1  0  0  2  4.109970e-01  2.000000e-07
 58  75  0  0  0  2  1.232249e-01  2.000000e-07
 58  6  0  0  0  2  2.408270e-01  2.000000e-07
 58  77  0 -1  0  2  3.811648e-01  2.000000e-07
 58  68  0 -1  0  2  5.454853e-01  2.000000e-07
 58  7  0  0  0  2  3.446817e-01  2.000000e-07
 59  15 -1  0  0  2  3.522656e-01  2.000000e-07
 59  83  0  0  0  2  3.378865e-01  2.000000e-07
 59  3  0  0  0  2  1.928871e-01  2.000000e-07
 59  66 -1  0  0  2  3.017146e-01  2.000000e-07
 59  75  0  0  0  2  2.259782e-01  2.000000e-07
 59  67  0  0  0  2  2.318576e-01  2.000000e-07
 59  77  0  0  0  2  4.316620e-01  2.000000e-07
 59  76 -1  0  0  2  3.796568e-01  2.000000e-07
 59  68  0  0  0  2  2.220988e-01  2.000000e-07
 59  79  0 -1  0  2  4.979437e-01  2.000000e-07
 2  73  0  0  0  2  1.075233e-01  2.000000e-07
 2  3  0  0  0  2  1.445265e-01  2.000000e-07
 2  63  0  0  0  2  2.208095e-01  2.000000e-07
 2  65  0  0  0  2  3.195667e-01  2.000000e-07
 2  67  0  0  0  2  2.018214e-01  2.000000e-07
 2  78  0  0  0  2  7.901269e-02  2.000000e-07
 2  68  0  0  0  2  6.624143e-02  2.000000e-07
 2  79  0  0  0  2  2.660723e-01  2.000000e-07
 15  10  0  0  0  2  1.400809e-01  2.000000e-07
 15  85  0  0  0  2  1.942762e-01  2.000000e-07
 15  63  1  0  0  2  2.654013e-01  2.000000e-07
 15  11  0  0  0  2  1.467720e-01  2.000000e-07
 15  86  0  0  0  2  3.959736e-01  2.000000e-07
 15  66  0  0  0  2  4.152851e-01  2.000000e-07
 15  9  0  0  0  2  1.143779e-01  2.000000e-07
 15  67  1  0  0  2  1.744314e-01  2.000000e-07
 15  77  1  0  0  2  2.992107e-01  2.000000e-07
 15  76  0  0  0  2  3.787142e-01  2.000000e-07
 15  12  0  0  0  2  1.433070e-01  2.000000e-07
 15  88  0  0  0  2  1.922345e-01  2.000000e-07
 15  50  0  0  0  2  1.154270e-01  2.000000e-07
 81  0  0 -1  0  2  2.839808e-01  2.000000e-07
 81  83  0  0  0  2  1.150495e-01  2.000000e-07
 81  8  0  0  0  2  2.998936e-01  2.000000e-07
 81  62  0  0  0  2  3.474432e-01  2.000000e-07
 81  84  0  0  0  2  5.454049e-02  2.000000e-07
 81  74  0 -1  0  2  1.463382e-01  2.000000e-07
 81  1  0 -1  0  2  1.947993e-01  2.000000e-07
 81  54  0 -1  0  2  3.633033e-01  2.000000e-07
 81  86  0  0  0  2  3.614336e-01  2.000000e-07
 81  6  0  0  0  2  2.242810e-01  2.000000e-07
 81  76  0  0  0  2  3.597993e-01  2.000000e-07
 81  87  0 -1  0  2  3.771630e-01  2.000000e-07
 0  83  0  1  0  2  3.293803e-01  2.000000e-07
 0  73  0  0  0  2  1.030667e-01  2.000000e-07
 0  71  0  0  0  2  6.619985e-02  2.000000e-07
 0  85  0  0  0  2  3.448579e-01  2.000000e-07
 0  74  0  0  0  2  1.386612e-01  2.000000e-07
 0  1  0  0  0  2  1.075524e-01  2.000000e-07
 0  78  0  0  0  2  2.047266e-01  2.000000e-07
 0  77  0  0  0  2  2.780431e-01  2.000000e-07
 0  79  0  0  0  2  2.749016e-01  2.000000e-07
 0  87  0  0  0  2  2.417991e-01  2.000000e-07
 0  88  0  0  0  2  3.591528e-01  2.000000e-07
 82  81  0  1  0  2  3.744200e-01  2.000000e-07
 82  84  0  1  0  2  3.671751e-01  2.000000e-07
 82  14  0  0  0  2  1.802958e-01  2.000000e-07
 82  11  0  0  0  2  1.349434e-01  2.000000e-07
 82  74  0  0  0  2  3.309537e-01  2.000000e-07
 82  1  0  0  0  2  2.960488e-01  2.000000e-07
 82  54  0  0  0  2  1.187462e-01  2.000000e-07
 82  86  0  1  0  2  4.091960e-01  2.000000e-07
 82  55  0  0  0  2  3.092415e-01  2.000000e-07
 82  87  0  0  0  2  1.721709e-01  2.000000e-07
 82  50  0  0  0  2  1.301304e-01  2.000000e-07
 60  83  0  0  0  2  2.630465e-01  2.000000e-07
 60  80  0  0  0  2  1.069912e-01  2.000000e-07
 60  62  0  0  0  2  2.465668e-01  2.000000e-07
 60  3  0  0  0  2  1.287770e-01  2.000000e-07
 60  71  0  0  0  2  3.797176e-01  2.000000e-07
 60  5  0  0  0  2  7.774389e-02  2.000000e-07
 60  64  0  0  0  2  1.649143e-01  2.000000e-07
 60  66 -1  0  0  2  4.300998e-01  2.000000e-07
 60  75  0  0  0  2  1.399698e-01  2.000000e-07
 60  6  0  0  0  2  2.082317e-01  2.000000e-07
 60  77  0  0  0  2  4.674382e-01  2.000000e-07
 83  62  0  0  0  2  3.224677e-01  2.000000e-07
 83  84  0  0  0  2  1.449818e-01  2.000000e-07
 83  71  0 -1  0  2  3.897942e-01  2.000000e-07
 83  5  0  0  0  2  2.336645e-01  2.000000e-07
 83  1  0 -1  0  2  2.682403e-01  2.000000e-07
 83  66 -1  0  0  2  4.741701e-01  2.000000e-07
 83  75  0  0  0  2  1.237733e-01  2.000000e-07
 83  6  0  0  0  2  1.932620e-01  2.000000e-07
 83  77  0 -1  0  2  4.270042e-01  2.000000e-07
 83  76  0  0  0  2  4.283433e-01  2.000000e-07
 83  79  0 -1  0  2  3.634338e-01  2.000000e-07
 53  8  0  0  0  2  3.383577e-01  2.000000e-07
 53  80  1  0  0  2  4.466188e-01  2.000000e-07
 53  61  0  0  0  2  3.211915e-01  2.000000e-07
 53  10  0  0  0  2  9.763264e-02  2.000000e-07
 53  14  0  0  0  2  1.934497e-01  2.000000e-07
 53  74  0  0  0  2  5.213608e-01  2.000000e-07
 53  54  0  0  0  2  3.234916e-01  2.000000e-07
 53  76  0  0  0  2  3.598143e-01  2.000000e-07
 53  55  0  0  0  2  1.870416e-01  2.000000e-07
 53  68  1  0  0  2  3.864367e-01  2.000000e-07
 53  12  0  0  0  2  1.610543e-01  2.000000e-07
 53  88  0  0  0  2  1.526824e-01  2.000000e-07
 53  50  0  0  0  2  1.066509e-01  2.000000e-07
 73  63  0  0  0  2  2.707945e-01  2.000000e-07
 73  74  0  0  0  2  2.416997e-01  2.000000e-07
 73  1  0  0  0  2  2.072306e-01  2.000000e-07
 73  64  0  0  0  2  2.311810e-01  2.000000e-07
 73  65  0  0  0  2  2.909087e-01  2.000000e-07
 73  78  0  0  0  2  1.035626e-01  2.000000e-07
 73  68  0  0  0  2  1.656983e-01  2.000000e-07
 73  7  0  0  0  2  3.174530e-01  2.000000e-07
 73  79  0  0  0  2  2.763755e-01  2.000000e-07
 73  88  0  0  0  2  3.655720e-01  2.000000e-07
 8  61  0 -1  0  2  5.020293e-01  2.000000e-07
 8  62  0  0  0  2  1.395742e-01  2.000000e-07
 8  84  0  0  0  2  2.497783e-01  2.000000e-07
 8  5  0  0  0  2  2.766490e-01  2.000000e-07
 8  64  0  0  0  2  2.880791e-01  2.000000e-07
 8  54  0 -1  0  2  4.327524e-01  2.000000e-07
 8  65  0  0  0  2  2.093320e-01  2.000000e-07
 8  86  0  0  0  2  1.903461e-01  2.000000e-07
 8  6  0  0  0  2  1.614857e-01  2.000000e-07
 8  76  0  0  0  2  1.702342e-01  2.000000e-07
 8  55  0  0  0  2  1.969133e-01  2.000000e-07
 8  7  0  0  0  2  1.987866e-01  2.000000e-07
 80  71  0  0  0  2  2.922890e-01  2.000000e-07
 80  14 -1  0  0  2  4.494002e-01  2.000000e-07
 80  5  0  0  0  2  1.561133e-01  2.000000e-07
 80  64  0  0  0  2  1.441691e-01  2.000000e-07
 80  75  0  0  0  2  2.469256e-01  2.000000e-07
 80  77  0  0  0  2  3.633261e-01  2.000000e-07
 80  68  0  0  0  2  1.103134e-01  2.000000e-07
 80  7  0  0  0  2  2.140531e-01  2.000000e-07
 61  84  0  1  0  2  4.518318e-01  2.000000e-07
 61  10  0  0  0  2  3.753217e-01  2.000000e-07
 61  63  1  0  0  2  1.879141e-01  2.000000e-07
 61  14  0  0  0  2  1.347112e-01  2.000000e-07
 61  74  0  0  0  2  4.897674e-01  2.000000e-07
 61  74  1  0  0  2  5.114625e-01  2.000000e-07
 61  54  0  0  0  2  1.224968e-01  2.000000e-07
 61  67  1  0  0  2  3.384487e-01  2.000000e-07
 61  77  1  0  0  2  1.999082e-01  2.000000e-07
 61  76  0  1  0  2  3.597280e-01  2.000000e-07
 61  68  1  0  0  2  4.358174e-01  2.000000e-07
 61  88  0  0  0  2  3.735523e-01  2.000000e-07
 62  10  0  0  0  2  2.617279e-01  2.000000e-07
 62  3  0  0  0  2  2.709760e-01  2.000000e-07
 62  71  0  0  0  2  3.566365e-01  2.000000e-07
 62  85  0  0  0  2  2.851309e-01  2.000000e-07
 62  64  0  0  0  2  1.492499e-01  2.000000e-07
 62  65  0  0  0  2  7.983925e-02  2.000000e-07
 62  86  0  0  0  2  3.286948e-01  2.000000e-07
 62  75  0  0  0  2  2.668353e-01  2.000000e-07
 62  6  0  0  0  2  1.298945e-01  2.000000e-07
 62  9  0  0  0  2  2.955574e-01  2.000000e-07
 62  78  0  0  0  2  2.995320e-01  2.000000e-07
 62  76  0  0  0  2  3.076244e-01  2.000000e-07
 62  55  0  0  0  2  1.655757e-01  2.000000e-07
 62  87  0  0  0  2  3.114410e-01  2.000000e-07
 62  88  0  0  0  2  2.532210e-01  2.000000e-07
 62  50  0  0  0  2  3.912126e-01  2.000000e-07
 84  54  0 -1  0  2  3.391256e-01  2.000000e-07
 84  86  0  0  0  2  3.080002e-01  2.000000e-07
 84  6  0  0  0  2  1.963714e-01  2.000000e-07
 84  76  0  0  0  2  3.057355e-01  2.000000e-07
 84  7  0  0  0  2  3.289197e-01  2.000000e-07
 84  87  0 -1  0  2  3.945362e-01  2.000000e-07
 10  85  0  0  0  2  9.234410e-02  2.000000e-07
 10  65  0  0  0  2  2.359710e-01  2.000000e-07
 10  9  0  0  0  2  3.426160e-02  2.000000e-07
 10  67  1  0  0  2  3.106656e-01  2.000000e-07
 10  76  0  0  0  2  3.427569e-01  2.000000e-07
 10  55  0  0  0  2  9.624638e-02  2.000000e-07
 10  88  0  0  0  2  6.826892e-02  2.000000e-07
 3  71  0  0  0  2  2.635424e-01  2.000000e-07
 3  65  0  0  0  2  2.369010e-01  2.000000e-07
 3  75  0  0  0  2  2.674632e-01  2.000000e-07
 3  78  0  0  0  2  1.024001e-01  2.000000e-07
 3  77  0  0  0  2  3.502371e-01  2.000000e-07
 3  68  0  0  0  2  9.821687e-02  2.000000e-07
 71  81  0  1  0  2  3.331778e-01  2.000000e-07
 71  85  0  0  0  2  2.953292e-01  2.000000e-07
 71  74  0  0  0  2  1.873373e-01  2.000000e-07
 71  1  0  0  0  2  1.412955e-01  2.000000e-07
 71  64  0  0  0  2  2.494562e-01  2.000000e-07
 71  78  0  0  0  2  1.649495e-01  2.000000e-07
 71  77  0  0  0  2  3.141230e-01  2.000000e-07
 71  68  0  0  0  2  2.428718e-01  2.000000e-07
 71  87  0  0  0  2  1.980079e-01  2.000000e-07
 85  11  0  0  0  2  2.043806e-01  2.000000e-07
 85  1  0  0  0  2  3.216016e-01  2.000000e-07
 85  9  0  0  0  2  8.994377e-02  2.000000e-07
 85  78  0  0  0  2  3.790274e-01  2.000000e-07
 85  87  0  0  0  2  1.056575e-01  2.000000e-07
 85  88  0  0  0  2  3.632311e-02  2.000000e-07
 85  50  0  0  0  2  1.243675e-01  2.000000e-07
 63  10 -1  0  0  2  3.926891e-01  2.000000e-07
 63  67  0  0  0  2  1.985701e-01  2.000000e-07
 63  78  0  0  0  2  2.991491e-01  2.000000e-07
 63  77  0  0  0  2  3.403412e-02  2.000000e-07
 63  68  0  0  0  2  2.515040e-01  2.000000e-07
 63  79  0  0  0  2  1.025876e-01  2.000000e-07
 14  11  0  0  0  2  5.608132e-02  2.000000e-07
 14  54  0  0  0  2  1.887744e-01  2.000000e-07
 14  77  1  0  0  2  1.830398e-01  2.000000e-07
 14  68  1  0  0  2  3.534091e-01  2.000000e-07
 14  12  0  0  0  2  4.534135e-02  2.000000e-07
 14  50  0  0  0  2  1.362738e-01  2.000000e-07
 5  64  0  0  0  2  1.359113e-01  2.000000e-07
 5  75  0  0  0  2  1.263436e-01  2.000000e-07
 5  6  0  0  0  2  1.336523e-01  2.000000e-07
 5  68  0  0  0  2  2.643299e-01  2.000000e-07
 5  7  0  0  0  2  1.228466e-01  2.000000e-07
 11  54  0  0  0  2  1.754917e-01  2.000000e-07
 11  12  0  0  0  2  1.298398e-02  2.000000e-07
 11  87  0  0  0  2  2.660690e-01  2.000000e-07
 11  50  0  0  0  2  8.362339e-02  2.000000e-07
 74  84  0  1  0  2  1.912796e-01  2.000000e-07
 74  1  0  0  0  2  5.665025e-02  2.000000e-07
 74  64  0  0  0  2  4.351414e-01  2.000000e-07
 74  65  0  0  0  2  4.472907e-01  2.000000e-07
 74  75  0  1  0  2  3.350039e-01  2.000000e-07
 74  76  0  1  0  2  4.716833e-01  2.000000e-07
 74  55  0  0  0  2  4.757441e-01  2.000000e-07
 74  68  0  0  0  2  4.036979e-01  2.000000e-07
 74  7  0  0  0  2  5.029742e-01  2.000000e-07
 74  7  0  1  0  2  5.001595e-01  2.000000e-07
 74  79  0  0  0  2  3.250765e-01  2.000000e-07
 74  87  0  0  0  2  2.709314e-01  2.000000e-07
 74  88  0  0  0  2  3.991333e-01  2.000000e-07
 1  86  0  1  0  2  4.871181e-01  2.000000e-07
 1  75  0  1  0  2  3.915948e-01  2.000000e-07
 1  76  0  1  0  2  4.934600e-01  2.000000e-07
 1  79  0  0  0  2  3.423465e-01  2.000000e-07
 1  87  0  0  0  2  2.172912e-01  2.000000e-07
 1  88  0  0  0  2  3.454177e-01  2.000000e-07
 64  6  0  0  0  2  2.114141e-01  2.000000e-07
 64  55  0  0  0  2  2.554530e-01  2.000000e-07
 64  68  0  0  0  2  2.115215e-01  2.000000e-07
 64  7  0  0  0  2  9.114600e-02  2.000000e-07
 64  87  0  0  0  2  2.921264e-01  2.000000e-07
 54  74  0  0  0  2  3.675234e-01  2.000000e-07
 54  86  0  1  0  2  3.011146e-01  2.000000e-07
 54  66  0  1  0  2  2.946082e-01  2.000000e-07
 54  77  1  0  0  2  3.163777e-01  2.000000e-07
 54  55  0  0  0  2  4.253181e-01  2.000000e-07
 54  12  0  0  0  2  1.832830e-01  2.000000e-07
 54  50  0  0  0  2  2.198261e-01  2.000000e-07
 65  75  0  0  0  2  3.107405e-01  2.000000e-07
 65  78  0  0  0  2  2.405564e-01  2.000000e-07
 65  76  0  0  0  2  3.693988e-01  2.000000e-07
 65  55  0  0  0  2  1.487624e-01  2.000000e-07
 65  68  0  0  0  2  3.136137e-01  2.000000e-07
 65  7  0  0  0  2  7.745549e-02  2.000000e-07
 65  88  0  0  0  2  2.078459e-01  2.000000e-07
 86  6  0  0  0  2  3.302579e-01  2.000000e-07
 86  9  0  0  0  2  3.869127e-01  2.000000e-07
 86  76  0  0  0  2  2.320164e-02  2.000000e-07
 86  55  0  0  0  2  3.250416e-01  2.000000e-07
 86  50  0  0  0  2  4.790721e-01  2.000000e-07
 66  77  1 -1  0  2  4.313972e-01  2.000000e-07
 66  76  0  0  0  2  1.233369e-01  2.000000e-07
 66  79  1 -1  0  2  3.748094e-01  2.000000e-07
 75  76  0  0  0  2  4.634540e-01  2.000000e-07
 75  68  0  0  0  2  3.557713e-01  2.000000e-07
 75  7  0  0  0  2  2.333485e-01  2.000000e-07
 75  79  0 -1  0  2  4.234095e-01  2.000000e-07
 9  76  0  0  0  2  3.658478e-01  2.000000e-07
 9  88  0  0  0  2  7.899263e-02  2.000000e-07
 9  50  0  0  0  2  1.032418e-01  2.000000e-07
 67  53 -1  0  0  2  2.145350e-01  2.000000e-07
 67  78  0  0  0  2  2.620690e-01  2.000000e-07
 67  76 -1  0  0  2  4.368391e-01  2.000000e-07
 67  68  0  0  0  2  1.719018e-01  2.000000e-07
 78  77  0  0  0  2  2.906650e-01  2.000000e-07
 78  79  0  0  0  2  3.364870e-01  2.000000e-07
 78  88  0  0  0  2  3.731759e-01  2.000000e-07
 77  68  0  0  0  2  2.531999e-01  2.000000e-07
 77  12 -1  0  0  2  2.274823e-01  2.000000e-07
 77  79  0  0  0  2  7.508517e-02  2.000000e-07
 76  55  0  0  0  2  3.019527e-01  2.000000e-07
 76  7  0  0  0  2  3.686653e-01  2.000000e-07
 55  7  0  0  0  2  2.111774e-01  2.000000e-07
 55  87  0  0  0  2  2.124483e-01  2.000000e-07
 55  88  0  0  0  2  1.051125e-01  2.000000e-07
 55  50  0  0  0  2  2.290203e-01  2.000000e-07
 68  7  0  0  0  2  2.982023e-01  2.000000e-07
 12  50  0  0  0  2  9.147982e-02  2.000000e-07
 87  50  0  0  0  2  2.025057e-01  2.000000e-07
 4  58  0  1  0  1  3.105762e-01  3.000000e-07
 4  61 -1  0  0  1  1.600099e-01  3.000000e-07
 4  63  0  0  0  1  1.253867e-01  3.000000e-07
 4  66 -1  1  0  1  3.325684e-01  3.000000e-07
 4  77  0  0  0  1  1.059517e-01  3.000000e-07
 57  58  0  0  0  1  3.351090e-01  3.000000e-07
 57  59  0  0  0  1  6.235875e-02  3.000000e-07
 57  15 -1  0  0  1  3.146423e-01  3.000000e-07
 57  53 -1  0  0  1  3.346296e-01  3.000000e-07
 57  67  0  0  0  1  2.231436e-01  3.000000e-07
 57  76 -1  0  0  1  3.193403e-01  3.000000e-07
 13  82  0  0  0  1  1.333864e-01  3.000000e-07
 13  61  0  0  0  1  9.749941e-02  3.000000e-07
 13  14  0  0  0  1  6.398474e-02  3.000000e-07
 13  11  0  0  0  1  6.554768e-02  3.000000e-07
 13  54  0  0  0  1  1.248519e-01  3.000000e-07
 13  12  0  0  0  1  6.752332e-02  3.000000e-07
 72  82  0  0  0  1  1.188262e-01  3.000000e-07
 72  84  0  1  0  1  3.323034e-01  3.000000e-07
 72  1  0  0  0  1  3.433362e-01  3.000000e-07
 72  66  0  1  0  1  2.938138e-01  3.000000e-07
 58  83  0  0  0  1  6.558722e-02  3.000000e-07
 58  74  0 -1  0  1  2.313352e-01  3.000000e-07
 58  75  0  0  0  1  1.232249e-01  3.000000e-07
 58  79  0 -1  0  1  3.132364e-01  3.000000e-07
 59  60  0  0  0  1  1.482268e-01  3.000000e-07
 59  80  0  0  0  1  1.649660e-01  3.000000e-07
 59  75  0  0  0  1  2.259782e-01  3.000000e-07
 59  67  0  0  0  1  2.318576e-01  3.000000e-07
 59  68  0  0  0  1  2.220988e-01  3.000000e-07
 2  73  0  0  0  1  1.075233e-01  3.000000e-07
 2  63  0  0  0  1  2.208095e-01  3.000000e-07
 2  67  0  0  0  1  2.018214e-01  3.000000e-07
 2  78  0  0  0  1  7.901269e-02  3.000000e-07
 2  77  0  0  0  1  2.143448e-01  3.000000e-07
 2  68  0  0  0  1  6.624143e-02  3.000000e-07
 15  14  0  0  0  1  1.679334e-01  3.000000e-07
 15  67  1  0  0  1  1.744314e-01  3.000000e-07
 15  12  0  0  0  1  1.433070e-01  3.000000e-07
 15  50  0  0  0  1  1.154270e-01  3.000000e-07
 81  83  0  0  0  1  1.150495e-01  3.000000e-07
 81  84  0  0  0  1  5.454049e-02  3.000000e-07
 81  74  0 -1  0  1  1.463382e-01  3.000000e-07
 0  73  0  0  0  1  1.030667e-01  3.000000e-07
 0  71  0  0  0  1  6.619985e-02  3.000000e-07
 0  74  0  0  0  1  1.386612e-01  3.000000e-07
 0  1  0  0  0  1  1.075524e-01  3.000000e-07
 0  77  0  0  0  1  2.780431e-01  3.000000e-07
 0  79  0  0  0  1  2.749016e-01  3.000000e-07
 82  85  0  0  0  1  1.693877e-01  3.000000e-07
 82  11  0  0  0  1  1.349434e-01  3.000000e-07
 82  54  0  0  0  1  1.187462e-01  3.000000e-07
 82  87  0  0  0  1  1.721709e-01  3.000000e-07
 60  80  0  0  0  1  1.069912e-01  3.000000e-07
 60  5  0  0  0  1  7.774389e-02  3.000000e-07
 60  64  0  0  0  1  1.649143e-01  3.000000e-07
 60  75  0  0  0  1  1.399698e-01  3.000000e-07
 83  84  0  0  0  1  1.449818e-01  3.000000e-07
 83  74  0 -1  0  1  2.117851e-01  3.000000e-07
 83  75  0  0  0  1  1.237733e-01  3.000000e-07
 83  6  0  0  0  1  1.932620e-01  3.000000e-07
 53  10  0  0  0  1  9.763264e-02  3.000000e-07
 53  9  0  0  0  1  7.381045e-02  3.000000e-07
 53  76  0  0  0  1  3.598143e-01  3.000000e-07
 73  71  0  0  0  1  8.246195e-02  3.000000e-07
 73  78  0  0  0  1  1.035626e-01  3.000000e-07
 73  77  0  0  0  1  2.513921e-01  3.000000e-07
 8  62  0  0  0  1  1.395742e-01  3.000000e-07
 8  84  0  0  0  1  2.497783e-01  3.000000e-07
 8  6  0  0  0  1  1.614857e-01  3.000000e-07
 8  76  0  0  0  1  1.702342e-01  3.000000e-07
 8  55  0  0  0  1  1.969133e-01  3.000000e-07
 80  64  0  0  0  1  1.441691e-01  3.000000e-07
 80  68  0  0  0  1  1.103134e-01  3.000000e-07
 61  14  0  0  0  1  1.347112e-01  3.000000e-07
 61  54  0  0  0  1  1.224968e-01  3.000000e-07
 61  66  0  1  0  1  2.894483e-01  3.000000e-07
 62  65  0  0  0  1  7.983925e-02  3.000000e-07
 62  6  0  0  0  1  1.298945e-01  3.000000e-07
 62  55  0  0  0  1  1.655757e-01  3.000000e-07
 84  1  0 -1  0  1  2.335414e-01  3.000000e-07
 84  86  0  0  0  1  3.080002e-01  3.000000e-07
 84  6  0  0  0  1  1.963714e-01  3.000000e-07
 10  55  0  0  0  1  9.624638e-02  3.000000e-07
 10  88  0  0  0  1  6.826892e-02  3.000000e-07
 3  64  0  0  0  1  1.291223e-01  3.000000e-07
 3  68  0  0  0  1  9.821687e-02  3.000000e-07
 71  1  0  0  0  1  1.412955e-01  3.000000e-07
 71  64  0  0  0  1  2.494562e-01  3.000000e-07
 71  65  0  0  0  1  2.782208e-01  3.000000e-07
 71  87  0  0  0  1  1.980079e-01  3.000000e-07
 85  9  0  0  0  1  8.994377e-02  3.000000e-07
 85  87  0  0  0  1  1.056575e-01  3.000000e-07
 85  50  0  0  0  1  1.243675e-01  3.000000e-07
 63  61 -1  0  0  1  1.879141e-01  3.000000e-07
 63  14 -1  0  0  1  1.525284e-01  3.000000e-07
 63  67  0  0  0  1  1.985701e-01  3.000000e-07
 14  67  1  0  0  1  2.217149e-01  3.000000e-07
 5  64  0  0  0  1  1.359113e-01  3.000000e-07
 5  75  0  0  0  1  1.263436e-01  3.000000e-07
 5  6  0  0  0  1  1.336523e-01  3.000000e-07
 5  7  0  0  0  1  1.228466e-01  3.000000e-07
 11  50  0  0  0  1  8.362339e-02  3.000000e-07
 74  1  0  0  0  1  5.665025e-02  3.000000e-07
 74  79  0  0  0  1  3.250765e-01  3.000000e-07
 1  87  0  0  0  1  2.172912e-01  3.000000e-07
 64  78  0  0  0  1  1.528600e-01  3.000000e-07
 65  55  0  0  0  1  1.487624e-01  3.000000e-07
 65  7  0  0  0  1  7.745549e-02  3.000000e-07
 65  87  0  0  0  1  2.407545e-01  3.000000e-07
 65  88  0  0  0  1  2.078459e-01  3.000000e-07
 86  72  0 -1  0  1  2.979807e-01  3.000000e-07
 86  66  0  0  0  1  1.061349e-01  3.000000e-07
 66  54  0 -1  0  1  2.946082e-01  3.000000e-07
 66  76  0  0  0  1  1.233369e-01  3.000000e-07
 6  7  0  0  0  1  1.332839e-01  3.000000e-07
 9  88  0  0  0  1  7.899263e-02  3.000000e-07
 9  50  0  0  0  1  1.032418e-01  3.000000e-07
 67  68  0  0  0  1  1.719018e-01  3.000000e-07
 78  68  0  0  0  1  9.243444e-02  3.000000e-07
 77  79  0  0  0  1  7.508517e-02  3.000000e-07
 76  55  0  0  0  1  3.019527e-01  3.000000e-07
 12  50  0  0  0  1  9.147982e-02  3.000000e-07
 87  88  0  0  0  1  1.282286e-01  3.000000e-07
-1.097580e-01  3.028896e-01  0
-3.102958e-02  3.761654e-01  0
-2.435744e-01  1.486728e-01  0
-2.023084e-01  1.016276e-02  0
-4.028707e-01  4.121371e-01  0
-1.184615e-01 -1.341927e-01  0
-5.524344e-03 -2.056640e-01  0
-1.220169e-02 -7.254744e-02  0
 1.541290e-01 -1.814061e-01  0
 2.754584e-01  1.029763e-01  0
 2.529341e-01  7.715934e-02  0
 3.793484e-01  2.535897e-01  0
 3.919539e-01  2.504775e-01  0
 3.915093e-01  3.179994e-01  0
 4.331496e-01  2.694182e-01  0
 3.897587e-01  1.071873e-01  0
-3.102278e-01  1.240644e-01  1.448513e-01
-3.686185e-01  1.334134e-01  4.484682e-01
 6.409951e-02  2.140228e-01 -2.654767e-01
-1.090912e-01  1.819435e-01 -2.987456e-01
 3.682943e-01 -4.395515e-01 -3.932524e-01
-3.630552e-01 -1.074836e-01 -2.732498e-01
-1.337880e-01 -2.477557e-02 -3.611637e-01
-3.206763e-01 -5.560090e-03 -3.758006e-01
-3.835939e-01 -9.924534e-02 -3.005909e-01
-3.482257e-01 -1.063288e-01 -1.890725e-01
-3.478662e-01 -3.676134e-01 -3.682094e-01
 3.944885e-01 -8.635847e-02 -3.387672e-01
 3.684982e-01 -2.259909e-01 -2.723442e-01
-1.497823e-01  7.050564e-02 -3.269857e-01
 1.085664e-01  2.877410e-01 -1.686042e-01
 3.685957e-01 -3.637538e-01  3.028300e-01
-3.081090e-02  2.722920e-01  1.328903e-01
-1.770444e-01 -4.110389e-01  1.782447e-01
 3.892913e-01 -4.290281e-01  1.727194e-01
 3.110507e-01  2.544093e-01  3.502766e-01
 2.557357e-01  2.493975e-01  2.577709e-01
 3.804778e-01 -1.471542e-01  1.574583e-01
 1.019153e-01  3.363503e-01  2.324429e-01
 1.492171e-02  1.613773e-02  4.018116e-01
 2.992034e-01  3.719808e-01  4.474661e-01
 1.513690e-01  2.130698e-02 -3.064487e-01
-3.423209e-01  3.437101e-01 -4.175103e-01
 3.259908e-01 -2.862286e-01 -3.083257e-01
-4.111740e-01  7.261670e-02 -4.049367e-01
-1.747822e-01  3.736088e-01  2.901215e-01
 4.203806e-01 -1.797567e-01  2.491078e-01
-1.963303e-01 -1.952066e-01  2.179701e-01
 1.047574e-01  4.021635e-01 -2.922249e-01
 1.346354e-01 -6.692051e-04  2.847496e-01
 3.175574e-01  1.972448e-01  0
 4.233060e-01  1.550142e-02  1.604959e-01
 4.198158e-01  9.246297e-02 -1.673521e-01
 3.488679e-01  9.529352e-02  0
 3.155178e-01  4.170614e-01  0
 1.805485e-01  1.372682e-02  0
 2.097667e-01 -1.276307e-01  1.088687e-01
-4.044941e-01 -1.308628e-01  0
-1.758845e-01 -3.758846e-01  0
-3.427624e-01 -1.220420e-01  0
-1.945808e-01 -1.183822e-01  0
 4.373231e-01  4.040647e-01  0
 5.014447e-02 -8.830312e-02  0
-4.153829e-01  2.873763e-01  0
-7.416449e-02 -5.702806e-03  0
 3.371830e-02 -1.017191e-02  0
 4.189199e-01 -3.070727e-01  0
-4.366637e-01  8.994978e-02  0
-2.648090e-01  8.592708e-02  0
-2.859569e-01  2.407365e-01  1.023924e-01
-2.056089e-01  4.331089e-02 -1.453127e-01
-8.014654e-02  2.436816e-01  0
 3.094629e-01  4.202632e-01  0
-1.556928e-01  2.106251e-01  0
-5.181599e-02  4.288643e-01  0
-1.591695e-01 -2.537986e-01  0
 3.042165e-01 -2.617395e-01  0
-3.877666e-01  3.072676e-01  0
-1.752831e-01  1.089323e-01  0
-3.733426e-01  3.809543e-01  0
-2.180942e-01 -1.400674e-02  0
-1.392719e-02 -4.297875e-01  0
 2.582145e-01  3.130565e-01  0
-1.108059e-01 -3.677318e-01  0
 3.084330e-02 -3.986383e-01  0
 2.011047e-01  1.535867e-01  0
 3.158320e-01 -2.818242e-01  0
 1.159324e-01  2.161102e-01  0
 1.977964e-01  1.174145e-01  0
-1.723509e-01  3.731297e-01 -1.244452e-01