 724  90  1.200000e-05  4 -2 -2
 31  7  1  0  0  3  3.885161e-01  1.000000e-07
 31  32  0  0  0  3  3.150574e-01  1.000000e-07
 31  13  1  1  0  3  5.242611e-01  1.000000e-07
 31  14  0  0  0  3  2.116069e-01  1.000000e-07
 31  84  0  0  0  3  4.076587e-01  1.000000e-07
 31  81  0  1  0  3  2.459508e-01  1.000000e-07
 31  59  0  0  0  3  2.258283e-01  1.000000e-07
 31  24  0  0  1  3  3.865553e-01  1.000000e-07
 31  17  0  0  1  3  3.895092e-01  1.000000e-07
 10  9  0  0  0  3  4.438733e-01  1.000000e-07
 10  7  0  0  0  3  8.755719e-02  1.000000e-07
 10  32 -1  0  0  3  2.355010e-01  1.000000e-07
 10  59 -1  0  0  3  2.718227e-01  1.000000e-07
 10  36  0  0  1  3  5.412403e-01  1.000000e-07
 56  38 -1  0  0  3  2.570525e-01  1.000000e-07
 56  9  0  0  0  3  3.615812e-01  1.000000e-07
 56  7  0 -1  0  3  5.347537e-01  1.000000e-07
 56  32 -1  0  0  3  3.919119e-01  1.000000e-07
 56  8 -1  0  0  3  3.316513e-01  1.000000e-07
 56  35 -1  0  0  3  2.967543e-01  1.000000e-07
 38  7  1 -1  0  3  5.190759e-01  1.000000e-07
 38  11  0  0  0  3  3.271671e-01  1.000000e-07
 38  14  0 -1  0  3  4.040447e-01  1.000000e-07
 38  35  0  0  0  3  2.714512e-01  1.000000e-07
 9  33  0  0  0  3  1.742034e-01  1.000000e-07
 9  81  0  0  0  3  4.290061e-01  1.000000e-07
 9  34  0  0  0  3  1.193593e-01  1.000000e-07
 9  37  0  0  1  3  2.834720e-01  1.000000e-07
 7  33  0  0  0  3  4.261943e-01  1.000000e-07
 7  59 -1  0  0  3  2.269197e-01  1.000000e-07
 20  84  0  0  0  3  2.898551e-01  1.000000e-07
 20  33  0  0  0  3  4.021072e-01  1.000000e-07
 20  81  0  1  0  3  3.313063e-01  1.000000e-07
 20  34  0  0  0  3  2.572834e-01  1.000000e-07
 20  82  0  0  0  3  1.710507e-01  1.000000e-07
 20  23  0  0  1  3  2.429772e-01  1.000000e-07
 20  24  0  0  1  3  2.312149e-01  1.000000e-07
 20  37  0  0  1  3  3.068071e-01  1.000000e-07
 20  36  0  0  1  3  2.858662e-01  1.000000e-07
 32  84  0  0  0  3  4.108635e-01  1.000000e-07
 32  59  0  0  0  3  1.898162e-01  1.000000e-07
 32  8  0  0  0  3  1.847402e-01  1.000000e-07
 32  35  0  0  0  3  2.687440e-01  1.000000e-07
 32  12  0  0  1  3  5.008568e-01  1.000000e-07
 32  18  0  0  1  3  4.450904e-01  1.000000e-07
 11  13  1  0  0  3  2.264888e-01  1.000000e-07
 11  14  0 -1  0  3  4.898840e-01  1.000000e-07
 11  81  0  0  0  3  3.361803e-01  1.000000e-07
 11  35  0  0  0  3  2.154475e-01  1.000000e-07
 11  26  0  0  1  3  2.177643e-01  1.000000e-07
 11  39  1  0  1  3  5.273286e-01  1.000000e-07
 11  30  0  0  1  3  3.393259e-01  1.000000e-07
 11  28  1 -1  1  3  5.320777e-01  1.000000e-07
 13  14 -1 -1  0  3  5.129633e-01  1.000000e-07
 13  33  0  0  0  3  2.845202e-01  1.000000e-07
 13  81  0  0  0  3  5.355641e-01  1.000000e-07
 13  82  0 -1  0  3  5.251613e-01  1.000000e-07
 13  12 -1 -1  1  3  5.164237e-01  1.000000e-07
 13  39  0  0  1  3  4.837112e-01  1.000000e-07
 13  28  0 -1  1  3  4.674786e-01  1.000000e-07
 14  81  0  1  0  3  4.062985e-01  1.000000e-07
 14  59  0  0  0  3  9.809502e-02  1.000000e-07
 14  12  0  0  1  3  5.299932e-01  1.000000e-07
 84  81  0  0  0  3  4.733528e-01  1.000000e-07
 84  59  0  0  0  3  4.283952e-01  1.000000e-07
 84  34  0  0  0  3  1.628949e-01  1.000000e-07
 84  8  0  0  0  3  4.234139e-01  1.000000e-07
 84  17  0  0  1  3  3.159963e-01  1.000000e-07
 33  35 -1  0  0  3  4.300360e-01  1.000000e-07
 33  12 -1  0  1  3  5.663090e-01  1.000000e-07
 33  39  0  0  1  3  4.620698e-01  1.000000e-07
 33  28  0  0  1  3  5.165395e-01  1.000000e-07
 33  18 -1  0  1  3  5.678259e-01  1.000000e-07
 81  22  0  0  1  3  3.457740e-01  1.000000e-07
 59  8  0  0  0  3  2.886086e-01  1.000000e-07
 34  35  0  0  0  3  4.169188e-01  1.000000e-07
 34  26  0  0  1  3  4.531113e-01  1.000000e-07
 34  16  0  0  1  3  3.110709e-01  1.000000e-07
 34  37  0  0  1  3  1.974206e-01  1.000000e-07
 34  36  0  0  1  3  2.341226e-01  1.000000e-07
 34  17  0  0  1  3  2.506293e-01  1.000000e-07
 8  10  1  0  0  3  3.013560e-01  1.000000e-07
 8  35  0  0  0  3  2.572835e-01  1.000000e-07
 82  26  0  1  1  3  3.955073e-01  1.000000e-07
 82  12  0  0  1  3  4.237925e-01  1.000000e-07
 82  23  0  0  1  3  2.816671e-01  1.000000e-07
 82  24  0  0  1  3  2.964629e-01  1.000000e-07
 82  28  0  0  1  3  3.260244e-01  1.000000e-07
 82  27  0  0  1  3  2.672759e-01  1.000000e-07
 35  17  0  0  1  3  3.702094e-01  1.000000e-07
 35  18  0  0  1  3  4.377714e-01  1.000000e-07
 26  12  0 -1  0  3  4.117107e-01  1.000000e-07
 26  16  0  0  0  3  3.306785e-01  1.000000e-07
 26  79  0  0  0  3  4.684661e-01  1.000000e-07
 26  37  0  0  0  3  3.934351e-01  1.000000e-07
 26  22  0  0  0  3  3.947301e-01  1.000000e-07
 26  27  0 -1  0  3  4.561518e-01  1.000000e-07
 25  16  0  0  0  3  2.529913e-01  1.000000e-07
 25  39  0  0  0  3  4.317765e-01  1.000000e-07
 25  23  0  0  0  3  3.419040e-01  1.000000e-07
 25  24  0  0  0  3  3.141754e-01  1.000000e-07
 25  40  0  0  0  3  2.394640e-01  1.000000e-07
 25  15  0  0  0  3  2.521096e-01  1.000000e-07
 25  19  0  0  0  3  2.476594e-01  1.000000e-07
 25  37  0  0  0  3  2.820508e-01  1.000000e-07
 12  29  1  0  0  3  5.279023e-01  1.000000e-07
 12  40  0  0  0  3  2.971271e-01  1.000000e-07
 12  27  0  0  0  3  2.863636e-01  1.000000e-07
 16  30  0  0  0  3  3.137782e-01  1.000000e-07
 16  15  0  0  0  3  8.594430e-02  1.000000e-07
 16  19  0  0  0  3  2.134307e-01  1.000000e-07
 16  37  0  0  0  3  2.177250e-01  1.000000e-07
 16  17  0  0  0  3  8.473702e-02  1.000000e-07
 16  18  0  0  0  3  1.541101e-01  1.000000e-07
 39  21  0  0  0  3  4.293907e-01  1.000000e-07
 39  28  0 -1  0  3  3.941452e-01  1.000000e-07
 39  22  0  0  0  3  3.366000e-01  1.000000e-07
 21  79  0  0  0  3  3.668347e-01  1.000000e-07
 21  30  0  0  0  3  3.214430e-01  1.000000e-07
 21  40  0 -1  0  3  6.031471e-01  1.000000e-07
 21  37  0  0  0  3  3.941282e-01  1.000000e-07
 21  22  0  0  0  3  4.658963e-01  1.000000e-07
 21  27  0 -1  0  3  5.338508e-01  1.000000e-07
 29  79  0  1  0  3  5.272130e-01  1.000000e-07
 29  30 -1  0  0  3  3.981936e-01  1.000000e-07
 29  19 -1  0  0  3  4.798573e-01  1.000000e-07
 29  28  0  0  0  3  4.172549e-01  1.000000e-07
 29  37  0  0  0  3  3.348653e-01  1.000000e-07
 29  36  0  0  0  3  2.854231e-01  1.000000e-07
 23  40  0  0  0  3  2.956001e-01  1.000000e-07
 23  28  0  0  0  3  2.917452e-01  1.000000e-07
 23  37  0  0  0  3  2.661849e-01  1.000000e-07
 23  22  0  1  0  3  3.490069e-01  1.000000e-07
 23  27  0  0  0  3  7.666879e-02  1.000000e-07
 23  36  0  0  0  3  2.646956e-01  1.000000e-07
 79  28  0 -1  0  3  2.796457e-01  1.000000e-07
 79  22  0  0  0  3  2.844419e-01  1.000000e-07
 24  15  0  0  0  3  1.156287e-01  1.000000e-07
 24  37  0  0  0  3  2.523086e-01  1.000000e-07
 24  27  0  0  0  3  9.109981e-02  1.000000e-07
 24  17  0  0  0  3  1.347209e-01  1.000000e-07
 24  18  0  0  0  3  1.346679e-01  1.000000e-07
 30  19  0  0  0  3  2.619245e-01  1.000000e-07
 30  36  1  0  0  3  4.494908e-01  1.000000e-07
 40  19  0  0  0  3  1.402096e-01  1.000000e-07
 40  27  0  0  0  3  2.692233e-01  1.000000e-07
 40  18  0  0  0  3  2.294648e-01  1.000000e-07
 15  19  0  0  0  3  1.564927e-01  1.000000e-07
 15  37  0  0  0  3  2.577035e-01  1.000000e-07
 15  17  0  0  0  3  1.168005e-01  1.000000e-07
 15  18  0  0  0  3  8.121946e-02  1.000000e-07
 19  36  1  0  0  3  5.398103e-01  1.000000e-07
 28  22  0  1  0  3  1.903942e-01  1.000000e-07
 37  22  0  0  0  3  4.620341e-01  1.000000e-07
 37  36  0  0  0  3  1.693816e-01  1.000000e-07
 22  27  0 -1  0  3  3.591178e-01  1.000000e-07
 27  18  0  0  0  3  1.850903e-01  1.000000e-07
 36  17  0  0  0  3  2.953814e-01  1.000000e-07
 17  18  0  0  0  3  1.758469e-01  1.000000e-07
 56  2  0  0  0  3  3.866206e-01  1.000000e-07
 57  79  0  0  0  3  1.672356e-01  1.000000e-07
 38  57  1  0  0  3  2.882323e-01  1.000000e-07
 86  79  0  0  0  3  2.974803e-01  1.000000e-07
 56  69  0  0  0  3  3.154914e-01  1.000000e-07
 68  39  0  0  0  3  1.932060e-01  1.000000e-07
 81  1  0  0  0  3  3.662693e-01  1.000000e-07
 46  79  0  0  0  3  1.410454e-01  1.000000e-07
 7  53 -1  0  0  3  1.844174e-01  1.000000e-07
 51  40  0  0  0  3  2.181164e-01  1.000000e-07
 59  6  0  0  0  3  1.328734e-01  1.000000e-07
 74  40  0  0  0  3  1.423209e-01  1.000000e-07
 38  83  0  0  0  3  1.357697e-01  1.000000e-07
 71  30  0  0  0  3  3.245286e-01  1.000000e-07
 8  58  0  0  0  3  1.303064e-01  1.000000e-07
 49  19  0  0  0  3  2.829337e-01  1.000000e-07
 8  68  1  0  0  3  1.942322e-01  1.000000e-07
 69  39  0  0  0  3  3.078558e-01  1.000000e-07
 9  60  0  0  0  3  3.883253e-01  1.000000e-07
 47  29  0  0  0  3  1.260721e-01  1.000000e-07
 56  3  0  0  0  3  3.939010e-01  1.000000e-07
 47  29  0  0  0  3  1.577299e-01  1.000000e-07
 8  58  0  0  0  3  1.151259e-01  1.000000e-07
 49  30  0  0  0  3  2.984999e-01  1.000000e-07
 10  48  0  0  0  3  1.563351e-01  1.000000e-07
 70  29  0  0  0  3  1.518468e-01  1.000000e-07
 38  71  0  0  0  3  1.571141e-01  1.000000e-07
 83  21  0  0  0  3  1.829565e-01  1.000000e-07
 9  55  0  0  0  3  3.855717e-01  1.000000e-07
 67  39  0  0  0  3  1.914408e-01  1.000000e-07
 10  76  0  0  0  3  2.726456e-01  1.000000e-07
 63  79  0  1  0  3  2.860647e-01  1.000000e-07
 7  76  0  0  0  3  2.441920e-01  1.000000e-07
 0  79  0  1  0  3  2.767584e-01  1.000000e-07
 38  68  1  0  0  3  1.957922e-01  1.000000e-07
 69  39  0  0  0  3  2.860885e-01  1.000000e-07
 82  1  0  1  0  3  4.725483e-01  1.000000e-07
 46  79  0  0  0  3  1.347288e-01  1.000000e-07
 84  45  0  0  0  3  3.381073e-01  1.000000e-07
 85  21  0  0  0  3  1.738740e-01  1.000000e-07
 59  5  0  0  0  3  1.884247e-01  1.000000e-07
 74  25  0  0  0  3  2.413039e-01  1.000000e-07
 10  70  0  0  0  3  1.491988e-01  1.000000e-07
 48  30 -1  0  0  3  3.625482e-01  1.000000e-07
 7  53 -1  0  0  3  1.419780e-01  1.000000e-07
 51  19  0  0  0  3  3.120848e-01  1.000000e-07
 14  77  0  0  0  3  3.021399e-01  1.000000e-07
 78  79  0  1  0  3  2.979313e-01  1.000000e-07
 9  80  0  0  0  3  4.463894e-01  1.000000e-07
 1  79  0  0  0  3  1.565503e-01  1.000000e-07
 14  54  0  0  0  3  1.574300e-01  1.000000e-07
 6  40  0  0  0  3  1.619991e-01  1.000000e-07
 45  43  0  0  0  2  2.507893e-01  2.000000e-07
 45  75  0 -1  0  2  4.877730e-01  2.000000e-07
 45  72  0  0  0  2  3.120857e-01  2.000000e-07
 45  49  0  0  0  2  2.840995e-01  2.000000e-07
 45  83  0  0  0  2  1.737682e-01  2.000000e-07
 45  85  0  0  0  2  9.764652e-02  2.000000e-07
 45  87  0  0  0  2  2.680147e-01  2.000000e-07
 45  51  0  0  0  2  4.133052e-01  2.000000e-07
 45  77  0 -1  0  2  4.278263e-01  2.000000e-07
 45  64  0  0  0  2  2.897352e-01  2.000000e-07
 45  78  0 -1  0  2  4.663873e-01  2.000000e-07
 45  46  0  0  0  2  2.842769e-01  2.000000e-07
 45  44  0  0  0  2  2.013529e-01  2.000000e-07
 0  54 -1  0  0  2  2.538068e-01  2.000000e-07
 0  75 -1  0  0  2  2.187350e-01  2.000000e-07
 0  76  0  0  0  2  2.441336e-01  2.000000e-07
 0  57  0  1  0  2  3.567540e-01  2.000000e-07
 0  86  0  1  0  2  2.950600e-01  2.000000e-07
 0  62  0  0  0  2  4.114642e-02  2.000000e-07
 0  89 -1  1  0  2  3.242838e-01  2.000000e-07
 0  2  0  1  0  2  3.268020e-01  2.000000e-07
 0  70  0  0  0  2  1.176548e-01  2.000000e-07
 0  78 -1  0  0  2  2.469695e-01  2.000000e-07
 4  66  0  0  0  2  2.420008e-01  2.000000e-07
 4  5  0  0  0  2  2.756826e-01  2.000000e-07
 4  71  0  0  0  2  4.158655e-01  2.000000e-07
 4  47  0  0  0  2  2.396050e-01  2.000000e-07
 4  48  0  0  0  2  3.228575e-01  2.000000e-07
 4  58  0  0  0  2  3.066090e-01  2.000000e-07
 4  61  0  0  0  2  2.161482e-01  2.000000e-07
 4  72  0  0  0  2  1.771155e-01  2.000000e-07
 4  50  0  0  0  2  1.518815e-01  2.000000e-07
 4  73  0  0  0  2  1.576546e-01  2.000000e-07
 4  63  0  0  0  2  4.211144e-01  2.000000e-07
 4  74  0  0  0  2  2.975713e-01  2.000000e-07
 4  64  0  0  0  2  1.890863e-01  2.000000e-07
 4  52  0  0  0  2  1.924751e-01  2.000000e-07
 4  65  0  0  0  2  2.037189e-01  2.000000e-07
 4  60  0  0  0  2  2.433022e-01  2.000000e-07
 67  43 -1  0  0  2  3.926659e-01  2.000000e-07
 67  47  0  0  0  2  1.426767e-01  2.000000e-07
 67  57  0  0  0  2  2.421149e-01  2.000000e-07
 67  58 -1  0  0  2  4.900923e-01  2.000000e-07
 67  72  0  0  0  2  1.183046e-01  2.000000e-07
 67  49 -1  0  0  2  5.119515e-01  2.000000e-07
 67  3  0  0  0  2  8.373371e-02  2.000000e-07
 67  83 -1  0  0  2  4.381975e-01  2.000000e-07
 67  1  0  0  0  2  3.408628e-01  2.000000e-07
 67  86  0  0  0  2  3.038530e-01  2.000000e-07
 67  55  0  0  0  2  6.850286e-02  2.000000e-07
 67  41  0  0  0  2  3.786444e-01  2.000000e-07
 67  68  0  0  0  2  2.357346e-01  2.000000e-07
 67  64  0  0  0  2  1.284416e-01  2.000000e-07
 67  52  0  0  0  2  2.211124e-01  2.000000e-07
 66  5  0  0  0  2  4.155081e-01  2.000000e-07
 66  71  0  0  0  2  3.352203e-01  2.000000e-07
 66  47  0  0  0  2  3.208454e-01  2.000000e-07
 66  57  0  0  0  2  3.258829e-01  2.000000e-07
 66  58  0  0  0  2  4.087354e-01  2.000000e-07
 66  61  0  0  0  2  6.804769e-02  2.000000e-07
 66  1  0  0  0  2  2.104583e-01  2.000000e-07
 66  55  0  0  0  2  2.160728e-01  2.000000e-07
 66  85  0  0  0  2  2.466160e-01  2.000000e-07
 66  87  0  0  0  2  2.235145e-01  2.000000e-07
 66  73  0  0  0  2  3.357534e-01  2.000000e-07
 66  63  0 -1  0  2  3.748151e-01  2.000000e-07
 66  2  0  0  0  2  3.286773e-01  2.000000e-07
 66  64  0  0  0  2  1.286768e-01  2.000000e-07
 66  88  0  0  0  2  3.529412e-01  2.000000e-07
 43  75  0 -1  0  2  3.939999e-01  2.000000e-07
 43  72  1  0  0  2  5.094749e-01  2.000000e-07
 43  83  0  0  0  2  8.857661e-02  2.000000e-07
 43  86  1  0  0  2  3.001004e-01  2.000000e-07
 43  62  1 -1  0  2  4.657144e-01  2.000000e-07
 43  89  0  0  0  2  1.042989e-01  2.000000e-07
 43  51  0  0  0  2  4.519820e-01  2.000000e-07
 43  80  1  0  0  2  5.218453e-01  2.000000e-07
 43  69  1  0  0  2  2.080199e-01  2.000000e-07
 43  52  1  0  0  2  5.567851e-01  2.000000e-07
 43  78  0 -1  0  2  3.870929e-01  2.000000e-07
 43  46  0  0  0  2  4.624473e-01  2.000000e-07
 43  44  0  0  0  2  6.052487e-02  2.000000e-07
 5  54  0  0  0  2  1.940406e-01  2.000000e-07
 5  71  0  0  0  2  3.324928e-01  2.000000e-07
 5  58  0  0  0  2  6.364512e-02  2.000000e-07
 5  3  1  0  0  2  4.755549e-01  2.000000e-07
 5  62  1  0  0  2  3.512932e-01  2.000000e-07
 5  73  0  0  0  2  1.200328e-01  2.000000e-07
 5  68  1  0  0  2  4.496061e-01  2.000000e-07
 5  74  0  0  0  2  9.955068e-02  2.000000e-07
 5  70  1  0  0  2  3.239759e-01  2.000000e-07
 5  53  0  0  0  2  1.104952e-01  2.000000e-07
 54  58  0  0  0  2  2.412030e-01  2.000000e-07
 54  1  0  1  0  2  4.653486e-01  2.000000e-07
 54  50  0  0  0  2  3.218174e-01  2.000000e-07
 54  62  1  0  0  2  2.674539e-01  2.000000e-07
 54  89  0  1  0  2  3.386964e-01  2.000000e-07
 54  87  0  1  0  2  4.108706e-01  2.000000e-07
 54  6  0  0  0  2  7.580510e-02  2.000000e-07
 54  77  0  0  0  2  3.218661e-01  2.000000e-07
 54  63  0  0  0  2  4.544684e-01  2.000000e-07
 54  74  0  0  0  2  1.083196e-01  2.000000e-07
 54  70  1  0  0  2  2.868639e-01  2.000000e-07
 54  88  0  1  0  2  3.681587e-01  2.000000e-07
 54  65  0  0  0  2  3.962994e-01  2.000000e-07
 54  78  0  0  0  2  4.761678e-02  2.000000e-07
 75  49  0  0  0  2  2.894311e-01  2.000000e-07
 75  86  1  1  0  2  4.277721e-01  2.000000e-07
 75  50  0  0  0  2  3.657639e-01  2.000000e-07
 75  41  1  0  0  2  5.488921e-01  2.000000e-07
 75  62  1  0  0  2  2.379074e-01  2.000000e-07
 75  89  0  1  0  2  2.957094e-01  2.000000e-07
 75  6  0  0  0  2  1.186956e-01  2.000000e-07
 75  51  0  0  0  2  1.661298e-01  2.000000e-07
 75  77  0  0  0  2  3.466876e-01  2.000000e-07
 75  70  1  0  0  2  2.689315e-01  2.000000e-07
 75  52  1  0  0  2  5.321887e-01  2.000000e-07
 75  88  0  1  0  2  3.346347e-01  2.000000e-07
 75  78  0  0  0  2  3.034814e-02  2.000000e-07
 75  46  0  1  0  2  4.537358e-01  2.000000e-07
 75  44  0  1  0  2  3.722034e-01  2.000000e-07
 76  47  0  0  0  2  3.054507e-01  2.000000e-07
 76  48  0  0  0  2  1.850956e-01  2.000000e-07
 76  57  0  1  0  2  3.370490e-01  2.000000e-07
 76  1  0  1  0  2  3.018445e-01  2.000000e-07
 76  86  0  1  0  2  2.902263e-01  2.000000e-07
 76  41  0  0  0  2  1.160036e-01  2.000000e-07
 76  62  0  0  0  2  2.337893e-01  2.000000e-07
 76  87  0  1  0  2  3.193358e-01  2.000000e-07
 76  77  0  0  0  2  2.075619e-01  2.000000e-07
 76  63  0  0  0  2  1.355387e-01  2.000000e-07
 76  2  0  1  0  2  2.842719e-01  2.000000e-07
 76  70  0  0  0  2  2.556022e-01  2.000000e-07
 76  65  0  0  0  2  1.528729e-01  2.000000e-07
 76  60  0  0  0  2  2.909777e-01  2.000000e-07
 71  54  0 -1  0  2  4.819902e-01  2.000000e-07
 71  57  1  0  0  2  3.977231e-01  2.000000e-07
 71  58  0  0  0  2  2.777185e-01  2.000000e-07
 71  61  0  0  0  2  3.959626e-01  2.000000e-07
 71  83  0  0  0  2  1.622129e-02  2.000000e-07
 71  1  0  0  0  2  4.216726e-01  2.000000e-07
 71  86  1  0  0  2  4.018166e-01  2.000000e-07
 71  85  0  0  0  2  1.292184e-01  2.000000e-07
 71  89  0  0  0  2  1.893569e-01  2.000000e-07
 71  87  0  0  0  2  3.801648e-01  2.000000e-07
 71  51  0  0  0  2  3.865968e-01  2.000000e-07
 71  73  0  0  0  2  3.605980e-01  2.000000e-07
 71  68  1  0  0  2  2.370422e-01  2.000000e-07
 71  69  1  0  0  2  2.848027e-01  2.000000e-07
 71  88  0  0  0  2  1.138983e-01  2.000000e-07
 71  53  0  0  0  2  3.735118e-01  2.000000e-07
 71  78  0 -1  0  2  4.346399e-01  2.000000e-07
 71  44  0  0  0  2  7.961113e-02  2.000000e-07
 71  42  0  0  0  2  3.181335e-01  2.000000e-07
 47  48  0  0  0  2  1.556781e-01  2.000000e-07
 47  61  0  0  0  2  2.547024e-01  2.000000e-07
 47  3  0  0  0  2  8.565793e-02  2.000000e-07
 47  55  0  0  0  2  2.109379e-01  2.000000e-07
 47  41  0  0  0  2  2.483308e-01  2.000000e-07
 47  64  0  0  0  2  1.924408e-01  2.000000e-07
 47  70  0  0  0  2  2.587866e-01  2.000000e-07
 47  65  0  0  0  2  2.525304e-01  2.000000e-07
 47  60  0  0  0  2  1.578987e-02  2.000000e-07
 48  3  0  0  0  2  2.189271e-01  2.000000e-07
 48  62  0  0  0  2  1.749178e-01  2.000000e-07
 48  51 -1  0  0  2  3.702888e-01  2.000000e-07
 48  73  0  0  0  2  4.504900e-01  2.000000e-07
 48  63  0  0  0  2  3.206246e-01  2.000000e-07
 48  69  0  0  0  2  4.078520e-01  2.000000e-07
 48  70  0  0  0  2  1.331130e-01  2.000000e-07
 48  52  0  0  0  2  1.333912e-01  2.000000e-07
 48  53 -1  0  0  2  3.352818e-01  2.000000e-07
 48  65  0  0  0  2  2.174516e-01  2.000000e-07
 48  60  0  0  0  2  1.399817e-01  2.000000e-07
 57  3  0  0  0  2  3.027348e-01  2.000000e-07
 57  83 -1  0  0  2  3.817375e-01  2.000000e-07
 57  1  0  0  0  2  2.519197e-01  2.000000e-07
 57  86  0  0  0  2  6.186190e-02  2.000000e-07
 57  55  0  0  0  2  1.809868e-01  2.000000e-07
 57  89 -1  0  0  2  2.817683e-01  2.000000e-07
 57  68  0  0  0  2  1.812591e-01  2.000000e-07
 57  2  0  0  0  2  5.408884e-02  2.000000e-07
 57  64  0  0  0  2  3.050549e-01  2.000000e-07
 57  78 -1 -1  0  2  4.936234e-01  2.000000e-07
 58  49  0  0  0  2  2.744545e-02  2.000000e-07
 58  3  1  0  0  2  4.240082e-01  2.000000e-07
 58  83  0  0  0  2  2.818082e-01  2.000000e-07
 58  50  0  0  0  2  3.353313e-01  2.000000e-07
 58  85  0  0  0  2  2.076722e-01  2.000000e-07
 58  6  0  0  0  2  1.673496e-01  2.000000e-07
 58  68  1  0  0  2  3.860780e-01  2.000000e-07
 58  74  0  0  0  2  1.591597e-01  2.000000e-07
 58  64  0  0  0  2  4.474745e-01  2.000000e-07
 58  70  1  0  0  2  3.086318e-01  2.000000e-07
 58  52  1  0  0  2  5.114986e-01  2.000000e-07
 61  72  0  0  0  2  9.175749e-02  2.000000e-07
 61  3  0  0  0  2  2.435259e-01  2.000000e-07
 61  55  0  0  0  2  1.596939e-01  2.000000e-07
 61  80  0  0  0  2  1.176128e-01  2.000000e-07
 61  63  0 -1  0  2  3.976787e-01  2.000000e-07
 61  2  0  0  0  2  3.114803e-01  2.000000e-07
 61  69  0  0  0  2  3.292797e-01  2.000000e-07
 61  52  0  0  0  2  2.859104e-01  2.000000e-07
 61  88  0  0  0  2  4.200362e-01  2.000000e-07
 61  60  0  0  0  2  2.689213e-01  2.000000e-07
 61  42  0  0  0  2  9.790251e-02  2.000000e-07
 72  49  0  0  0  2  4.235728e-01  2.000000e-07
 72  86  0  0  0  2  3.780029e-01  2.000000e-07
 72  85  0  0  0  2  3.503076e-01  2.000000e-07
 72  51  0  0  0  2  5.210005e-01  2.000000e-07
 72  73  0  0  0  2  3.254924e-01  2.000000e-07
 72  80  0  0  0  2  1.993790e-01  2.000000e-07
 72  64  0  0  0  2  2.964423e-02  2.000000e-07
 72  52  0  0  0  2  1.965692e-01  2.000000e-07
 72  46  0  0  0  2  3.341710e-01  2.000000e-07
 72  60  0  0  0  2  1.778837e-01  2.000000e-07
 72  42  0  0  0  2  1.881889e-01  2.000000e-07
 49  83  0  0  0  2  2.780446e-01  2.000000e-07
 49  50  0  0  0  2  3.152587e-01  2.000000e-07
 49  85  0  0  0  2  1.911887e-01  2.000000e-07
 49  6  0  0  0  2  1.751298e-01  2.000000e-07
 49  51  0  0  0  2  1.292177e-01  2.000000e-07
 49  64  0  0  0  2  4.201460e-01  2.000000e-07
 49  70  1  0  0  2  3.355568e-01  2.000000e-07
 49  52  1  0  0  2  5.382990e-01  2.000000e-07
 3  55  0  0  0  2  1.480174e-01  2.000000e-07
 3  68  0  0  0  2  2.436948e-01  2.000000e-07
 3  69  0  0  0  2  2.085949e-01  2.000000e-07
 3  70  0  0  0  2  2.911079e-01  2.000000e-07
 3  53 -1  0  0  2  4.001505e-01  2.000000e-07
 3  60  0  0  0  2  9.724636e-02  2.000000e-07
 83  86  1  0  0  2  3.864617e-01  2.000000e-07
 83  85  0  0  0  2  1.432398e-01  2.000000e-07
 83  87  0  0  0  2  3.924090e-01  2.000000e-07
 83  51  0  0  0  2  3.891571e-01  2.000000e-07
 83  68  1  0  0  2  2.209202e-01  2.000000e-07
 83  52  1  0  0  2  5.747953e-01  2.000000e-07
 83  78  0 -1  0  2  4.327288e-01  2.000000e-07
 83  44  0  0  0  2  7.336715e-02  2.000000e-07
 1  86  0  0  0  2  2.664564e-01  2.000000e-07
 1  87  0  0  0  2  5.972183e-02  2.000000e-07
 1  77  0 -1  0  2  2.052722e-01  2.000000e-07
 1  63  0 -1  0  2  1.668687e-01  2.000000e-07
 1  2  0  0  0  2  2.194371e-01  2.000000e-07
 1  64  0  0  0  2  2.963674e-01  2.000000e-07
 1  88  0  0  0  2  3.775335e-01  2.000000e-07
 1  65  0 -1  0  2  3.688281e-01  2.000000e-07
 86  41  0 -1  0  2  4.021379e-01  2.000000e-07
 86  62  0 -1  0  2  3.254721e-01  2.000000e-07
 86  89 -1  0  0  2  2.601405e-01  2.000000e-07
 86  87  0  0  0  2  3.239695e-01  2.000000e-07
 86  77  0 -1  0  2  3.745164e-01  2.000000e-07
 86  80  0  0  0  2  2.810738e-01  2.000000e-07
 86  63  0 -1  0  2  2.452198e-01  2.000000e-07
 86  69  0  0  0  2  1.957137e-01  2.000000e-07
 86  64  0  0  0  2  3.638905e-01  2.000000e-07
 86  70  0 -1  0  2  3.982472e-01  2.000000e-07
 86  52  0 -1  0  2  5.124587e-01  2.000000e-07
 86  78 -1 -1  0  2  4.425030e-01  2.000000e-07
 86  46  0  0  0  2  2.854900e-01  2.000000e-07
 55  80  0  0  0  2  1.832151e-01  2.000000e-07
 55  63  0 -1  0  2  3.853718e-01  2.000000e-07
 55  68  0  0  0  2  2.188239e-01  2.000000e-07
 55  2  0  0  0  2  2.177104e-01  2.000000e-07
 55  60  0  0  0  2  2.263980e-01  2.000000e-07
 50  85  0  0  0  2  3.986340e-01  2.000000e-07
 50  41  0  0  0  2  1.301379e-01  2.000000e-07
 50  6  0  0  0  2  2.922569e-01  2.000000e-07
 50  51  0  0  0  2  3.351365e-01  2.000000e-07
 50  73  0  0  0  2  1.779697e-01  2.000000e-07
 50  77  0  0  0  2  2.021178e-01  2.000000e-07
 50  63  0  0  0  2  2.799479e-01  2.000000e-07
 50  74  0  0  0  2  2.488455e-01  2.000000e-07
 50  64  0  0  0  2  3.257495e-01  2.000000e-07
 50  52  0  0  0  2  2.069879e-01  2.000000e-07
 50  65  0  0  0  2  9.160882e-02  2.000000e-07
 85  87  0  0  0  2  3.656576e-01  2.000000e-07
 85  64  0  0  0  2  3.341271e-01  2.000000e-07
 41  77  0  0  0  2  1.918220e-01  2.000000e-07
 41  64  0  0  0  2  3.583152e-01  2.000000e-07
 41  70  0  0  0  2  3.060700e-01  2.000000e-07
 41  52  0  0  0  2  1.589851e-01  2.000000e-07
 41  65  0  0  0  2  3.866416e-02  2.000000e-07
 41  46  0  1  0  2  3.550059e-01  2.000000e-07
 62  89 -1  1  0  2  3.653213e-01  2.000000e-07
 62  51 -1  0  0  2  2.650892e-01  2.000000e-07
 62  63  0  0  0  2  3.412781e-01  2.000000e-07
 62  2  0  1  0  2  3.537658e-01  2.000000e-07
 62  74 -1  0  0  2  3.323436e-01  2.000000e-07
 62  70  0  0  0  2  7.769831e-02  2.000000e-07
 62  52  0  0  0  2  3.076510e-01  2.000000e-07
 62  53 -1  0  0  2  2.421393e-01  2.000000e-07
 89  87  0  0  0  2  4.193600e-01  2.000000e-07
 89  51  0 -1  0  2  4.584565e-01  2.000000e-07
 89  63  1 -1  0  2  4.860251e-01  2.000000e-07
 89  68  1  0  0  2  2.049960e-01  2.000000e-07
 89  2  1  0  0  2  3.064484e-01  2.000000e-07
 89  69  1  0  0  2  2.458505e-01  2.000000e-07
 89  74  0 -1  0  2  4.454934e-01  2.000000e-07
 89  88  0  0  0  2  1.152435e-01  2.000000e-07
 89  53  0 -1  0  2  4.688892e-01  2.000000e-07
 89  78  0 -1  0  2  2.922611e-01  2.000000e-07
 89  44  0  0  0  2  1.126310e-01  2.000000e-07
 87  77  0 -1  0  2  1.812275e-01  2.000000e-07
 87  63  0 -1  0  2  1.853856e-01  2.000000e-07
 87  64  0  0  0  2  3.277484e-01  2.000000e-07
 87  88  0  0  0  2  3.259283e-01  2.000000e-07
 87  65  0 -1  0  2  3.610757e-01  2.000000e-07
 87  78  0 -1  0  2  3.858106e-01  2.000000e-07
 87  46  0  0  0  2  4.001014e-02  2.000000e-07
 6  51  0  0  0  2  7.190181e-02  2.000000e-07
 6  77  0  0  0  2  3.398843e-01  2.000000e-07
 6  74  0  0  0  2  4.593833e-02  2.000000e-07
 6  70  1  0  0  2  2.859918e-01  2.000000e-07
 6  52  1  0  0  2  5.402997e-01  2.000000e-07
 6  78  0  0  0  2  1.233987e-01  2.000000e-07
 51  73  0  0  0  2  1.988121e-01  2.000000e-07
 51  77  0  0  0  2  4.072240e-01  2.000000e-07
 51  63  0  0  0  2  5.373338e-01  2.000000e-07
 51  69  1  0  0  2  4.782340e-01  2.000000e-07
 51  74  0  0  0  2  9.397395e-02  2.000000e-07
 51  52  1  0  0  2  4.869578e-01  2.000000e-07
 51  88  0  1  0  2  5.002726e-01  2.000000e-07
 51  53  0  0  0  2  3.894790e-02  2.000000e-07
 51  46  0  1  0  2  5.616189e-01  2.000000e-07
 51  44  0  0  0  2  4.621099e-01  2.000000e-07
 51  42  0  0  0  2  5.131369e-01  2.000000e-07
 73  45  0  0  0  2  3.069513e-01  2.000000e-07
 73  77  0  0  0  2  3.361491e-01  2.000000e-07
 73  63  0  0  0  2  4.434607e-01  2.000000e-07
 73  74  0  0  0  2  1.489119e-01  2.000000e-07
 73  52  0  0  0  2  3.322043e-01  2.000000e-07
 73  53  0  0  0  2  2.280532e-01  2.000000e-07
 73  65  0  0  0  2  2.681618e-01  2.000000e-07
 73  44  0  0  0  2  4.391445e-01  2.000000e-07
 73  42  0  0  0  2  3.531554e-01  2.000000e-07
 77  63  0  0  0  2  1.327717e-01  2.000000e-07
 77  52  0  0  0  2  3.481874e-01  2.000000e-07
 77  65  0  0  0  2  1.883546e-01  2.000000e-07
 77  78  0  0  0  2  3.174568e-01  2.000000e-07
 77  46  0  1  0  2  1.961277e-01  2.000000e-07
 80  63  0 -1  0  2  2.813904e-01  2.000000e-07
 80  2  0  0  0  2  2.342999e-01  2.000000e-07
 80  69  0  0  0  2  3.257434e-01  2.000000e-07
 80  88  0  0  0  2  3.899182e-01  2.000000e-07
 80  46  0  0  0  2  1.347951e-01  2.000000e-07
 80  42  0  0  0  2  9.300942e-02  2.000000e-07
 63  2  0  1  0  2  2.175883e-01  2.000000e-07
 63  69  0  1  0  2  4.244652e-01  2.000000e-07
 63  74  0  0  0  2  4.440833e-01  2.000000e-07
 63  52  0  0  0  2  3.496690e-01  2.000000e-07
 63  88  0  1  0  2  4.950936e-01  2.000000e-07
 63  65  0  0  0  2  2.206140e-01  2.000000e-07
 63  46  0  1  0  2  1.714214e-01  2.000000e-07
 68  2  0  0  0  2  2.325433e-01  2.000000e-07
 68  69  0  0  0  2  4.884501e-02  2.000000e-07
 68  53 -1  0  0  2  4.290525e-01  2.000000e-07
 68  44 -1  0  0  2  2.199435e-01  2.000000e-07
 2  69  0  0  0  2  2.080190e-01  2.000000e-07
 69  72  0  0  0  2  3.040823e-01  2.000000e-07
 69  52  0  0  0  2  3.848517e-01  2.000000e-07
 69  53 -1  0  0  2  4.453303e-01  2.000000e-07
 69  46  0  0  0  2  4.013420e-01  2.000000e-07
 69  44 -1  0  0  2  2.685447e-01  2.000000e-07
 69  60  0  0  0  2  3.052776e-01  2.000000e-07
 74  70  1  0  0  2  3.276292e-01  2.000000e-07
 74  88  0  1  0  2  4.657227e-01  2.000000e-07
 74  53  0  0  0  2  1.329204e-01  2.000000e-07
 74  65  0  0  0  2  3.346884e-01  2.000000e-07
 64  52  0  0  0  2  2.259130e-01  2.000000e-07
 64  65  0  0  0  2  3.413235e-01  2.000000e-07
 64  46  0  0  0  2  3.053355e-01  2.000000e-07
 64  42  0  0  0  2  1.596712e-01  2.000000e-07
 70  52  0  0  0  2  2.634981e-01  2.000000e-07
 70  53 -1  0  0  2  2.141105e-01  2.000000e-07
 70  65  0  0  0  2  3.389058e-01  2.000000e-07
 70  78 -1  0  0  2  2.992553e-01  2.000000e-07
 70  60  0  0  0  2  2.452575e-01  2.000000e-07
 52  53 -1  0  0  2  4.496285e-01  2.000000e-07
 52  46  0  1  0  2  5.123236e-01  2.000000e-07
 52  60  0  0  0  2  8.239816e-02  2.000000e-07
 88  46  0  0  0  2  3.599606e-01  2.000000e-07
 88  44  0  0  0  2  5.074973e-02  2.000000e-07
 88  42  0  0  0  2  3.277424e-01  2.000000e-07
 53  44  0  0  0  2  4.465426e-01  2.000000e-07
 65  60  0  0  0  2  2.433306e-01  2.000000e-07
 78  46  0  1  0  2  4.237885e-01  2.000000e-07
 46  42  0  0  0  2  1.881371e-01  2.000000e-07
 44  42  0  0  0  2  3.501603e-01  2.000000e-07
 45  66  0  0  0  1  1.775874e-01  3.000000e-07
 45  71  0  0  0  1  1.576346e-01  3.000000e-07
 45  85  0  0  0  1  9.764652e-02  3.000000e-07
 45  87  0  0  0  1  2.680147e-01  3.000000e-07
 45  88  0  0  0  1  1.932279e-01  3.000000e-07
 45  42  0  0  0  1  1.614955e-01  3.000000e-07
 0  75 -1  0  0  1  2.187350e-01  3.000000e-07
 0  76  0  0  0  1  2.441336e-01  3.000000e-07
 0  89 -1  1  0  1  3.242838e-01  3.000000e-07
 4  66  0  0  0  1  2.420008e-01  3.000000e-07
 4  61  0  0  0  1  2.161482e-01  3.000000e-07
 4  72  0  0  0  1  1.771155e-01  3.000000e-07
 4  50  0  0  0  1  1.518815e-01  3.000000e-07
 4  73  0  0  0  1  1.576546e-01  3.000000e-07
 4  64  0  0  0  1  1.890863e-01  3.000000e-07
 67  47  0  0  0  1  1.426767e-01  3.000000e-07
 67  72  0  0  0  1  1.183046e-01  3.000000e-07
 67  3  0  0  0  1  8.373371e-02  3.000000e-07
 67  55  0  0  0  1  6.850286e-02  3.000000e-07
 67  69  0  0  0  1  1.905263e-01  3.000000e-07
 67  64  0  0  0  1  1.284416e-01  3.000000e-07
 66  61  0  0  0  1  6.804769e-02  3.000000e-07
 66  85  0  0  0  1  2.466160e-01  3.000000e-07
 66  80  0  0  0  1  1.004353e-01  3.000000e-07
 43  83  0  0  0  1  8.857661e-02  3.000000e-07
 43  89  0  0  0  1  1.042989e-01  3.000000e-07
 43  68  1  0  0  1  1.594329e-01  3.000000e-07
 43  44  0  0  0  1  6.052487e-02  3.000000e-07
 5  58  0  0  0  1  6.364512e-02  3.000000e-07
 5  49  0  0  0  1  6.010581e-02  3.000000e-07
 5  51  0  0  0  1  8.848498e-02  3.000000e-07
 5  73  0  0  0  1  1.200328e-01  3.000000e-07
 5  74  0  0  0  1  9.955068e-02  3.000000e-07
 54  6  0  0  0  1  7.580510e-02  3.000000e-07
 54  51  0  0  0  1  1.352602e-01  3.000000e-07
 54  77  0  0  0  1  3.218661e-01  3.000000e-07
 54  74  0  0  0  1  1.083196e-01  3.000000e-07
 75  62  1  0  0  1  2.379074e-01  3.000000e-07
 75  89  0  1  0  1  2.957094e-01  3.000000e-07
 75  51  0  0  0  1  1.661298e-01  3.000000e-07
 75  53  0  0  0  1  1.845615e-01  3.000000e-07
 76  48  0  0  0  1  1.850956e-01  3.000000e-07
 76  86  0  1  0  1  2.902263e-01  3.000000e-07
 76  41  0  0  0  1  1.160036e-01  3.000000e-07
 76  62  0  0  0  1  2.337893e-01  3.000000e-07
 76  63  0  0  0  1  1.355387e-01  3.000000e-07
 71  85  0  0  0  1  1.292184e-01  3.000000e-07
 71  44  0  0  0  1  7.961113e-02  3.000000e-07
 47  72  0  0  0  1  1.641151e-01  3.000000e-07
 47  3  0  0  0  1  8.565793e-02  3.000000e-07
 47  52  0  0  0  1  9.098450e-02  3.000000e-07
 48  3  0  0  0  1  2.189271e-01  3.000000e-07
 48  41  0  0  0  1  1.902867e-01  3.000000e-07
 48  62  0  0  0  1  1.749178e-01  3.000000e-07
 48  70  0  0  0  1  1.331130e-01  3.000000e-07
 48  60  0  0  0  1  1.399817e-01  3.000000e-07
 57  86  0  0  0  1  6.186190e-02  3.000000e-07
 57  55  0  0  0  1  1.809868e-01  3.000000e-07
 57  80  0  0  0  1  2.399210e-01  3.000000e-07
 57  68  0  0  0  1  1.812591e-01  3.000000e-07
 57  2  0  0  0  1  5.408884e-02  3.000000e-07
 57  69  0  0  0  1  1.542377e-01  3.000000e-07
 58  3  1  0  0  1  4.240082e-01  3.000000e-07
 58  83  0  0  0  1  2.818082e-01  3.000000e-07
 58  85  0  0  0  1  2.076722e-01  3.000000e-07
 58  68  1  0  0  1  3.860780e-01  3.000000e-07
 58  53  0  0  0  1  1.128465e-01  3.000000e-07
 61  55  0  0  0  1  1.596939e-01  3.000000e-07
 61  80  0  0  0  1  1.176128e-01  3.000000e-07
 61  64  0  0  0  1  6.245632e-02  3.000000e-07
 72  52  0  0  0  1  1.965692e-01  3.000000e-07
 49  85  0  0  0  1  1.911887e-01  3.000000e-07
 49  73  0  0  0  1  1.396711e-01  3.000000e-07
 3  69  0  0  0  1  2.085949e-01  3.000000e-07
 3  70  0  0  0  1  2.911079e-01  3.000000e-07
 3  53 -1  0  0  1  4.001505e-01  3.000000e-07
 3  60  0  0  0  1  9.724636e-02  3.000000e-07
 83  85  0  0  0  1  1.432398e-01  3.000000e-07
 83  68  1  0  0  1  2.209202e-01  3.000000e-07
 83  44  0  0  0  1  7.336715e-02  3.000000e-07
 1  80  0  0  0  1  1.260197e-01  3.000000e-07
 1  63  0 -1  0  1  1.668687e-01  3.000000e-07
 1  2  0  0  0  1  2.194371e-01  3.000000e-07
 86  0  0 -1  0  1  2.950600e-01  3.000000e-07
 86  89 -1  0  0  1  2.601405e-01  3.000000e-07
 86  68  0  0  0  1  2.106710e-01  3.000000e-07
 55  80  0  0  0  1  1.832151e-01  3.000000e-07
 55  69  0  0  0  1  1.700694e-01  3.000000e-07
 55  64  0  0  0  1  1.389560e-01  3.000000e-07
 50  77  0  0  0  1  2.021178e-01  3.000000e-07
 50  74  0  0  0  1  2.488455e-01  3.000000e-07
 50  52  0  0  0  1  2.069879e-01  3.000000e-07
 50  65  0  0  0  1  9.160882e-02  3.000000e-07
 85  73  0  0  0  1  2.427054e-01  3.000000e-07
 41  77  0  0  0  1  1.918220e-01  3.000000e-07
 41  63  0  0  0  1  1.994342e-01  3.000000e-07
 41  52  0  0  0  1  1.589851e-01  3.000000e-07
 62  70  0  0  0  1  7.769831e-02  3.000000e-07
 62  53 -1  0  0  1  2.421393e-01  3.000000e-07
 89  68  1  0  0  1  2.049960e-01  3.000000e-07
 89  88  0  0  0  1  1.152435e-01  3.000000e-07
 89  44  0  0  0  1  1.126310e-01  3.000000e-07
 87  77  0 -1  0  1  1.812275e-01  3.000000e-07
 87  80  0  0  0  1  1.599159e-01  3.000000e-07
 87  63  0 -1  0  1  1.853856e-01  3.000000e-07
 87  78  0 -1  0  1  3.858106e-01  3.000000e-07
 87  42  0  0  0  1  1.956337e-01  3.000000e-07
 6  51  0  0  0  1  7.190181e-02  3.000000e-07
 51  74  0  0  0  1  9.397395e-02  3.000000e-07
 73  74  0  0  0  1  1.489119e-01  3.000000e-07
 77  74  0  0  0  1  3.149934e-01  3.000000e-07
 77  65  0  0  0  1  1.883546e-01  3.000000e-07
 77  78  0  0  0  1  3.174568e-01  3.000000e-07
 80  46  0  0  0  1  1.347951e-01  3.000000e-07
 80  42  0  0  0  1  9.300942e-02  3.000000e-07
 63  86  0  1  0  1  2.452198e-01  3.000000e-07
 63  2  0  1  0  1  2.175883e-01  3.000000e-07
 63  46  0  1  0  1  1.714214e-01  3.000000e-07
 70  53 -1  0  0  1  2.141105e-01  3.000000e-07
 52  65  0  0  0  1  1.615462e-01  3.000000e-07
 52  60  0  0  0  1  8.239816e-02  3.000000e-07
 88  78  0 -1  0  1  3.208708e-01  3.000000e-07
 88  44  0  0  0  1  5.074973e-02  3.000000e-07
 78  89  0  1  0  1  2.922611e-01  3.000000e-07
-4.245129e-01  3.045955e-01  0
-3.644736e-02 -4.244228e-01  0
-2.557061e-01 -4.155763e-01  0
-2.641569e-01 -6.612690e-02  0
 1.878239e-02  2.315112e-02  0
 2.864085e-01  8.931140e-02  0
 3.093149e-01  2.053121e-01  0
-4.357496e-01  2.402834e-01  1.123859e-01
 3.873888e-01 -5.228624e-02  1.137744e-01
-1.164687e-01 -8.045292e-02  3.631961e-01
-3.998065e-01  1.609542e-01  1.213991e-01
 3.891944e-01 -3.059451e-01  4.488757e-01
 3.863609e-01  3.500040e-01 -3.416768e-01
-4.016640e-01 -2.811502e-01  3.655559e-01
 3.730969e-01  3.232213e-01  1.291734e-01
 1.951935e-01  1.269909e-01 -3.549612e-01
 1.787216e-01  5.384371e-02 -3.969682e-01
 1.193909e-01  9.754820e-02 -4.388030e-01
 2.511477e-01  1.853959e-01 -3.623501e-01
 3.083582e-01  1.330136e-01 -2.470378e-01
 3.272619e-03  2.580295e-01  4.355177e-01
 1.830667e-01 -2.115316e-01 -1.437137e-01
-1.233704e-01 -4.384385e-01 -4.114241e-01
 3.630238e-02  2.638405e-01 -3.238307e-01
 1.195942e-01  2.132239e-01 -3.697464e-01
 1.340532e-01 -1.926634e-02 -1.589257e-01
 2.344545e-01 -2.720700e-01 -4.016942e-01
 1.052949e-01  2.957345e-01 -3.338757e-01
-2.142773e-01  4.128533e-01 -3.347966e-01
-2.357708e-01  5.704227e-02 -1.179138e-01
 4.388388e-01 -8.897568e-02 -2.949958e-01
 2.348727e-01  3.492344e-01  2.872711e-01
 4.042387e-01  8.963603e-02  2.308347e-01
-2.776140e-01 -2.791302e-02  4.034277e-01
-7.210989e-02  1.231644e-02  4.237995e-01
 3.099577e-01 -1.347074e-01  3.448717e-01
-1.714953e-01  1.138816e-01 -3.901348e-01
-3.484498e-02  1.410177e-02 -3.823371e-01
 3.843639e-01 -2.729322e-01  1.234143e-01
-2.445221e-01 -2.257935e-01 -1.803311e-01
 2.492371e-01  1.890591e-01 -1.329225e-01
-1.013482e-01  2.254401e-01  0
 2.397979e-02 -2.460919e-01  0
 4.259170e-01 -2.980548e-01  0
 3.675081e-01 -3.139189e-01  0
 1.846364e-01 -2.296520e-01  0
-1.742129e-02 -4.296172e-01  0
-2.203081e-01  7.456772e-03  0
-2.770667e-01  1.524193e-01  0
 2.988054e-01  3.049793e-02  0
 1.863077e-02  1.750325e-01  0
 3.526714e-01  1.479528e-01  0
-1.651603e-01  7.982326e-02  0
 3.882653e-01  1.321410e-01  0
 3.228853e-01  2.798926e-01  0
-2.081251e-01 -2.031290e-01  0
-4.244181e-01 -2.570444e-01  2.944676e-01
-2.820434e-01 -3.683328e-01  0
 3.249969e-01  3.869882e-02  0
 3.377905e-01  2.318411e-01  1.240988e-01
-2.245194e-01  2.267468e-02  0
-4.986094e-02 -1.818078e-01  0
-4.100173e-01  2.660870e-01  0
-1.078730e-01  4.247676e-01  0
-8.837501e-02 -1.326402e-01  0
-6.683914e-02  2.080033e-01  0
 7.394399e-03 -2.185816e-01  0
-2.167916e-01 -1.351766e-01  0
-4.213406e-01 -2.523537e-01  0
-3.732266e-01 -2.439347e-01  0
-4.051855e-01  1.885391e-01  0
 3.420226e-01 -2.384973e-01  0
-1.020550e-01 -1.063411e-01  0
 1.670302e-01  7.679395e-02  0
 2.671889e-01  1.869892e-01  0
 3.569556e-01  3.140274e-01  0
-1.804459e-01  3.102952e-01  0
 1.605986e-02  3.771340e-01  0
 3.295398e-01  3.270421e-01  0
-1.104649e-01 -4.309397e-01 -1.273741e-01
-5.223946e-02 -2.993965e-01  0
 1.069512e-01 -4.452517e-01  3.307674e-01
 2.732297e-02  4.270079e-01  4.467523e-01
 3.580226e-01 -2.411675e-01  0
 3.378161e-03  1.377216e-02  2.794590e-01
 2.451311e-01 -1.530019e-01  0
-3.028950e-01 -4.265746e-01  0
 2.072126e-02 -4.416985e-01  0
 3.340979e-01 -3.521195e-01  0
 4.381629e-01 -4.016324e-01  0