 702  90  1.200000e-05  57 -2 -2
 27  40  0  0  0  3  2.054463e-01  1.000000e-07
 27  41  0  0  0  3  3.623372e-01  1.000000e-07
 27  38  0 -1  0  3  3.821693e-01  1.000000e-07
 27  59  0  0  0  3  4.444789e-01  1.000000e-07
 27  37  0  0  0  3  2.527399e-01  1.000000e-07
 27  43  0 -1  1  3  5.305181e-01  1.000000e-07
 27  73  0  0  1  3  4.270248e-01  1.000000e-07
 27  48  0  0  1  3  1.941434e-01  1.000000e-07
 27  46  0 -1  1  3  4.021720e-01  1.000000e-07
 29  31  0  0  0  3  1.238826e-01  1.000000e-07
 29  36  0  0  0  3  2.678255e-01  1.000000e-07
 29  39  0  0  0  3  3.080001e-01  1.000000e-07
 29  38  0  0  0  3  3.652842e-01  1.000000e-07
 29  50  0  0  0  3  2.918569e-01  1.000000e-07
 29  34  0  0  0  3  3.076878e-01  1.000000e-07
 29  47  0  0  1  3  2.860755e-01  1.000000e-07
 40  36  0  0  0  3  3.304783e-01  1.000000e-07
 40  25  0  0  0  3  4.238043e-01  1.000000e-07
 40  34  0 -1  0  3  4.108285e-01  1.000000e-07
 40  37  0  0  0  3  2.044777e-01  1.000000e-07
 40  88  0 -1  0  3  3.702487e-01  1.000000e-07
 40  44  0  0  1  3  4.010802e-01  1.000000e-07
 40  48  0  0  1  3  2.773706e-01  1.000000e-07
 40  20  0  0  1  3  2.919280e-01  1.000000e-07
 41  25 -1  0  0  3  4.075931e-01  1.000000e-07
 41  50  0  0  0  3  1.714266e-01  1.000000e-07
 41  33 -1  0  0  3  3.329730e-01  1.000000e-07
 41  37  0  0  0  3  3.888076e-01  1.000000e-07
 41  18 -1  0  1  3  4.204110e-01  1.000000e-07
 41  49 -1  0  1  3  4.293698e-01  1.000000e-07
 41  73  0  0  1  3  3.680907e-01  1.000000e-07
 41  20  0  0  1  3  4.309624e-01  1.000000e-07
 28  36  0  0  0  3  4.760721e-01  1.000000e-07
 28  38  0 -1  0  3  3.995215e-01  1.000000e-07
 28  35  0  0  0  3  2.212923e-01  1.000000e-07
 28  37  0  0  0  3  4.017070e-01  1.000000e-07
 28  88  0 -1  0  3  4.081620e-01  1.000000e-07
 28  44  0  0  1  3  4.311387e-01  1.000000e-07
 28  49  0  0  1  3  4.333330e-01  1.000000e-07
 31  36  0  0  0  3  1.784477e-01  1.000000e-07
 31  39  0  0  0  3  2.466501e-01  1.000000e-07
 31  50  0  0  0  3  3.486474e-01  1.000000e-07
 31  34  0  0  0  3  2.467985e-01  1.000000e-07
 31  30  0  0  1  3  3.754550e-01  1.000000e-07
 31  45  0  0  1  3  1.989385e-01  1.000000e-07
 31  46  0  0  1  3  2.108212e-01  1.000000e-07
 31  47  0  0  1  3  2.784236e-01  1.000000e-07
 36  50  0  0  0  3  3.625592e-01  1.000000e-07
 36  37  0  0  0  3  3.416566e-01  1.000000e-07
 36  42  0  0  1  3  3.610069e-01  1.000000e-07
 36  30  0  0  1  3  4.242930e-01  1.000000e-07
 39  25  0  0  0  3  3.780291e-01  1.000000e-07
 39  38  0  0  0  3  1.400498e-01  1.000000e-07
 39  33  0  0  0  3  3.867822e-01  1.000000e-07
 39  26  0  0  0  3  4.115435e-01  1.000000e-07
 39  34  0  0  0  3  1.442430e-02  1.000000e-07
 39  88  0  0  0  3  2.228090e-01  1.000000e-07
 39  30  0  0  1  3  2.960540e-01  1.000000e-07
 25  59  1  0  0  3  3.595938e-01  1.000000e-07
 38  33  0  0  0  3  4.431148e-01  1.000000e-07
 38  26  0  0  0  3  4.499213e-01  1.000000e-07
 38  37  0  1  0  3  3.870275e-01  1.000000e-07
 38  88  0  0  0  3  9.494832e-02  1.000000e-07
 38  48  0  1  1  3  4.330619e-01  1.000000e-07
 35  32  1 -1  0  3  2.708094e-01  1.000000e-07
 35  33  0 -1  0  3  4.824603e-01  1.000000e-07
 35  34  0 -1  0  3  4.694716e-01  1.000000e-07
 35  43  1 -1  1  3  4.286465e-01  1.000000e-07
 35  30  0 -1  1  3  4.315024e-01  1.000000e-07
 35  49  0  0  1  3  3.744490e-01  1.000000e-07
 35  48  0  0  1  3  4.826680e-01  1.000000e-07
 35  47  1 -1  1  3  5.298561e-01  1.000000e-07
 32  33 -1  0  0  3  3.341310e-01  1.000000e-07
 32  59  0  1  0  3  3.807597e-01  1.000000e-07
 32  37  0  1  0  3  4.429670e-01  1.000000e-07
 32  88 -1  0  0  3  5.284330e-01  1.000000e-07
 32  43  0  0  1  3  4.814352e-01  1.000000e-07
 32  46  0  0  1  3  3.950501e-01  1.000000e-07
 32  47  0  0  1  3  4.451779e-01  1.000000e-07
 50  59  0  0  0  3  3.031989e-01  1.000000e-07
 50  18 -1  0  1  3  4.536982e-01  1.000000e-07
 50  45  0  0  1  3  4.035066e-01  1.000000e-07
 50  46  0  0  1  3  4.009839e-01  1.000000e-07
 33  34  0  0  0  3  3.921842e-01  1.000000e-07
 33  42  0  0  1  3  5.462816e-01  1.000000e-07
 33  43  1  0  1  3  5.284031e-01  1.000000e-07
 33  46  1  0  1  3  4.746361e-01  1.000000e-07
 26  88  0  0  0  3  4.462702e-01  1.000000e-07
 34  30  0  0  1  3  2.878239e-01  1.000000e-07
 34  48  0  1  1  3  4.123979e-01  1.000000e-07
 34  47  0  0  1  3  3.673478e-01  1.000000e-07
 42  30  0  0  0  3  3.730030e-01  1.000000e-07
 42  44  0  0  0  3  1.972854e-01  1.000000e-07
 42  24  0  0  0  3  1.840366e-01  1.000000e-07
 42  23  0  0  0  3  6.589406e-02  1.000000e-07
 42  18  0  0  0  3  2.429093e-01  1.000000e-07
 42  49  0  0  0  3  2.026256e-01  1.000000e-07
 42  17  0  0  0  3  1.179913e-01  1.000000e-07
 43  18 -1  0  0  3  5.067316e-01  1.000000e-07
 43  46  0  0  0  3  2.954425e-01  1.000000e-07
 43  21  0  1  0  3  4.975495e-01  1.000000e-07
 43  47  0  0  0  3  3.337234e-01  1.000000e-07
 30  45  0  0  0  3  3.718964e-01  1.000000e-07
 30  48  0  1  0  3  4.145892e-01  1.000000e-07
 30  47  0  0  0  3  3.714255e-01  1.000000e-07
 44  87  0 -1  0  3  4.651477e-01  1.000000e-07
 44  19  0  0  0  3  2.379721e-01  1.000000e-07
 44  23  0  0  0  3  1.916335e-01  1.000000e-07
 44  49  0  0  0  3  1.040649e-01  1.000000e-07
 44  20  0  0  0  3  3.027879e-01  1.000000e-07
 87  24  0  0  0  3  4.011573e-01  1.000000e-07
 87  18  0  0  0  3  4.474726e-01  1.000000e-07
 87  17  0  0  0  3  3.095321e-01  1.000000e-07
 87  45  0  0  0  3  4.151657e-01  1.000000e-07
 87  51  0  1  0  3  4.351268e-01  1.000000e-07
 19  24  0  0  0  3  2.752746e-01  1.000000e-07
 19  22  0  0  0  3  2.600884e-01  1.000000e-07
 19  51  0  0  0  3  1.946941e-01  1.000000e-07
 19  48  0  0  0  3  2.704374e-01  1.000000e-07
 19  20  0  0  0  3  2.927823e-01  1.000000e-07
 19  21  0  0  0  3  2.072691e-01  1.000000e-07
 24  23  0  0  0  3  1.317684e-01  1.000000e-07
 24  22  0  0  0  3  7.771778e-02  1.000000e-07
 24  16  0  0  0  3  4.244208e-01  1.000000e-07
 24  17  0  0  0  3  1.677229e-01  1.000000e-07
 24  45  0  0  0  3  2.888628e-01  1.000000e-07
 24  20  0  0  0  3  2.847069e-01  1.000000e-07
 23  18  0  0  0  3  2.518947e-01  1.000000e-07
 23  49  0  0  0  3  2.106146e-01  1.000000e-07
 23  17  0  0  0  3  1.098890e-01  1.000000e-07
 23  20  0  0  0  3  2.482432e-01  1.000000e-07
 23  21  0  0  0  3  2.841512e-01  1.000000e-07
 22  73  0  0  0  3  3.540672e-01  1.000000e-07
 22  20  0  0  0  3  2.780305e-01  1.000000e-07
 22  21  0  0  0  3  1.763221e-01  1.000000e-07
 18  49  0  0  0  3  1.017346e-01  1.000000e-07
 18  17  0  0  0  3  2.243060e-01  1.000000e-07
 49  73  1  0  0  3  3.320692e-01  1.000000e-07
 16  73  0  0  0  3  4.537982e-01  1.000000e-07
 16  45  0  0  0  3  2.844025e-01  1.000000e-07
 16  51  0  1  0  3  4.349101e-01  1.000000e-07
 16  46  0  0  0  3  1.338480e-01  1.000000e-07
 16  47  0  0  0  3  1.917486e-01  1.000000e-07
 73  48  0  0  0  3  4.288868e-01  1.000000e-07
 73  47  0 -1  0  3  5.042787e-01  1.000000e-07
 17  45  0  0  0  3  3.030764e-01  1.000000e-07
 45  46  0  0  0  3  2.703192e-01  1.000000e-07
 45  21  0  0  0  3  3.738801e-01  1.000000e-07
 51  48  0  0  0  3  3.376576e-01  1.000000e-07
 51  21  0  0  0  3  1.799946e-01  1.000000e-07
 51  47  0 -1  0  3  3.714564e-01  1.000000e-07
 48  20  0  0  0  3  1.754128e-01  1.000000e-07
 20  21  0  0  0  3  2.105887e-01  1.000000e-07
 46  47  0  0  0  3  1.323814e-01  1.000000e-07
 21  47  0 -1  0  3  4.071442e-01  1.000000e-07
 88  78  0  0  0  3  1.506634e-01  1.000000e-07
 80  16  0  0  0  3  4.048494e-01  1.000000e-07
 25  56  0  0  0  3  1.777809e-01  1.000000e-07
 55  87  0  0  0  3  2.960514e-01  1.000000e-07
 36  58  0  0  0  3  3.644764e-01  1.000000e-07
 54  22  0  0  0  3  1.724220e-01  1.000000e-07
 26  76  0  0  0  3  1.567500e-01  1.000000e-07
 55  43  1  0  0  3  3.832026e-01  1.000000e-07
 88  14  0  0  0  3  1.546064e-01  1.000000e-07
 80  19  0  1  0  3  2.393954e-01  1.000000e-07
 29  86  0  0  0  3  3.707885e-01  1.000000e-07
 77  16  0  0  0  3  3.112963e-01  1.000000e-07
 25  74  0  0  0  3  1.411920e-01  1.000000e-07
 84  17  0  0  0  3  2.713292e-01  1.000000e-07
 32  89 -1  0  0  3  3.481392e-01  1.000000e-07
 11  87  0  0  0  3  3.044982e-01  1.000000e-07
 26  55  0  0  0  3  1.501782e-01  1.000000e-07
 74  87  0  0  0  3  3.085270e-01  1.000000e-07
 26  76  0  0  0  3  1.620795e-01  1.000000e-07
 72  16  1  0  0  3  4.603156e-01  1.000000e-07
 28  70  0  0  0  3  2.708458e-01  1.000000e-07
 52  18  0  0  0  3  3.146469e-01  1.000000e-07
 50  75  0  0  0  3  3.618707e-01  1.000000e-07
 86  16  0  0  0  3  3.398754e-01  1.000000e-07
 59  10  0  0  0  3  2.162898e-01  1.000000e-07
 65  22  0  0  0  3  2.824873e-01  1.000000e-07
 26  72  0  0  0  3  1.486569e-01  1.000000e-07
 2  73  1  0  0  3  3.881113e-01  1.000000e-07
 59  64  0  0  0  3  1.732259e-01  1.000000e-07
 65  21  0  0  0  3  2.970686e-01  1.000000e-07
 59  67  0  0  0  3  2.415288e-01  1.000000e-07
 64  51  0  0  0  3  1.987511e-01  1.000000e-07
 59  4  0  0  0  3  1.301662e-01  1.000000e-07
 65  73  0  0  0  3  2.896159e-01  1.000000e-07
 26  74  0  0  0  3  1.240348e-01  1.000000e-07
 68  17  0  0  0  3  2.940588e-01  1.000000e-07
 26  68  0  0  0  3  1.159212e-01  1.000000e-07
 72  18  0  0  0  3  3.136558e-01  1.000000e-07
 29  54  0  0  0  3  4.507310e-01  1.000000e-07
 82  22  0  0  0  3  2.041961e-01  1.000000e-07
 25  57  0  0  0  3  2.044371e-01  1.000000e-07
 84  22  0  0  0  3  2.539601e-01  1.000000e-07
 28  70  0  0  0  3  2.596552e-01  1.000000e-07
 69  49  0  0  0  3  3.321636e-01  1.000000e-07
 59  69 -1  0  0  3  2.533359e-01  1.000000e-07
 52  19  0  0  0  3  3.533295e-01  1.000000e-07
 37  81  0  0  0  3  1.913132e-01  1.000000e-07
 79  51  0  0  0  3  1.160283e-01  1.000000e-07
 88  62  0  0  0  3  1.887485e-01  1.000000e-07
 78  51  0  1  0  3  1.724365e-01  1.000000e-07
 25  74  0  0  0  3  1.560204e-01  1.000000e-07
 70  44  0  0  0  3  3.724309e-01  1.000000e-07
 37  81  0  0  0  3  1.750090e-01  1.000000e-07
 53  21  0  0  0  3  2.211987e-01  1.000000e-07
 25  74  0  0  0  3  1.502479e-01  1.000000e-07
 84  23  0  0  0  3  3.141868e-01  1.000000e-07
 77  83  0  0  0  2  3.284049e-01  2.000000e-07
 77  75  0  0  0  2  2.303261e-01  2.000000e-07
 77  15  0  0  0  2  4.253223e-01  2.000000e-07
 77  7  0  0  0  2  1.201452e-01  2.000000e-07
 77  82  0  0  0  2  1.603226e-01  2.000000e-07
 77  80  0  0  0  2  2.401586e-01  2.000000e-07
 77  84  0  0  0  2  3.191994e-01  2.000000e-07
 77  0  0  0  0  2  2.719438e-01  2.000000e-07
 77  85  0  0  0  2  3.422074e-01  2.000000e-07
 77  54  0  0  0  2  1.832137e-01  2.000000e-07
 77  62  0  0  0  2  2.327713e-01  2.000000e-07
 77  86  0  0  0  2  8.185730e-02  2.000000e-07
 77  71  0  0  0  2  2.977132e-01  2.000000e-07
 77  8  0  0  0  2  1.938386e-01  2.000000e-07
 83  78  0  0  0  2  1.181350e-01  2.000000e-07
 83  12  0  1  0  2  3.313622e-01  2.000000e-07
 83  14  0  0  0  2  8.929352e-02  2.000000e-07
 83  15  0  0  0  2  1.572307e-01  2.000000e-07
 83  68  0  0  0  2  3.995005e-01  2.000000e-07
 83  80  0  0  0  2  1.058587e-01  2.000000e-07
 83  84  0  0  0  2  3.026777e-01  2.000000e-07
 83  13  0  1  0  2  3.557015e-01  2.000000e-07
 83  85  1  0  0  2  4.301439e-01  2.000000e-07
 83  62  0  0  0  2  2.902056e-01  2.000000e-07
 83  55  0  0  0  2  3.284489e-01  2.000000e-07
 83  8  0  0  0  2  2.976683e-01  2.000000e-07
 83  11  0  0  0  2  1.588005e-01  2.000000e-07
 61  52 -1  0  0  2  4.022069e-01  2.000000e-07
 61  7  0  0  0  2  1.106346e-01  2.000000e-07
 61  68 -1  0  0  2  3.849624e-01  2.000000e-07
 61  82  0  0  0  2  6.965558e-02  2.000000e-07
 61  85  0  0  0  2  4.389560e-01  2.000000e-07
 61  3 -1  0  0  2  4.071017e-01  2.000000e-07
 61  55 -1  0  0  2  4.228142e-01  2.000000e-07
 61  86  0  0  0  2  1.996333e-01  2.000000e-07
 61  71  0  0  0  2  1.557743e-01  2.000000e-07
 61  66  0  0  0  2  3.530474e-01  2.000000e-07
 61  72 -1  0  0  2  3.723160e-01  2.000000e-07
 61  5  0  0  0  2  9.680228e-02  2.000000e-07
 61  65  0  0  0  2  2.200404e-01  2.000000e-07
 61  76 -1  0  0  2  3.416635e-01  2.000000e-07
 61  9  0  0  0  2  1.343807e-01  2.000000e-07
 2  4  1  0  0  2  2.553312e-01  2.000000e-07
 2  52  0  0  0  2  1.450764e-01  2.000000e-07
 2  75  1  0  0  2  3.020725e-01  2.000000e-07
 2  68  0  0  0  2  1.237196e-01  2.000000e-07
 2  3  0  0  0  2  4.487462e-02  2.000000e-07
 2  67  1  0  0  2  4.505515e-01  2.000000e-07
 2  70  0  0  0  2  9.774005e-02  2.000000e-07
 2  71  1  0  0  2  2.348089e-01  2.000000e-07
 2  72  0  0  0  2  1.127729e-01  2.000000e-07
 2  57  0  0  0  2  3.385866e-01  2.000000e-07
 2  74  0  0  0  2  1.434251e-01  2.000000e-07
 2  69  0  0  0  2  2.186753e-01  2.000000e-07
 2  76  0  0  0  2  2.576315e-01  2.000000e-07
 78  14  0  0  0  2  1.348260e-01  2.000000e-07
 78  79  0  1  0  2  2.678492e-01  2.000000e-07
 78  7  0  0  0  2  3.311602e-01  2.000000e-07
 78  80  0  0  0  2  1.275759e-02  2.000000e-07
 78  0  0  0  0  2  3.144363e-01  2.000000e-07
 78  1  0  0  0  2  3.577364e-01  2.000000e-07
 78  62  0  0  0  2  1.777827e-01  2.000000e-07
 78  55  0  0  0  2  4.159994e-01  2.000000e-07
 78  86  0  0  0  2  2.991998e-01  2.000000e-07
 78  56  0  0  0  2  2.369978e-01  2.000000e-07
 12  14  0 -1  0  2  2.845330e-01  2.000000e-07
 12  52  0  0  0  2  1.882717e-01  2.000000e-07
 12  15  0 -1  0  2  3.438677e-01  2.000000e-07
 12  63  0  0  0  2  4.451345e-02  2.000000e-07
 12  81  0  0  0  2  4.677291e-01  2.000000e-07
 12  13  0  0  0  2  2.315709e-01  2.000000e-07
 12  85  1 -1  0  2  2.674966e-01  2.000000e-07
 12  62  0 -1  0  2  5.315905e-01  2.000000e-07
 12  67  1  0  0  2  4.482575e-01  2.000000e-07
 12  70  0  0  0  2  2.831385e-01  2.000000e-07
 12  11  0 -1  0  2  1.778149e-01  2.000000e-07
 12  66  1  0  0  2  2.637188e-01  2.000000e-07
 12  69  0  0  0  2  1.046538e-01  2.000000e-07
 4  60  0  0  0  2  2.499161e-01  2.000000e-07
 4  75  0  0  0  2  2.878672e-01  2.000000e-07
 4  64  0  0  0  2  5.274175e-02  2.000000e-07
 4  63 -1  0  0  2  2.834930e-01  2.000000e-07
 4  54  0  0  0  2  3.534099e-01  2.000000e-07
 4  3 -1  0  0  2  2.976082e-01  2.000000e-07
 4  62  0 -1  0  2  4.208154e-01  2.000000e-07
 4  67  0  0  0  2  1.952385e-01  2.000000e-07
 4  72 -1  0  0  2  3.370168e-01  2.000000e-07
 4  65  0  0  0  2  3.663240e-02  2.000000e-07
 4  69 -1  0  0  2  2.519689e-01  2.000000e-07
 14  79  0  1  0  2  2.880396e-01  2.000000e-07
 14  63  0  1  0  2  3.284240e-01  2.000000e-07
 14  81  0  1  0  2  3.246405e-01  2.000000e-07
 14  80  0  0  0  2  1.280508e-01  2.000000e-07
 14  13  0  1  0  2  2.691469e-01  2.000000e-07
 14  53  0  1  0  2  4.227187e-01  2.000000e-07
 14  62  0  0  0  2  2.665011e-01  2.000000e-07
 14  55  0  0  0  2  4.075516e-01  2.000000e-07
 14  56  0  0  0  2  2.481711e-01  2.000000e-07
 14  11  0  0  0  2  1.413889e-01  2.000000e-07
 60  75  0  0  0  2  3.267352e-01  2.000000e-07
 60  79  0  0  0  2  2.495325e-01  2.000000e-07
 60  7  0  0  0  2  2.537218e-01  2.000000e-07
 60  58  0  0  0  2  1.508686e-01  2.000000e-07
 60  64  0  0  0  2  2.106108e-01  2.000000e-07
 60  53  0  0  0  2  4.655474e-02  2.000000e-07
 60  54  0  0  0  2  1.928677e-01  2.000000e-07
 60  67  0  0  0  2  1.512990e-01  2.000000e-07
 60  86  0  0  0  2  3.879895e-01  2.000000e-07
 60  6  0  0  0  2  5.371679e-02  2.000000e-07
 60  57  0  0  0  2  2.466946e-01  2.000000e-07
 60  65  0  0  0  2  2.160914e-01  2.000000e-07
 60  9  0  0  0  2  7.861480e-02  2.000000e-07
 52  63  0  0  0  2  1.509855e-01  2.000000e-07
 52  68  0  0  0  2  2.686599e-01  2.000000e-07
 52  13  0  0  0  2  2.680853e-01  2.000000e-07
 52  3  0  0  0  2  1.647678e-01  2.000000e-07
 52  67  1  0  0  2  3.763870e-01  2.000000e-07
 52  55  0  0  0  2  3.405436e-01  2.000000e-07
 52  70  0  0  0  2  1.548830e-01  2.000000e-07
 52  71  1  0  0  2  3.166465e-01  2.000000e-07
 52  66  1  0  0  2  2.016612e-01  2.000000e-07
 52  5  1  0  0  2  3.593390e-01  2.000000e-07
 52  69  0  0  0  2  8.419662e-02  2.000000e-07
 52  10  1  0  0  2  3.781898e-01  2.000000e-07
 75  15 -1  0  0  2  4.292149e-01  2.000000e-07
 75  64  0  0  0  2  3.115375e-01  2.000000e-07
 75  89 -1  0  0  2  3.624118e-01  2.000000e-07
 75  68 -1  0  0  2  2.881482e-01  2.000000e-07
 75  1  0  0  0  2  3.573876e-01  2.000000e-07
 75  54  0  0  0  2  2.411600e-01  2.000000e-07
 75  62  0  0  0  2  4.168288e-01  2.000000e-07
 75  67  0  0  0  2  4.031617e-01  2.000000e-07
 75  86  0  0  0  2  1.702039e-01  2.000000e-07
 75  56  0  0  0  2  5.595536e-01  2.000000e-07
 75  71  0  0  0  2  6.753540e-02  2.000000e-07
 75  72 -1  0  0  2  2.776302e-01  2.000000e-07
 75  57  0  0  0  2  4.297295e-01  2.000000e-07
 75  65  0  0  0  2  2.677262e-01  2.000000e-07
 75  76 -1  0  0  2  2.215602e-01  2.000000e-07
 15  63  0  1  0  2  3.827970e-01  2.000000e-07
 15  89  0  0  0  2  2.097657e-01  2.000000e-07
 15  68  0  0  0  2  2.558897e-01  2.000000e-07
 15  84  0  0  0  2  2.547761e-01  2.000000e-07
 15  85  1  0  0  2  3.318569e-01  2.000000e-07
 15  54  0  0  0  2  4.417993e-01  2.000000e-07
 15  62  0  0  0  2  4.421733e-01  2.000000e-07
 15  62  1  0  0  2  6.209160e-01  2.000000e-07
 15  56  0  0  0  2  8.846739e-02  2.000000e-07
 15  71  1  0  0  2  4.041059e-01  2.000000e-07
 15  57  0  0  0  2  3.376919e-01  2.000000e-07
 15  69  0  1  0  2  4.484471e-01  2.000000e-07
 15  76  0  0  0  2  2.082539e-01  2.000000e-07
 79  58  0  0  0  2  3.018212e-01  2.000000e-07
 79  63  0  0  0  2  5.261454e-01  2.000000e-07
 79  81  0  0  0  2  1.040083e-01  2.000000e-07
 79  80  0 -1  0  2  2.777528e-01  2.000000e-07
 79  13  0  0  0  2  3.162797e-01  2.000000e-07
 79  0  0 -1  0  2  2.129842e-01  2.000000e-07
 79  53  0  0  0  2  2.086808e-01  2.000000e-07
 79  1  0 -1  0  2  2.589918e-01  2.000000e-07
 79  62  0 -1  0  2  1.497571e-01  2.000000e-07
 79  86  0 -1  0  2  3.968397e-01  2.000000e-07
 79  56  0 -1  0  2  4.992965e-01  2.000000e-07
 79  66  0  0  0  2  2.789976e-01  2.000000e-07
 79  6  0  0  0  2  2.332782e-01  2.000000e-07
 79  65  0  0  0  2  3.114025e-01  2.000000e-07
 7  58  0  0  0  2  3.044476e-01  2.000000e-07
 7  82  0  0  0  2  4.316304e-02  2.000000e-07
 7  80  0  0  0  2  3.349610e-01  2.000000e-07
 7  85  0  0  0  2  4.152093e-01  2.000000e-07
 7  86  0  0  0  2  1.399573e-01  2.000000e-07
 7  8  0  0  0  2  1.664624e-01  2.000000e-07
 7  9  0  0  0  2  1.978817e-01  2.000000e-07
 58  63  0  0  0  2  4.450453e-01  2.000000e-07
 58  81  0  0  0  2  2.000790e-01  2.000000e-07
 58  84  0  0  0  2  2.216873e-01  2.000000e-07
 58  13  0  0  0  2  2.057923e-01  2.000000e-07
 58  53  0  0  0  2  1.407590e-01  2.000000e-07
 58  3  0  0  0  2  3.389565e-01  2.000000e-07
 58  55  0  0  0  2  3.974513e-01  2.000000e-07
 58  86  0  0  0  2  4.431602e-01  2.000000e-07
 58  56  0  0  0  2  3.927131e-01  2.000000e-07
 58  8  0  0  0  2  2.398401e-01  2.000000e-07
 58  6  0  0  0  2  2.024206e-01  2.000000e-07
 58  57  0  0  0  2  1.409442e-01  2.000000e-07
 58  9  0  0  0  2  2.118726e-01  2.000000e-07
 58  10  0  0  0  2  2.209500e-01  2.000000e-07
 64  63 -1  0  0  2  3.100825e-01  2.000000e-07
 64  89 -1 -1  0  2  4.575844e-01  2.000000e-07
 64  53  0  0  0  2  2.214231e-01  2.000000e-07
 64  1  0 -1  0  2  3.323745e-01  2.000000e-07
 64  62  0 -1  0  2  3.759592e-01  2.000000e-07
 64  67  0  0  0  2  1.424982e-01  2.000000e-07
 64  65  0  0  0  2  4.588879e-02  2.000000e-07
 64  69 -1  0  0  2  2.884695e-01  2.000000e-07
 63  89  0 -1  0  2  2.487635e-01  2.000000e-07
 63  13  0  0  0  2  2.488310e-01  2.000000e-07
 63  1  1 -1  0  2  3.234650e-01  2.000000e-07
 63  85  1 -1  0  2  2.672463e-01  2.000000e-07
 63  3  0  0  0  2  2.985510e-01  2.000000e-07
 63  62  0 -1  0  2  5.722197e-01  2.000000e-07
 63  56  0 -1  0  2  4.625920e-01  2.000000e-07
 63  11  0 -1  0  2  2.213451e-01  2.000000e-07
 63  66  1  0  0  2  2.225463e-01  2.000000e-07
 63  57  0  0  0  2  4.934400e-01  2.000000e-07
 63  65  1  0  0  2  3.199644e-01  2.000000e-07
 63  69  0  0  0  2  7.169308e-02  2.000000e-07
 89  1  1  0  0  2  2.347731e-01  2.000000e-07
 89  85  1  0  0  2  1.256194e-01  2.000000e-07
 89  62  1  0  0  2  4.224214e-01  2.000000e-07
 89  55  0  0  0  2  2.972520e-01  2.000000e-07
 89  86  1  0  0  2  3.584928e-01  2.000000e-07
 89  56  0  0  0  2  2.975554e-01  2.000000e-07
 89  11  0  0  0  2  1.886351e-01  2.000000e-07
 89  69  0  1  0  2  3.202814e-01  2.000000e-07
 89  76  0  0  0  2  2.108141e-01  2.000000e-07
 68  84  0  0  0  2  2.482639e-01  2.000000e-07
 68  85  1  0  0  2  4.249205e-01  2.000000e-07
 68  55  0  0  0  2  7.281493e-02  2.000000e-07
 68  56  0  0  0  2  2.457794e-01  2.000000e-07
 68  70  0  0  0  2  1.702533e-01  2.000000e-07
 68  71  1  0  0  2  2.311128e-01  2.000000e-07
 68  72  0  0  0  2  1.489092e-02  2.000000e-07
 68  74  0  0  0  2  8.196643e-02  2.000000e-07
 68  76  0  0  0  2  1.559451e-01  2.000000e-07
 82  85  0  0  0  2  4.314777e-01  2.000000e-07
 82  54  0  0  0  2  8.212055e-02  2.000000e-07
 82  86  0  0  0  2  1.654789e-01  2.000000e-07
 82  71  0  0  0  2  2.102235e-01  2.000000e-07
 82  8  0  0  0  2  1.925591e-01  2.000000e-07
 82  5  0  0  0  2  1.460748e-01  2.000000e-07
 82  9  0  0  0  2  1.602180e-01  2.000000e-07
 82  10  0  0  0  2  2.127820e-01  2.000000e-07
 81  83  0 -1  0  2  4.015318e-01  2.000000e-07
 81  80  0 -1  0  2  3.506222e-01  2.000000e-07
 81  84  0  0  0  2  4.207505e-01  2.000000e-07
 81  13  0  0  0  2  2.593837e-01  2.000000e-07
 81  0  0 -1  0  2  3.076491e-01  2.000000e-07
 81  54  0  0  0  2  3.443993e-01  2.000000e-07
 81  62  0 -1  0  2  2.523505e-01  2.000000e-07
 81  67  0  0  0  2  1.104329e-01  2.000000e-07
 81  70  0  0  0  2  4.403281e-01  2.000000e-07
 81  66  0  0  0  2  2.962826e-01  2.000000e-07
 81  6  0  0  0  2  1.556884e-01  2.000000e-07
 81  57  0  0  0  2  3.385024e-01  2.000000e-07
 81  69  0  0  0  2  4.852429e-01  2.000000e-07
 81  10  0  0  0  2  1.864048e-01  2.000000e-07
 80  0  0  0  0  2  3.271861e-01  2.000000e-07
 80  62  0  0  0  2  1.904213e-01  2.000000e-07
 80  86  0  0  0  2  3.077662e-01  2.000000e-07
 80  8  0  0  0  2  2.680541e-01  2.000000e-07
 84  13  0  0  0  2  3.471270e-01  2.000000e-07
 84  54  0  0  0  2  2.336274e-01  2.000000e-07
 84  55  0  0  0  2  2.218275e-01  2.000000e-07
 84  70  0  0  0  2  2.663887e-01  2.000000e-07
 84  8  0  0  0  2  1.298340e-01  2.000000e-07
 84  57  0  0  0  2  8.296990e-02  2.000000e-07
 84  74  0  0  0  2  1.774885e-01  2.000000e-07
 84  10  0  0  0  2  3.828783e-01  2.000000e-07
 13  53  0  0  0  2  2.895155e-01  2.000000e-07
 13  55  0  0  0  2  4.219689e-01  2.000000e-07
 13  70  0  0  0  2  2.140812e-01  2.000000e-07
 13  11  0 -1  0  2  2.810867e-01  2.000000e-07
 0  1  0  0  0  2  4.989821e-02  2.000000e-07
 0  85  0  0  0  2  1.590567e-01  2.000000e-07
 0  62  0  0  0  2  1.429009e-01  2.000000e-07
 0  67  0  1  0  2  2.696041e-01  2.000000e-07
 0  86  0  0  0  2  2.435427e-01  2.000000e-07
 0  66  0  1  0  2  2.565242e-01  2.000000e-07
 53  3  0  0  0  2  4.771718e-01  2.000000e-07
 53  62  0 -1  0  2  3.583710e-01  2.000000e-07
 53  67  0  0  0  2  1.301295e-01  2.000000e-07
 53  56  0 -1  0  2  6.644304e-01  2.000000e-07
 53  6  0  0  0  2  7.252822e-02  2.000000e-07
 53  57  0  0  0  2  2.586566e-01  2.000000e-07
 53  65  0  0  0  2  2.358193e-01  2.000000e-07
 53  69  0  0  0  2  5.134235e-01  2.000000e-07
 1  85  0  0  0  2  1.091586e-01  2.000000e-07
 1  62  0  0  0  2  1.907020e-01  2.000000e-07
 1  86  0  0  0  2  2.440008e-01  2.000000e-07
 1  66  0  1  0  2  2.548677e-01  2.000000e-07
 1  65  0  1  0  2  3.754904e-01  2.000000e-07
 1  76 -1  0  0  2  3.509541e-01  2.000000e-07
 85  62  0  0  0  2  2.977284e-01  2.000000e-07
 85  67  0  1  0  2  3.824392e-01  2.000000e-07
 85  55 -1  0  0  2  3.837065e-01  2.000000e-07
 85  71  0  0  0  2  3.714129e-01  2.000000e-07
 85  11 -1  0  0  2  2.988267e-01  2.000000e-07
 85  66  0  1  0  2  2.834061e-01  2.000000e-07
 85  69 -1  1  0  2  3.300044e-01  2.000000e-07
 54  62  0  0  0  2  4.105767e-01  2.000000e-07
 54  67  0  0  0  2  3.370795e-01  2.000000e-07
 54  71  0  0  0  2  2.892512e-01  2.000000e-07
 54  8  0  0  0  2  1.246123e-01  2.000000e-07
 54  57  0  0  0  2  1.886622e-01  2.000000e-07
 54  5  0  0  0  2  1.736518e-01  2.000000e-07
 54  10  0  0  0  2  2.101214e-01  2.000000e-07
 3  55  0  0  0  2  1.816532e-01  2.000000e-07
 3  56  0  0  0  2  3.316878e-01  2.000000e-07
 3  70  0  0  0  2  6.410708e-02  2.000000e-07
 3  66  1  0  0  2  3.459121e-01  2.000000e-07
 3  72  0  0  0  2  1.084571e-01  2.000000e-07
 3  57  0  0  0  2  2.940558e-01  2.000000e-07
 3  65  1  0  0  2  3.195076e-01  2.000000e-07
 3  69  0  0  0  2  2.271158e-01  2.000000e-07
 62  67  0  1  0  2  2.704278e-01  2.000000e-07
 62  86  0  0  0  2  2.508284e-01  2.000000e-07
 62  56  0  0  0  2  4.114049e-01  2.000000e-07
 62  71  0  0  0  2  4.802432e-01  2.000000e-07
 62  57  0  0  0  2  5.018253e-01  2.000000e-07
 62  69 -1  1  0  2  5.260446e-01  2.000000e-07
 62  69  0  1  0  2  5.933030e-01  2.000000e-07
 62  76 -1  0  0  2  4.964576e-01  2.000000e-07
 67  71  0  0  0  2  3.893231e-01  2.000000e-07
 67  66  0  0  0  2  1.882964e-01  2.000000e-07
 67  57  0  0  0  2  3.887477e-01  2.000000e-07
 67  5  0  0  0  2  2.132543e-01  2.000000e-07
 67  69 -1  0  0  2  4.059770e-01  2.000000e-07
 67  69  0  0  0  2  5.944032e-01  2.000000e-07
 67  10  0  0  0  2  1.339399e-01  2.000000e-07
 55  86  1  0  0  2  4.372822e-01  2.000000e-07
 55  56  0  0  0  2  1.791739e-01  2.000000e-07
 55  70  0  0  0  2  2.290776e-01  2.000000e-07
 55  8  0  0  0  2  3.413522e-01  2.000000e-07
 55  11  0  0  0  2  3.564437e-01  2.000000e-07
 55  72  0  0  0  2  8.581538e-02  2.000000e-07
 55  57  0  0  0  2  2.887728e-01  2.000000e-07
 55  76  0  0  0  2  1.281655e-01  2.000000e-07
 86  56  0  0  0  2  4.363889e-01  2.000000e-07
 86  8  0  0  0  2  2.645023e-01  2.000000e-07
 86  57  0  0  0  2  3.832341e-01  2.000000e-07
 86  65  0  0  0  2  4.113642e-01  2.000000e-07
 86  76 -1  0  0  2  3.167983e-01  2.000000e-07
 86  9  0  0  0  2  3.230403e-01  2.000000e-07
 56  8  0  0  0  2  2.300287e-01  2.000000e-07
 56  72  0  0  0  2  2.603737e-01  2.000000e-07
 56  57  0  0  0  2  2.531108e-01  2.000000e-07
 56  74  0  0  0  2  2.247054e-01  2.000000e-07
 56  76  0  0  0  2  2.537384e-01  2.000000e-07
 70  57  0  0  0  2  2.689163e-01  2.000000e-07
 70  74  0  0  0  2  1.353040e-01  2.000000e-07
 70  69  0  0  0  2  1.954184e-01  2.000000e-07
 71  4  0  0  0  2  2.464910e-01  2.000000e-07
 71  5  0  0  0  2  2.025062e-01  2.000000e-07
 8  10  0  0  0  2  3.186172e-01  2.000000e-07
 66  6  0  0  0  2  2.469259e-01  2.000000e-07
 66  5  0  0  0  2  2.706562e-01  2.000000e-07
 66  65  0  0  0  2  1.334706e-01  2.000000e-07
 66  9  0  0  0  2  2.872515e-01  2.000000e-07
 66  10  0  0  0  2  2.426424e-01  2.000000e-07
 6  5  0  0  0  2  1.169220e-01  2.000000e-07
 6  65  0  0  0  2  1.655472e-01  2.000000e-07
 6  9  0  0  0  2  7.569212e-02  2.000000e-07
 6  10  0  0  0  2  3.107908e-02  2.000000e-07
 72  57  0  0  0  2  3.109721e-01  2.000000e-07
 72  74  0  0  0  2  9.154900e-02  2.000000e-07
 72  65  1  0  0  2  3.486442e-01  2.000000e-07
 72  76  0  0  0  2  1.575810e-01  2.000000e-07
 57  74  0  0  0  2  2.200712e-01  2.000000e-07
 57  69  0  0  0  2  4.388047e-01  2.000000e-07
 5  9  0  0  0  2  5.954846e-02  2.000000e-07
 5  10  0  0  0  2  8.650080e-02  2.000000e-07
 65  76 -1  0  0  2  4.111153e-01  2.000000e-07
 65  9  0  0  0  2  1.755455e-01  2.000000e-07
 9  10  0  0  0  2  5.398951e-02  2.000000e-07
 77  78  0  0  0  1  2.333924e-01  3.000000e-07
 77  7  0  0  0  1  1.201452e-01  3.000000e-07
 77  62  0  0  0  1  2.327713e-01  3.000000e-07
 77  86  0  0  0  1  8.185730e-02  3.000000e-07
 77  8  0  0  0  1  1.938386e-01  3.000000e-07
 83  14  0  0  0  1  8.929352e-02  3.000000e-07
 83  15  0  0  0  1  1.572307e-01  3.000000e-07
 83  80  0  0  0  1  1.058587e-01  3.000000e-07
 83  56  0  0  0  1  1.608925e-01  3.000000e-07
 83  11  0  0  0  1  1.588005e-01  3.000000e-07
 61  75  0  0  0  1  1.217526e-01  3.000000e-07
 61  82  0  0  0  1  6.965558e-02  3.000000e-07
 61  71  0  0  0  1  1.557743e-01  3.000000e-07
 61  5  0  0  0  1  9.680228e-02  3.000000e-07
 61  9  0  0  0  1  1.343807e-01  3.000000e-07
 2  4  1  0  0  1  2.553312e-01  3.000000e-07
 2  52  0  0  0  1  1.450764e-01  3.000000e-07
 2  71  1  0  0  1  2.348089e-01  3.000000e-07
 2  72  0  0  0  1  1.127729e-01  3.000000e-07
 78  14  0  0  0  1  1.348260e-01  3.000000e-07
 78  79  0  1  0  1  2.678492e-01  3.000000e-07
 78  62  0  0  0  1  1.777827e-01  3.000000e-07
 78  8  0  0  0  1  2.707980e-01  3.000000e-07
 12  89  0 -1  0  1  2.280743e-01  3.000000e-07
 12  13  0  0  0  1  2.315709e-01  3.000000e-07
 12  85  1 -1  0  1  2.674966e-01  3.000000e-07
 12  11  0 -1  0  1  1.778149e-01  3.000000e-07
 12  69  0  0  0  1  1.046538e-01  3.000000e-07
 4  52 -1  0  0  1  1.977541e-01  3.000000e-07
 4  64  0  0  0  1  5.274175e-02  3.000000e-07
 4  66  0  0  0  1  1.076180e-01  3.000000e-07
 14  79  0  1  0  1  2.880396e-01  3.000000e-07
 14  81  0  1  0  1  3.246405e-01  3.000000e-07
 14  80  0  0  0  1  1.280508e-01  3.000000e-07
 14  11  0  0  0  1  1.413889e-01  3.000000e-07
 60  58  0  0  0  1  1.508686e-01  3.000000e-07
 60  54  0  0  0  1  1.928677e-01  3.000000e-07
 60  6  0  0  0  1  5.371679e-02  3.000000e-07
 60  9  0  0  0  1  7.861480e-02  3.000000e-07
 60  10  0  0  0  1  7.031913e-02  3.000000e-07
 52  70  0  0  0  1  1.548830e-01  3.000000e-07
 52  66  1  0  0  1  2.016612e-01  3.000000e-07
 75  82  0  0  0  1  1.592200e-01  3.000000e-07
 75  76 -1  0  0  1  2.215602e-01  3.000000e-07
 15  89  0  0  0  1  2.097657e-01  3.000000e-07
 15  55  0  0  0  1  1.830748e-01  3.000000e-07
 15  56  0  0  0  1  8.846739e-02  3.000000e-07
 15  11  0  0  0  1  1.819076e-01  3.000000e-07
 15  76  0  0  0  1  2.082539e-01  3.000000e-07
 79  81  0  0  0  1  1.040083e-01  3.000000e-07
 79  0  0 -1  0  1  2.129842e-01  3.000000e-07
 79  62  0 -1  0  1  1.497571e-01  3.000000e-07
 79  67  0  0  0  1  1.377977e-01  3.000000e-07
 7  54  0  0  0  1  8.158346e-02  3.000000e-07
 7  86  0  0  0  1  1.399573e-01  3.000000e-07
 7  8  0  0  0  1  1.664624e-01  3.000000e-07
 58  81  0  0  0  1  2.000790e-01  3.000000e-07
 58  13  0  0  0  1  2.057923e-01  3.000000e-07
 58  53  0  0  0  1  1.407590e-01  3.000000e-07
 58  54  0  0  0  1  2.233900e-01  3.000000e-07
 58  57  0  0  0  1  1.409442e-01  3.000000e-07
 64  67  0  0  0  1  1.424982e-01  3.000000e-07
 64  66  0  0  0  1  1.022100e-01  3.000000e-07
 64  6  0  0  0  1  1.571636e-01  3.000000e-07
 64  10  0  0  0  1  1.463550e-01  3.000000e-07
 63  85  1 -1  0  1  2.672463e-01  3.000000e-07
 63  66  1  0  0  1  2.225463e-01  3.000000e-07
 63  69  0  0  0  1  7.169308e-02  3.000000e-07
 89  85  1  0  0  1  1.256194e-01  3.000000e-07
 89  11  0  0  0  1  1.886351e-01  3.000000e-07
 89  76  0  0  0  1  2.108141e-01  3.000000e-07
 68  55  0  0  0  1  7.281493e-02  3.000000e-07
 68  74  0  0  0  1  8.196643e-02  3.000000e-07
 68  76  0  0  0  1  1.559451e-01  3.000000e-07
 82  86  0  0  0  1  1.654789e-01  3.000000e-07
 82  9  0  0  0  1  1.602180e-01  3.000000e-07
 81  13  0  0  0  1  2.593837e-01  3.000000e-07
 81  53  0  0  0  1  1.111267e-01  3.000000e-07
 81  67  0  0  0  1  1.104329e-01  3.000000e-07
 80  56  0  0  0  1  2.252995e-01  3.000000e-07
 84  55  0  0  0  1  2.218275e-01  3.000000e-07
 84  8  0  0  0  1  1.298340e-01  3.000000e-07
 84  57  0  0  0  1  8.296990e-02  3.000000e-07
 13  70  0  0  0  1  2.140812e-01  3.000000e-07
 13  11  0 -1  0  1  2.810867e-01  3.000000e-07
 13  69  0  0  0  1  2.273885e-01  3.000000e-07
 0  62  0  0  0  1  1.429009e-01  3.000000e-07
 0  67  0  1  0  1  2.696041e-01  3.000000e-07
 0  86  0  0  0  1  2.435427e-01  3.000000e-07
 0  66  0  1  0  1  2.565242e-01  3.000000e-07
 53  67  0  0  0  1  1.301295e-01  3.000000e-07
 53  6  0  0  0  1  7.252822e-02  3.000000e-07
 1  85  0  0  0  1  1.091586e-01  3.000000e-07
 1  86  0  0  0  1  2.440008e-01  3.000000e-07
 1  66  0  1  0  1  2.548677e-01  3.000000e-07
 85  66  0  1  0  1  2.834061e-01  3.000000e-07
 85  76 -1  0  0  1  2.693371e-01  3.000000e-07
 54  8  0  0  0  1  1.246123e-01  3.000000e-07
 54  57  0  0  0  1  1.886622e-01  3.000000e-07
 54  9  0  0  0  1  1.574526e-01  3.000000e-07
 3  70  0  0  0  1  6.410708e-02  3.000000e-07
 3  72  0  0  0  1  1.084571e-01  3.000000e-07
 3  74  0  0  0  1  1.087432e-01  3.000000e-07
 62  86  0  0  0  1  2.508284e-01  3.000000e-07
 67  6  0  0  0  1  1.135724e-01  3.000000e-07
 55  56  0  0  0  1  1.791739e-01  3.000000e-07
 55  74  0  0  0  1  1.055247e-01  3.000000e-07
 55  76  0  0  0  1  1.281655e-01  3.000000e-07
 56  8  0  0  0  1  2.300287e-01  3.000000e-07
 70  57  0  0  0  1  2.689163e-01  3.000000e-07
 70  74  0  0  0  1  1.353040e-01  3.000000e-07
 70  69  0  0  0  1  1.954184e-01  3.000000e-07
 71  72 -1  0  0  1  2.192355e-01  3.000000e-07
 71  5  0  0  0  1  2.025062e-01  3.000000e-07
 71  65  0  0  0  1  2.334099e-01  3.000000e-07
 71  76 -1  0  0  1  1.978289e-01  3.000000e-07
 8  57  0  0  0  1  1.292937e-01  3.000000e-07
 72  74  0  0  0  1  9.154900e-02  3.000000e-07
 72  76  0  0  0  1  1.575810e-01  3.000000e-07
 57  74  0  0  0  1  2.200712e-01  3.000000e-07
 5  65  0  0  0  1  1.439733e-01  3.000000e-07
 5  9  0  0  0  1  5.954846e-02  3.000000e-07
 5  10  0  0  0  1  8.650080e-02  3.000000e-07
 65  10  0  0  0  1  1.466532e-01  3.000000e-07
 69  66  1  0  0  1  2.185897e-01  3.000000e-07
 9  10  0  0  0  1  5.398951e-02  3.000000e-07
-2.833320e-01  4.420662e-01  0
-3.313559e-01  4.285185e-01  0
 4.015152e-01 -9.733323e-02  0
 3.569127e-01 -9.239857e-02  0
-3.720603e-01 -2.153417e-01  0
-2.399256e-01 -9.346526e-02  0
-1.754133e-01 -1.909790e-01  0
-1.692267e-01  8.140678e-02  0
-2.787963e-03  8.421551e-02  0
-1.847507e-01 -1.158650e-01  0
-1.968544e-01 -1.684803e-01  0
 2.671563e-01  4.375458e-01  0
 3.692910e-01 -4.168979e-01  0
 1.702068e-01 -2.986161e-01  0
 1.257766e-01  4.359295e-01  0
 2.642804e-01  2.556609e-01  0
-2.402526e-01  2.358781e-01 -3.109563e-01
 1.585324e-01 -1.720933e-02 -2.595748e-01
 3.598148e-01 -1.091512e-01 -2.962526e-01
 5.980035e-02 -3.511058e-01 -1.791852e-01
-6.028831e-02 -2.331620e-01 -4.187461e-01
-1.237288e-01 -2.640133e-01 -2.203245e-01
-4.697218e-02 -1.142178e-01 -1.677961e-01
 1.083170e-01 -1.122373e-01 -2.824591e-01
 1.800465e-02 -7.934008e-02 -1.923238e-01
 2.772440e-01  1.024351e-03  1.350754e-01
 3.488453e-01  3.152412e-02  1.094894e-01
-1.253503e-01 -3.677687e-01  4.079714e-01
 3.017244e-01 -2.976569e-01  2.550121e-01
-2.124465e-01  2.203124e-01  3.703836e-01
 2.180588e-01  2.585674e-01 -4.285655e-01
-1.098545e-01  1.660439e-01  4.137047e-01
-4.112680e-01  4.274590e-01  2.571736e-01
 4.396317e-01  1.287324e-01  2.704059e-01
 8.361124e-02  2.860583e-01  3.184312e-01
 4.290442e-01 -4.065453e-01  3.995918e-01
-4.824760e-02  9.307283e-03  3.546978e-01
-9.128488e-02 -2.776421e-01  1.743174e-01
 7.658623e-02  3.754280e-01  2.096609e-01
 8.398821e-02  2.760433e-01  3.080572e-01
 4.935716e-02 -3.045479e-01  3.202867e-01
-4.173727e-01 -1.609646e-01  3.510217e-01
 1.221876e-01 -9.172986e-02 -3.435253e-01
-4.416362e-01  3.561852e-01 -2.676658e-01
 2.256643e-01 -2.583709e-01 -3.224336e-01
-8.072125e-02  3.730196e-02 -4.374554e-01
-2.149043e-01  2.719663e-01 -4.373304e-01
-1.349547e-01  3.700845e-01 -3.985265e-01
-2.296061e-02 -4.041089e-01 -4.311329e-01
 3.005830e-01 -1.862437e-01 -3.262239e-01
-4.100367e-01  9.139983e-03  3.310801e-01
-1.130521e-01 -4.023968e-01 -1.057206e-01
 4.316360e-01 -2.392483e-01  0
-1.054841e-01 -2.102208e-01  0
-1.116616e-01  2.359574e-02  0
 3.385395e-01  8.832302e-02  0
 1.970126e-01  1.982021e-01  0
 7.150690e-02 -2.160106e-02  0
 2.363143e-02 -1.541650e-01  0
-4.353593e-01 -2.150018e-01  1.284751e-01
-1.265356e-01 -1.686976e-01  0
-2.473338e-01  3.053128e-03  0
-1.407099e-01  4.331436e-01  0
 4.026499e-01 -3.874253e-01  0
-3.250070e-01 -2.391677e-01  0
-3.408810e-01 -1.961119e-01  0
-3.845674e-01 -3.222305e-01  0
-1.973161e-01 -3.024194e-01  0
 3.681608e-01  2.180542e-02  0
 3.969328e-01 -3.159606e-01  0
 3.132704e-01 -1.393567e-01  0
-4.008532e-01  2.946182e-02  0
 3.804958e-01  1.346350e-02  0
-3.700293e-01 -1.982425e-01 -2.858533e-01
 2.910170e-01 -5.895215e-03  0
-3.480119e-01  7.151924e-02  0
 4.472515e-01  1.562061e-01  0
-1.575122e-01  2.009795e-01  0
 1.856930e-02  3.541699e-01  0
-1.225948e-01 -4.181990e-01  0
 3.068413e-02  3.501716e-01  0
-8.829314e-02 -3.200098e-01  0
-1.911487e-01  4.422517e-02  0
 1.365034e-01  3.472827e-01  0
 1.209830e-01  4.500311e-02  0
-4.364926e-01  3.991609e-01  0
-2.393549e-01  2.025269e-01  0
 1.708229e-01  2.901328e-01 -2.249356e-01
 8.107712e-02  3.884814e-01  1.157214e-01
 4.420860e-01  3.669569e-01  0