 718  90  1.200000e-05  67 -2 -2
 21  39  0  0  0  3  3.181364e-01  1.000000e-07
 21  50  0  0  0  3  2.457201e-01  1.000000e-07
 21  81  0  0  0  3  4.375109e-01  1.000000e-07
 21  23  0  0  0  3  1.077735e-01  1.000000e-07
 21  24  0  0  0  3  2.259254e-01  1.000000e-07
 21  38  0  0  1  3  4.564478e-01  1.000000e-07
 39  22  0  1  0  3  5.118763e-01  1.000000e-07
 39  43  1  0  0  3  4.725999e-01  1.000000e-07
 39  46  0  1  0  3  4.641348e-01  1.000000e-07
 39  24  0  0  0  3  3.882911e-01  1.000000e-07
 39  44  1  1  0  3  6.824349e-01  1.000000e-07
 39  29  1  0  1  3  5.353827e-01  1.000000e-07
 39  34  1  1  1  3  6.642694e-01  1.000000e-07
 80  15  0  0  0  3  2.724113e-01  1.000000e-07
 80  27  0  0  0  3  1.268018e-01  1.000000e-07
 80  16  0  0  0  3  2.555080e-01  1.000000e-07
 80  42  0  0  0  3  1.111167e-01  1.000000e-07
 80  19  0  0  0  3  2.778696e-01  1.000000e-07
 80  22 -1  0  0  3  4.752380e-01  1.000000e-07
 80  44  0  0  0  3  4.331989e-01  1.000000e-07
 15  16  0  0  0  3  3.512512e-01  1.000000e-07
 15  42  0  0  0  3  2.288130e-01  1.000000e-07
 15  43  0  0  0  3  2.411253e-01  1.000000e-07
 27  42  0  0  0  3  7.112550e-02  1.000000e-07
 27  43  0  0  0  3  2.756504e-01  1.000000e-07
 27  26  0  0  0  3  1.300615e-01  1.000000e-07
 27  51 -1  0  1  3  6.407241e-01  1.000000e-07
 27  36 -1  0  1  3  6.104435e-01  1.000000e-07
 27  38 -1  0  1  3  4.561435e-01  1.000000e-07
 27  82  0  0  1  3  5.676331e-01  1.000000e-07
 27  34  0  0  1  3  6.121014e-01  1.000000e-07
 16  14  0  0  0  3  2.274383e-01  1.000000e-07
 16  46  0  0  0  3  3.206118e-01  1.000000e-07
 16  44  0  0  0  3  3.315751e-01  1.000000e-07
 42  50 -1  0  0  3  2.220350e-01  1.000000e-07
 42  19  0  0  0  3  3.039312e-01  1.000000e-07
 42  43  0  0  0  3  2.528165e-01  1.000000e-07
 42  26  0  0  0  3  1.079002e-01  1.000000e-07
 50  26  1  0  0  3  1.998080e-01  1.000000e-07
 50  23  0  0  0  3  2.948292e-01  1.000000e-07
 50  24  0  0  0  3  3.906533e-01  1.000000e-07
 50  38  0  0  1  3  4.077614e-01  1.000000e-07
 50  25  0  0  1  3  4.282495e-01  1.000000e-07
 81  14  0  1  0  3  3.335099e-01  1.000000e-07
 81  26  0  0  0  3  3.754822e-01  1.000000e-07
 81  24  0  0  0  3  3.745248e-01  1.000000e-07
 81  44  0  1  0  3  2.727694e-01  1.000000e-07
 81  45  0  0  0  3  1.674468e-01  1.000000e-07
 19  43  0  0  0  3  4.050448e-01  1.000000e-07
 19  46  0  0  0  3  1.880996e-01  1.000000e-07
 19  24  0  0  0  3  2.477777e-01  1.000000e-07
 19  44  0  0  0  3  2.300907e-01  1.000000e-07
 19  35  0  0  1  3  4.265516e-01  1.000000e-07
 19  20  0  0  1  3  4.054322e-01  1.000000e-07
 19  25  0  0  1  3  4.272373e-01  1.000000e-07
 22  46  0  0  0  3  2.363614e-01  1.000000e-07
 22  23  0  0  0  3  2.762247e-01  1.000000e-07
 22  24  0  0  0  3  2.546415e-01  1.000000e-07
 22  44  1  0  0  3  7.255346e-01  1.000000e-07
 22  51  0  0  1  3  5.299768e-01  1.000000e-07
 22  36  0  0  1  3  2.921364e-01  1.000000e-07
 22  38  0  0  1  3  3.418043e-01  1.000000e-07
 14  45  0 -1  0  3  3.430133e-01  1.000000e-07
 43  26  0  0  0  3  1.939887e-01  1.000000e-07
 43  24  0  0  0  3  3.810424e-01  1.000000e-07
 43  32  0  0  1  3  3.635082e-01  1.000000e-07
 43  34  0  1  1  3  4.596988e-01  1.000000e-07
 26  37 -1  0  1  3  4.488337e-01  1.000000e-07
 26  38 -1  0  1  3  4.505615e-01  1.000000e-07
 46  23  0  0  0  3  3.698447e-01  1.000000e-07
 46  24  0  0  0  3  3.180964e-01  1.000000e-07
 46  45  0 -1  0  3  3.028696e-01  1.000000e-07
 46  36  0  0  1  3  3.035846e-01  1.000000e-07
 46  20  0  0  1  3  3.365176e-01  1.000000e-07
 23  24  0  0  0  3  2.030136e-01  1.000000e-07
 44  36 -1  0  1  3  7.530502e-01  1.000000e-07
 44  34  0  0  1  3  3.699661e-01  1.000000e-07
 45  30  0  1  1  3  4.781855e-01  1.000000e-07
 45  41  0  0  1  3  5.004101e-01  1.000000e-07
 45  36  0  1  1  3  3.597225e-01  1.000000e-07
 45  20  0  1  1  3  4.300796e-01  1.000000e-07
 45  32  0  0  1  3  4.204810e-01  1.000000e-07
 17  51 -1  0  0  3  4.945992e-01  1.000000e-07
 17  51 -1  1  0  3  5.637818e-01  1.000000e-07
 17  37 -1  0  0  3  2.212116e-01  1.000000e-07
 17  82  0  0  0  3  4.017136e-01  1.000000e-07
 17  18 -1  0  0  3  2.166387e-01  1.000000e-07
 17  83  0  0  0  3  3.089520e-01  1.000000e-07
 30  41  0 -1  0  3  4.502804e-01  1.000000e-07
 30  52  0  0  0  3  1.323399e-01  1.000000e-07
 30  36  0  0  0  3  2.761551e-01  1.000000e-07
 30  31  0 -1  0  3  3.355837e-01  1.000000e-07
 30  40  0  0  0  3  2.598570e-01  1.000000e-07
 30  32  0 -1  0  3  4.088003e-01  1.000000e-07
 30  34  0  0  0  3  2.471396e-01  1.000000e-07
 51  52  0  0  0  3  3.823129e-01  1.000000e-07
 51  18  0 -1  0  3  5.539407e-01  1.000000e-07
 28  52  0  0  0  3  2.202159e-01  1.000000e-07
 28  40  0  0  0  3  2.089960e-01  1.000000e-07
 28  37 -1  0  0  3  5.656703e-01  1.000000e-07
 28  33  0 -1  0  3  5.165221e-01  1.000000e-07
 28  82  0  0  0  3  2.032304e-01  1.000000e-07
 28  83  0  0  0  3  4.085652e-01  1.000000e-07
 41  35  0  0  0  3  3.570165e-01  1.000000e-07
 41  36  0  1  0  3  4.708982e-01  1.000000e-07
 41  31  0  0  0  3  1.884099e-01  1.000000e-07
 41  32  0  0  0  3  3.137161e-01  1.000000e-07
 41  38  0  0  0  3  2.789691e-01  1.000000e-07
 41  18  0  0  0  3  1.940249e-01  1.000000e-07
 35  20  0  0  0  3  3.104981e-01  1.000000e-07
 35  40  0  0  0  3  1.655419e-01  1.000000e-07
 35  32  0  0  0  3  2.731847e-01  1.000000e-07
 35  38  0  0  0  3  3.704121e-01  1.000000e-07
 35  29  0  0  0  3  3.933734e-01  1.000000e-07
 35  82  0  0  0  3  8.210471e-02  1.000000e-07
 35  25  0  0  0  3  3.208284e-01  1.000000e-07
 52  20  0  0  0  3  2.146695e-01  1.000000e-07
 52  40  0  0  0  3  1.624863e-01  1.000000e-07
 36  29  1 -1  0  3  6.219820e-01  1.000000e-07
 36  25  0  0  0  3  3.025521e-01  1.000000e-07
 31  32  0  0  0  3  1.988707e-01  1.000000e-07
 31  33  0  0  0  3  3.258176e-01  1.000000e-07
 20  44  0  0 -1  3  3.555669e-01  1.000000e-07
 20  40  0  0  0  3  2.681137e-01  1.000000e-07
 20  82  0  0  0  3  3.210809e-01  1.000000e-07
 20  25  0  0  0  3  2.942951e-01  1.000000e-07
 40  82  0  0  0  3  1.231877e-01  1.000000e-07
 40  25  0  0  0  3  3.584800e-01  1.000000e-07
 40  83  0  0  0  3  3.346093e-01  1.000000e-07
 32  38  0  0  0  3  4.522073e-01  1.000000e-07
 32  29  0  0  0  3  2.088866e-01  1.000000e-07
 32  34  0  1  0  3  3.141219e-01  1.000000e-07
 37  38  0  0  0  3  2.103190e-01  1.000000e-07
 37  33  1  0  0  3  3.377667e-01  1.000000e-07
 37  29  1  0  0  3  2.750314e-01  1.000000e-07
 37  82  1  0  0  3  5.347179e-01  1.000000e-07
 37  25  0  0  0  3  3.327554e-01  1.000000e-07
 37  18  0  0  0  3  1.386698e-01  1.000000e-07
 38  25  0  0  0  3  1.438597e-01  1.000000e-07
 33  29  0  0  0  3  1.756767e-01  1.000000e-07
 33  83  0  0  0  3  2.001628e-01  1.000000e-07
 33  34  0  1  0  3  3.059006e-01  1.000000e-07
 29  82  0  0  0  3  4.091264e-01  1.000000e-07
 29  83  0  0  0  3  2.768574e-01  1.000000e-07
 29  34  0  1  0  3  2.909226e-01  1.000000e-07
 25  18  0  0  0  3  3.453221e-01  1.000000e-07
 23  63  0  0  0  3  1.902944e-01  1.000000e-07
 70  18  0  0  0  3  2.150730e-01  1.000000e-07
 81  0  0  0  0  3  3.199231e-01  1.000000e-07
 84  33  0  0  0  3  1.418508e-01  1.000000e-07
 15  68  0  0  0  3  2.941005e-01  1.000000e-07
 71  40  0  0  0  3  1.583489e-01  1.000000e-07
 15  68  0  0  0  3  2.635491e-01  1.000000e-07
 2  82  0  0  0  3  2.002501e-01  1.000000e-07
 16  57  0  0  0  3  1.385875e-01  1.000000e-07
 53  52  0  0  0  3  1.500186e-01  1.000000e-07
 81  62  0  0  0  3  3.024267e-01  1.000000e-07
 60  31  0  0  0  3  1.343795e-01  1.000000e-07
 14  57  0  0  0  3  1.859177e-01  1.000000e-07
 53  28  0  0  0  3  1.539149e-01  1.000000e-07
 50  9  0  0  0  3  3.201150e-01  1.000000e-07
 48  51  0  0  0  3  1.990139e-01  1.000000e-07
 14  86  0 -1  0  3  2.493849e-01  1.000000e-07
 60  33  0  0  0  3  2.611161e-01  1.000000e-07
 14  57  0  0  0  3  1.344136e-01  1.000000e-07
 10  52  0  0  0  3  1.216214e-01  1.000000e-07
 15  88  0  0  0  3  2.630768e-01  1.000000e-07
 1  83  0  0  0  3  1.250523e-01  1.000000e-07
 23  47  0  0  0  3  2.200041e-01  1.000000e-07
 8  52  0  0  0  3  1.643246e-01  1.000000e-07
 81  87  0  0  0  3  3.070389e-01  1.000000e-07
 3  83  0  0  0  3  1.278109e-01  1.000000e-07
 15  55  0  0  0  3  3.279798e-01  1.000000e-07
 49  28  0  0  0  3  1.312999e-01  1.000000e-07
 80  59  0  0  0  3  2.713549e-01  1.000000e-07
 85  17  0  0  0  3  1.456045e-01  1.000000e-07
 16  58  0  0  0  3  2.056614e-01  1.000000e-07
 77  51 -1  0  0  3  2.959412e-01  1.000000e-07
 23  73  0  0  0  3  2.492215e-01  1.000000e-07
 67  83  0  0  0  3  2.022285e-01  1.000000e-07
 26  85  0  0  0  3  3.431349e-01  1.000000e-07
 84  33  0  0  0  3  1.406878e-01  1.000000e-07
 14  57  0  0  0  3  1.217163e-01  1.000000e-07
 56  30  0  0  0  3  2.027750e-01  1.000000e-07
 21  63  0  0  0  3  1.767001e-01  1.000000e-07
 70  18  0  0  0  3  1.875498e-01  1.000000e-07
 15  62  0  0  0  3  3.098327e-01  1.000000e-07
 87  31  0  0  0  3  1.572080e-01  1.000000e-07
 50  66  0  0  0  3  2.462618e-01  1.000000e-07
 79  18  0  0  0  3  1.742734e-01  1.000000e-07
 14  57  0  0  0  3  1.949976e-01  1.000000e-07
 65  31  0 -1  0  3  2.046065e-01  1.000000e-07
 14  69  0 -1  0  3  2.151653e-01  1.000000e-07
 72  41  0  0  0  3  3.137051e-01  1.000000e-07
 39  79  0  0  0  3  3.603707e-01  1.000000e-07
 63  18  0  0  0  3  1.785818e-01  1.000000e-07
 21  73  0  0  0  3  2.543263e-01  1.000000e-07
 64  83  0  0  0  3  1.938063e-01  1.000000e-07
 80  1  0  0  0  3  3.146559e-01  1.000000e-07
 61  83  0  0  0  3  1.740572e-01  1.000000e-07
 23  48  0  0  0  3  2.362579e-01  1.000000e-07
 13  51  0  0  0  3  2.345792e-01  1.000000e-07
 16  56  0  0  0  3  1.187615e-01  1.000000e-07
 57  34  0  0  0  3  3.248839e-01  1.000000e-07
 26  85  0  0  0  3  3.140467e-01  1.000000e-07
 59  17  0  0  0  3  1.172615e-01  1.000000e-07
 45  62  0  0  0  3  3.882694e-01  1.000000e-07
 54  31  0  0  0  3  1.295464e-01  1.000000e-07
 21  64  0  0  0  3  2.269190e-01  1.000000e-07
 89  31  0  0  0  3  1.845805e-01  1.000000e-07
 42  85  0  0  0  3  2.974187e-01  1.000000e-07
 59  17  0  0  0  3  1.258806e-01  1.000000e-07
 16  49  0  0  0  3  1.028562e-01  1.000000e-07
 53  28  0  0  0  3  1.018697e-01  1.000000e-07
 8  71  0  0  0  2  8.652509e-02  2.000000e-07
 8  11  0  0  0  2  2.592956e-01  2.000000e-07
 8  62  0  0  0  2  4.066310e-01  2.000000e-07
 8  65  0  0  0  2  3.815045e-01  2.000000e-07
 8  68  0  0  0  2  1.972889e-01  2.000000e-07
 8  56  0  0  0  2  3.950839e-01  2.000000e-07
 8  49  0  0  0  2  2.750539e-01  2.000000e-07
 8  53  0  0  0  2  2.422911e-01  2.000000e-07
 8  12  0  0  0  2  9.731234e-02  2.000000e-07
 8  69  0 -1  0  2  4.877403e-01  2.000000e-07
 8  7  0  0  0  2  7.007362e-02  2.000000e-07
 8  73  0  0  0  2  2.173927e-01  2.000000e-07
 8  63  0  0  0  2  1.626063e-01  2.000000e-07
 8  64  0  0  0  2  3.000717e-01  2.000000e-07
 67  71  0  0  0  2  1.068393e-01  2.000000e-07
 67  70  0  0  0  2  9.156920e-02  2.000000e-07
 67  68  0  0  0  2  1.252499e-01  2.000000e-07
 67  55  0  0  0  2  2.477314e-01  2.000000e-07
 67  54  0  0  0  2  3.678939e-01  2.000000e-07
 67  60  0  0  0  2  3.979362e-01  2.000000e-07
 67  3  0  0  0  2  2.907506e-01  2.000000e-07
 67  72  0  0  0  2  3.865025e-01  2.000000e-07
 67  1  0  0  0  2  2.400368e-01  2.000000e-07
 67  6  0  0  0  2  9.579111e-02  2.000000e-07
 67  57  0  0  0  2  3.579466e-01  2.000000e-07
 67  79  0  0  0  2  4.632663e-01  2.000000e-07
 67  2  0  0  0  2  2.452868e-01  2.000000e-07
 67  4  0  0  0  2  3.106328e-01  2.000000e-07
 67  7  0  0  0  2  1.564353e-01  2.000000e-07
 67  73  0  0  0  2  9.746726e-02  2.000000e-07
 67  63  0  0  0  2  1.817110e-01  2.000000e-07
 67  88  0  0  0  2  2.369345e-01  2.000000e-07
 66  47  0  0  0  2  2.831517e-01  2.000000e-07
 66  70  0  0  0  2  2.530862e-01  2.000000e-07
 66  55  1  0  0  2  4.510702e-01  2.000000e-07
 66  75  0  1  0  2  5.636051e-01  2.000000e-07
 66  84  1  0  0  2  4.523011e-01  2.000000e-07
 66  10  0  0  0  2  2.850838e-01  2.000000e-07
 66  9  0  0  0  2  1.935251e-01  2.000000e-07
 66  61  1  0  0  2  4.410780e-01  2.000000e-07
 66  72  0  0  0  2  5.542383e-01  2.000000e-07
 66  48  0  0  0  2  1.198942e-01  2.000000e-07
 66  49  1  0  0  2  4.481363e-01  2.000000e-07
 66  53  1  0  0  2  4.856268e-01  2.000000e-07
 66  79  0  0  0  2  3.031254e-01  2.000000e-07
 66  12  0  0  0  2  2.542651e-01  2.000000e-07
 66  2  1  0  0  2  4.134546e-01  2.000000e-07
 66  89  0  0  0  2  4.047269e-01  2.000000e-07
 66  85  1  0  0  2  3.803156e-01  2.000000e-07
 66  7  0  0  0  2  2.363267e-01  2.000000e-07
 66  63  0  0  0  2  1.629392e-01  2.000000e-07
 66  77  1  0  0  2  4.565577e-01  2.000000e-07
 66  58  1  0  0  2  4.098561e-01  2.000000e-07
 66  59  1  0  0  2  2.870036e-01  2.000000e-07
 66  64  0  0  0  2  3.818053e-01  2.000000e-07
 71  11  0  0  0  2  3.332026e-01  2.000000e-07
 71  65  0  0  0  2  4.319574e-01  2.000000e-07
 71  68  0  0  0  2  1.217035e-01  2.000000e-07
 71  55  0  0  0  2  1.765730e-01  2.000000e-07
 71  56  0  0  0  2  3.400055e-01  2.000000e-07
 71  49  0  0  0  2  1.942370e-01  2.000000e-07
 71  57  0  0  0  2  2.515611e-01  2.000000e-07
 71  2  0  0  0  2  2.246926e-01  2.000000e-07
 71  7  0  0  0  2  1.556557e-01  2.000000e-07
 71  63  0  0  0  2  2.342000e-01  2.000000e-07
 71  13  0  0  0  2  3.074086e-01  2.000000e-07
 71  59  0  0  0  2  3.404063e-01  2.000000e-07
 11  65  0  0  0  2  1.768710e-01  2.000000e-07
 11  76  0  0  0  2  1.783092e-01  2.000000e-07
 11  48  0  0  0  2  1.557684e-01  2.000000e-07
 11  49  1  0  0  2  5.581367e-01  2.000000e-07
 11  57  0  0  0  2  3.924709e-01  2.000000e-07
 11  12  0  0  0  2  1.632781e-01  2.000000e-07
 11  74  0  0  0  2  2.020510e-01  2.000000e-07
 11  7  0  0  0  2  2.193988e-01  2.000000e-07
 11  63  0  0  0  2  2.758440e-01  2.000000e-07
 11  13  0  0  0  2  4.479995e-02  2.000000e-07
 11  78  0  0  0  2  1.750849e-01  2.000000e-07
 11  59  1  0  0  2  4.791938e-01  2.000000e-07
 47  70  0  0  0  2  1.342109e-01  2.000000e-07
 47  55  0  0  0  2  2.945901e-01  2.000000e-07
 47  10  0  0  0  2  1.022756e-01  2.000000e-07
 47  9  0  0  0  2  2.763036e-01  2.000000e-07
 47  72  0 -1  0  2  4.798413e-01  2.000000e-07
 47  48  0  0  0  2  2.072188e-01  2.000000e-07
 47  6  0  0  0  2  7.418483e-02  2.000000e-07
 47  53  0  0  0  2  2.700484e-01  2.000000e-07
 47  57  0  0  0  2  2.970035e-01  2.000000e-07
 47  7  0  0  0  2  5.251503e-02  2.000000e-07
 47  73  0  0  0  2  2.610100e-01  2.000000e-07
 47  13  0  0  0  2  1.827500e-01  2.000000e-07
 47  64  0  0  0  2  3.347394e-01  2.000000e-07
 62  68  0  0  0  2  3.040603e-01  2.000000e-07
 62  54  0  0  0  2  1.041926e-01  2.000000e-07
 62  87  0  0  0  2  1.440803e-01  2.000000e-07
 62  69  0  0  0  2  1.258690e-01  2.000000e-07
 62  4  0  0  0  2  1.079181e-01  2.000000e-07
 62  63  0  0  0  2  3.827154e-01  2.000000e-07
 62  88  0  0  0  2  1.843303e-01  2.000000e-07
 62  64  0  0  0  2  1.295230e-01  2.000000e-07
 65  75  0  0  0  2  1.131838e-01  2.000000e-07
 65  54  0 -1  0  2  2.505097e-01  2.000000e-07
 65  10  0  0  0  2  2.402227e-01  2.000000e-07
 65  76  0  0  0  2  1.647626e-01  2.000000e-07
 65  56  0  0  0  2  4.734746e-01  2.000000e-07
 65  57  0  0  0  2  3.790639e-01  2.000000e-07
 65  79  0 -1  0  2  3.334809e-01  2.000000e-07
 65  12  0  0  0  2  3.021248e-01  2.000000e-07
 65  74  0  0  0  2  1.719334e-01  2.000000e-07
 65  69  0 -1  0  2  2.575112e-01  2.000000e-07
 65  4  0 -1  0  2  2.701872e-01  2.000000e-07
 65  89  0 -1  0  2  3.444751e-01  2.000000e-07
 65  13  0  0  0  2  2.202293e-01  2.000000e-07
 65  78  0  0  0  2  1.709265e-01  2.000000e-07
 70  54  0  0  0  2  3.860760e-01  2.000000e-07
 70  3  0  0  0  2  3.668056e-01  2.000000e-07
 70  48  0  0  0  2  2.376711e-01  2.000000e-07
 70  6  0  0  0  2  1.061620e-01  2.000000e-07
 70  79  0  0  0  2  3.978535e-01  2.000000e-07
 70  4  0  0  0  2  3.177605e-01  2.000000e-07
 70  89  0  0  0  2  2.440195e-01  2.000000e-07
 70  7  0  0  0  2  9.900286e-02  2.000000e-07
 70  73  0  0  0  2  1.666936e-01  2.000000e-07
 70  63  0  0  0  2  9.014730e-02  2.000000e-07
 68  56  0  0  0  2  3.685637e-01  2.000000e-07
 68  1  0  0  0  2  1.609067e-01  2.000000e-07
 68  87  0  0  0  2  2.829991e-01  2.000000e-07
 68  2  0  0  0  2  1.205425e-01  2.000000e-07
 68  4  0  0  0  2  3.642463e-01  2.000000e-07
 68  63  0  0  0  2  3.053963e-01  2.000000e-07
 68  59  0  0  0  2  2.465143e-01  2.000000e-07
 68  88  0  0  0  2  1.735554e-01  2.000000e-07
 68  64  0  0  0  2  2.570626e-01  2.000000e-07
 55  56  0  0  0  2  2.341043e-01  2.000000e-07
 55  61  0  0  0  2  2.993942e-01  2.000000e-07
 55  3  0  0  0  2  3.273330e-01  2.000000e-07
 55  6  0  0  0  2  2.417109e-01  2.000000e-07
 55  53  0  0  0  2  5.088757e-02  2.000000e-07
 55  57  0  0  0  2  2.050666e-01  2.000000e-07
 55  2  0  0  0  2  1.196414e-01  2.000000e-07
 55  5  0  0  0  2  2.755596e-01  2.000000e-07
 55  73  0  0  0  2  2.695484e-01  2.000000e-07
 55  77  0  0  0  2  2.603055e-01  2.000000e-07
 55  58  0  0  0  2  2.228054e-01  2.000000e-07
 55  59  0  0  0  2  1.872322e-01  2.000000e-07
 75  84  1 -1  0  2  3.897700e-01  2.000000e-07
 75  10  0  0  0  2  3.004742e-01  2.000000e-07
 75  9  0  0  0  2  2.466531e-01  2.000000e-07
 75  76  0  0  0  2  7.129961e-02  2.000000e-07
 75  61  1 -1  0  2  5.530370e-01  2.000000e-07
 75  72  0 -1  0  2  3.476155e-01  2.000000e-07
 75  79  0 -1  0  2  2.727741e-01  2.000000e-07
 75  79  0 -1  0  2  2.727741e-01  2.000000e-07
 75  74  0  0  0  2  6.646359e-02  2.000000e-07
 75  69  0 -1  0  2  3.546071e-01  2.000000e-07
 75  0  1 -1  0  2  5.128906e-01  2.000000e-07
 75  89  0 -1  0  2  3.977240e-01  2.000000e-07
 75  77  1  0  0  2  3.830635e-01  2.000000e-07
 75  13  0  0  0  2  2.420106e-01  2.000000e-07
 75  58  1  0  0  2  3.890634e-01  2.000000e-07
 75  64  0 -1  0  2  4.302273e-01  2.000000e-07
 84  60  0  0  0  2  2.783631e-01  2.000000e-07
 84  76 -1  1  0  2  3.860596e-01  2.000000e-07
 84  61  0  0  0  2  1.712578e-01  2.000000e-07
 84  3  0  0  0  2  1.930618e-01  2.000000e-07
 84  1  0  0  0  2  2.457916e-01  2.000000e-07
 84  79 -1  0  0  2  2.537231e-01  2.000000e-07
 84  2  0  0  0  2  3.411391e-01  2.000000e-07
 84  5  0  1  0  2  3.116600e-01  2.000000e-07
 84  0  0  0  0  2  1.251020e-01  2.000000e-07
 84  85  0  0  0  2  8.103802e-02  2.000000e-07
 84  86  0  0  0  2  1.912801e-01  2.000000e-07
 84  77  0  1  0  2  3.354866e-01  2.000000e-07
 84  58  0  1  0  2  3.867821e-01  2.000000e-07
 84  59  0  0  0  2  3.307403e-01  2.000000e-07
 84  88  0  0  0  2  2.447481e-01  2.000000e-07
 54  60  0  0  0  2  1.104806e-01  2.000000e-07
 54  76  0  1  0  2  4.032131e-01  2.000000e-07
 54  56  0  1  0  2  3.930173e-01  2.000000e-07
 54  72  0  0  0  2  2.870612e-02  2.000000e-07
 54  57  0  1  0  2  3.530348e-01  2.000000e-07
 54  79  0  0  0  2  3.882776e-01  2.000000e-07
 54  87  0  0  0  2  2.294537e-01  2.000000e-07
 54  69  0  0  0  2  5.437219e-02  2.000000e-07
 54  5  0  1  0  2  3.753637e-01  2.000000e-07
 54  4  0  0  0  2  7.596809e-02  2.000000e-07
 54  86  0  0  0  2  1.994509e-01  2.000000e-07
 54  13  0  1  0  2  4.455021e-01  2.000000e-07
 54  88  0  0  0  2  2.877880e-01  2.000000e-07
 60  3  0  0  0  2  2.106286e-01  2.000000e-07
 60  72  0  0  0  2  8.716846e-02  2.000000e-07
 60  57  0  1  0  2  2.996198e-01  2.000000e-07
 60  0  0  0  0  2  1.941889e-01  2.000000e-07
 60  86  0  0  0  2  9.011359e-02  2.000000e-07
 60  77  0  1  0  2  3.454612e-01  2.000000e-07
 60  13  0  1  0  2  4.958714e-01  2.000000e-07
 60  58  0  1  0  2  3.956303e-01  2.000000e-07
 60  88  0  0  0  2  2.468135e-01  2.000000e-07
 10  9  0  0  0  2  2.089603e-01  2.000000e-07
 10  72  0 -1  0  2  4.098181e-01  2.000000e-07
 10  49  1  0  0  2  6.469584e-01  2.000000e-07
 10  53  0  0  0  2  3.275700e-01  2.000000e-07
 10  57  0  0  0  2  3.041205e-01  2.000000e-07
 10  12  0  0  0  2  6.233165e-02  2.000000e-07
 10  74  0  0  0  2  3.154565e-01  2.000000e-07
 10  69  0 -1  0  2  3.965205e-01  2.000000e-07
 10  73  0  0  0  2  3.632220e-01  2.000000e-07
 10  77  1  0  0  2  5.521950e-01  2.000000e-07
 10  13  0  0  0  2  9.951439e-02  2.000000e-07
 10  64  0  0  0  2  4.304759e-01  2.000000e-07
 9  76  0  0  0  2  1.911153e-01  2.000000e-07
 9  48  0  0  0  2  1.029925e-01  2.000000e-07
 9  77  1  0  0  2  3.515862e-01  2.000000e-07
 9  13  0  0  0  2  1.115108e-01  2.000000e-07
 9  78  0  0  0  2  1.830794e-01  2.000000e-07
 9  58  1  0  0  2  3.217740e-01  2.000000e-07
 9  59  1  0  0  2  3.570101e-01  2.000000e-07
 76  72  0 -1  0  2  4.132953e-01  2.000000e-07
 76  79  0 -1  0  2  3.165304e-01  2.000000e-07
 76  74  0  0  0  2  2.448458e-02  2.000000e-07
 76  5  1  0  0  2  3.687560e-01  2.000000e-07
 76  85  1 -1  0  2  4.313083e-01  2.000000e-07
 76  13  0  0  0  2  2.149930e-01  2.000000e-07
 76  78  0  0  0  2  9.311165e-03  2.000000e-07
 76  58  1  0  0  2  3.241767e-01  2.000000e-07
 56  49  0  0  0  2  1.996614e-01  2.000000e-07
 56  57  0  0  0  2  1.131037e-01  2.000000e-07
 56  87  0 -1  0  2  3.926845e-01  2.000000e-07
 56  74 -1  0  0  2  3.802485e-01  2.000000e-07
 56  2  0  0  0  2  3.444963e-01  2.000000e-07
 56  69  0 -1  0  2  3.386507e-01  2.000000e-07
 56  5  0  0  0  2  4.156932e-02  2.000000e-07
 56  85  0 -1  0  2  4.342239e-01  2.000000e-07
 56  77  0  0  0  2  6.342726e-02  2.000000e-07
 56  78 -1  0  0  2  3.810496e-01  2.000000e-07
 56  58  0  0  0  2  9.171596e-02  2.000000e-07
 56  59  0  0  0  2  3.469006e-01  2.000000e-07
 61  3  0  0  0  2  6.962902e-02  2.000000e-07
 61  49  0  0  0  2  3.302221e-01  2.000000e-07
 61  79 -1  0  0  2  3.607673e-01  2.000000e-07
 61  87  0  0  0  2  1.174970e-01  2.000000e-07
 61  12 -1  0  0  2  6.951795e-01  2.000000e-07
 61  74 -1  1  0  2  5.317978e-01  2.000000e-07
 61  2  0  0  0  2  1.803170e-01  2.000000e-07
 61  69  0  0  0  2  3.368030e-01  2.000000e-07
 61  0  0  0  0  2  9.460662e-02  2.000000e-07
 61  89 -1  0  0  2  6.946637e-01  2.000000e-07
 61  89  0  0  0  2  3.132952e-01  2.000000e-07
 61  85  0  0  0  2  1.349249e-01  2.000000e-07
 61  73  0  0  0  2  2.389419e-01  2.000000e-07
 61  63 -1  0  0  2  5.823234e-01  2.000000e-07
 61  59  0  0  0  2  2.169684e-01  2.000000e-07
 61  64 -1  0  0  2  6.954475e-01  2.000000e-07
 61  64  0  0  0  2  3.053404e-01  2.000000e-07
 3  72  0  0  0  2  2.665883e-01  2.000000e-07
 3  1  0  0  0  2  7.485827e-02  2.000000e-07
 3  2  0  0  0  2  2.148802e-01  2.000000e-07
 3  0  0  0  0  2  7.511647e-02  2.000000e-07
 3  73  0  0  0  2  2.001243e-01  2.000000e-07
 3  86  0  0  0  2  1.770046e-01  2.000000e-07
 3  88  0  0  0  2  5.771756e-02  2.000000e-07
 72  53  0  1  0  2  4.791084e-01  2.000000e-07
 72  57  0  1  0  2  3.265547e-01  2.000000e-07
 72  79  0  0  0  2  4.146210e-01  2.000000e-07
 72  69  0  0  0  2  2.602257e-02  2.000000e-07
 72  0  0  0  0  2  2.684590e-01  2.000000e-07
 72  89  0  0  0  2  1.657221e-01  2.000000e-07
 72  73  0  0  0  2  3.017843e-01  2.000000e-07
 72  77  0  1  0  2  4.077873e-01  2.000000e-07
 72  13  0  1  0  2  4.413566e-01  2.000000e-07
 1  87  0  0  0  2  1.334488e-01  2.000000e-07
 1  2  0  0  0  2  1.433791e-01  2.000000e-07
 1  85  0  0  0  2  2.132744e-01  2.000000e-07
 1  59  0  0  0  2  2.253722e-01  2.000000e-07
 1  88  0  0  0  2  3.097199e-02  2.000000e-07
 48  7  0  0  0  2  1.752494e-01  2.000000e-07
 48  63  0  0  0  2  1.635752e-01  2.000000e-07
 48  13  0  0  0  2  1.160403e-01  2.000000e-07
 48  78  0  0  0  2  2.788578e-01  2.000000e-07
 48  59  1  0  0  2  3.639853e-01  2.000000e-07
 6  53  0  0  0  2  2.275239e-01  2.000000e-07
 6  57  0  0  0  2  2.930787e-01  2.000000e-07
 6  7  0  0  0  2  9.160674e-02  2.000000e-07
 6  73  0  0  0  2  1.920766e-01  2.000000e-07
 6  13  0  0  0  2  2.563321e-01  2.000000e-07
 49  53  0  0  0  2  3.751921e-02  2.000000e-07
 49  87  0  0  0  2  4.198085e-01  2.000000e-07
 49  12 -1  0  0  2  6.506097e-01  2.000000e-07
 49  12  0  0  0  2  3.497142e-01  2.000000e-07
 49  74 -1  0  0  2  5.014942e-01  2.000000e-07
 49  69  0 -1  0  2  4.782274e-01  2.000000e-07
 49  73  0  0  0  2  3.021276e-01  2.000000e-07
 49  77  0  0  0  2  2.261413e-01  2.000000e-07
 49  59  0  0  0  2  1.992071e-01  2.000000e-07
 49  64  0  0  0  2  4.330503e-01  2.000000e-07
 53  57  0  0  0  2  1.560708e-01  2.000000e-07
 53  12  0  0  0  2  3.137490e-01  2.000000e-07
 53  69  0 -1  0  2  4.540648e-01  2.000000e-07
 53  73  0  0  0  2  2.921642e-01  2.000000e-07
 53  77  0  0  0  2  2.356143e-01  2.000000e-07
 53  58  0  0  0  2  2.069481e-01  2.000000e-07
 57  2  0  0  0  2  3.246939e-01  2.000000e-07
 57  5  0  0  0  2  1.403681e-01  2.000000e-07
 57  7  0  0  0  2  3.489364e-01  2.000000e-07
 57  86  0 -1  0  2  3.010825e-01  2.000000e-07
 57  77  0  0  0  2  1.757360e-01  2.000000e-07
 57  13  0  0  0  2  3.959091e-01  2.000000e-07
 57  58  0  0  0  2  1.878357e-01  2.000000e-07
 79  74  0  1  0  2  2.939537e-01  2.000000e-07
 79  4  0  0  0  2  3.321888e-01  2.000000e-07
 79  85  1  0  0  2  2.305870e-01  2.000000e-07
 79  63  0  0  0  2  3.464979e-01  2.000000e-07
 79  78  0  1  0  2  3.245179e-01  2.000000e-07
 79  59  1  0  0  2  3.756919e-01  2.000000e-07
 79  64  0  0  0  2  3.539152e-01  2.000000e-07
 87  74 -1  1  0  2  5.294964e-01  2.000000e-07
 87  69  0  0  0  2  2.204620e-01  2.000000e-07
 87  5  0  1  0  2  3.565659e-01  2.000000e-07
 87  0  0  0  0  2  5.725501e-02  2.000000e-07
 87  85  0  0  0  2  1.966083e-01  2.000000e-07
 87  73  0  0  0  2  2.309766e-01  2.000000e-07
 87  86  0  0  0  2  1.177117e-01  2.000000e-07
 87  77  0  1  0  2  4.042941e-01  2.000000e-07
 87  88  0  0  0  2  1.110053e-01  2.000000e-07
 87  64  0  0  0  2  2.423095e-01  2.000000e-07
 12  75  0  0  0  2  3.566709e-01  2.000000e-07
 12  74  0  0  0  2  3.653065e-01  2.000000e-07
 12  69  0 -1  0  2  4.510073e-01  2.000000e-07
 12  73  0  0  0  2  3.063668e-01  2.000000e-07
 12  77  1  0  0  2  5.768750e-01  2.000000e-07
 12  59  1  0  0  2  5.259556e-01  2.000000e-07
 12  64  0  0  0  2  3.685116e-01  2.000000e-07
 74  5  1  0  0  2  3.601648e-01  2.000000e-07
 74  0  1 -1  0  2  4.818702e-01  2.000000e-07
 74  85  1 -1  0  2  4.071803e-01  2.000000e-07
 74  77  1  0  0  2  3.178774e-01  2.000000e-07
 74  78  0  0  0  2  3.096789e-02  2.000000e-07
 74  59  1  0  0  2  4.995757e-01  2.000000e-07
 74  64  0 -1  0  2  4.921675e-01  2.000000e-07
 2  85  0  0  0  2  2.797001e-01  2.000000e-07
 2  58  0  0  0  2  3.125254e-01  2.000000e-07
 2  59  0  0  0  2  1.265228e-01  2.000000e-07
 69  0  0  0  0  2  2.653093e-01  2.000000e-07
 69  4  0  0  0  2  1.300303e-01  2.000000e-07
 69  89  0  0  0  2  1.905850e-01  2.000000e-07
 69  77  0  1  0  2  3.826006e-01  2.000000e-07
 69  64  0  0  0  2  2.276691e-01  2.000000e-07
 5  85  0 -1  0  2  3.926651e-01  2.000000e-07
 5  86  0 -1  0  2  2.454870e-01  2.000000e-07
 5  78 -1  0  0  2  3.640598e-01  2.000000e-07
 5  58  0  0  0  2  1.093687e-01  2.000000e-07
 5  59  0  0  0  2  3.816949e-01  2.000000e-07
 0  89  0  0  0  2  2.932986e-01  2.000000e-07
 0  73  0  0  0  2  2.727060e-01  2.000000e-07
 0  86  0  0  0  2  1.313391e-01  2.000000e-07
 0  77  0  1  0  2  3.872518e-01  2.000000e-07
 4  89  0  0  0  2  7.835684e-02  2.000000e-07
 4  63  0  0  0  2  3.501854e-01  2.000000e-07
 4  88  0  0  0  2  2.807747e-01  2.000000e-07
 4  64  0  0  0  2  1.184753e-01  2.000000e-07
 89  73  0  0  0  2  1.658640e-01  2.000000e-07
 89  64  0  0  0  2  4.026411e-02  2.000000e-07
 85  86  0  0  0  2  2.479197e-01  2.000000e-07
 85  78 -1  1  0  2  4.356491e-01  2.000000e-07
 85  59  0  0  0  2  2.530513e-01  2.000000e-07
 85  88  0  0  0  2  2.223566e-01  2.000000e-07
 7  63  0  0  0  2  1.071474e-01  2.000000e-07
 7  13  0  0  0  2  1.815116e-01  2.000000e-07
 73  64  0  0  0  2  1.309704e-01  2.000000e-07
 86  77  0  1  0  2  2.981461e-01  2.000000e-07
 86  58  0  1  0  2  3.520272e-01  2.000000e-07
 86  88  0  0  0  2  2.279907e-01  2.000000e-07
 63  13  0  0  0  2  2.315193e-01  2.000000e-07
 63  59  1  0  0  2  4.483526e-01  2.000000e-07
 63  64  0  0  0  2  2.541014e-01  2.000000e-07
 77  58  0  0  0  2  5.489891e-02  2.000000e-07
 13  78  0  0  0  2  2.106073e-01  2.000000e-07
 13  59  1  0  0  2  4.577496e-01  2.000000e-07
 78  58  1  0  0  2  3.173714e-01  2.000000e-07
 78  59  1  0  0  2  4.782860e-01  2.000000e-07
 58  59  0  0  0  2  2.843455e-01  2.000000e-07
 64  65  0  1  0  2  3.820233e-01  2.000000e-07
 8  71  0  0  0  1  8.652509e-02  3.000000e-07
 8  70  0  0  0  1  1.112738e-01  3.000000e-07
 8  7  0  0  0  1  7.007362e-02  3.000000e-07
 67  71  0  0  0  1  1.068393e-01  3.000000e-07
 67  70  0  0  0  1  9.156920e-02  3.000000e-07
 67  68  0  0  0  1  1.252499e-01  3.000000e-07
 67  6  0  0  0  1  9.579111e-02  3.000000e-07
 67  73  0  0  0  1  9.746726e-02  3.000000e-07
 66  9  0  0  0  1  1.935251e-01  3.000000e-07
 66  48  0  0  0  1  1.198942e-01  3.000000e-07
 66  79  0  0  0  1  3.031254e-01  3.000000e-07
 66  85  1  0  0  1  3.803156e-01  3.000000e-07
 66  63  0  0  0  1  1.629392e-01  3.000000e-07
 66  59  1  0  0  1  2.870036e-01  3.000000e-07
 71  47  0  0  0  1  1.269213e-01  3.000000e-07
 71  55  0  0  0  1  1.765730e-01  3.000000e-07
 71  53  0  0  0  1  1.648539e-01  3.000000e-07
 71  57  0  0  0  1  2.515611e-01  3.000000e-07
 11  65  0  0  0  1  1.768710e-01  3.000000e-07
 11  75  0  0  0  1  1.990287e-01  3.000000e-07
 11  9  0  0  0  1  1.230063e-01  3.000000e-07
 11  76  0  0  0  1  1.783092e-01  3.000000e-07
 11  78  0  0  0  1  1.750849e-01  3.000000e-07
 47  57  0  0  0  1  2.970035e-01  3.000000e-07
 47  12  0  0  0  1  5.177510e-02  3.000000e-07
 47  7  0  0  0  1  5.251503e-02  3.000000e-07
 62  54  0  0  0  1  1.041926e-01  3.000000e-07
 62  60  0  0  0  1  1.122991e-01  3.000000e-07
 62  72  0  0  0  1  1.100335e-01  3.000000e-07
 62  87  0  0  0  1  1.440803e-01  3.000000e-07
 62  4  0  0  0  1  1.079181e-01  3.000000e-07
 62  89  0  0  0  1  1.064727e-01  3.000000e-07
 62  64  0  0  0  1  1.295230e-01  3.000000e-07
 65  75  0  0  0  1  1.131838e-01  3.000000e-07
 65  54  0 -1  0  1  2.505097e-01  3.000000e-07
 65  10  0  0  0  1  2.402227e-01  3.000000e-07
 65  69  0 -1  0  1  2.575112e-01  3.000000e-07
 65  4  0 -1  0  1  2.701872e-01  3.000000e-07
 70  6  0  0  0  1  1.061620e-01  3.000000e-07
 70  7  0  0  0  1  9.900286e-02  3.000000e-07
 70  73  0  0  0  1  1.666936e-01  3.000000e-07
 70  63  0  0  0  1  9.014730e-02  3.000000e-07
 70  64  0  0  0  1  2.057731e-01  3.000000e-07
 68  55  0  0  0  1  1.434537e-01  3.000000e-07
 68  1  0  0  0  1  1.609067e-01  3.000000e-07
 68  2  0  0  0  1  1.205425e-01  3.000000e-07
 68  73  0  0  0  1  1.260947e-01  3.000000e-07
 55  53  0  0  0  1  5.088757e-02  3.000000e-07
 55  2  0  0  0  1  1.196414e-01  3.000000e-07
 55  59  0  0  0  1  1.872322e-01  3.000000e-07
 75  76  0  0  0  1  7.129961e-02  3.000000e-07
 75  79  0 -1  0  1  2.727741e-01  3.000000e-07
 75  74  0  0  0  1  6.646359e-02  3.000000e-07
 84  74 -1  1  0  1  3.629905e-01  3.000000e-07
 84  5  0  1  0  1  3.116600e-01  3.000000e-07
 84  0  0  0  0  1  1.251020e-01  3.000000e-07
 84  85  0  0  0  1  8.103802e-02  3.000000e-07
 84  86  0  0  0  1  1.912801e-01  3.000000e-07
 84  77  0  1  0  1  3.354866e-01  3.000000e-07
 54  69  0  0  0  1  5.437219e-02  3.000000e-07
 54  4  0  0  0  1  7.596809e-02  3.000000e-07
 60  72  0  0  0  1  8.716846e-02  3.000000e-07
 60  57  0  1  0  1  2.996198e-01  3.000000e-07
 60  87  0  0  0  1  1.550389e-01  3.000000e-07
 60  5  0  1  0  1  2.862983e-01  3.000000e-07
 60  86  0  0  0  1  9.011359e-02  3.000000e-07
 10  57  0  0  0  1  3.041205e-01  3.000000e-07
 10  12  0  0  0  1  6.233165e-02  3.000000e-07
 10  13  0  0  0  1  9.951439e-02  3.000000e-07
 9  13  0  0  0  1  1.115108e-01  3.000000e-07
 9  78  0  0  0  1  1.830794e-01  3.000000e-07
 9  58  1  0  0  1  3.217740e-01  3.000000e-07
 9  59  1  0  0  1  3.570101e-01  3.000000e-07
 56  49  0  0  0  1  1.996614e-01  3.000000e-07
 56  53  0  0  0  1  1.995769e-01  3.000000e-07
 56  57  0  0  0  1  1.131037e-01  3.000000e-07
 56  77  0  0  0  1  6.342726e-02  3.000000e-07
 56  58  0  0  0  1  9.171596e-02  3.000000e-07
 61  1  0  0  0  1  7.856583e-02  3.000000e-07
 61  2  0  0  0  1  1.803170e-01  3.000000e-07
 61  0  0  0  0  1  9.460662e-02  3.000000e-07
 61  59  0  0  0  1  2.169684e-01  3.000000e-07
 3  1  0  0  0  1  7.485827e-02  3.000000e-07
 3  87  0  0  0  1  5.986780e-02  3.000000e-07
 3  0  0  0  0  1  7.511647e-02  3.000000e-07
 3  88  0  0  0  1  5.771756e-02  3.000000e-07
 1  73  0  0  0  1  1.626943e-01  3.000000e-07
 48  12  0  0  0  1  1.641680e-01  3.000000e-07
 48  7  0  0  0  1  1.752494e-01  3.000000e-07
 48  63  0  0  0  1  1.635752e-01  3.000000e-07
 48  13  0  0  0  1  1.160403e-01  3.000000e-07
 49  58  0  0  0  1  1.902022e-01  3.000000e-07
 49  59  0  0  0  1  1.992071e-01  3.000000e-07
 53  57  0  0  0  1  1.560708e-01  3.000000e-07
 57  69  0 -1  0  1  3.010109e-01  3.000000e-07
 57  5  0  0  0  1  1.403681e-01  3.000000e-07
 79  74  0  1  0  1  2.939537e-01  3.000000e-07
 79  4  0  0  0  1  3.321888e-01  3.000000e-07
 79  89  0  0  0  1  3.448367e-01  3.000000e-07
 79  85  1  0  0  1  2.305870e-01  3.000000e-07
 79  63  0  0  0  1  3.464979e-01  3.000000e-07
 79  64  0  0  0  1  3.539152e-01  3.000000e-07
 87  0  0  0  0  1  5.725501e-02  3.000000e-07
 87  86  0  0  0  1  1.177117e-01  3.000000e-07
 87  88  0  0  0  1  1.110053e-01  3.000000e-07
 12  7  0  0  0  1  6.422606e-02  3.000000e-07
 12  13  0  0  0  1  1.311832e-01  3.000000e-07
 74  77  1  0  0  1  3.178774e-01  3.000000e-07
 2  59  0  0  0  1  1.265228e-01  3.000000e-07
 5  86  0 -1  0  1  2.454870e-01  3.000000e-07
 0  85  0  0  0  1  1.407407e-01  3.000000e-07
 0  86  0  0  0  1  1.313391e-01  3.000000e-07
 4  89  0  0  0  1  7.835684e-02  3.000000e-07
 85  59  0  0  0  1  2.530513e-01  3.000000e-07
 7  63  0  0  0  1  1.071474e-01  3.000000e-07
 73  88  0  0  0  1  1.513276e-01  3.000000e-07
 73  64  0  0  0  1  1.309704e-01  3.000000e-07
 63  64  0  0  0  1  2.541014e-01  3.000000e-07
 77  78 -1  0  0  1  3.179006e-01  3.000000e-07
 77  58  0  0  0  1  5.489891e-02  3.000000e-07
 78  58  1  0  0  1  3.173714e-01  3.000000e-07
 58  59  0  0  0  1  2.843455e-01  3.000000e-07
-2.008526e-01  2.979386e-01  0
-1.508995e-01  1.629782e-01  0
-1.934875e-01  2.607013e-02  0
-1.560303e-01  2.376605e-01  0
 1.043635e-01  3.403238e-01  0
-2.280639e-01 -3.573483e-01  0
 7.675132e-02 -5.825400e-02  0
 1.674701e-01 -7.097797e-02  0
 9.764076e-02 -7.682406e-02  0
 3.926496e-01 -1.977263e-01  0
 1.836930e-01 -1.964909e-01  0
 2.845927e-01 -2.564993e-01  0
 1.759108e-01 -1.346470e-01  0
 2.820270e-01 -2.117728e-01  0
-4.993916e-03 -3.455128e-01  1.215901e-01
-1.349993e-01  1.181121e-01  2.514438e-01
-1.760292e-01 -1.969297e-01  1.016351e-01
-4.350617e-01  1.897312e-01 -1.159394e-01
 3.548495e-01  1.742071e-01 -1.664766e-01
-1.167496e-01 -1.325528e-01  3.432730e-01
 6.407966e-02 -2.622172e-01 -3.178122e-01
 2.009570e-01  1.074420e-01  1.568459e-01
 2.127961e-01 -1.383188e-01  3.747210e-01
 1.586148e-01  8.795760e-03  1.472968e-01
 5.026016e-02  4.818908e-02  3.143955e-01
 2.157290e-01 -2.740694e-02 -4.098788e-01
-3.942684e-01  1.396624e-01  3.105061e-01
-3.884878e-01  1.022437e-02  3.218364e-01
-1.936628e-01 -1.708846e-01 -1.006603e-01
-3.242811e-01  3.069087e-01 -3.010107e-01
-4.604822e-03 -3.307461e-01 -2.025647e-01
 1.950661e-02  3.430445e-01 -1.275817e-01
-1.229403e-01  2.810583e-01 -2.517435e-01
-3.058450e-01  3.256275e-01 -1.273097e-01
-2.215815e-01 -4.218704e-01 -2.780330e-01
-6.466863e-02  1.427774e-02 -2.596443e-01
 1.829593e-01 -3.281433e-01 -4.052333e-01
 4.222427e-01  2.014494e-01 -2.845669e-01
 2.692683e-01  1.048968e-01 -3.918540e-01
 2.853646e-01  3.564610e-01  3.359428e-01
-8.811754e-03 -7.975922e-02 -1.353818e-01
 1.810680e-01  2.598171e-01 -1.772751e-01
-3.515104e-01  4.759478e-02  2.739307e-01
-2.643477e-01  2.375208e-01  4.162224e-01
-9.599527e-02 -3.587863e-01  3.797340e-01
 1.809777e-02  4.328729e-01  3.823811e-01
 1.559069e-02 -2.660906e-01  3.492044e-01
 1.310449e-01 -1.088069e-01  0
 3.382585e-01 -1.102673e-01  0
-1.735926e-01 -1.225089e-01  0
 4.317648e-01  7.646094e-02  2.352443e-01
 3.947030e-01 -2.736580e-01 -1.462502e-01
 1.575095e-02 -2.383630e-01 -1.100183e-01
-1.378372e-01 -1.338774e-01  0
 6.000108e-02  4.019932e-01  0
-1.629184e-01 -8.960006e-02  0
-2.155038e-01 -3.177219e-01  0
-1.067058e-01 -2.868117e-01  0
-2.937810e-01 -2.699254e-01  0
-3.193608e-01  1.326714e-02  0
-4.913917e-02  4.191507e-01  0
-2.174136e-01  2.047928e-01  0
-1.140598e-03  3.176262e-01  0
 2.322879e-01  1.434039e-02  0
 8.737913e-02  2.230722e-01  0
 2.447508e-01 -4.288245e-01  0
 3.941680e-01 -4.207151e-03  0
 5.166473e-02  3.419382e-02  0
-7.300773e-02  2.218108e-02  0
 2.240559e-02  4.412732e-01  0
 1.427602e-01  2.489168e-02  0
 1.192992e-02 -6.498166e-02  0
 3.801953e-02  4.204554e-01  0
 6.114346e-03  1.203624e-01  0
 4.156786e-01 -4.102559e-01  0
 3.571865e-01 -4.418167e-01  0
 4.044961e-01 -3.884741e-01  0
-2.787337e-01 -3.227219e-01  0
 4.085886e-01 -3.801105e-01  0
 4.336275e-01  2.963390e-01  0
-3.485895e-01 -4.722347e-02  2.160698e-01
-1.110607e-01  3.850881e-01  2.871280e-01
-9.823246e-02 -1.588480e-02 -1.910523e-01
-1.290494e-01  2.320978e-01 -1.195226e-01
-3.171661e-01  3.440001e-01  0
-3.378378e-01  2.656430e-01  0
-1.390969e-01  4.138532e-01  0
-1.436231e-01  2.962285e-01  0
-1.302202e-01  1.860354e-01  0
 9.038444e-02  2.632240e-01  0