 731  90  1.200000e-05  47 -2 -2
 73  12 -1  0  0  3  4.951342e-01  1.000000e-07
 73  11  0  0  0  3  7.602542e-02  1.000000e-07
 73  14  0  0  0  3  1.853939e-01  1.000000e-07
 73  74  0  0  0  3  6.843465e-02  1.000000e-07
 73  10  0  0  0  3  8.179072e-02  1.000000e-07
 73  23  0  0  0  3  3.233798e-01  1.000000e-07
 73  20  0  0  0  3  1.011074e-01  1.000000e-07
 73  21  0  0  0  3  1.520140e-01  1.000000e-07
 73  5  0  0  1  3  4.354629e-01  1.000000e-07
 12  11  1  0  0  3  5.190468e-01  1.000000e-07
 12  10  1  0  0  3  5.121764e-01  1.000000e-07
 12  24  0  0  0  3  1.885631e-01  1.000000e-07
 12  23  1  0  0  3  5.164556e-01  1.000000e-07
 12  75  1  0  1  3  5.068291e-01  1.000000e-07
 12  69  1  0  1  3  5.044717e-01  1.000000e-07
 12  70  0  0  1  3  4.518338e-01  1.000000e-07
 22  14  0  0  0  3  2.169004e-01  1.000000e-07
 22  13  0  0  0  3  2.947828e-01  1.000000e-07
 22  18  0  0  0  3  1.713911e-01  1.000000e-07
 22  62  0  0  0  3  1.863667e-01  1.000000e-07
 22  23  0  1  0  3  4.341801e-01  1.000000e-07
 11  74  0  0  0  3  1.232947e-01  1.000000e-07
 11  24  0  0  0  3  4.134961e-01  1.000000e-07
 11  23  0  0  0  3  2.830115e-01  1.000000e-07
 11  61  0  0  0  3  2.696176e-01  1.000000e-07
 11  77  0  0  1  3  3.631416e-01  1.000000e-07
 14  74  0  0  0  3  1.687135e-01  1.000000e-07
 14  62  0  0  0  3  2.052238e-01  1.000000e-07
 14  23  0  1  0  3  5.627794e-01  1.000000e-07
 14  20  0  0  0  3  1.882008e-01  1.000000e-07
 14  21  0  0  0  3  1.201943e-01  1.000000e-07
 14  75  0  0  1  3  3.697274e-01  1.000000e-07
 74  23  0  0  0  3  3.453970e-01  1.000000e-07
 74  61  0  0  0  3  3.020017e-01  1.000000e-07
 74  20  0  0  0  3  7.107699e-02  1.000000e-07
 74  21  0  0  0  3  9.496824e-02  1.000000e-07
 74  5  0  0  1  3  3.971289e-01  1.000000e-07
 74  77  0  0  1  3  3.213314e-01  1.000000e-07
 15  19  0  1  0  3  2.985238e-01  1.000000e-07
 15  18  0  0  0  3  2.557841e-01  1.000000e-07
 15  17  0  0  0  3  1.659159e-01  1.000000e-07
 15  20  0  0  0  3  4.046155e-01  1.000000e-07
 15  21  0  0  0  3  4.432905e-01  1.000000e-07
 15  70  0  0  1  3  4.408440e-01  1.000000e-07
 13  24 -1  0  0  3  4.468424e-01  1.000000e-07
 13  23  0  1  0  3  3.992124e-01  1.000000e-07
 13  75  0  0  1  3  3.869173e-01  1.000000e-07
 19  17  0 -1  0  3  3.147911e-01  1.000000e-07
 19  16  0  0  0  3  3.911987e-01  1.000000e-07
 19  23  1  0  0  3  5.464513e-01  1.000000e-07
 10  24  0  0  0  3  3.960627e-01  1.000000e-07
 18  62  0  0  0  3  1.507140e-01  1.000000e-07
 18  16  0  1  0  3  5.421946e-01  1.000000e-07
 18  61  0  1  0  3  5.432552e-01  1.000000e-07
 18  21  0  0  0  3  2.673474e-01  1.000000e-07
 18  76  0  0  1  3  5.518571e-01  1.000000e-07
 62  24  0  0  0  3  3.371072e-01  1.000000e-07
 62  21  0  0  0  3  2.235091e-01  1.000000e-07
 17  24  0  0  0  3  3.377876e-01  1.000000e-07
 17  16  0  1  0  3  4.915020e-01  1.000000e-07
 17  67  0  1  1  3  5.155717e-01  1.000000e-07
 17  76  0  0  1  3  5.965770e-01  1.000000e-07
 17  71  0  0  1  3  4.417519e-01  1.000000e-07
 17  78  0  1  1  3  6.135938e-01  1.000000e-07
 17  70  0  0  1  3  3.811922e-01  1.000000e-07
 24  20  0  0  0  3  3.308579e-01  1.000000e-07
 16  61  0  0  0  3  5.289670e-02  1.000000e-07
 16  20  0  0  0  3  3.239921e-01  1.000000e-07
 16  67  0  0  1  3  3.845277e-01  1.000000e-07
 16  78  0  0  1  3  3.879911e-01  1.000000e-07
 16  70  0  0  1  3  4.147172e-01  1.000000e-07
 23  75  0  0  1  3  5.309438e-01  1.000000e-07
 61  20  0  0  0  3  3.119406e-01  1.000000e-07
 61  21  0  0  0  3  3.657663e-01  1.000000e-07
 61  67  0  0  1  3  3.515334e-01  1.000000e-07
 61  78  0  0  1  3  3.897077e-01  1.000000e-07
 20  21  0  0  0  3  1.257102e-01  1.000000e-07
 20  70  0  0  1  3  5.137793e-01  1.000000e-07
 0  69  0  0  0  3  1.908531e-01  1.000000e-07
 0  88  0  1  0  3  5.458623e-01  1.000000e-07
 0  71 -1  0  0  3  2.125953e-01  1.000000e-07
 0  70 -1  0  0  3  2.942097e-01  1.000000e-07
 0  89  0  0  0  3  2.638525e-01  1.000000e-07
 8  1  0  0  0  3  4.013570e-01  1.000000e-07
 8  3  0  0  0  3  3.137528e-01  1.000000e-07
 8  4  0  0  0  3  3.231691e-01  1.000000e-07
 8  9  0  0  0  3  1.121498e-01  1.000000e-07
 8  67  0  0  0  3  1.308551e-01  1.000000e-07
 8  6  0  0  0  3  1.444640e-01  1.000000e-07
 8  88  0  0  0  3  2.368521e-01  1.000000e-07
 8  78  0  0  0  3  3.557670e-01  1.000000e-07
 8  85  0  0  0  3  1.848624e-01  1.000000e-07
 1  69  1 -1  0  3  4.747023e-01  1.000000e-07
 1  9  0  0  0  3  3.803962e-01  1.000000e-07
 1  88  1  0  0  3  4.239130e-01  1.000000e-07
 1  71  0 -1  0  3  4.543297e-01  1.000000e-07
 1  89  1  0  0  3  3.951536e-01  1.000000e-07
 7  3  0  0  0  3  3.523826e-01  1.000000e-07
 7  75  0  0  0  3  1.350479e-01  1.000000e-07
 7  69  0  0  0  3  1.997857e-01  1.000000e-07
 7  5  0  0  0  3  1.698030e-01  1.000000e-07
 7  67  0  1  0  3  5.958685e-01  1.000000e-07
 7  76  0  0  0  3  3.189743e-01  1.000000e-07
 7  2  0  0  0  3  1.770051e-01  1.000000e-07
 7  89  0  0  0  3  2.784418e-01  1.000000e-07
 3  67  0  1  0  3  6.259811e-01  1.000000e-07
 3  76  0  0  0  3  1.577032e-01  1.000000e-07
 3  6  0  0  0  3  2.925501e-01  1.000000e-07
 3  71  0  0  0  3  3.955854e-01  1.000000e-07
 3  70  0  0  0  3  4.170179e-01  1.000000e-07
 4  9  0  0  0  3  3.381303e-01  1.000000e-07
 4  5  0  0  0  3  1.819069e-01  1.000000e-07
 4  6  0  0  0  3  3.159463e-01  1.000000e-07
 4  88  0  0  0  3  3.013225e-01  1.000000e-07
 4  85  0  0  0  3  3.556629e-01  1.000000e-07
 4  77  0  0  0  3  2.918579e-01  1.000000e-07
 75  69  0  0  0  3  1.065076e-01  1.000000e-07
 75  67  0  1  0  3  6.327264e-01  1.000000e-07
 75  78 -1  0  0  3  4.161591e-01  1.000000e-07
 75  89  0  0  0  3  3.415364e-01  1.000000e-07
 69  14  0  0 -1  3  4.177272e-01  1.000000e-07
 69  67  0  1  0  3  6.474470e-01  1.000000e-07
 69  88  0  1  0  3  5.624248e-01  1.000000e-07
 69  70 -1  0  0  3  2.735582e-01  1.000000e-07
 9  78  0  0  0  3  3.977415e-01  1.000000e-07
 9  85  0  0  0  3  1.038486e-01  1.000000e-07
 5  76  0  0  0  3  1.993716e-01  1.000000e-07
 5  88  0  0  0  3  3.967866e-01  1.000000e-07
 5  78 -1  0  0  3  4.667429e-01  1.000000e-07
 5  89  0  0  0  3  2.837834e-01  1.000000e-07
 5  77  0  0  0  3  2.429108e-01  1.000000e-07
 67  6  0  0  0  3  1.951227e-01  1.000000e-07
 76  6  0  0  0  3  2.300058e-01  1.000000e-07
 76  2  0  0  0  3  3.223058e-01  1.000000e-07
 76  71  0  0  0  3  3.944478e-01  1.000000e-07
 76  70  0  0  0  3  3.617220e-01  1.000000e-07
 6  88  0  0  0  3  3.232007e-01  1.000000e-07
 6  78  0  0  0  3  3.142923e-01  1.000000e-07
 6  70  0  0  0  3  3.913834e-01  1.000000e-07
 6  77  0  0  0  3  1.212961e-01  1.000000e-07
 2  88  0  1  0  3  5.735257e-01  1.000000e-07
 2  85  0  1  0  3  5.947384e-01  1.000000e-07
 2  89  0  0  0  3  2.282889e-01  1.000000e-07
 88  77  0  0  0  3  3.739158e-01  1.000000e-07
 78  70  0  0  0  3  1.970888e-01  1.000000e-07
 78  77  0  0  0  3  3.770041e-01  1.000000e-07
 70  77  0  0  0  3  3.939481e-01  1.000000e-07
 85  7  0 -1  0  3  5.950129e-01  1.000000e-07
 77  21  0  0 -1  3  3.252418e-01  1.000000e-07
 22  53  0  0  0  3  1.966782e-01  1.000000e-07
 87  0  0  0  0  3  3.460630e-01  1.000000e-07
 13  46  0  1  0  3  3.100226e-01  1.000000e-07
 83  1 -1  0  0  3  2.145509e-01  1.000000e-07
 13  50  0  0  0  3  2.753131e-01  1.000000e-07
 87  0  0  0  0  3  2.785670e-01  1.000000e-07
 10  63  0  0  0  3  2.033553e-01  1.000000e-07
 57  89  0  0  0  3  2.695475e-01  1.000000e-07
 15  65  0  0  0  3  2.265064e-01  1.000000e-07
 79  71  0  0  0  3  2.794772e-01  1.000000e-07
 22  64  0  0  0  3  2.071080e-01  1.000000e-07
 82  3  0  0  0  3  2.524118e-01  1.000000e-07
 22  56  0  0  0  3  2.045892e-01  1.000000e-07
 64  2  0  0  0  3  2.043844e-01  1.000000e-07
 19  58  0  0  0  3  1.882988e-01  1.000000e-07
 80  9  0  0  0  3  2.647171e-01  1.000000e-07
 18  72  0  0  0  3  2.908463e-01  1.000000e-07
 81  1  0  1  0  3  2.823490e-01  1.000000e-07
 62  34  0  0  0  3  1.599240e-01  1.000000e-07
 82  71  0  0  0  3  3.733481e-01  1.000000e-07
 10  60  0  0  0  3  2.092627e-01  1.000000e-07
 84  9  0  0  0  3  2.282684e-01  1.000000e-07
 24  59  0  0  0  3  2.192201e-01  1.000000e-07
 36  89  1  0  0  3  2.553038e-01  1.000000e-07
 18  49  0  0  0  3  2.270363e-01  1.000000e-07
 38  71  0  0  0  3  3.330111e-01  1.000000e-07
 15  72  0  0  0  3  2.736037e-01  1.000000e-07
 65  1  0  1  0  3  2.234330e-01  1.000000e-07
 13  48  0  1  0  3  3.152456e-01  1.000000e-07
 26  88  0  0  0  3  2.522867e-01  1.000000e-07
 62  81  0  0  0  3  1.604638e-01  1.000000e-07
 38  67  0  1  0  3  4.835045e-01  1.000000e-07
 19  46  1  0  0  3  1.912767e-01  1.000000e-07
 83  88  0  0  0  3  3.553314e-01  1.000000e-07
 16  66  0  0  0  3  3.489277e-01  1.000000e-07
 68  9  0  0  0  3  1.617613e-01  1.000000e-07
 19  72  0 -1  0  3  1.645498e-01  1.000000e-07
 65  71  0  0  0  3  3.993936e-01  1.000000e-07
 10  60  0  0  0  3  2.453205e-01  1.000000e-07
 32  85  0  0  0  3  1.947864e-01  1.000000e-07
 11  60  0  0  0  3  2.683331e-01  1.000000e-07
 26  85  0  0  0  3  1.478985e-01  1.000000e-07
 11  47  0  0  0  3  2.113294e-01  1.000000e-07
 63  4  0  0  0  3  2.052152e-01  1.000000e-07
 24  68  0  0  0  3  2.876163e-01  1.000000e-07
 66  9  0  0  0  3  2.756540e-01  1.000000e-07
 13  51  0  0  0  3  3.193680e-01  1.000000e-07
 87  2  0  0  0  3  1.834679e-01  1.000000e-07
 12  52  1  0  0  3  1.914462e-01  1.000000e-07
 43  89  0  0  0  3  2.078284e-01  1.000000e-07
 61  30  0  0  0  3  3.953543e-01  1.000000e-07
 54  85  0  0  0  3  1.234219e-01  1.000000e-07
 10  47  0  0  0  3  1.470573e-01  1.000000e-07
 63  4  0  0  0  3  2.057176e-01  1.000000e-07
 0  72 -1  0  0  3  3.924552e-01  1.000000e-07
 65  19  0  1  0  3  1.670941e-01  1.000000e-07
 62  39  0  0  0  3  2.639928e-01  1.000000e-07
 81  85  0  1  0  3  2.598327e-01  1.000000e-07
 10  47  0  0  0  3  1.446190e-01  1.000000e-07
 86  3  0  0  0  3  1.825524e-01  1.000000e-07
 19  55  0  0  0  3  1.913749e-01  1.000000e-07
 80  89  1  0  0  3  3.269228e-01  1.000000e-07
 10  57  0  0  0  3  1.750302e-01  1.000000e-07
 63  2  0  0  0  3  1.811038e-01  1.000000e-07
 15  65  0  0  0  3  2.497129e-01  1.000000e-07
 79  0  1  0  0  3  2.981480e-01  1.000000e-07
 62  56  0  0  0  3  1.624355e-01  1.000000e-07
 64  2  0  0  0  3  2.083398e-01  1.000000e-07
 22  54  0  1  0  3  2.038889e-01  1.000000e-07
 48  88  0  0  0  3  2.837497e-01  1.000000e-07
 13  48  0  1  0  3  3.899490e-01  1.000000e-07
 26  85  0  0  0  3  1.719043e-01  1.000000e-07
 27  29  1  0  0  2  2.676486e-01  2.000000e-07
 27  41  0  0  0  2  1.204870e-01  2.000000e-07
 27  42  0  0  0  2  2.126966e-01  2.000000e-07
 27  52  1  0  0  2  2.874379e-01  2.000000e-07
 27  32  0  0  0  2  4.799460e-01  2.000000e-07
 27  66  0  0  0  2  1.602080e-01  2.000000e-07
 27  30  0  0  0  2  3.695390e-01  2.000000e-07
 27  58  0  0  0  2  1.534618e-01  2.000000e-07
 27  59  0  0  0  2  1.844305e-01  2.000000e-07
 27  45  0  0  0  2  1.100528e-01  2.000000e-07
 63  31  0  0  0  2  2.699612e-01  2.000000e-07
 63  47  0  0  0  2  9.032496e-02  2.000000e-07
 63  40  0  0  0  2  3.139805e-01  2.000000e-07
 63  64  0  0  0  2  2.719471e-01  2.000000e-07
 63  82  0  0  0  2  2.659721e-01  2.000000e-07
 63  42  0  0  0  2  3.259675e-01  2.000000e-07
 63  86  0  0  0  2  1.913186e-01  2.000000e-07
 63  43  0  0  0  2  3.223734e-01  2.000000e-07
 63  52  0  0  0  2  3.037154e-01  2.000000e-07
 63  53  0  0  0  2  3.163769e-01  2.000000e-07
 63  25  0  0  0  2  1.332862e-01  2.000000e-07
 63  32  0  0  0  2  1.619553e-01  2.000000e-07
 63  56  0  0  0  2  2.027803e-01  2.000000e-07
 63  84  0  0  0  2  2.333552e-01  2.000000e-07
 63  45  0  0  0  2  4.763148e-01  2.000000e-07
 31  29  0  0  0  2  1.037383e-01  2.000000e-07
 31  46  0  0  0  2  2.404721e-01  2.000000e-07
 31  47  0  0  0  2  3.571420e-01  2.000000e-07
 31  48  0  0  0  2  3.537665e-01  2.000000e-07
 31  40  0  0  0  2  9.523019e-02  2.000000e-07
 31  26  0  0  0  2  3.824786e-01  2.000000e-07
 31  28  0  0  0  2  5.454768e-02  2.000000e-07
 31  51  0  0  0  2  3.229135e-01  2.000000e-07
 31  52  0  0  0  2  9.530005e-02  2.000000e-07
 31  83  0  0  0  2  2.243791e-01  2.000000e-07
 31  32  0  0  0  2  2.274853e-01  2.000000e-07
 31  57  0  0  0  2  2.530742e-01  2.000000e-07
 31  59 -1  0  0  2  2.266305e-01  2.000000e-07
 31  60  0  0  0  2  3.936131e-01  2.000000e-07
 29  46  0  0  0  2  1.390060e-01  2.000000e-07
 29  41 -1  0  0  2  1.555629e-01  2.000000e-07
 29  26  0  0  0  2  3.603454e-01  2.000000e-07
 29  28  0  0  0  2  7.729518e-02  2.000000e-07
 29  43  0  0  0  2  9.233502e-02  2.000000e-07
 29  52  0  0  0  2  1.782813e-01  2.000000e-07
 29  32  0  0  0  2  2.574217e-01  2.000000e-07
 29  58 -1  0  0  2  2.578414e-01  2.000000e-07
 46  48  0  0  0  2  2.694622e-01  2.000000e-07
 46  39  0 -1  0  2  5.084337e-01  2.000000e-07
 46  49 -1 -1  0  2  5.493643e-01  2.000000e-07
 46  41 -1  0  0  2  1.913203e-01  2.000000e-07
 46  26  0  0  0  2  3.384543e-01  2.000000e-07
 46  80 -1  0  0  2  1.383228e-01  2.000000e-07
 46  28  0  0  0  2  2.145929e-01  2.000000e-07
 46  72 -1 -1  0  2  3.473264e-01  2.000000e-07
 46  50  0 -1  0  2  3.555535e-01  2.000000e-07
 46  43  0  0  0  2  2.293751e-01  2.000000e-07
 46  51  0 -1  0  2  5.081020e-01  2.000000e-07
 46  53  0 -1  0  2  4.085004e-01  2.000000e-07
 46  83  0  0  0  2  2.219006e-02  2.000000e-07
 46  32  0  0  0  2  3.177129e-01  2.000000e-07
 46  58 -1  0  0  2  2.219155e-01  2.000000e-07
 46  44  0 -1  0  2  3.629247e-01  2.000000e-07
 47  26  0  0  0  2  3.536813e-01  2.000000e-07
 47  82  0  0  0  2  2.057208e-01  2.000000e-07
 47  42  0  0  0  2  2.358814e-01  2.000000e-07
 47  86  0  0  0  2  1.063171e-01  2.000000e-07
 47  51  0  0  0  2  2.691626e-01  2.000000e-07
 47  52  0  0  0  2  3.940386e-01  2.000000e-07
 47  32  0  0  0  2  2.052008e-01  2.000000e-07
 47  30  0  0  0  2  4.208685e-01  2.000000e-07
 47  57  0  0  0  2  1.367992e-01  2.000000e-07
 47  60  0  0  0  2  1.517694e-01  2.000000e-07
 48  39  0 -1  0  2  2.711153e-01  2.000000e-07
 48  40  0  0  0  2  2.825747e-01  2.000000e-07
 48  26  0  0  0  2  7.794369e-02  2.000000e-07
 48  81  0 -1  0  2  3.868654e-01  2.000000e-07
 48  33  0 -1  0  2  2.713510e-01  2.000000e-07
 48  50  0 -1  0  2  3.872245e-01  2.000000e-07
 48  51  0 -1  0  2  4.439193e-01  2.000000e-07
 48  53  0 -1  0  2  3.416770e-01  2.000000e-07
 48  83  0  0  0  2  2.545495e-01  2.000000e-07
 48  54  0  0  0  2  1.312376e-01  2.000000e-07
 48  57  0  0  0  2  4.177641e-01  2.000000e-07
 48  44  0 -1  0  2  2.098216e-01  2.000000e-07
 48  84  0  0  0  2  4.267390e-01  2.000000e-07
 48  60  0  0  0  2  2.922739e-01  2.000000e-07
 38  39  0  0  0  2  1.822258e-01  2.000000e-07
 38  49  0  0  0  2  1.144570e-01  2.000000e-07
 38  80  0  1  0  2  4.768680e-01  2.000000e-07
 38  81  0  0  0  2  6.601747e-02  2.000000e-07
 38  82  0  0  0  2  1.205248e-01  2.000000e-07
 38  72  0  0  0  2  2.361922e-01  2.000000e-07
 38  33  0  0  0  2  4.457724e-01  2.000000e-07
 38  68  0  1  0  2  6.216907e-01  2.000000e-07
 38  51  0  0  0  2  3.856158e-01  2.000000e-07
 38  65  0  0  0  2  2.312135e-01  2.000000e-07
 38  54  0  1  0  2  3.732120e-01  2.000000e-07
 38  56  0  0  0  2  3.138121e-01  2.000000e-07
 38  57  0  0  0  2  3.889659e-01  2.000000e-07
 38  44  0  0  0  2  3.234433e-01  2.000000e-07
 38  34  0  0  0  2  9.852633e-02  2.000000e-07
 38  35  0  0  0  2  2.257163e-01  2.000000e-07
 38  37  0  0  0  2  1.948664e-01  2.000000e-07
 39  49  0  0  0  2  2.891004e-01  2.000000e-07
 39  64  0  0  0  2  1.859538e-01  2.000000e-07
 39  41  0  1  0  2  5.415262e-01  2.000000e-07
 39  26  0  1  0  2  2.566666e-01  2.000000e-07
 39  80  0  1  0  2  4.691836e-01  2.000000e-07
 39  81  0  0  0  2  1.163189e-01  2.000000e-07
 39  82  0  0  0  2  2.392579e-01  2.000000e-07
 39  72  0  0  0  2  2.903419e-01  2.000000e-07
 39  86  0  0  0  2  3.634159e-01  2.000000e-07
 39  51  0  0  0  2  3.547450e-01  2.000000e-07
 39  53  0  0  0  2  3.002464e-01  2.000000e-07
 39  54  0  1  0  2  1.979108e-01  2.000000e-07
 39  30  0  1  0  2  1.688473e-01  2.000000e-07
 39  58  0  1  0  2  4.186387e-01  2.000000e-07
 39  44  0  0  0  2  1.838731e-01  2.000000e-07
 39  34  0  0  0  2  2.680371e-01  2.000000e-07
 40  80 -1  0  0  2  2.423332e-01  2.000000e-07
 40  28  0  0  0  2  9.135016e-02  2.000000e-07
 40  33  0 -1  0  2  4.195854e-01  2.000000e-07
 40  79 -1  0  0  2  4.181380e-01  2.000000e-07
 40  43  0  0  0  2  1.052637e-01  2.000000e-07
 40  51  0  0  0  2  4.086977e-01  2.000000e-07
 40  83  0  0  0  2  1.314396e-01  2.000000e-07
 40  25  0  0  0  2  3.383419e-01  2.000000e-07
 40  32  0  0  0  2  2.179757e-01  2.000000e-07
 40  55 -1  0  0  2  2.277171e-01  2.000000e-07
 40  57  0  0  0  2  3.135301e-01  2.000000e-07
 40  44  0 -1  0  2  4.454636e-01  2.000000e-07
 40  59 -1  0  0  2  2.831188e-01  2.000000e-07
 40  84  0  0  0  2  5.028167e-01  2.000000e-07
 40  60  0  0  0  2  3.916392e-01  2.000000e-07
 49  41  0  1  0  2  5.884793e-01  2.000000e-07
 49  80  0  1  0  2  4.642753e-01  2.000000e-07
 49  81  0  0  0  2  1.768079e-01  2.000000e-07
 49  82  0  0  0  2  1.854261e-01  2.000000e-07
 49  72  0  0  0  2  2.174406e-01  2.000000e-07
 49  50  1  0  0  2  3.890647e-01  2.000000e-07
 49  68  0  0  0  2  3.377159e-01  2.000000e-07
 49  42  0  0  0  2  2.277595e-01  2.000000e-07
 49  79  0  0  0  2  1.664743e-01  2.000000e-07
 49  86  0  0  0  2  2.514510e-01  2.000000e-07
 49  52  1  0  0  2  4.127413e-01  2.000000e-07
 49  53  1  0  0  2  5.208849e-01  2.000000e-07
 49  65  0  0  0  2  1.171903e-01  2.000000e-07
 49  87  1  0  0  2  4.952258e-01  2.000000e-07
 49  58  0  1  0  2  4.689893e-01  2.000000e-07
 49  59  0  0  0  2  2.943018e-01  2.000000e-07
 49  34  0  0  0  2  1.121182e-01  2.000000e-07
 49  35  0  0  0  2  1.203178e-01  2.000000e-07
 49  45  0  0  0  2  3.070351e-01  2.000000e-07
 49  37  0  0  0  2  1.576547e-01  2.000000e-07
 64  38  0  0  0  2  2.049885e-01  2.000000e-07
 64  82  0  0  0  2  1.479645e-01  2.000000e-07
 64  86  0  0  0  2  2.347868e-01  2.000000e-07
 64  51  0  0  0  2  1.864744e-01  2.000000e-07
 64  52  0  0  0  2  4.639081e-01  2.000000e-07
 64  53  0  0  0  2  1.787613e-01  2.000000e-07
 64  25  0  0  0  2  2.195907e-01  2.000000e-07
 64  56  0  0  0  2  1.185985e-01  2.000000e-07
 64  44  0  0  0  2  1.749858e-01  2.000000e-07
 64  34  0  0  0  2  2.221678e-01  2.000000e-07
 41  80  0  0  0  2  1.378631e-01  2.000000e-07
 41  43  1  0  0  2  1.723171e-01  2.000000e-07
 41  52  1  0  0  2  2.362979e-01  2.000000e-07
 41  30  0  0  0  2  4.374151e-01  2.000000e-07
 41  58  0  0  0  2  1.265754e-01  2.000000e-07
 41  36  0  0  0  2  1.977121e-01  2.000000e-07
 41  84  0  0  0  2  3.757967e-01  2.000000e-07
 41  45  0  0  0  2  1.777407e-01  2.000000e-07
 26  53  0 -1  0  2  3.948271e-01  2.000000e-07
 26  54  0  0  0  2  7.179174e-02  2.000000e-07
 26  32  0  0  0  2  1.995751e-01  2.000000e-07
 26  30  0  0  0  2  1.374643e-01  2.000000e-07
 26  44  0 -1  0  2  2.514954e-01  2.000000e-07
 26  60  0  0  0  2  2.294241e-01  2.000000e-07
 80  81  0 -1  0  2  4.689805e-01  2.000000e-07
 80  72  0 -1  0  2  2.481614e-01  2.000000e-07
 80  33  1 -1  0  2  3.689560e-01  2.000000e-07
 80  50  1 -1  0  2  3.836946e-01  2.000000e-07
 80  68  0  0  0  2  3.772605e-01  2.000000e-07
 80  43  1  0  0  2  2.746946e-01  2.000000e-07
 80  53  1 -1  0  2  4.740097e-01  2.000000e-07
 80  65  0 -1  0  2  4.661178e-01  2.000000e-07
 80  54  0  0  0  2  4.657172e-01  2.000000e-07
 80  32  0  0  0  2  6.299730e-01  2.000000e-07
 80  87  1 -1  0  2  4.745815e-01  2.000000e-07
 80  55  0  0  0  2  1.821945e-02  2.000000e-07
 80  30  0  0  0  2  4.054408e-01  2.000000e-07
 80  44  0 -1  0  2  6.401530e-01  2.000000e-07
 80  44  1 -1  0  2  4.657727e-01  2.000000e-07
 80  36  0  0  0  2  3.299363e-01  2.000000e-07
 80  84  0  0  0  2  4.643751e-01  2.000000e-07
 81  72  0  0  0  2  2.447141e-01  2.000000e-07
 81  33  0  0  0  2  3.940053e-01  2.000000e-07
 81  86  0  0  0  2  2.715030e-01  2.000000e-07
 81  51  0  0  0  2  3.614027e-01  2.000000e-07
 81  54  0  1  0  2  3.095909e-01  2.000000e-07
 81  55  0  1  0  2  4.844004e-01  2.000000e-07
 81  30  0  1  0  2  2.690999e-01  2.000000e-07
 81  57  0  0  0  2  3.919904e-01  2.000000e-07
 81  44  0  0  0  2  2.653365e-01  2.000000e-07
 81  34  0  0  0  2  1.554973e-01  2.000000e-07
 81  35  0  0  0  2  2.912788e-01  2.000000e-07
 81  37  0  0  0  2  2.542049e-01  2.000000e-07
 28  27 -1  0  0  2  2.542422e-01  2.000000e-07
 28  52  0  0  0  2  1.016543e-01  2.000000e-07
 28  83  0  0  0  2  2.022793e-01  2.000000e-07
 28  55 -1  0  0  2  2.458944e-01  2.000000e-07
 28  58 -1  0  0  2  2.884303e-01  2.000000e-07
 28  59 -1  0  0  2  1.944484e-01  2.000000e-07
 82  42  0  0  0  2  2.284554e-01  2.000000e-07
 82  79  0  0  0  2  3.271746e-01  2.000000e-07
 82  86  0  0  0  2  1.256890e-01  2.000000e-07
 82  65  0  0  0  2  2.914665e-01  2.000000e-07
 82  56  0  0  0  2  2.255891e-01  2.000000e-07
 82  36  0  0  0  2  3.647459e-01  2.000000e-07
 82  34  0  0  0  2  7.972189e-02  2.000000e-07
 82  84  0  0  0  2  2.259756e-01  2.000000e-07
 82  35  0  0  0  2  2.517503e-01  2.000000e-07
 82  45  0  0  0  2  3.770790e-01  2.000000e-07
 82  37  0  0  0  2  1.497142e-01  2.000000e-07
 72  50  1  0  0  2  3.269784e-01  2.000000e-07
 72  53  1  0  0  2  4.599429e-01  2.000000e-07
 72  83  1  1  0  2  3.694795e-01  2.000000e-07
 72  65  0  0  0  2  2.438958e-01  2.000000e-07
 72  54  0  1  0  2  3.883210e-01  2.000000e-07
 72  66  0  1  0  2  4.352682e-01  2.000000e-07
 72  55  0  1  0  2  2.658029e-01  2.000000e-07
 72  30  0  1  0  2  3.224428e-01  2.000000e-07
 72  58  0  1  0  2  2.541370e-01  2.000000e-07
 72  59  0  0  0  2  4.510595e-01  2.000000e-07
 72  35  0  0  0  2  3.056503e-01  2.000000e-07
 33  50  0  0  0  2  1.187530e-01  2.000000e-07
 33  79 -1  0  0  2  4.063198e-01  2.000000e-07
 33  51  0  0  0  2  2.107627e-01  2.000000e-07
 33  83  0  1  0  2  3.048056e-01  2.000000e-07
 33  65 -1  0  0  2  4.084473e-01  2.000000e-07
 33  54  0  1  0  2  3.504916e-01  2.000000e-07
 33  87  0  0  0  2  1.205551e-01  2.000000e-07
 33  55 -1  1  0  2  3.782103e-01  2.000000e-07
 33  56  0  0  0  2  2.312466e-01  2.000000e-07
 33  57  0  0  0  2  3.703019e-01  2.000000e-07
 33  44  0  0  0  2  1.397864e-01  2.000000e-07
 50  79 -1  0  0  2  2.886844e-01  2.000000e-07
 50  51  0  0  0  2  1.860159e-01  2.000000e-07
 50  52  0  0  0  2  3.351336e-01  2.000000e-07
 50  83  0  1  0  2  3.675262e-01  2.000000e-07
 50  65 -1  0  0  2  2.950152e-01  2.000000e-07
 50  25  0  0  0  2  2.645847e-01  2.000000e-07
 50  87  0  0  0  2  1.177033e-01  2.000000e-07
 50  55 -1  1  0  2  3.972835e-01  2.000000e-07
 50  56  0  0  0  2  2.399158e-01  2.000000e-07
 50  57  0  0  0  2  3.382764e-01  2.000000e-07
 50  59 -1  0  0  2  3.794037e-01  2.000000e-07
 68  42  0  0  0  2  1.107407e-01  2.000000e-07
 68  86  0  0  0  2  1.945523e-01  2.000000e-07
 68  54  0  0  0  2  3.395547e-01  2.000000e-07
 68  66  0  0  0  2  6.290070e-02  2.000000e-07
 68  55  0  0  0  2  3.692028e-01  2.000000e-07
 68  44  0 -1  0  2  5.795311e-01  2.000000e-07
 68  36  0  0  0  2  1.980163e-01  2.000000e-07
 68  59  0  0  0  2  2.690581e-01  2.000000e-07
 68  84  0  0  0  2  8.748780e-02  2.000000e-07
 68  60  0  0  0  2  1.520749e-01  2.000000e-07
 68  35  0  0  0  2  2.675076e-01  2.000000e-07
 68  37  0  0  0  2  1.869754e-01  2.000000e-07
 42  86  0  0  0  2  1.558098e-01  2.000000e-07
 42  32  0  0  0  2  3.924196e-01  2.000000e-07
 42  66  0  0  0  2  1.713854e-01  2.000000e-07
 42  30  0  0  0  2  4.413800e-01  2.000000e-07
 42  59  0  0  0  2  2.173009e-01  2.000000e-07
 42  34  0  0  0  2  1.850376e-01  2.000000e-07
 42  60  0  0  0  2  2.319390e-01  2.000000e-07
 42  45  0  0  0  2  1.605497e-01  2.000000e-07
 79  43  1  0  0  2  3.129367e-01  2.000000e-07
 79  51  1  0  0  2  3.815344e-01  2.000000e-07
 79  65  0  0  0  2  5.635413e-02  2.000000e-07
 79  25  1  0  0  2  4.039865e-01  2.000000e-07
 79  57  1  0  0  2  4.568256e-01  2.000000e-07
 79  36  0  0  0  2  1.835922e-01  2.000000e-07
 79  59  0  0  0  2  1.562293e-01  2.000000e-07
 79  34  0  0  0  2  2.475724e-01  2.000000e-07
 79  35  0  0  0  2  8.204877e-02  2.000000e-07
 79  45  0  0  0  2  2.086939e-01  2.000000e-07
 86  51  0  0  0  2  3.157538e-01  2.000000e-07
 86  66  0  0  0  2  2.492353e-01  2.000000e-07
 86  57  0  0  0  2  2.237868e-01  2.000000e-07
 86  34  0  0  0  2  1.471505e-01  2.000000e-07
 86  60  0  0  0  2  2.017585e-01  2.000000e-07
 86  37  0  0  0  2  1.213263e-01  2.000000e-07
 43  52  0  0  0  2  8.695732e-02  2.000000e-07
 43  25  0  0  0  2  3.031885e-01  2.000000e-07
 43  32  0  0  0  2  2.778092e-01  2.000000e-07
 43  87  0  0  0  2  4.174553e-01  2.000000e-07
 43  44  0 -1  0  2  5.504790e-01  2.000000e-07
 43  36 -1  0  0  2  2.314747e-01  2.000000e-07
 43  45 -1  0  0  2  2.291405e-01  2.000000e-07
 51  52  0  0  0  2  2.867141e-01  2.000000e-07
 51  53  0  0  0  2  1.062538e-01  2.000000e-07
 51  56  0  0  0  2  7.218123e-02  2.000000e-07
 51  57  0  0  0  2  1.606198e-01  2.000000e-07
 51  59 -1  0  0  2  4.009151e-01  2.000000e-07
 52  53  0  0  0  2  3.686636e-01  2.000000e-07
 52  25  0  0  0  2  2.501462e-01  2.000000e-07
 52  32  0  0  0  2  3.052849e-01  2.000000e-07
 52  87  0  0  0  2  3.391244e-01  2.000000e-07
 52  59 -1  0  0  2  1.548316e-01  2.000000e-07
 52  45 -1  0  0  2  2.278157e-01  2.000000e-07
 53  25  0  0  0  2  1.949818e-01  2.000000e-07
 53  87  0  0  0  2  3.123289e-02  2.000000e-07
 53  56  0  0  0  2  1.229573e-01  2.000000e-07
 53  44  0  0  0  2  1.485386e-01  2.000000e-07
 83  55 -1  0  0  2  1.508050e-01  2.000000e-07
 83  57  0  0  0  2  4.347802e-01  2.000000e-07
 83  58 -1  0  0  2  2.384992e-01  2.000000e-07
 83  59 -1  0  0  2  3.639634e-01  2.000000e-07
 65  87  1  0  0  2  3.915874e-01  2.000000e-07
 65  59  0  0  0  2  2.087979e-01  2.000000e-07
 65  34  0  0  0  2  2.122247e-01  2.000000e-07
 65  35  0  0  0  2  7.925998e-02  2.000000e-07
 54  66  0  0  0  2  2.888021e-01  2.000000e-07
 54  55  0  0  0  2  4.718280e-01  2.000000e-07
 54  30  0  0  0  2  6.677056e-02  2.000000e-07
 54  58  0  0  0  2  3.871603e-01  2.000000e-07
 54  44  0 -1  0  2  2.399791e-01  2.000000e-07
 54  84  0  0  0  2  3.719572e-01  2.000000e-07
 54  60  0  0  0  2  2.512127e-01  2.000000e-07
 25  32  0  0  0  2  2.670371e-01  2.000000e-07
 25  87  0  0  0  2  1.800789e-01  2.000000e-07
 25  56  0  0  0  2  1.086973e-01  2.000000e-07
 25  57  0  0  0  2  7.373721e-02  2.000000e-07
 25  84  0  0  0  2  3.445455e-01  2.000000e-07
 32  30  0  0  0  2  3.169131e-01  2.000000e-07
 32  44  0 -1  0  2  4.255392e-01  2.000000e-07
 32  84  0  0  0  2  2.895415e-01  2.000000e-07
 32  45  0  0  0  2  5.125226e-01  2.000000e-07
 66  55  0  0  0  2  3.326730e-01  2.000000e-07
 66  30  0  0  0  2  2.732150e-01  2.000000e-07
 66  58  0  0  0  2  2.501614e-01  2.000000e-07
 66  59  0  0  0  2  2.962176e-01  2.000000e-07
 66  60  0  0  0  2  1.499791e-01  2.000000e-07
 87  46  0  1  0  2  4.177140e-01  2.000000e-07
 87  79 -1  0  0  2  3.729181e-01  2.000000e-07
 87  57  0  0  0  2  2.508410e-01  2.000000e-07
 87  44  0  0  0  2  1.791030e-01  2.000000e-07
 87  45 -1  0  0  2  5.136942e-01  2.000000e-07
 55  58  0  0  0  2  8.970288e-02  2.000000e-07
 55  36  0  0  0  2  3.144384e-01  2.000000e-07
 55  59  0  0  0  2  3.273365e-01  2.000000e-07
 30  58  0  0  0  2  3.308346e-01  2.000000e-07
 30  44  0 -1  0  2  2.637915e-01  2.000000e-07
 30  60  0  0  0  2  2.722093e-01  2.000000e-07
 30  45  0  0  0  2  4.615841e-01  2.000000e-07
 56  57  0  0  0  2  1.567974e-01  2.000000e-07
 56  44  0  0  0  2  2.162258e-01  2.000000e-07
 56  84  0  0  0  2  3.553154e-01  2.000000e-07
 56  37  0  0  0  2  3.545943e-01  2.000000e-07
 57  59 -1  0  0  2  4.183413e-01  2.000000e-07
 57  84  0  0  0  2  2.834904e-01  2.000000e-07
 57  60  0  0  0  2  2.560660e-01  2.000000e-07
 57  37  0  0  0  2  3.445321e-01  2.000000e-07
 58  59  0  0  0  2  3.133689e-01  2.000000e-07
 44  84  0  1  0  2  6.078970e-01  2.000000e-07
 36  40  1  0  0  2  3.211337e-01  2.000000e-07
 36  59  0  0  0  2  7.112917e-02  2.000000e-07
 36  84  0  0  0  2  2.460311e-01  2.000000e-07
 36  35  0  0  0  2  1.681014e-01  2.000000e-07
 36  45  0  0  0  2  2.510691e-02  2.000000e-07
 36  37  0  0  0  2  2.157489e-01  2.000000e-07
 59  35  0  0  0  2  1.745611e-01  2.000000e-07
 59  45  0  0  0  2  8.710877e-02  2.000000e-07
 59  37  0  0  0  2  2.615308e-01  2.000000e-07
 34  45  0  0  0  2  3.163324e-01  2.000000e-07
 84  60  0  0  0  2  1.350060e-01  2.000000e-07
 84  45  0  0  0  2  2.430548e-01  2.000000e-07
 84  37  0  0  0  2  1.397656e-01  2.000000e-07
 60  37  0  0  0  2  2.733083e-01  2.000000e-07
 35  45  0  0  0  2  1.911066e-01  2.000000e-07
 35  37  0  0  0  2  1.387169e-01  2.000000e-07
 27  41  0  0  0  1  1.204870e-01  3.000000e-07
 27  66  0  0  0  1  1.602080e-01  3.000000e-07
 27  58  0  0  0  1  1.534618e-01  3.000000e-07
 27  45  0  0  0  1  1.100528e-01  3.000000e-07
 63  47  0  0  0  1  9.032496e-02  3.000000e-07
 63  32  0  0  0  1  1.619553e-01  3.000000e-07
 63  60  0  0  0  1  1.961840e-01  3.000000e-07
 31  28  0  0  0  1  5.454768e-02  3.000000e-07
 31  43  0  0  0  1  5.373984e-02  3.000000e-07
 31  52  0  0  0  1  9.530005e-02  3.000000e-07
 31  25  0  0  0  1  2.616362e-01  3.000000e-07
 31  32  0  0  0  1  2.274853e-01  3.000000e-07
 31  57  0  0  0  1  2.530742e-01  3.000000e-07
 29  46  0  0  0  1  1.390060e-01  3.000000e-07
 29  41 -1  0  0  1  1.555629e-01  3.000000e-07
 29  83  0  0  0  1  1.253861e-01  3.000000e-07
 46  80 -1  0  0  1  1.383228e-01  3.000000e-07
 46  33  0 -1  0  1  2.991495e-01  3.000000e-07
 46  50  0 -1  0  1  3.555535e-01  3.000000e-07
 46  55 -1  0  0  1  1.330208e-01  3.000000e-07
 47  82  0  0  0  1  2.057208e-01  3.000000e-07
 47  86  0  0  0  1  1.063171e-01  3.000000e-07
 47  56  0  0  0  1  2.304545e-01  3.000000e-07
 47  57  0  0  0  1  1.367992e-01  3.000000e-07
 47  84  0  0  0  1  1.467078e-01  3.000000e-07
 48  40  0  0  0  1  2.825747e-01  3.000000e-07
 48  26  0  0  0  1  7.794369e-02  3.000000e-07
 48  33  0 -1  0  1  2.713510e-01  3.000000e-07
 48  83  0  0  0  1  2.545495e-01  3.000000e-07
 48  54  0  0  0  1  1.312376e-01  3.000000e-07
 48  32  0  0  0  1  2.157471e-01  3.000000e-07
 48  44  0 -1  0  1  2.098216e-01  3.000000e-07
 38  49  0  0  0  1  1.144570e-01  3.000000e-07
 38  81  0  0  0  1  6.601747e-02  3.000000e-07
 38  82  0  0  0  1  1.205248e-01  3.000000e-07
 38  72  0  0  0  1  2.361922e-01  3.000000e-07
 38  34  0  0  0  1  9.852633e-02  3.000000e-07
 39  64  0  0  0  1  1.859538e-01  3.000000e-07
 39  81  0  0  0  1  1.163189e-01  3.000000e-07
 39  54  0  1  0  1  1.979108e-01  3.000000e-07
 39  30  0  1  0  1  1.688473e-01  3.000000e-07
 39  44  0  0  0  1  1.838731e-01  3.000000e-07
 40  28  0  0  0  1  9.135016e-02  3.000000e-07
 40  83  0  0  0  1  1.314396e-01  3.000000e-07
 40  32  0  0  0  1  2.179757e-01  3.000000e-07
 49  65  0  0  0  1  1.171903e-01  3.000000e-07
 49  34  0  0  0  1  1.121182e-01  3.000000e-07
 49  35  0  0  0  1  1.203178e-01  3.000000e-07
 49  37  0  0  0  1  1.576547e-01  3.000000e-07
 64  81  0  0  0  1  1.749828e-01  3.000000e-07
 64  82  0  0  0  1  1.479645e-01  3.000000e-07
 64  53  0  0  0  1  1.787613e-01  3.000000e-07
 64  56  0  0  0  1  1.185985e-01  3.000000e-07
 64  44  0  0  0  1  1.749858e-01  3.000000e-07
 41  46  1  0  0  1  1.913203e-01  3.000000e-07
 41  28  1  0  0  1  1.665232e-01  3.000000e-07
 41  43  1  0  0  1  1.723171e-01  3.000000e-07
 41  55  0  0  0  1  1.206960e-01  3.000000e-07
 41  59  0  0  0  1  2.066643e-01  3.000000e-07
 41  45  0  0  0  1  1.777407e-01  3.000000e-07
 26  54  0  0  0  1  7.179174e-02  3.000000e-07
 26  32  0  0  0  1  1.995751e-01  3.000000e-07
 26  60  0  0  0  1  2.294241e-01  3.000000e-07
 80  72  0 -1  0  1  2.481614e-01  3.000000e-07
 80  50  1 -1  0  1  3.836946e-01  3.000000e-07
 80  58  0  0  0  1  9.051888e-02  3.000000e-07
 81  82  0  0  0  1  1.469998e-01  3.000000e-07
 81  72  0  0  0  1  2.447141e-01  3.000000e-07
 82  86  0  0  0  1  1.256890e-01  3.000000e-07
 82  34  0  0  0  1  7.972189e-02  3.000000e-07
 72  65  0  0  0  1  2.438958e-01  3.000000e-07
 72  30  0  1  0  1  3.224428e-01  3.000000e-07
 72  58  0  1  0  1  2.541370e-01  3.000000e-07
 33  50  0  0  0  1  1.187530e-01  3.000000e-07
 33  83  0  1  0  1  3.048056e-01  3.000000e-07
 33  87  0  0  0  1  1.205551e-01  3.000000e-07
 33  44  0  0  0  1  1.397864e-01  3.000000e-07
 50  79 -1  0  0  1  2.886844e-01  3.000000e-07
 50  51  0  0  0  1  1.860159e-01  3.000000e-07
 50  65 -1  0  0  1  2.950152e-01  3.000000e-07
 50  87  0  0  0  1  1.177033e-01  3.000000e-07
 68  42  0  0  0  1  1.107407e-01  3.000000e-07
 68  66  0  0  0  1  6.290070e-02  3.000000e-07
 68  84  0  0  0  1  8.748780e-02  3.000000e-07
 68  60  0  0  0  1  1.520749e-01  3.000000e-07
 68  45  0  0  0  1  1.872207e-01  3.000000e-07
 42  36  0  0  0  1  1.563542e-01  3.000000e-07
 42  45  0  0  0  1  1.605497e-01  3.000000e-07
 42  37  0  0  0  1  8.627915e-02  3.000000e-07
 79  52  1  0  0  1  2.483158e-01  3.000000e-07
 79  65  0  0  0  1  5.635413e-02  3.000000e-07
 79  35  0  0  0  1  8.204877e-02  3.000000e-07
 86  34  0  0  0  1  1.471505e-01  3.000000e-07
 86  84  0  0  0  1  1.086457e-01  3.000000e-07
 86  37  0  0  0  1  1.213263e-01  3.000000e-07
 43  52  0  0  0  1  8.695732e-02  3.000000e-07
 43  59 -1  0  0  1  1.833472e-01  3.000000e-07
 51  52  0  0  0  1  2.867141e-01  3.000000e-07
 51  53  0  0  0  1  1.062538e-01  3.000000e-07
 51  25  0  0  0  1  8.971906e-02  3.000000e-07
 51  87  0  0  0  1  9.048274e-02  3.000000e-07
 51  56  0  0  0  1  7.218123e-02  3.000000e-07
 52  25  0  0  0  1  2.501462e-01  3.000000e-07
 52  59 -1  0  0  1  1.548316e-01  3.000000e-07
 53  56  0  0  0  1  1.229573e-01  3.000000e-07
 53  44  0  0  0  1  1.485386e-01  3.000000e-07
 65  35  0  0  0  1  7.925998e-02  3.000000e-07
 54  30  0  0  0  1  6.677056e-02  3.000000e-07
 54  44  0 -1  0  1  2.399791e-01  3.000000e-07
 54  60  0  0  0  1  2.512127e-01  3.000000e-07
 25  56  0  0  0  1  1.086973e-01  3.000000e-07
 25  57  0  0  0  1  7.373721e-02  3.000000e-07
 32  57  0  0  0  1  2.020946e-01  3.000000e-07
 66  58  0  0  0  1  2.501614e-01  3.000000e-07
 66  60  0  0  0  1  1.499791e-01  3.000000e-07
 55  58  0  0  0  1  8.970288e-02  3.000000e-07
 30  58  0  0  0  1  3.308346e-01  3.000000e-07
 30  60  0  0  0  1  2.722093e-01  3.000000e-07
 56  57  0  0  0  1  1.567974e-01  3.000000e-07
 36  59  0  0  0  1  7.112917e-02  3.000000e-07
 36  35  0  0  0  1  1.681014e-01  3.000000e-07
 59  35  0  0  0  1  1.745611e-01  3.000000e-07
 59  45  0  0  0  1  8.710877e-02  3.000000e-07
 34  37  0  0  0  1  9.876502e-02  3.000000e-07
 84  60  0  0  0  1  1.350060e-01  3.000000e-07
 84  37  0  0  0  1  1.397656e-01  3.000000e-07
 35  37  0  0  0  1  1.387169e-01  3.000000e-07
-4.015197e-01  2.101843e-01 -2.570661e-01
 4.296177e-01 -3.889873e-01 -1.758244e-01
-2.360371e-01  1.296259e-01 -1.459523e-01
 2.196995e-02  5.309226e-02 -1.780568e-01
-1.394928e-01 -4.581825e-03 -1.973246e-01
-1.809602e-01  5.673597e-02 -3.634894e-01
 7.214234e-02 -1.556081e-01 -3.768342e-01
-2.773252e-01  1.854004e-01 -3.087875e-01
 6.528526e-02 -2.455397e-01 -2.639843e-01
 7.024830e-02 -2.662158e-01 -1.538687e-01
-4.779342e-02  3.464647e-02  1.410576e-01
-3.575265e-02 -5.279388e-02  2.032037e-01
 4.463095e-01 -3.897984e-02  1.722337e-01
-3.422976e-01  4.151782e-01  2.540634e-01
-1.351723e-01  1.844819e-01  2.492828e-01
 3.423388e-01  3.169961e-01  2.153048e-01
 1.956913e-01 -1.708584e-01  3.319031e-01
 4.079774e-01  3.862614e-01  3.510324e-01
 8.886147e-02  3.194107e-01  1.811158e-01
 4.088585e-01 -4.119202e-01  1.094500e-01
 1.692871e-02  7.667518e-02  2.235429e-01
-4.852798e-02  1.330896e-01  3.148440e-01
-7.267483e-02  3.647397e-01  1.460985e-01
-1.309790e-01 -2.647348e-01  3.647850e-01
 3.393593e-01  1.158785e-01  1.605460e-01
-2.263335e-01  1.185363e-01  0
-9.545313e-02 -3.274068e-01  0
 3.087572e-01 -1.513506e-01  0
-4.409199e-01 -1.068806e-01  0
-4.254255e-01 -1.826069e-01  0
 2.681259e-02 -3.902362e-01  0
-3.910765e-01 -8.472036e-02  0
-1.711114e-01 -1.427286e-01  0
-3.056686e-01  4.083484e-01  0
 1.270371e-01  1.974256e-01  0
 2.918519e-01  1.431651e-01  0
 3.361193e-01 -1.900297e-02  0
 1.588055e-01  1.039093e-01  0
 1.256990e-01  2.959429e-01  0
 1.577169e-02  4.412778e-01  0
-3.859098e-01 -1.798103e-01  0
 4.197889e-01 -1.981383e-01  0
 1.851715e-01  2.175749e-02  0
-4.442905e-01 -9.221958e-02  0
-1.678541e-01  4.317447e-01  0
 3.317587e-01 -4.372833e-02  0
-4.338534e-01 -3.213571e-01  0
-5.070392e-02  2.343218e-02  0
-1.669544e-01 -3.584356e-01  0
 2.283822e-01  2.453804e-01  0
-3.909318e-01  3.256896e-01  0
-2.491158e-01  2.053146e-01  0
-4.436962e-01 -5.264299e-03  0
-2.549348e-01  3.114090e-01  0
-3.604524e-02 -3.677151e-01  0
 4.331659e-01 -3.180907e-01  0
-1.776918e-01  2.157427e-01  0
-1.827908e-01  5.902822e-02  0
 3.452213e-01 -3.004174e-01  0
 4.020211e-01  7.760855e-03  0
 1.019059e-03 -1.192517e-01  0
 1.501253e-01 -1.708715e-01  3.587694e-01
 1.760652e-02  2.049328e-01  1.137940e-01
-1.407512e-01  1.635559e-02  0
-7.875449e-02  2.811416e-01  0
 3.390530e-01  2.068377e-01  0
 1.486492e-01 -1.456912e-01  0
 9.030024e-02 -3.468940e-01 -3.428805e-01
 1.486584e-01 -8.279050e-02  0
-4.090043e-01  2.532445e-01 -4.428475e-01
 3.699203e-01  9.695477e-02 -4.036906e-01
 3.904157e-01  1.673811e-01 -2.656561e-01
 3.060241e-01  4.484867e-01  0
-6.385676e-02  1.604189e-02  2.190676e-01
-3.252489e-02  5.192997e-02  2.681966e-01
-3.267143e-01  1.861462e-01 -4.344779e-01
 1.628943e-02  6.361448e-02 -3.353061e-01
 1.383586e-02 -6.816249e-02 -4.373848e-01
 3.761048e-01 -8.761418e-02 -3.348426e-01
 3.719246e-01  1.610638e-01  0
 4.285717e-01 -3.357214e-01  0
 8.348365e-02  3.466989e-01  0
 4.759900e-02  2.041463e-01  0
-4.163897e-01 -3.076670e-01  0
 9.009107e-02 -1.779828e-02  0
-5.961990e-03 -3.229926e-01 -1.120008e-01
 4.013149e-02  7.867932e-02  0
-2.784882e-01  2.908972e-01  0
-1.557010e-01 -3.054083e-01 -2.033235e-01
-3.794104e-01 -4.322464e-02 -1.869719e-01