 712  90  1.200000e-05  46 -2 -2
 6  4  0  0  0  3  2.209818e-01  1.000000e-07
 6  65  0  0  0  3  2.216005e-01  1.000000e-07
 6  74  1  0  0  3  5.387704e-01  1.000000e-07
 6  71  1 -1  0  3  5.362706e-01  1.000000e-07
 6  5  0  0  0  3  3.946970e-01  1.000000e-07
 6  12  0  0  0  3  2.548389e-01  1.000000e-07
 6  77  1  0  1  3  5.283412e-01  1.000000e-07
 7  4  0  0  0  3  3.182741e-01  1.000000e-07
 7  70  0  0  0  3  1.729296e-01  1.000000e-07
 7  73  1 -1  0  3  6.875731e-01  1.000000e-07
 7  5  0  0  0  3  2.685682e-01  1.000000e-07
 4  65  0  0  0  3  7.306266e-02  1.000000e-07
 4  5  0  0  0  3  2.296019e-01  1.000000e-07
 4  76  0 -1  0  3  5.261703e-01  1.000000e-07
 4  12  0  0  0  3  5.509208e-02  1.000000e-07
 0  70  0  1  0  3  4.428495e-01  1.000000e-07
 0  74  0  0  0  3  2.705297e-01  1.000000e-07
 0  81  0  0  0  3  3.728880e-01  1.000000e-07
 0  3  0  0  0  3  1.806897e-01  1.000000e-07
 0  75  0  0  0  3  2.590882e-01  1.000000e-07
 0  72  0  0  0  3  3.071128e-01  1.000000e-07
 0  87 -1  0  1  3  4.850378e-01  1.000000e-07
 0  77  0  0  1  3  4.732204e-01  1.000000e-07
 0  88  0  0  1  3  4.648085e-01  1.000000e-07
 65  74  1  0  0  3  5.302379e-01  1.000000e-07
 65  75  0  0  0  3  3.054502e-01  1.000000e-07
 65  5  0  0  0  3  2.272151e-01  1.000000e-07
 65  12  0  0  0  3  1.041804e-01  1.000000e-07
 65  16  0  0  1  3  3.275761e-01  1.000000e-07
 70  9  0  0  0  3  2.047818e-01  1.000000e-07
 70  71  0 -1  0  3  2.421934e-01  1.000000e-07
 70  72  0  0  0  3  2.923734e-01  1.000000e-07
 70  76  0 -1  0  3  4.161680e-01  1.000000e-07
 70  8  0  0  1  3  4.567141e-01  1.000000e-07
 70  67  0  0  1  3  3.494323e-01  1.000000e-07
 70  79  0 -1  1  3  4.478673e-01  1.000000e-07
 74  81  0  0  0  3  5.012854e-01  1.000000e-07
 74  12 -1  1  0  3  6.187551e-01  1.000000e-07
 74  16 -1  0  1  3  5.412135e-01  1.000000e-07
 74  77  0  0  1  3  5.487614e-01  1.000000e-07
 74  14 -1  0  1  3  3.131642e-01  1.000000e-07
 9  73  0 -1  0  3  3.723018e-01  1.000000e-07
 9  81  0  0  0  3  2.344297e-01  1.000000e-07
 9  72  0  0  0  3  2.525067e-01  1.000000e-07
 9  12 -1  0  0  3  5.500769e-01  1.000000e-07
 9  10  0  0  1  3  3.392711e-01  1.000000e-07
 9  77  0  0  1  3  3.503647e-01  1.000000e-07
 9  11  0  0  1  3  3.163849e-01  1.000000e-07
 73  2  0  0  0  3  1.795491e-01  1.000000e-07
 73  1  0  0  0  3  1.071644e-01  1.000000e-07
 73  12 -1  1  0  3  5.587352e-01  1.000000e-07
 73  80  0  0  1  3  4.169136e-01  1.000000e-07
 81  75  0  0  0  3  2.823767e-01  1.000000e-07
 81  72  0  0  0  3  2.019774e-01  1.000000e-07
 81  2  0  0  0  3  4.648876e-01  1.000000e-07
 3  71  0  0  0  3  3.068831e-01  1.000000e-07
 3  75  0  0  0  3  1.985563e-01  1.000000e-07
 3  2  0  0  0  3  2.970978e-01  1.000000e-07
 3  1  0  0  0  3  3.451575e-01  1.000000e-07
 3  76  0  0  0  3  2.244349e-01  1.000000e-07
 3  78  0  0  1  3  4.029971e-01  1.000000e-07
 3  79  0  0  1  3  4.498129e-01  1.000000e-07
 71  2  0  0  0  3  1.688177e-01  1.000000e-07
 71  1  0  0  0  3  1.632125e-01  1.000000e-07
 71  12 -1  1  0  3  6.070546e-01  1.000000e-07
 71  10  0  1  1  3  4.051827e-01  1.000000e-07
 71  11  0  1  1  3  3.823768e-01  1.000000e-07
 71  79  0  0  1  3  5.465394e-01  1.000000e-07
 75  72  0  0  0  3  2.402900e-01  1.000000e-07
 75  5  0  0  0  3  2.469538e-01  1.000000e-07
 75  76  0  0  0  3  2.562837e-01  1.000000e-07
 75  19  0  0  1  3  3.961534e-01  1.000000e-07
 75  67  0  0  1  3  3.800794e-01  1.000000e-07
 72  5  0  0  0  3  2.242182e-01  1.000000e-07
 72  10  0  0  1  3  2.817244e-01  1.000000e-07
 72  77  0  0  1  3  3.245600e-01  1.000000e-07
 72  11  0  0  1  3  3.044530e-01  1.000000e-07
 2  1  0  0  0  3  1.146713e-01  1.000000e-07
 2  80  0  0  1  3  3.146035e-01  1.000000e-07
 5  12  0  0  0  3  2.578606e-01  1.000000e-07
 76  12  0  1  0  3  4.926632e-01  1.000000e-07
 76  14  0  0  1  3  2.600429e-01  1.000000e-07
 76  79  0  0  1  3  3.553713e-01  1.000000e-07
 12  11  1  0  1  3  5.303162e-01  1.000000e-07
 8  11  0  0  0  3  2.154195e-01  1.000000e-07
 8  78  0 -1  0  3  4.666625e-01  1.000000e-07
 8  68  0  0  0  3  3.847286e-01  1.000000e-07
 16  87  0  0  0  3  3.538091e-01  1.000000e-07
 16  19  0  0  0  3  3.074754e-01  1.000000e-07
 16  18  0  0  0  3  1.767842e-01  1.000000e-07
 16  17  0  0  0  3  1.495838e-01  1.000000e-07
 16  77  1  0  0  3  4.602631e-01  1.000000e-07
 16  21  0  0  0  3  3.744381e-01  1.000000e-07
 16  67  0  0  0  3  2.235448e-01  1.000000e-07
 87  74  1  0 -1  3  3.953991e-01  1.000000e-07
 87  19  0  0  0  3  1.158226e-01  1.000000e-07
 87  17  0  0  0  3  2.947882e-01  1.000000e-07
 87  66  0  1  0  3  3.441499e-01  1.000000e-07
 87  77  1  0  0  3  5.244550e-01  1.000000e-07
 87  13  1  0  0  3  3.181983e-01  1.000000e-07
 87  80  1  0  0  3  2.622174e-01  1.000000e-07
 10  77  0  0  0  3  1.391870e-01  1.000000e-07
 10  11  0  0  0  3  8.133914e-02  1.000000e-07
 10  67  0  0  0  3  3.836224e-01  1.000000e-07
 10  68  0  0  0  3  3.940852e-01  1.000000e-07
 10  79  0 -1  0  3  4.638378e-01  1.000000e-07
 10  80  0 -1  0  3  4.033238e-01  1.000000e-07
 19  17  0  0  0  3  2.883219e-01  1.000000e-07
 19  66  0  1  0  3  3.607301e-01  1.000000e-07
 19  14  0  0  0  3  1.239219e-01  1.000000e-07
 19  21  0  0  0  3  2.137596e-01  1.000000e-07
 19  78  0  0  0  3  4.556672e-01  1.000000e-07
 19  79  0  0  0  3  2.820164e-01  1.000000e-07
 18  15  0  0  0  3  3.156346e-01  1.000000e-07
 18  17  0  0  0  3  5.660889e-02  1.000000e-07
 18  20  0  0  0  3  1.857947e-01  1.000000e-07
 18  21  0  0  0  3  3.485803e-01  1.000000e-07
 18  67  0  0  0  3  2.795920e-01  1.000000e-07
 18  68  0  0  0  3  3.346917e-01  1.000000e-07
 18  88  0  0  0  3  4.870259e-01  1.000000e-07
 15  66  0  0  0  3  1.777331e-01  1.000000e-07
 15  20  0  0  0  3  3.964932e-01  1.000000e-07
 15  21  0 -1  0  3  3.772234e-01  1.000000e-07
 15  67  0  0  0  3  2.523181e-01  1.000000e-07
 15  68  0  0  0  3  1.306841e-01  1.000000e-07
 15  79  0 -1  0  3  2.161599e-01  1.000000e-07
 17  77  1  0  0  3  4.149497e-01  1.000000e-07
 17  20  0  0  0  3  2.044919e-01  1.000000e-07
 17  21  0  0  0  3  3.056139e-01  1.000000e-07
 17  78  0  0  0  3  4.827022e-01  1.000000e-07
 17  88  0  0  0  3  4.899660e-01  1.000000e-07
 66  77  1  0  0  3  3.402558e-01  1.000000e-07
 66  14  0 -1  0  3  3.349273e-01  1.000000e-07
 66  21  0 -1  0  3  3.966988e-01  1.000000e-07
 66  11  1  0  0  3  3.570539e-01  1.000000e-07
 66  13  1 -1  0  3  3.556924e-01  1.000000e-07
 66  68  0  0  0  3  2.755740e-01  1.000000e-07
 77  14 -1  0  0  3  5.690416e-01  1.000000e-07
 77  11  0  0  0  3  7.805281e-02  1.000000e-07
 20  21  0  0  0  3  3.358497e-01  1.000000e-07
 14  67  0  1  0  3  5.191972e-01  1.000000e-07
 14  68  0  1  0  3  4.460409e-01  1.000000e-07
 14  79  0  0  0  3  3.544381e-01  1.000000e-07
 14  80  1  0  0  3  2.197107e-01  1.000000e-07
 21  13  1  0  0  3  4.493523e-01  1.000000e-07
 11  80  0 -1  0  3  3.714431e-01  1.000000e-07
 78  76  0  0 -1  3  4.614273e-01  1.000000e-07
 78  13  0  0  0  3  2.920447e-01  1.000000e-07
 78  88  0  0  0  3  3.860685e-01  1.000000e-07
 78  80  0  0  0  3  3.612019e-01  1.000000e-07
 67  68  0  0  0  3  1.588667e-01  1.000000e-07
 67  88  0  0  0  3  3.378381e-01  1.000000e-07
 13  79  0  0  0  3  4.964634e-01  1.000000e-07
 13  80  0  0  0  3  3.113274e-01  1.000000e-07
 68  79  0 -1  0  3  1.913012e-01  1.000000e-07
 68  88  0  0  0  3  3.493382e-01  1.000000e-07
 79  80  0  0  0  3  5.492975e-01  1.000000e-07
 88  20 -1  0  0  3  5.116560e-01  1.000000e-07
 2  86  0  0  0  3  2.761075e-01  1.000000e-07
 35  78  0  0  0  3  2.805822e-01  1.000000e-07
 6  53  0  0  0  3  1.612877e-01  1.000000e-07
 58  20  0  0  0  3  1.283560e-01  1.000000e-07
 1  83  0  0  0  3  2.417543e-01  1.000000e-07
 47  79  0  0  0  3  3.671954e-01  1.000000e-07
 6  58  0  0  0  3  1.551857e-01  1.000000e-07
 48  15  0  0  0  3  2.589443e-01  1.000000e-07
 1  89  0  0  0  3  3.226389e-01  1.000000e-07
 50  21  0  0  0  3  2.998237e-01  1.000000e-07
 5  63  0  0  0  3  2.738973e-01  1.000000e-07
 56  18  0  0  0  3  3.033057e-01  1.000000e-07
 81  43  0  0  0  3  3.917479e-01  1.000000e-07
 86  13  0  0  0  3  2.489670e-01  1.000000e-07
 81  28  0  0  0  3  2.631067e-01  1.000000e-07
 69  8  0  0  0  3  2.721364e-01  1.000000e-07
 3  82  0  0  0  3  3.899335e-01  1.000000e-07
 52  21  0  0  0  3  1.828301e-01  1.000000e-07
 7  56  0  0  0  3  2.197761e-01  1.000000e-07
 55  15  0  0  0  3  2.602522e-01  1.000000e-07
 7  55  0  0  0  3  2.008201e-01  1.000000e-07
 54  88  0  0  0  3  3.285565e-01  1.000000e-07
 1  84  0  0  0  3  1.835178e-01  1.000000e-07
 59  13  0  0  0  3  1.440178e-01  1.000000e-07
 65  49  0  0  0  3  3.132821e-01  1.000000e-07
 53  20  0  0  0  3  1.140996e-01  1.000000e-07
 5  57  0  0  0  3  3.398900e-01  1.000000e-07
 82  21  0  0  0  3  2.386623e-01  1.000000e-07
 73  85 -1  0  0  3  3.141395e-01  1.000000e-07
 51  20  0  0  0  3  2.347448e-01  1.000000e-07
 1  84  0  0  0  3  2.132576e-01  1.000000e-07
 59  8  0  1  0  3  2.723717e-01  1.000000e-07
 65  82  0  0  0  3  3.743034e-01  1.000000e-07
 57  21  0  0  0  3  2.210336e-01  1.000000e-07
 73  84  0  0  0  3  1.724507e-01  1.000000e-07
 59  8  0  1  0  3  2.871656e-01  1.000000e-07
 7  62  0 -1  0  3  2.967247e-01  1.000000e-07
 52  21  0  0  0  3  2.717149e-01  1.000000e-07
 73  59  0  0  0  3  1.676758e-01  1.000000e-07
 84  66 -1  1  0  3  3.113720e-01  1.000000e-07
 81  27  0  0  0  3  2.265348e-01  1.000000e-07
 69  88  0  0  0  3  3.045962e-01  1.000000e-07
 7  64  0  0  0  3  2.038026e-01  1.000000e-07
 55  79  0 -1  0  3  3.050305e-01  1.000000e-07
 9  60  0  0  0  3  2.819420e-01  1.000000e-07
 61  8  0  0  0  3  2.306302e-01  1.000000e-07
 1  86  0  0  0  3  2.044993e-01  1.000000e-07
 35  78  0  0  0  3  3.000210e-01  1.000000e-07
 7  64  0  0  0  3  2.031593e-01  1.000000e-07
 54  8  0  0  0  3  2.556847e-01  1.000000e-07
 2  84  0  0  0  3  2.621847e-01  1.000000e-07
 59  13  0  0  0  3  1.425173e-01  1.000000e-07
 76  49  0  0  0  3  5.181529e-01  1.000000e-07
 85  20  0  0  0  3  1.258095e-01  1.000000e-07
 2  85 -1  0  0  3  4.166215e-01  1.000000e-07
 49  20  0  0  0  3  1.653969e-01  1.000000e-07
 33  82  0  0  0  2  2.938099e-01  2.000000e-07
 33  55  0  0  0  2  4.663980e-01  2.000000e-07
 33  52  0  0  0  2  2.506190e-01  2.000000e-07
 33  50  0  0  0  2  2.046484e-01  2.000000e-07
 33  34  0  0  0  2  7.503946e-02  2.000000e-07
 33  35  0  0  0  2  8.087515e-02  2.000000e-07
 33  57  0  0  0  2  2.194351e-01  2.000000e-07
 33  46  0  0  0  2  1.420797e-01  2.000000e-07
 33  37  0  0  0  2  2.741209e-01  2.000000e-07
 33  43  0  0  0  2  7.585954e-02  2.000000e-07
 33  69  0  0  0  2  3.727211e-01  2.000000e-07
 53  40  1  0  0  2  2.197037e-01  2.000000e-07
 53  48  0  0  0  2  2.085734e-01  2.000000e-07
 53  49  0  0  0  2  2.525416e-01  2.000000e-07
 53  26  1  0  0  2  3.008960e-01  2.000000e-07
 53  23  0  0  0  2  2.438483e-01  2.000000e-07
 53  57  0  0  0  2  4.477900e-01  2.000000e-07
 53  41  0 -1  0  2  4.357869e-01  2.000000e-07
 53  58  0  0  0  2  1.085504e-01  2.000000e-07
 53  59  1 -1  0  2  3.793953e-01  2.000000e-07
 53  38  1  0  0  2  3.164989e-01  2.000000e-07
 53  61  1  0  0  2  2.925457e-01  2.000000e-07
 53  63  0  0  0  2  3.842641e-01  2.000000e-07
 53  44  1  0  0  2  2.475410e-01  2.000000e-07
 53  24  0  0  0  2  2.119878e-01  2.000000e-07
 53  29  1  0  0  2  1.752817e-01  2.000000e-07
 54  40  0  0  0  2  2.283171e-01  2.000000e-07
 54  55  0  0  0  2  1.036722e-01  2.000000e-07
 54  52  0 -1  0  2  4.092359e-01  2.000000e-07
 54  45  0 -1  0  2  3.812207e-01  2.000000e-07
 54  89  0 -1  0  2  3.642584e-01  2.000000e-07
 54  41  0 -1  0  2  4.248611e-01  2.000000e-07
 54  27  0  0  0  2  1.688017e-01  2.000000e-07
 54  37  0  0  0  2  2.560347e-01  2.000000e-07
 54  60  0  0  0  2  1.399453e-01  2.000000e-07
 54  61  0  0  0  2  1.432179e-01  2.000000e-07
 54  47  0 -1  0  2  3.256208e-01  2.000000e-07
 54  63  0  0  0  2  3.228091e-01  2.000000e-07
 54  84  0 -1  0  2  2.759821e-01  2.000000e-07
 54  28  0  0  0  2  8.209209e-02  2.000000e-07
 22  50  0  0  0  2  9.662580e-03  2.000000e-07
 22  89  0  0  0  2  3.975536e-02  2.000000e-07
 22  57  0  0  0  2  2.369631e-01  2.000000e-07
 22  41  0  0  0  2  2.219244e-01  2.000000e-07
 22  42  0  0  0  2  3.896723e-01  2.000000e-07
 22  46  0  0  0  2  2.583231e-01  2.000000e-07
 22  47  0  0  0  2  1.595932e-01  2.000000e-07
 22  62  0  0  0  2  1.629039e-01  2.000000e-07
 22  63  0  0  0  2  4.318300e-01  2.000000e-07
 22  83  0  0  0  2  1.525939e-01  2.000000e-07
 22  85  0  0  0  2  4.043548e-01  2.000000e-07
 22  86  0  0  0  2  2.415079e-01  2.000000e-07
 40  26  0  0  0  2  8.152058e-02  2.000000e-07
 40  58 -1  0  0  2  3.078283e-01  2.000000e-07
 40  27  0  0  0  2  2.189503e-01  2.000000e-07
 40  37  0  0  0  2  1.669145e-01  2.000000e-07
 40  38  0  0  0  2  2.146278e-01  2.000000e-07
 40  60  0  0  0  2  9.110917e-02  2.000000e-07
 40  61  0  0  0  2  8.801520e-02  2.000000e-07
 40  44  0  0  0  2  1.281336e-01  2.000000e-07
 40  24 -1  0  0  2  2.944091e-01  2.000000e-07
 40  29  0  0  0  2  1.318869e-01  2.000000e-07
 40  84  0 -1  0  2  3.550787e-01  2.000000e-07
 40  28  0  0  0  2  2.226288e-01  2.000000e-07
 48  55  0  0  0  2  3.113049e-01  2.000000e-07
 48  56  0  0  0  2  1.999995e-01  2.000000e-07
 48  45  0 -1  0  2  2.755862e-01  2.000000e-07
 48  23  0  0  0  2  1.292454e-01  2.000000e-07
 48  57  0  0  0  2  4.284314e-01  2.000000e-07
 48  58  0  0  0  2  1.025638e-01  2.000000e-07
 48  46  0  0  0  2  4.415627e-01  2.000000e-07
 48  61  1  0  0  2  4.626970e-01  2.000000e-07
 48  25  0 -1  0  2  2.818427e-01  2.000000e-07
 48  69  0  0  0  2  3.638376e-01  2.000000e-07
 48  62  0 -1  0  2  2.888932e-01  2.000000e-07
 48  63  0  0  0  2  2.709140e-01  2.000000e-07
 48  44  1  0  0  2  4.558963e-01  2.000000e-07
 48  64  0  0  0  2  3.860349e-01  2.000000e-07
 49  82  0  0  0  2  1.812273e-01  2.000000e-07
 49  55  0  0  0  2  4.863173e-01  2.000000e-07
 49  89  0  0  0  2  4.416808e-01  2.000000e-07
 49  34  0  0  0  2  3.612452e-01  2.000000e-07
 49  57  0  0  0  2  2.154774e-01  2.000000e-07
 49  30  0  0  0  2  2.290567e-01  2.000000e-07
 49  58  0  0  0  2  2.840101e-01  2.000000e-07
 49  38  1  0  0  2  3.886753e-01  2.000000e-07
 49  51  0  0  0  2  2.524016e-01  2.000000e-07
 49  63  0  0  0  2  2.678786e-01  2.000000e-07
 49  29  1  0  0  2  3.101229e-01  2.000000e-07
 49  85  0  0  0  2  1.518789e-01  2.000000e-07
 26  36  0  0  0  2  1.995888e-01  2.000000e-07
 26  38  0  0  0  2  2.165468e-01  2.000000e-07
 26  60  0  0  0  2  6.730993e-02  2.000000e-07
 26  61  0  0  0  2  6.672914e-02  2.000000e-07
 26  69  0  0  0  2  1.619095e-01  2.000000e-07
 26  39  0  0  0  2  2.691069e-01  2.000000e-07
 26  44  0  0  0  2  1.487776e-01  2.000000e-07
 26  28  0  0  0  2  1.446646e-01  2.000000e-07
 82  55  0  0  0  2  5.251068e-01  2.000000e-07
 82  52  0  0  0  2  1.953977e-01  2.000000e-07
 82  50  0  0  0  2  2.397139e-01  2.000000e-07
 82  45  0  0  0  2  2.893826e-01  2.000000e-07
 82  34  0  0  0  2  2.188999e-01  2.000000e-07
 82  57  0  0  0  2  9.461227e-02  2.000000e-07
 82  30  0  0  0  2  1.300564e-01  2.000000e-07
 82  58  0  0  0  2  4.496656e-01  2.000000e-07
 82  37  0  0  0  2  4.813685e-01  2.000000e-07
 82  43  1  0  0  2  6.320611e-01  2.000000e-07
 82  25  0  0  0  2  3.577131e-01  2.000000e-07
 82  69  0  0  0  2  4.720238e-01  2.000000e-07
 82  51  0  0  0  2  2.176334e-01  2.000000e-07
 82  63  0  0  0  2  2.868896e-01  2.000000e-07
 82  44  1  0  0  2  5.354252e-01  2.000000e-07
 82  29  1  0  0  2  4.793874e-01  2.000000e-07
 55  52  0 -1  0  2  3.919644e-01  2.000000e-07
 55  45  0 -1  0  2  3.266869e-01  2.000000e-07
 55  34  0  0  0  2  4.609315e-01  2.000000e-07
 55  35  0 -1  0  2  5.009246e-01  2.000000e-07
 55  57  0  0  0  2  4.457092e-01  2.000000e-07
 55  58  0  0  0  2  4.103865e-01  2.000000e-07
 55  27  0  0  0  2  1.541018e-01  2.000000e-07
 55  37  0  0  0  2  2.742657e-01  2.000000e-07
 55  60  0  0  0  2  2.260874e-01  2.000000e-07
 55  69  0  0  0  2  1.011622e-01  2.000000e-07
 55  63  0  0  0  2  2.387758e-01  2.000000e-07
 55  64  0  0  0  2  1.154816e-01  2.000000e-07
 55  84  0 -1  0  2  3.636400e-01  2.000000e-07
 36  32  0  0  0  2  7.146518e-02  2.000000e-07
 36  46  0  0  0  2  2.174729e-01  2.000000e-07
 36  60  0  0  0  2  2.666455e-01  2.000000e-07
 36  43  0  0  0  2  1.644420e-01  2.000000e-07
 36  69  0  0  0  2  2.146670e-01  2.000000e-07
 36  39  0  0  0  2  6.957128e-02  2.000000e-07
 36  63  0  0  0  2  2.681375e-01  2.000000e-07
 36  44  0  0  0  2  1.583116e-01  2.000000e-07
 36  29  0  0  0  2  2.327664e-01  2.000000e-07
 36  28  0  0  0  2  2.470376e-01  2.000000e-07
 36  86  0  0  0  2  2.217477e-01  2.000000e-07
 56  89  0 -1  0  2  4.024644e-01  2.000000e-07
 56  23  0  0  0  2  2.904941e-01  2.000000e-07
 56  57  0  0  0  2  3.955672e-01  2.000000e-07
 56  41  0 -1  0  2  3.158148e-01  2.000000e-07
 56  46  0  0  0  2  3.581809e-01  2.000000e-07
 56  69  0  0  0  2  1.699134e-01  2.000000e-07
 56  62  0 -1  0  2  2.729875e-01  2.000000e-07
 56  63  0  0  0  2  1.834497e-01  2.000000e-07
 56  83  0 -1  0  2  3.973272e-01  2.000000e-07
 56  64  0  0  0  2  2.090807e-01  2.000000e-07
 56  28  0  0  0  2  1.839274e-01  2.000000e-07
 52  50  0  0  0  2  6.843462e-02  2.000000e-07
 52  45  0  0  0  2  1.519375e-01  2.000000e-07
 52  89  0  0  0  2  9.966338e-02  2.000000e-07
 52  34  0  0  0  2  2.034527e-01  2.000000e-07
 52  35  0  0  0  2  2.761052e-01  2.000000e-07
 52  31  0  0  0  2  1.635943e-01  2.000000e-07
 52  30  0  0  0  2  2.138635e-01  2.000000e-07
 52  41  0  0  0  2  1.755790e-01  2.000000e-07
 52  64  0  1  0  2  3.287535e-01  2.000000e-07
 52  84  0  0  0  2  4.043261e-01  2.000000e-07
 50  45  0  0  0  2  1.989926e-01  2.000000e-07
 50  32  0  0  0  2  3.291559e-01  2.000000e-07
 50  35  0  0  0  2  2.159754e-01  2.000000e-07
 50  57  0  0  0  2  2.349798e-01  2.000000e-07
 50  46  0  0  0  2  2.525408e-01  2.000000e-07
 50  43  0  0  0  2  2.646986e-01  2.000000e-07
 50  25  0  0  0  2  3.988530e-01  2.000000e-07
 50  62  0  0  0  2  1.722928e-01  2.000000e-07
 50  83  0  0  0  2  1.464590e-01  2.000000e-07
 50  64  0  1  0  2  2.950860e-01  2.000000e-07
 50  86  0  0  0  2  2.318540e-01  2.000000e-07
 45  89  0  0  0  2  2.248817e-01  2.000000e-07
 45  31  0  0  0  2  1.285537e-01  2.000000e-07
 45  30  0  0  0  2  2.293267e-01  2.000000e-07
 45  41  0  0  0  2  4.682508e-02  2.000000e-07
 45  58  0  1  0  2  3.503420e-01  2.000000e-07
 45  59  1  0  0  2  3.890473e-01  2.000000e-07
 45  62  0  0  0  2  3.954746e-02  2.000000e-07
 45  51  0  0  0  2  2.814977e-01  2.000000e-07
 45  63  0  1  0  2  4.612632e-01  2.000000e-07
 45  64  0  1  0  2  3.100750e-01  2.000000e-07
 89  34  0  0  0  2  1.689026e-01  2.000000e-07
 89  31  0  0  0  2  2.628386e-01  2.000000e-07
 89  30  0  0  0  2  3.089956e-01  2.000000e-07
 89  41  0  0  0  2  2.596695e-01  2.000000e-07
 89  46  0  0  0  2  2.524932e-01  2.000000e-07
 89  47  0  0  0  2  1.211520e-01  2.000000e-07
 89  62  0  0  0  2  1.954580e-01  2.000000e-07
 89  39  0  0  0  2  3.153161e-01  2.000000e-07
 89  63  0  0  0  2  4.310837e-01  2.000000e-07
 89  83  0  0  0  2  1.175321e-01  2.000000e-07
 89  84  0  0  0  2  3.104537e-01  2.000000e-07
 89  28  0  1  0  2  4.299139e-01  2.000000e-07
 89  85  0  0  0  2  4.371907e-01  2.000000e-07
 89  86  0  0  0  2  2.053173e-01  2.000000e-07
 23  41  0 -1  0  2  1.927142e-01  2.000000e-07
 23  42  0 -1  0  2  1.557778e-01  2.000000e-07
 23  61  1  0  0  2  4.184092e-01  2.000000e-07
 23  25  0 -1  0  2  1.529296e-01  2.000000e-07
 23  62  0 -1  0  2  2.448753e-01  2.000000e-07
 23  44  1  0  0  2  4.679191e-01  2.000000e-07
 23  24  0  0  0  2  1.121277e-01  2.000000e-07
 32  46  0  0  0  2  1.705015e-01  2.000000e-07
 32  43  0  0  0  2  1.005221e-01  2.000000e-07
 32  69  0  0  0  2  2.673292e-01  2.000000e-07
 32  39  0  0  0  2  6.912165e-03  2.000000e-07
 32  44  0  0  0  2  2.151233e-01  2.000000e-07
 32  86  0  0  0  2  1.577060e-01  2.000000e-07
 34  35  0  0  0  2  1.482082e-01  2.000000e-07
 34  31  0  0  0  2  3.342388e-01  2.000000e-07
 34  30  0  0  0  2  3.272142e-01  2.000000e-07
 34  37  0  0  0  2  3.111518e-01  2.000000e-07
 34  38  0  0  0  2  3.142879e-01  2.000000e-07
 34  39  0  0  0  2  1.751572e-01  2.000000e-07
 34  63  0  0  0  2  2.722994e-01  2.000000e-07
 34  84  0  0  0  2  3.955717e-01  2.000000e-07
 34  85  0  0  0  2  4.150498e-01  2.000000e-07
 35  59  0  0  0  2  3.664925e-01  2.000000e-07
 35  37  0  0  0  2  3.030655e-01  2.000000e-07
 35  38  0  0  0  2  2.461814e-01  2.000000e-07
 35  60  0  1  0  2  5.294702e-01  2.000000e-07
 35  43  0  0  0  2  6.556447e-02  2.000000e-07
 35  51 -1  0  0  2  4.554049e-01  2.000000e-07
 35  64  0  1  0  2  3.913194e-01  2.000000e-07
 35  29  0  0  0  2  3.872937e-01  2.000000e-07
 35  84  0  0  0  2  2.681156e-01  2.000000e-07
 57  58  0  0  0  2  4.416079e-01  2.000000e-07
 57  42  0  0  0  2  4.448687e-01  2.000000e-07
 57  46  0  0  0  2  1.076807e-01  2.000000e-07
 57  43  0  0  0  2  2.906040e-01  2.000000e-07
 57  25  0  0  0  2  4.462716e-01  2.000000e-07
 57  69  0  0  0  2  3.845501e-01  2.000000e-07
 57  62  0  0  0  2  3.432272e-01  2.000000e-07
 57  63  0  0  0  2  2.131608e-01  2.000000e-07
 57  44  1  0  0  2  5.885829e-01  2.000000e-07
 57  85  0  0  0  2  2.792156e-01  2.000000e-07
 31  30  0  0  0  2  1.024924e-01  2.000000e-07
 31  41  0  0  0  2  9.896727e-02  2.000000e-07
 31  59  1  0  0  2  3.291329e-01  2.000000e-07
 31  42  0  0  0  2  1.823411e-01  2.000000e-07
 31  51  0  0  0  2  1.586047e-01  2.000000e-07
 31  85  0  0  0  2  2.388208e-01  2.000000e-07
 30  85  0  0  0  2  1.415888e-01  2.000000e-07
 41  58  0  1  0  2  3.361127e-01  2.000000e-07
 41  59  1  0  0  2  3.432523e-01  2.000000e-07
 41  42  0  0  0  2  1.772453e-01  2.000000e-07
 41  62  0  0  0  2  8.619229e-02  2.000000e-07
 41  63  0  1  0  2  4.820085e-01  2.000000e-07
 41  24  0  1  0  2  2.747128e-01  2.000000e-07
 41  85  0  0  0  2  3.341621e-01  2.000000e-07
 58  59  1 -1  0  2  3.562551e-01  2.000000e-07
 58  60  1  0  0  2  3.694053e-01  2.000000e-07
 58  61  1  0  0  2  3.664024e-01  2.000000e-07
 58  25  0 -1  0  2  2.880728e-01  2.000000e-07
 58  63  0  0  0  2  3.276534e-01  2.000000e-07
 58  44  1  0  0  2  3.543819e-01  2.000000e-07
 58  24  0  0  0  2  1.660621e-01  2.000000e-07
 58  29  1  0  0  2  2.834110e-01  2.000000e-07
 59  40  0  1  0  2  3.570619e-01  2.000000e-07
 59  42 -1  0  0  2  1.666414e-01  2.000000e-07
 59  60  0  1  0  2  3.248029e-01  2.000000e-07
 59  43  0  0  0  2  4.048162e-01  2.000000e-07
 59  25 -1  0  0  2  1.678134e-01  2.000000e-07
 59  51 -1  0  0  2  2.544704e-01  2.000000e-07
 59  24 -1  1  0  2  1.913813e-01  2.000000e-07
 59  64  0  1  0  2  3.659463e-01  2.000000e-07
 59  84  0  0  0  2  1.371661e-01  2.000000e-07
 59  85 -1  0  0  2  3.409306e-01  2.000000e-07
 27  37  0  0  0  2  1.256139e-01  2.000000e-07
 27  38  0  0  0  2  2.507667e-01  2.000000e-07
 27  39  0  0  0  2  2.191883e-01  2.000000e-07
 27  63  0  0  0  2  2.049656e-01  2.000000e-07
 27  44  0  0  0  2  2.288892e-01  2.000000e-07
 27  28  0  0  0  2  8.945375e-02  2.000000e-07
 42  61  1  1  0  2  4.302130e-01  2.000000e-07
 42  47  1  0  0  2  4.862678e-01  2.000000e-07
 42  25  0  0  0  2  2.851575e-03  2.000000e-07
 42  62  0  0  0  2  2.619919e-01  2.000000e-07
 42  83  1  0  0  2  4.911827e-01  2.000000e-07
 42  24  0  1  0  2  1.514454e-01  2.000000e-07
 42  84  1  0  0  2  3.037027e-01  2.000000e-07
 42  85  0  0  0  2  3.012739e-01  2.000000e-07
 42  86  1  0  0  2  4.980864e-01  2.000000e-07
 46  43  0  0  0  2  2.009548e-01  2.000000e-07
 46  69  0  0  0  2  3.055871e-01  2.000000e-07
 46  39  0  0  0  2  1.772169e-01  2.000000e-07
 46  63  0  0  0  2  1.814324e-01  2.000000e-07
 46  28  0  0  0  2  3.563283e-01  2.000000e-07
 46  86  0  0  0  2  2.303514e-01  2.000000e-07
 37  36  0  0  0  2  7.714396e-02  2.000000e-07
 37  38  0  0  0  2  1.259422e-01  2.000000e-07
 37  60  0  0  0  2  1.902190e-01  2.000000e-07
 37  43  0  0  0  2  2.375025e-01  2.000000e-07
 37  39  0  0  0  2  1.463807e-01  2.000000e-07
 37  63  0  0  0  2  2.900098e-01  2.000000e-07
 37  29  0  0  0  2  1.870053e-01  2.000000e-07
 38  47  0  0  0  2  3.741635e-01  2.000000e-07
 38  51 -1  0  0  2  4.106601e-01  2.000000e-07
 38  39  0  0  0  2  1.449090e-01  2.000000e-07
 38  44  0  0  0  2  8.884707e-02  2.000000e-07
 38  29  0  0  0  2  1.431503e-01  2.000000e-07
 38  84  0  0  0  2  4.343213e-01  2.000000e-07
 38  86  0  0  0  2  2.324280e-01  2.000000e-07
 60  61  0  0  0  2  3.272855e-03  2.000000e-07
 60  43  0  0  0  2  4.271044e-01  2.000000e-07
 60  25 -1 -1  0  2  4.307512e-01  2.000000e-07
 60  69  0  0  0  2  1.880678e-01  2.000000e-07
 60  44  0  0  0  2  2.015472e-01  2.000000e-07
 60  64  0  0  0  2  2.125788e-01  2.000000e-07
 60  29  0  0  0  2  2.215097e-01  2.000000e-07
 60  84  0 -1  0  2  2.912828e-01  2.000000e-07
 61  47  0 -1  0  2  4.138585e-01  2.000000e-07
 61  25 -1 -1  0  2  4.293601e-01  2.000000e-07
 61  69  0  0  0  2  1.904232e-01  2.000000e-07
 61  83  0 -1  0  2  3.899654e-01  2.000000e-07
 61  44  0  0  0  2  1.993058e-01  2.000000e-07
 61  24 -1  0  0  2  3.130394e-01  2.000000e-07
 61  64  0  0  0  2  2.157778e-01  2.000000e-07
 61  84  0 -1  0  2  2.924002e-01  2.000000e-07
 61  28  0  0  0  2  1.558331e-01  2.000000e-07
 47  39  0  0  0  2  2.941945e-01  2.000000e-07
 47  83  0  0  0  2  3.216166e-02  2.000000e-07
 47  24 -1  1  0  2  4.982448e-01  2.000000e-07
 47  84  0  0  0  2  1.956211e-01  2.000000e-07
 47  28  0  1  0  2  4.031605e-01  2.000000e-07
 47  86  0  0  0  2  1.443626e-01  2.000000e-07
 43  25 -1  0  0  2  5.349520e-01  2.000000e-07
 43  69  0  0  0  2  3.677828e-01  2.000000e-07
 43  51 -1  0  0  2  4.575772e-01  2.000000e-07
 43  83  0  0  0  2  2.309418e-01  2.000000e-07
 43  44  0  0  0  2  2.723595e-01  2.000000e-07
 43  64  0  1  0  2  4.568802e-01  2.000000e-07
 43  29  0  0  0  2  3.311863e-01  2.000000e-07
 43  86  0  0  0  2  5.755163e-02  2.000000e-07
 25  45  0  0  0  2  2.216244e-01  2.000000e-07
 25  62  0  0  0  2  2.609818e-01  2.000000e-07
 25  51  0  0  0  2  1.926943e-01  2.000000e-07
 25  83  1  0  0  2  4.926977e-01  2.000000e-07
 25  44  1  0  0  2  6.067892e-01  2.000000e-07
 25  24  0  1  0  2  1.492728e-01  2.000000e-07
 25  64  1  1  0  2  5.216554e-01  2.000000e-07
 25  86  1  0  0  2  5.003514e-01  2.000000e-07
 69  37  0  0  0  2  1.765851e-01  2.000000e-07
 69  64  0  0  0  2  1.911787e-01  2.000000e-07
 69  28  0  0  0  2  5.153618e-02  2.000000e-07
 62  83  0  0  0  2  2.687222e-01  2.000000e-07
 62  64  0  1  0  2  2.742902e-01  2.000000e-07
 62  28  0  1  0  2  3.804934e-01  2.000000e-07
 51  29  1  0  0  2  4.206238e-01  2.000000e-07
 51  84  1  0  0  2  3.566062e-01  2.000000e-07
 51  85  0  0  0  2  1.115155e-01  2.000000e-07
 39  63  0  0  0  2  2.758988e-01  2.000000e-07
 39  44  0  0  0  2  2.098988e-01  2.000000e-07
 39  84  0  0  0  2  4.165927e-01  2.000000e-07
 39  28  0  0  0  2  3.075970e-01  2.000000e-07
 39  86  0  0  0  2  1.562916e-01  2.000000e-07
 63  24  0  0  0  2  4.761028e-01  2.000000e-07
 63  28  0  0  0  2  2.492879e-01  2.000000e-07
 63  85  0  0  0  2  4.050993e-01  2.000000e-07
 83  24 -1  1  0  2  4.932751e-01  2.000000e-07
 83  64  0  1  0  2  2.271079e-01  2.000000e-07
 83  28  0  1  0  2  3.728135e-01  2.000000e-07
 83  86  0  0  0  2  1.764842e-01  2.000000e-07
 44  29  0  0  0  2  7.525156e-02  2.000000e-07
 44  85 -1  0  0  2  3.667224e-01  2.000000e-07
 44  86  0  0  0  2  3.197228e-01  2.000000e-07
 24  84  1 -1  0  2  3.026970e-01  2.000000e-07
 64  28  0  0  0  2  1.471705e-01  2.000000e-07
 29  85 -1  0  0  2  3.259932e-01  2.000000e-07
 84  28  0  1  0  2  3.558017e-01  2.000000e-07
 84  85 -1  0  0  2  4.176708e-01  2.000000e-07
 84  86  0  0  0  2  2.673714e-01  2.000000e-07
 85  38  1  0  0  2  3.451654e-01  2.000000e-07
 85  86  1  0  0  2  4.346072e-01  2.000000e-07
 33  89  0  0  0  1  1.871073e-01  3.000000e-07
 33  32  0  0  0  1  1.255623e-01  3.000000e-07
 33  34  0  0  0  1  7.503946e-02  3.000000e-07
 33  35  0  0  0  1  8.087515e-02  3.000000e-07
 33  46  0  0  0  1  1.420797e-01  3.000000e-07
 33  43  0  0  0  1  7.585954e-02  3.000000e-07
 53  49  0  0  0  1  2.525416e-01  3.000000e-07
 53  24  0  0  0  1  2.119878e-01  3.000000e-07
 53  29  1  0  0  1  1.752817e-01  3.000000e-07
 54  55  0  0  0  1  1.036722e-01  3.000000e-07
 54  60  0  0  0  1  1.399453e-01  3.000000e-07
 54  64  0  0  0  1  8.064877e-02  3.000000e-07
 54  84  0 -1  0  1  2.759821e-01  3.000000e-07
 54  28  0  0  0  1  8.209209e-02  3.000000e-07
 22  52  0  0  0  1  6.073506e-02  3.000000e-07
 22  62  0  0  0  1  1.629039e-01  3.000000e-07
 22  83  0  0  0  1  1.525939e-01  3.000000e-07
 22  64  0  1  0  1  2.934257e-01  3.000000e-07
 40  53 -1  0  0  1  2.197037e-01  3.000000e-07
 40  26  0  0  0  1  8.152058e-02  3.000000e-07
 40  61  0  0  0  1  8.801520e-02  3.000000e-07
 40  44  0  0  0  1  1.281336e-01  3.000000e-07
 40  24 -1  0  0  1  2.944091e-01  3.000000e-07
 40  29  0  0  0  1  1.318869e-01  3.000000e-07
 48  49  0  0  0  1  3.181200e-01  3.000000e-07
 48  56  0  0  0  1  1.999995e-01  3.000000e-07
 48  45  0 -1  0  1  2.755862e-01  3.000000e-07
 48  23  0  0  0  1  1.292454e-01  3.000000e-07
 48  62  0 -1  0  1  2.888932e-01  3.000000e-07
 48  63  0  0  0  1  2.709140e-01  3.000000e-07
 49  82  0  0  0  1  1.812273e-01  3.000000e-07
 49  57  0  0  0  1  2.154774e-01  3.000000e-07
 49  58  0  0  0  1  2.840101e-01  3.000000e-07
 49  29  1  0  0  1  3.101229e-01  3.000000e-07
 26  27  0  0  0  1  1.392990e-01  3.000000e-07
 26  37  0  0  0  1  1.229512e-01  3.000000e-07
 26  60  0  0  0  1  6.730993e-02  3.000000e-07
 26  61  0  0  0  1  6.672914e-02  3.000000e-07
 26  44  0  0  0  1  1.487776e-01  3.000000e-07
 82  52  0  0  0  1  1.953977e-01  3.000000e-07
 82  57  0  0  0  1  9.461227e-02  3.000000e-07
 82  31  0  0  0  1  1.930103e-01  3.000000e-07
 82  30  0  0  0  1  1.300564e-01  3.000000e-07
 82  85  0  0  0  1  1.963970e-01  3.000000e-07
 55  56  0  0  0  1  1.135701e-01  3.000000e-07
 55  69  0  0  0  1  1.011622e-01  3.000000e-07
 55  64  0  0  0  1  1.154816e-01  3.000000e-07
 36  32  0  0  0  1  7.146518e-02  3.000000e-07
 36  27  0  0  0  1  1.619960e-01  3.000000e-07
 36  46  0  0  0  1  2.174729e-01  3.000000e-07
 36  38  0  0  0  1  1.198436e-01  3.000000e-07
 36  39  0  0  0  1  6.957128e-02  3.000000e-07
 36  63  0  0  0  1  2.681375e-01  3.000000e-07
 56  62  0 -1  0  1  2.729875e-01  3.000000e-07
 56  63  0  0  0  1  1.834497e-01  3.000000e-07
 56  64  0  0  0  1  2.090807e-01  3.000000e-07
 52  50  0  0  0  1  6.843462e-02  3.000000e-07
 52  45  0  0  0  1  1.519375e-01  3.000000e-07
 52  34  0  0  0  1  2.034527e-01  3.000000e-07
 52  57  0  0  0  1  2.164222e-01  3.000000e-07
 52  31  0  0  0  1  1.635943e-01  3.000000e-07
 52  62  0  0  0  1  1.362700e-01  3.000000e-07
 50  34  0  0  0  1  1.752889e-01  3.000000e-07
 45  23  0  1  0  1  2.161752e-01  3.000000e-07
 45  31  0  0  0  1  1.285537e-01  3.000000e-07
 89  34  0  0  0  1  1.689026e-01  3.000000e-07
 89  35  0  0  0  1  1.896179e-01  3.000000e-07
 89  47  0  0  0  1  1.211520e-01  3.000000e-07
 89  83  0  0  0  1  1.175321e-01  3.000000e-07
 23  41  0 -1  0  1  1.927142e-01  3.000000e-07
 23  58  0  0  0  1  1.504778e-01  3.000000e-07
 23  25  0 -1  0  1  1.529296e-01  3.000000e-07
 23  24  0  0  0  1  1.121277e-01  3.000000e-07
 32  46  0  0  0  1  1.705015e-01  3.000000e-07
 32  43  0  0  0  1  1.005221e-01  3.000000e-07
 34  57  0  0  0  1  1.462289e-01  3.000000e-07
 34  46  0  0  0  1  9.116404e-02  3.000000e-07
 35  47  0  0  0  1  1.336418e-01  3.000000e-07
 35  43  0  0  0  1  6.556447e-02  3.000000e-07
 57  63  0  0  0  1  2.131608e-01  3.000000e-07
 31  30  0  0  0  1  1.024924e-01  3.000000e-07
 31  41  0  0  0  1  9.896727e-02  3.000000e-07
 31  42  0  0  0  1  1.823411e-01  3.000000e-07
 30  51  0  0  0  1  9.845885e-02  3.000000e-07
 30  85  0  0  0  1  1.415888e-01  3.000000e-07
 41  42  0  0  0  1  1.772453e-01  3.000000e-07
 41  25  0  0  0  1  1.764395e-01  3.000000e-07
 58  24  0  0  0  1  1.660621e-01  3.000000e-07
 59  42 -1  0  0  1  1.666414e-01  3.000000e-07
 59  61  0  1  0  1  3.245162e-01  3.000000e-07
 59  25 -1  0  0  1  1.678134e-01  3.000000e-07
 59  51 -1  0  0  1  2.544704e-01  3.000000e-07
 59  84  0  0  0  1  1.371661e-01  3.000000e-07
 59  86  0  0  0  1  3.608383e-01  3.000000e-07
 27  37  0  0  0  1  1.256139e-01  3.000000e-07
 27  69  0  0  0  1  5.308642e-02  3.000000e-07
 27  63  0  0  0  1  2.049656e-01  3.000000e-07
 27  28  0  0  0  1  8.945375e-02  3.000000e-07
 42  51  0  0  0  1  1.900976e-01  3.000000e-07
 46  63  0  0  0  1  1.814324e-01  3.000000e-07
 37  38  0  0  0  1  1.259422e-01  3.000000e-07
 37  44  0  0  0  1  1.137447e-01  3.000000e-07
 38  43  0  0  0  1  1.882336e-01  3.000000e-07
 38  39  0  0  0  1  1.449090e-01  3.000000e-07
 38  29  0  0  0  1  1.431503e-01  3.000000e-07
 38  85 -1  0  0  1  3.451654e-01  3.000000e-07
 60  84  0 -1  0  1  2.912828e-01  3.000000e-07
 60  28  0  0  0  1  1.530339e-01  3.000000e-07
 61  24 -1  0  0  1  3.130394e-01  3.000000e-07
 61  84  0 -1  0  1  2.924002e-01  3.000000e-07
 47  86  0  0  0  1  1.443626e-01  3.000000e-07
 43  39  0  0  0  1  9.884099e-02  3.000000e-07
 43  86  0  0  0  1  5.755163e-02  3.000000e-07
 25  24  0  1  0  1  1.492728e-01  3.000000e-07
 69  63  0  0  0  1  2.013073e-01  3.000000e-07
 69  28  0  0  0  1  5.153618e-02  3.000000e-07
 62  64  0  1  0  1  2.742902e-01  3.000000e-07
 51  85  0  0  0  1  1.115155e-01  3.000000e-07
 51  86  1  0  0  1  4.422854e-01  3.000000e-07
 83  64  0  1  0  1  2.271079e-01  3.000000e-07
 83  84  0  0  0  1  1.929391e-01  3.000000e-07
 44  29  0  0  0  1  7.525156e-02  3.000000e-07
 84  86  0  0  0  1  2.673714e-01  3.000000e-07
 85  29  1  0  0  1  3.259932e-01  3.000000e-07
 85  86  1  0  0  1  4.346072e-01  3.000000e-07
-1.910130e-01  1.597119e-01  4.332290e-01
-3.004382e-01  3.597311e-01  1.789308e-01
-3.138157e-01  2.780767e-01  2.583229e-01
-3.920467e-02  2.182390e-01  3.546314e-01
 2.094236e-01 -2.402071e-01  2.758584e-01
 4.390959e-03 -1.445336e-01  2.368040e-01
 3.741484e-01 -2.306397e-01  1.288647e-01
-4.786177e-02 -4.021169e-01  1.815828e-01
-2.524966e-01 -3.804357e-01 -2.285297e-01
-2.386669e-01 -3.128148e-01  2.793742e-01
-2.492662e-01 -2.965638e-01 -3.819099e-01
-3.230209e-01 -3.009660e-01 -4.159235e-01
 2.154639e-01 -2.630805e-01  3.256125e-01
-3.644971e-01  3.252011e-01 -1.404181e-01
 3.831291e-01  2.703876e-01 -4.273142e-01
 2.225518e-01 -4.045996e-01 -2.150248e-01
 2.011813e-01 -6.238799e-02 -4.097366e-01
 2.792612e-01 -4.873829e-02 -2.828802e-01
 2.910193e-01 -1.001180e-01 -2.622298e-01
 2.872017e-01  2.287312e-01 -3.608363e-01
 3.753829e-01 -5.646224e-02 -1.025531e-01
 1.989065e-01  2.220880e-01 -1.662779e-01
 1.764002e-02  3.210690e-01  0
 3.221894e-01 -4.114469e-01  0
 4.343021e-01 -4.096164e-01  0
 3.854623e-01  4.493267e-01  0
-2.602272e-01 -2.176783e-01  0
-1.263567e-01 -1.791698e-01  0
-1.248250e-01 -2.686104e-01  0
-4.109324e-01 -1.062301e-01  0
 2.792019e-01  2.429501e-01  0
 2.402736e-01  3.377619e-01  0
-1.627121e-01  3.515948e-02  0
-1.081808e-01  1.482622e-01  0
-3.318929e-02  1.455806e-01  0
-1.716907e-01  1.983349e-01  0
-1.908129e-01 -3.054910e-02  0
-2.240251e-01 -1.001777e-01  0
-3.082222e-01 -6.517298e-03  0
-1.696023e-01  3.571004e-02  0
-3.417435e-01 -2.185112e-01  0
 2.098809e-01  4.319468e-01  0
 3.865132e-01  4.466758e-01  0
-1.826274e-01  1.336891e-01  0
-3.373534e-01 -9.045286e-02  0
 1.639858e-01  4.412327e-01  0
 5.495803e-03  6.303153e-02  0
-1.417760e-01  3.285856e-01  0
 2.575250e-01 -2.995411e-01  0
 3.037101e-01  1.520839e-02  0
 9.717736e-03  3.155370e-01  0
 3.766772e-01  2.568328e-01  0
 7.815158e-02  3.158633e-01  0
 4.395412e-01 -1.976934e-01  0
-1.523116e-01 -3.459641e-01  0
-5.340047e-02 -3.149076e-01  0
 5.769432e-02 -2.913254e-01  0
 1.061617e-01  1.012613e-01  0
 3.538586e-01 -2.643393e-01  0
-4.469681e-01  4.402836e-01  0
-2.771984e-01 -2.828136e-01  0
-2.801350e-01 -2.813687e-01  0
 1.245350e-01  4.439964e-01  0
 6.587764e-02 -1.080583e-01  0
-1.108042e-01 -4.151115e-01  0
 2.257777e-01 -1.692284e-01  2.815787e-01
 3.915401e-01 -4.426252e-01 -2.548499e-01
 1.325719e-01 -2.751316e-01 -4.120174e-01
 1.253019e-01 -3.883351e-01 -3.007936e-01
-9.845447e-02 -2.243321e-01  0
-7.928161e-02 -4.197847e-01  3.507138e-01
-2.635354e-01  4.253588e-01  3.237393e-01
-1.225434e-01 -1.394436e-01  4.215621e-01
-3.967226e-01  3.815311e-01  1.372383e-01
-4.287937e-01  2.306536e-01  3.254612e-01
 3.591137e-02  3.968406e-02  3.982243e-01
 1.714301e-01  2.558623e-01  4.223701e-01
-3.762812e-01 -2.448371e-01 -4.056706e-01
-1.531238e-01  1.648729e-01 -2.625094e-01
 1.040152e-01  4.237796e-01 -2.717742e-01
-4.092561e-01  3.391839e-01 -4.481938e-01
-1.000184e-01 -1.330367e-01  2.209470e-01
 1.855962e-01  1.526582e-01  0
-1.302624e-01  3.586158e-01  0
-3.103714e-01  4.277987e-01  0
 3.818604e-01  1.454379e-01  0
-1.859426e-01  1.911451e-01  0
 3.954039e-01  2.195755e-01 -3.205455e-01
-1.800623e-01 -2.186997e-01 -2.970829e-01
-2.149581e-02  3.140779e-01  0