 710  90  1.200000e-05  69 -2 -2
 13  48  0  0  0  3  2.672115e-01  1.000000e-07
 13  41  0  0  0  3  2.310619e-01  1.000000e-07
 13  42  0  0  0  3  3.642843e-01  1.000000e-07
 13  49  0  0  0  3  3.404670e-01  1.000000e-07
 13  47  1  0  0  3  4.693822e-01  1.000000e-07
 13  43  0 -1  0  3  5.300009e-01  1.000000e-07
 13  46  0  0  0  3  2.770652e-01  1.000000e-07
 13  44  0  0  1  3  3.968345e-01  1.000000e-07
 15  34  0  0  0  3  9.815375e-02  1.000000e-07
 15  42  0  0  0  3  2.297974e-01  1.000000e-07
 15  35  0  0  0  3  3.064488e-01  1.000000e-07
 15  49  0  0  0  3  1.128924e-01  1.000000e-07
 15  18  0  1  0  3  4.493458e-01  1.000000e-07
 15  46  0  0  0  3  1.479240e-01  1.000000e-07
 15  17  0  0  0  3  2.109096e-01  1.000000e-07
 48  20  0  0  0  3  2.750279e-01  1.000000e-07
 48  14  1  0  0  3  3.739502e-01  1.000000e-07
 48  34  0  0  0  3  3.711373e-01  1.000000e-07
 48  35  1  0  0  3  3.966198e-01  1.000000e-07
 48  22  0  0  0  3  1.858407e-01  1.000000e-07
 48  47  1  0  0  3  5.146939e-01  1.000000e-07
 20  24  0  0  0  3  2.562541e-01  1.000000e-07
 20  35  1  0  0  3  3.704224e-01  1.000000e-07
 20  47  1  1  0  3  4.909639e-01  1.000000e-07
 20  43  0  0  0  3  2.870317e-01  1.000000e-07
 20  33  0  0  1  3  2.563109e-01  1.000000e-07
 20  36  0  1  1  3  5.869407e-01  1.000000e-07
 20  39  1  0  1  3  4.957782e-01  1.000000e-07
 20  32  1  0  1  3  4.435524e-01  1.000000e-07
 16  42  0  0  0  3  2.685321e-01  1.000000e-07
 16  19  0  0  0  3  2.203621e-01  1.000000e-07
 16  47  1  0  0  3  5.836022e-01  1.000000e-07
 16  18  0  0  0  3  3.023202e-01  1.000000e-07
 16  43  0 -1  0  3  4.575923e-01  1.000000e-07
 16  17  0  0  0  3  3.510523e-01  1.000000e-07
 16  36  0  0  1  3  3.926128e-01  1.000000e-07
 24  42  0  0  0  3  3.935984e-01  1.000000e-07
 24  22  0  0  0  3  3.839136e-01  1.000000e-07
 24  43  0  0  0  3  7.651650e-02  1.000000e-07
 24  33  0  0  1  3  3.480203e-01  1.000000e-07
 24  36  0  1  1  3  4.163738e-01  1.000000e-07
 24  23  0  0  1  3  3.995080e-01  1.000000e-07
 24  60  0  0  1  3  3.848439e-01  1.000000e-07
 24  39  0  0  1  3  3.515174e-01  1.000000e-07
 14  41 -1  0  0  3  2.339692e-01  1.000000e-07
 14  42  0  0  0  3  3.025263e-01  1.000000e-07
 14  19  0  0  0  3  2.746106e-01  1.000000e-07
 14  47  0  0  0  3  3.435091e-01  1.000000e-07
 14  37  0  0  1  3  3.539213e-01  1.000000e-07
 14  38  0  0  1  3  4.107582e-01  1.000000e-07
 14  40  0  0  1  3  3.930046e-01  1.000000e-07
 41  35  1  0  0  3  4.534546e-01  1.000000e-07
 41  22  0  0  0  3  1.603600e-01  1.000000e-07
 41  33  0  0  1  3  3.664995e-01  1.000000e-07
 41  25  1  0  1  3  4.488404e-01  1.000000e-07
 41  37  1  0  1  3  4.474061e-01  1.000000e-07
 41  21  0  0  1  3  3.875302e-01  1.000000e-07
 41  26  1  0  1  3  3.832797e-01  1.000000e-07
 34  42  0  0  0  3  2.932089e-01  1.000000e-07
 34  22  0  0  0  3  3.711829e-01  1.000000e-07
 34  49  0  0  0  3  1.744716e-01  1.000000e-07
 34  18  0  1  0  3  4.337644e-01  1.000000e-07
 34  43  0  0  0  3  1.352991e-01  1.000000e-07
 34  23  0  0  1  3  4.566004e-01  1.000000e-07
 34  39  0  0  1  3  3.919793e-01  1.000000e-07
 42  22  0  0  0  3  4.029597e-01  1.000000e-07
 42  46  0  0  0  3  1.653392e-01  1.000000e-07
 42  23  0  0  1  3  4.377534e-01  1.000000e-07
 19  35  0 -1  0  3  5.378936e-01  1.000000e-07
 19  47  0  0  0  3  3.039234e-01  1.000000e-07
 19  18  0  0  0  3  1.998529e-01  1.000000e-07
 19  43  0 -1  0  3  4.511324e-01  1.000000e-07
 19  17  0  0  0  3  3.644149e-01  1.000000e-07
 19  36  0  0  1  3  3.150647e-01  1.000000e-07
 19  39  0 -1  1  3  5.043501e-01  1.000000e-07
 35  47  0  1  0  3  4.953658e-01  1.000000e-07
 35  33 -1  0  1  3  4.853768e-01  1.000000e-07
 35  37  0  0  1  3  4.147190e-01  1.000000e-07
 35  26  0  1  1  3  5.442140e-01  1.000000e-07
 22  49  0  0  0  3  3.391335e-01  1.000000e-07
 22  46  0  0  0  3  3.073256e-01  1.000000e-07
 22  33  0  0  1  3  3.700223e-01  1.000000e-07
 22  23  0  0  1  3  4.042189e-01  1.000000e-07
 49  46  0  0  0  3  1.310365e-01  1.000000e-07
 49  17  0  0  0  3  2.436034e-01  1.000000e-07
 47  17  0 -1  0  3  6.098992e-01  1.000000e-07
 18  43  0 -1  0  3  4.085718e-01  1.000000e-07
 18  17  0  0  0  3  4.676410e-01  1.000000e-07
 18  39  0 -1  1  3  5.462030e-01  1.000000e-07
 43  39  0  0  1  3  3.743980e-01  1.000000e-07
 46  17  0  0  0  3  1.858632e-01  1.000000e-07
 46  23  0  0  1  3  4.842033e-01  1.000000e-07
 33  50  0  0  0  3  2.268985e-01  1.000000e-07
 33  23  0  0  0  3  2.909826e-01  1.000000e-07
 33  30  0  1  0  3  7.227482e-01  1.000000e-07
 33  21  0  0  0  3  1.175035e-01  1.000000e-07
 36  31  0  0  0  3  2.741495e-01  1.000000e-07
 36  44  0  0  0  3  3.843823e-01  1.000000e-07
 36  40  0  0  0  3  3.745466e-01  1.000000e-07
 36  39  0 -1  0  3  3.103409e-01  1.000000e-07
 36  32  0 -1  0  3  4.056588e-01  1.000000e-07
 50  25  1  0  0  3  3.280430e-01  1.000000e-07
 50  37  1  0  0  3  3.480580e-01  1.000000e-07
 50  21  0  0  0  3  1.265701e-01  1.000000e-07
 50  38  1  0  0  3  2.523578e-01  1.000000e-07
 50  29  1  0  0  3  2.361463e-01  1.000000e-07
 50  53  0  0  0  3  2.538960e-01  1.000000e-07
 50  26  1  0  0  3  4.644853e-01  1.000000e-07
 23  44  0  0  0  3  1.515831e-01  1.000000e-07
 23  21  0  0  0  3  2.639342e-01  1.000000e-07
 23  53  0  0  0  3  2.645330e-01  1.000000e-07
 27  31  0  0  0  3  2.156995e-01  1.000000e-07
 27  44  0  0  0  3  2.309454e-01  1.000000e-07
 27  30  0  0  0  3  2.162817e-01  1.000000e-07
 27  60  0  0  0  3  3.959177e-01  1.000000e-07
 27  38  0  0  0  3  3.313075e-01  1.000000e-07
 27  40  0  0  0  3  1.485455e-01  1.000000e-07
 27  29  0  0  0  3  3.830231e-01  1.000000e-07
 27  28  0  0  0  3  2.459644e-01  1.000000e-07
 25  37  0  0  0  3  1.533708e-01  1.000000e-07
 25  31  0  0  0  3  2.595219e-01  1.000000e-07
 25  38  0  0  0  3  9.492004e-02  1.000000e-07
 25  40  0  0  0  3  2.038771e-01  1.000000e-07
 25  32  0 -1  0  3  5.423876e-01  1.000000e-07
 25  26  0  0  0  3  2.313114e-01  1.000000e-07
 37  38  0  0  0  3  1.445422e-01  1.000000e-07
 37  40  0  0  0  3  9.551759e-02  1.000000e-07
 37  28  0  0  0  3  8.610446e-02  1.000000e-07
 37  26  0  0  0  3  2.998325e-01  1.000000e-07
 31  44  0  0  0  3  3.353626e-01  1.000000e-07
 31  30  0  0  0  3  1.929314e-02  1.000000e-07
 31  60  0 -1  0  3  4.661469e-01  1.000000e-07
 31  40  0  0  0  3  2.638321e-01  1.000000e-07
 31  32  0 -1  0  3  4.978595e-01  1.000000e-07
 31  26  0  0  0  3  3.281506e-01  1.000000e-07
 44  30  0  0  0  3  3.338111e-01  1.000000e-07
 44  21  0  0  0  3  2.679123e-01  1.000000e-07
 44  40  0  0  0  3  3.406828e-01  1.000000e-07
 44  53  0  0  0  3  1.758915e-01  1.000000e-07
 30  45  0 -1  0  3  7.383606e-01  1.000000e-07
 30  29  0  0  0  3  4.292511e-01  1.000000e-07
 30  53  0  0  0  3  3.017530e-01  1.000000e-07
 45  21  0  0  0  3  5.461797e-02  1.000000e-07
 45  60  0  0  0  3  5.431018e-01  1.000000e-07
 45  29  1  0  0  3  3.043637e-01  1.000000e-07
 45  28  1  0  0  3  4.157620e-01  1.000000e-07
 45  32  1  0  0  3  4.057051e-01  1.000000e-07
 45  53  0  0  0  3  3.259960e-01  1.000000e-07
 21  53  0  0  0  3  3.015395e-01  1.000000e-07
 60  39  0  0  0  3  7.528414e-02  1.000000e-07
 60  28  0  0  0  3  2.733664e-01  1.000000e-07
 38  40  0  0  0  3  2.207263e-01  1.000000e-07
 38  29  0  0  0  3  1.418705e-01  1.000000e-07
 38  28  0  0  0  3  1.919663e-01  1.000000e-07
 40  28  0  0  0  3  1.225136e-01  1.000000e-07
 29  28  0  0  0  3  2.214543e-01  1.000000e-07
 39  28  0  0  0  3  3.128280e-01  1.000000e-07
 39  32  0  0  0  3  1.584861e-01  1.000000e-07
 39  26  0  1  0  3  3.940584e-01  1.000000e-07
 28  32  0  0  0  3  2.542016e-01  1.000000e-07
 32  53 -1  1  0  3  7.511249e-01  1.000000e-07
 32  26  0  1  0  3  4.130152e-01  1.000000e-07
 53  45  0 -1  0  3  7.258813e-01  1.000000e-07
 53  38  1  0  0  3  4.336756e-01  1.000000e-07
 53  26  1  0  0  3  5.623724e-01  1.000000e-07
 43  86  0  1  0  3  4.887294e-01  1.000000e-07
 82  53  0  0  0  3  2.293449e-01  1.000000e-07
 49  66  0  0  0  3  2.169412e-01  1.000000e-07
 8  53  0  0  0  3  2.342904e-01  1.000000e-07
 16  86  0  0  0  3  2.681638e-01  1.000000e-07
 88  53  0  0  0  3  1.756927e-01  1.000000e-07
 46  69  0  0  0  3  2.182132e-01  1.000000e-07
 66  27  0  0  0  3  2.266589e-01  1.000000e-07
 47  70  0 -1  0  3  3.686998e-01  1.000000e-07
 57  29  0  0  0  3  2.832066e-01  1.000000e-07
 14  62  0  0  0  3  4.139185e-01  1.000000e-07
 71  29  0  0  0  3  1.150452e-01  1.000000e-07
 17  62  0  0  0  3  1.981253e-01  1.000000e-07
 55  25  0  0  0  3  2.782342e-01  1.000000e-07
 17  56  0  0  0  3  1.808154e-01  1.000000e-07
 2  60  0  0  0  3  3.647000e-01  1.000000e-07
 49  75  0  0  0  3  3.777216e-01  1.000000e-07
 9  53  0  1  0  3  4.079286e-01  1.000000e-07
 15  59  0  0  0  3  2.420812e-01  1.000000e-07
 72  60  0  0  0  3  3.476304e-01  1.000000e-07
 18  81  0  0  0  3  2.285442e-01  1.000000e-07
 80  53  0  0  0  3  2.908113e-01  1.000000e-07
 48  65  0  0  0  3  2.402604e-01  1.000000e-07
 10  50  0  0  0  3  2.234101e-01  1.000000e-07
 49  52  0  0  0  3  1.882741e-01  1.000000e-07
 73  45  0  0  0  3  2.743154e-01  1.000000e-07
 48  62  1  0  0  3  2.872871e-01  1.000000e-07
 74  29  0  0  0  3  1.322304e-01  1.000000e-07
 16  81  0  0  0  3  2.623592e-01  1.000000e-07
 83  30  0  0  0  3  1.672788e-01  1.000000e-07
 18  67  0  0  0  3  1.523649e-01  1.000000e-07
 6  60  0 -1  0  3  3.891602e-01  1.000000e-07
 13  88  0  0  0  3  2.848229e-01  1.000000e-07
 86  53  0  0  0  3  1.631847e-01  1.000000e-07
 46  83  0  0  0  3  2.763748e-01  1.000000e-07
 81  30  0  0  0  3  2.069169e-01  1.000000e-07
 54  55  0  0  0  2  3.392339e-01  2.000000e-07
 54  69  0  0  0  2  3.730266e-01  2.000000e-07
 54  5  0  1  0  2  2.854079e-01  2.000000e-07
 54  56  0  0  0  2  2.600142e-01  2.000000e-07
 54  63  0  0  0  2  1.789568e-01  2.000000e-07
 54  57  0  0  0  2  2.580171e-01  2.000000e-07
 54  75  0  0  0  2  2.654443e-01  2.000000e-07
 54  73  0  0  0  2  3.436624e-01  2.000000e-07
 54  74  0  0  0  2  2.953971e-01  2.000000e-07
 54  8  0  0  0  2  3.497424e-01  2.000000e-07
 54  2  0  0  0  2  1.713724e-01  2.000000e-07
 54  7  0  1  0  2  2.511432e-01  2.000000e-07
 54  68  0  0  0  2  3.465172e-01  2.000000e-07
 54  6  0  1  0  2  1.882836e-01  2.000000e-07
 54  59  0  0  0  2  1.397237e-01  2.000000e-07
 54  84  0  1  0  2  2.478760e-01  2.000000e-07
 71  79 -1  0  0  2  3.218050e-01  2.000000e-07
 71  3  0  0  0  2  3.887621e-01  2.000000e-07
 71  66 -1  0  0  2  5.204691e-01  2.000000e-07
 71  0  0  0  0  2  2.174942e-01  2.000000e-07
 71  1 -1  0  0  2  2.559082e-01  2.000000e-07
 71  89  0  0  0  2  1.221666e-02  2.000000e-07
 71  61  0  0  0  2  1.754746e-01  2.000000e-07
 71  62  0  0  0  2  1.757219e-01  2.000000e-07
 71  56  0  0  0  2  3.935317e-01  2.000000e-07
 71  11 -1  0  0  2  4.628987e-01  2.000000e-07
 71  86 -1  0  0  2  2.722117e-01  2.000000e-07
 71  64  0  0  0  2  2.965880e-01  2.000000e-07
 71  65 -1  0  0  2  2.592185e-01  2.000000e-07
 71  76  0  0  0  2  1.385389e-01  2.000000e-07
 71  58  0  0  0  2  4.978892e-01  2.000000e-07
 71  81 -1  0  0  2  5.733519e-01  2.000000e-07
 71  87 -1 -1  0  2  4.472270e-01  2.000000e-07
 71  74  0  0  0  2  3.697745e-01  2.000000e-07
 71  2  0  0  0  2  4.825968e-01  2.000000e-07
 71  70  0  0  0  2  4.125528e-01  2.000000e-07
 71  77  0  0  0  2  1.696965e-01  2.000000e-07
 71  88 -1  0  0  2  2.651067e-01  2.000000e-07
 71  82 -1  0  0  2  4.120117e-01  2.000000e-07
 83  55  0  0  0  2  2.208221e-01  2.000000e-07
 83  69  0  0  0  2  2.136769e-01  2.000000e-07
 83  5  0  0  0  2  1.982422e-01  2.000000e-07
 83  1  0  0  0  2  4.765917e-01  2.000000e-07
 83  61  0  0  0  2  2.077843e-01  2.000000e-07
 83  62  0  0  0  2  2.505754e-01  2.000000e-07
 83  64  0  0  0  2  6.197719e-02  2.000000e-07
 83  80  0  0  0  2  2.068564e-01  2.000000e-07
 83  81  0  0  0  2  1.175639e-01  2.000000e-07
 83  77  0  0  0  2  2.778662e-01  2.000000e-07
 83  7  0  0  0  2  1.946794e-01  2.000000e-07
 83  88  0  0  0  2  4.071831e-01  2.000000e-07
 83  6  0  0  0  2  2.608825e-01  2.000000e-07
 83  84  0  0  0  2  2.303698e-01  2.000000e-07
 83  82  0  0  0  2  4.287700e-01  2.000000e-07
 55  3  0  0  0  2  2.722298e-01  2.000000e-07
 55  69  0  0  0  2  7.160590e-02  2.000000e-07
 55  5  0  0  0  2  4.037124e-01  2.000000e-07
 55  62  0  0  0  2  2.487513e-01  2.000000e-07
 55  56  0  0  0  2  1.389693e-01  2.000000e-07
 55  63  0  0  0  2  4.114424e-01  2.000000e-07
 55  80  0  0  0  2  4.149972e-01  2.000000e-07
 55  58  0  0  0  2  9.567323e-02  2.000000e-07
 55  73  0  0  0  2  2.263467e-01  2.000000e-07
 55  8  0  0  0  2  1.937242e-01  2.000000e-07
 55  77  0  0  0  2  4.277051e-01  2.000000e-07
 55  7  0  0  0  2  4.140504e-01  2.000000e-07
 55  68  0  0  0  2  4.265107e-01  2.000000e-07
 55  88  0  0  0  2  4.061126e-01  2.000000e-07
 79  1  0  0  0  2  1.199601e-01  2.000000e-07
 79  63  1 -1  0  2  3.407710e-01  2.000000e-07
 79  57  1 -1  0  2  3.297409e-01  2.000000e-07
 79  75  0 -1  0  2  2.901470e-01  2.000000e-07
 79  86  0  0  0  2  2.106824e-01  2.000000e-07
 79  85  0 -1  0  2  2.617329e-01  2.000000e-07
 79  4  1  0  0  2  4.328349e-01  2.000000e-07
 79  76  1  0  0  2  3.060447e-01  2.000000e-07
 79  80  0  0  0  2  4.043305e-01  2.000000e-07
 79  87  0 -1  0  2  1.371273e-01  2.000000e-07
 79  74  1 -1  0  2  4.466885e-01  2.000000e-07
 79  9  0 -1  0  2  2.264410e-01  2.000000e-07
 79  77  1  0  0  2  3.039991e-01  2.000000e-07
 79  78  1  0  0  2  3.997117e-01  2.000000e-07
 79  7  1  0  0  2  4.827830e-01  2.000000e-07
 79  68  0 -1  0  2  2.723490e-01  2.000000e-07
 3  69  0  0  0  2  3.413102e-01  2.000000e-07
 3  66  0  0  0  2  4.164267e-01  2.000000e-07
 3  67  0  1  0  2  3.893179e-01  2.000000e-07
 3  61  0  0  0  2  4.363281e-01  2.000000e-07
 3  62  0  0  0  2  2.535845e-01  2.000000e-07
 3  56  0  0  0  2  1.343435e-01  2.000000e-07
 3  63  0  0  0  2  1.992825e-01  2.000000e-07
 3  57  0  0  0  2  1.347594e-01  2.000000e-07
 3  72  0  0  0  2  2.500777e-01  2.000000e-07
 3  64  0  0  0  2  4.109594e-01  2.000000e-07
 3  65 -1  0  0  2  3.135817e-01  2.000000e-07
 3  58  0  0  0  2  2.650440e-01  2.000000e-07
 3  74  0  0  0  2  3.427022e-02  2.000000e-07
 3  2  0  0  0  2  1.599763e-01  2.000000e-07
 3  70  0  0  0  2  1.173699e-01  2.000000e-07
 3  68  0  0  0  2  5.524560e-01  2.000000e-07
 69  66  0  0  0  2  9.865205e-02  2.000000e-07
 69  67  0  1  0  2  5.492827e-01  2.000000e-07
 69  1  0  0  0  2  5.194432e-01  2.000000e-07
 69  89  1  0  0  2  5.873461e-01  2.000000e-07
 69  62  0  0  0  2  3.064755e-01  2.000000e-07
 69  63  0  0  0  2  4.673144e-01  2.000000e-07
 69  11  0  0  0  2  3.315265e-01  2.000000e-07
 69  72  0  0  0  2  2.581477e-01  2.000000e-07
 69  64  0  0  0  2  2.479611e-01  2.000000e-07
 69  81  0  0  0  2  2.890027e-01  2.000000e-07
 69  73  0  0  0  2  1.788477e-01  2.000000e-07
 69  68  0  0  0  2  3.963433e-01  2.000000e-07
 69  88  0  0  0  2  3.345088e-01  2.000000e-07
 69  52  0  0  0  2  2.353936e-01  2.000000e-07
 66  1  0  0  0  2  4.764702e-01  2.000000e-07
 66  89  1  0  0  2  5.088180e-01  2.000000e-07
 66  11  0  0  0  2  2.383294e-01  2.000000e-07
 66  72  0  0  0  2  2.725795e-01  2.000000e-07
 66  86  0  0  0  2  3.821575e-01  2.000000e-07
 66  64  0  0  0  2  3.285005e-01  2.000000e-07
 66  51  0  0  0  2  1.022169e-01  2.000000e-07
 66  65  0  0  0  2  3.322375e-01  2.000000e-07
 66  4  0  0  0  2  4.762217e-01  2.000000e-07
 66  80  0  0  0  2  4.187297e-01  2.000000e-07
 66  58  0  0  0  2  1.570016e-01  2.000000e-07
 66  81  0  0  0  2  3.283445e-01  2.000000e-07
 66  8  0  0  0  2  6.244436e-02  2.000000e-07
 66  7  0  0  0  2  4.659516e-01  2.000000e-07
 66  52  0  0  0  2  1.381272e-01  2.000000e-07
 67  0  0  0  0  2  2.357617e-01  2.000000e-07
 67  61  0  0  0  2  2.427850e-01  2.000000e-07
 67  63  0 -1  0  2  2.130741e-01  2.000000e-07
 67  57  0 -1  0  2  3.190735e-01  2.000000e-07
 67  75  0 -1  0  2  3.334899e-01  2.000000e-07
 67  72  0 -1  0  2  2.914750e-01  2.000000e-07
 67  64  0  0  0  2  2.625479e-01  2.000000e-07
 67  12  0 -1  0  2  4.546459e-01  2.000000e-07
 67  76  0  0  0  2  2.627870e-01  2.000000e-07
 67  81  0  0  0  2  2.323133e-01  2.000000e-07
 67  87 -1 -1  0  2  4.674779e-01  2.000000e-07
 67  70  0 -1  0  2  4.045160e-01  2.000000e-07
 67  78  0  0  0  2  5.305922e-02  2.000000e-07
 67  68  0 -1  0  2  4.370012e-01  2.000000e-07
 67  84  0  0  0  2  7.354906e-02  2.000000e-07
 67  82  0  0  0  2  4.043849e-01  2.000000e-07
 0  1 -1  0  0  2  2.600335e-01  2.000000e-07
 0  89  0  0  0  2  2.228419e-01  2.000000e-07
 0  61  0  0  0  2  1.665357e-01  2.000000e-07
 0  63  0 -1  0  2  2.442316e-01  2.000000e-07
 0  76  0  0  0  2  1.090359e-01  2.000000e-07
 0  87 -1 -1  0  2  3.051273e-01  2.000000e-07
 0  70  0 -1  0  2  3.820992e-01  2.000000e-07
 0  77  0  0  0  2  8.920609e-02  2.000000e-07
 0  78  0  0  0  2  1.844178e-01  2.000000e-07
 0  84  0  0  0  2  1.894460e-01  2.000000e-07
 0  82 -1  0  0  2  3.764809e-01  2.000000e-07
 5  63  0 -1  0  2  2.816638e-01  2.000000e-07
 5  80  0  0  0  2  2.000808e-01  2.000000e-07
 5  77  0  0  0  2  1.491972e-01  2.000000e-07
 5  7  0  0  0  2  7.357725e-02  2.000000e-07
 5  6  0  0  0  2  1.556680e-01  2.000000e-07
 5  84  0  0  0  2  3.845928e-02  2.000000e-07
 1  89  1  0  0  2  2.479761e-01  2.000000e-07
 1  63  1 -1  0  2  4.345012e-01  2.000000e-07
 1  86  0  0  0  2  9.470377e-02  2.000000e-07
 1  80  0  0  0  2  3.577997e-01  2.000000e-07
 1  81  0  0  0  2  3.786294e-01  2.000000e-07
 1  77  1  0  0  2  3.037517e-01  2.000000e-07
 1  88  0  0  0  2  2.672250e-01  2.000000e-07
 1  82  0  0  0  2  1.561883e-01  2.000000e-07
 89  61  0  0  0  2  1.872053e-01  2.000000e-07
 89  62  0  0  0  2  1.843769e-01  2.000000e-07
 89  11 -1  0  0  2  4.542738e-01  2.000000e-07
 89  74  0  0  0  2  3.718599e-01  2.000000e-07
 89  70  0  0  0  2  4.120321e-01  2.000000e-07
 89  77  0  0  0  2  1.788434e-01  2.000000e-07
 89  68 -1  0  0  2  5.984948e-01  2.000000e-07
 89  88 -1  0  0  2  2.532292e-01  2.000000e-07
 61  62  0  0  0  2  1.836085e-01  2.000000e-07
 61  64  0  0  0  2  1.475294e-01  2.000000e-07
 61  76  0  0  0  2  7.391690e-02  2.000000e-07
 61  81  0  0  0  2  2.760280e-01  2.000000e-07
 61  77  0  0  0  2  7.816337e-02  2.000000e-07
 61  78  0  0  0  2  1.974149e-01  2.000000e-07
 61  84  0  0  0  2  1.693737e-01  2.000000e-07
 62  56  0  0  0  2  2.233087e-01  2.000000e-07
 62  63  0  0  0  2  4.527217e-01  2.000000e-07
 62  64  0  0  0  2  2.027139e-01  2.000000e-07
 62  74  0  0  0  2  2.468389e-01  2.000000e-07
 62  70  0  0  0  2  3.197138e-01  2.000000e-07
 62  77  0  0  0  2  2.424642e-01  2.000000e-07
 62  68 -1  0  0  2  6.137789e-01  2.000000e-07
 62  88 -1  0  0  2  3.852904e-01  2.000000e-07
 62  84  0  0  0  2  3.438586e-01  2.000000e-07
 56  63  0  0  0  2  2.843540e-01  2.000000e-07
 56  4  0  0  0  2  4.789823e-01  2.000000e-07
 56  76  0  0  0  2  4.338950e-01  2.000000e-07
 56  58  0  0  0  2  1.399871e-01  2.000000e-07
 56  73  0  0  0  2  3.141972e-01  2.000000e-07
 56  74  0  0  0  2  1.608879e-01  2.000000e-07
 56  8  0  0  0  2  2.916116e-01  2.000000e-07
 56  2  0  0  0  2  9.117039e-02  2.000000e-07
 56  77  0  0  0  2  4.545507e-01  2.000000e-07
 56  7  0  0  0  2  5.029836e-01  2.000000e-07
 63  57  0  0  0  2  1.060031e-01  2.000000e-07
 63  74  0  0  0  2  2.124420e-01  2.000000e-07
 63  70  0  0  0  2  1.916450e-01  2.000000e-07
 63  77  0  1  0  2  3.091640e-01  2.000000e-07
 63  7  0  1  0  2  2.939189e-01  2.000000e-07
 63  68 -1  0  0  2  4.804349e-01  2.000000e-07
 63  68  0  0  0  2  5.253559e-01  2.000000e-07
 63  84  0  1  0  2  2.473582e-01  2.000000e-07
 63  82 -1  1  0  2  4.824496e-01  2.000000e-07
 57  10 -1  0  0  2  2.960880e-01  2.000000e-07
 57  72  0  0  0  2  3.003501e-01  2.000000e-07
 57  85 -1  0  0  2  3.385905e-01  2.000000e-07
 57  4  0  1  0  2  3.856906e-01  2.000000e-07
 57  76  0  1  0  2  4.134054e-01  2.000000e-07
 57  87 -1  0  0  2  2.527431e-01  2.000000e-07
 57  74  0  0  0  2  1.321794e-01  2.000000e-07
 57  2  0  0  0  2  2.426910e-01  2.000000e-07
 57  70  0  0  0  2  8.628261e-02  2.000000e-07
 57  77  0  1  0  2  3.865872e-01  2.000000e-07
 57  78  0  1  0  2  3.127476e-01  2.000000e-07
 57  7  0  1  0  2  3.994707e-01  2.000000e-07
 57  59  0  0  0  2  3.293578e-01  2.000000e-07
 10  11  0  0  0  2  1.259818e-01  2.000000e-07
 10  51  0  0  0  2  3.178413e-01  2.000000e-07
 10  85  0  0  0  2  1.868511e-01  2.000000e-07
 10  65  0  0  0  2  1.033588e-01  2.000000e-07
 10  12  0  0  0  2  2.412693e-01  2.000000e-07
 10  87  0  0  0  2  2.638726e-01  2.000000e-07
 10  74  1  0  0  2  2.748599e-01  2.000000e-07
 10  68  0  0  0  2  2.504610e-01  2.000000e-07
 10  88  0  0  0  2  2.376614e-01  2.000000e-07
 10  52  0  0  0  2  1.856827e-01  2.000000e-07
 75  86  0  1  0  2  3.603408e-01  2.000000e-07
 75  51  0  0  0  2  2.703660e-01  2.000000e-07
 75  85  0  0  0  2  1.785340e-01  2.000000e-07
 75  12  0  0  0  2  1.216470e-01  2.000000e-07
 75  4  0  1  0  2  4.050213e-01  2.000000e-07
 75  80  0  1  0  2  2.673369e-01  2.000000e-07
 75  81  0  1  0  2  3.593644e-01  2.000000e-07
 75  73  0  0  0  2  2.728339e-01  2.000000e-07
 75  9  0  0  0  2  9.032777e-02  2.000000e-07
 75  78  0  1  0  2  3.863995e-01  2.000000e-07
 75  7  0  1  0  2  3.493251e-01  2.000000e-07
 75  68  0  0  0  2  1.064983e-01  2.000000e-07
 75  6  0  1  0  2  2.634955e-01  2.000000e-07
 75  59  0  0  0  2  2.385398e-01  2.000000e-07
 11  72  0  0  0  2  3.498367e-01  2.000000e-07
 11  51  0  0  0  2  2.061823e-01  2.000000e-07
 11  85  0  0  0  2  1.165232e-01  2.000000e-07
 11  65  0  0  0  2  2.060877e-01  2.000000e-07
 11  12  0  0  0  2  1.519654e-01  2.000000e-07
 11  87  0  0  0  2  2.513640e-01  2.000000e-07
 11  70  1  0  0  2  3.183420e-01  2.000000e-07
 11  68  0  0  0  2  1.508232e-01  2.000000e-07
 11  88  0  0  0  2  2.737044e-01  2.000000e-07
 72  51  0  0  0  2  1.869515e-01  2.000000e-07
 72  12  0  0  0  2  3.274731e-01  2.000000e-07
 72  58  0  0  0  2  1.423221e-01  2.000000e-07
 72  2  0  0  0  2  1.000049e-01  2.000000e-07
 72  78  0  1  0  2  3.323237e-01  2.000000e-07
 72  68  0  0  0  2  3.031742e-01  2.000000e-07
 72  59  0  0  0  2  2.988384e-02  2.000000e-07
 86  65  0  0  0  2  3.340663e-01  2.000000e-07
 86  76  1  0  0  2  3.476435e-01  2.000000e-07
 86  80  0  0  0  2  3.109757e-01  2.000000e-07
 86  81  0  0  0  2  3.103438e-01  2.000000e-07
 86  87  0 -1  0  2  3.375059e-01  2.000000e-07
 86  8  0  0  0  2  4.233580e-01  2.000000e-07
 86  9  0 -1  0  2  3.468058e-01  2.000000e-07
 86  88  0  0  0  2  1.897157e-01  2.000000e-07
 86  52  0  0  0  2  3.905338e-01  2.000000e-07
 64  4  0  0  0  2  1.670322e-01  2.000000e-07
 64  76  0  0  0  2  2.214156e-01  2.000000e-07
 64  58  0  0  0  2  3.331345e-01  2.000000e-07
 64  81  0  0  0  2  1.609875e-01  2.000000e-07
 64  78  0  0  0  2  2.417475e-01  2.000000e-07
 64  84  0  0  0  2  2.028392e-01  2.000000e-07
 51  85  0  0  0  2  2.751662e-01  2.000000e-07
 51  65  0  0  0  2  3.601900e-01  2.000000e-07
 51  12  0  0  0  2  2.658886e-01  2.000000e-07
 51  58  0  0  0  2  1.199673e-01  2.000000e-07
 51  73  0  0  0  2  5.676519e-02  2.000000e-07
 51  8  0  0  0  2  5.262302e-02  2.000000e-07
 51  9  0  0  0  2  2.947648e-01  2.000000e-07
 51  59  0  0  0  2  1.590510e-01  2.000000e-07
 51  52  0  0  0  2  1.403349e-01  2.000000e-07
 85  63  1  0  0  2  4.180660e-01  2.000000e-07
 85  12  0  0  0  2  5.724445e-02  2.000000e-07
 85  80  0  1  0  2  4.361805e-01  2.000000e-07
 85  87  0  0  0  2  1.465241e-01  2.000000e-07
 85  73  0  0  0  2  2.411514e-01  2.000000e-07
 85  74  1  0  0  2  3.866200e-01  2.000000e-07
 85  8  0  0  0  2  2.783285e-01  2.000000e-07
 85  9  0  0  0  2  1.030939e-01  2.000000e-07
 85  68  0  0  0  2  7.403774e-02  2.000000e-07
 85  59  0  0  0  2  3.394543e-01  2.000000e-07
 85  52  0  0  0  2  2.155020e-01  2.000000e-07
 65  57  1  0  0  2  3.434009e-01  2.000000e-07
 65  87  0  0  0  2  3.635518e-01  2.000000e-07
 65  70  1  0  0  2  2.578588e-01  2.000000e-07
 65  77  1  0  0  2  4.281760e-01  2.000000e-07
 65  88  0  0  0  2  1.644211e-01  2.000000e-07
 65  52  0  0  0  2  2.199049e-01  2.000000e-07
 12  81  0  1  0  2  4.661713e-01  2.000000e-07
 12  87  0  0  0  2  1.633501e-01  2.000000e-07
 12  9  0  0  0  2  5.048787e-02  2.000000e-07
 12  68  0  0  0  2  2.432822e-02  2.000000e-07
 12  82  0  1  0  2  2.095007e-01  2.000000e-07
 4  76  0  0  0  2  1.885002e-01  2.000000e-07
 4  58  0  0  0  2  4.994374e-01  2.000000e-07
 4  81  0  0  0  2  1.887652e-01  2.000000e-07
 4  77  0  0  0  2  1.641825e-01  2.000000e-07
 4  78  0  0  0  2  7.503142e-02  2.000000e-07
 4  7  0  0  0  2  5.861013e-02  2.000000e-07
 76  58  0  0  0  2  5.059523e-01  2.000000e-07
 76  77  0  0  0  2  3.181793e-02  2.000000e-07
 76  78  0  0  0  2  2.110859e-01  2.000000e-07
 80  58  0  0  0  2  4.992385e-01  2.000000e-07
 80  81  0  0  0  2  9.762640e-02  2.000000e-07
 80  8  0  0  0  2  4.807991e-01  2.000000e-07
 80  7  0  0  0  2  1.298772e-01  2.000000e-07
 80  68  0 -1  0  2  3.703655e-01  2.000000e-07
 80  88  0  0  0  2  4.167178e-01  2.000000e-07
 80  6  0  0  0  2  1.059668e-01  2.000000e-07
 80  82  0  0  0  2  2.567372e-01  2.000000e-07
 58  81  0  0  0  2  4.017346e-01  2.000000e-07
 58  74  0  0  0  2  2.956435e-01  2.000000e-07
 58  8  0  0  0  2  1.529246e-01  2.000000e-07
 58  2  0  0  0  2  1.260202e-01  2.000000e-07
 58  7  0  0  0  2  5.076481e-01  2.000000e-07
 58  59  0  0  0  2  1.295890e-01  2.000000e-07
 81  87  0 -1  0  2  5.200048e-01  2.000000e-07
 81  9  0 -1  0  2  4.180930e-01  2.000000e-07
 81  78  0  0  0  2  2.460961e-01  2.000000e-07
 81  7  0  0  0  2  1.536913e-01  2.000000e-07
 81  84  0  0  0  2  2.159108e-01  2.000000e-07
 81  82  0  0  0  2  3.139052e-01  2.000000e-07
 87  76  1  1  0  2  4.026662e-01  2.000000e-07
 87  70  1  0  0  2  2.523232e-01  2.000000e-07
 87  9  0  0  0  2  1.651513e-01  2.000000e-07
 87  78  1  1  0  2  4.335306e-01  2.000000e-07
 87  68  0  0  0  2  1.874520e-01  2.000000e-07
 87  82  0  1  0  2  2.077087e-01  2.000000e-07
 73  8  0  0  0  2  3.733990e-02  2.000000e-07
 73  2  0  0  0  2  2.829304e-01  2.000000e-07
 73  68  0  0  0  2  2.258779e-01  2.000000e-07
 73  88  0  0  0  2  2.806630e-01  2.000000e-07
 73  59  0  0  0  2  2.092181e-01  2.000000e-07
 73  52  0  0  0  2  8.365031e-02  2.000000e-07
 74  65 -1  0  0  2  2.802376e-01  2.000000e-07
 74  2  0  0  0  2  1.939041e-01  2.000000e-07
 74  70  0  0  0  2  9.331065e-02  2.000000e-07
 74  77  0  0  0  2  4.854457e-01  2.000000e-07
 74  68 -1  0  0  2  4.604258e-01  2.000000e-07
 74  88 -1  0  0  2  4.384493e-01  2.000000e-07
 74  52 -1  0  0  2  4.603899e-01  2.000000e-07
 8  88  0  0  0  2  2.761333e-01  2.000000e-07
 8  59  0  0  0  2  2.113506e-01  2.000000e-07
 8  52  0  0  0  2  1.035352e-01  2.000000e-07
 2  59  0  0  0  2  1.173879e-01  2.000000e-07
 70  78  0  1  0  2  3.990271e-01  2.000000e-07
 70  68 -1  0  0  2  3.727000e-01  2.000000e-07
 77  86 -1  0  0  2  3.647095e-01  2.000000e-07
 77  7  0  0  0  2  2.227492e-01  2.000000e-07
 77  88 -1  0  0  2  4.210380e-01  2.000000e-07
 77  84  0  0  0  2  1.668580e-01  2.000000e-07
 78  59  0 -1  0  2  3.542875e-01  2.000000e-07
 7  59  0 -1  0  2  3.774592e-01  2.000000e-07
 68  1  0  1  0  2  3.508871e-01  2.000000e-07
 68  88  0  0  0  2  4.231768e-01  2.000000e-07
 68  6  0  1  0  2  3.696193e-01  2.000000e-07
 68  52  0  0  0  2  2.271643e-01  2.000000e-07
 68  84  0  1  0  2  5.011180e-01  2.000000e-07
 68  82  0  1  0  2  2.171702e-01  2.000000e-07
 88  70  1  0  0  2  4.222766e-01  2.000000e-07
 88  52  0  0  0  2  2.150180e-01  2.000000e-07
 6  59  0 -1  0  2  3.004223e-01  2.000000e-07
 6  84  0  0  0  2  1.339264e-01  2.000000e-07
 6  82  0  0  0  2  3.181911e-01  2.000000e-07
 84  82  0  0  0  2  4.445042e-01  2.000000e-07
 82  70  1 -1  0  2  4.599914e-01  2.000000e-07
 54  67  0  1  0  1  1.765997e-01  3.000000e-07
 54  63  0  0  0  1  1.789568e-01  3.000000e-07
 54  72  0  0  0  1  1.164632e-01  3.000000e-07
 54  2  0  0  0  1  1.713724e-01  3.000000e-07
 54  6  0  1  0  1  1.882836e-01  3.000000e-07
 54  59  0  0  0  1  1.397237e-01  3.000000e-07
 71  62  0  0  0  1  1.757219e-01  3.000000e-07
 71  76  0  0  0  1  1.385389e-01  3.000000e-07
 83  55  0  0  0  1  2.208221e-01  3.000000e-07
 83  69  0  0  0  1  2.136769e-01  3.000000e-07
 83  81  0  0  0  1  1.175639e-01  3.000000e-07
 83  7  0  0  0  1  1.946794e-01  3.000000e-07
 55  69  0  0  0  1  7.160590e-02  3.000000e-07
 55  62  0  0  0  1  2.487513e-01  3.000000e-07
 55  64  0  0  0  1  2.375417e-01  3.000000e-07
 55  58  0  0  0  1  9.567323e-02  3.000000e-07
 79  1  0  0  0  1  1.199601e-01  3.000000e-07
 79  87  0 -1  0  1  1.371273e-01  3.000000e-07
 79  82  0  0  0  1  1.513280e-01  3.000000e-07
 3  56  0  0  0  1  1.343435e-01  3.000000e-07
 3  63  0  0  0  1  1.992825e-01  3.000000e-07
 3  57  0  0  0  1  1.347594e-01  3.000000e-07
 3  2  0  0  0  1  1.599763e-01  3.000000e-07
 69  66  0  0  0  1  9.865205e-02  3.000000e-07
 69  51  0  0  0  1  1.513853e-01  3.000000e-07
 69  58  0  0  0  1  1.168048e-01  3.000000e-07
 69  81  0  0  0  1  2.890027e-01  3.000000e-07
 66  51  0  0  0  1  1.022169e-01  3.000000e-07
 66  81  0  0  0  1  3.283445e-01  3.000000e-07
 66  8  0  0  0  1  6.244436e-02  3.000000e-07
 66  88  0  0  0  1  2.567279e-01  3.000000e-07
 66  52  0  0  0  1  1.381272e-01  3.000000e-07
 67  63  0 -1  0  1  2.130741e-01  3.000000e-07
 67  78  0  0  0  1  5.305922e-02  3.000000e-07
 67  7  0  0  0  1  8.443994e-02  3.000000e-07
 67  6  0  0  0  1  8.674011e-02  3.000000e-07
 67  84  0  0  0  1  7.354906e-02  3.000000e-07
 0  79 -1  0  0  1  2.313400e-01  3.000000e-07
 0  1 -1  0  0  1  2.600335e-01  3.000000e-07
 0  63  0 -1  0  1  2.442316e-01  3.000000e-07
 0  76  0  0  0  1  1.090359e-01  3.000000e-07
 0  77  0  0  0  1  8.920609e-02  3.000000e-07
 0  78  0  0  0  1  1.844178e-01  3.000000e-07
 5  61  0  0  0  1  1.373165e-01  3.000000e-07
 5  64  0  0  0  1  1.661764e-01  3.000000e-07
 5  77  0  0  0  1  1.491972e-01  3.000000e-07
 1  89  1  0  0  1  2.479761e-01  3.000000e-07
 1  86  0  0  0  1  9.470377e-02  3.000000e-07
 1  82  0  0  0  1  1.561883e-01  3.000000e-07
 89  62  0  0  0  1  1.843769e-01  3.000000e-07
 89  86 -1  0  0  1  2.614989e-01  3.000000e-07
 89  65 -1  0  0  1  2.514977e-01  3.000000e-07
 89  76  0  0  0  1  1.480466e-01  3.000000e-07
 61  62  0  0  0  1  1.836085e-01  3.000000e-07
 61  64  0  0  0  1  1.475294e-01  3.000000e-07
 61  76  0  0  0  1  7.391690e-02  3.000000e-07
 61  77  0  0  0  1  7.816337e-02  3.000000e-07
 62  56  0  0  0  1  2.233087e-01  3.000000e-07
 62  64  0  0  0  1  2.027139e-01  3.000000e-07
 62  65 -1  0  0  1  2.974989e-01  3.000000e-07
 62  74  0  0  0  1  2.468389e-01  3.000000e-07
 56  58  0  0  0  1  1.399871e-01  3.000000e-07
 56  2  0  0  0  1  9.117039e-02  3.000000e-07
 63  57  0  0  0  1  1.060031e-01  3.000000e-07
 63  78  0  1  0  1  2.091459e-01  3.000000e-07
 57  87 -1  0  0  1  2.527431e-01  3.000000e-07
 57  74  0  0  0  1  1.321794e-01  3.000000e-07
 57  70  0  0  0  1  8.628261e-02  3.000000e-07
 10  11  0  0  0  1  1.259818e-01  3.000000e-07
 10  85  0  0  0  1  1.868511e-01  3.000000e-07
 10  87  0  0  0  1  2.638726e-01  3.000000e-07
 10  70  1  0  0  1  2.193299e-01  3.000000e-07
 10  52  0  0  0  1  1.856827e-01  3.000000e-07
 75  51  0  0  0  1  2.703660e-01  3.000000e-07
 75  80  0  1  0  1  2.673369e-01  3.000000e-07
 75  9  0  0  0  1  9.032777e-02  3.000000e-07
 75  68  0  0  0  1  1.064983e-01  3.000000e-07
 75  6  0  1  0  1  2.634955e-01  3.000000e-07
 75  59  0  0  0  1  2.385398e-01  3.000000e-07
 11  85  0  0  0  1  1.165232e-01  3.000000e-07
 11  73  0  0  0  1  1.568925e-01  3.000000e-07
 11  68  0  0  0  1  1.508232e-01  3.000000e-07
 11  52  0  0  0  1  1.052022e-01  3.000000e-07
 72  2  0  0  0  1  1.000049e-01  3.000000e-07
 86  80  0  0  0  1  3.109757e-01  3.000000e-07
 86  81  0  0  0  1  3.103438e-01  3.000000e-07
 86  88  0  0  0  1  1.897157e-01  3.000000e-07
 86  82  0  0  0  1  1.865991e-01  3.000000e-07
 64  4  0  0  0  1  1.670322e-01  3.000000e-07
 64  7  0  0  0  1  1.855642e-01  3.000000e-07
 51  58  0  0  0  1  1.199673e-01  3.000000e-07
 51  73  0  0  0  1  5.676519e-02  3.000000e-07
 51  8  0  0  0  1  5.262302e-02  3.000000e-07
 51  59  0  0  0  1  1.590510e-01  3.000000e-07
 85  12  0  0  0  1  5.724445e-02  3.000000e-07
 85  87  0  0  0  1  1.465241e-01  3.000000e-07
 85  68  0  0  0  1  7.403774e-02  3.000000e-07
 65  74  1  0  0  1  2.802376e-01  3.000000e-07
 65  70  1  0  0  1  2.578588e-01  3.000000e-07
 65  88  0  0  0  1  1.644211e-01  3.000000e-07
 65  52  0  0  0  1  2.199049e-01  3.000000e-07
 12  87  0  0  0  1  1.633501e-01  3.000000e-07
 12  9  0  0  0  1  5.048787e-02  3.000000e-07
 4  7  0  0  0  1  5.861013e-02  3.000000e-07
 80  81  0  0  0  1  9.762640e-02  3.000000e-07
 80  6  0  0  0  1  1.059668e-01  3.000000e-07
 80  82  0  0  0  1  2.567372e-01  3.000000e-07
 58  2  0  0  0  1  1.260202e-01  3.000000e-07
 81  7  0  0  0  1  1.536913e-01  3.000000e-07
 81  88  0  0  0  1  3.699828e-01  3.000000e-07
 87  70  1  0  0  1  2.523232e-01  3.000000e-07
 87  9  0  0  0  1  1.651513e-01  3.000000e-07
 87  82  0  1  0  1  2.077087e-01  3.000000e-07
 73  68  0  0  0  1  2.258779e-01  3.000000e-07
 73  52  0  0  0  1  8.365031e-02  3.000000e-07
 74  70  0  0  0  1  9.331065e-02  3.000000e-07
 2  59  0  0  0  1  1.173879e-01  3.000000e-07
 9  68  0  0  0  1  5.544138e-02  3.000000e-07
 77  78  0  0  0  1  1.807613e-01  3.000000e-07
 77  84  0  0  0  1  1.668580e-01  3.000000e-07
 7  6  0  0  0  1  8.845847e-02  3.000000e-07
 88  89  1  0  0  1  2.532292e-01  3.000000e-07
 88  52  0  0  0  1  2.150180e-01  3.000000e-07
 82  9  0 -1  0  1  1.618309e-01  3.000000e-07
-3.635430e-01 -3.741864e-01  0
 3.795288e-01 -3.341206e-01  0
-1.309745e-01  2.146440e-01  0
-2.900253e-01  1.974614e-01  0
-1.622322e-01 -3.456430e-01  0
-1.765957e-01 -3.413669e-01  0
-5.209522e-02 -4.348129e-01  0
-1.071015e-01 -3.655366e-01  0
 1.187660e-01  1.113997e-01  0
 2.517678e-01  3.973830e-01  0
 4.045687e-01  1.512446e-01  0
 2.878372e-01  1.986280e-01  0
 2.664731e-01  3.490842e-01  0
 2.517231e-01 -1.435444e-01  2.844619e-01
-3.363890e-01 -1.532925e-01  3.924256e-01
 3.059025e-02  1.744097e-01  2.278109e-01
 8.096941e-02 -2.118291e-01  2.487568e-01
-1.302868e-01  5.484517e-02  1.621925e-01
-1.116324e-01 -4.111769e-01  1.280818e-01
-1.225388e-01 -2.881060e-01  2.851670e-01
 4.013574e-01  2.767234e-01  4.173346e-01
 3.616436e-01  9.521847e-02 -2.610740e-01
 3.124522e-01 -4.836398e-02  3.461117e-01
 1.133995e-01  1.922921e-02 -3.086318e-01
 1.460662e-01  2.930310e-01  4.022798e-01
-2.875735e-01 -1.689997e-01 -2.277725e-01
-2.781540e-01 -3.099958e-01 -4.109018e-01
-5.035037e-03 -6.496472e-02 -2.200463e-01
-2.189117e-01  4.381901e-02 -2.740961e-01
-3.632909e-01  1.277857e-02 -1.090714e-01
-4.311730e-02 -2.688093e-01 -1.586060e-01
-5.453267e-02 -2.698247e-01 -1.741264e-01
-2.604251e-01  2.936319e-01 -2.962012e-01
 3.607708e-01  1.651003e-01 -3.555348e-01
 7.798010e-02  2.338429e-01  2.899080e-01
-2.409130e-01  1.938614e-01  3.685890e-01
-5.011803e-02 -3.836756e-01 -4.234785e-01
-2.316236e-01 -4.001746e-02 -2.890571e-01
-3.348058e-01 -9.094324e-02 -2.015788e-01
-1.411009e-01  3.208125e-01 -3.969027e-01
-1.363032e-01 -4.574829e-02 -2.868681e-01
 4.344376e-01 -1.179112e-01  4.235588e-01
-8.620669e-02 -8.744233e-03  3.027774e-01
 1.312921e-01  3.441585e-01  3.473027e-01
 1.968538e-01 -1.063413e-01 -3.242800e-01
 3.774413e-01  1.274085e-01 -2.198750e-01
 4.683525e-02  2.824965e-02  2.118469e-01
-3.722456e-01 -3.856683e-01  1.419974e-01
 4.063373e-01  6.915507e-02  2.369713e-01
 1.008628e-01  1.309054e-01  1.509094e-01
 4.290902e-01 -3.840231e-03 -2.203516e-01
 8.673310e-02  1.531499e-01  0
 2.221788e-01  1.164302e-01  0
 2.391707e-01 -1.622764e-01 -1.629779e-01
-1.010975e-01  3.833919e-01  0
-6.366727e-02  4.622936e-02  0
-1.720267e-01  1.332391e-01  0
-3.506427e-01  3.178177e-01  0
-3.207844e-02  1.365372e-01  0
-2.539407e-02  2.659538e-01  0
-1.275787e-01  2.959580e-01 -3.271380e-01
-2.673030e-01 -2.382746e-01  0
-2.903857e-01 -5.612284e-02  0
-2.795758e-01  3.964698e-01  0
-1.311216e-01 -1.815336e-01  0
 4.323367e-01  5.168568e-02  0
 1.000992e-01  5.181065e-02  0
-1.383493e-01 -4.439820e-01  0
 2.430148e-01  3.426370e-01  0
 4.949659e-03  2.575688e-02  0
-3.972464e-01  2.452037e-01  0
-4.273156e-01 -1.662518e-01  0
-5.303701e-02  2.773077e-01  0
 1.420852e-01  1.405627e-01  0
-3.231130e-01  1.885369e-01  0
 1.627335e-01  4.126142e-01  0
-3.344889e-01 -2.690927e-01  0
-3.190096e-01 -2.968915e-01  0
-1.842525e-01 -4.173704e-01  0
 4.172117e-01 -4.480083e-01  0
 2.264411e-02 -3.596931e-01  0
 7.594253e-03 -2.632337e-01  0
 2.660274e-01 -4.414155e-01  0
-6.954314e-02 -1.745146e-01  0
-1.741787e-01 -3.797502e-01  0
 3.108030e-01  3.128656e-01  0
 3.179363e-01 -2.621819e-01  0
 4.159907e-01  4.148698e-01  0
 3.246759e-01 -7.258593e-02  0
-4.394285e-01 -1.646635e-01  0