 709  90  1.200000e-05  87 -2 -2
 21  61  0  0  0  3  2.381779e-01  1.000000e-07
 21  27  0  0  0  3  3.250371e-01  1.000000e-07
 21  24  0  0  0  3  9.987037e-02  1.000000e-07
 21  25  0  0  0  3  2.438406e-01  1.000000e-07
 21  41  0  0  0  3  3.605159e-01  1.000000e-07
 21  31  0  0  1  3  4.190016e-01  1.000000e-07
 21  32  0 -1  1  3  4.388651e-01  1.000000e-07
 21  36  0  0  1  3  2.614174e-01  1.000000e-07
 21  29  0  0  1  3  4.066975e-01  1.000000e-07
 19  26 -1  1  0  3  7.303742e-01  1.000000e-07
 19  41  0  0  0  3  4.107634e-01  1.000000e-07
 19  28  0  0  1  3  4.191811e-01  1.000000e-07
 19  32 -1  0  1  3  4.954407e-01  1.000000e-07
 19  39  0  1  1  3  4.725097e-01  1.000000e-07
 19  29  0  0  1  3  4.061446e-01  1.000000e-07
 18  14 -1  0  0  3  2.201527e-01  1.000000e-07
 18  17 -1  0  0  3  1.447310e-01  1.000000e-07
 18  38  0  0  0  3  1.246026e-01  1.000000e-07
 18  15  0  0  0  3  1.215852e-01  1.000000e-07
 18  27 -1  0  0  3  3.623551e-01  1.000000e-07
 18  13 -1  0  1  3  5.363790e-01  1.000000e-07
 18  32 -1  0  1  3  5.447045e-01  1.000000e-07
 18  35 -1  0  1  3  4.483153e-01  1.000000e-07
 18  37 -1  0  1  3  4.468144e-01  1.000000e-07
 16  38  0  0  0  3  9.572485e-02  1.000000e-07
 16  15  0  0  0  3  1.641967e-01  1.000000e-07
 16  77  0  0  0  3  2.156056e-01  1.000000e-07
 16  41  0  0  0  3  2.742882e-01  1.000000e-07
 16  28  0  0  1  3  4.931833e-01  1.000000e-07
 16  31  0  0  1  3  3.797435e-01  1.000000e-07
 16  78  0  0  1  3  5.942712e-01  1.000000e-07
 16  37 -1  0  1  3  5.126944e-01  1.000000e-07
 22  30  1  1  0  3  6.220621e-01  1.000000e-07
 22  26  0  1  0  3  3.899120e-01  1.000000e-07
 22  23  0  0  0  3  2.462352e-01  1.000000e-07
 22  24  0  1  0  3  3.664971e-01  1.000000e-07
 22  33  0  0  1  3  4.227009e-01  1.000000e-07
 22  34  0  0  1  3  4.395725e-01  1.000000e-07
 14  17  0  0  0  3  1.069778e-01  1.000000e-07
 14  61  0  0  0  3  2.776954e-01  1.000000e-07
 14  41  0  0  0  3  3.591132e-01  1.000000e-07
 14  32  0  0  1  3  5.389114e-01  1.000000e-07
 14  35  0  0  1  3  4.133275e-01  1.000000e-07
 17  30  1  0  0  3  2.143656e-01  1.000000e-07
 17  61  0  0  0  3  2.566832e-01  1.000000e-07
 17  15  1  0  0  3  2.484635e-01  1.000000e-07
 17  35  0  0  1  3  4.034279e-01  1.000000e-07
 17  37  0  0  1  3  4.628107e-01  1.000000e-07
 30  20  0  0  0  3  3.299037e-01  1.000000e-07
 30  15  0  0  0  3  1.965490e-01  1.000000e-07
 30  77  0  0  0  3  2.096586e-01  1.000000e-07
 30  24 -1  0  0  3  4.163343e-01  1.000000e-07
 30  31  0  0  1  3  4.094534e-01  1.000000e-07
 30  37 -1  0  1  3  4.577075e-01  1.000000e-07
 61  26  0  0  0  3  1.465773e-01  1.000000e-07
 61  27  0  0  0  3  3.573187e-01  1.000000e-07
 61  41  0  0  0  3  3.723769e-01  1.000000e-07
 38  20  0  0  0  3  2.637764e-01  1.000000e-07
 38  15  0  0  0  3  1.056768e-01  1.000000e-07
 38  77  0  0  0  3  1.982763e-01  1.000000e-07
 38  31  0  0  1  3  4.028677e-01  1.000000e-07
 38  32 -1  0  1  3  5.238743e-01  1.000000e-07
 38  6  0  0  1  3  4.783344e-01  1.000000e-07
 20  77  0  0  0  3  1.831280e-01  1.000000e-07
 20  27  0  0  0  3  3.754197e-01  1.000000e-07
 20  25  0  0  0  3  2.543712e-01  1.000000e-07
 20  41  0  0  0  3  2.029086e-01  1.000000e-07
 20  31  0  0  1  3  2.519472e-01  1.000000e-07
 20  36  0  0  1  3  4.294126e-01  1.000000e-07
 20  29  0  0  1  3  2.825140e-01  1.000000e-07
 26  24  0  0  0  3  2.787934e-01  1.000000e-07
 26  25  0  0  0  3  3.226468e-01  1.000000e-07
 15  77  0  0  0  3  1.183722e-01  1.000000e-07
 15  41  0  0  0  3  3.281105e-01  1.000000e-07
 23  27  0  0  0  3  3.860205e-01  1.000000e-07
 23  24  0  1  0  3  3.456652e-01  1.000000e-07
 23  25  0  1  0  3  3.096711e-01  1.000000e-07
 23  28  0  0  1  3  2.819487e-01  1.000000e-07
 23  32  0  0  1  3  4.597395e-01  1.000000e-07
 23  33  0  0  1  3  3.669978e-01  1.000000e-07
 23  34  0  0  1  3  2.877402e-01  1.000000e-07
 23  29  0  0  1  3  3.371380e-01  1.000000e-07
 77  19  0 -1  0  3  5.246968e-01  1.000000e-07
 77  25  0  0  0  3  3.313307e-01  1.000000e-07
 27  13  0  0  1  3  4.571050e-01  1.000000e-07
 27  32  0  0  1  3  4.970465e-01  1.000000e-07
 27  35  0  0  1  3  3.520552e-01  1.000000e-07
 27  29  0  0  1  3  3.140497e-01  1.000000e-07
 24  25  0  0  0  3  1.844335e-01  1.000000e-07
 24  32  0 -1  1  3  4.087428e-01  1.000000e-07
 24  34  0 -1  1  3  4.249764e-01  1.000000e-07
 24  36  0  0  1  3  3.061620e-01  1.000000e-07
 25  34  0 -1  1  3  4.602031e-01  1.000000e-07
 25  36  0  0  1  3  4.006890e-01  1.000000e-07
 25  39  0  0  1  3  5.043105e-01  1.000000e-07
 28  78  0  0  0  3  3.010515e-01  1.000000e-07
 28  33  0  0  0  3  1.456834e-01  1.000000e-07
 28  34  0  0  0  3  1.731467e-01  1.000000e-07
 28  12  0  0  0  3  2.132989e-01  1.000000e-07
 28  29  0  0  0  3  2.388912e-01  1.000000e-07
 28  40  0  0  0  3  3.053073e-01  1.000000e-07
 7  8  0  0  0  3  4.052754e-01  1.000000e-07
 13  32  0  0  0  3  3.741428e-01  1.000000e-07
 13  33  0  0  0  3  1.623447e-01  1.000000e-07
 13  34  0  0  0  3  3.781546e-01  1.000000e-07
 13  12  0  0  0  3  2.686696e-01  1.000000e-07
 13  37  0  0  0  3  2.032137e-01  1.000000e-07
 31  10  0  0  0  3  2.231545e-01  1.000000e-07
 31  8  0  0  0  3  1.608630e-01  1.000000e-07
 31  39  0  0  0  3  3.294255e-01  1.000000e-07
 31  12  0  0  0  3  3.055144e-01  1.000000e-07
 31  6  0  0  0  3  3.251933e-01  1.000000e-07
 78  10  0  1  0  3  2.686646e-01  1.000000e-07
 78  11  0  1  0  3  3.466678e-01  1.000000e-07
 78  4  0  0  0  3  2.227485e-01  1.000000e-07
 78  39  0  1  0  3  3.052918e-01  1.000000e-07
 32  4  0  0  0  3  4.712350e-01  1.000000e-07
 32  39  1  1  0  3  2.716557e-01  1.000000e-07
 32  6  1  1  0  3  3.057467e-01  1.000000e-07
 10  11  0  0  0  3  2.349837e-01  1.000000e-07
 10  8  0  0  0  3  1.470046e-01  1.000000e-07
 10  34  0 -1  0  3  3.528881e-01  1.000000e-07
 10  36  0  0  0  3  3.657568e-01  1.000000e-07
 10  39  0  0  0  3  3.061971e-01  1.000000e-07
 10  5 -1  0  0  3  5.707770e-01  1.000000e-07
 10  6  0  0  0  3  3.370790e-01  1.000000e-07
 11  8  0  0  0  3  2.673721e-01  1.000000e-07
 11  4  0 -1  0  3  2.802243e-01  1.000000e-07
 11  34  0 -1  0  3  2.827134e-01  1.000000e-07
 11  36  0  0  0  3  3.054082e-01  1.000000e-07
 11  5  0  0  0  3  3.062860e-01  1.000000e-07
 8  36  0  0  0  3  2.780885e-01  1.000000e-07
 8  40  0  0  0  3  1.703081e-01  1.000000e-07
 33  4  0  0  0  3  2.573888e-01  1.000000e-07
 33  35  0  0  0  3  2.454257e-01  1.000000e-07
 33  12  0  0  0  3  1.888749e-01  1.000000e-07
 33  29  0  0  0  3  2.619061e-01  1.000000e-07
 33  40  0  0  0  3  2.970598e-01  1.000000e-07
 4  34  0  0  0  3  1.429771e-01  1.000000e-07
 4  40  0  0  0  3  3.994928e-01  1.000000e-07
 35  12  0  0  0  3  2.181870e-01  1.000000e-07
 35  29  0  0  0  3  2.902374e-01  1.000000e-07
 35  40  0  0  0  3  3.064948e-01  1.000000e-07
 35  37  0  0  0  3  1.954312e-01  1.000000e-07
 36  12  0  0  0  3  2.859247e-01  1.000000e-07
 36  29  0  0  0  3  3.399831e-01  1.000000e-07
 36  6  1  0  0  3  3.897014e-01  1.000000e-07
 36  37  0  0  0  3  3.111103e-01  1.000000e-07
 39  5 -1  0  0  3  4.296667e-01  1.000000e-07
 39  6  0  0  0  3  9.417582e-02  1.000000e-07
 12  29  0  0  0  3  1.436963e-01  1.000000e-07
 12  40  0  0  0  3  1.463687e-01  1.000000e-07
 29  40  0  0  0  3  2.576108e-01  1.000000e-07
 40  5  0  0  0  3  3.737755e-01  1.000000e-07
 5  6  1  0  0  3  3.618237e-01  1.000000e-07
 5  37  0  0  0  3  2.309446e-01  1.000000e-07
 6  35 -1  0  0  3  4.192574e-01  1.000000e-07
 6  37 -1  0  0  3  3.206861e-01  1.000000e-07
 19  76  0  0  0  3  3.609947e-01  1.000000e-07
 88  4  0  0  0  3  1.690177e-01  1.000000e-07
 26  56  0 -1  0  3  1.941741e-01  1.000000e-07
 65  13  0  0  0  3  4.286431e-01  1.000000e-07
 22  55  0  0  0  3  4.932556e-01  1.000000e-07
 89  7  1  0  0  3  1.669306e-01  1.000000e-07
 16  74  0  0  0  3  3.734414e-01  1.000000e-07
 73  7  0  0  0  3  1.101855e-01  1.000000e-07
 26  64  0  0  0  3  1.425092e-01  1.000000e-07
 59  39  1  0  0  3  4.513466e-01  1.000000e-07
 19  72  0  1  0  3  4.389337e-01  1.000000e-07
 53  11  0  0  0  3  1.356497e-01  1.000000e-07
 77  3  0  0  0  3  3.625475e-01  1.000000e-07
 68  78  0 -1  0  3  2.676477e-01  1.000000e-07
 26  70  0  0  0  3  2.507248e-01  1.000000e-07
 67  78  1 -1  0  3  4.541434e-01  1.000000e-07
 22  84  0  0  0  3  3.240941e-01  1.000000e-07
 88  4  0  0  0  3  1.681033e-01  1.000000e-07
 41  54  0  0  0  3  2.509807e-01  1.000000e-07
 87  8  0  0  0  3  2.528086e-01  1.000000e-07
 14  58  0  0  0  3  2.868208e-01  1.000000e-07
 62  5  0  0  0  3  1.173297e-01  1.000000e-07
 61  58  0  0  0  3  1.758769e-01  1.000000e-07
 62  5  0  0  0  3  1.096905e-01  1.000000e-07
 77  66  0  0  0  3  3.898125e-01  1.000000e-07
 57  11  0  0  0  3  1.581775e-01  1.000000e-07
 15  74  0  0  0  3  2.718250e-01  1.000000e-07
 75  7  0  0  0  3  1.054794e-01  1.000000e-07
 61  60  0  0  0  3  2.340132e-01  1.000000e-07
 63  40  0  0  0  3  2.665976e-01  1.000000e-07
 26  53  0  0  0  3  1.663946e-01  1.000000e-07
 64  4  0 -1  0  3  2.509787e-01  1.000000e-07
 38  74  0  0  0  3  3.448410e-01  1.000000e-07
 73  7  0  0  0  3  1.047785e-01  1.000000e-07
 61  1  0  0  0  3  2.152003e-01  1.000000e-07
 53  11  0  0  0  3  1.347312e-01  1.000000e-07
 17  74  1  0  0  3  3.182542e-01  1.000000e-07
 9  7  0  0  0  3  1.152795e-01  1.000000e-07
 22  79  1  0  0  3  5.039548e-01  1.000000e-07
 2  78  0  0  0  3  3.139026e-01  1.000000e-07
 17  58  0  0  0  3  3.030705e-01  1.000000e-07
 55  5  0  0  0  3  1.106334e-01  1.000000e-07
 41  85  0  0  0  3  3.585017e-01  1.000000e-07
 75  7  0  0  0  3  1.570662e-01  1.000000e-07
 14  86  0  0  0  3  2.617921e-01  1.000000e-07
 89  13  0  0  0  3  2.383620e-01  1.000000e-07
 14  74  1  0  0  3  3.129130e-01  1.000000e-07
 9  7  0  0  0  3  1.270153e-01  1.000000e-07
 30  74  0  0  0  3  3.732678e-01  1.000000e-07
 9  7  0  0  0  3  1.130043e-01  1.000000e-07
 53  3  0  0  0  2  3.869188e-01  2.000000e-07
 53  62  0  0  0  2  3.048575e-01  2.000000e-07
 53  84  0 -1  0  2  1.846915e-01  2.000000e-07
 53  45  0 -1  0  2  2.235994e-01  2.000000e-07
 53  65  0 -1  0  2  2.527830e-01  2.000000e-07
 53  72  0  0  0  2  2.380290e-01  2.000000e-07
 53  67  0  0  0  2  1.347044e-01  2.000000e-07
 53  56  0 -1  0  2  1.495850e-01  2.000000e-07
 53  81  0 -1  0  2  4.792565e-01  2.000000e-07
 53  57  0  0  0  2  3.262472e-01  2.000000e-07
 53  66  0  0  0  2  2.676841e-01  2.000000e-07
 53  64  0  0  0  2  1.077283e-01  2.000000e-07
 53  1  0  0  0  2  1.797534e-01  2.000000e-07
 53  59  0  0  0  2  1.165168e-01  2.000000e-07
 46  54  0  0  0  2  2.014560e-01  2.000000e-07
 46  80  0  0  0  2  1.907119e-01  2.000000e-07
 46  60  0  0  0  2  1.622377e-01  2.000000e-07
 46  49  0  0  0  2  2.415957e-01  2.000000e-07
 46  47  0  0  0  2  3.279178e-02  2.000000e-07
 46  81  0  0  0  2  2.652229e-01  2.000000e-07
 46  63  0  0  0  2  2.118100e-01  2.000000e-07
 46  50  0  0  0  2  1.008506e-01  2.000000e-07
 46  87  0  0  0  2  1.769055e-01  2.000000e-07
 71  9  0  0  0  2  1.706741e-01  2.000000e-07
 71  45  0  0  0  2  3.498248e-01  2.000000e-07
 71  52  0  0  0  2  2.933427e-01  2.000000e-07
 71  65 -1  0  0  2  4.283357e-01  2.000000e-07
 71  72  0  1  0  2  3.961301e-01  2.000000e-07
 71  67 -1  1  0  2  4.819125e-01  2.000000e-07
 71  73  0  0  0  2  1.221466e-01  2.000000e-07
 71  79  0  0  0  2  1.269837e-01  2.000000e-07
 71  81  0  0  0  2  1.980954e-01  2.000000e-07
 71  82  0  0  0  2  2.117382e-01  2.000000e-07
 71  64 -1  1  0  2  5.315217e-01  2.000000e-07
 71  74  0  0  0  2  2.076098e-01  2.000000e-07
 71  51  0  0  0  2  2.826805e-02  2.000000e-07
 71  2  0  0  0  2  1.652042e-01  2.000000e-07
 3  76  0 -1  0  2  2.952099e-01  2.000000e-07
 3  54  0  0  0  2  3.731176e-01  2.000000e-07
 3  80  0  0  0  2  4.467494e-01  2.000000e-07
 3  55 -1  0  0  2  4.636538e-01  2.000000e-07
 3  72  0  0  0  2  1.493180e-01  2.000000e-07
 3  67 -1  0  0  2  4.799340e-01  2.000000e-07
 3  56  0 -1  0  2  4.144769e-01  2.000000e-07
 3  81  0 -1  0  2  4.046494e-01  2.000000e-07
 3  57  0  0  0  2  2.433099e-01  2.000000e-07
 3  83  0 -1  0  2  2.637719e-01  2.000000e-07
 3  69  0  0  0  2  5.576842e-02  2.000000e-07
 3  58 -1  0  0  2  5.240221e-01  2.000000e-07
 3  74  0  0  0  2  4.918691e-01  2.000000e-07
 3  75  0  0  0  2  4.528530e-01  2.000000e-07
 3  59  0  0  0  2  5.032649e-01  2.000000e-07
 3  70 -1  0  0  2  3.398744e-01  2.000000e-07
 3  2  0 -1  0  2  1.905728e-01  2.000000e-07
 42  44  0  0  0  2  1.178194e-01  2.000000e-07
 42  72  0  0  0  2  2.211747e-01  2.000000e-07
 42  67 -1  0  0  2  6.397615e-01  2.000000e-07
 42  43  0  0  0  2  7.436608e-02  2.000000e-07
 42  57  0  0  0  2  2.671301e-02  2.000000e-07
 42  68  0  0  0  2  2.048775e-01  2.000000e-07
 42  66  0  0  0  2  1.146106e-01  2.000000e-07
 42  64 -1  0  0  2  6.580078e-01  2.000000e-07
 62  9  1  0  0  2  4.248133e-01  2.000000e-07
 62  85  1  0  0  2  5.656404e-01  2.000000e-07
 62  89  0  0  0  2  3.193437e-01  2.000000e-07
 62  52  0  0  0  2  4.068626e-01  2.000000e-07
 62  86  0  0  0  2  2.278560e-01  2.000000e-07
 62  60  0  0  0  2  1.624791e-01  2.000000e-07
 62  44  1  0  0  2  5.975008e-01  2.000000e-07
 62  55  0  0  0  2  1.919510e-01  2.000000e-07
 62  65  0  0  0  2  4.681509e-01  2.000000e-07
 62  57  0  0  0  2  3.244144e-01  2.000000e-07
 62  68  1  0  0  2  5.713297e-01  2.000000e-07
 62  0  0  0  0  2  1.643735e-01  2.000000e-07
 62  63  0  0  0  2  3.604972e-02  2.000000e-07
 62  66  0  0  0  2  2.393864e-01  2.000000e-07
 62  58  0  0  0  2  8.672383e-02  2.000000e-07
 62  64  0  0  0  2  2.631645e-01  2.000000e-07
 62  50  0  0  0  2  2.844112e-01  2.000000e-07
 62  74  1  0  0  2  4.444268e-01  2.000000e-07
 62  1  0  0  0  2  1.659535e-01  2.000000e-07
 62  51  1  0  0  2  5.896005e-01  2.000000e-07
 9  89 -1  0  0  2  2.331015e-01  2.000000e-07
 9  55 -1  0  0  2  2.865969e-01  2.000000e-07
 9  65 -1  0  0  2  3.430747e-01  2.000000e-07
 9  73  0  0  0  2  6.998024e-02  2.000000e-07
 9  79  0  0  0  2  1.110760e-01  2.000000e-07
 9  58 -1  0  0  2  3.764217e-01  2.000000e-07
 9  74  0  0  0  2  1.273195e-01  2.000000e-07
 76  86  0  0  0  2  3.698831e-01  2.000000e-07
 76  49  0  0  0  2  1.886401e-01  2.000000e-07
 76  56  0  0  0  2  2.103398e-01  2.000000e-07
 76  47  0  0  0  2  3.271386e-01  2.000000e-07
 76  81  0  0  0  2  1.837169e-01  2.000000e-07
 76  82  0  0  0  2  1.353272e-01  2.000000e-07
 76  68  0  1  0  2  3.422537e-01  2.000000e-07
 76  83  0  0  0  2  1.783642e-01  2.000000e-07
 76  48  0  0  0  2  3.580089e-01  2.000000e-07
 76  69  0  1  0  2  3.313134e-01  2.000000e-07
 76  50  0  0  0  2  2.972448e-01  2.000000e-07
 76  59  0  1  0  2  3.899090e-01  2.000000e-07
 54  60  0  0  0  2  5.951893e-02  2.000000e-07
 54  43  0  0  0  2  1.856123e-01  2.000000e-07
 54  56  0 -1  0  2  4.681924e-01  2.000000e-07
 54  47  0  0  0  2  2.245104e-01  2.000000e-07
 54  57  0  0  0  2  1.329315e-01  2.000000e-07
 54  68  0  0  0  2  3.516854e-01  2.000000e-07
 54  0  0  0  0  2  3.054087e-01  2.000000e-07
 54  63  0  0  0  2  1.806024e-01  2.000000e-07
 54  66  0  0  0  2  8.334581e-02  2.000000e-07
 54  48  0  0  0  2  2.384351e-01  2.000000e-07
 54  69  0  0  0  2  3.233983e-01  2.000000e-07
 54  87  0  0  0  2  1.515358e-01  2.000000e-07
 54  1  0  0  0  2  1.588373e-01  2.000000e-07
 54  75  0  0  0  2  3.079334e-01  2.000000e-07
 84  45  0  0  0  2  9.957616e-02  2.000000e-07
 84  52  0  0  0  2  2.892963e-01  2.000000e-07
 84  65  0  0  0  2  2.006628e-01  2.000000e-07
 84  72  0  1  0  2  2.174014e-01  2.000000e-07
 84  67  0  1  0  2  2.764789e-01  2.000000e-07
 84  56  0  0  0  2  8.615084e-02  2.000000e-07
 84  81  0  0  0  2  2.974979e-01  2.000000e-07
 84  50  0  0  0  2  2.866982e-01  2.000000e-07
 84  59  0  1  0  2  2.643733e-01  2.000000e-07
 84  88  0  0  0  2  6.905889e-02  2.000000e-07
 45  52  0  0  0  2  3.000310e-01  2.000000e-07
 45  72  0  1  0  2  1.367256e-01  2.000000e-07
 45  56  0  0  0  2  1.803666e-01  2.000000e-07
 45  81  0  0  0  2  2.754846e-01  2.000000e-07
 45  82  0  0  0  2  1.496338e-01  2.000000e-07
 45  68  0  1  0  2  2.874260e-01  2.000000e-07
 45  66  0  1  0  2  3.427309e-01  2.000000e-07
 45  88  0  0  0  2  6.721022e-02  2.000000e-07
 45  51  0  0  0  2  3.518946e-01  2.000000e-07
 85  52  0  0  0  2  2.235875e-01  2.000000e-07
 85  86 -1  0  0  2  5.847324e-01  2.000000e-07
 85  44  0  0  0  2  1.057339e-01  2.000000e-07
 85  49  0  0  0  2  2.131880e-01  2.000000e-07
 85  55 -1  0  0  2  3.742729e-01  2.000000e-07
 85  82  0  0  0  2  4.241857e-01  2.000000e-07
 85  68  0  0  0  2  3.518571e-01  2.000000e-07
 85  83  0  0  0  2  3.391326e-01  2.000000e-07
 85  66  0  0  0  2  2.991273e-01  2.000000e-07
 85  64 -1  0  0  2  6.500681e-01  2.000000e-07
 85  74  0  0  0  2  1.705266e-01  2.000000e-07
 85  87  0  0  0  2  1.409971e-01  2.000000e-07
 85  75  0  0  0  2  5.776095e-02  2.000000e-07
 85  88  0  0  0  2  4.514120e-01  2.000000e-07
 85  51  0  0  0  2  2.706055e-01  2.000000e-07
 80  52  0  0  0  2  1.347853e-01  2.000000e-07
 80  60  0  0  0  2  2.123596e-01  2.000000e-07
 80  49  0  0  0  2  1.626896e-01  2.000000e-07
 80  43  0  0  0  2  1.856983e-01  2.000000e-07
 80  73  0  0  0  2  3.188370e-01  2.000000e-07
 80  81  0  0  0  2  1.807235e-01  2.000000e-07
 80  57  0  0  0  2  2.333387e-01  2.000000e-07
 80  69  0  0  0  2  3.909833e-01  2.000000e-07
 80  50  0  0  0  2  2.779612e-01  2.000000e-07
 80  74  0  0  0  2  2.723152e-01  2.000000e-07
 80  75  0  0  0  2  1.331832e-01  2.000000e-07
 89  86  0  0  0  2  1.314693e-01  2.000000e-07
 89  55  0  0  0  2  3.008876e-01  2.000000e-07
 89  65  0  0  0  2  1.696000e-01  2.000000e-07
 89  67  0  1  0  2  3.903390e-01  2.000000e-07
 89  73  1  0  0  2  3.024909e-01  2.000000e-07
 89  56  0  0  0  2  2.929880e-01  2.000000e-07
 89  79  1  0  0  2  2.521405e-01  2.000000e-07
 89  47  0  0  0  2  2.189427e-01  2.000000e-07
 89  63  0  0  0  2  3.101278e-01  2.000000e-07
 89  83  1  0  0  2  4.877406e-01  2.000000e-07
 89  48  0  0  0  2  1.868320e-01  2.000000e-07
 89  58  0  0  0  2  3.218314e-01  2.000000e-07
 89  50  0  0  0  2  1.630695e-01  2.000000e-07
 89  59  0  1  0  2  3.961292e-01  2.000000e-07
 52  86  0  0  0  2  2.735143e-01  2.000000e-07
 52  60  0  0  0  2  2.825370e-01  2.000000e-07
 52  44  0  0  0  2  2.784608e-01  2.000000e-07
 52  49  0  0  0  2  7.255925e-02  2.000000e-07
 52  65  0  0  0  2  3.587916e-01  2.000000e-07
 52  81  0  0  0  2  9.606544e-02  2.000000e-07
 52  82  0  0  0  2  2.866866e-01  2.000000e-07
 52  66  0  0  0  2  3.662432e-01  2.000000e-07
 52  50  0  0  0  2  2.108003e-01  2.000000e-07
 52  74  0  0  0  2  3.223438e-01  2.000000e-07
 52  87  0  0  0  2  1.628035e-01  2.000000e-07
 52  88  0  0  0  2  2.444711e-01  2.000000e-07
 52  51  0  0  0  2  2.713421e-01  2.000000e-07
 86  49  0  0  0  2  3.441549e-01  2.000000e-07
 86  55  0  0  0  2  2.900418e-01  2.000000e-07
 86  65  0  0  0  2  2.446603e-01  2.000000e-07
 86  73  1  0  0  2  4.097090e-01  2.000000e-07
 86  56  0  0  0  2  3.334123e-01  2.000000e-07
 86  63  0  0  0  2  2.075487e-01  2.000000e-07
 86  83  1  0  0  2  6.124008e-01  2.000000e-07
 86  66  0  0  0  2  3.647587e-01  2.000000e-07
 86  48  0  0  0  2  5.612292e-02  2.000000e-07
 86  87  0  0  0  2  3.020063e-01  2.000000e-07
 86  88  0  0  0  2  3.612351e-01  2.000000e-07
 86  51  1  0  0  2  5.006042e-01  2.000000e-07
 60  47  0  0  0  2  1.796193e-01  2.000000e-07
 60  57  0  0  0  2  1.919797e-01  2.000000e-07
 60  63  0  0  0  2  1.291492e-01  2.000000e-07
 60  58  0  0  0  2  2.490461e-01  2.000000e-07
 60  50  0  0  0  2  2.506071e-01  2.000000e-07
 60  1  0  0  0  2  1.615995e-01  2.000000e-07
 44  43  0  0  0  2  4.912694e-02  2.000000e-07
 44  57  0  0  0  2  1.376214e-01  2.000000e-07
 44  68  0  0  0  2  2.651639e-01  2.000000e-07
 44  66  0  0  0  2  2.055080e-01  2.000000e-07
 44  58 -1  0  0  2  5.125512e-01  2.000000e-07
 44  64 -1  0  0  2  6.379707e-01  2.000000e-07
 44  74  0  0  0  2  2.611116e-01  2.000000e-07
 44  87  0  0  0  2  1.336225e-01  2.000000e-07
 49  47  0  0  0  2  2.626838e-01  2.000000e-07
 49  81  0  0  0  2  2.385810e-02  2.000000e-07
 49  82  0  0  0  2  2.352325e-01  2.000000e-07
 49  83  0  0  0  2  1.793267e-01  2.000000e-07
 49  48  0  0  0  2  3.056171e-01  2.000000e-07
 49  50  0  0  0  2  2.787011e-01  2.000000e-07
 49  87  0  0  0  2  2.009340e-01  2.000000e-07
 49  75  0  0  0  2  1.741708e-01  2.000000e-07
 49  88  0  0  0  2  2.387364e-01  2.000000e-07
 49  51  0  0  0  2  1.995082e-01  2.000000e-07
 55  43  1  0  0  2  4.188563e-01  2.000000e-07
 55  73  1  0  0  2  3.259427e-01  2.000000e-07
 55  68  1  0  0  2  4.220272e-01  2.000000e-07
 55  0  0  0  0  2  2.348790e-01  2.000000e-07
 55  63  0  0  0  2  2.203726e-01  2.000000e-07
 55  83  1  0  0  2  5.576497e-01  2.000000e-07
 55  48  0  0  0  2  3.132493e-01  2.000000e-07
 55  69  1  0  0  2  4.440083e-01  2.000000e-07
 55  58  0  0  0  2  1.119693e-01  2.000000e-07
 55  64  0  0  0  2  3.332342e-01  2.000000e-07
 55  74  1  0  0  2  2.674456e-01  2.000000e-07
 55  75  1  0  0  2  3.774040e-01  2.000000e-07
 55  70  0  0  0  2  2.843080e-01  2.000000e-07
 55  51  1  0  0  2  4.355405e-01  2.000000e-07
 65  67  0  1  0  2  2.361016e-01  2.000000e-07
 65  56  0  0  0  2  1.319659e-01  2.000000e-07
 65  79  1  0  0  2  3.035368e-01  2.000000e-07
 65  82  1  0  0  2  5.825308e-01  2.000000e-07
 65  68  1  1  0  2  5.929615e-01  2.000000e-07
 65  0  0  1  0  2  3.762740e-01  2.000000e-07
 65  83  1  0  0  2  5.241383e-01  2.000000e-07
 65  64  0  1  0  2  2.708317e-01  2.000000e-07
 65  50  0  0  0  2  2.182208e-01  2.000000e-07
 65  70  0  1  0  2  3.339572e-01  2.000000e-07
 65  51  1  0  0  2  4.463717e-01  2.000000e-07
 72  67 -1  0  0  2  6.274759e-01  2.000000e-07
 72  81  0 -1  0  2  3.832211e-01  2.000000e-07
 72  82  0 -1  0  2  1.884936e-01  2.000000e-07
 72  57  0  0  0  2  2.136332e-01  2.000000e-07
 72  68  0  0  0  2  1.762169e-01  2.000000e-07
 72  66  0  0  0  2  2.300136e-01  2.000000e-07
 72  64 -1  0  0  2  6.605508e-01  2.000000e-07
 72  88  0 -1  0  2  2.038751e-01  2.000000e-07
 72  2  0 -1  0  2  2.885738e-01  2.000000e-07
 67  44  1  0  0  2  6.285830e-01  2.000000e-07
 67  79  1 -1  0  2  3.902029e-01  2.000000e-07
 67  57  1  0  0  2  6.623443e-01  2.000000e-07
 67  58  0  0  0  2  2.893278e-01  2.000000e-07
 67  64  0  0  0  2  5.056564e-02  2.000000e-07
 67  50  0 -1  0  2  4.501019e-01  2.000000e-07
 67  1  0  0  0  2  2.507996e-01  2.000000e-07
 67  59  0  0  0  2  1.869584e-02  2.000000e-07
 67  70  0  0  0  2  1.473426e-01  2.000000e-07
 67  2  1 -1  0  2  3.995528e-01  2.000000e-07
 43  85  0  0  0  2  1.536981e-01  2.000000e-07
 43  56  0 -1  0  2  5.277394e-01  2.000000e-07
 43  68  0  0  0  2  2.220153e-01  2.000000e-07
 43  66  0  0  0  2  1.772137e-01  2.000000e-07
 43  69  0  0  0  2  2.057553e-01  2.000000e-07
 43  87  0  0  0  2  1.661654e-01  2.000000e-07
 43  75  0  0  0  2  2.113265e-01  2.000000e-07
 73  79  0  0  0  2  1.259505e-01  2.000000e-07
 73  81  0  0  0  2  2.478988e-01  2.000000e-07
 73  83  0  0  0  2  2.329878e-01  2.000000e-07
 73  74  0  0  0  2  9.845226e-02  2.000000e-07
 73  75  0  0  0  2  1.936203e-01  2.000000e-07
 73  2  0  0  0  2  2.778484e-01  2.000000e-07
 56  79  1  0  0  2  4.241701e-01  2.000000e-07
 56  47  0  0  0  2  3.474281e-01  2.000000e-07
 56  68  0  1  0  2  4.496267e-01  2.000000e-07
 56  0  0  1  0  2  3.162941e-01  2.000000e-07
 56  83  1  0  0  2  6.300498e-01  2.000000e-07
 56  66  0  1  0  2  3.957952e-01  2.000000e-07
 56  48  0  0  0  2  3.546238e-01  2.000000e-07
 56  69  0  1  0  2  4.255135e-01  2.000000e-07
 56  64  0  1  0  2  2.147872e-01  2.000000e-07
 56  50  0  0  0  2  2.821521e-01  2.000000e-07
 56  1  0  1  0  2  3.259215e-01  2.000000e-07
 56  59  0  1  0  2  1.954232e-01  2.000000e-07
 56  88  0  0  0  2  1.539569e-01  2.000000e-07
 56  70  0  1  0  2  3.422940e-01  2.000000e-07
 79  81  0  0  0  2  3.200772e-01  2.000000e-07
 79  83  0  0  0  2  2.362821e-01  2.000000e-07
 79  74  0  0  0  2  2.204192e-01  2.000000e-07
 79  59 -1  1  0  2  4.055568e-01  2.000000e-07
 79  70 -1  1  0  2  3.625324e-01  2.000000e-07
 79  2  0  0  0  2  2.073159e-01  2.000000e-07
 47  63  0  0  0  2  2.084539e-01  2.000000e-07
 47  48  0  0  0  2  4.385809e-02  2.000000e-07
 47  50  0  0  0  2  7.291591e-02  2.000000e-07
 47  87  0  0  0  2  2.096822e-01  2.000000e-07
 81  83  0  0  0  2  1.566109e-01  2.000000e-07
 81  50  0  0  0  2  2.997570e-01  2.000000e-07
 81  75  0  0  0  2  1.757975e-01  2.000000e-07
 81  59  0  1  0  2  5.600780e-01  2.000000e-07
 81  2  0  0  0  2  3.003927e-01  2.000000e-07
 82  68  0  1  0  2  2.374015e-01  2.000000e-07
 82  83  0  0  0  2  9.863316e-02  2.000000e-07
 82  64 -1  1  0  2  5.966807e-01  2.000000e-07
 82  88  0  0  0  2  1.751239e-01  2.000000e-07
 82  70 -1  1  0  2  4.405209e-01  2.000000e-07
 82  51  0  0  0  2  2.203143e-01  2.000000e-07
 57  66  0  0  0  2  8.835946e-02  2.000000e-07
 57  69  0  0  0  2  1.916361e-01  2.000000e-07
 57  58 -1  0  0  2  6.024560e-01  2.000000e-07
 57  74  0  0  0  2  3.974001e-01  2.000000e-07
 57  1  0  0  0  2  2.060644e-01  2.000000e-07
 57  75  0  0  0  2  2.970080e-01  2.000000e-07
 57  2  0 -1  0  2  4.336364e-01  2.000000e-07
 68  0 -1  0  0  2  4.815192e-01  2.000000e-07
 68  83  0 -1  0  2  3.106581e-01  2.000000e-07
 68  66  0  0  0  2  2.901819e-01  2.000000e-07
 68  69  0  0  0  2  3.280426e-02  2.000000e-07
 68  64 -1  0  0  2  4.970792e-01  2.000000e-07
 68  88  0 -1  0  2  3.500268e-01  2.000000e-07
 68  70 -1  0  0  2  3.246735e-01  2.000000e-07
 68  2  0 -1  0  2  2.245421e-01  2.000000e-07
 0  63  0  0  0  2  1.930635e-01  2.000000e-07
 0  66  0  0  0  2  2.864494e-01  2.000000e-07
 0  69  0  0  0  2  4.953132e-01  2.000000e-07
 0  58  0  0  0  2  1.500037e-01  2.000000e-07
 0  64  0  0  0  2  1.061656e-01  2.000000e-07
 0  1  0  0  0  2  1.659355e-01  2.000000e-07
 0  59  0  0  0  2  1.385878e-01  2.000000e-07
 0  70  0  0  0  2  1.809557e-01  2.000000e-07
 63  66  0  0  0  2  2.183615e-01  2.000000e-07
 63  48  0  0  0  2  1.861877e-01  2.000000e-07
 63  58  0  0  0  2  1.205327e-01  2.000000e-07
 63  1  0  0  0  2  1.628214e-01  2.000000e-07
 83  69  0  1  0  2  3.175243e-01  2.000000e-07
 83  75  0  0  0  2  2.834377e-01  2.000000e-07
 83  70 -1  1  0  2  4.419346e-01  2.000000e-07
 83  51  0  0  0  2  1.229984e-01  2.000000e-07
 83  2  0  0  0  2  1.455145e-01  2.000000e-07
 66  64  0  0  0  2  3.155148e-01  2.000000e-07
 66  87  0  0  0  2  2.141534e-01  2.000000e-07
 66  88  0 -1  0  2  4.021849e-01  2.000000e-07
 48  87  0  0  0  2  2.464968e-01  2.000000e-07
 69  1  0  0  0  2  3.439447e-01  2.000000e-07
 69  75  0  0  0  2  4.000160e-01  2.000000e-07
 69  70 -1  0  0  2  3.572388e-01  2.000000e-07
 69  2  0 -1  0  2  2.447501e-01  2.000000e-07
 58  64  0  0  0  2  2.560075e-01  2.000000e-07
 58  50  0  0  0  2  3.299570e-01  2.000000e-07
 58  74  1  0  0  2  3.761046e-01  2.000000e-07
 58  1  0  0  0  2  2.273921e-01  2.000000e-07
 58  59  0  0  0  2  2.868568e-01  2.000000e-07
 58  70  0  0  0  2  2.677903e-01  2.000000e-07
 64  70  0  0  0  2  1.724932e-01  2.000000e-07
 50  59  0  1  0  2  4.491482e-01  2.000000e-07
 74  65 -1  0  0  2  4.670994e-01  2.000000e-07
 74  75  0  0  0  2  1.392341e-01  2.000000e-07
 74  51  0  0  0  2  1.871638e-01  2.000000e-07
 87  75  0  0  0  2  1.672340e-01  2.000000e-07
 87  88  0  0  0  2  4.062578e-01  2.000000e-07
 1  59  0  0  0  2  2.350447e-01  2.000000e-07
 59  70  0  0  0  2  1.633843e-01  2.000000e-07
 59  2  1 -1  0  2  4.181763e-01  2.000000e-07
 88  76  0  0  0  2  5.867716e-02  2.000000e-07
 70  89  0 -1  0  2  4.535892e-01  2.000000e-07
 70  2  1 -1  0  2  2.973522e-01  2.000000e-07
 53  84  0 -1  0  1  1.846915e-01  3.000000e-07
 53  45  0 -1  0  1  2.235994e-01  3.000000e-07
 53  56  0 -1  0  1  1.495850e-01  3.000000e-07
 53  64  0  0  0  1  1.077283e-01  3.000000e-07
 53  1  0  0  0  1  1.797534e-01  3.000000e-07
 53  59  0  0  0  1  1.165168e-01  3.000000e-07
 46  52  0  0  0  1  1.691777e-01  3.000000e-07
 46  60  0  0  0  1  1.622377e-01  3.000000e-07
 46  48  0  0  0  1  7.328481e-02  3.000000e-07
 46  50  0  0  0  1  1.008506e-01  3.000000e-07
 46  87  0  0  0  1  1.769055e-01  3.000000e-07
 71  73  0  0  0  1  1.221466e-01  3.000000e-07
 71  79  0  0  0  1  1.269837e-01  3.000000e-07
 71  83  0  0  0  1  1.185618e-01  3.000000e-07
 71  2  0  0  0  1  1.652042e-01  3.000000e-07
 3  72  0  0  0  1  1.493180e-01  3.000000e-07
 3  82  0 -1  0  1  1.883432e-01  3.000000e-07
 3  69  0  0  0  1  5.576842e-02  3.000000e-07
 3  2  0 -1  0  1  1.905728e-01  3.000000e-07
 42  43  0  0  0  1  7.436608e-02  3.000000e-07
 42  69  0  0  0  1  1.797671e-01  3.000000e-07
 62  86  0  0  0  1  2.278560e-01  3.000000e-07
 62  0  0  0  0  1  1.643735e-01  3.000000e-07
 62  58  0  0  0  1  8.672383e-02  3.000000e-07
 62  1  0  0  0  1  1.659535e-01  3.000000e-07
 9  89 -1  0  0  1  2.331015e-01  3.000000e-07
 9  55 -1  0  0  1  2.865969e-01  3.000000e-07
 9  73  0  0  0  1  6.998024e-02  3.000000e-07
 9  79  0  0  0  1  1.110760e-01  3.000000e-07
 9  74  0  0  0  1  1.273195e-01  3.000000e-07
 76  45  0  0  0  1  9.433558e-02  3.000000e-07
 76  52  0  0  0  1  2.069310e-01  3.000000e-07
 76  49  0  0  0  1  1.886401e-01  3.000000e-07
 76  81  0  0  0  1  1.837169e-01  3.000000e-07
 76  82  0  0  0  1  1.353272e-01  3.000000e-07
 76  83  0  0  0  1  1.783642e-01  3.000000e-07
 76  88  0  0  0  1  5.867716e-02  3.000000e-07
 54  60  0  0  0  1  5.951893e-02  3.000000e-07
 54  44  0  0  0  1  1.940412e-01  3.000000e-07
 54  43  0  0  0  1  1.856123e-01  3.000000e-07
 54  57  0  0  0  1  1.329315e-01  3.000000e-07
 54  66  0  0  0  1  8.334581e-02  3.000000e-07
 54  87  0  0  0  1  1.515358e-01  3.000000e-07
 84  45  0  0  0  1  9.957616e-02  3.000000e-07
 84  65  0  0  0  1  2.006628e-01  3.000000e-07
 84  56  0  0  0  1  8.615084e-02  3.000000e-07
 84  50  0  0  0  1  2.866982e-01  3.000000e-07
 84  88  0  0  0  1  6.905889e-02  3.000000e-07
 45  72  0  1  0  1  1.367256e-01  3.000000e-07
 45  82  0  0  0  1  1.496338e-01  3.000000e-07
 45  88  0  0  0  1  6.721022e-02  3.000000e-07
 85  80  0  0  0  1  1.192850e-01  3.000000e-07
 85  44  0  0  0  1  1.057339e-01  3.000000e-07
 85  74  0  0  0  1  1.705266e-01  3.000000e-07
 85  75  0  0  0  1  5.776095e-02  3.000000e-07
 80  52  0  0  0  1  1.347853e-01  3.000000e-07
 80  44  0  0  0  1  1.449408e-01  3.000000e-07
 80  49  0  0  0  1  1.626896e-01  3.000000e-07
 80  75  0  0  0  1  1.331832e-01  3.000000e-07
 89  86  0  0  0  1  1.314693e-01  3.000000e-07
 89  55  0  0  0  1  3.008876e-01  3.000000e-07
 89  65  0  0  0  1  1.696000e-01  3.000000e-07
 89  79  1  0  0  1  2.521405e-01  3.000000e-07
 89  50  0  0  0  1  1.630695e-01  3.000000e-07
 52  49  0  0  0  1  7.255925e-02  3.000000e-07
 52  50  0  0  0  1  2.108003e-01  3.000000e-07
 52  88  0  0  0  1  2.444711e-01  3.000000e-07
 86  55  0  0  0  1  2.900418e-01  3.000000e-07
 86  63  0  0  0  1  2.075487e-01  3.000000e-07
 86  48  0  0  0  1  5.612292e-02  3.000000e-07
 86  58  0  0  0  1  2.627000e-01  3.000000e-07
 60  48  0  0  0  1  1.864578e-01  3.000000e-07
 60  1  0  0  0  1  1.615995e-01  3.000000e-07
 44  74  0  0  0  1  2.611116e-01  3.000000e-07
 44  87  0  0  0  1  1.336225e-01  3.000000e-07
 49  75  0  0  0  1  1.741708e-01  3.000000e-07
 55  44  1  0  0  1  4.072625e-01  3.000000e-07
 55  43  1  0  0  1  4.188563e-01  3.000000e-07
 55  68  1  0  0  1  4.220272e-01  3.000000e-07
 55  58  0  0  0  1  1.119693e-01  3.000000e-07
 55  74  1  0  0  1  2.674456e-01  3.000000e-07
 65  56  0  0  0  1  1.319659e-01  3.000000e-07
 65  50  0  0  0  1  2.182208e-01  3.000000e-07
 65  70  0  1  0  1  3.339572e-01  3.000000e-07
 72  82  0 -1  0  1  1.884936e-01  3.000000e-07
 72  57  0  0  0  1  2.136332e-01  3.000000e-07
 72  66  0  0  0  1  2.300136e-01  3.000000e-07
 72  69  0  0  0  1  1.499562e-01  3.000000e-07
 67  65  0 -1  0  1  2.361016e-01  3.000000e-07
 67  56  0 -1  0  1  2.042489e-01  3.000000e-07
 67  64  0  0  0  1  5.056564e-02  3.000000e-07
 67  70  0  0  0  1  1.473426e-01  3.000000e-07
 43  57  0  0  0  1  9.799287e-02  3.000000e-07
 43  68  0  0  0  1  2.220153e-01  3.000000e-07
 43  69  0  0  0  1  2.057553e-01  3.000000e-07
 73  79  0  0  0  1  1.259505e-01  3.000000e-07
 73  74  0  0  0  1  9.845226e-02  3.000000e-07
 73  75  0  0  0  1  1.936203e-01  3.000000e-07
 73  51  0  0  0  1  1.100785e-01  3.000000e-07
 56  59  0  1  0  1  1.954232e-01  3.000000e-07
 79  70 -1  1  0  1  3.625324e-01  3.000000e-07
 79  2  0  0  0  1  2.073159e-01  3.000000e-07
 47  50  0  0  0  1  7.291591e-02  3.000000e-07
 81  83  0  0  0  1  1.566109e-01  3.000000e-07
 81  75  0  0  0  1  1.757975e-01  3.000000e-07
 81  51  0  0  0  1  1.774103e-01  3.000000e-07
 82  83  0  0  0  1  9.863316e-02  3.000000e-07
 82  2  0  0  0  1  1.570528e-01  3.000000e-07
 57  66  0  0  0  1  8.835946e-02  3.000000e-07
 57  69  0  0  0  1  1.916361e-01  3.000000e-07
 68  70 -1  0  0  1  3.246735e-01  3.000000e-07
 68  2  0 -1  0  1  2.245421e-01  3.000000e-07
 0  58  0  0  0  1  1.500037e-01  3.000000e-07
 0  64  0  0  0  1  1.061656e-01  3.000000e-07
 0  1  0  0  0  1  1.659355e-01  3.000000e-07
 63  48  0  0  0  1  1.861877e-01  3.000000e-07
 63  1  0  0  0  1  1.628214e-01  3.000000e-07
 83  51  0  0  0  1  1.229984e-01  3.000000e-07
 83  2  0  0  0  1  1.455145e-01  3.000000e-07
 66  1  0  0  0  1  1.213180e-01  3.000000e-07
 48  50  0  0  0  1  7.273399e-02  3.000000e-07
 58  70  0  0  0  1  2.677903e-01  3.000000e-07
 64  1  0  0  0  1  2.004093e-01  3.000000e-07
 64  70  0  0  0  1  1.724932e-01  3.000000e-07
 50  88  0  0  0  1  2.913986e-01  3.000000e-07
 74  75  0  0  0  1  1.392341e-01  3.000000e-07
 75  51  0  0  0  1  2.131692e-01  3.000000e-07
 2.963651e-01 -2.909428e-01  0
 1.344746e-01 -2.545275e-01  0
-3.136917e-01  4.327858e-01  0
-2.112638e-01 -4.065078e-01  0
 3.564617e-02  3.695439e-01 -1.585065e-01
 3.292486e-01 -1.733181e-01 -1.042248e-01
-4.300080e-01 -3.137315e-01 -3.349694e-01
-4.023958e-01 -1.071723e-02 -1.034204e-01
-5.974454e-02 -1.803850e-01 -2.377750e-01
-4.415436e-01  1.565293e-01  0
-1.231993e-01 -3.060932e-01 -1.955695e-01
 8.660164e-02 -3.602230e-01 -1.046251e-01
 5.982174e-02  4.152433e-02 -3.032548e-01
 3.064749e-01  1.206812e-01 -2.319820e-01
 3.432019e-01  1.176268e-02  2.547850e-01
-3.392788e-01 -4.970173e-02  2.665189e-01
-2.517027e-01  6.091461e-02  3.505130e-01
 4.133389e-01 -6.294164e-02  2.855146e-01
-4.489842e-01 -2.924108e-02  3.147791e-01
-1.480602e-01  3.592762e-01  3.385445e-01
-1.199303e-01 -1.141414e-01  3.784548e-01
 2.104486e-01 -2.467382e-01  3.969396e-01
 1.859000e-01  3.040117e-01  3.055921e-01
-4.034441e-03  3.731457e-01  4.462235e-01
 1.720827e-01 -3.371523e-01  3.788444e-01
-7.041618e-03 -3.378941e-01  3.349168e-01
 2.179979e-01 -3.631237e-01  1.050872e-01
 2.027723e-01  7.030114e-02  3.256917e-01
 4.042895e-02  2.539370e-01 -3.021669e-01
 1.515899e-03  5.823245e-02 -4.335233e-01
-4.352362e-01 -2.039252e-01  3.416108e-01
-1.370664e-01 -1.795231e-01 -3.788335e-01
 4.297576e-01  4.253591e-01 -4.107430e-01
 1.717588e-01  1.927685e-01 -2.868529e-01
 8.236932e-02  4.208870e-01 -2.834997e-01
 2.628819e-01 -2.839993e-02 -3.417608e-01
 1.954188e-01 -2.066889e-01 -3.451666e-01
 4.370248e-01 -3.359697e-02 -2.532137e-01
-3.402067e-01  2.587979e-02  3.403712e-01
-3.821353e-01 -3.948036e-01 -3.328257e-01
-3.615368e-03 -2.673508e-02 -1.903823e-01
-1.439502e-02 -1.536526e-02  2.360558e-01
-9.300361e-02 -2.051433e-01  0
-1.462790e-01 -1.532583e-01  0
-1.549032e-01 -1.048943e-01  0
-1.261008e-02  4.486270e-01  0
 1.015485e-01  6.247991e-02  0
 1.317418e-01  7.527307e-02  0
 1.747210e-01  6.653662e-02  0
-1.078248e-01  1.830257e-01  0
 1.673606e-01  1.388972e-01  0
-2.981264e-01  2.429324e-01  0
-4.313901e-02  1.501532e-01  0
 1.749615e-01 -4.296620e-01  0
 3.768628e-02 -1.285858e-01  0
 4.378369e-01 -1.034491e-01  0
 1.656350e-01  4.210440e-01  0
-6.686984e-02 -2.106760e-01  0
 3.341792e-01 -1.457836e-01  0
 2.914781e-01 -4.294444e-01  0
 8.950756e-02 -9.931030e-02  0
 2.727984e-01 -2.421502e-01  1.671131e-01
 2.482935e-01 -1.337557e-01  0
 2.177472e-01 -1.146114e-01  0
 2.770766e-01 -3.953415e-01  0
 2.649112e-01  3.341002e-01  0
 2.148899e-02 -2.103426e-01  0
 3.095940e-01 -4.340649e-01  0
-2.270992e-01 -3.600405e-01  0
-1.950256e-01 -3.531558e-01  0
 4.493924e-01 -3.875222e-01  0
-3.119482e-01  2.675908e-01  0
-6.300654e-02 -4.242743e-01  0
-3.717104e-01  1.610626e-01  0
-3.538252e-01  6.424846e-02  0
-2.157499e-01  4.632300e-02  0
-3.468943e-02  3.569116e-01  0
-2.563297e-01 -1.337022e-01  2.578379e-01
-1.761992e-01  4.305736e-01 -1.903467e-01
-4.389319e-01  2.675745e-01  0
-8.481173e-02  2.197191e-02  0
-1.265503e-01  1.978096e-01  0
-1.579075e-01  4.128648e-01  0
-2.109689e-01  3.297204e-01  0
 7.996544e-02  4.119502e-01  0
-1.999428e-01 -9.232946e-03  0
 2.243017e-01  9.283370e-02  0
-5.897051e-02 -1.187871e-02  0
 1.537253e-02  3.875190e-01  0
 3.261652e-01  1.759480e-01  0