 712  90  1.200000e-05  75 -2 -2
 19  23  0  0  0  3  3.348250e-01  1.000000e-07
 19  60  0 -1  0  3  5.358261e-01  1.000000e-07
 19  21  0  0  0  3  2.616385e-01  1.000000e-07
 19  76  0  0  0  3  2.141054e-01  1.000000e-07
 19  77  0  0  0  3  3.082867e-01  1.000000e-07
 19  24  0  0  0  3  2.533190e-01  1.000000e-07
 52  16  0  0  0  3  3.417481e-01  1.000000e-07
 52  87 -1  0  0  3  4.137780e-01  1.000000e-07
 52  22  0  0  0  3  3.629754e-01  1.000000e-07
 52  29 -1  1  0  3  5.545632e-01  1.000000e-07
 52  77 -1  1  0  3  5.756587e-01  1.000000e-07
 52  18  0  0  0  3  2.990351e-01  1.000000e-07
 16  59  0  0  0  3  1.626045e-01  1.000000e-07
 16  17  0  0  0  3  1.386704e-01  1.000000e-07
 16  60  0  0  0  3  4.216549e-01  1.000000e-07
 16  77 -1  0  0  3  5.227522e-01  1.000000e-07
 16  24 -1  0  0  3  4.763498e-01  1.000000e-07
 16  63 -1  0  1  3  3.759744e-01  1.000000e-07
 16  64 -1  0  1  3  3.616406e-01  1.000000e-07
 16  66 -1  0  1  3  4.616415e-01  1.000000e-07
 23  20  0  0  0  3  2.609129e-01  1.000000e-07
 23  22  0  0  0  3  1.306209e-01  1.000000e-07
 23  60  0  0  0  3  3.806808e-01  1.000000e-07
 23  21  0  0  0  3  2.621578e-01  1.000000e-07
 23  76  0  0  0  3  2.093648e-01  1.000000e-07
 23  18  0  0  0  3  3.477080e-01  1.000000e-07
 23  63  0  0  1  3  2.773442e-01  1.000000e-07
 59  17  0  0  0  3  2.854700e-02  1.000000e-07
 59  21  0  0  0  3  2.655326e-01  1.000000e-07
 59  29 -1  0  0  3  5.590124e-01  1.000000e-07
 59  24 -1  0  0  3  4.815057e-01  1.000000e-07
 59  18  0  0  0  3  3.538716e-01  1.000000e-07
 59  62  0  0  1  3  5.207165e-01  1.000000e-07
 59  11  0  0  1  3  3.736899e-01  1.000000e-07
 59  7  0  0  1  3  3.827106e-01  1.000000e-07
 20  87  0  0  0  3  4.258229e-02  1.000000e-07
 20  22  0  0  0  3  3.498485e-01  1.000000e-07
 20  21  0  0  0  3  4.017302e-01  1.000000e-07
 20  88  0  0  0  3  2.663793e-01  1.000000e-07
 20  24  0  0  0  3  3.883502e-01  1.000000e-07
 20  61  0  0  0  3  1.438731e-01  1.000000e-07
 17  60  0  0  0  3  3.535862e-01  1.000000e-07
 17  88 -1  0  0  3  4.346545e-01  1.000000e-07
 17  77 -1  0  0  3  5.543045e-01  1.000000e-07
 17  24 -1  0  0  3  4.674403e-01  1.000000e-07
 17  61 -1  0  0  3  2.857576e-01  1.000000e-07
 17  62  0  0  1  3  5.230064e-01  1.000000e-07
 87  22  0  0  0  3  3.463450e-01  1.000000e-07
 87  61  0  0  0  3  1.573345e-01  1.000000e-07
 87  0  0  1  0  3  4.390958e-01  1.000000e-07
 87  18  0  0  0  3  3.922590e-01  1.000000e-07
 87  78  0  0  1  3  4.386469e-01  1.000000e-07
 22  60  0  0  0  3  2.899416e-01  1.000000e-07
 22  21  0  0  0  3  2.117558e-01  1.000000e-07
 22  76  0  0  0  3  3.122884e-01  1.000000e-07
 22  18  0  0  0  3  2.662875e-01  1.000000e-07
 22  62  0  0  1  3  5.769036e-01  1.000000e-07
 60  4  0  0  1  3  5.513604e-01  1.000000e-07
 60  15  0  0  1  3  5.343590e-01  1.000000e-07
 21  60  0 -1  0  3  6.065173e-01  1.000000e-07
 21  24 -1  0  0  3  5.742448e-01  1.000000e-07
 29  77  0  0  0  3  1.572667e-01  1.000000e-07
 29  61  0 -1  0  3  5.550932e-01  1.000000e-07
 76  88  0  0  0  3  1.504849e-01  1.000000e-07
 76  77  0  0  0  3  3.214671e-01  1.000000e-07
 76  0  0  0  0  3  2.948796e-01  1.000000e-07
 76  64  0  0  1  3  3.816246e-01  1.000000e-07
 76  5  0  0  1  3  5.049074e-01  1.000000e-07
 76  6  0  0  1  3  5.061072e-01  1.000000e-07
 88  77  0  0  0  3  2.558557e-01  1.000000e-07
 88  24  0  0  0  3  2.148327e-01  1.000000e-07
 88  61  0  0  0  3  2.657201e-01  1.000000e-07
 88  0  0  0  0  3  3.146163e-01  1.000000e-07
 88  63  0  0  1  3  3.710844e-01  1.000000e-07
 88  64  0  0  1  3  3.972640e-01  1.000000e-07
 77  0  0  0  0  3  1.956526e-01  1.000000e-07
 77  8  0 -1  1  3  4.667221e-01  1.000000e-07
 24  61  0  0  0  3  3.694134e-01  1.000000e-07
 61  8  0  0  1  3  3.898846e-01  1.000000e-07
 61  63  0  0  1  3  3.333627e-01  1.000000e-07
 0  80  0  0  1  3  3.565994e-01  1.000000e-07
 0  78  0 -1  1  3  4.038305e-01  1.000000e-07
 8  62  1  1  0  3  4.736936e-01  1.000000e-07
 8  63  0  0  0  3  2.392621e-01  1.000000e-07
 8  64  0  0  0  3  3.901580e-01  1.000000e-07
 8  11  1  0  0  3  4.081799e-01  1.000000e-07
 8  15  1  0  0  3  3.841800e-01  1.000000e-07
 8  78  0  0  0  3  1.885907e-01  1.000000e-07
 8  9  0  1  0  3  4.424501e-01  1.000000e-07
 62  15  0 -1  0  3  3.510819e-01  1.000000e-07
 62  80  0  0  0  3  3.927876e-01  1.000000e-07
 62  78 -1 -1  0  3  5.502177e-01  1.000000e-07
 62  10  0  0  0  3  2.214958e-01  1.000000e-07
 62  7  0  0  0  3  5.473686e-01  1.000000e-07
 63  20  0  0 -1  3  3.297787e-01  1.000000e-07
 63  4  0  0  0  3  3.848221e-01  1.000000e-07
 63  14  0  0  0  3  4.768285e-01  1.000000e-07
 63  7  0  0  0  3  2.558416e-01  1.000000e-07
 64  11  1  0  0  3  4.348984e-01  1.000000e-07
 64  80  0  0  0  3  4.087369e-01  1.000000e-07
 64  65  1  0  0  3  4.125726e-01  1.000000e-07
 64  78  0 -1  0  3  5.254468e-01  1.000000e-07
 4  3  0  0  0  3  3.686811e-01  1.000000e-07
 4  80  0  1  0  3  3.878691e-01  1.000000e-07
 5  11  0  0  0  3  4.490051e-01  1.000000e-07
 5  6  0  0  0  3  2.022149e-01  1.000000e-07
 5  80  0  0  0  3  3.002959e-01  1.000000e-07
 5  14  0  0  0  3  3.343353e-01  1.000000e-07
 5  12  0  0  0  3  1.530684e-01  1.000000e-07
 5  10  0  0  0  3  1.182028e-01  1.000000e-07
 5  81  0  0  0  3  1.937932e-01  1.000000e-07
 5  7  0  0  0  3  4.680161e-01  1.000000e-07
 11  13  0  0  0  3  2.522762e-01  1.000000e-07
 11  15  0  0  0  3  2.880300e-01  1.000000e-07
 11  10  0  0  0  3  4.620205e-01  1.000000e-07
 11  66 -1  0  0  3  3.855143e-01  1.000000e-07
 11  7  0  0  0  3  2.588333e-01  1.000000e-07
 3  13  0  0  0  3  4.899194e-02  1.000000e-07
 3  15  0  0  0  3  3.761834e-01  1.000000e-07
 3  65  0  0  0  3  1.926582e-01  1.000000e-07
 3  14  0  0  0  3  1.731670e-01  1.000000e-07
 3  66 -1  0  0  3  3.953198e-01  1.000000e-07
 13  6  0  0  0  3  2.954107e-01  1.000000e-07
 13  65  0  0  0  3  1.652892e-01  1.000000e-07
 13  14  0  0  0  3  1.536614e-01  1.000000e-07
 13  12  0  0  0  3  2.964053e-01  1.000000e-07
 13  10  0  0  0  3  2.980296e-01  1.000000e-07
 6  80  0  0  0  3  3.124037e-01  1.000000e-07
 6  65  0  0  0  3  3.367980e-01  1.000000e-07
 6  14  0  0  0  3  2.181780e-01  1.000000e-07
 6  81  0  0  0  3  2.367139e-02  1.000000e-07
 6  7  0  0  0  3  4.230874e-01  1.000000e-07
 15  10  0  1  0  3  3.099087e-01  1.000000e-07
 15  9 -1  1  0  3  5.507411e-01  1.000000e-07
 80  9  0  0  0  3  2.370448e-01  1.000000e-07
 80  81  0  0  0  3  3.018720e-01  1.000000e-07
 80  7  0 -1  0  3  4.985129e-01  1.000000e-07
 65  10  0  0  0  3  2.060221e-01  1.000000e-07
 65  81  0  0  0  3  3.374098e-01  1.000000e-07
 65  66 -1  0  0  3  4.583194e-01  1.000000e-07
 14  81  0  0  0  3  2.372695e-01  1.000000e-07
 14  66  0  0  0  3  5.150429e-01  1.000000e-07
 14  7  0  0  0  3  3.489128e-01  1.000000e-07
 78  23  0  0 -1  3  4.663705e-01  1.000000e-07
 78  9  0  1  0  3  3.242571e-01  1.000000e-07
 78  66  0  0  0  3  3.654942e-01  1.000000e-07
 78  7  0  0  0  3  3.992916e-01  1.000000e-07
 12  10  0  0  0  3  6.712256e-02  1.000000e-07
 12  9 -1  0  0  3  5.458569e-01  1.000000e-07
 12  81  0  0  0  3  2.489767e-01  1.000000e-07
 10  64 -1  0  0  3  4.985675e-01  1.000000e-07
 10  9 -1  0  0  3  5.314598e-01  1.000000e-07
 9  81  0  0  0  3  2.530013e-01  1.000000e-07
 9  66  0 -1  0  3  5.105521e-01  1.000000e-07
 60  71  0  1  0  3  3.513428e-01  1.000000e-07
 69  12  0  0  0  3  1.746776e-01  1.000000e-07
 29  83  0  0  0  3  2.540131e-01  1.000000e-07
 79  4  0 -1  0  3  3.660498e-01  1.000000e-07
 19  86  0  0  0  3  2.425517e-01  1.000000e-07
 72  12  0  0  0  3  2.289499e-01  1.000000e-07
 20  50  0  0  0  3  3.329101e-01  1.000000e-07
 75  14  0  0  0  3  1.730622e-01  1.000000e-07
 87  53  0  0  0  3  2.882880e-01  1.000000e-07
 68  4  0  0  0  3  2.218450e-01  1.000000e-07
 0  68  0 -1  0  3  3.489457e-01  1.000000e-07
 70  4  0  0  0  3  2.361922e-01  1.000000e-07
 21  48  0  0  0  3  1.901109e-01  1.000000e-07
 54  3  0  0  0  3  1.354656e-01  1.000000e-07
 18  69  0  1  0  3  2.682781e-01  1.000000e-07
 71  12  0  0  0  3  2.116889e-01  1.000000e-07
 18  56  0  0  0  3  2.092863e-01  1.000000e-07
 67  15  0  0  0  3  2.062059e-01  1.000000e-07
 17  51  0  0  0  3  3.701011e-01  1.000000e-07
 28  65  0  0  0  3  1.167415e-01  1.000000e-07
 24  47  1  0  0  3  2.021607e-01  1.000000e-07
 51  65  0  0  0  3  1.861832e-01  1.000000e-07
 18  53  0  0  0  3  1.948797e-01  1.000000e-07
 55  4  0  0  0  3  1.938430e-01  1.000000e-07
 29  47  1  0  0  3  2.377969e-01  1.000000e-07
 58  12  0  0  0  3  2.718437e-01  1.000000e-07
 87  70  0  0  0  3  3.674176e-01  1.000000e-07
 68  9  0  1  0  3  2.614599e-01  1.000000e-07
 29  47  1  0  0  3  2.280635e-01  1.000000e-07
 58  15  0 -1  0  3  3.255492e-01  1.000000e-07
 21  48  0  0  0  3  1.832344e-01  1.000000e-07
 54  13  0  0  0  3  1.417050e-01  1.000000e-07
 29  44  0 -1  0  3  2.507226e-01  1.000000e-07
 39  66  0  0  0  3  3.192618e-01  1.000000e-07
 29  30  0  0  0  3  1.383007e-01  1.000000e-07
 74  9  0  0  0  3  1.843023e-01  1.000000e-07
 18  49  0  0  0  3  2.861821e-01  1.000000e-07
 75  14  0  0  0  3  1.799649e-01  1.000000e-07
 61  34  0  0  0  3  2.644754e-01  1.000000e-07
 38  66  0  0  0  3  1.652599e-01  1.000000e-07
 19  72  0  0  0  3  1.637445e-01  1.000000e-07
 73  6  0  0  0  3  1.755198e-01  1.000000e-07
 52  55  0  0  0  3  1.719098e-01  1.000000e-07
 56  4  0  0  0  3  2.902295e-01  1.000000e-07
 0  79  0  0  0  3  2.840977e-01  1.000000e-07
 74  9  0  0  0  3  1.778269e-01  1.000000e-07
 0  2  0  0  0  3  3.019040e-01  1.000000e-07
 1  81  0  0  0  3  1.784411e-01  1.000000e-07
 52  51  0  0  0  3  2.217002e-01  1.000000e-07
 57  65  0  0  0  3  2.022294e-01  1.000000e-07
 52  41  0  0  0  3  1.507126e-01  1.000000e-07
 57  3  0  0  0  3  1.643724e-01  1.000000e-07
 19  72  0  0  0  3  1.655411e-01  1.000000e-07
 73  81  0  0  0  3  1.720010e-01  1.000000e-07
 1  2  0  0  0  2  6.615166e-02  2.000000e-07
 1  68  0 -1  0  2  3.037168e-01  2.000000e-07
 1  69  0  0  0  2  1.389286e-01  2.000000e-07
 1  83  0  0  0  2  1.023997e-01  2.000000e-07
 1  70  0 -1  0  2  3.003644e-01  2.000000e-07
 1  71  0  0  0  2  3.367358e-01  2.000000e-07
 1  73  0  0  0  2  1.722001e-01  2.000000e-07
 1  79  0  0  0  2  1.138600e-01  2.000000e-07
 1  86  0  0  0  2  2.020000e-01  2.000000e-07
 30  82  0  0  0  2  7.750245e-02  2.000000e-07
 30  68  0 -1  0  2  3.410790e-01  2.000000e-07
 30  83  0  0  0  2  2.444992e-01  2.000000e-07
 30  70  0 -1  0  2  3.090284e-01  2.000000e-07
 30  71  1  0  0  2  3.996598e-01  2.000000e-07
 30  67  1 -1  0  2  4.512463e-01  2.000000e-07
 30  73  0  0  0  2  2.760424e-01  2.000000e-07
 30  42  0  0  0  2  2.988699e-01  2.000000e-07
 30  39  0 -1  0  2  2.750223e-01  2.000000e-07
 30  79  0  0  0  2  1.731169e-01  2.000000e-07
 30  40  0 -1  0  2  3.674879e-01  2.000000e-07
 30  46  0  0  0  2  2.668897e-01  2.000000e-07
 30  51  1  0  0  2  4.652851e-01  2.000000e-07
 30  86  1  0  0  2  5.631639e-01  2.000000e-07
 25  54  0  0  0  2  8.479655e-02  2.000000e-07
 25  55  0  0  0  2  2.256501e-01  2.000000e-07
 25  84  0  0  0  2  1.639329e-01  2.000000e-07
 25  41  0  0  0  2  1.532245e-01  2.000000e-07
 25  28  0  0  0  2  2.240631e-01  2.000000e-07
 25  26  0  0  0  2  1.177963e-01  2.000000e-07
 25  49  0  0  0  2  1.225641e-01  2.000000e-07
 25  57  0  0  0  2  1.204217e-01  2.000000e-07
 25  42 -1  0  0  2  3.349923e-01  2.000000e-07
 25  51  0  0  0  2  1.109831e-01  2.000000e-07
 82  2  0  0  0  2  4.045119e-01  2.000000e-07
 82  68  0 -1  0  2  3.943800e-01  2.000000e-07
 82  69  1  0  0  2  5.388895e-01  2.000000e-07
 82  55  1 -1  0  2  5.497273e-01  2.000000e-07
 82  84  1  0  0  2  5.156387e-01  2.000000e-07
 82  47  1  0  0  2  1.564791e-01  2.000000e-07
 82  41  1 -1  0  2  5.267832e-01  2.000000e-07
 82  44  0 -1  0  2  2.421735e-01  2.000000e-07
 82  28  1  0  0  2  3.511801e-01  2.000000e-07
 82  67  1 -1  0  2  3.989690e-01  2.000000e-07
 82  89  0  0  0  2  3.189193e-01  2.000000e-07
 82  39  0 -1  0  2  2.644239e-01  2.000000e-07
 82  79  0  0  0  2  2.455824e-01  2.000000e-07
 82  58  1  0  0  2  2.454772e-01  2.000000e-07
 82  40  0 -1  0  2  4.050308e-01  2.000000e-07
 82  46  0  0  0  2  2.606254e-01  2.000000e-07
 82  51  1  0  0  2  4.169984e-01  2.000000e-07
 82  74  0  0  0  2  2.351016e-01  2.000000e-07
 82  86  1  0  0  2  4.866043e-01  2.000000e-07
 2  68  0 -1  0  2  3.493602e-01  2.000000e-07
 2  69  0  0  0  2  1.164664e-01  2.000000e-07
 2  84  0  0  0  2  2.940663e-01  2.000000e-07
 2  85  0  0  0  2  2.428994e-01  2.000000e-07
 2  72  0  0  0  2  1.548556e-01  2.000000e-07
 2  73  0  0  0  2  1.767118e-01  2.000000e-07
 2  89  0  0  0  2  3.556984e-01  2.000000e-07
 2  79  0  0  0  2  1.645353e-01  2.000000e-07
 2  74  0  0  0  2  2.423735e-01  2.000000e-07
 2  86  0  0  0  2  1.358742e-01  2.000000e-07
 2  75  0  0  0  2  3.931998e-01  2.000000e-07
 68  69  0  1  0  2  2.938936e-01  2.000000e-07
 68  36  0  0  0  2  1.846580e-01  2.000000e-07
 68  83  0  1  0  2  2.023075e-01  2.000000e-07
 68  55  0  0  0  2  3.413090e-01  2.000000e-07
 68  44  0  0  0  2  2.717643e-01  2.000000e-07
 68  70  0  0  0  2  3.911772e-02  2.000000e-07
 68  35  0  0  0  2  2.723507e-01  2.000000e-07
 68  34  0  0  0  2  2.145244e-01  2.000000e-07
 68  72  0  1  0  2  5.007215e-01  2.000000e-07
 68  79  0  1  0  2  3.432223e-01  2.000000e-07
 68  40  0  0  0  2  9.660517e-02  2.000000e-07
 68  74  0  1  0  2  4.393187e-01  2.000000e-07
 68  75  0  0  0  2  3.177394e-01  2.000000e-07
 27  83  0  0  0  2  4.448985e-01  2.000000e-07
 27  84  0  0  0  2  1.820296e-01  2.000000e-07
 27  47  0  0  0  2  1.890830e-01  2.000000e-07
 27  28  0  0  0  2  3.569513e-02  2.000000e-07
 27  43  0  0  0  2  2.965408e-01  2.000000e-07
 27  48  0  0  0  2  2.538186e-01  2.000000e-07
 27  72  0  0  0  2  2.778066e-01  2.000000e-07
 27  73  0  0  0  2  4.080395e-01  2.000000e-07
 27  58  0  0  0  2  1.219386e-01  2.000000e-07
 27  45 -1  0  0  2  5.415329e-01  2.000000e-07
 27  46 -1  0  0  2  3.562558e-01  2.000000e-07
 27  51  0  0  0  2  2.240433e-01  2.000000e-07
 31  44 -1  0  0  2  2.358245e-01  2.000000e-07
 31  43  0  0  0  2  3.898197e-01  2.000000e-07
 31  71  0  1  0  2  3.655986e-01  2.000000e-07
 31  48  0  0  0  2  3.493082e-01  2.000000e-07
 31  38 -1  0  0  2  4.004976e-01  2.000000e-07
 31  49  0  0  0  2  3.189273e-01  2.000000e-07
 31  67  0  0  0  2  5.263822e-02  2.000000e-07
 31  56  0  0  0  2  1.646549e-01  2.000000e-07
 31  57  0  0  0  2  2.372269e-01  2.000000e-07
 31  37 -1  0  0  2  4.163398e-01  2.000000e-07
 31  39 -1  0  0  2  2.099817e-01  2.000000e-07
 31  58  0  1  0  2  3.685224e-01  2.000000e-07
 31  45 -1  0  0  2  4.134284e-01  2.000000e-07
 31  51  0  0  0  2  3.263486e-01  2.000000e-07
 69  83  0  0  0  2  1.562967e-01  2.000000e-07
 69  55  0 -1  0  2  3.586117e-01  2.000000e-07
 69  70  0 -1  0  2  3.083684e-01  2.000000e-07
 69  71  0  0  0  2  2.308238e-01  2.000000e-07
 69  72  0  0  0  2  2.567498e-01  2.000000e-07
 69  67  0 -1  0  2  3.695342e-01  2.000000e-07
 69  56  0 -1  0  2  2.682787e-01  2.000000e-07
 69  58  0  0  0  2  3.123354e-01  2.000000e-07
 69  86  0  0  0  2  1.678053e-01  2.000000e-07
 54  41  0  0  0  2  2.271372e-01  2.000000e-07
 54  43  0  0  0  2  7.684232e-02  2.000000e-07
 54  26  0  0  0  2  1.017564e-01  2.000000e-07
 54  49  0  0  0  2  6.305320e-02  2.000000e-07
 54  67  0  0  0  2  3.353412e-01  2.000000e-07
 54  51  0  0  0  2  1.857131e-01  2.000000e-07
 54  75  0  0  0  2  1.785047e-01  2.000000e-07
 36  83  0  1  0  2  3.598241e-01  2.000000e-07
 36  55  0  0  0  2  2.276082e-01  2.000000e-07
 36  44  0  0  0  2  4.187198e-01  2.000000e-07
 36  32  0  0  0  2  2.319849e-01  2.000000e-07
 36  34  0  0  0  2  2.888303e-01  2.000000e-07
 36  72  0  1  0  2  6.344794e-01  2.000000e-07
 36  49  0  0  0  2  2.206886e-01  2.000000e-07
 36  56  0  0  0  2  3.037679e-01  2.000000e-07
 36  50  0  0  0  2  1.473839e-01  2.000000e-07
 36  33  0  0  0  2  1.528514e-01  2.000000e-07
 36  58  0  1  0  2  6.112155e-01  2.000000e-07
 36  40  0  0  0  2  1.929314e-01  2.000000e-07
 36  75  0  0  0  2  1.357464e-01  2.000000e-07
 36  53  0  0  0  2  7.712753e-02  2.000000e-07
 83  47  1  0  0  2  4.708684e-01  2.000000e-07
 83  44  0 -1  0  2  3.417784e-01  2.000000e-07
 83  70  0 -1  0  2  1.979839e-01  2.000000e-07
 83  71  0  0  0  2  3.855764e-01  2.000000e-07
 83  71  1  0  0  2  6.402010e-01  2.000000e-07
 83  72  0  0  0  2  3.011025e-01  2.000000e-07
 83  56  0 -1  0  2  3.694577e-01  2.000000e-07
 83  73  0  0  0  2  2.601175e-01  2.000000e-07
 83  37  0 -1  0  2  3.398106e-01  2.000000e-07
 83  39  0 -1  0  2  3.702389e-01  2.000000e-07
 83  79  0  0  0  2  1.583451e-01  2.000000e-07
 83  58  0  0  0  2  4.675479e-01  2.000000e-07
 83  46  0  0  0  2  4.390999e-01  2.000000e-07
 83  74  0  0  0  2  2.621799e-01  2.000000e-07
 83  53  0 -1  0  2  2.827930e-01  2.000000e-07
 55  41  0  0  0  2  2.129992e-01  2.000000e-07
 55  44 -1  0  0  2  4.283583e-01  2.000000e-07
 55  70  0  0  0  2  3.803609e-01  2.000000e-07
 55  43  0  0  0  2  2.390771e-01  2.000000e-07
 55  49  0  0  0  2  1.738301e-01  2.000000e-07
 55  67  0  0  0  2  1.558463e-01  2.000000e-07
 55  56  0  0  0  2  1.247057e-01  2.000000e-07
 55  56  0  0  0  2  1.247057e-01  2.000000e-07
 55  57  0  0  0  2  2.608027e-01  2.000000e-07
 55  58  0  1  0  2  4.572951e-01  2.000000e-07
 55  75  0  0  0  2  2.517421e-01  2.000000e-07
 84  28  0  0  0  2  1.653037e-01  2.000000e-07
 84  85  0  0  0  2  3.106539e-01  2.000000e-07
 84  43  0  0  0  2  1.173635e-01  2.000000e-07
 84  26  0  0  0  2  6.582202e-02  2.000000e-07
 84  72  0  0  0  2  1.760901e-01  2.000000e-07
 84  73  0  0  0  2  3.073313e-01  2.000000e-07
 84  42 -1  0  0  2  4.226891e-01  2.000000e-07
 84  51  0  0  0  2  2.199478e-01  2.000000e-07
 84  86  0  0  0  2  1.883353e-01  2.000000e-07
 84  75  0  0  0  2  2.102911e-01  2.000000e-07
 47  44 -1 -1  0  2  3.561003e-01  2.000000e-07
 47  28  0  0  0  2  1.947887e-01  2.000000e-07
 47  71  0  0  0  2  1.972311e-01  2.000000e-07
 47  48  0  0  0  2  4.042205e-01  2.000000e-07
 47  38 -1  0  0  2  4.636789e-01  2.000000e-07
 47  57  0  0  0  2  3.659078e-01  2.000000e-07
 47  89 -1  0  0  2  3.371572e-01  2.000000e-07
 47  42 -1  0  0  2  2.345106e-01  2.000000e-07
 47  39 -1 -1  0  2  3.695419e-01  2.000000e-07
 47  58  0  0  0  2  1.153417e-01  2.000000e-07
 47  45 -1  0  0  2  4.594070e-01  2.000000e-07
 47  46 -1  0  0  2  2.369893e-01  2.000000e-07
 47  74 -1  0  0  2  3.193838e-01  2.000000e-07
 41  44 -1  0  0  2  3.254701e-01  2.000000e-07
 41  35 -1  0  0  2  3.883881e-01  2.000000e-07
 41  34 -1  0  0  2  3.183634e-01  2.000000e-07
 41  67  0  0  0  2  1.912982e-01  2.000000e-07
 41  42 -1  0  0  2  3.095161e-01  2.000000e-07
 41  39 -1  0  0  2  2.954556e-01  2.000000e-07
 41  40 -1  0  0  2  4.399193e-01  2.000000e-07
 41  46 -1  0  0  2  3.515964e-01  2.000000e-07
 41  51  0  0  0  2  1.618866e-01  2.000000e-07
 44  71  1  1  0  2  4.280656e-01  2.000000e-07
 44  32  0  0  0  2  2.968008e-01  2.000000e-07
 44  34  0  0  0  2  1.739569e-01  2.000000e-07
 44  38  0  0  0  2  3.105497e-01  2.000000e-07
 44  49  1  0  0  2  5.388570e-01  2.000000e-07
 44  56  1  0  0  2  3.771527e-01  2.000000e-07
 44  57  1  0  0  2  3.781614e-01  2.000000e-07
 44  37  0  0  0  2  2.432262e-01  2.000000e-07
 44  39  0  0  0  2  3.001483e-02  2.000000e-07
 44  39  0  0  0  2  3.001483e-02  2.000000e-07
 44  58  1  1  0  2  3.832575e-01  2.000000e-07
 44  45  0  0  0  2  3.239036e-01  2.000000e-07
 44  40  0  0  0  2  2.258221e-01  2.000000e-07
 44  74  0  1  0  2  4.275366e-01  2.000000e-07
 44  53  0  0  0  2  3.725362e-01  2.000000e-07
 28  26  0  0  0  2  1.320505e-01  2.000000e-07
 28  48  0  0  0  2  2.264608e-01  2.000000e-07
 28  72  0  0  0  2  2.833601e-01  2.000000e-07
 28  49  0  0  0  2  2.961669e-01  2.000000e-07
 28  57  0  0  0  2  2.777333e-01  2.000000e-07
 28  42 -1  0  0  2  3.098763e-01  2.000000e-07
 28  58  0  0  0  2  1.473883e-01  2.000000e-07
 28  86  0  0  0  2  1.930660e-01  2.000000e-07
 70  43  0  0  0  2  4.415499e-01  2.000000e-07
 70  35  0  0  0  2  2.743847e-01  2.000000e-07
 70  56  0  0  0  2  3.906941e-01  2.000000e-07
 70  37  0  0  0  2  1.418334e-01  2.000000e-07
 70  39  0  0  0  2  2.528357e-01  2.000000e-07
 70  79  0  1  0  2  3.269150e-01  2.000000e-07
 70  40  0  0  0  2  8.766087e-02  2.000000e-07
 70  75  0  0  0  2  3.481172e-01  2.000000e-07
 70  53  0  0  0  2  1.523733e-01  2.000000e-07
 85  43  0  0  0  2  2.976166e-01  2.000000e-07
 85  35  0  0  0  2  2.374713e-01  2.000000e-07
 85  72  0  0  0  2  1.610360e-01  2.000000e-07
 85  73  0  0  0  2  7.101253e-02  2.000000e-07
 85  89  0  0  0  2  1.309784e-01  2.000000e-07
 85  37  0  0  0  2  3.601563e-01  2.000000e-07
 85  33  0  0  0  2  2.049820e-01  2.000000e-07
 85  42  0  0  0  2  2.716740e-01  2.000000e-07
 85  79  0  0  0  2  1.876674e-01  2.000000e-07
 85  45  0  0  0  2  2.482870e-01  2.000000e-07
 85  46  0  0  0  2  2.338289e-01  2.000000e-07
 85  86  0  0  0  2  2.973957e-01  2.000000e-07
 85  75  0  0  0  2  2.524043e-01  2.000000e-07
 43  35  0  0  0  2  3.542922e-01  2.000000e-07
 43  48  0  0  0  2  7.664787e-02  2.000000e-07
 43  72  0  0  0  2  2.191211e-01  2.000000e-07
 43  67  0  0  0  2  3.736857e-01  2.000000e-07
 43  56  0  0  0  2  3.632145e-01  2.000000e-07
 43  73  0  0  0  2  3.209769e-01  2.000000e-07
 43  50  0  0  0  2  1.835971e-01  2.000000e-07
 43  37  0  0  0  2  3.878525e-01  2.000000e-07
 43  45  0  0  0  2  3.930920e-01  2.000000e-07
 43  51  0  0  0  2  2.612856e-01  2.000000e-07
 43  86  0  0  0  2  2.890046e-01  2.000000e-07
 43  75  0  0  0  2  1.061610e-01  2.000000e-07
 43  53  0  0  0  2  2.954712e-01  2.000000e-07
 35  32  0  0  0  2  3.803385e-02  2.000000e-07
 35  34  0  0  0  2  1.607688e-01  2.000000e-07
 35  33  0  0  0  2  1.083769e-01  2.000000e-07
 35  42  0  0  0  2  2.591490e-01  2.000000e-07
 35  39  0  0  0  2  3.268513e-01  2.000000e-07
 35  45  0  0  0  2  4.194631e-02  2.000000e-07
 35  40  0  0  0  2  1.879906e-01  2.000000e-07
 35  46  0  0  0  2  2.550931e-01  2.000000e-07
 35  51  1  0  0  2  4.110516e-01  2.000000e-07
 35  75  0  0  0  2  2.522969e-01  2.000000e-07
 26  72  0  0  0  2  2.393848e-01  2.000000e-07
 26  49  0  0  0  2  1.643443e-01  2.000000e-07
 26  57  0  0  0  2  2.169765e-01  2.000000e-07
 26  50  0  0  0  2  3.206537e-01  2.000000e-07
 26  86  0  0  0  2  2.242325e-01  2.000000e-07
 26  75  0  0  0  2  2.522248e-01  2.000000e-07
 71  72  0  0  0  2  3.118951e-01  2.000000e-07
 71  67  0 -1  0  2  3.358148e-01  2.000000e-07
 71  56  0 -1  0  2  2.944761e-01  2.000000e-07
 71  73  0  0  0  2  4.221037e-01  2.000000e-07
 71  39 -1 -1  0  2  4.276840e-01  2.000000e-07
 71  58  0  0  0  2  8.214064e-02  2.000000e-07
 71  46 -1  0  0  2  4.185046e-01  2.000000e-07
 71  51  0  0  0  2  3.396772e-01  2.000000e-07
 71  74 -1  0  0  2  5.162382e-01  2.000000e-07
 71  86  0  0  0  2  1.712481e-01  2.000000e-07
 32  34  0  0  0  2  1.228597e-01  2.000000e-07
 32  38  0  0  0  2  4.561749e-02  2.000000e-07
 32  89  0  0  0  2  2.161557e-01  2.000000e-07
 32  50  0  0  0  2  1.975618e-01  2.000000e-07
 32  33  0  0  0  2  1.337617e-01  2.000000e-07
 32  42  0  0  0  2  2.742431e-01  2.000000e-07
 32  45  0  0  0  2  4.913665e-02  2.000000e-07
 32  40  0  0  0  2  1.587698e-01  2.000000e-07
 32  53  0  0  0  2  2.473973e-01  2.000000e-07
 34  38  0  0  0  2  1.401306e-01  2.000000e-07
 34  57  1  0  0  2  3.397767e-01  2.000000e-07
 34  33  0  0  0  2  2.437926e-01  2.000000e-07
 34  42  0  0  0  2  3.395557e-01  2.000000e-07
 34  39  0  0  0  2  1.673047e-01  2.000000e-07
 34  45  0  0  0  2  1.527871e-01  2.000000e-07
 34  40  0  0  0  2  1.219574e-01  2.000000e-07
 34  53  0  0  0  2  2.696163e-01  2.000000e-07
 48  26  0  0  0  2  9.469875e-02  2.000000e-07
 48  72  0  0  0  2  2.586985e-01  2.000000e-07
 48  49  0  0  0  2  6.970654e-02  2.000000e-07
 48  56  0  0  0  2  3.554297e-01  2.000000e-07
 48  57  0  0  0  2  2.072456e-01  2.000000e-07
 48  50  0  0  0  2  2.600841e-01  2.000000e-07
 48  45 -1  0  0  2  5.411739e-01  2.000000e-07
 48  51  0  0  0  2  1.847755e-01  2.000000e-07
 48  53  0  0  0  2  3.482356e-01  2.000000e-07
 38  57  1  0  0  2  3.298881e-01  2.000000e-07
 38  89  0  0  0  2  1.839504e-01  2.000000e-07
 38  50  0  0  0  2  2.197435e-01  2.000000e-07
 38  33  0  0  0  2  1.577519e-01  2.000000e-07
 38  42  0  0  0  2  2.293115e-01  2.000000e-07
 38  45  0  0  0  2  1.381072e-02  2.000000e-07
 72  55  0 -1  0  2  6.116000e-01  2.000000e-07
 72  49  0  0  0  2  2.891493e-01  2.000000e-07
 72  73  0  0  0  2  1.358182e-01  2.000000e-07
 72  89  0  0  0  2  2.919999e-01  2.000000e-07
 72  50  0  0  0  2  2.372858e-01  2.000000e-07
 72  33  0  0  0  2  2.839415e-01  2.000000e-07
 72  58  0  0  0  2  3.738812e-01  2.000000e-07
 72  45  0  0  0  2  3.830993e-01  2.000000e-07
 72  74  0  0  0  2  2.420166e-01  2.000000e-07
 72  86  0  0  0  2  1.438809e-01  2.000000e-07
 72  75  0  0  0  2  2.385644e-01  2.000000e-07
 49  56  0  0  0  2  2.985216e-01  2.000000e-07
 49  57  0  0  0  2  2.301002e-01  2.000000e-07
 49  50  0  0  0  2  2.270467e-01  2.000000e-07
 49  75  0  0  0  2  1.411948e-01  2.000000e-07
 49  53  0  0  0  2  2.819223e-01  2.000000e-07
 67  56  0  0  0  2  1.120167e-01  2.000000e-07
 67  39 -1  0  0  2  2.544509e-01  2.000000e-07
 67  51  0  0  0  2  3.479285e-01  2.000000e-07
 67  86  0  1  0  2  4.570487e-01  2.000000e-07
 56  58  0  1  0  2  3.337684e-01  2.000000e-07
 56  75  0  0  0  2  3.639050e-01  2.000000e-07
 56  53  0  0  0  2  2.861473e-01  2.000000e-07
 73  79  0  0  0  2  1.265993e-01  2.000000e-07
 73  45  0  0  0  2  3.175293e-01  2.000000e-07
 73  46  0  0  0  2  2.661056e-01  2.000000e-07
 73  74  0  0  0  2  1.066439e-01  2.000000e-07
 73  86  0  0  0  2  2.519645e-01  2.000000e-07
 57  42 -1  0  0  2  2.540237e-01  2.000000e-07
 57  45 -1  0  0  2  3.375670e-01  2.000000e-07
 89  50  0  0  0  2  2.460444e-01  2.000000e-07
 89  33  0  0  0  2  2.186561e-01  2.000000e-07
 89  42  0  0  0  2  1.445404e-01  2.000000e-07
 89  79  0  0  0  2  2.464017e-01  2.000000e-07
 89  45  0  0  0  2  1.726124e-01  2.000000e-07
 89  74  0  0  0  2  1.444363e-01  2.000000e-07
 89  75  0  0  0  2  3.259791e-01  2.000000e-07
 50  33  0  0  0  2  6.380492e-02  2.000000e-07
 50  45  0  0  0  2  2.095067e-01  2.000000e-07
 50  74  0  0  0  2  3.199512e-01  2.000000e-07
 50  75  0  0  0  2  8.609852e-02  2.000000e-07
 50  53  0  0  0  2  2.176393e-01  2.000000e-07
 37  39  0  0  0  2  2.461276e-01  2.000000e-07
 37  45  0  0  0  2  1.530674e-01  2.000000e-07
 37  46  0  0  0  2  3.792994e-01  2.000000e-07
 37  51  1  0  0  2  4.810545e-01  2.000000e-07
 37  53  0  0  0  2  1.738737e-01  2.000000e-07
 33  42  0  0  0  2  3.341491e-01  2.000000e-07
 33  40  0  0  0  2  2.150654e-01  2.000000e-07
 33  75  0  0  0  2  1.440936e-01  2.000000e-07
 42  79  0  0  0  2  3.293682e-01  2.000000e-07
 42  46  0  0  0  2  4.329128e-02  2.000000e-07
 42  51  1  0  0  2  2.250723e-01  2.000000e-07
 39  45  0  0  0  2  3.125235e-01  2.000000e-07
 39  40  0  0  0  2  2.352168e-01  2.000000e-07
 39  46  0  0  0  2  4.787230e-01  2.000000e-07
 39  51  1  0  0  2  4.339064e-01  2.000000e-07
 79  46  0  0  0  2  2.865597e-01  2.000000e-07
 79  74  0  0  0  2  1.041231e-01  2.000000e-07
 58  86  0  0  0  2  2.412005e-01  2.000000e-07
 45  46  0  0  0  2  2.265461e-01  2.000000e-07
 45  51  1  0  0  2  3.692468e-01  2.000000e-07
 45  74  0  0  0  2  3.139938e-01  2.000000e-07
 45  53  0  0  0  2  2.925139e-01  2.000000e-07
 40  75  0  0  0  2  3.049639e-01  2.000000e-07
 46  51  1  0  0  2  2.669813e-01  2.000000e-07
 46  74  0  0  0  2  1.871449e-01  2.000000e-07
 51  86  0  0  0  2  3.580204e-01  2.000000e-07
 53  58  0  1  0  2  5.672800e-01  2.000000e-07
 1  69  0  0  0  1  1.389286e-01  3.000000e-07
 1  83  0  0  0  1  1.023997e-01  3.000000e-07
 1  73  0  0  0  1  1.722001e-01  3.000000e-07
 1  79  0  0  0  1  1.138600e-01  3.000000e-07
 30  82  0  0  0  1  7.750245e-02  3.000000e-07
 30  83  0  0  0  1  2.444992e-01  3.000000e-07
 30  44  0 -1  0  1  2.477997e-01  3.000000e-07
 30  70  0 -1  0  1  3.090284e-01  3.000000e-07
 30  79  0  0  0  1  1.731169e-01  3.000000e-07
 30  46  0  0  0  1  2.668897e-01  3.000000e-07
 25  54  0  0  0  1  8.479655e-02  3.000000e-07
 25  41  0  0  0  1  1.532245e-01  3.000000e-07
 25  26  0  0  0  1  1.177963e-01  3.000000e-07
 25  48  0  0  0  1  8.693185e-02  3.000000e-07
 25  49  0  0  0  1  1.225641e-01  3.000000e-07
 25  51  0  0  0  1  1.109831e-01  3.000000e-07
 82  44  0 -1  0  1  2.421735e-01  3.000000e-07
 82  39  0 -1  0  1  2.644239e-01  3.000000e-07
 82  58  1  0  0  1  2.454772e-01  3.000000e-07
 82  46  0  0  0  1  2.606254e-01  3.000000e-07
 2  69  0  0  0  1  1.164664e-01  3.000000e-07
 2  72  0  0  0  1  1.548556e-01  3.000000e-07
 2  73  0  0  0  1  1.767118e-01  3.000000e-07
 2  86  0  0  0  1  1.358742e-01  3.000000e-07
 68  69  0  1  0  1  2.938936e-01  3.000000e-07
 68  83  0  1  0  1  2.023075e-01  3.000000e-07
 68  40  0  0  0  1  9.660517e-02  3.000000e-07
 68  53  0  0  0  1  1.153201e-01  3.000000e-07
 27  84  0  0  0  1  1.820296e-01  3.000000e-07
 27  71  0  0  0  1  1.194788e-01  3.000000e-07
 27  58  0  0  0  1  1.219386e-01  3.000000e-07
 27  86  0  0  0  1  1.721739e-01  3.000000e-07
 31  41  0  0  0  1  1.647916e-01  3.000000e-07
 31  67  0  0  0  1  5.263822e-02  3.000000e-07
 31  39 -1  0  0  1  2.099817e-01  3.000000e-07
 31  58  0  1  0  1  3.685224e-01  3.000000e-07
 69  83  0  0  0  1  1.562967e-01  3.000000e-07
 69  71  0  0  0  1  2.308238e-01  3.000000e-07
 69  56  0 -1  0  1  2.682787e-01  3.000000e-07
 69  86  0  0  0  1  1.678053e-01  3.000000e-07
 54  43  0  0  0  1  7.684232e-02  3.000000e-07
 54  49  0  0  0  1  6.305320e-02  3.000000e-07
 36  55  0  0  0  1  2.276082e-01  3.000000e-07
 36  49  0  0  0  1  2.206886e-01  3.000000e-07
 36  50  0  0  0  1  1.473839e-01  3.000000e-07
 36  33  0  0  0  1  1.528514e-01  3.000000e-07
 36  75  0  0  0  1  1.357464e-01  3.000000e-07
 36  53  0  0  0  1  7.712753e-02  3.000000e-07
 83  70  0 -1  0  1  1.979839e-01  3.000000e-07
 83  79  0  0  0  1  1.583451e-01  3.000000e-07
 55  41  0  0  0  1  2.129992e-01  3.000000e-07
 55  49  0  0  0  1  1.738301e-01  3.000000e-07
 55  67  0  0  0  1  1.558463e-01  3.000000e-07
 55  56  0  0  0  1  1.247057e-01  3.000000e-07
 55  53  0  0  0  1  2.418873e-01  3.000000e-07
 84  43  0  0  0  1  1.173635e-01  3.000000e-07
 84  26  0  0  0  1  6.582202e-02  3.000000e-07
 84  48  0  0  0  1  1.026810e-01  3.000000e-07
 84  72  0  0  0  1  1.760901e-01  3.000000e-07
 84  86  0  0  0  1  1.883353e-01  3.000000e-07
 47  82 -1  0  0  1  1.564791e-01  3.000000e-07
 47  28  0  0  0  1  1.947887e-01  3.000000e-07
 47  42 -1  0  0  1  2.345106e-01  3.000000e-07
 47  58  0  0  0  1  1.153417e-01  3.000000e-07
 41  38 -1  0  0  1  3.389842e-01  3.000000e-07
 41  67  0  0  0  1  1.912982e-01  3.000000e-07
 41  57  0  0  0  1  7.255167e-02  3.000000e-07
 41  39 -1  0  0  1  2.954556e-01  3.000000e-07
 44  70  0  0  0  1  2.338053e-01  3.000000e-07
 44  34  0  0  0  1  1.739569e-01  3.000000e-07
 44  40  0  0  0  1  2.258221e-01  3.000000e-07
 28  26  0  0  0  1  1.320505e-01  3.000000e-07
 28  58  0  0  0  1  1.473883e-01  3.000000e-07
 28  51  0  0  0  1  1.887264e-01  3.000000e-07
 70  40  0  0  0  1  8.766087e-02  3.000000e-07
 85  72  0  0  0  1  1.610360e-01  3.000000e-07
 85  73  0  0  0  1  7.101253e-02  3.000000e-07
 85  50  0  0  0  1  1.952154e-01  3.000000e-07
 85  33  0  0  0  1  2.049820e-01  3.000000e-07
 85  74  0  0  0  1  1.278365e-01  3.000000e-07
 43  48  0  0  0  1  7.664787e-02  3.000000e-07
 43  72  0  0  0  1  2.191211e-01  3.000000e-07
 43  49  0  0  0  1  7.101205e-02  3.000000e-07
 43  75  0  0  0  1  1.061610e-01  3.000000e-07
 35  89  0  0  0  1  1.847469e-01  3.000000e-07
 35  33  0  0  0  1  1.083769e-01  3.000000e-07
 26  48  0  0  0  1  9.469875e-02  3.000000e-07
 26  51  0  0  0  1  1.548960e-01  3.000000e-07
 71  67  0 -1  0  1  3.358148e-01  3.000000e-07
 71  56  0 -1  0  1  2.944761e-01  3.000000e-07
 71  58  0  0  0  1  8.214064e-02  3.000000e-07
 71  86  0  0  0  1  1.712481e-01  3.000000e-07
 32  34  0  0  0  1  1.228597e-01  3.000000e-07
 32  37  0  0  0  1  1.044783e-01  3.000000e-07
 32  33  0  0  0  1  1.337617e-01  3.000000e-07
 34  38  0  0  0  1  1.401306e-01  3.000000e-07
 34  37  0  0  0  1  9.878407e-02  3.000000e-07
 34  39  0  0  0  1  1.673047e-01  3.000000e-07
 34  40  0  0  0  1  1.219574e-01  3.000000e-07
 38  57  1  0  0  1  3.298881e-01  3.000000e-07
 38  42  0  0  0  1  2.293115e-01  3.000000e-07
 72  73  0  0  0  1  1.358182e-01  3.000000e-07
 72  50  0  0  0  1  2.372858e-01  3.000000e-07
 72  86  0  0  0  1  1.438809e-01  3.000000e-07
 72  75  0  0  0  1  2.385644e-01  3.000000e-07
 49  75  0  0  0  1  1.411948e-01  3.000000e-07
 67  56  0  0  0  1  1.120167e-01  3.000000e-07
 67  58  0  1  0  1  3.494646e-01  3.000000e-07
 56  53  0  0  0  1  2.861473e-01  3.000000e-07
 73  79  0  0  0  1  1.265993e-01  3.000000e-07
 73  74  0  0  0  1  1.066439e-01  3.000000e-07
 57  42 -1  0  0  1  2.540237e-01  3.000000e-07
 57  51  0  0  0  1  9.095449e-02  3.000000e-07
 89  33  0  0  0  1  2.186561e-01  3.000000e-07
 89  42  0  0  0  1  1.445404e-01  3.000000e-07
 89  45  0  0  0  1  1.726124e-01  3.000000e-07
 89  46  0  0  0  1  1.123587e-01  3.000000e-07
 89  74  0  0  0  1  1.444363e-01  3.000000e-07
 50  33  0  0  0  1  6.380492e-02  3.000000e-07
 37  33  0  0  0  1  1.737818e-01  3.000000e-07
 37  40  0  0  0  1  5.438291e-02  3.000000e-07
 37  53  0  0  0  1  1.738737e-01  3.000000e-07
 42  45  0  0  0  1  2.255686e-01  3.000000e-07
 42  51  1  0  0  1  2.250723e-01  3.000000e-07
 79  74  0  0  0  1  1.041231e-01  3.000000e-07
 58  39 -1 -1  0  1  3.880668e-01  3.000000e-07
 40  53  0  0  0  1  1.546038e-01  3.000000e-07
 46  47  1  0  0  1  2.369893e-01  3.000000e-07
 46  74  0  0  0  1  1.871449e-01  3.000000e-07
 1.356505e-01 -3.596915e-01  2.743873e-01
 7.607148e-02 -3.471876e-01  0
 1.712975e-02 -3.171557e-01  0
-2.456772e-01  3.374024e-02 -1.199803e-01
-9.804814e-03  3.093623e-01 -1.857256e-01
-1.267136e-01 -2.763663e-01 -2.715808e-01
 1.547856e-02 -1.773711e-01 -1.673109e-01
-1.788865e-02  1.483993e-01 -4.351974e-01
 3.944939e-01  3.411023e-01 -3.935188e-01
 2.432570e-01 -3.071769e-01 -1.717488e-01
-2.269315e-01 -2.958618e-01 -2.120140e-01
-2.507636e-01  1.521736e-01 -3.222830e-01
-2.114371e-01 -3.049041e-01 -1.473332e-01
-2.246028e-01 -9.286494e-03 -1.302165e-01
-7.349342e-02  1.549222e-02 -1.174177e-01
-2.892917e-01  4.018665e-01 -1.839706e-01
-4.165475e-01  1.024719e-01  4.246107e-01
-3.277154e-01  1.026753e-01  3.181293e-01
-1.048124e-01  3.673632e-01  1.867188e-01
 1.139583e-01 -1.488008e-01  1.560863e-01
 2.600386e-01  1.795595e-01  2.258698e-01
-9.725089e-02  5.128549e-03  1.683790e-01
-7.290356e-02  1.432834e-01  3.270011e-01
 4.832349e-02  1.080805e-01  3.605657e-01
 3.612904e-01 -1.766650e-01  1.089595e-01
-2.644331e-01  4.291901e-02  0
-2.176287e-01 -6.517960e-02  0
-2.721903e-01 -2.147572e-01  0
-2.820489e-01 -1.804505e-01  0
 3.602647e-01 -3.052165e-01  1.288806e-01
 3.414529e-01 -3.683028e-01  0
-3.672580e-01  3.167166e-01  0
 2.592047e-01  1.377242e-01  0
 1.355293e-01  8.676748e-02  0
 3.228251e-01  2.428287e-01  0
 2.426061e-01  1.035034e-01  0
 3.670246e-02  2.033729e-01  0
 2.242646e-01  2.361869e-01  0
 2.920908e-01  1.061100e-01  0
 4.299821e-01  3.713131e-01  0
 2.097854e-01  2.886069e-01  0
-3.720448e-01  1.519945e-01  0
 4.244074e-01 -8.117607e-02  0
-1.038420e-01  2.936419e-02  0
 4.097679e-01  3.935004e-01  0
 2.837089e-01  9.513370e-02  0
 3.886808e-01 -1.056249e-01  0
-4.499555e-01 -2.791926e-01  0
-1.801128e-01  2.177104e-02  0
-1.490145e-01  8.415611e-02  0
 7.690684e-02  6.157862e-02  0
-3.622070e-01 -9.592939e-03  0
-3.535410e-01  2.201499e-01  1.100096e-01
 5.553456e-02  2.781660e-01  0
-1.806838e-01  2.963309e-02  0
-1.851612e-01  2.541865e-01  0
-2.135031e-01  3.756288e-01  0
-3.790732e-01  7.978407e-02  0
-3.405538e-01 -3.157299e-01  0
-3.002138e-01  9.980195e-02  3.110345e-01
-1.657641e-01  4.162360e-01  2.963429e-01
 3.973452e-01  1.573244e-01  2.626388e-01
-2.504803e-01 -3.470128e-01 -4.262321e-01
 2.369485e-01  1.686489e-01 -4.453419e-01
 3.603745e-01 -4.239691e-02 -3.303725e-01
-3.130701e-01 -1.456753e-01 -1.003480e-01
 4.020699e-01  2.076597e-01 -1.641123e-01
-3.180959e-01  3.355280e-01  0
 1.405992e-01  3.560296e-01  0
-4.470145e-02 -4.158539e-01  0
 1.771500e-01  3.699663e-01  0
-2.603922e-01 -3.336521e-01  0
 7.835550e-04 -1.631652e-01  0
 1.347850e-01 -1.853061e-01  0
 2.371001e-01 -2.153815e-01  0
-8.101948e-03  7.523371e-02  0
 1.475085e-01 -7.620599e-02  3.546952e-01
 3.290800e-01 -3.310004e-01  2.808527e-01
 2.400906e-01  4.490991e-01 -3.855975e-01
 1.810672e-01 -3.031422e-01  0
 1.366271e-01 -3.821827e-01 -3.697246e-01
 1.407469e-02 -2.004365e-01 -1.621772e-01
 4.188619e-01 -3.644969e-01  0
 1.090137e-01 -4.441438e-01  0
-1.529218e-01 -7.724432e-02  0
 1.551423e-01 -1.172741e-01  0
-1.059674e-01 -2.596326e-01  0
 2.540818e-01  2.187783e-01  2.413507e-01
 2.794935e-01 -8.000116e-02  2.825062e-01
 2.799154e-01 -7.743703e-02  0