 720  90  1.200000e-05  1 -2 -2
 28  35 -1  0  0  3  5.104431e-01  1.000000e-07
 28  43  0  0  0  3  4.669740e-01  1.000000e-07
 28  44  0  0  0  3  3.058601e-01  1.000000e-07
 28  33 -1  1  0  3  3.796723e-01  1.000000e-07
 28  40  0  0  1  3  2.134512e-01  1.000000e-07
 28  45  0  0  1  3  2.871701e-01  1.000000e-07
 28  87  0  1  1  3  5.041324e-01  1.000000e-07
 28  72  0  0  1  3  4.639540e-01  1.000000e-07
 28  41  0  0  1  3  4.934810e-01  1.000000e-07
 37  46  0  0  0  3  3.170500e-01  1.000000e-07
 37  35  0  0  0  3  1.433326e-01  1.000000e-07
 37  31  0  0  0  3  2.149654e-01  1.000000e-07
 37  29  0  0  0  3  3.396394e-01  1.000000e-07
 37  19  0  0  1  3  4.285395e-01  1.000000e-07
 37  14  1  0  1  3  5.049400e-01  1.000000e-07
 37  16  0  0  1  3  3.991705e-01  1.000000e-07
 37  72  1  0  1  3  4.266723e-01  1.000000e-07
 37  63  0  0  1  3  4.437745e-01  1.000000e-07
 46  34  1  0  0  3  5.550415e-01  1.000000e-07
 46  31  0  0  0  3  1.621299e-01  1.000000e-07
 46  29  0  0  0  3  1.350192e-01  1.000000e-07
 46  32  0  0  0  3  1.998168e-01  1.000000e-07
 46  14  1  0  1  3  5.157056e-01  1.000000e-07
 27  34  0 -1  0  3  3.731333e-01  1.000000e-07
 27  43  0  0  0  3  3.843786e-01  1.000000e-07
 27  36  0  0  0  3  2.582743e-01  1.000000e-07
 27  33 -1  0  0  3  4.320616e-01  1.000000e-07
 27  41  0  0  1  3  4.722112e-01  1.000000e-07
 34  31 -1  0  0  3  5.464463e-01  1.000000e-07
 34  48  0  0  0  3  1.299059e-01  1.000000e-07
 34  33 -1  1  0  3  5.798095e-01  1.000000e-07
 35  43  0  0  0  3  4.013168e-01  1.000000e-07
 35  31  0  0  0  3  1.267009e-01  1.000000e-07
 35  30  1  0  0  3  5.664268e-01  1.000000e-07
 35  33  0  0  0  3  3.810222e-01  1.000000e-07
 35  26  0  0  0  3  1.525178e-01  1.000000e-07
 35  72  1  0  1  3  5.012788e-01  1.000000e-07
 35  41  1  0  1  3  4.972656e-01  1.000000e-07
 38  42  0  0  0  3  2.583671e-01  1.000000e-07
 38  31  0  0  0  3  3.168527e-01  1.000000e-07
 38  29  0  0  0  3  1.174257e-01  1.000000e-07
 38  44  0  0  0  3  3.377492e-01  1.000000e-07
 38  32  0  0  0  3  1.675521e-01  1.000000e-07
 38  33  0  1  0  3  4.375576e-01  1.000000e-07
 38  19  0  0  1  3  4.024495e-01  1.000000e-07
 38  23  0  1  1  3  4.015248e-01  1.000000e-07
 38  18  0  1  1  3  3.943928e-01  1.000000e-07
 43  31  0  0  0  3  3.857592e-01  1.000000e-07
 43  30  0  0  0  3  2.942557e-01  1.000000e-07
 43  20  0  0  1  3  3.428883e-01  1.000000e-07
 43  41  0  0  1  3  4.429871e-01  1.000000e-07
 42  31  0  0  0  3  3.652572e-01  1.000000e-07
 42  29  0  0  0  3  2.416413e-01  1.000000e-07
 42  30  0  0  0  3  1.819753e-01  1.000000e-07
 42  32  0  0  0  3  2.356406e-01  1.000000e-07
 42  22  0  0  1  3  3.305196e-01  1.000000e-07
 42  40  0  0  1  3  3.062546e-01  1.000000e-07
 42  20  0  0  1  3  3.204098e-01  1.000000e-07
 39  44  0 -1  0  3  5.068863e-01  1.000000e-07
 39  32  0 -1  0  3  5.177822e-01  1.000000e-07
 39  33  0  0  0  3  2.428752e-01  1.000000e-07
 39  26  0  0  0  3  2.656292e-01  1.000000e-07
 39  23  0  0  1  3  2.699666e-01  1.000000e-07
 39  21  0  0  1  3  3.578120e-01  1.000000e-07
 39  16  0  0  1  3  2.893880e-01  1.000000e-07
 39  18  0  0  1  3  3.775565e-01  1.000000e-07
 39  41  1  0  1  3  4.961608e-01  1.000000e-07
 31  29  0  0  0  3  2.538388e-01  1.000000e-07
 31  30  1  0  0  3  5.475454e-01  1.000000e-07
 31  48  0  0  0  3  4.356807e-01  1.000000e-07
 36  30  0  0  0  3  4.333295e-01  1.000000e-07
 36  48  0  0  0  3  3.546598e-01  1.000000e-07
 36  33 -1  0  0  3  3.935424e-01  1.000000e-07
 36  26 -1  0  0  3  3.974087e-01  1.000000e-07
 36  40  0  0  1  3  5.363113e-01  1.000000e-07
 36  41  0  0  1  3  3.891692e-01  1.000000e-07
 29  32  0  0  0  3  8.974545e-02  1.000000e-07
 29  48  0  0  0  3  3.151217e-01  1.000000e-07
 29  33  0  1  0  3  4.450229e-01  1.000000e-07
 30  44  0  0  0  3  2.178248e-01  1.000000e-07
 30  32  0  0  0  3  2.722547e-01  1.000000e-07
 30  48  0  0  0  3  1.359990e-01  1.000000e-07
 30  40  0  0  1  3  3.002820e-01  1.000000e-07
 44  32  0  0  0  3  2.521180e-01  1.000000e-07
 44  22  0  0  1  3  4.131881e-01  1.000000e-07
 44  18  0  1  1  3  3.929920e-01  1.000000e-07
 32  48  0  0  0  3  2.787404e-01  1.000000e-07
 33  87  1  0  1  3  4.934111e-01  1.000000e-07
 19  22  0  0  0  3  3.140087e-01  1.000000e-07
 19  24  0  0  0  3  2.214731e-01  1.000000e-07
 19  79  0  0  0  3  2.504953e-01  1.000000e-07
 19  21  0  0  0  3  3.284972e-01  1.000000e-07
 19  47  0  0  0  3  2.977303e-01  1.000000e-07
 19  72  1  0  0  3  3.653288e-01  1.000000e-07
 19  63  0  0  0  3  3.232668e-01  1.000000e-07
 22  24  0  0  0  3  2.521496e-01  1.000000e-07
 22  20  0  0  0  3  1.822986e-01  1.000000e-07
 22  21  0  0  0  3  2.336759e-01  1.000000e-07
 22  17  0  0  0  3  3.268586e-01  1.000000e-07
 22  18  0  1  0  3  3.516903e-01  1.000000e-07
 22  47  0  0  0  3  2.529122e-01  1.000000e-07
 40  45  0  0  0  3  2.961146e-01  1.000000e-07
 40  14  0  0  0  3  3.126139e-01  1.000000e-07
 40  17  0  0  0  3  3.607640e-01  1.000000e-07
 40  72  0  0  0  3  4.346509e-01  1.000000e-07
 40  41  0  0  0  3  4.181328e-01  1.000000e-07
 15  23 -1  0  0  3  4.357759e-01  1.000000e-07
 15  45  0 -1  0  3  3.669390e-01  1.000000e-07
 15  25 -1  0  0  3  4.533577e-01  1.000000e-07
 15  87  0  0  0  3  1.263261e-01  1.000000e-07
 15  16 -1  0  0  3  4.016561e-01  1.000000e-07
 15  72  0  0  0  3  2.660997e-01  1.000000e-07
 15  63 -1  0  0  3  4.404017e-01  1.000000e-07
 24  23  0  1  0  3  3.059157e-01  1.000000e-07
 24  25  0  1  0  3  3.228026e-01  1.000000e-07
 24  79  0  0  0  3  2.038182e-01  1.000000e-07
 24  14  1  0  0  3  4.277708e-01  1.000000e-07
 24  17  0  0  0  3  2.877935e-01  1.000000e-07
 24  16  0  1  0  3  3.235470e-01  1.000000e-07
 24  18  0  1  0  3  2.571630e-01  1.000000e-07
 23  45  1 -1  0  3  4.152653e-01  1.000000e-07
 23  79  0 -1  0  3  3.338682e-01  1.000000e-07
 23  14  1 -1  0  3  3.720373e-01  1.000000e-07
 23  16  0  0  0  3  1.017118e-01  1.000000e-07
 23  18  0  0  0  3  2.793280e-01  1.000000e-07
 45  14  0  0  0  3  1.323818e-01  1.000000e-07
 45  17  0  0  0  3  2.972963e-01  1.000000e-07
 45  16 -1  1  0  3  4.483384e-01  1.000000e-07
 45  89  0  0  0  3  3.903426e-01  1.000000e-07
 25  21  0  0  0  3  4.104722e-01  1.000000e-07
 25  16  0  0  0  3  1.536142e-01  1.000000e-07
 25  18  0  0  0  3  2.744937e-01  1.000000e-07
 25  63  0  0  0  3  1.929844e-01  1.000000e-07
 79  14  1  0  0  3  3.605778e-01  1.000000e-07
 79  16  0  1  0  3  3.195312e-01  1.000000e-07
 79  72  1  0  0  3  5.165814e-01  1.000000e-07
 87  20  0  0  0  3  3.747170e-01  1.000000e-07
 87  89  0  0  0  3  3.332251e-01  1.000000e-07
 87  63  0  0  0  3  5.124664e-01  1.000000e-07
 87  41  0  0  0  3  1.717938e-01  1.000000e-07
 20  21  0  0  0  3  1.518784e-01  1.000000e-07
 20  89  0  0  0  3  2.733637e-01  1.000000e-07
 20  47  0  0  0  3  3.109945e-01  1.000000e-07
 20  72  0  0  0  3  3.999556e-01  1.000000e-07
 20  41  0  0  0  3  2.992785e-01  1.000000e-07
 14  89  0  0  0  3  4.015934e-01  1.000000e-07
 14  72  0  0  0  3  3.431351e-01  1.000000e-07
 21  42  0  0 -1  3  3.268363e-01  1.000000e-07
 21  47  0  0  0  3  3.714059e-01  1.000000e-07
 21  63  0  0  0  3  3.513489e-01  1.000000e-07
 21  41  0  0  0  3  3.921311e-01  1.000000e-07
 17  18  0  1  0  3  3.594423e-01  1.000000e-07
 17  89  0  0  0  3  3.552975e-01  1.000000e-07
 17  47  0  0  0  3  1.545078e-01  1.000000e-07
 16  41  1  0  0  3  4.559329e-01  1.000000e-07
 18  41  0  0  0  3  4.365041e-01  1.000000e-07
 47  63  0  0  0  3  4.638042e-01  1.000000e-07
 44  85  0  0  0  3  2.798416e-01  1.000000e-07
 58  17  0  0  0  3  1.192510e-01  1.000000e-07
 36  86  0  0  0  3  2.412825e-01  1.000000e-07
 69  87  0  0  0  3  2.949827e-01  1.000000e-07
 27  88  0  0  0  3  2.817165e-01  1.000000e-07
 78  15  0  0  0  3  2.495527e-01  1.000000e-07
 34  53  0  0  0  3  1.683033e-01  1.000000e-07
 58  47  0  0  0  3  1.569766e-01  1.000000e-07
 48  53  0  0  0  3  2.032704e-01  1.000000e-07
 12  47  0  0  0  3  1.524851e-01  1.000000e-07
 34  82  0  0  0  3  1.729572e-01  1.000000e-07
 66  45  0  0  0  3  3.184616e-01  1.000000e-07
 43  81  0  0  0  3  2.961263e-01  1.000000e-07
 12  89  0  0  0  3  1.748999e-01  1.000000e-07
 46  53  0  0  0  3  2.991089e-01  1.000000e-07
 13  47  0  0  0  3  1.872822e-01  1.000000e-07
 26  76  0  0  0  3  2.208300e-01  1.000000e-07
 75  15  1  0  0  3  3.065800e-01  1.000000e-07
 48  12  0  0  0  3  2.057179e-01  1.000000e-07
 81  89  0  0  0  3  1.750012e-01  1.000000e-07
 46  83  0  0  0  3  2.589555e-01  1.000000e-07
 55  79  0  0  0  3  1.441669e-01  1.000000e-07
 27  84  0  0  0  3  3.288644e-01  1.000000e-07
 56  25  0  0  0  3  2.725187e-01  1.000000e-07
 32  57  0  1  0  3  3.261155e-01  1.000000e-07
 70  25  0  0  0  3  2.786227e-01  1.000000e-07
 27  88  0  0  0  3  2.628839e-01  1.000000e-07
 9  87  0  0  0  3  2.988513e-01  1.000000e-07
 43  51  0  0  0  3  3.421550e-01  1.000000e-07
 49  63  0  0  0  3  1.920418e-01  1.000000e-07
 36  81  0  0  0  3  2.698498e-01  1.000000e-07
 69  89  0  0  0  3  1.849627e-01  1.000000e-07
 34  77  0  0  0  3  3.434140e-01  1.000000e-07
 6  79 -1  0  0  3  2.847958e-01  1.000000e-07
 26  54  1  0  0  3  2.889558e-01  1.000000e-07
 67  89  0  0  0  3  2.886357e-01  1.000000e-07
 26  59  0  0  0  3  1.673097e-01  1.000000e-07
 71  63  0  0  0  3  1.588181e-01  1.000000e-07
 26  59  0  0  0  3  1.877565e-01  1.000000e-07
 71  25  0  0  0  3  2.438428e-01  1.000000e-07
 26  80  0  0  0  3  3.048859e-01  1.000000e-07
 4  79  0 -1  0  3  2.387886e-01  1.000000e-07
 26  75  0  0  0  3  1.885369e-01  1.000000e-07
 76  72  1  0  0  3  2.981075e-01  1.000000e-07
 27  61  0  0  0  3  3.940392e-01  1.000000e-07
 2  63  0  0  0  3  2.386617e-01  1.000000e-07
 48  51  0  0  0  3  3.121027e-01  1.000000e-07
 52  63  0  0  0  3  2.523055e-01  1.000000e-07
 44  83  0  0  0  3  3.874607e-01  1.000000e-07
 55  79  0  0  0  3  1.793616e-01  1.000000e-07
 34  85  0  0  0  3  1.734857e-01  1.000000e-07
 82  17  0  0  0  3  1.324425e-01  1.000000e-07
 46  50  0  0  0  3  2.843556e-01  1.000000e-07
 5  72  1  0  0  3  3.195970e-01  1.000000e-07
 49  75  0  0  0  2  1.841014e-01  2.000000e-07
 49  81  0  0  0  2  3.019911e-01  2.000000e-07
 49  76  0  0  0  2  2.033563e-01  2.000000e-07
 49  70  0  0  0  2  2.430540e-01  2.000000e-07
 49  3  0  0  0  2  1.759325e-01  2.000000e-07
 49  9  0  0  0  2  3.865759e-01  2.000000e-07
 49  59  0  0  0  2  7.243136e-02  2.000000e-07
 49  71  0  0  0  2  1.506000e-01  2.000000e-07
 49  51  0  0  0  2  1.005916e-01  2.000000e-07
 49  52  0  0  0  2  2.315496e-01  2.000000e-07
 49  84  0  0  0  2  3.183066e-01  2.000000e-07
 49  60  0  0  0  2  1.193640e-01  2.000000e-07
 49  55  0  0  0  2  3.896754e-01  2.000000e-07
 49  12  0  0  0  2  2.979037e-01  2.000000e-07
 49  86  0  0  0  2  3.803815e-01  2.000000e-07
 49  13  0  0  0  2  3.727957e-01  2.000000e-07
 49  62  0  0  0  2  2.369753e-01  2.000000e-07
 73  80 -1  0  0  2  1.474433e-01  2.000000e-07
 73  82  0 -1  0  2  3.144553e-01  2.000000e-07
 73  76 -1  0  0  2  3.199527e-01  2.000000e-07
 73  70 -1  0  0  2  3.614850e-01  2.000000e-07
 73  7  0 -1  0  2  3.970072e-01  2.000000e-07
 73  3 -1  0  0  2  3.253913e-01  2.000000e-07
 73  8  0 -1  0  2  1.949572e-01  2.000000e-07
 73  83 -1 -1  0  2  3.354716e-01  2.000000e-07
 73  50 -1 -1  0  2  5.164778e-01  2.000000e-07
 73  50 -1  0  0  2  5.388178e-01  2.000000e-07
 73  67  0 -1  0  2  3.971148e-01  2.000000e-07
 73  67  0  0  0  2  6.043521e-01  2.000000e-07
 73  10  0  0  0  2  4.212996e-01  2.000000e-07
 73  11  0 -1  0  2  2.435079e-01  2.000000e-07
 73  69  0  0  0  2  3.800524e-01  2.000000e-07
 73  60 -1  0  0  2  4.570553e-01  2.000000e-07
 73  78  0  0  0  2  1.501130e-01  2.000000e-07
 73  88  0  0  0  2  2.645442e-01  2.000000e-07
 73  86  0  0  0  2  3.452495e-01  2.000000e-07
 73  74  0  0  0  2  8.993114e-02  2.000000e-07
 73  4 -1  0  0  2  2.021248e-01  2.000000e-07
 80  57  0  0  0  2  2.635059e-01  2.000000e-07
 80  70  0  0  0  2  2.160351e-01  2.000000e-07
 80  83  0 -1  0  2  2.146316e-01  2.000000e-07
 80  50  0 -1  0  2  4.928722e-01  2.000000e-07
 80  59  0  0  0  2  3.000563e-01  2.000000e-07
 80  71  0  0  0  2  2.519092e-01  2.000000e-07
 80  67  1 -1  0  2  4.365609e-01  2.000000e-07
 80  66  1 -1  0  2  4.166034e-01  2.000000e-07
 80  53  0 -1  0  2  5.253940e-01  2.000000e-07
 80  77  1 -1  0  2  2.843582e-01  2.000000e-07
 80  5  0 -1  0  2  4.893048e-01  2.000000e-07
 80  78  1  0  0  2  2.783324e-01  2.000000e-07
 80  74  1  0  0  2  2.172037e-01  2.000000e-07
 80  4  0  0  0  2  1.070134e-01  2.000000e-07
 80  62  0  0  0  2  2.214023e-01  2.000000e-07
 1  58  0  0  0  2  3.627903e-01  2.000000e-07
 1  2  0  0  0  2  2.295665e-01  2.000000e-07
 1  50  0  0  0  2  4.197948e-01  2.000000e-07
 1  0  0  0  0  2  2.033647e-02  2.000000e-07
 1  66  0  0  0  2  3.924560e-01  2.000000e-07
 1  68  0  0  0  2  4.821754e-01  2.000000e-07
 1  52  0  0  0  2  5.066443e-02  2.000000e-07
 1  53  0  0  0  2  2.234476e-01  2.000000e-07
 1  60  0  0  0  2  3.259280e-01  2.000000e-07
 1  55  0  0  0  2  3.570009e-01  2.000000e-07
 1  65  0  0  0  2  3.551283e-01  2.000000e-07
 75  76  0  0  0  2  3.464164e-02  2.000000e-07
 75  7  1  0  0  2  3.510292e-01  2.000000e-07
 75  71  0  0  0  2  7.671248e-02  2.000000e-07
 75  51  0  0  0  2  2.570725e-01  2.000000e-07
 75  54  1  0  0  2  2.941486e-01  2.000000e-07
 75  5  0  0  0  2  2.086519e-01  2.000000e-07
 75  55  0  0  0  2  4.118084e-01  2.000000e-07
 75  78  1  0  0  2  3.544398e-01  2.000000e-07
 75  74  1  0  0  2  3.345781e-01  2.000000e-07
 57  58  0 -1  0  2  2.641250e-01  2.000000e-07
 57  61  0  0  0  2  2.116603e-01  2.000000e-07
 57  70  0  0  0  2  6.565386e-02  2.000000e-07
 57  3  0  0  0  2  1.586538e-01  2.000000e-07
 57  83  0 -1  0  2  1.934344e-01  2.000000e-07
 57  2  0  0  0  2  2.249552e-01  2.000000e-07
 57  50  0 -1  0  2  5.609016e-01  2.000000e-07
 57  59  0  0  0  2  2.872215e-01  2.000000e-07
 57  66  0 -1  0  2  5.445801e-01  2.000000e-07
 57  68  0 -1  0  2  4.519464e-01  2.000000e-07
 57  52  0  0  0  2  3.930126e-01  2.000000e-07
 57  84  0  0  0  2  1.189488e-01  2.000000e-07
 57  10  0  0  0  2  1.728750e-01  2.000000e-07
 57  53  0 -1  0  2  3.911411e-01  2.000000e-07
 57  77  1 -1  0  2  4.892744e-01  2.000000e-07
 57  5  0 -1  0  2  5.835879e-01  2.000000e-07
 57  69  0  0  0  2  3.481725e-01  2.000000e-07
 57  55  0 -1  0  2  3.378132e-01  2.000000e-07
 57  85  0 -1  0  2  2.808161e-01  2.000000e-07
 57  4  0  0  0  2  2.567799e-01  2.000000e-07
 57  56  0  0  0  2  1.763528e-01  2.000000e-07
 57  62  0  0  0  2  6.652530e-02  2.000000e-07
 58  81  0  0  0  2  4.066498e-01  2.000000e-07
 58  83  0  0  0  2  2.477785e-01  2.000000e-07
 58  66  0  0  0  2  3.259589e-01  2.000000e-07
 58  68  0  0  0  2  2.902181e-01  2.000000e-07
 58  52  0  0  0  2  4.097881e-01  2.000000e-07
 58  53  0  0  0  2  1.429239e-01  2.000000e-07
 58  5  0  0  0  2  5.082951e-01  2.000000e-07
 58  55  0  0  0  2  2.287270e-01  2.000000e-07
 58  85  0  0  0  2  9.565976e-02  2.000000e-07
 58  12  0  0  0  2  3.560308e-01  2.000000e-07
 58  65  0  0  0  2  3.646505e-01  2.000000e-07
 58  13  0  0  0  2  1.914256e-01  2.000000e-07
 58  62  0  1  0  2  3.279394e-01  2.000000e-07
 81  76 -1  0  0  2  5.211694e-01  2.000000e-07
 81  7  0  0  0  2  3.939382e-01  2.000000e-07
 81  9  0  0  0  2  2.553172e-01  2.000000e-07
 81  64  0  0  0  2  3.096360e-01  2.000000e-07
 81  51  0  0  0  2  2.213973e-01  2.000000e-07
 81  52  0  0  0  2  7.120141e-02  2.000000e-07
 81  54  0  0  0  2  3.714510e-01  2.000000e-07
 81  78  0  0  0  2  3.878461e-01  2.000000e-07
 81  12  0  0  0  2  5.248140e-02  2.000000e-07
 81  86  0  0  0  2  2.161112e-01  2.000000e-07
 81  65  0  0  0  2  3.357635e-01  2.000000e-07
 81  62  0  0  0  2  4.289479e-01  2.000000e-07
 82  7  0  0  0  2  1.852607e-01  2.000000e-07
 82  8  0  0  0  2  1.376909e-01  2.000000e-07
 82  50 -1  0  0  2  4.014353e-01  2.000000e-07
 82  64  0  0  0  2  1.105320e-01  2.000000e-07
 82  67  0  0  0  2  1.905312e-01  2.000000e-07
 82  66  0  0  0  2  3.594618e-02  2.000000e-07
 82  84  0  1  0  2  4.306796e-01  2.000000e-07
 82  10  0  1  0  2  4.016566e-01  2.000000e-07
 82  53  0  0  0  2  3.144025e-01  2.000000e-07
 82  11  0  0  0  2  7.196067e-02  2.000000e-07
 82  85  0  0  0  2  2.330003e-01  2.000000e-07
 76  70  0  0  0  2  3.126671e-01  2.000000e-07
 76  7  1  0  0  2  3.652412e-01  2.000000e-07
 76  3  0  0  0  2  2.185509e-01  2.000000e-07
 76  83  0 -1  0  2  4.570369e-01  2.000000e-07
 76  9  1  0  0  2  4.630588e-01  2.000000e-07
 76  50  0  0  0  2  2.276668e-01  2.000000e-07
 76  71  0  0  0  2  7.055477e-02  2.000000e-07
 76  51  0  0  0  2  2.836569e-01  2.000000e-07
 76  54  1  0  0  2  3.055291e-01  2.000000e-07
 76  60  0  0  0  2  1.458194e-01  2.000000e-07
 76  78  1  0  0  2  3.216537e-01  2.000000e-07
 76  88  1  0  0  2  4.522883e-01  2.000000e-07
 76  86  1  0  0  2  4.425312e-01  2.000000e-07
 76  65  1  0  0  2  4.414207e-01  2.000000e-07
 76  74  1  0  0  2  3.003214e-01  2.000000e-07
 76  4  0  0  0  2  1.785182e-01  2.000000e-07
 76  62  0  0  0  2  3.108082e-01  2.000000e-07
 61  3  0  0  0  2  1.707511e-01  2.000000e-07
 61  2  0  0  0  2  1.546750e-02  2.000000e-07
 61  59  0  0  0  2  1.651476e-01  2.000000e-07
 61  51  0  0  0  2  1.487764e-01  2.000000e-07
 61  69  0  0  0  2  2.536963e-01  2.000000e-07
 61  60  0  0  0  2  2.346721e-01  2.000000e-07
 61  4  0  0  0  2  2.931728e-01  2.000000e-07
 70  3  0  0  0  2  9.450046e-02  2.000000e-07
 70  83  0 -1  0  2  2.063309e-01  2.000000e-07
 70  50  0 -1  0  2  5.759365e-01  2.000000e-07
 70  71  0  0  0  2  2.458371e-01  2.000000e-07
 70  84  0  0  0  2  1.719624e-01  2.000000e-07
 70  13  0 -1  0  2  3.885478e-01  2.000000e-07
 70  4  0  0  0  2  1.940370e-01  2.000000e-07
 70  56  0  0  0  2  2.066938e-01  2.000000e-07
 70  62  0  0  0  2  7.396843e-03  2.000000e-07
 7  83 -1  0  0  2  4.206573e-01  2.000000e-07
 7  50 -1  0  0  2  2.219347e-01  2.000000e-07
 7  64  0  0  0  2  1.265820e-01  2.000000e-07
 7  51 -1  0  0  2  5.028744e-01  2.000000e-07
 7  67  0  0  0  2  6.703819e-03  2.000000e-07
 7  54  0  0  0  2  6.509535e-02  2.000000e-07
 7  77  0  0  0  2  1.644580e-01  2.000000e-07
 7  11  0  0  0  2  2.210453e-01  2.000000e-07
 7  55 -1  0  0  2  3.784722e-01  2.000000e-07
 7  86  0  0  0  2  4.854941e-01  2.000000e-07
 7  65  0  0  0  2  9.990493e-02  2.000000e-07
 7  6  0  0  0  2  1.199008e-01  2.000000e-07
 3  51  0  0  0  2  2.704324e-01  2.000000e-07
 3  60  0  0  0  2  2.507977e-01  2.000000e-07
 3  4  0  0  0  2  1.296719e-01  2.000000e-07
 3  56  0  0  0  2  2.549603e-01  2.000000e-07
 8  80 -1  1  0  2  3.216135e-01  2.000000e-07
 8  67  0  0  0  2  2.903708e-01  2.000000e-07
 8  66  0  0  0  2  1.634285e-01  2.000000e-07
 8  68  0  0  0  2  3.964837e-02  2.000000e-07
 8  10  0  1  0  2  3.262007e-01  2.000000e-07
 8  53  0  0  0  2  3.934053e-01  2.000000e-07
 8  11  0  0  0  2  7.026626e-02  2.000000e-07
 8  69  0  1  0  2  3.895686e-01  2.000000e-07
 8  78  0  1  0  2  2.288175e-01  2.000000e-07
 8  88  0  1  0  2  2.312457e-01  2.000000e-07
 8  74  0  1  0  2  2.142446e-01  2.000000e-07
 83  50  0  0  0  2  3.703919e-01  2.000000e-07
 83  71  0  1  0  2  4.046398e-01  2.000000e-07
 83  84  0  1  0  2  2.877451e-01  2.000000e-07
 83  53  0  0  0  2  3.107706e-01  2.000000e-07
 83  77  1  0  0  2  3.255944e-01  2.000000e-07
 83  11  1  0  0  2  4.447932e-01  2.000000e-07
 83  55  0  0  0  2  1.715415e-01  2.000000e-07
 83  85  0  0  0  2  3.218583e-01  2.000000e-07
 83  74  1  1  0  2  4.200998e-01  2.000000e-07
 83  13  0  0  0  2  2.076297e-01  2.000000e-07
 83  6  1  0  0  2  4.371825e-01  2.000000e-07
 83  62  0  1  0  2  2.134199e-01  2.000000e-07
 2  59  0  0  0  2  1.718338e-01  2.000000e-07
 2  51  0  0  0  2  1.390704e-01  2.000000e-07
 2  0  0  0  0  2  2.336462e-01  2.000000e-07
 2  52  0  0  0  2  1.819385e-01  2.000000e-07
 2  53  0  0  0  2  4.147558e-01  2.000000e-07
 2  69  0  0  0  2  2.444251e-01  2.000000e-07
 2  60  0  0  0  2  2.350927e-01  2.000000e-07
 2  56  0  0  0  2  1.579455e-01  2.000000e-07
 2  62  0  0  0  2  1.975855e-01  2.000000e-07
 9  52  0  0  0  2  2.706769e-01  2.000000e-07
 9  84  0  0  0  2  2.066248e-01  2.000000e-07
 9  10  0  0  0  2  1.581964e-01  2.000000e-07
 9  69  0  0  0  2  7.690523e-02  2.000000e-07
 9  78  0  0  0  2  1.886156e-01  2.000000e-07
 9  85  0 -1  0  2  3.203395e-01  2.000000e-07
 9  88  0  0  0  2  8.544610e-02  2.000000e-07
 9  86  0  0  0  2  4.535025e-02  2.000000e-07
 9  62  0  0  0  2  3.521175e-01  2.000000e-07
 50  64  1  0  0  2  3.452852e-01  2.000000e-07
 50  51  0  0  0  2  2.813357e-01  2.000000e-07
 50  67  1  0  0  2  2.156242e-01  2.000000e-07
 50  53  0  0  0  2  3.870413e-01  2.000000e-07
 50  5  0  0  0  2  5.638549e-02  2.000000e-07
 50  69  1  0  0  2  5.573284e-01  2.000000e-07
 50  60  0  0  0  2  1.612917e-01  2.000000e-07
 50  55  0  0  0  2  2.432550e-01  2.000000e-07
 50  86  1  0  0  2  5.577146e-01  2.000000e-07
 50  13  0  0  0  2  2.731812e-01  2.000000e-07
 50  4  0  0  0  2  4.030761e-01  2.000000e-07
 59  71  0  0  0  2  7.820432e-02  2.000000e-07
 59  52  0  0  0  2  3.039808e-01  2.000000e-07
 59  5  0  0  0  2  2.948230e-01  2.000000e-07
 59  60  0  0  0  2  1.062377e-01  2.000000e-07
 59  55  0  0  0  2  4.186155e-01  2.000000e-07
 59  13  0  0  0  2  4.110940e-01  2.000000e-07
 59  4  0  0  0  2  1.977554e-01  2.000000e-07
 59  62  0  0  0  2  2.263637e-01  2.000000e-07
 64  67  0  0  0  2  1.332759e-01  2.000000e-07
 64  0  0  0  0  2  3.177488e-01  2.000000e-07
 64  53  0  0  0  2  3.108524e-01  2.000000e-07
 64  11  0  0  0  2  1.774581e-01  2.000000e-07
 64  69  0  0  0  2  4.272537e-01  2.000000e-07
 64  85  0  0  0  2  3.041471e-01  2.000000e-07
 64  12  0  0  0  2  2.953581e-01  2.000000e-07
 64  86  0  0  0  2  4.509118e-01  2.000000e-07
 64  65  0  0  0  2  3.026937e-02  2.000000e-07
 64  13  0  0  0  2  4.520150e-01  2.000000e-07
 64  6  0  0  0  2  9.418500e-02  2.000000e-07
 71  54  1  0  0  2  3.703631e-01  2.000000e-07
 71  5  0  0  0  2  2.825653e-01  2.000000e-07
 71  60  0  0  0  2  1.383896e-01  2.000000e-07
 71  74  1  0  0  2  3.229833e-01  2.000000e-07
 71  4  0  0  0  2  1.449180e-01  2.000000e-07
 71  62  0  0  0  2  2.434202e-01  2.000000e-07
 51  84  0  0  0  2  3.565040e-01  2.000000e-07
 51  53  0  0  0  2  2.958472e-01  2.000000e-07
 51  60  0  0  0  2  1.562798e-01  2.000000e-07
 51  55  0  0  0  2  3.235348e-01  2.000000e-07
 51  12  0  0  0  2  2.067791e-01  2.000000e-07
 51  86  0  0  0  2  3.502247e-01  2.000000e-07
 51  13  0  0  0  2  2.954299e-01  2.000000e-07
 51  56  0  0  0  2  2.885885e-01  2.000000e-07
 67  0  0  0  0  2  4.185055e-01  2.000000e-07
 67  66  0  0  0  2  1.549241e-01  2.000000e-07
 67  53  0  0  0  2  4.438980e-01  2.000000e-07
 67  54  0  0  0  2  6.391844e-02  2.000000e-07
 67  77  0  0  0  2  1.642447e-01  2.000000e-07
 67  5 -1  0  0  2  1.641407e-01  2.000000e-07
 67  69  0  0  0  2  4.737530e-01  2.000000e-07
 67  86  0  0  0  2  4.885099e-01  2.000000e-07
 0  68  0  0  0  2  4.808544e-01  2.000000e-07
 0  52  0  0  0  2  5.170867e-02  2.000000e-07
 0  53  0  0  0  2  2.366013e-01  2.000000e-07
 0  54  0  0  0  2  3.965089e-01  2.000000e-07
 0  69  0  0  0  2  2.174293e-01  2.000000e-07
 0  65  0  0  0  2  3.456946e-01  2.000000e-07
 0  56  0  0  0  2  3.006265e-01  2.000000e-07
 66  68  0  0  0  2  1.393639e-01  2.000000e-07
 66  10  0  1  0  2  4.375957e-01  2.000000e-07
 66  53  0  0  0  2  3.306621e-01  2.000000e-07
 66  54  0  0  0  2  2.039865e-01  2.000000e-07
 66  77  0  0  0  2  1.470045e-01  2.000000e-07
 66  74  0  1  0  2  3.699366e-01  2.000000e-07
 68  52  0  0  0  2  5.315735e-01  2.000000e-07
 68  10  0  1  0  2  3.191561e-01  2.000000e-07
 68  53  0  0  0  2  3.542990e-01  2.000000e-07
 68  54  0  0  0  2  3.365859e-01  2.000000e-07
 68  77  0  0  0  2  1.797563e-01  2.000000e-07
 68  11  0  0  0  2  5.546633e-02  2.000000e-07
 68  69  0  1  0  2  4.040649e-01  2.000000e-07
 68  78  0  1  0  2  2.607810e-01  2.000000e-07
 68  85  0  0  0  2  2.023421e-01  2.000000e-07
 68  88  0  1  0  2  2.446431e-01  2.000000e-07
 68  65  0  0  0  2  2.148578e-01  2.000000e-07
 68  74  0  1  0  2  2.511200e-01  2.000000e-07
 68  6  0  0  0  2  1.569500e-01  2.000000e-07
 52  54  0  0  0  2  4.412101e-01  2.000000e-07
 52  5  0  0  0  2  4.726562e-01  2.000000e-07
 52  69  0  0  0  2  2.018286e-01  2.000000e-07
 52  60  0  0  0  2  3.069524e-01  2.000000e-07
 52  55  0  0  0  2  3.845392e-01  2.000000e-07
 52  12  0  0  0  2  7.527299e-02  2.000000e-07
 52  65  0  0  0  2  3.964472e-01  2.000000e-07
 52  13  0  0  0  2  3.372892e-01  2.000000e-07
 52  62  0  0  0  2  3.768371e-01  2.000000e-07
 84  10  0  0  0  2  5.392749e-02  2.000000e-07
 84  53  0 -1  0  2  3.907487e-01  2.000000e-07
 84  11  0 -1  0  2  4.100456e-01  2.000000e-07
 84  85  0 -1  0  2  2.226453e-01  2.000000e-07
 84  88  0  0  0  2  2.205542e-01  2.000000e-07
 84  86  0  0  0  2  2.404304e-01  2.000000e-07
 84  13  0 -1  0  2  3.919727e-01  2.000000e-07
 84  56  0  0  0  2  8.860016e-02  2.000000e-07
 84  62  0  0  0  2  1.689082e-01  2.000000e-07
 10  53  0 -1  0  2  4.027605e-01  2.000000e-07
 10  11  0 -1  0  2  3.738281e-01  2.000000e-07
 10  88  0  0  0  2  1.666271e-01  2.000000e-07
 10  86  0  0  0  2  1.958078e-01  2.000000e-07
 10  56  0  0  0  2  8.099377e-02  2.000000e-07
 53  70  0  1  0  2  4.456829e-01  2.000000e-07
 53  5  0  0  0  2  4.388955e-01  2.000000e-07
 53  69  0  0  0  2  4.525472e-01  2.000000e-07
 53  60  0  0  0  2  3.834487e-01  2.000000e-07
 53  85  0  0  0  2  2.116130e-01  2.000000e-07
 53  12  0  0  0  2  2.212354e-01  2.000000e-07
 53  86  0  0  0  2  4.895190e-01  2.000000e-07
 53  13  0  0  0  2  1.415588e-01  2.000000e-07
 53  56  0  0  0  2  5.247545e-01  2.000000e-07
 54  77  0  0  0  2  2.277348e-01  2.000000e-07
 54  5 -1  0  0  2  1.386903e-01  2.000000e-07
 54  69  0  0  0  2  4.255060e-01  2.000000e-07
 54  55 -1  0  0  2  3.895970e-01  2.000000e-07
 54  78  0  0  0  2  4.530698e-01  2.000000e-07
 54  65  0  0  0  2  1.393093e-01  2.000000e-07
 54  74  0  0  0  2  4.749795e-01  2.000000e-07
 54  6  0  0  0  2  1.796455e-01  2.000000e-07
 77  5 -1  0  0  2  2.790534e-01  2.000000e-07
 77  11  0  0  0  2  1.319688e-01  2.000000e-07
 77  55 -1  0  0  2  3.544043e-01  2.000000e-07
 77  65  0  0  0  2  1.809537e-01  2.000000e-07
 77  74  0  1  0  2  3.034882e-01  2.000000e-07
 77  6  0  0  0  2  1.162931e-01  2.000000e-07
 77  62 -1  1  0  2  4.738167e-01  2.000000e-07
 5  69  1  0  0  2  5.125921e-01  2.000000e-07
 5  60  0  0  0  2  2.010061e-01  2.000000e-07
 5  55  0  0  0  2  2.821760e-01  2.000000e-07
 5  78  1  0  0  2  4.778265e-01  2.000000e-07
 5  74  1  0  0  2  4.819927e-01  2.000000e-07
 5  4  0  0  0  2  4.115661e-01  2.000000e-07
 11  76 -1  1  0  2  5.622609e-01  2.000000e-07
 11  85  0  0  0  2  2.405987e-01  2.000000e-07
 11  88  0  1  0  2  2.972546e-01  2.000000e-07
 11  74  0  1  0  2  2.780061e-01  2.000000e-07
 11  6  0  0  0  2  1.040075e-01  2.000000e-07
 69  78  0  0  0  2  2.305168e-01  2.000000e-07
 69  85  0 -1  0  2  3.925791e-01  2.000000e-07
 69  86  0  0  0  2  3.771224e-02  2.000000e-07
 69  4 -1  0  0  2  4.917601e-01  2.000000e-07
 69  56  0  0  0  2  1.718197e-01  2.000000e-07
 69  62  0  0  0  2  3.678274e-01  2.000000e-07
 60  4  0  0  0  2  2.825655e-01  2.000000e-07
 55  13  0  0  0  2  5.932105e-02  2.000000e-07
 55  6  1  0  0  2  4.409573e-01  2.000000e-07
 78  85  0 -1  0  2  3.678329e-01  2.000000e-07
 78  88  0  0  0  2  1.410198e-01  2.000000e-07
 78  74  0  0  0  2  6.218143e-02  2.000000e-07
 85  88  0  1  0  2  2.657535e-01  2.000000e-07
 85  12  0  0  0  2  3.970896e-01  2.000000e-07
 85  65  0  0  0  2  3.200006e-01  2.000000e-07
 85  13  0  0  0  2  2.863308e-01  2.000000e-07
 85  6  0  0  0  2  3.025761e-01  2.000000e-07
 85  62  0  1  0  2  3.473211e-01  2.000000e-07
 88  86  0  0  0  2  1.229631e-01  2.000000e-07
 88  74  0  0  0  2  1.937503e-01  2.000000e-07
 12  86  0  0  0  2  2.683233e-01  2.000000e-07
 12  65  0  0  0  2  3.235981e-01  2.000000e-07
 12  13  0  0  0  2  3.171041e-01  2.000000e-07
 86  56  0  0  0  2  1.736659e-01  2.000000e-07
 65  6  0  0  0  2  7.320913e-02  2.000000e-07
 74  4 -1  0  0  2  2.350094e-01  2.000000e-07
 74  62 -1  0  0  2  4.218181e-01  2.000000e-07
 4  78  1  0  0  2  2.860356e-01  2.000000e-07
 49  61  0  0  0  1  1.153926e-01  3.000000e-07
 49  2  0  0  0  1  1.167542e-01  3.000000e-07
 49  59  0  0  0  1  7.243136e-02  3.000000e-07
 49  51  0  0  0  1  1.005916e-01  3.000000e-07
 49  60  0  0  0  1  1.193640e-01  3.000000e-07
 73  8  0 -1  0  1  1.949572e-01  3.000000e-07
 73  77  0 -1  0  1  2.330506e-01  3.000000e-07
 73  4 -1  0  0  1  2.021248e-01  3.000000e-07
 80  73  1  0  0  1  1.474433e-01  3.000000e-07
 80  70  0  0  0  1  2.160351e-01  3.000000e-07
 80  3  0  0  0  1  1.964457e-01  3.000000e-07
 80  83  0 -1  0  1  2.146316e-01  3.000000e-07
 80  77  1 -1  0  1  2.843582e-01  3.000000e-07
 80  4  0  0  0  1  1.070134e-01  3.000000e-07
 1  51  0  0  0  1  1.741385e-01  3.000000e-07
 1  52  0  0  0  1  5.066443e-02  3.000000e-07
 1  53  0  0  0  1  2.234476e-01  3.000000e-07
 75  50  0  0  0  1  1.977907e-01  3.000000e-07
 75  71  0  0  0  1  7.671248e-02  3.000000e-07
 75  5  0  0  0  1  2.086519e-01  3.000000e-07
 75  60  0  0  0  1  1.130813e-01  3.000000e-07
 57  58  0 -1  0  1  2.641250e-01  3.000000e-07
 57  70  0  0  0  1  6.565386e-02  3.000000e-07
 57  83  0 -1  0  1  1.934344e-01  3.000000e-07
 57  56  0  0  0  1  1.763528e-01  3.000000e-07
 57  62  0  0  0  1  6.652530e-02  3.000000e-07
 58  83  0  0  0  1  2.477785e-01  3.000000e-07
 58  84  0  1  0  1  2.485220e-01  3.000000e-07
 58  53  0  0  0  1  1.429239e-01  3.000000e-07
 58  85  0  0  0  1  9.565976e-02  3.000000e-07
 58  13  0  0  0  1  1.914256e-01  3.000000e-07
 81  64  0  0  0  1  3.096360e-01  3.000000e-07
 81  52  0  0  0  1  7.120141e-02  3.000000e-07
 81  54  0  0  0  1  3.714510e-01  3.000000e-07
 81  12  0  0  0  1  5.248140e-02  3.000000e-07
 82  64  0  0  0  1  1.105320e-01  3.000000e-07
 82  53  0  0  0  1  3.144025e-01  3.000000e-07
 82  11  0  0  0  1  7.196067e-02  3.000000e-07
 82  85  0  0  0  1  2.330003e-01  3.000000e-07
 82  6  0  0  0  1  6.960371e-02  3.000000e-07
 76  71  0  0  0  1  7.055477e-02  3.000000e-07
 76  54  1  0  0  1  3.055291e-01  3.000000e-07
 76  5  0  0  0  1  2.330492e-01  3.000000e-07
 76  78  1  0  0  1  3.216537e-01  3.000000e-07
 76  74  1  0  0  1  3.003214e-01  3.000000e-07
 76  4  0  0  0  1  1.785182e-01  3.000000e-07
 61  3  0  0  0  1  1.707511e-01  3.000000e-07
 61  56  0  0  0  1  1.562722e-01  3.000000e-07
 61  62  0  0  0  1  1.825594e-01  3.000000e-07
 70  3  0  0  0  1  9.450046e-02  3.000000e-07
 7  54  0  0  0  1  6.509535e-02  3.000000e-07
 7  65  0  0  0  1  9.990493e-02  3.000000e-07
 7  6  0  0  0  1  1.199008e-01  3.000000e-07
 3  59  0  0  0  1  1.447541e-01  3.000000e-07
 3  71  0  0  0  1  1.513396e-01  3.000000e-07
 3  4  0  0  0  1  1.296719e-01  3.000000e-07
 3  62  0  0  0  1  9.229127e-02  3.000000e-07
 8  77  0  0  0  1  1.690181e-01  3.000000e-07
 8  11  0  0  0  1  7.026626e-02  3.000000e-07
 8  78  0  1  0  1  2.288175e-01  3.000000e-07
 8  88  0  1  0  1  2.312457e-01  3.000000e-07
 8  74  0  1  0  1  2.142446e-01  3.000000e-07
 83  70  0  1  0  1  2.063309e-01  3.000000e-07
 83  77  1  0  0  1  3.255944e-01  3.000000e-07
 83  55  0  0  0  1  1.715415e-01  3.000000e-07
 2  51  0  0  0  1  1.390704e-01  3.000000e-07
 2  52  0  0  0  1  1.819385e-01  3.000000e-07
 2  69  0  0  0  1  2.444251e-01  3.000000e-07
 2  56  0  0  0  1  1.579455e-01  3.000000e-07
 9  10  0  0  0  1  1.581964e-01  3.000000e-07
 9  69  0  0  0  1  7.690523e-02  3.000000e-07
 9  88  0  0  0  1  8.544610e-02  3.000000e-07
 9  56  0  0  0  1  1.518496e-01  3.000000e-07
 50  77  1  0  0  1  3.113810e-01  3.000000e-07
 50  5  0  0  0  1  5.638549e-02  3.000000e-07
 50  60  0  0  0  1  1.612917e-01  3.000000e-07
 50  55  0  0  0  1  2.432550e-01  3.000000e-07
 50  13  0  0  0  1  2.731812e-01  3.000000e-07
 59  71  0  0  0  1  7.820432e-02  3.000000e-07
 59  60  0  0  0  1  1.062377e-01  3.000000e-07
 64  66  0  0  0  1  8.414511e-02  3.000000e-07
 64  53  0  0  0  1  3.108524e-01  3.000000e-07
 64  54  0  0  0  1  1.576810e-01  3.000000e-07
 64  12  0  0  0  1  2.953581e-01  3.000000e-07
 71  4  0  0  0  1  1.449180e-01  3.000000e-07
 51  60  0  0  0  1  1.562798e-01  3.000000e-07
 51  13  0  0  0  1  2.954299e-01  3.000000e-07
 67  77  0  0  0  1  1.642447e-01  3.000000e-07
 67  5 -1  0  0  1  1.641407e-01  3.000000e-07
 0  52  0  0  0  1  5.170867e-02  3.000000e-07
 66  65  0  0  0  1  7.552003e-02  3.000000e-07
 68  11  0  0  0  1  5.546633e-02  3.000000e-07
 68  85  0  0  0  1  2.023421e-01  3.000000e-07
 68  88  0  1  0  1  2.446431e-01  3.000000e-07
 52  69  0  0  0  1  2.018286e-01  3.000000e-07
 84  10  0  0  0  1  5.392749e-02  3.000000e-07
 84  85  0 -1  0  1  2.226453e-01  3.000000e-07
 84  56  0  0  0  1  8.860016e-02  3.000000e-07
 10  88  0  0  0  1  1.666271e-01  3.000000e-07
 10  56  0  0  0  1  8.099377e-02  3.000000e-07
 53  12  0  0  0  1  2.212354e-01  3.000000e-07
 53  13  0  0  0  1  1.415588e-01  3.000000e-07
 54  5 -1  0  0  1  1.386903e-01  3.000000e-07
 54  69  0  0  0  1  4.255060e-01  3.000000e-07
 54  78  0  0  0  1  4.530698e-01  3.000000e-07
 54  86  0  0  0  1  4.371594e-01  3.000000e-07
 54  65  0  0  0  1  1.393093e-01  3.000000e-07
 77  5 -1  0  0  1  2.790534e-01  3.000000e-07
 77  11  0  0  0  1  1.319688e-01  3.000000e-07
 77  55 -1  0  0  1  3.544043e-01  3.000000e-07
 77  6  0  0  0  1  1.162931e-01  3.000000e-07
 11  6  0  0  0  1  1.040075e-01  3.000000e-07
 69  56  0  0  0  1  1.718197e-01  3.000000e-07
 60  13  0  0  0  1  3.209392e-01  3.000000e-07
 55  13  0  0  0  1  5.932105e-02  3.000000e-07
 78  88  0  0  0  1  1.410198e-01  3.000000e-07
 78  86  0  0  0  1  1.966886e-01  3.000000e-07
 78  74  0  0  0  1  6.218143e-02  3.000000e-07
 85  10  0  1  0  1  2.140292e-01  3.000000e-07
 85  88  0  1  0  1  2.657535e-01  3.000000e-07
 88  86  0  0  0  1  1.229631e-01  3.000000e-07
 65  6  0  0  0  1  7.320913e-02  3.000000e-07
 74  4 -1  0  0  1  2.350094e-01  3.000000e-07
 56  62  0  0  0  1  2.010427e-01  3.000000e-07
-4.198280e-02 -5.957206e-03  0
-2.368648e-02  2.920664e-03  0
 1.079235e-01 -1.851740e-01  0
 2.577898e-01 -2.948044e-01  0
 3.857130e-01 -3.160282e-01  0
 4.438089e-01  9.141695e-02  0
-3.389640e-01  2.757033e-01  0
-4.107105e-01  1.796376e-01  0
-2.994156e-01  4.443529e-01  0
-1.468054e-01 -2.781787e-01  0
-2.505971e-02 -3.791939e-01  0
-3.061981e-01  3.744148e-01  0
-5.428241e-02  1.437989e-02  0
 1.641691e-01  2.442363e-01  0
-4.372575e-01  3.112148e-01 -3.494474e-01
-3.301249e-01 -2.572571e-01 -2.248392e-01
 2.969805e-01 -3.527946e-01 -3.395115e-01
-1.003023e-01  3.651943e-01 -1.167644e-01
 3.563781e-02 -4.304943e-01 -3.793971e-01
 2.515110e-01  1.796260e-01 -2.176590e-01
-7.608832e-02  5.257953e-02 -3.951136e-01
 6.405674e-02 -1.462797e-03 -4.176044e-01
-5.105590e-03  2.204869e-01 -3.939536e-01
 3.127124e-01 -4.208321e-01 -4.134621e-01
 1.483152e-01  3.705912e-01 -2.616276e-01
 2.209904e-01 -3.191051e-01 -2.103301e-01
 3.338586e-01 -1.321699e-01  1.619520e-01
-1.519716e-01 -4.035306e-01  2.538178e-01
-3.192997e-01  3.099643e-01  4.414425e-01
 1.656064e-01  2.522606e-01  2.857402e-01
-1.619773e-01  2.380385e-01  2.499368e-01
 3.207146e-01  6.004978e-02  2.271692e-01
 1.025388e-01  3.023792e-01  2.461820e-01
 4.351820e-01 -4.067657e-01  3.811937e-01
-1.678382e-01  2.375792e-01  1.529491e-01
 3.501830e-01 -4.732206e-02  2.876343e-01
-2.785250e-01 -1.790914e-01  2.360167e-01
 2.848419e-01 -3.835562e-02  4.148915e-01
 1.500059e-01  2.620092e-01  4.017160e-01
 2.680146e-01 -2.315116e-01  3.993433e-01
-1.508328e-01  2.365213e-01 -4.499920e-01
-2.972636e-01 -1.481753e-01 -3.764969e-01
-3.399784e-02  1.163005e-01  2.937105e-01
-5.065319e-02 -3.328993e-02  2.739003e-01
-1.026306e-01  4.462361e-01  2.740063e-01
-3.472217e-01  3.806273e-01 -2.816211e-01
 2.825576e-01  2.176242e-01  2.278358e-01
-3.238087e-02  2.288528e-01 -1.426557e-01
-1.079668e-01  1.284656e-01  1.901673e-01
 2.085195e-01 -1.259119e-01  0
 3.875933e-01  8.704352e-02  0
 1.420981e-01 -5.036800e-02  0
-8.598753e-03 -4.544507e-02  0
 2.451247e-02  2.211079e-01  0
-4.195456e-01  1.151446e-01  0
 2.202452e-01  2.635871e-01  0
 2.967890e-03 -3.032041e-01  0
 1.455714e-01 -4.069565e-01  0
 1.458506e-02  3.636867e-01  0
 2.763749e-01 -1.512484e-01  0
 2.983480e-01 -4.730784e-02  0
 1.177302e-01 -1.971352e-01  0
 1.950657e-01 -3.625050e-01  0
 2.521463e-01 -1.372563e-01 -1.537323e-01
-2.854923e-01  1.981688e-01  0
-3.145378e-01  2.066893e-01  0
-3.006933e-01  2.809295e-01  0
-4.173864e-01  1.790265e-01  0
-2.706895e-01  4.170253e-01  0
-1.359185e-01 -2.020479e-01  0
 1.989839e-01 -3.687788e-01  0
 3.507602e-01 -1.753884e-01  0
-4.442229e-01 -1.889774e-02 -2.560724e-01
-4.438896e-01 -4.247441e-01  0
-3.831359e-01 -3.584373e-01  0
 3.919911e-01 -1.106982e-01  0
 4.114298e-01 -1.393720e-01  0
-4.342261e-01  3.424057e-01  0
-3.285319e-01 -3.286895e-01  0
 2.963701e-01  4.087281e-01 -1.268418e-01
 4.087271e-01 -4.205375e-01  0
-7.854874e-02 -3.215443e-02  0
-2.775251e-01  3.084133e-01  0
 2.527547e-01  4.320199e-01  0
 2.811718e-02 -3.881600e-01  0
-6.843073e-02  4.112174e-01  0
-1.562352e-01 -2.338196e-01  0
-2.225653e-01 -2.754455e-01 -2.885448e-01
-1.894860e-01 -3.522017e-01  0
-2.170971e-01  3.267434e-02 -1.617726e-01