 712  90  1.200000e-05  49 -2 -2
 16  59  1  0  0  3  2.258094e-01  1.000000e-07
 16  15  0  0  0  3  6.122021e-01  1.000000e-07
 16  11  1  0  0  3  2.594454e-01  1.000000e-07
 16  9  0  0  0  3  5.035208e-01  1.000000e-07
 16  13  0  0  0  3  3.396560e-01  1.000000e-07
 16  14  0  0  0  3  4.740430e-01  1.000000e-07
 30  11  1  0  0  3  3.695164e-01  1.000000e-07
 30  10  1  0  0  3  4.373029e-01  1.000000e-07
 30  14  0  0  0  3  8.253582e-02  1.000000e-07
 30  26  0 -1  0  3  4.293220e-01  1.000000e-07
 30  36  0 -1  0  3  3.068809e-01  1.000000e-07
 30  27  0 -1  1  3  5.906904e-01  1.000000e-07
 30  34  0  0  1  3  3.607566e-01  1.000000e-07
 30  19  0  0  1  3  4.413603e-01  1.000000e-07
 59  15  0  0  0  3  4.326759e-01  1.000000e-07
 59  11  0  0  0  3  1.384524e-01  1.000000e-07
 59  9  0  0  0  3  4.666422e-01  1.000000e-07
 59  10  0  0  0  3  2.558533e-01  1.000000e-07
 59  23  0  0  0  3  1.824462e-01  1.000000e-07
 15  13  0  0  0  3  4.735143e-01  1.000000e-07
 15  10  0  0  0  3  2.643568e-01  1.000000e-07
 15  14  0  0  0  3  2.769898e-01  1.000000e-07
 15  42  0  0  1  3  4.319290e-01  1.000000e-07
 15  32  0  0  1  3  5.145632e-01  1.000000e-07
 79  21 -1  0  0  3  5.152064e-01  1.000000e-07
 79  9  0  0  0  3  3.037268e-01  1.000000e-07
 79  25  0  0  0  3  2.727134e-01  1.000000e-07
 79  24  0  0  0  3  2.189057e-01  1.000000e-07
 31  11  1  1  0  3  3.694499e-01  1.000000e-07
 31  13  0  1  0  3  2.777522e-01  1.000000e-07
 31  25  1  0  0  3  2.458790e-01  1.000000e-07
 31  10  1  1  0  3  3.221307e-01  1.000000e-07
 31  23  1  0  0  3  4.177226e-01  1.000000e-07
 31  24  1  0  0  3  3.357449e-01  1.000000e-07
 31  36  0  0  0  3  2.056908e-01  1.000000e-07
 31  20  1  0  1  3  5.076260e-01  1.000000e-07
 31  34  0  1  1  3  5.267451e-01  1.000000e-07
 21  24  1  0  0  3  4.188591e-01  1.000000e-07
 21  26  0  0  0  3  2.395742e-01  1.000000e-07
 21  36  0  0  0  3  3.081499e-01  1.000000e-07
 11  10  0  0  0  3  1.611438e-01  1.000000e-07
 11  32  0  0  1  3  5.254944e-01  1.000000e-07
 11  33  0  0  1  3  5.027650e-01  1.000000e-07
 11  34 -1  0  1  3  5.129016e-01  1.000000e-07
 9  37  0  0  1  3  3.598499e-01  1.000000e-07
 9  40  0  0  1  3  3.979321e-01  1.000000e-07
 9  33  0  0  1  3  3.486189e-01  1.000000e-07
 9  41  0  0  1  3  3.378727e-01  1.000000e-07
 13  14  0  0  0  3  3.426737e-01  1.000000e-07
 13  36  0 -1  0  3  2.189037e-01  1.000000e-07
 25  21 -1  0  0  3  4.240877e-01  1.000000e-07
 25  22  0  0  0  3  3.003249e-01  1.000000e-07
 25  35  0  1  0  3  2.348847e-01  1.000000e-07
 25  24  0  0  0  3  1.362302e-01  1.000000e-07
 25  38  0  1  1  3  3.995492e-01  1.000000e-07
 25  37  0  0  1  3  4.082613e-01  1.000000e-07
 22  23  0  0  0  3  2.181087e-01  1.000000e-07
 22  24  0  0  0  3  1.877889e-01  1.000000e-07
 22  26 -1  0  0  3  4.702783e-01  1.000000e-07
 22  29  0  0  1  3  3.373531e-01  1.000000e-07
 22  28 -1  0  1  3  4.453804e-01  1.000000e-07
 22  37  0  0  1  3  2.973596e-01  1.000000e-07
 22  33  0  0  1  3  2.243042e-01  1.000000e-07
 22  27 -1  0  1  3  4.547909e-01  1.000000e-07
 10  35  0  0  0  3  2.187021e-01  1.000000e-07
 14  35  0  0  0  3  3.408197e-01  1.000000e-07
 14  36  0 -1  0  3  2.925410e-01  1.000000e-07
 14  12  0  0  1  3  5.180490e-01  1.000000e-07
 14  42  0  0  1  3  4.310368e-01  1.000000e-07
 35  24  0 -1  0  3  2.977001e-01  1.000000e-07
 35  38  0  0  1  3  3.299564e-01  1.000000e-07
 35  42  0  0  1  3  3.831015e-01  1.000000e-07
 35  37  0 -1  1  3  4.233713e-01  1.000000e-07
 35  32  0  0  1  3  4.854790e-01  1.000000e-07
 35  33  0  0  1  3  5.062923e-01  1.000000e-07
 23  24  0  0  0  3  2.689768e-01  1.000000e-07
 23  28 -1  0  1  3  4.627905e-01  1.000000e-07
 23  33  0  0  1  3  3.747808e-01  1.000000e-07
 24  26 -1  0  0  3  4.399689e-01  1.000000e-07
 24  37  0  0  1  3  3.685626e-01  1.000000e-07
 26  23  1  0  0  3  3.828695e-01  1.000000e-07
 26  36  0  0  0  3  2.704310e-01  1.000000e-07
 26  28  0  0  1  3  3.569387e-01  1.000000e-07
 26  41  0  0  1  3  2.696233e-01  1.000000e-07
 26  27  0  0  1  3  3.561113e-01  1.000000e-07
 29  18  0  0  0  3  2.074750e-01  1.000000e-07
 29  17  0  0  0  3  7.026456e-02  1.000000e-07
 29  28 -1  0  0  3  3.284054e-01  1.000000e-07
 29  37  0  0  0  3  2.565721e-01  1.000000e-07
 29  20  0  0  0  3  2.933965e-01  1.000000e-07
 29  33  0  0  0  3  1.732254e-01  1.000000e-07
 29  27 -1  0  0  3  3.258425e-01  1.000000e-07
 29  71  0  0  0  3  1.032003e-01  1.000000e-07
 43  12  0  0  0  3  2.187863e-01  1.000000e-07
 43  17  0  0  0  3  2.634667e-01  1.000000e-07
 43  32  0  0  0  3  2.721619e-01  1.000000e-07
 43  8  0  0  0  3  5.097098e-01  1.000000e-07
 38  18  0  0  0  3  4.313226e-01  1.000000e-07
 38  37  0 -1  0  3  2.998757e-01  1.000000e-07
 38  32  0  0  0  3  4.126823e-01  1.000000e-07
 38  20  0 -1  0  3  2.466245e-01  1.000000e-07
 38  34 -1  0  0  3  3.974495e-01  1.000000e-07
 39  9  0  0 -1  3  3.874028e-01  1.000000e-07
 39  28  0  0  0  3  2.651912e-01  1.000000e-07
 39  8  0  0  0  3  1.965236e-01  1.000000e-07
 39  40  0  0  0  3  2.113922e-01  1.000000e-07
 39  41  0  0  0  3  1.171916e-01  1.000000e-07
 39  27  0  0  0  3  2.533420e-01  1.000000e-07
 39  19  0  0  0  3  2.377784e-01  1.000000e-07
 39  77  0  0  0  3  2.987409e-01  1.000000e-07
 18  42  0  0  0  3  3.857475e-01  1.000000e-07
 18  33  0  0  0  3  3.022283e-01  1.000000e-07
 18  34 -1  0  0  3  3.150610e-01  1.000000e-07
 42  32  0  0  0  3  3.002847e-01  1.000000e-07
 42  8  0 -1  0  3  4.406351e-01  1.000000e-07
 42  40  0  0  0  3  3.335787e-01  1.000000e-07
 42  19  0  0  0  3  4.793434e-01  1.000000e-07
 17  37  0  0  0  3  2.778912e-01  1.000000e-07
 17  32  0  0  0  3  1.195543e-01  1.000000e-07
 17  40  0  0  0  3  2.400014e-01  1.000000e-07
 17  33  0  0  0  3  1.367373e-01  1.000000e-07
 17  71  0  0  0  3  1.353445e-01  1.000000e-07
 28  33  1  0  0  3  3.953395e-01  1.000000e-07
 28  41  0  0  0  3  2.205581e-01  1.000000e-07
 28  27  0  0  0  3  8.888358e-02  1.000000e-07
 28  19  0  0  0  3  1.608113e-01  1.000000e-07
 37  20  0  0  0  3  2.703536e-01  1.000000e-07
 37  71  0  0  0  3  2.971435e-01  1.000000e-07
 32  9  0  0 -1  3  3.956155e-01  1.000000e-07
 32  33  0  0  0  3  7.231579e-02  1.000000e-07
 20  27 -1  0  0  3  3.215904e-01  1.000000e-07
 20  34 -1  1  0  3  4.073116e-01  1.000000e-07
 20  71  0  0  0  3  3.006518e-01  1.000000e-07
 20  77 -1  0  0  3  3.948724e-01  1.000000e-07
 8  40  0  0  0  3  3.439969e-01  1.000000e-07
 8  41  0  0  0  3  2.751094e-01  1.000000e-07
 8  71  0  0  0  3  4.694762e-01  1.000000e-07
 8  77  0  0  0  3  1.528672e-01  1.000000e-07
 40  33  0  0  0  3  2.337522e-01  1.000000e-07
 40  41  0  0  0  3  2.864993e-01  1.000000e-07
 40  19  0  0  0  3  3.024318e-01  1.000000e-07
 40  71  0  0  0  3  3.186735e-01  1.000000e-07
 41  27  0  0  0  3  2.193921e-01  1.000000e-07
 41  19  0  0  0  3  2.441741e-01  1.000000e-07
 41  77  0  0  0  3  3.537019e-01  1.000000e-07
 27  25  1  0 -1  3  5.163362e-01  1.000000e-07
 27  34  0  1  0  3  5.581359e-01  1.000000e-07
 27  71  1  0  0  3  3.606491e-01  1.000000e-07
 34  19  0  0  0  3  2.833225e-01  1.000000e-07
 34  77  0 -1  0  3  3.970540e-01  1.000000e-07
 19  77  0  0  0  3  4.333677e-01  1.000000e-07
 15  70  0  0  0  3  3.585423e-01  1.000000e-07
 58  43  0  0  0  3  1.390647e-01  1.000000e-07
 13  85  0  0  0  3  1.872174e-01  1.000000e-07
 83  12  0  0  0  3  1.816654e-01  1.000000e-07
 59  51  0  0  0  3  2.668288e-01  1.000000e-07
 60  43  0  0  0  3  1.588838e-01  1.000000e-07
 16  67  0  0  0  3  1.628970e-01  1.000000e-07
 57  19  0  0  0  3  2.967623e-01  1.000000e-07
 14  85  0  0  0  3  4.244105e-01  1.000000e-07
 87  12  0  0  0  3  1.114937e-01  1.000000e-07
 36  81  0  0  0  3  1.991297e-01  1.000000e-07
 78  8  0  0  0  3  2.356287e-01  1.000000e-07
 21  57  0  0  0  3  3.107666e-01  1.000000e-07
 83  12  0  0  0  3  2.567167e-01  1.000000e-07
 79  0  0  0  0  3  2.369370e-01  1.000000e-07
 2  77  0  0  0  3  2.446867e-01  1.000000e-07
 36  87  0  1  0  3  2.889659e-01  1.000000e-07
 85  12  0  0  0  3  1.685336e-01  1.000000e-07
 16  83  0  0  0  3  2.747367e-01  1.000000e-07
 85  12  0  0  0  3  1.841075e-01  1.000000e-07
 79  69  0  0  0  3  1.460782e-01  1.000000e-07
 73  37  0  0  0  3  3.473141e-01  1.000000e-07
 59  53  0  0  0  3  1.972524e-01  1.000000e-07
 55  18  0  0  0  3  1.691079e-01  1.000000e-07
 21  64  0  0  0  3  1.712844e-01  1.000000e-07
 7  8  0  0  0  3  2.870712e-01  1.000000e-07
 59  6  0  0  0  3  2.355165e-01  1.000000e-07
 4  71  0  0  0  3  1.878816e-01  1.000000e-07
 21  64  0  0  0  3  1.462738e-01  1.000000e-07
 57  39  0  0  0  3  3.631468e-01  1.000000e-07
 16  53  1  0  0  3  1.895289e-01  1.000000e-07
 55  18  0  0  0  3  2.013631e-01  1.000000e-07
 23  60  0  0  0  3  3.384358e-01  1.000000e-07
 54  43  0  0  0  3  1.537694e-01  1.000000e-07
 15  87  0  0  0  3  3.429024e-01  1.000000e-07
 85  12  0  0  0  3  1.207792e-01  1.000000e-07
 38  73  0 -1  0  3  3.469785e-01  1.000000e-07
 69  79  0  0  0  3  1.587892e-01  1.000000e-07
 11  55  0  0  0  3  2.505345e-01  1.000000e-07
 53  18  0  0  0  3  1.833522e-01  1.000000e-07
 21  64  0  0  0  3  1.283921e-01  1.000000e-07
 57  27  0  0  0  3  3.193412e-01  1.000000e-07
 10  66  0  0  0  3  2.656558e-01  1.000000e-07
 52  38  0  0  0  3  3.238138e-01  1.000000e-07
 36  81  0  0  0  3  1.853551e-01  1.000000e-07
 72  77  0  0  0  3  1.513537e-01  1.000000e-07
 10  66  0  0  0  3  2.823215e-01  1.000000e-07
 80  42  0  0  0  3  3.036526e-01  1.000000e-07
 23  56  0  0  0  3  2.625747e-01  1.000000e-07
 6  71  0  0  0  3  1.598316e-01  1.000000e-07
 13  67  0  0  0  3  1.921239e-01  1.000000e-07
 65  18  1  0  0  3  2.955677e-01  1.000000e-07
 13  65  0  0  0  3  1.572859e-01  1.000000e-07
 67  20  1 -1  0  3  3.663016e-01  1.000000e-07
 13  65  0  0  0  3  1.575766e-01  1.000000e-07
 87  77  0 -1  0  3  2.140750e-01  1.000000e-07
 79  74  0  0  0  3  3.061846e-01  1.000000e-07
 86  43  0  0  0  3  2.486952e-01  1.000000e-07
 10  58  0  0  0  3  3.430983e-01  1.000000e-07
 70  43  0  0  0  3  1.554523e-01  1.000000e-07
 30  85  0  0  0  3  4.307822e-01  1.000000e-07
 83  12  0  0  0  3  1.134452e-01  1.000000e-07
 79  61  0  0  0  3  1.775957e-01  1.000000e-07
 69  8  0  0  0  3  2.657746e-01  1.000000e-07
 3  0  0 -1  0  2  2.360854e-01  2.000000e-07
 3  1  0  0  0  2  1.046173e-01  2.000000e-07
 3  80  0  0  0  2  2.404920e-01  2.000000e-07
 3  73  0 -1  0  2  2.146414e-01  2.000000e-07
 3  89  0  0  0  2  6.304355e-02  2.000000e-07
 3  88  0  0  0  2  1.429948e-01  2.000000e-07
 3  81  0 -1  0  2  2.935667e-01  2.000000e-07
 3  66  0  0  0  2  2.330149e-01  2.000000e-07
 3  61  0 -1  0  2  2.269437e-01  2.000000e-07
 3  2  0 -1  0  2  2.271648e-01  2.000000e-07
 3  83  0  0  0  2  2.792951e-01  2.000000e-07
 3  84  0  0  0  2  4.254727e-02  2.000000e-07
 3  85  0  0  0  2  2.040555e-01  2.000000e-07
 3  68  0 -1  0  2  4.547890e-01  2.000000e-07
 3  70  0  0  0  2  2.594271e-01  2.000000e-07
 0  78  0  0  0  2  1.423295e-01  2.000000e-07
 0  73  0  0  0  2  2.359667e-01  2.000000e-07
 0  81  0  0  0  2  1.086142e-01  2.000000e-07
 0  82  0  0  0  2  2.576984e-01  2.000000e-07
 0  2  0  0  0  2  9.374561e-03  2.000000e-07
 0  83  0  1  0  2  3.865408e-01  2.000000e-07
 0  84  0  1  0  2  2.264731e-01  2.000000e-07
 0  86  0  0  0  2  3.362413e-01  2.000000e-07
 52  73  0 -1  0  2  2.301600e-01  2.000000e-07
 52  54  0  0  0  2  3.783245e-01  2.000000e-07
 52  88  0  0  0  2  2.502868e-01  2.000000e-07
 52  55  0  0  0  2  2.966400e-01  2.000000e-07
 52  5  0 -1  0  2  3.083723e-01  2.000000e-07
 52  47  0  0  0  2  2.135510e-01  2.000000e-07
 52  51  0  0  0  2  3.219650e-01  2.000000e-07
 52  72 -1 -1  0  2  4.321275e-01  2.000000e-07
 52  65 -1  0  0  2  4.056162e-01  2.000000e-07
 52  66  0  0  0  2  2.499290e-02  2.000000e-07
 52  50  0  0  0  2  3.782118e-01  2.000000e-07
 52  84  0  0  0  2  2.131283e-01  2.000000e-07
 52  76  0 -1  0  2  2.445787e-01  2.000000e-07
 52  45  0  0  0  2  2.821623e-01  2.000000e-07
 52  68  0 -1  0  2  2.517187e-01  2.000000e-07
 52  58  0  0  0  2  2.412211e-01  2.000000e-07
 52  69  0 -1  0  2  2.936719e-01  2.000000e-07
 48  54  0  0  0  2  1.397587e-01  2.000000e-07
 48  74  0  0  0  2  8.324950e-02  2.000000e-07
 48  63  0  0  0  2  1.380386e-01  2.000000e-07
 48  51  0  0  0  2  1.754511e-01  2.000000e-07
 48  57  0  0  0  2  3.281880e-01  2.000000e-07
 48  82  0  0  0  2  2.147054e-01  2.000000e-07
 48  50  0  0  0  2  1.022471e-01  2.000000e-07
 48  49  0  0  0  2  6.374349e-02  2.000000e-07
 48  86  0  0  0  2  9.865679e-02  2.000000e-07
 48  69  0  0  0  2  3.222787e-01  2.000000e-07
 6  53  0  0  0  2  1.448758e-01  2.000000e-07
 6  60  0  0  0  2  1.201543e-01  2.000000e-07
 6  54  0  0  0  2  1.001833e-01  2.000000e-07
 6  55  0  0  0  2  1.849370e-01  2.000000e-07
 6  56  0  0  0  2  1.242882e-01  2.000000e-07
 6  63  0  0  0  2  3.078786e-01  2.000000e-07
 6  5  0  0  0  2  2.952727e-01  2.000000e-07
 6  57 -1  0  0  2  4.755647e-01  2.000000e-07
 6  65 -1  0  0  2  5.698105e-01  2.000000e-07
 6  61  0  0  0  2  4.252182e-01  2.000000e-07
 6  62  0  0  0  2  2.034126e-01  2.000000e-07
 6  67 -1  0  0  2  3.054111e-01  2.000000e-07
 6  76  0  0  0  2  3.261670e-01  2.000000e-07
 6  58  0  0  0  2  2.593973e-01  2.000000e-07
 6  4  0  0  0  2  9.812632e-02  2.000000e-07
 6  69  0  0  0  2  3.947193e-01  2.000000e-07
 1  87  0  0  0  2  3.320686e-02  2.000000e-07
 1  89  0  0  0  2  1.312136e-01  2.000000e-07
 1  63  0  0  0  2  3.122510e-01  2.000000e-07
 1  72  0 -1  0  2  3.452447e-01  2.000000e-07
 1  65  0  0  0  2  2.622044e-01  2.000000e-07
 1  61  0 -1  0  2  2.874646e-01  2.000000e-07
 1  2  0 -1  0  2  2.191709e-01  2.000000e-07
 1  67  0  0  0  2  4.428037e-01  2.000000e-07
 1  83  0  0  0  2  1.884653e-01  2.000000e-07
 1  70  0  0  0  2  2.906645e-01  2.000000e-07
 1  69  0 -1  0  2  3.154856e-01  2.000000e-07
 80  53  0  0  0  2  2.151514e-01  2.000000e-07
 80  60  0  0  0  2  1.742869e-01  2.000000e-07
 80  46  0  0  0  2  7.137662e-02  2.000000e-07
 80  89  0  0  0  2  1.812200e-01  2.000000e-07
 80  88  0  0  0  2  1.422885e-01  2.000000e-07
 80  44  0  0  0  2  2.219708e-01  2.000000e-07
 80  63  0  0  0  2  2.637660e-01  2.000000e-07
 80  51  0  0  0  2  1.444478e-01  2.000000e-07
 80  66  0  0  0  2  1.612195e-01  2.000000e-07
 80  83  0  0  0  2  3.789742e-01  2.000000e-07
 80  75  0  0  0  2  1.320414e-01  2.000000e-07
 80  68  0 -1  0  2  4.268855e-01  2.000000e-07
 80  70  0  0  0  2  9.135061e-02  2.000000e-07
 53  44  0  0  0  2  1.034844e-01  2.000000e-07
 53  55  0  0  0  2  4.079554e-02  2.000000e-07
 53  56  0  0  0  2  2.672527e-01  2.000000e-07
 53  51  0  0  0  2  1.502780e-01  2.000000e-07
 53  62  0  0  0  2  2.863744e-01  2.000000e-07
 53  67 -1  0  0  2  2.066442e-01  2.000000e-07
 53  75  0  0  0  2  8.346024e-02  2.000000e-07
 53  45  0  0  0  2  1.158854e-01  2.000000e-07
 60  55  0  0  0  2  1.805416e-01  2.000000e-07
 60  56  0  0  0  2  2.139777e-01  2.000000e-07
 60  63  0  0  0  2  2.138215e-01  2.000000e-07
 60  51  0  0  0  2  3.018050e-02  2.000000e-07
 60  49  0  0  0  2  1.845190e-01  2.000000e-07
 60  75  0  0  0  2  1.194651e-01  2.000000e-07
 60  86  0  0  0  2  2.386571e-01  2.000000e-07
 60  70  0  0  0  2  1.299754e-01  2.000000e-07
 60  4  0  0  0  2  2.202805e-02  2.000000e-07
 64  78  0  0  0  2  1.041527e-01  2.000000e-07
 64  54  1  0  0  2  5.584510e-01  2.000000e-07
 64  74  1  0  0  2  5.712479e-01  2.000000e-07
 64  56  1  0  0  2  4.466929e-01  2.000000e-07
 64  63  0  0  0  2  4.384642e-01  2.000000e-07
 64  5  1  0  0  2  3.131538e-01  2.000000e-07
 64  51  1  0  0  2  5.901990e-01  2.000000e-07
 64  57  0  0  0  2  2.041722e-01  2.000000e-07
 64  72  0  0  0  2  1.691424e-01  2.000000e-07
 64  62  1  0  0  2  2.761604e-01  2.000000e-07
 64  7  0  0  0  2  9.083440e-02  2.000000e-07
 64  2  0  0  0  2  2.541684e-01  2.000000e-07
 64  67  0  0  0  2  3.726555e-01  2.000000e-07
 64  83  0  0  0  2  4.785048e-01  2.000000e-07
 64  49  0  0  0  2  4.263265e-01  2.000000e-07
 64  45  1  0  0  2  5.120726e-01  2.000000e-07
 64  68  1  0  0  2  3.015142e-01  2.000000e-07
 64  86  0  0  0  2  3.994522e-01  2.000000e-07
 78  81  0  0  0  2  1.143743e-01  2.000000e-07
 78  63  0  0  0  2  4.492420e-01  2.000000e-07
 78  57  0  0  0  2  2.617815e-01  2.000000e-07
 78  62  1  0  0  2  3.711998e-01  2.000000e-07
 78  7  0  0  0  2  2.126348e-02  2.000000e-07
 78  82  0  0  0  2  3.252159e-01  2.000000e-07
 78  2  0  0  0  2  1.501857e-01  2.000000e-07
 78  68  1  0  0  2  3.434219e-01  2.000000e-07
 78  86  0  0  0  2  3.599861e-01  2.000000e-07
 73  80  0  1  0  2  3.660179e-01  2.000000e-07
 73  88  0  1  0  2  3.363230e-01  2.000000e-07
 73  74  0  0  0  2  3.026768e-01  2.000000e-07
 73  56  0  0  0  2  2.956725e-01  2.000000e-07
 73  5  0  0  0  2  2.843334e-01  2.000000e-07
 73  61  0  0  0  2  8.025810e-02  2.000000e-07
 73  82  0  0  0  2  1.594040e-01  2.000000e-07
 73  2  0  0  0  2  2.331838e-01  2.000000e-07
 73  84  0  1  0  2  1.727359e-01  2.000000e-07
 73  76  0  0  0  2  1.242895e-01  2.000000e-07
 73  68  0  0  0  2  3.183187e-01  2.000000e-07
 73  69  0  0  0  2  6.355097e-02  2.000000e-07
 87  89  0  0  0  2  1.470762e-01  2.000000e-07
 87  88  0  0  0  2  1.686769e-01  2.000000e-07
 87  63  0  0  0  2  2.896878e-01  2.000000e-07
 87  47  0  0  0  2  1.991390e-01  2.000000e-07
 87  57  0  0  0  2  4.233007e-01  2.000000e-07
 87  72  0 -1  0  2  3.512480e-01  2.000000e-07
 87  65  0  0  0  2  2.512000e-01  2.000000e-07
 87  61  0 -1  0  2  3.204984e-01  2.000000e-07
 87  67  0  0  0  2  4.121614e-01  2.000000e-07
 87  50  0  0  0  2  3.372121e-01  2.000000e-07
 87  84  0  0  0  2  1.712198e-01  2.000000e-07
 87  85  0  0  0  2  7.921494e-02  2.000000e-07
 87  69  0 -1  0  2  3.486731e-01  2.000000e-07
 46  89  0  0  0  2  1.101018e-01  2.000000e-07
 46  63  0  0  0  2  2.543447e-01  2.000000e-07
 46  47  0  0  0  2  4.271306e-02  2.000000e-07
 46  75  0  0  0  2  2.029340e-01  2.000000e-07
 46  58  0  0  0  2  8.404291e-02  2.000000e-07
 46  70  0  0  0  2  1.075727e-01  2.000000e-07
 89  63  0  0  0  2  2.885278e-01  2.000000e-07
 89  47  0  0  0  2  8.346882e-02  2.000000e-07
 89  66  0  0  0  2  2.055428e-01  2.000000e-07
 89  61  0 -1  0  2  2.808251e-01  2.000000e-07
 89  83  0  0  0  2  2.711922e-01  2.000000e-07
 89  70  0  0  0  2  1.965329e-01  2.000000e-07
 89  69  0 -1  0  2  2.967378e-01  2.000000e-07
 54  55  0  0  0  2  1.915214e-01  2.000000e-07
 54  74  0  0  0  2  1.582212e-01  2.000000e-07
 54  63  0  0  0  2  2.177604e-01  2.000000e-07
 54  5  0  0  0  2  3.829698e-01  2.000000e-07
 54  47  0  0  0  2  2.664246e-01  2.000000e-07
 54  57 -1  0  0  2  5.611659e-01  2.000000e-07
 54  65 -1  0  0  2  5.824856e-01  2.000000e-07
 54  50  0  0  0  2  1.127990e-01  2.000000e-07
 54  76  0  0  0  2  3.820914e-01  2.000000e-07
 54  45  0  0  0  2  2.700078e-01  2.000000e-07
 54  58  0  0  0  2  1.684101e-01  2.000000e-07
 54  4  0  0  0  2  1.641181e-02  2.000000e-07
 54  69  0  0  0  2  4.164169e-01  2.000000e-07
 88  44  0  0  0  2  3.642372e-01  2.000000e-07
 88  51  0  0  0  2  2.307819e-01  2.000000e-07
 88  50  0  0  0  2  2.027116e-01  2.000000e-07
 88  83  0  0  0  2  2.440651e-01  2.000000e-07
 88  49  0  0  0  2  2.664055e-01  2.000000e-07
 88  84  0  0  0  2  1.736452e-01  2.000000e-07
 88  85  0  0  0  2  1.912519e-01  2.000000e-07
 88  45  0  0  0  2  3.842508e-01  2.000000e-07
 88  68  0 -1  0  2  5.005634e-01  2.000000e-07
 44  55  0  0  0  2  6.422223e-02  2.000000e-07
 44  51  0  0  0  2  2.231721e-01  2.000000e-07
 44  66  0  0  0  2  2.532259e-01  2.000000e-07
 44  67 -1  0  0  2  1.796510e-01  2.000000e-07
 44  83 -1  0  0  2  4.053743e-01  2.000000e-07
 44  75  0  0  0  2  1.261104e-01  2.000000e-07
 44  45  0  0  0  2  2.064735e-02  2.000000e-07
 44  68  0 -1  0  2  4.005418e-01  2.000000e-07
 55  57 -1  0  0  2  4.392466e-01  2.000000e-07
 55  65 -1  0  0  2  3.929931e-01  2.000000e-07
 55  66  0  0  0  2  2.757318e-01  2.000000e-07
 55  62  0  0  0  2  3.224373e-01  2.000000e-07
 55  67 -1  0  0  2  1.983798e-01  2.000000e-07
 55  75  0  0  0  2  8.063489e-02  2.000000e-07
 55  58  0  0  0  2  2.270221e-01  2.000000e-07
 55  4  0  0  0  2  1.752491e-01  2.000000e-07
 74  56  0  0  0  2  1.250612e-01  2.000000e-07
 74  5  0  0  0  2  3.169601e-01  2.000000e-07
 74  51  0  0  0  2  2.101499e-01  2.000000e-07
 74  57  0  0  0  2  3.766605e-01  2.000000e-07
 74  82  0  0  0  2  1.558685e-01  2.000000e-07
 74  49  0  0  0  2  1.436611e-01  2.000000e-07
 74  76  0  0  0  2  2.564493e-01  2.000000e-07
 74  45  0  0  0  2  4.168794e-01  2.000000e-07
 74  68  0  0  0  2  4.253530e-01  2.000000e-07
 74  86  0  0  0  2  7.226289e-02  2.000000e-07
 74  69  0  0  0  2  2.609132e-01  2.000000e-07
 56  63  0  0  0  2  3.346270e-01  2.000000e-07
 56  51  0  0  0  2  2.431628e-01  2.000000e-07
 56  66  0  1  0  2  4.670903e-01  2.000000e-07
 56  61  0  0  0  2  3.111475e-01  2.000000e-07
 56  62  0  0  0  2  1.707534e-01  2.000000e-07
 56  82  0  0  0  2  2.019596e-01  2.000000e-07
 56  49  0  0  0  2  2.621036e-01  2.000000e-07
 56  76  0  0  0  2  2.023992e-01  2.000000e-07
 56  45  0  0  0  2  3.803822e-01  2.000000e-07
 56  68  0  0  0  2  3.183484e-01  2.000000e-07
 56  86  0  0  0  2  1.850836e-01  2.000000e-07
 56  4  0  0  0  2  1.951221e-01  2.000000e-07
 81  72  0  0  0  2  1.239561e-01  2.000000e-07
 81  65  0  1  0  2  1.943227e-01  2.000000e-07
 81  7  0  0  0  2  1.167683e-01  2.000000e-07
 81  82  0  0  0  2  3.603120e-01  2.000000e-07
 81  2  0  0  0  2  1.096307e-01  2.000000e-07
 81  83  0  1  0  2  3.554763e-01  2.000000e-07
 81  84  0  1  0  2  2.981110e-01  2.000000e-07
 81  85  0  1  0  2  3.060984e-01  2.000000e-07
 81  45  1  1  0  2  5.058050e-01  2.000000e-07
 81  68  1  0  0  2  3.419346e-01  2.000000e-07
 63  47  0  0  0  2  2.321646e-01  2.000000e-07
 63  57  0  0  0  2  2.626756e-01  2.000000e-07
 63  72  0  0  0  2  5.896531e-01  2.000000e-07
 63  61  0  0  0  2  4.387387e-01  2.000000e-07
 63  62  1  0  0  2  6.213660e-01  2.000000e-07
 63  67  0  0  0  2  4.293979e-01  2.000000e-07
 63  50  0  0  0  2  1.072994e-01  2.000000e-07
 63  83  0  0  0  2  2.311978e-01  2.000000e-07
 63  49  0  0  0  2  7.820346e-02  2.000000e-07
 63  86  0  0  0  2  2.102164e-01  2.000000e-07
 63  58  0  0  0  2  2.041406e-01  2.000000e-07
 63  70  0  0  0  2  1.734925e-01  2.000000e-07
 63  4  0  0  0  2  2.292787e-01  2.000000e-07
 63  69  0  0  0  2  4.285468e-01  2.000000e-07
 5  57 -1  0  0  2  4.543229e-01  2.000000e-07
 5  72 -1  0  0  2  2.917923e-01  2.000000e-07
 5  65 -1  1  0  2  4.014989e-01  2.000000e-07
 5  66  0  1  0  2  3.325401e-01  2.000000e-07
 5  62  0  0  0  2  1.338481e-01  2.000000e-07
 5  67 -1  0  0  2  4.476664e-01  2.000000e-07
 5  76  0  0  0  2  1.624861e-01  2.000000e-07
 5  68  0  0  0  2  1.155414e-01  2.000000e-07
 5  68  0  0  0  2  1.155414e-01  2.000000e-07
 47  66  0  0  0  2  1.954761e-01  2.000000e-07
 47  50  0  0  0  2  2.086820e-01  2.000000e-07
 47  84  0  0  0  2  1.688717e-01  2.000000e-07
 47  76  0 -1  0  2  4.018467e-01  2.000000e-07
 47  58  0  0  0  2  1.005397e-01  2.000000e-07
 47  69  0 -1  0  2  3.685077e-01  2.000000e-07
 51  50  0  0  0  2  1.114466e-01  2.000000e-07
 51  49  0  0  0  2  1.986535e-01  2.000000e-07
 51  45  0  0  0  2  2.423463e-01  2.000000e-07
 51  86  0  0  0  2  2.647006e-01  2.000000e-07
 57  72  0  0  0  2  3.723360e-01  2.000000e-07
 57  65  0  0  0  2  4.771791e-01  2.000000e-07
 57  7  0  0  0  2  2.636672e-01  2.000000e-07
 57  82  0  0  0  2  3.709187e-01  2.000000e-07
 57  67  0  0  0  2  2.543881e-01  2.000000e-07
 57  67  0  0  0  2  2.543881e-01  2.000000e-07
 57  83  0  0  0  2  2.762059e-01  2.000000e-07
 57  49  0  0  0  2  2.787148e-01  2.000000e-07
 57  85  0  0  0  2  3.459591e-01  2.000000e-07
 57  45  1  0  0  2  4.166140e-01  2.000000e-07
 57  86  0  0  0  2  3.156611e-01  2.000000e-07
 57  69  0  0  0  2  4.295689e-01  2.000000e-07
 72  65  0  1  0  2  1.788798e-01  2.000000e-07
 72  61  0  0  0  2  3.926311e-01  2.000000e-07
 72  62  1  0  0  2  3.292942e-01  2.000000e-07
 72  7  0  0  0  2  1.304792e-01  2.000000e-07
 72  2  0  0  0  2  2.301322e-01  2.000000e-07
 72  67  0  0  0  2  5.237248e-01  2.000000e-07
 72  84  0  1  0  2  4.188080e-01  2.000000e-07
 72  68  1  0  0  2  2.187394e-01  2.000000e-07
 72  68  1  0  0  2  2.187394e-01  2.000000e-07
 72  69  0  0  0  2  4.263202e-01  2.000000e-07
 65  66  1  0  0  2  4.097668e-01  2.000000e-07
 65  2  0 -1  0  2  2.834027e-01  2.000000e-07
 65  67  0  0  0  2  3.188566e-01  2.000000e-07
 65  84  0  0  0  2  3.840177e-01  2.000000e-07
 65  85  0  0  0  2  2.427794e-01  2.000000e-07
 65  45  1  0  0  2  3.138705e-01  2.000000e-07
 65  68  1 -1  0  2  2.933628e-01  2.000000e-07
 65  68  1 -1  0  2  2.933628e-01  2.000000e-07
 65  58  1  0  0  2  5.513698e-01  2.000000e-07
 66  61  0 -1  0  2  3.191325e-01  2.000000e-07
 66  62  0 -1  0  2  4.660426e-01  2.000000e-07
 66  67 -1  0  0  2  4.257062e-01  2.000000e-07
 66  76  0 -1  0  2  2.686663e-01  2.000000e-07
 66  75  0  0  0  2  2.422111e-01  2.000000e-07
 66  68  0 -1  0  2  2.722952e-01  2.000000e-07
 66  58  0  0  0  2  2.174044e-01  2.000000e-07
 61  62  0  0  0  2  4.268459e-01  2.000000e-07
 61  82  0  0  0  2  1.288324e-01  2.000000e-07
 61  2  0  0  0  2  1.662026e-01  2.000000e-07
 61  76  0  0  0  2  1.834863e-01  2.000000e-07
 61  68  0  0  0  2  3.929481e-01  2.000000e-07
 61  86  0  0  0  2  2.419699e-01  2.000000e-07
 61  69  0  0  0  2  3.542196e-02  2.000000e-07
 62  2 -1  0  0  2  5.170413e-01  2.000000e-07
 62  67 -1  0  0  2  3.150124e-01  2.000000e-07
 62  76  0  0  0  2  2.595129e-01  2.000000e-07
 62  45  0  0  0  2  3.707887e-01  2.000000e-07
 62  68  0  0  0  2  2.307276e-01  2.000000e-07
 7  82  0  0  0  2  3.461952e-01  2.000000e-07
 7  84  0  1  0  2  3.838452e-01  2.000000e-07
 7  68  1  0  0  2  3.226157e-01  2.000000e-07
 7  69  0  0  0  2  3.317309e-01  2.000000e-07
 82  2  0  0  0  2  2.608996e-01  2.000000e-07
 82  84  0  1  0  2  3.158386e-01  2.000000e-07
 82  76  0  0  0  2  1.706587e-01  2.000000e-07
 82  68  0  0  0  2  3.855940e-01  2.000000e-07
 82  86  0  0  0  2  1.184449e-01  2.000000e-07
 82  69  0  0  0  2  1.076260e-01  2.000000e-07
 2  67  0  0  0  2  6.062412e-01  2.000000e-07
 2  67  0  1  0  2  5.760318e-01  2.000000e-07
 2  83  0  1  0  2  3.783122e-01  2.000000e-07
 2  85  0  1  0  2  3.129411e-01  2.000000e-07
 2  68  1  0  0  2  4.488416e-01  2.000000e-07
 2  86  0  0  0  2  3.418765e-01  2.000000e-07
 67  83  0  0  0  2  2.721137e-01  2.000000e-07
 67  45  1  0  0  2  1.627026e-01  2.000000e-07
 67  68  1 -1  0  2  5.072277e-01  2.000000e-07
 50  49  0  0  0  2  9.529159e-02  2.000000e-07
 50  84  0  0  0  2  3.748662e-01  2.000000e-07
 50  85  0  0  0  2  3.143469e-01  2.000000e-07
 50  58  0  0  0  2  1.372131e-01  2.000000e-07
 50  69  0  0  0  2  4.243859e-01  2.000000e-07
 83  49  0  0  0  2  3.062830e-01  2.000000e-07
 83  85  0  0  0  2  7.642066e-02  2.000000e-07
 83  45  1  0  0  2  3.847271e-01  2.000000e-07
 83  68  1 -1  0  2  5.390200e-01  2.000000e-07
 83  70  0  0  0  2  3.197460e-01  2.000000e-07
 49  85  0  0  0  2  3.232543e-01  2.000000e-07
 49  86  0  0  0  2  1.341328e-01  2.000000e-07
 49  70  0  0  0  2  1.967605e-01  2.000000e-07
 84  76  0 -1  0  2  2.823378e-01  2.000000e-07
 84  85  0  0  0  2  2.454737e-01  2.000000e-07
 84  69  0 -1  0  2  2.083828e-01  2.000000e-07
 76  69  0  0  0  2  1.499311e-01  2.000000e-07
 75  58  0  0  0  2  1.474367e-01  2.000000e-07
 75  70  0  0  0  2  1.604955e-01  2.000000e-07
 75  4  0  0  0  2  1.227303e-01  2.000000e-07
 85  0  0 -1  0  2  3.216300e-01  2.000000e-07
 85  45  1  0  0  2  4.386543e-01  2.000000e-07
 45  68  0 -1  0  2  3.988248e-01  2.000000e-07
 68  1 -1  1  0  2  5.358764e-01  2.000000e-07
 58  70  0  0  0  2  3.167595e-02  2.000000e-07
 58  4  0  0  0  2  1.637390e-01  2.000000e-07
 70  4  0  0  0  2  1.518748e-01  2.000000e-07
 4  69  0  0  0  2  4.305348e-01  2.000000e-07
 69  66  0  1  0  2  3.112896e-01  2.000000e-07
 3  1  0  0  0  1  1.046173e-01  3.000000e-07
 3  89  0  0  0  1  6.304355e-02  3.000000e-07
 3  2  0 -1  0  1  2.271648e-01  3.000000e-07
 0  78  0  0  0  1  1.423295e-01  3.000000e-07
 0  81  0  0  0  1  1.086142e-01  3.000000e-07
 0  61  0  0  0  1  1.670009e-01  3.000000e-07
 0  82  0  0  0  1  2.576984e-01  3.000000e-07
 52  73  0 -1  0  1  2.301600e-01  3.000000e-07
 52  84  0  0  0  1  2.131283e-01  3.000000e-07
 52  76  0 -1  0  1  2.445787e-01  3.000000e-07
 52  45  0  0  0  1  2.821623e-01  3.000000e-07
 52  68  0 -1  0  1  2.517187e-01  3.000000e-07
 48  54  0  0  0  1  1.397587e-01  3.000000e-07
 48  74  0  0  0  1  8.324950e-02  3.000000e-07
 48  50  0  0  0  1  1.022471e-01  3.000000e-07
 48  49  0  0  0  1  6.374349e-02  3.000000e-07
 48  86  0  0  0  1  9.865679e-02  3.000000e-07
 6  53  0  0  0  1  1.448758e-01  3.000000e-07
 6  54  0  0  0  1  1.001833e-01  3.000000e-07
 6  74  0  0  0  1  1.704335e-01  3.000000e-07
 6  56  0  0  0  1  1.242882e-01  3.000000e-07
 6  4  0  0  0  1  9.812632e-02  3.000000e-07
 1  89  0  0  0  1  1.312136e-01  3.000000e-07
 1  81  0 -1  0  1  2.448815e-01  3.000000e-07
 1  65  0  0  0  1  2.622044e-01  3.000000e-07
 1  2  0 -1  0  1  2.191709e-01  3.000000e-07
 80  46  0  0  0  1  7.137662e-02  3.000000e-07
 80  44  0  0  0  1  2.219708e-01  3.000000e-07
 80  66  0  0  0  1  1.612195e-01  3.000000e-07
 80  75  0  0  0  1  1.320414e-01  3.000000e-07
 80  58  0  0  0  1  5.986093e-02  3.000000e-07
 53  62  0  0  0  1  2.863744e-01  3.000000e-07
 53  67 -1  0  0  1  2.066442e-01  3.000000e-07
 53  75  0  0  0  1  8.346024e-02  3.000000e-07
 53  4  0  0  0  1  1.469705e-01  3.000000e-07
 60  50  0  0  0  1  1.065970e-01  3.000000e-07
 64  78  0  0  0  1  1.041527e-01  3.000000e-07
 64  5  1  0  0  1  3.131538e-01  3.000000e-07
 64  57  0  0  0  1  2.041722e-01  3.000000e-07
 64  72  0  0  0  1  1.691424e-01  3.000000e-07
 64  62  1  0  0  1  2.761604e-01  3.000000e-07
 64  7  0  0  0  1  9.083440e-02  3.000000e-07
 78  81  0  0  0  1  1.143743e-01  3.000000e-07
 78  57  0  0  0  1  2.617815e-01  3.000000e-07
 78  86  0  0  0  1  3.599861e-01  3.000000e-07
 73  61  0  0  0  1  8.025810e-02  3.000000e-07
 73  84  0  1  0  1  1.727359e-01  3.000000e-07
 73  76  0  0  0  1  1.242895e-01  3.000000e-07
 73  69  0  0  0  1  6.355097e-02  3.000000e-07
 87  88  0  0  0  1  1.686769e-01  3.000000e-07
 87  65  0  0  0  1  2.512000e-01  3.000000e-07
 87  85  0  0  0  1  7.921494e-02  3.000000e-07
 46  89  0  0  0  1  1.101018e-01  3.000000e-07
 46  66  0  0  0  1  1.613403e-01  3.000000e-07
 46  58  0  0  0  1  8.404291e-02  3.000000e-07
 89  88  0  0  0  1  8.383928e-02  3.000000e-07
 89  47  0  0  0  1  8.346882e-02  3.000000e-07
 89  84  0  0  0  1  8.981731e-02  3.000000e-07
 54  74  0  0  0  1  1.582212e-01  3.000000e-07
 54  50  0  0  0  1  1.127990e-01  3.000000e-07
 88  63  0  0  0  1  2.080786e-01  3.000000e-07
 88  85  0  0  0  1  1.912519e-01  3.000000e-07
 88  70  0  0  0  1  1.230263e-01  3.000000e-07
 44  55  0  0  0  1  6.422223e-02  3.000000e-07
 44  66  0  0  0  1  2.532259e-01  3.000000e-07
 44  75  0  0  0  1  1.261104e-01  3.000000e-07
 55  67 -1  0  0  1  1.983798e-01  3.000000e-07
 55  75  0  0  0  1  8.063489e-02  3.000000e-07
 55  45  0  0  0  1  7.915020e-02  3.000000e-07
 74  56  0  0  0  1  1.250612e-01  3.000000e-07
 74  82  0  0  0  1  1.558685e-01  3.000000e-07
 74  86  0  0  0  1  7.226289e-02  3.000000e-07
 56  5  0  0  0  1  2.042614e-01  3.000000e-07
 56  62  0  0  0  1  1.707534e-01  3.000000e-07
 56  82  0  0  0  1  2.019596e-01  3.000000e-07
 56  76  0  0  0  1  2.023992e-01  3.000000e-07
 81  72  0  0  0  1  1.239561e-01  3.000000e-07
 81  7  0  0  0  1  1.167683e-01  3.000000e-07
 81  2  0  0  0  1  1.096307e-01  3.000000e-07
 63  57  0  0  0  1  2.626756e-01  3.000000e-07
 63  50  0  0  0  1  1.072994e-01  3.000000e-07
 63  49  0  0  0  1  7.820346e-02  3.000000e-07
 63  85  0  0  0  1  2.450540e-01  3.000000e-07
 63  70  0  0  0  1  1.734925e-01  3.000000e-07
 5  62  0  0  0  1  1.338481e-01  3.000000e-07
 5  76  0  0  0  1  1.624861e-01  3.000000e-07
 5  68  0  0  0  1  1.155414e-01  3.000000e-07
 47  58  0  0  0  1  1.005397e-01  3.000000e-07
 47  70  0  0  0  1  1.136338e-01  3.000000e-07
 51  50  0  0  0  1  1.114466e-01  3.000000e-07
 51  75  0  0  0  1  9.883987e-02  3.000000e-07
 51  58  0  0  0  1  1.164899e-01  3.000000e-07
 51  70  0  0  0  1  1.080525e-01  3.000000e-07
 57  62  1  0  0  1  3.606029e-01  3.000000e-07
 57  83  0  0  0  1  2.762059e-01  3.000000e-07
 57  86  0  0  0  1  3.156611e-01  3.000000e-07
 72  65  0  1  0  1  1.788798e-01  3.000000e-07
 72  7  0  0  0  1  1.304792e-01  3.000000e-07
 72  68  1  0  0  1  2.187394e-01  3.000000e-07
 65  67  0  0  0  1  3.188566e-01  3.000000e-07
 65  83  0  0  0  1  2.488740e-01  3.000000e-07
 65  85  0  0  0  1  2.427794e-01  3.000000e-07
 65  45  1  0  0  1  3.138705e-01  3.000000e-07
 65  68  1 -1  0  1  2.933628e-01  3.000000e-07
 66  84  0  0  0  1  2.136956e-01  3.000000e-07
 66  45  0  0  0  1  2.658593e-01  3.000000e-07
 61  82  0  0  0  1  1.288324e-01  3.000000e-07
 61  2  0  0  0  1  1.662026e-01  3.000000e-07
 61  84  0  1  0  1  1.911210e-01  3.000000e-07
 62  67 -1  0  0  1  3.150124e-01  3.000000e-07
 82  76  0  0  0  1  1.706587e-01  3.000000e-07
 82  86  0  0  0  1  1.184449e-01  3.000000e-07
 2  84  0  1  0  1  2.182271e-01  3.000000e-07
 67  83  0  0  0  1  2.721137e-01  3.000000e-07
 67  45  1  0  0  1  1.627026e-01  3.000000e-07
 50  49  0  0  0  1  9.529159e-02  3.000000e-07
 83  85  0  0  0  1  7.642066e-02  3.000000e-07
 49  86  0  0  0  1  1.341328e-01  3.000000e-07
 76  68  0  0  0  1  2.192059e-01  3.000000e-07
 76  69  0  0  0  1  1.499311e-01  3.000000e-07
 75  58  0  0  0  1  1.474367e-01  3.000000e-07
 75  4  0  0  0  1  1.227303e-01  3.000000e-07
 45  68  0 -1  0  1  3.988248e-01  3.000000e-07
 1.140317e-01  4.033745e-01  0
 7.248016e-02 -3.719959e-01  0
 1.109962e-01  4.122440e-01  0
-2.621032e-02 -4.067085e-01  0
-2.302395e-01 -5.144805e-02  0
-3.883376e-01  3.018267e-01  0
-2.960339e-01  2.135213e-02  0
 2.488949e-01  3.188610e-01  0
 1.304486e-01  3.271374e-01 -2.150216e-01
-2.406477e-02  1.578941e-01  3.359331e-01
-3.316808e-01 -3.481311e-01  2.575766e-01
-4.361083e-01 -2.286355e-01  2.295943e-01
 8.889126e-02 -2.380991e-01 -1.059815e-01
 3.583454e-01 -3.690843e-01  1.092205e-01
 1.827719e-01 -3.755104e-01  4.034278e-01
-7.416940e-02 -3.893175e-01  3.008905e-01
 4.051625e-01 -3.624792e-02  1.581522e-01
-2.415941e-01  3.846847e-02 -2.679296e-01
-3.812040e-01 -6.389222e-02 -1.680273e-01
 2.956084e-01 -2.497283e-02 -2.881184e-01
-3.636500e-01  3.766229e-01 -2.543625e-01
 3.951407e-01  1.782697e-01  1.282951e-01
-2.288473e-01  1.483017e-01  4.124354e-01
-3.568715e-01  6.477605e-02  2.568569e-01
-2.508150e-01  3.056567e-01  3.123280e-01
-3.207013e-01  4.215230e-01  3.281262e-01
 3.151513e-01  2.415127e-01  3.450849e-01
 4.043695e-01  1.635160e-01 -3.190998e-01
 4.015529e-01  7.975032e-02 -3.486915e-01
-2.828962e-01  9.459545e-02 -2.589289e-01
 2.558534e-01 -3.371662e-01  4.024405e-01
 4.380276e-01  4.278663e-01  2.811738e-01
-1.883473e-01 -2.501094e-02 -3.541175e-01
-2.102054e-01  2.604366e-02 -4.004341e-01
 4.191468e-01 -2.798444e-01 -2.810239e-01
-1.529577e-01 -4.177299e-01  3.626702e-01
 2.593051e-01  4.496577e-01  1.817147e-01
-1.265257e-01  2.804460e-01 -3.416157e-01
-2.163322e-01 -4.347809e-01 -3.139659e-01
 1.510375e-01  1.613443e-01 -3.185119e-01
-3.493909e-03  1.965336e-02 -2.914863e-01
 2.095823e-01  1.616267e-01 -4.200319e-01
-9.658636e-02 -3.003464e-01 -2.770381e-01
-9.463953e-02 -1.194867e-01 -1.167038e-01
-4.179744e-01 -1.950117e-01  0
-4.385923e-01 -1.961138e-01  0
-1.415408e-01 -2.810528e-01  0
-9.885678e-02 -2.794769e-01  0
-9.755254e-02  3.058180e-02  0
-4.292168e-02 -2.261802e-03  0
-1.088809e-01 -7.103581e-02  0
-2.170438e-01 -9.788975e-02  0
-2.625487e-01 -4.166228e-01  0
-3.671600e-01 -1.048623e-01  0
-2.176013e-01 -4.097784e-02  0
-3.791443e-01 -1.438578e-01  0
-2.624053e-01  1.410045e-01  0
 2.296577e-01  5.589643e-02  0
-1.588751e-01 -1.988169e-01  0
-3.831676e-01 -1.051963e-01  1.959919e-01
-2.154274e-01 -6.775257e-02  0
-4.907092e-02  3.675022e-01  0
-4.298269e-01  1.745713e-01  0
-1.607797e-03 -6.866168e-02  0
 3.034787e-01  2.462559e-01  0
 3.318859e-01 -4.102036e-01  0
-2.587554e-01 -3.919194e-01  0
 4.261972e-01 -1.056139e-01  0
-4.402196e-01  4.050647e-01  0
-8.113187e-02  3.524419e-01  0
-1.398465e-01 -1.734934e-01  0
-2.791074e-01  1.052601e-01 -1.563511e-01
 3.411259e-01  4.111554e-01  0
-1.219246e-01  4.011726e-01  0
-1.444892e-01  9.933809e-02  0
-2.990387e-01 -1.530817e-01  0
-2.306174e-01  3.408918e-01  0
 2.560250e-01  3.833336e-01 -1.483811e-01
 2.276648e-01  3.176703e-01  0
-1.266867e-01  3.694551e-01  1.436815e-01
-2.009122e-01 -2.414339e-01  0
 2.188854e-01  4.317072e-01  0
-8.935797e-02  2.451308e-01  0
 1.771580e-01 -2.152741e-01  0
-5.086376e-02 -4.413852e-01  0
 1.299766e-01 -2.753910e-01  0
-7.783362e-02  1.272479e-01  0
 8.967924e-02 -3.435902e-01  0
-6.113411e-02 -2.680440e-01  0
-5.716822e-02 -3.517895e-01  0