 700  90  1.200000e-05  65 -2 -2
 31  88  0  0  0  3  1.840616e-01  1.000000e-07
 31  28  0  1  0  3  2.770621e-01  1.000000e-07
 31  29  0  1  0  3  4.748074e-01  1.000000e-07
 31  39  0  1  0  3  4.225998e-01  1.000000e-07
 31  42  0  0  0  3  4.980294e-01  1.000000e-07
 31  40  0  1  0  3  3.978061e-01  1.000000e-07
 31  46  0  0  1  3  4.558497e-01  1.000000e-07
 85  88  0  0  0  3  4.021220e-01  1.000000e-07
 85  35  0  0  0  3  4.621726e-01  1.000000e-07
 85  34  0  0  0  3  4.391587e-01  1.000000e-07
 85  33  0  0  0  3  4.041691e-01  1.000000e-07
 85  86  0  0  0  3  2.472477e-01  1.000000e-07
 85  29  0  0  0  3  2.058296e-01  1.000000e-07
 85  36  1  0  0  3  4.235755e-01  1.000000e-07
 85  44  0  0  1  3  4.469314e-01  1.000000e-07
 37  35 -1  0  0  3  3.780313e-01  1.000000e-07
 37  34 -1  0  0  3  3.253655e-01  1.000000e-07
 37  39  0  0  0  3  2.132881e-01  1.000000e-07
 37  40  0  0  0  3  2.287768e-01  1.000000e-07
 37  36  0  0  0  3  2.286602e-01  1.000000e-07
 88  32  0  0  0  3  3.004733e-01  1.000000e-07
 88  35  0  1  0  3  4.139841e-01  1.000000e-07
 88  34  0  1  0  3  3.804001e-01  1.000000e-07
 88  33  0  0  0  3  2.880898e-01  1.000000e-07
 88  46  0  0  1  3  4.695370e-01  1.000000e-07
 88  48  0  0  1  3  4.357967e-01  1.000000e-07
 32  41  1  0  0  3  3.811516e-01  1.000000e-07
 32  33  0  0  0  3  3.146895e-01  1.000000e-07
 32  86  0  0  0  3  2.224729e-01  1.000000e-07
 32  42  0  0  0  3  5.141819e-01  1.000000e-07
 32  42  1  0  0  3  4.959451e-01  1.000000e-07
 32  38  0  0  0  3  3.540714e-01  1.000000e-07
 32  89  0  0  1  3  5.133284e-01  1.000000e-07
 32  48  0  0  1  3  4.253516e-01  1.000000e-07
 35  38  0 -1  0  3  2.580464e-01  1.000000e-07
 35  36  1  0  0  3  2.322959e-01  1.000000e-07
 35  44  0  0  1  3  4.529711e-01  1.000000e-07
 35  45  0  0  1  3  4.326974e-01  1.000000e-07
 35  47  1  0  1  3  3.084742e-01  1.000000e-07
 35  48  0 -1  1  3  1.540088e-01  1.000000e-07
 41  28  0  1  0  3  3.236420e-01  1.000000e-07
 41  86 -1  0  0  3  3.462492e-01  1.000000e-07
 41  30  0  0  0  3  5.624747e-01  1.000000e-07
 41  38 -1  0  0  3  2.054106e-01  1.000000e-07
 41  40  0  1  0  3  4.185997e-01  1.000000e-07
 41  26  0  0  1  3  3.742908e-01  1.000000e-07
 41  77  0  0  1  3  4.312330e-01  1.000000e-07
 41  18  0  0  1  3  3.948436e-01  1.000000e-07
 34  86  0  0  0  3  5.059793e-01  1.000000e-07
 34  38  0 -1  0  3  2.440978e-01  1.000000e-07
 33  86  0  0  0  3  2.476543e-01  1.000000e-07
 33  38  0  0  0  3  1.274771e-01  1.000000e-07
 33  40  1  1  0  3  4.331868e-01  1.000000e-07
 28  39  0  0  0  3  2.860849e-01  1.000000e-07
 28  40  0  0  0  3  3.589049e-01  1.000000e-07
 28  43  0  0  0  3  3.182634e-01  1.000000e-07
 28  45  0  0  1  3  3.291875e-01  1.000000e-07
 28  46  0 -1  1  3  4.487679e-01  1.000000e-07
 28  47  0  0  1  3  2.448166e-01  1.000000e-07
 28  48 -1 -1  1  3  3.752572e-01  1.000000e-07
 86  38  0  0  0  3  3.254387e-01  1.000000e-07
 86  43  1  0  0  3  3.754912e-01  1.000000e-07
 29  39  0  0  0  3  2.872128e-01  1.000000e-07
 29  30  0  0  0  3  8.691339e-02  1.000000e-07
 29  44  0  0  1  3  5.053833e-01  1.000000e-07
 39  30  0  0  0  3  2.482892e-01  1.000000e-07
 39  43  0  0  0  3  1.699124e-01  1.000000e-07
 39  36  0  0  0  3  2.479887e-01  1.000000e-07
 39  45  0  0  1  3  4.683623e-01  1.000000e-07
 42  30  0  0  0  3  2.779815e-01  1.000000e-07
 42  43  0  0  0  3  1.607612e-01  1.000000e-07
 42  26  0  0  1  3  2.549058e-01  1.000000e-07
 42  19  0  0  1  3  3.975881e-01  1.000000e-07
 42  49  0  0  1  3  2.779654e-01  1.000000e-07
 30  43  0  0  0  3  3.428697e-01  1.000000e-07
 30  44  0  0  1  3  4.979357e-01  1.000000e-07
 38  40  1  1  0  3  3.663940e-01  1.000000e-07
 38  48  0  0  1  3  3.029336e-01  1.000000e-07
 43  36  0  0  0  3  1.924605e-01  1.000000e-07
 43  21  0  0  1  3  3.201575e-01  1.000000e-07
 43  19  0  0  1  3  3.429224e-01  1.000000e-07
 43  49  0  0  1  3  1.464899e-01  1.000000e-07
 36  89 -1  0  1  3  5.255066e-01  1.000000e-07
 36  44 -1  0  1  3  5.432484e-01  1.000000e-07
 36  49  0  0  1  3  1.726851e-01  1.000000e-07
 36  47  0  0  1  3  3.118924e-01  1.000000e-07
 89  27  1  0  0  3  5.582911e-01  1.000000e-07
 89  44  0  0  0  3  9.851681e-02  1.000000e-07
 89  24  0  0  0  3  3.356515e-01  1.000000e-07
 27  21  0  0  0  3  2.289458e-01  1.000000e-07
 27  19  0  0  0  3  2.235653e-01  1.000000e-07
 27  20  0 -1  0  3  4.901063e-01  1.000000e-07
 27  17 -1  0  0  3  5.696202e-01  1.000000e-07
 27  47  0  0  0  3  3.080207e-01  1.000000e-07
 27  78  0  0  0  3  1.729236e-01  1.000000e-07
 25  21  0  0  0  3  2.257074e-01  1.000000e-07
 25  19  0  0  0  3  2.102228e-01  1.000000e-07
 25  20  0 -1  0  3  4.440783e-01  1.000000e-07
 25  46  0 -1  0  3  4.289050e-01  1.000000e-07
 25  17  0  0  0  3  4.134516e-01  1.000000e-07
 25  18  0 -1  0  3  3.066252e-01  1.000000e-07
 25  49  0  0  0  3  2.467639e-01  1.000000e-07
 25  47  0  0  0  3  1.376062e-01  1.000000e-07
 25  78  0  0  0  3  2.694111e-01  1.000000e-07
 21  26  0  0  0  3  2.692456e-01  1.000000e-07
 21  44  0  0  0  3  3.191255e-01  1.000000e-07
 21  23  0  0  0  3  1.807697e-01  1.000000e-07
 21  24  0  0  0  3  1.590693e-01  1.000000e-07
 21  49  0  0  0  3  2.674987e-01  1.000000e-07
 21  78  0  0  0  3  1.674119e-01  1.000000e-07
 26  23  0  0  0  3  2.692949e-01  1.000000e-07
 26  20  0  0  0  3  4.283966e-01  1.000000e-07
 26  77  0  0  0  3  3.408053e-01  1.000000e-07
 26  18  0  0  0  3  3.340397e-01  1.000000e-07
 26  49  0  0  0  3  3.332096e-01  1.000000e-07
 26  22  0  0  0  3  3.909705e-01  1.000000e-07
 44  19  0  0  0  3  2.820746e-01  1.000000e-07
 44  24  0  0  0  3  3.113096e-01  1.000000e-07
 23  24  0  0  0  3  2.258803e-01  1.000000e-07
 23  49  0  0  0  3  3.322968e-01  1.000000e-07
 23  22 -1  0  0  3  6.120099e-01  1.000000e-07
 23  78  0  0  0  3  2.257449e-01  1.000000e-07
 19  45  0  0  0  3  3.249764e-01  1.000000e-07
 19  24  0  0  0  3  1.504514e-01  1.000000e-07
 19  78  0  0  0  3  1.410091e-01  1.000000e-07
 20  77  0  0  0  3  4.435495e-01  1.000000e-07
 20  24  0  0  0  3  4.499113e-01  1.000000e-07
 20  46  0  0  0  3  1.607655e-01  1.000000e-07
 20  78  0  1  0  3  4.648608e-01  1.000000e-07
 77  22 -1  0  0  3  5.429350e-01  1.000000e-07
 45  46  0 -1  0  3  2.748914e-01  1.000000e-07
 45  87  0 -1  0  3  3.838471e-01  1.000000e-07
 45  47  0  0  0  3  3.991944e-01  1.000000e-07
 45  48  0 -1  0  3  4.379073e-01  1.000000e-07
 45  78  0  0  0  3  3.733494e-01  1.000000e-07
 24  22  0  0  0  3  2.338846e-01  1.000000e-07
 24  78  0  0  0  3  1.434303e-01  1.000000e-07
 46  17  0  1  0  3  2.809888e-01  1.000000e-07
 46  87  0  0  0  3  2.350038e-01  1.000000e-07
 46  47  0  1  0  3  4.524929e-01  1.000000e-07
 17  87  0 -1  0  3  3.257256e-01  1.000000e-07
 17  48  0 -1  0  3  4.153833e-01  1.000000e-07
 17  78  0  0  0  3  3.572021e-01  1.000000e-07
 18  17 -1  1  0  3  5.378744e-01  1.000000e-07
 18  87 -1  0  0  3  3.401195e-01  1.000000e-07
 18  47  0  1  0  3  2.207727e-01  1.000000e-07
 18  48 -1  0  0  3  3.048476e-01  1.000000e-07
 87  47  1  1  0  3  4.329427e-01  1.000000e-07
 87  48  0  0  0  3  2.672809e-01  1.000000e-07
 87  22  0  0  0  3  3.519821e-01  1.000000e-07
 49  47  0  0  0  3  2.831978e-01  1.000000e-07
 49  22 -1  0  0  3  6.632959e-01  1.000000e-07
 48  77  1  0  0  3  3.306893e-01  1.000000e-07
 85  6  0  0  0  3  3.090775e-01  1.000000e-07
 60  89  0  0  0  3  2.782431e-01  1.000000e-07
 30  62  0  0  0  3  2.984219e-01  1.000000e-07
 61  23  0  0  0  3  1.777691e-01  1.000000e-07
 37  52  0  0  0  3  2.059022e-01  1.000000e-07
 75  27  0  0  0  3  1.075460e-01  1.000000e-07
 34  63  0 -1  0  3  1.610062e-01  1.000000e-07
 55  18  1  0  0  3  2.855863e-01  1.000000e-07
 37  56  0  0  0  3  2.201486e-01  1.000000e-07
 52  23  0  0  0  3  1.640546e-01  1.000000e-07
 42  58  0  0  0  3  4.918520e-01  1.000000e-07
 69  77  0  0  0  3  1.950268e-01  1.000000e-07
 40  76  0  0  0  3  1.688350e-01  1.000000e-07
 75  78  0  0  0  3  1.732145e-01  1.000000e-07
 30  59  0  0  0  3  2.446699e-01  1.000000e-07
 62  24  0  0  0  3  1.511465e-01  1.000000e-07
 29  57  0  0  0  3  2.235786e-01  1.000000e-07
 80  89  0  0  0  3  2.888861e-01  1.000000e-07
 34  63  0 -1  0  3  1.720725e-01  1.000000e-07
 55  77  1  0  0  3  2.395964e-01  1.000000e-07
 33  83  0  0  0  3  1.885041e-01  1.000000e-07
 8  87  0  0  0  3  2.663058e-01  1.000000e-07
 86  9  0  0  0  3  3.353532e-01  1.000000e-07
 81  22  0  0  0  3  1.926553e-01  1.000000e-07
 88  7  0  0  0  3  3.259572e-01  1.000000e-07
 82  22  0  0  0  3  1.700369e-01  1.000000e-07
 40  64  0  0  0  3  1.247502e-01  1.000000e-07
 75  18  0 -1  0  3  2.541632e-01  1.000000e-07
 33  83  0  0  0  3  2.056888e-01  1.000000e-07
 63  77  1  0  0  3  1.867349e-01  1.000000e-07
 86  6  0  0  0  3  3.308211e-01  1.000000e-07
 60  89  0  0  0  3  3.347783e-01  1.000000e-07
 33  54  1  0  0  3  3.065712e-01  1.000000e-07
 56  23  0  0  0  3  2.425305e-01  1.000000e-07
 29  65  0  0  0  3  2.248285e-01  1.000000e-07
 84  22  0  0  0  3  1.649157e-01  1.000000e-07
 34  55  0 -1  0  3  1.394335e-01  1.000000e-07
 63  87  0  0  0  3  3.021208e-01  1.000000e-07
 34  52  1  0  0  3  2.290501e-01  1.000000e-07
 64  27  0  0  0  3  1.947958e-01  1.000000e-07
 31  51  0  1  0  3  3.300084e-01  1.000000e-07
 66  17  0  0  0  3  2.486043e-01  1.000000e-07
 29  62  0  0  0  3  2.410027e-01  1.000000e-07
 4  78  0  0  0  3  1.274503e-01  1.000000e-07
 37  60 -1  0  0  3  2.703454e-01  1.000000e-07
 68  89  0  0  0  3  3.623474e-01  1.000000e-07
 30  67  0  0  0  3  3.716057e-01  1.000000e-07
 50  20  0  0  0  3  1.602385e-01  1.000000e-07
 38  58  1  0  0  3  2.732578e-01  1.000000e-07
 0  77  0  0  0  3  1.736304e-01  1.000000e-07
 39  79  0  0  0  3  3.073493e-01  1.000000e-07
 4  78  0  0  0  3  1.076812e-01  1.000000e-07
 31  76  0  1  0  3  4.096403e-01  1.000000e-07
 79  78  0  0  0  3  1.448242e-01  1.000000e-07
 29  57  0  0  0  3  2.448475e-01  1.000000e-07
 66  17  0  0  0  3  2.759052e-01  1.000000e-07
 37  79  0  0  0  3  2.550220e-01  1.000000e-07
 4  78  0  0  0  3  1.398964e-01  1.000000e-07
 40  53  0 -1  0  3  2.259540e-01  1.000000e-07
 74  20  0  0  0  3  2.279525e-01  1.000000e-07
 50  51  0  1  0  2  3.220218e-01  2.000000e-07
 50  11  0  0  0  2  1.749865e-01  2.000000e-07
 50  74  0  0  0  2  1.788006e-01  2.000000e-07
 50  53  0  0  0  2  2.154205e-01  2.000000e-07
 50  67  0  0  0  2  6.412595e-02  2.000000e-07
 50  82  0  0  0  2  9.420499e-02  2.000000e-07
 50  5  0  1  0  2  3.635704e-01  2.000000e-07
 50  8  0  0  0  2  2.584304e-01  2.000000e-07
 50  61  0  0  0  2  2.440047e-01  2.000000e-07
 50  73  0  0  0  2  1.609352e-01  2.000000e-07
 50  9  0  0  0  2  2.094981e-01  2.000000e-07
 50  12  0  0  0  2  1.178437e-01  2.000000e-07
 50  13  0  0  0  2  1.697922e-01  2.000000e-07
 50  65  0  0  0  2  2.245091e-01  2.000000e-07
 7  70  0  0  0  2  4.273749e-01  2.000000e-07
 7  81  0  0  0  2  1.310574e-01  2.000000e-07
 7  53  0  0  0  2  3.374183e-01  2.000000e-07
 7  67  0  0  0  2  1.782695e-01  2.000000e-07
 7  71  0  0  0  2  2.454215e-01  2.000000e-07
 7  57  0  0  0  2  3.195570e-01  2.000000e-07
 7  14  0  0  0  2  2.046163e-01  2.000000e-07
 7  72  0  0  0  2  2.756216e-01  2.000000e-07
 7  73  0  0  0  2  2.437353e-01  2.000000e-07
 7  12  0  0  0  2  1.125945e-01  2.000000e-07
 7  84  0  0  0  2  7.735074e-02  2.000000e-07
 7  13  0  0  0  2  1.068649e-01  2.000000e-07
 7  65  0  0  0  2  1.477147e-01  2.000000e-07
 69  70  0  0  0  2  3.180656e-02  2.000000e-07
 69  11 -1  0  0  2  4.686562e-01  2.000000e-07
 69  53  0  0  0  2  3.245242e-01  2.000000e-07
 69  54  0  0  0  2  1.347319e-01  2.000000e-07
 69  82  0  0  0  2  4.453517e-01  2.000000e-07
 69  71  0  0  0  2  1.856440e-01  2.000000e-07
 69  16  0  0  0  2  4.617974e-01  2.000000e-07
 69  5  0  1  0  2  3.739495e-01  2.000000e-07
 69  56  0  0  0  2  2.693087e-01  2.000000e-07
 69  58  0  0  0  2  3.739843e-02  2.000000e-07
 69  14 -1  0  0  2  4.122865e-01  2.000000e-07
 69  61  0  0  0  2  1.759863e-01  2.000000e-07
 69  62  0  0  0  2  4.557170e-01  2.000000e-07
 69  83 -1  0  0  2  3.278296e-01  2.000000e-07
 69  0  0  0  0  2  2.025870e-01  2.000000e-07
 69  63 -1  0  0  2  3.173489e-01  2.000000e-07
 69  84  0  0  0  2  4.784946e-01  2.000000e-07
 70  53  0  0  0  2  2.984174e-01  2.000000e-07
 70  54  0  0  0  2  1.658905e-01  2.000000e-07
 70  71  0  0  0  2  1.881849e-01  2.000000e-07
 70  16  0  0  0  2  4.622114e-01  2.000000e-07
 70  5  0  1  0  2  3.426779e-01  2.000000e-07
 70  55 -1  0  0  2  3.614341e-01  2.000000e-07
 70  75  0  1  0  2  3.416875e-01  2.000000e-07
 70  83 -1  0  0  2  3.238254e-01  2.000000e-07
 70  63 -1  0  0  2  3.075684e-01  2.000000e-07
 70  64  0  1  0  2  3.370580e-01  2.000000e-07
 70  84  0  0  0  2  4.804554e-01  2.000000e-07
 51  11  0 -1  0  2  4.270544e-01  2.000000e-07
 51  74  0 -1  0  2  2.882130e-01  2.000000e-07
 51  53  0 -1  0  2  1.389320e-01  2.000000e-07
 51  4  0  0  0  2  2.198153e-01  2.000000e-07
 51  5  0  0  0  2  1.245123e-01  2.000000e-07
 51  55  0 -1  0  2  4.099056e-01  2.000000e-07
 51  8  0 -1  0  2  3.460493e-01  2.000000e-07
 51  57  0  0  0  2  2.743125e-01  2.000000e-07
 51  1  0  0  0  2  2.045894e-01  2.000000e-07
 51  75  0  0  0  2  2.651853e-01  2.000000e-07
 51  60  0  0  0  2  3.717215e-01  2.000000e-07
 51  76  0  0  0  2  1.740079e-01  2.000000e-07
 51  72  0 -1  0  2  3.185375e-01  2.000000e-07
 51  73  0 -1  0  2  2.368240e-01  2.000000e-07
 51  3  0  0  0  2  1.826737e-01  2.000000e-07
 51  0  0 -1  0  2  3.489884e-01  2.000000e-07
 51  63  0 -1  0  2  4.701135e-01  2.000000e-07
 51  2  0  0  0  2  2.036960e-01  2.000000e-07
 51  12  0 -1  0  2  3.741068e-01  2.000000e-07
 51  66  0  0  0  2  1.808177e-01  2.000000e-07
 11  82  0  0  0  2  8.797935e-02  2.000000e-07
 11  16  0  0  0  2  1.411336e-01  2.000000e-07
 11  8  0  0  0  2  1.767688e-01  2.000000e-07
 11  56  1  0  0  2  4.311185e-01  2.000000e-07
 11  10  0  0  0  2  1.526643e-01  2.000000e-07
 11  58  1  0  0  2  4.317767e-01  2.000000e-07
 11  83  0  0  0  2  2.563320e-01  2.000000e-07
 11  68  0  0  0  2  3.605038e-01  2.000000e-07
 11  9  0  0  0  2  1.325079e-01  2.000000e-07
 11  63  0  0  0  2  3.171821e-01  2.000000e-07
 11  12  0  0  0  2  6.063440e-02  2.000000e-07
 11  13  0  0  0  2  2.770701e-02  2.000000e-07
 11  15  0  0  0  2  2.153145e-01  2.000000e-07
 81  10  0  0  0  2  9.515446e-02  2.000000e-07
 81  57  0  0  0  2  3.292020e-01  2.000000e-07
 81  14  0  0  0  2  7.501373e-02  2.000000e-07
 81  72  0  0  0  2  2.628199e-01  2.000000e-07
 81  83  0  0  0  2  3.182430e-01  2.000000e-07
 81  84  0  0  0  2  1.084305e-01  2.000000e-07
 81  13  0  0  0  2  7.218469e-02  2.000000e-07
 81  65  0  0  0  2  2.400932e-01  2.000000e-07
 81  15  0  0  0  2  1.243782e-01  2.000000e-07
 74  67  0  0  0  2  1.163460e-01  2.000000e-07
 74  71  0  0  0  2  1.245967e-01  2.000000e-07
 74  5  0  1  0  2  2.630074e-01  2.000000e-07
 74  58  0  0  0  2  2.367563e-01  2.000000e-07
 74  61  0  0  0  2  1.696348e-01  2.000000e-07
 74  73  0  0  0  2  2.744382e-01  2.000000e-07
 74  0  0  0  0  2  2.517821e-01  2.000000e-07
 52  53  0 -1  0  2  4.162618e-01  2.000000e-07
 52  54  0  0  0  2  4.197295e-01  2.000000e-07
 52  4  0  0  0  2  2.967102e-01  2.000000e-07
 52  55 -1 -1  0  2  3.618789e-01  2.000000e-07
 52  56  0  0  0  2  2.860424e-01  2.000000e-07
 52  57 -1  0  0  2  5.468189e-01  2.000000e-07
 52  75  0  0  0  2  1.437887e-01  2.000000e-07
 52  14 -1  0  0  2  4.980640e-01  2.000000e-07
 52  72 -1 -1  0  2  4.903471e-01  2.000000e-07
 52  83 -1 -1  0  2  3.797480e-01  2.000000e-07
 52  68 -1  0  0  2  2.854541e-01  2.000000e-07
 52  3  0  0  0  2  3.771101e-01  2.000000e-07
 52  64  0  0  0  2  1.124308e-01  2.000000e-07
 52  79  0  0  0  2  2.759867e-01  2.000000e-07
 53  67  0  0  0  2  1.652241e-01  2.000000e-07
 53  82  0  0  0  2  3.009024e-01  2.000000e-07
 53  71  0  0  0  2  2.707037e-01  2.000000e-07
 53  16  0  0  0  2  3.861732e-01  2.000000e-07
 53  5  0  1  0  2  1.481560e-01  2.000000e-07
 53  57  0  1  0  2  4.132432e-01  2.000000e-07
 53  75  0  1  0  2  2.725890e-01  2.000000e-07
 53  61  0  0  0  2  3.180166e-01  2.000000e-07
 53  73  0  0  0  2  2.055232e-01  2.000000e-07
 53  83  0  0  0  2  4.597119e-01  2.000000e-07
 53  3  0  1  0  2  3.171032e-01  2.000000e-07
 53  0  0  0  0  2  2.753318e-01  2.000000e-07
 53  63  0  0  0  2  4.992831e-01  2.000000e-07
 53  12  0  0  0  2  3.009613e-01  2.000000e-07
 53  64  0  1  0  2  3.710285e-01  2.000000e-07
 53  84  0  0  0  2  4.143856e-01  2.000000e-07
 53  79  0  1  0  2  3.356203e-01  2.000000e-07
 53  66  0  1  0  2  3.181778e-01  2.000000e-07
 67  51  0  1  0  2  2.873138e-01  2.000000e-07
 67  71  0  0  0  2  1.646564e-01  2.000000e-07
 67  75  0  1  0  2  4.202382e-01  2.000000e-07
 67  61  0  0  0  2  2.133201e-01  2.000000e-07
 67  73  0  0  0  2  1.804713e-01  2.000000e-07
 67  3  0  1  0  2  4.699451e-01  2.000000e-07
 67  13  0  0  0  2  2.338356e-01  2.000000e-07
 67  65  0  0  0  2  2.509849e-01  2.000000e-07
 54  4  0  0  0  2  4.532716e-01  2.000000e-07
 54  71  0  0  0  2  2.530137e-01  2.000000e-07
 54  55 -1  0  0  2  3.940474e-01  2.000000e-07
 54  56  0  0  0  2  1.383615e-01  2.000000e-07
 54  10 -1  0  0  2  2.890238e-01  2.000000e-07
 54  58  0  0  0  2  1.233945e-01  2.000000e-07
 54  75  0  0  0  2  5.257481e-01  2.000000e-07
 54  75  0  1  0  2  4.980474e-01  2.000000e-07
 54  14 -1  0  0  2  3.162453e-01  2.000000e-07
 54  61  0  0  0  2  2.171107e-01  2.000000e-07
 54  83 -1  0  0  2  3.481334e-01  2.000000e-07
 54  68 -1  0  0  2  2.519227e-01  2.000000e-07
 82  16  0  0  0  2  1.045658e-01  2.000000e-07
 82  61  0  0  0  2  3.049290e-01  2.000000e-07
 82  9  0  0  0  2  1.286389e-01  2.000000e-07
 82  12  0  0  0  2  4.930733e-02  2.000000e-07
 82  80  0  0  0  2  3.139573e-01  2.000000e-07
 4  71  0  0  0  2  4.089482e-01  2.000000e-07
 4  56  0  0  0  2  3.833830e-01  2.000000e-07
 4  57  0  0  0  2  1.869758e-01  2.000000e-07
 4  75  0  0  0  2  2.441797e-01  2.000000e-07
 4  76  0  0  0  2  1.023305e-01  2.000000e-07
 4  61  0  0  0  2  3.739305e-01  2.000000e-07
 4  62  0  0  0  2  7.713841e-02  2.000000e-07
 4  68 -1  0  0  2  4.833055e-01  2.000000e-07
 4  3  0  0  0  2  8.821867e-02  2.000000e-07
 4  2  0  0  0  2  7.773195e-02  2.000000e-07
 4  65  0  0  0  2  2.792565e-01  2.000000e-07
 4  79  0  0  0  2  2.084008e-02  2.000000e-07
 71  56  0  0  0  2  3.362793e-01  2.000000e-07
 71  57  0  0  0  2  4.177040e-01  2.000000e-07
 71  58  0  0  0  2  2.223333e-01  2.000000e-07
 71  75  0  1  0  2  4.492946e-01  2.000000e-07
 71  61  0  0  0  2  4.992143e-02  2.000000e-07
 71  62  0  0  0  2  3.371264e-01  2.000000e-07
 71  84  0  0  0  2  2.930235e-01  2.000000e-07
 71  65  0  0  0  2  2.092638e-01  2.000000e-07
 16  56  1  0  0  2  4.739384e-01  2.000000e-07
 16  6  0  0  0  2  2.634725e-01  2.000000e-07
 16  59  0  0  0  2  2.335936e-01  2.000000e-07
 16  14  0  0  0  2  1.750131e-01  2.000000e-07
 16  61  0  0  0  2  2.972911e-01  2.000000e-07
 16  62  0  0  0  2  3.252551e-01  2.000000e-07
 16  83  0  0  0  2  3.972042e-01  2.000000e-07
 16  9  0  0  0  2  4.894790e-02  2.000000e-07
 16  12  0  0  0  2  1.439038e-01  2.000000e-07
 16  84  0  0  0  2  2.881294e-02  2.000000e-07
 16  65  0  0  0  2  1.359631e-01  2.000000e-07
 16  15  0  0  0  2  1.558437e-01  2.000000e-07
 16  80  0  0  0  2  2.111022e-01  2.000000e-07
 5  1  0  0  0  2  2.358197e-01  2.000000e-07
 5  76  0  0  0  2  1.172721e-01  2.000000e-07
 5  61  0 -1  0  2  4.274913e-01  2.000000e-07
 5  0  0 -1  0  2  2.364255e-01  2.000000e-07
 5  2  0  0  0  2  2.389244e-01  2.000000e-07
 5  64  0  0  0  2  2.634864e-01  2.000000e-07
 5  79  0  0  0  2  2.051216e-01  2.000000e-07
 5  66  0  0  0  2  2.372443e-01  2.000000e-07
 55  8  0  0  0  2  1.144966e-01  2.000000e-07
 55  10  0  0  0  2  3.336664e-01  2.000000e-07
 55  57  0  1  0  2  4.881675e-01  2.000000e-07
 55  58  1  0  0  2  3.347237e-01  2.000000e-07
 55  75  1  1  0  2  3.917285e-01  2.000000e-07
 55  14  0  0  0  2  3.537124e-01  2.000000e-07
 55  60  0  1  0  2  3.767410e-01  2.000000e-07
 55  72  0  0  0  2  1.389046e-01  2.000000e-07
 55  83  0  0  0  2  4.656417e-02  2.000000e-07
 55  68  0  1  0  2  5.050059e-01  2.000000e-07
 55  0  1  0  0  2  2.897334e-01  2.000000e-07
 55  63  0  0  0  2  6.438213e-02  2.000000e-07
 55  64  1  1  0  2  2.757760e-01  2.000000e-07
 8  58  1  0  0  2  3.970164e-01  2.000000e-07
 8  60  0  1  0  2  4.217918e-01  2.000000e-07
 8  72  0  0  0  2  3.020504e-02  2.000000e-07
 8  73  0  0  0  2  1.373114e-01  2.000000e-07
 8  63  0  0  0  2  1.743706e-01  2.000000e-07
 8  12  0  0  0  2  1.752509e-01  2.000000e-07
 8  13  0  0  0  2  2.040559e-01  2.000000e-07
 56  58  0  0  0  2  2.616533e-01  2.000000e-07
 56  6 -1  0  0  2  3.932064e-01  2.000000e-07
 56  14 -1  0  0  2  3.026679e-01  2.000000e-07
 56  76  0  0  0  2  4.058000e-01  2.000000e-07
 56  61  0  0  0  2  2.892423e-01  2.000000e-07
 56  83 -1  0  0  2  4.482452e-01  2.000000e-07
 56  68 -1  0  0  2  1.477534e-01  2.000000e-07
 56  63 -1  0  0  2  4.738675e-01  2.000000e-07
 56  12 -1  0  0  2  4.917476e-01  2.000000e-07
 56  64  0  0  0  2  3.959849e-01  2.000000e-07
 56  84 -1  0  0  2  4.598115e-01  2.000000e-07
 56  15 -1  0  0  2  3.456622e-01  2.000000e-07
 56  79  0  0  0  2  3.681158e-01  2.000000e-07
 10  57  0  0  0  2  3.684982e-01  2.000000e-07
 10  58  1  0  0  2  3.492887e-01  2.000000e-07
 10  14  0  0  0  2  3.035316e-02  2.000000e-07
 10  72  0  0  0  2  2.906597e-01  2.000000e-07
 10  68  0  0  0  2  2.092718e-01  2.000000e-07
 10  9  0  0  0  2  1.554785e-01  2.000000e-07
 10  13  0  0  0  2  1.482366e-01  2.000000e-07
 10  15  0  0  0  2  1.379657e-01  2.000000e-07
 57  6  0  0  0  2  1.351204e-01  2.000000e-07
 57  59  0  0  0  2  1.039616e-01  2.000000e-07
 57  14  0  0  0  2  3.396722e-01  2.000000e-07
 57  60  0  0  0  2  1.981626e-01  2.000000e-07
 57  72  0 -1  0  2  4.723064e-01  2.000000e-07
 57  73  0 -1  0  2  4.429329e-01  2.000000e-07
 57  62  0  0  0  2  1.630522e-01  2.000000e-07
 57  83  0 -1  0  2  5.343450e-01  2.000000e-07
 57  68  0  0  0  2  3.799928e-01  2.000000e-07
 57  3  0  0  0  2  1.193823e-01  2.000000e-07
 57  2  0  0  0  2  1.146010e-01  2.000000e-07
 57  84  0  0  0  2  2.528770e-01  2.000000e-07
 57  65  0  0  0  2  2.187144e-01  2.000000e-07
 57  15  0  0  0  2  2.307613e-01  2.000000e-07
 57  79  0  0  0  2  2.076089e-01  2.000000e-07
 57  80  0  0  0  2  7.130759e-02  2.000000e-07
 57  66  0  0  0  2  1.040498e-01  2.000000e-07
 58  61  0  0  0  2  2.097902e-01  2.000000e-07
 58  68 -1  0  0  2  3.667651e-01  2.000000e-07
 58  0  0  0  0  2  1.983401e-01  2.000000e-07
 58  63 -1  0  0  2  2.867899e-01  2.000000e-07
 6  52  1  0  0  2  4.280244e-01  2.000000e-07
 6  14  0  0  0  2  2.486437e-01  2.000000e-07
 6  60  0  0  0  2  8.454451e-02  2.000000e-07
 6  62  0  0  0  2  2.938903e-01  2.000000e-07
 6  63  0 -1  0  2  4.723751e-01  2.000000e-07
 6  64  1  0  0  2  4.655920e-01  2.000000e-07
 6  84  0  0  0  2  2.347053e-01  2.000000e-07
 6  15  0  0  0  2  1.438502e-01  2.000000e-07
 6  80  0  0  0  2  1.481546e-01  2.000000e-07
 6  66  0  0  0  2  2.271238e-01  2.000000e-07
 1  59  0  0  0  2  1.301584e-01  2.000000e-07
 1  60  0  0  0  2  3.061705e-01  2.000000e-07
 1  76  0  0  0  2  1.496699e-01  2.000000e-07
 1  62  0  0  0  2  9.122423e-02  2.000000e-07
 1  2  0  0  0  2  7.423991e-03  2.000000e-07
 1  79  0  0  0  2  9.103423e-02  2.000000e-07
 1  80  0  0  0  2  1.583537e-01  2.000000e-07
 1  66  0  0  0  2  4.761386e-02  2.000000e-07
 59  76  0  0  0  2  2.651930e-01  2.000000e-07
 59  61  0  0  0  2  2.995277e-01  2.000000e-07
 59  62  0  0  0  2  1.011595e-01  2.000000e-07
 59  3  0  0  0  2  1.482648e-01  2.000000e-07
 59  2  0  0  0  2  1.289432e-01  2.000000e-07
 59  65  0  0  0  2  1.328159e-01  2.000000e-07
 59  80  0  0  0  2  6.469873e-02  2.000000e-07
 75  74  0 -1  0  2  3.397935e-01  2.000000e-07
 75  58  0 -1  0  2  3.748201e-01  2.000000e-07
 75  76  0  0  0  2  1.509680e-01  2.000000e-07
 75  68 -1  0  0  2  4.268230e-01  2.000000e-07
 75  3  0  0  0  2  3.020766e-01  2.000000e-07
 75  0  0 -1  0  2  1.798296e-01  2.000000e-07
 75  64  0  0  0  2  1.255274e-01  2.000000e-07
 14  72  0  0  0  2  2.999111e-01  2.000000e-07
 14  83  0  0  0  2  3.198403e-01  2.000000e-07
 14  68  0  0  0  2  2.137067e-01  2.000000e-07
 14  84  0  0  0  2  1.666538e-01  2.000000e-07
 60  56  1  0  0  2  3.593717e-01  2.000000e-07
 60  68  0  0  0  2  2.156344e-01  2.000000e-07
 60  3  0  0  0  2  2.935016e-01  2.000000e-07
 60  0  1 -1  0  2  5.259097e-01  2.000000e-07
 60  63  0 -1  0  2  3.946599e-01  2.000000e-07
 60  2  0  0  0  2  2.988428e-01  2.000000e-07
 60  64  1  0  0  2  3.817120e-01  2.000000e-07
 60  15  0  0  0  2  2.009724e-01  2.000000e-07
 60  80  0  0  0  2  2.280155e-01  2.000000e-07
 60  66  0  0  0  2  2.697264e-01  2.000000e-07
 76  61  0  0  0  2  4.572322e-01  2.000000e-07
 76  62  0  0  0  2  1.779051e-01  2.000000e-07
 76  68 -1  0  0  2  4.776624e-01  2.000000e-07
 76  0  0 -1  0  2  3.108787e-01  2.000000e-07
 76  2  0  0  0  2  1.552961e-01  2.000000e-07
 76  64  0  0  0  2  2.713323e-01  2.000000e-07
 76  79  0  0  0  2  9.146621e-02  2.000000e-07
 61  62  0  0  0  2  3.054479e-01  2.000000e-07
 61  68 -1  0  0  2  4.352932e-01  2.000000e-07
 61  0  0  0  0  2  3.427688e-01  2.000000e-07
 61  2  0  0  0  2  3.965387e-01  2.000000e-07
 61  65  0  0  0  2  2.081727e-01  2.000000e-07
 72  73  0  0  0  2  1.073482e-01  2.000000e-07
 72  83  0  0  0  2  1.517998e-01  2.000000e-07
 72  3  0  1  0  2  4.491036e-01  2.000000e-07
 72  13  0  0  0  2  2.010693e-01  2.000000e-07
 73  83  0  0  0  2  2.587674e-01  2.000000e-07
 73  3  0  1  0  2  3.941720e-01  2.000000e-07
 73  13  0  0  0  2  2.115231e-01  2.000000e-07
 73  66  0  1  0  2  3.817966e-01  2.000000e-07
 62  84  0  0  0  2  3.099478e-01  2.000000e-07
 62  65  0  0  0  2  2.033678e-01  2.000000e-07
 62  79  0  0  0  2  8.689199e-02  2.000000e-07
 62  80  0  0  0  2  1.596893e-01  2.000000e-07
 62  66  0  0  0  2  1.364721e-01  2.000000e-07
 83  7  0  0  0  2  3.828481e-01  2.000000e-07
 83  6  0  1  0  2  4.949796e-01  2.000000e-07
 83  63  0  0  0  2  6.085541e-02  2.000000e-07
 83  12  0  0  0  2  2.773642e-01  2.000000e-07
 83  64  1  1  0  2  2.844854e-01  2.000000e-07
 83  84  0  0  0  2  4.124902e-01  2.000000e-07
 83  66  0  1  0  2  5.212114e-01  2.000000e-07
 68  0  1 -1  0  2  5.391812e-01  2.000000e-07
 68  64  1  0  0  2  3.743459e-01  2.000000e-07
 68  15  0  0  0  2  2.170392e-01  2.000000e-07
 9  13  0  0  0  2  1.053310e-01  2.000000e-07
 9  65  0  0  0  2  1.712228e-01  2.000000e-07
 9  15  0  0  0  2  1.123993e-01  2.000000e-07
 9  80  0  0  0  2  2.119641e-01  2.000000e-07
 3  2  0  0  0  2  2.244029e-02  2.000000e-07
 3  79  0  0  0  2  1.078513e-01  2.000000e-07
 3  66  0  0  0  2  2.514801e-02  2.000000e-07
 0  63 -1  0  0  2  2.253979e-01  2.000000e-07
 0  64  0  1  0  2  1.648696e-01  2.000000e-07
 63  12  0  0  0  2  3.369212e-01  2.000000e-07
 63  64  1  1  0  2  2.236929e-01  2.000000e-07
 63  66  0  1  0  2  5.253296e-01  2.000000e-07
 2  65  0  0  0  2  2.602391e-01  2.000000e-07
 2  80  0  0  0  2  1.542768e-01  2.000000e-07
 12  84  0  0  0  2  1.689465e-01  2.000000e-07
 64  79  0  0  0  2  3.353889e-01  2.000000e-07
 84  66  0  0  0  2  3.470597e-01  2.000000e-07
 13  65  0  0  0  2  2.473148e-01  2.000000e-07
 13  15  0  0  0  2  1.935841e-01  2.000000e-07
 65  15  0  0  0  2  2.339388e-01  2.000000e-07
 65  80  0  0  0  2  1.497890e-01  2.000000e-07
 15  80  0  0  0  2  1.933156e-01  2.000000e-07
 79  66  0  0  0  2  1.329983e-01  2.000000e-07
 80  66  0  0  0  2  1.601398e-01  2.000000e-07
 50  67  0  0  0  1  6.412595e-02  3.000000e-07
 50  82  0  0  0  1  9.420499e-02  3.000000e-07
 50  71  0  0  0  1  2.000917e-01  3.000000e-07
 50  73  0  0  0  1  1.609352e-01  3.000000e-07
 50  12  0  0  0  1  1.178437e-01  3.000000e-07
 50  65  0  0  0  1  2.245091e-01  3.000000e-07
 7  82  0  0  0  1  6.575732e-02  3.000000e-07
 7  13  0  0  0  1  1.068649e-01  3.000000e-07
 7  65  0  0  0  1  1.477147e-01  3.000000e-07
 69  54  0  0  0  1  1.347319e-01  3.000000e-07
 69  71  0  0  0  1  1.856440e-01  3.000000e-07
 69  61  0  0  0  1  1.759863e-01  3.000000e-07
 70  74  0  0  0  1  1.847045e-01  3.000000e-07
 70  71  0  0  0  1  1.881849e-01  3.000000e-07
 70  58  0  0  0  1  5.410155e-02  3.000000e-07
 70  0  0  0  0  1  1.741055e-01  3.000000e-07
 51  5  0  0  0  1  1.245123e-01  3.000000e-07
 51  72  0 -1  0  1  3.185375e-01  3.000000e-07
 51  73  0 -1  0  1  2.368240e-01  3.000000e-07
 51  3  0  0  0  1  1.826737e-01  3.000000e-07
 51  66  0  0  0  1  1.808177e-01  3.000000e-07
 11  81  0  0  0  1  9.127681e-02  3.000000e-07
 11  8  0  0  0  1  1.767688e-01  3.000000e-07
 11  72  0  0  0  1  1.748937e-01  3.000000e-07
 11  83  0  0  0  1  2.563320e-01  3.000000e-07
 81  10  0  0  0  1  9.515446e-02  3.000000e-07
 81  14  0  0  0  1  7.501373e-02  3.000000e-07
 81  9  0  0  0  1  6.993572e-02  3.000000e-07
 81  13  0  0  0  1  7.218469e-02  3.000000e-07
 81  15  0  0  0  1  1.243782e-01  3.000000e-07
 74  53  0  0  0  1  1.495097e-01  3.000000e-07
 74  67  0  0  0  1  1.163460e-01  3.000000e-07
 74  71  0  0  0  1  1.245967e-01  3.000000e-07
 74  0  0  0  0  1  2.517821e-01  3.000000e-07
 52  56  0  0  0  1  2.860424e-01  3.000000e-07
 52  75  0  0  0  1  1.437887e-01  3.000000e-07
 52  68 -1  0  0  1  2.854541e-01  3.000000e-07
 52  64  0  0  0  1  1.124308e-01  3.000000e-07
 52  79  0  0  0  1  2.759867e-01  3.000000e-07
 53  51  0  1  0  1  1.389320e-01  3.000000e-07
 53  67  0  0  0  1  1.652241e-01  3.000000e-07
 53  5  0  1  0  1  1.481560e-01  3.000000e-07
 53  73  0  0  0  1  2.055232e-01  3.000000e-07
 53  0  0  0  0  1  2.753318e-01  3.000000e-07
 67  71  0  0  0  1  1.646564e-01  3.000000e-07
 67  73  0  0  0  1  1.804713e-01  3.000000e-07
 54  10 -1  0  0  1  2.890238e-01  3.000000e-07
 54  58  0  0  0  1  1.233945e-01  3.000000e-07
 54  61  0  0  0  1  2.171107e-01  3.000000e-07
 54  83 -1  0  0  1  3.481334e-01  3.000000e-07
 82  13  0  0  0  1  7.695416e-02  3.000000e-07
 4  1  0  0  0  1  7.033277e-02  3.000000e-07
 4  76  0  0  0  1  1.023305e-01  3.000000e-07
 4  62  0  0  0  1  7.713841e-02  3.000000e-07
 4  3  0  0  0  1  8.821867e-02  3.000000e-07
 71  65  0  0  0  1  2.092638e-01  3.000000e-07
 16  13  0  0  0  1  1.139809e-01  3.000000e-07
 16  65  0  0  0  1  1.359631e-01  3.000000e-07
 5  75  0  0  0  1  1.440653e-01  3.000000e-07
 5  76  0  0  0  1  1.172721e-01  3.000000e-07
 5  0  0 -1  0  1  2.364255e-01  3.000000e-07
 55  60  0  1  0  1  3.767410e-01  3.000000e-07
 55  72  0  0  0  1  1.389046e-01  3.000000e-07
 55  63  0  0  0  1  6.438213e-02  3.000000e-07
 8  83  0  0  0  1  1.227927e-01  3.000000e-07
 56  10 -1  0  0  1  2.844264e-01  3.000000e-07
 56  61  0  0  0  1  2.892423e-01  3.000000e-07
 56  62  0  0  0  1  3.635261e-01  3.000000e-07
 56  68 -1  0  0  1  1.477534e-01  3.000000e-07
 10  83  0  0  0  1  2.977305e-01  3.000000e-07
 10  68  0  0  0  1  2.092718e-01  3.000000e-07
 57  6  0  0  0  1  1.351204e-01  3.000000e-07
 57  59  0  0  0  1  1.039616e-01  3.000000e-07
 57  60  0  0  0  1  1.981626e-01  3.000000e-07
 57  2  0  0  0  1  1.146010e-01  3.000000e-07
 57  80  0  0  0  1  7.130759e-02  3.000000e-07
 57  66  0  0  0  1  1.040498e-01  3.000000e-07
 58  83 -1  0  0  1  2.936388e-01  3.000000e-07
 58  0  0  0  0  1  1.983401e-01  3.000000e-07
 58  63 -1  0  0  1  2.867899e-01  3.000000e-07
 6  60  0  0  0  1  8.454451e-02  3.000000e-07
 6  15  0  0  0  1  1.438502e-01  3.000000e-07
 6  80  0  0  0  1  1.481546e-01  3.000000e-07
 1  62  0  0  0  1  9.122423e-02  3.000000e-07
 59  62  0  0  0  1  1.011595e-01  3.000000e-07
 59  2  0  0  0  1  1.289432e-01  3.000000e-07
 59  65  0  0  0  1  1.328159e-01  3.000000e-07
 59  80  0  0  0  1  6.469873e-02  3.000000e-07
 75  76  0  0  0  1  1.509680e-01  3.000000e-07
 75  0  0 -1  0  1  1.798296e-01  3.000000e-07
 75  64  0  0  0  1  1.255274e-01  3.000000e-07
 14  68  0  0  0  1  2.137067e-01  3.000000e-07
 14  15  0  0  0  1  1.099593e-01  3.000000e-07
 60  72  0 -1  0  1  4.177180e-01  3.000000e-07
 60  68  0  0  0  1  2.156344e-01  3.000000e-07
 60  63  0 -1  0  1  3.946599e-01  3.000000e-07
 60  64  1  0  0  1  3.817120e-01  3.000000e-07
 60  66  0  0  0  1  2.697264e-01  3.000000e-07
 76  3  0  0  0  1  1.512053e-01  3.000000e-07
 76  79  0  0  0  1  9.146621e-02  3.000000e-07
 61  62  0  0  0  1  3.054479e-01  3.000000e-07
 72  73  0  0  0  1  1.073482e-01  3.000000e-07
 72  12  0  0  0  1  1.631163e-01  3.000000e-07
 73  12  0  0  0  1  1.488795e-01  3.000000e-07
 62  2  0  0  0  1  9.613613e-02  3.000000e-07
 62  79  0  0  0  1  8.689199e-02  3.000000e-07
 83  63  0  0  0  1  6.085541e-02  3.000000e-07
 68  15  0  0  0  1  2.170392e-01  3.000000e-07
 9  13  0  0  0  1  1.053310e-01  3.000000e-07
 0  63 -1  0  0  1  2.253979e-01  3.000000e-07
 0  64  0  1  0  1  1.648696e-01  3.000000e-07
 63  64  1  1  0  1  2.236929e-01  3.000000e-07
 12  13  0  0  0  1  6.692374e-02  3.000000e-07
 84  65  0  0  0  1  1.320353e-01  3.000000e-07
 84  15  0  0  0  1  1.317679e-01  3.000000e-07
 84  80  0  0  0  1  1.870316e-01  3.000000e-07
 65  80  0  0  0  1  1.497890e-01  3.000000e-07
 15  80  0  0  0  1  1.933156e-01  3.000000e-07
-3.503349e-01  4.339697e-01  0
-3.912124e-02 -2.310668e-01  0
-3.171996e-02 -2.316470e-01  0
-2.377427e-02 -2.526335e-01  0
-1.094519e-01 -2.316126e-01  0
-1.512342e-01 -4.385315e-01  0
 2.021106e-01 -1.509662e-01  0
 9.043335e-02  1.403511e-01  0
 2.606272e-01  3.719577e-01  0
 1.583622e-01  8.008441e-02  0
 3.127384e-01  9.856572e-02  0
 2.031080e-01  2.048087e-01  0
 1.507661e-01  2.354167e-01  0
 1.893685e-01  1.807483e-01  0
 2.867931e-01  8.281268e-02  0
 2.266160e-01 -9.218626e-03  0
 1.123350e-01  9.673954e-02  0
 1.359159e-01 -3.681930e-01 -2.254359e-01
-3.860442e-01  3.857348e-01 -2.101006e-01
-1.731013e-01 -1.700334e-01 -2.421232e-01
-3.879284e-03  3.588234e-01 -1.040352e-01
-2.041758e-01 -1.365688e-01 -2.523593e-01
 7.912901e-02  7.399769e-02 -1.467471e-01
-3.222552e-01 -5.330575e-02 -1.437214e-01
-9.788692e-02 -7.884892e-02 -1.490436e-01
-2.695156e-01 -3.464691e-01 -3.035102e-01
-2.549195e-01  1.104911e-01 -3.465914e-01
-3.179550e-01 -2.649456e-01 -1.007354e-01
-2.256555e-01 -4.384975e-01  4.440832e-01
 1.685793e-02 -9.258026e-02  2.000593e-01
-4.215941e-02 -4.386767e-02  2.412658e-01
-2.042635e-02  4.445889e-01  2.992536e-01
 2.598441e-01  8.813440e-02  4.031148e-01
 3.818856e-01  2.754793e-01  1.816713e-01
 3.653679e-01 -4.419174e-01  1.184494e-01
 4.209734e-01 -4.480375e-01  4.400122e-01
-4.421639e-01 -2.620568e-01  4.146912e-01
-4.150172e-01 -2.136750e-01  1.928630e-01
 4.232709e-01  3.675123e-01  2.595662e-01
-2.332450e-01 -1.903201e-01  3.019742e-01
-3.333902e-01 -4.076404e-01  1.031231e-01
-4.382787e-01  3.208274e-01  4.039459e-01
-2.493666e-01  1.797249e-02  4.159503e-01
-3.049589e-01 -1.302728e-01  4.438251e-01
 7.945794e-02 -2.618310e-01 -3.278732e-01
 3.878163e-02 -3.816989e-01 -3.682699e-01
 4.640602e-02  3.672740e-01 -2.565000e-01
-3.548826e-01 -4.447620e-01 -3.480796e-01
 4.336752e-01  4.467561e-01 -4.482337e-01
-3.853128e-01 -1.801589e-01 -4.443094e-01
 3.364110e-02  2.484118e-01  0
-2.676429e-02 -4.352827e-01  0
-3.975764e-01 -3.024732e-01  0
-7.500346e-02  4.344288e-01  0
-3.988427e-01  1.172544e-01  0
 3.599765e-01  4.288714e-01  0
-4.278343e-01 -1.803560e-02  0
 6.983388e-02 -1.785413e-01  0
-3.662631e-01  2.362702e-01  0
-4.296963e-03 -1.056536e-01  0
 2.660447e-01 -2.062853e-01  0
-1.824682e-01  1.351198e-01  0
-9.172687e-02 -1.565382e-01  0
 4.242745e-01  4.321628e-01  0
-4.135539e-01 -4.137629e-01  0
-4.476616e-03  2.716220e-02  0
 1.056075e-03 -2.566180e-01  0
-2.354783e-02  2.774215e-01  0
 4.344824e-01 -7.164903e-02  0
-3.290548e-01  2.325034e-01  0
-3.190551e-01  2.626972e-01  0
-1.525212e-01  1.750613e-01  0
 2.309303e-01  3.774752e-01  0
 1.236697e-01  3.818097e-01  0
-1.379130e-01  2.987987e-01  0
-2.891609e-01 -3.969255e-01  0
-1.583976e-01 -3.214783e-01  0
-4.422621e-01  3.296952e-01 -1.649307e-01
-1.568875e-01 -2.022223e-01 -1.057981e-01
-1.300906e-01 -2.345026e-01  0
 6.036395e-02 -1.078653e-01  0
 2.190009e-01  1.149262e-01  0
 1.152000e-01  2.012660e-01  0
 3.823620e-01  3.880411e-01  0
 1.206989e-01  6.916725e-02  0
 2.020800e-01 -7.078409e-02  2.871429e-01
 4.197480e-01  4.211884e-02  2.554412e-01
 2.799746e-01  3.413423e-01 -2.566530e-01
 1.155881e-01  3.218827e-01  2.813112e-01
 1.467462e-01 -2.809295e-01 -2.584968e-01