 729  90  1.200000e-05  4 -2 -2
 17  20  0  0  0  3  4.854218e-01  1.000000e-07
 17  21  0  0  0  3  2.055814e-01  1.000000e-07
 17  19  0  0  0  3  2.149318e-01  1.000000e-07
 17  44  0  0  0  3  3.161587e-01  1.000000e-07
 17  77  0  0  0  3  3.843405e-01  1.000000e-07
 17  41  0  0  1  3  4.968978e-01  1.000000e-07
 17  39 -1  0  1  3  5.565001e-01  1.000000e-07
 17  42  0  0  1  3  4.826630e-01  1.000000e-07
 17  40  0  0  1  3  4.174250e-01  1.000000e-07
 46  18  0 -1  0  3  5.210719e-01  1.000000e-07
 46  20  0  0  0  3  1.413899e-01  1.000000e-07
 46  11  0  0  0  3  3.082007e-01  1.000000e-07
 46  19  0  0  0  3  3.495052e-01  1.000000e-07
 46  88 -1  0  0  3  5.132901e-01  1.000000e-07
 46  36 -1 -1  1  3  7.110522e-01  1.000000e-07
 46  37 -1  0  1  3  4.862132e-01  1.000000e-07
 46  38  0  0  1  3  2.842162e-01  1.000000e-07
 46  40  0  0  1  3  4.218046e-01  1.000000e-07
 18  20  0  1  0  3  4.176659e-01  1.000000e-07
 18  21  0  0  0  3  1.688905e-01  1.000000e-07
 18  19  0  0  0  3  2.293178e-01  1.000000e-07
 18  22 -1  0  0  3  3.624000e-01  1.000000e-07
 18  88 -1  0  0  3  2.986482e-01  1.000000e-07
 18  47  0  0  0  3  2.513453e-01  1.000000e-07
 18  37 -1  0  1  3  4.030587e-01  1.000000e-07
 18  43  0  0  1  3  5.180481e-01  1.000000e-07
 20  21  0 -1  0  3  3.964186e-01  1.000000e-07
 20  47  0 -1  0  3  4.093928e-01  1.000000e-07
 20  36  0 -1  1  3  5.043406e-01  1.000000e-07
 20  38  0  0  1  3  2.601353e-01  1.000000e-07
 20  43  0 -1  1  3  4.509404e-01  1.000000e-07
 11  47  0 -1  0  3  3.371395e-01  1.000000e-07
 11  45  0  0  0  3  1.532523e-01  1.000000e-07
 15  44  0  0  0  3  2.650352e-01  1.000000e-07
 15  22  0  0  0  3  3.444941e-01  1.000000e-07
 15  16  0  0  0  3  1.914051e-01  1.000000e-07
 15  35  0  0  0  3  3.076726e-01  1.000000e-07
 15  45  0  1  0  3  3.807190e-01  1.000000e-07
 21  44  0  0  0  3  2.453714e-01  1.000000e-07
 21  14  0  0  0  3  3.170305e-01  1.000000e-07
 21  36  0  0  1  3  4.764065e-01  1.000000e-07
 21  37 -1  0  1  3  4.711693e-01  1.000000e-07
 21  38  0  1  1  3  4.963609e-01  1.000000e-07
 21  43  0  0  1  3  4.162770e-01  1.000000e-07
 19  22 -1  0  0  3  4.743133e-01  1.000000e-07
 19  88 -1  0  0  3  4.089944e-01  1.000000e-07
 19  47  0  0  0  3  2.365735e-01  1.000000e-07
 19  37 -1  0  1  3  4.986501e-01  1.000000e-07
 44  12  0  0  0  3  4.978165e-01  1.000000e-07
 44  14  0  0  0  3  1.954649e-01  1.000000e-07
 44  35  0  0  0  3  3.742712e-01  1.000000e-07
 44  47  0  0  0  3  1.044961e-01  1.000000e-07
 44  77  0  0  0  3  4.911290e-01  1.000000e-07
 12  45  0  0  0  3  1.413295e-01  1.000000e-07
 14  16  0  0  0  3  2.619777e-01  1.000000e-07
 14  35  0  0  0  3  3.320230e-01  1.000000e-07
 14  36  0  0  1  3  4.591949e-01  1.000000e-07
 22  88  0  0  0  3  1.897447e-01  1.000000e-07
 22  16  0  0  0  3  2.712717e-01  1.000000e-07
 22  35  0  0  0  3  2.993700e-01  1.000000e-07
 22  77  0  0  0  3  2.141028e-01  1.000000e-07
 22  41  0  0  1  3  4.841280e-01  1.000000e-07
 22  37  0  0  1  3  2.262608e-01  1.000000e-07
 88  16  0  0  0  3  2.827086e-01  1.000000e-07
 88  23  0  0  0  3  3.445225e-01  1.000000e-07
 88  77  0  0  0  3  2.977203e-01  1.000000e-07
 16  35  0  0  0  3  2.238342e-01  1.000000e-07
 16  45  0  1  0  3  3.869544e-01  1.000000e-07
 16  77  0  1  0  3  5.945639e-01  1.000000e-07
 16  36  0  0  1  3  3.000566e-01  1.000000e-07
 35  23  0  0  0  3  2.172380e-01  1.000000e-07
 35  33  0  0  1  3  2.973487e-01  1.000000e-07
 35  37  0  0  1  3  3.805854e-01  1.000000e-07
 35  27  0  0  1  3  4.757105e-01  1.000000e-07
 23  45  0  1  0  3  4.308352e-01  1.000000e-07
 23  77  0  1  0  3  5.943650e-01  1.000000e-07
 23  33  0  0  1  3  2.736668e-01  1.000000e-07
 23  36  0  0  1  3  2.059625e-01  1.000000e-07
 23  37  0  0  1  3  3.470333e-01  1.000000e-07
 23  38  1  1  1  3  6.286041e-01  1.000000e-07
 23  34  0  0  1  3  3.011831e-01  1.000000e-07
 45  41  0  0  1  3  5.676708e-01  1.000000e-07
 45  36  0 -1  1  3  4.644127e-01  1.000000e-07
 77  40  0  0  1  3  5.783224e-01  1.000000e-07
 33  24  0  0  0  3  1.729827e-01  1.000000e-07
 33  32  0  0  0  3  1.466577e-01  1.000000e-07
 33  36  0  0  0  3  1.691431e-01  1.000000e-07
 33  42  0  0  0  3  2.870514e-01  1.000000e-07
 33  31  0  0  0  3  2.514563e-01  1.000000e-07
 33  43  0  0  0  3  3.668445e-01  1.000000e-07
 33  28  0  0  0  3  2.217874e-01  1.000000e-07
 41  24  0 -1  0  3  3.829899e-01  1.000000e-07
 41  78  0  0  0  3  2.199139e-01  1.000000e-07
 41  42  0  0  0  3  3.035240e-01  1.000000e-07
 41  26  0  0  0  3  3.015125e-01  1.000000e-07
 41  27  0  0  0  3  2.510220e-01  1.000000e-07
 39  69  1  0  0  3  3.564766e-01  1.000000e-07
 39  37  0  0  0  3  8.967582e-02  1.000000e-07
 39  31  0  0  0  3  3.467620e-01  1.000000e-07
 39  38  1  0  0  3  4.586188e-01  1.000000e-07
 39  34  0  0  0  3  2.937686e-01  1.000000e-07
 39  30  1  0  0  3  5.475262e-01  1.000000e-07
 39  28  0  0  0  3  2.574063e-01  1.000000e-07
 24  32  0  0  0  3  1.187463e-01  1.000000e-07
 24  26  0  1  0  3  3.810317e-01  1.000000e-07
 24  43  0  0  0  3  2.672790e-01  1.000000e-07
 24  34  0  0  0  3  2.781688e-01  1.000000e-07
 32  29  0  0  0  3  2.348302e-01  1.000000e-07
 32  42  0  0  0  3  2.815668e-01  1.000000e-07
 32  31  0  0  0  3  2.001530e-01  1.000000e-07
 32  34  0  0  0  3  2.195109e-01  1.000000e-07
 32  30  0  0  0  3  3.348024e-01  1.000000e-07
 32  28  0  0  0  3  2.318283e-01  1.000000e-07
 36  26  0  1  0  3  4.457428e-01  1.000000e-07
 29  69  1  1  0  3  4.820603e-01  1.000000e-07
 29  31  0  0  0  3  1.533129e-01  1.000000e-07
 29  30  1  0  0  3  5.484383e-01  1.000000e-07
 25  69  0  0  0  3  1.571080e-01  1.000000e-07
 25  78 -1  0  0  3  3.942337e-01  1.000000e-07
 25  26  0  0  0  3  1.471036e-01  1.000000e-07
 25  38  0  0  0  3  2.347147e-01  1.000000e-07
 25  43  0 -1  0  3  3.284464e-01  1.000000e-07
 25  40  0  0  0  3  1.989094e-01  1.000000e-07
 69  78 -1  0  0  3  2.739153e-01  1.000000e-07
 69  27 -1  0  0  3  3.207905e-01  1.000000e-07
 78  42  0  0  0  3  3.564197e-01  1.000000e-07
 78  27  0  0  0  3  1.539020e-01  1.000000e-07
 78  28  0  0  0  3  3.202364e-01  1.000000e-07
 37  27  0  0  0  3  1.867470e-01  1.000000e-07
 37  28  0  0  0  3  2.950890e-01  1.000000e-07
 42  26  0  0  0  3  4.380816e-01  1.000000e-07
 42  27  0  0  0  3  3.282779e-01  1.000000e-07
 42  40  0  0  0  3  3.754451e-01  1.000000e-07
 42  28  0  0  0  3  1.648659e-01  1.000000e-07
 26  38  0  0  0  3  2.300656e-01  1.000000e-07
 26  43  0 -1  0  3  2.967851e-01  1.000000e-07
 26  40  0  0  0  3  1.302922e-01  1.000000e-07
 31  34  0  0  0  3  1.895689e-01  1.000000e-07
 31  27  0  0  0  3  3.685901e-01  1.000000e-07
 31  28  0  0  0  3  1.695091e-01  1.000000e-07
 38  34 -1 -1  0  3  5.442960e-01  1.000000e-07
 38  27 -1  0  0  3  4.481641e-01  1.000000e-07
 43  34 -1  0  0  3  5.184747e-01  1.000000e-07
 34  30  1  0  0  3  5.809752e-01  1.000000e-07
 34  28  0  0  0  3  2.275658e-01  1.000000e-07
 30  40  0  0  0  3  3.424923e-01  1.000000e-07
 27  28  0  0  0  3  2.482404e-01  1.000000e-07
 40  39 -1  0  0  3  4.846761e-01  1.000000e-07
 14  70  0  0  0  3  1.791209e-01  1.000000e-07
 84  32  0  0  0  3  2.026652e-01  1.000000e-07
 15  60  0  0  0  3  1.792513e-01  1.000000e-07
 52  30  0  0  0  3  2.303580e-01  1.000000e-07
 19  49  0  0  0  3  2.530624e-01  1.000000e-07
 59  30  0  0  0  3  1.936574e-01  1.000000e-07
 12  71  0  0  0  3  1.576636e-01  1.000000e-07
 56  25  0  0  0  3  2.150506e-01  1.000000e-07
 12  50  0  0  0  3  2.100122e-01  1.000000e-07
 58  42  0  0  0  3  2.507107e-01  1.000000e-07
 12  51  0  0  0  3  1.957236e-01  1.000000e-07
 56  69  0  0  0  3  2.472682e-01  1.000000e-07
 11  71  0  0  0  3  1.312518e-01  1.000000e-07
 76  25  0  0  0  3  2.006421e-01  1.000000e-07
 20  87 -1 -1  0  3  4.615537e-01  1.000000e-07
 89  29  0  0  0  3  1.970766e-01  1.000000e-07
 11  76  0  0  0  3  1.290133e-01  1.000000e-07
 71  43  0 -1  0  3  3.153660e-01  1.000000e-07
 47  61  0  0  0  3  2.421377e-01  1.000000e-07
 83  31 -1  0  0  3  2.607758e-01  1.000000e-07
 77  4  0  0  0  3  2.940579e-01  1.000000e-07
 58  42  0  0  0  3  1.660871e-01  1.000000e-07
 47  49  0  0  0  3  2.424056e-01  1.000000e-07
 0  69  0  0  0  3  3.373437e-01  1.000000e-07
 16  86  0  0  0  3  3.443863e-01  1.000000e-07
 89  29  0  0  0  3  1.619142e-01  1.000000e-07
 47  48  0  0  0  3  1.993124e-01  1.000000e-07
 83  25  0  1  0  3  2.994667e-01  1.000000e-07
 88  6  0  0  0  3  2.294576e-01  1.000000e-07
 55  29  0  0  0  3  1.892086e-01  1.000000e-07
 12  56  0  0  0  3  1.344922e-01  1.000000e-07
 50  40  0  0  0  3  2.958256e-01  1.000000e-07
 14  70  0  0  0  3  1.655189e-01  1.000000e-07
 84  24  0  0  0  3  2.465558e-01  1.000000e-07
 11  13  0  0  0  3  1.524324e-01  1.000000e-07
 76  24  0 -1  0  3  3.139388e-01  1.000000e-07
 11  83  0 -1  0  3  2.581825e-01  1.000000e-07
 48  29 -1  0  0  3  3.323154e-01  1.000000e-07
 11  71  0  0  0  3  1.165283e-01  1.000000e-07
 76  26  0  0  0  3  2.393518e-01  1.000000e-07
 12  50  0  0  0  3  2.022498e-01  1.000000e-07
 72  78  0  0  0  3  3.265077e-01  1.000000e-07
 44  59  0  0  0  3  1.271554e-01  1.000000e-07
 74  30  0  0  0  3  1.908556e-01  1.000000e-07
 12  57  0  0  0  3  2.141680e-01  1.000000e-07
 56  30  0  0  0  3  3.115738e-01  1.000000e-07
 14  73  0  0  0  3  1.665102e-01  1.000000e-07
 75  43  0  0  0  3  2.943888e-01  1.000000e-07
 77  2  0  0  0  3  2.867447e-01  1.000000e-07
 3  78  0  0  0  3  2.190158e-01  1.000000e-07
 11  71  0  0  0  3  1.742207e-01  1.000000e-07
 51  69  0  0  0  3  2.466791e-01  1.000000e-07
 15  64  0  0  0  3  1.726453e-01  1.000000e-07
 60  42  0  0  0  3  1.820613e-01  1.000000e-07
 12  13  0  0  0  3  1.780569e-01  1.000000e-07
 85  24  0 -1  0  3  3.272043e-01  1.000000e-07
 45  85  0  0  0  3  2.128218e-01  1.000000e-07
 50  41  0  0  0  3  3.133186e-01  1.000000e-07
 15  63  0  0  0  3  1.903334e-01  1.000000e-07
 54  31  0  0  0  3  1.643803e-01  1.000000e-07
 19  53  0  0  0  3  3.085955e-01  1.000000e-07
 62  69  0  0  0  3  2.050761e-01  1.000000e-07
 88  5  0  0  0  3  1.914272e-01  1.000000e-07
 55  31  0  0  0  3  1.343772e-01  1.000000e-07
 47  74  0  0  0  3  1.351791e-01  1.000000e-07
 59  30  0  0  0  3  2.166311e-01  1.000000e-07
 15  86  0  0  0  3  2.121570e-01  1.000000e-07
 63  29  0  0  0  3  2.152327e-01  1.000000e-07
 14  73  0  0  0  3  1.875399e-01  1.000000e-07
 52  30  0  0  0  3  2.211604e-01  1.000000e-07
 45  72  0  0  0  3  2.712960e-01  1.000000e-07
 68  78  0  0  0  3  2.879759e-01  1.000000e-07
 0  61  0  0  0  2  4.146802e-01  2.000000e-07
 0  1  0  0  0  2  2.559079e-01  2.000000e-07
 0  62  0  0  0  2  1.247416e-01  2.000000e-07
 0  49  0  0  0  2  1.714469e-01  2.000000e-07
 0  56  0  0  0  2  1.553991e-01  2.000000e-07
 0  51  0  0  0  2  1.490621e-01  2.000000e-07
 0  67 -1  0  0  2  4.372169e-01  2.000000e-07
 0  57  0  0  0  2  7.206874e-02  2.000000e-07
 0  58  0  0  0  2  1.925402e-01  2.000000e-07
 0  53  0  0  0  2  1.941239e-01  2.000000e-07
 0  55 -1  0  0  2  4.561825e-01  2.000000e-07
 10  61  1  0  0  2  2.754608e-01  2.000000e-07
 10  83  1  0  0  2  4.047278e-01  2.000000e-07
 10  9  0  0  0  2  4.725238e-01  2.000000e-07
 10  62  1  0  0  2  3.685896e-01  2.000000e-07
 10  49  1  0  0  2  3.094433e-01  2.000000e-07
 10  70  0  0  0  2  4.687162e-01  2.000000e-07
 10  5  0  0  0  2  1.184370e-01  2.000000e-07
 10  52  1  0  0  2  5.178398e-01  2.000000e-07
 10  74  1  0  0  2  3.685682e-01  2.000000e-07
 10  79  0  0  0  2  2.658221e-01  2.000000e-07
 10  6  0  0  0  2  1.299564e-01  2.000000e-07
 10  86  0  0  0  2  2.816124e-01  2.000000e-07
 10  53  1  0  0  2  3.182280e-01  2.000000e-07
 10  64  0  0  0  2  3.925804e-01  2.000000e-07
 10  55  0  0  0  2  6.169011e-02  2.000000e-07
 10  8  0  0  0  2  4.898046e-01  2.000000e-07
 10  68  0  0  0  2  4.546466e-01  2.000000e-07
 10  87  0  0  0  2  2.738118e-01  2.000000e-07
 10  73  1  0  0  2  4.991492e-01  2.000000e-07
 61  59  0  0  0  2  2.014150e-01  2.000000e-07
 61  83  0  0  0  2  1.397883e-01  2.000000e-07
 61  9 -1  1  0  2  4.608928e-01  2.000000e-07
 61  1  0  0  0  2  4.127213e-01  2.000000e-07
 61  62  0  0  0  2  4.671441e-01  2.000000e-07
 61  62  0  1  0  2  5.364217e-01  2.000000e-07
 61  75  0  0  0  2  2.660188e-01  2.000000e-07
 61  89 -1  0  0  2  3.241221e-01  2.000000e-07
 61  60  0  0  0  2  3.773316e-01  2.000000e-07
 61  81 -1  1  0  2  5.048381e-01  2.000000e-07
 61  76  0  1  0  2  3.013548e-01  2.000000e-07
 61  52  0  0  0  2  3.247318e-01  2.000000e-07
 61  67 -1  0  0  2  3.695680e-01  2.000000e-07
 61  71  0  1  0  2  3.650239e-01  2.000000e-07
 61  6 -1  0  0  2  2.552328e-01  2.000000e-07
 61  57  0  0  0  2  4.857055e-01  2.000000e-07
 61  53  0  0  0  2  4.636000e-01  2.000000e-07
 61  53  0  1  0  2  5.394085e-01  2.000000e-07
 61  55 -1  0  0  2  2.794807e-01  2.000000e-07
 61  82 -1  1  0  2  5.270200e-01  2.000000e-07
 61  87 -1  0  0  2  2.931236e-01  2.000000e-07
 59  1  0  0  0  2  2.126758e-01  2.000000e-07
 59  75  0  0  0  2  2.390700e-01  2.000000e-07
 59  49  0  0  0  2  1.416698e-01  2.000000e-07
 59  60  0  0  0  2  1.782316e-01  2.000000e-07
 59  4  0  0  0  2  3.094136e-01  2.000000e-07
 59  76  0  1  0  2  3.420829e-01  2.000000e-07
 59  74  0  0  0  2  4.188430e-02  2.000000e-07
 59  58  0  0  0  2  2.760357e-01  2.000000e-07
 59  54  0  0  0  2  3.196878e-01  2.000000e-07
 59  55 -1  0  0  2  4.190856e-01  2.000000e-07
 83  9 -1  1  0  2  4.096542e-01  2.000000e-07
 83  62  0  1  0  2  4.030166e-01  2.000000e-07
 83  56  0  1  0  2  3.577836e-01  2.000000e-07
 83  13  0  1  0  2  2.796138e-01  2.000000e-07
 83  48  0  0  0  2  3.656929e-02  2.000000e-07
 83  76  0  1  0  2  1.719951e-01  2.000000e-07
 83  52  0  0  0  2  3.498136e-01  2.000000e-07
 83  74  0  0  0  2  2.233856e-01  2.000000e-07
 83  71  0  1  0  2  2.268918e-01  2.000000e-07
 83  6 -1  0  0  2  3.538455e-01  2.000000e-07
 83  86 -1  0  0  2  4.132750e-01  2.000000e-07
 83  53  0  1  0  2  4.151188e-01  2.000000e-07
 83  55 -1  0  0  2  3.967398e-01  2.000000e-07
 83  87 -1  0  0  2  3.358742e-01  2.000000e-07
 83  73  0  0  0  2  3.061705e-01  2.000000e-07
 9  62  1  0  0  2  3.891839e-01  2.000000e-07
 9  80  0  0  0  2  1.574595e-01  2.000000e-07
 9  49  1  0  0  2  5.907048e-01  2.000000e-07
 9  7  0  0  0  2  1.246126e-01  2.000000e-07
 9  89  0 -1  0  2  2.737464e-01  2.000000e-07
 9  67  0  0  0  2  4.017121e-01  2.000000e-07
 9  71  1  0  0  2  4.633323e-01  2.000000e-07
 9  79  0  0  0  2  2.926277e-01  2.000000e-07
 9  72  0  0  0  2  2.348353e-01  2.000000e-07
 9  86  0 -1  0  2  3.092513e-01  2.000000e-07
 9  53  1  0  0  2  3.222554e-01  2.000000e-07
 9  82  0  0  0  2  9.121293e-02  2.000000e-07
 9  68  0  0  0  2  1.382594e-01  2.000000e-07
 9  87  0 -1  0  2  2.775136e-01  2.000000e-07
 65  1  0  0  0  2  2.114205e-01  2.000000e-07
 65  89  0  0  0  2  3.513393e-01  2.000000e-07
 65  5  0  0  0  2  1.395791e-01  2.000000e-07
 65  66  0  0  0  2  1.977299e-01  2.000000e-07
 65  4  0  0  0  2  1.901741e-01  2.000000e-07
 65  67  0  0  0  2  1.746646e-01  2.000000e-07
 65  63  0  0  0  2  1.678577e-01  2.000000e-07
 65  79  0  0  0  2  1.350653e-01  2.000000e-07
 65  6  0  0  0  2  2.714684e-01  2.000000e-07
 65  58  0  0  0  2  2.421343e-01  2.000000e-07
 65  54  0  0  0  2  1.140025e-01  2.000000e-07
 65  64  0  0  0  2  1.926355e-01  2.000000e-07
 65  55  0  0  0  2  2.326433e-01  2.000000e-07
 65  68  0  0  0  2  3.372551e-01  2.000000e-07
 65  2  0  0  0  2  2.571370e-01  2.000000e-07
 1  62  0  0  0  2  3.806320e-01  2.000000e-07
 1  50  0  0  0  2  3.553246e-01  2.000000e-07
 1  60  0  0  0  2  8.192634e-02  2.000000e-07
 1  66  0  0  0  2  3.355479e-01  2.000000e-07
 1  63  0  0  0  2  1.894349e-01  2.000000e-07
 1  57  0  0  0  2  2.751860e-01  2.000000e-07
 1  58  0  0  0  2  1.013291e-01  2.000000e-07
 1  64  0  0  0  2  1.345143e-01  2.000000e-07
 1  68  0  0  0  2  4.256961e-01  2.000000e-07
 62  49  0  0  0  2  2.516670e-01  2.000000e-07
 62  50  0  0  0  2  2.902252e-01  2.000000e-07
 62  56  0  0  0  2  1.614942e-01  2.000000e-07
 62  13  0  0  0  2  3.386413e-01  2.000000e-07
 62  51  0  0  0  2  6.229693e-02  2.000000e-07
 62  60  0  0  0  2  4.389218e-01  2.000000e-07
 62  76  0  0  0  2  3.208383e-01  2.000000e-07
 62  52  0  0  0  2  4.527920e-01  2.000000e-07
 62  74  0  0  0  2  4.111855e-01  2.000000e-07
 62  71  0  0  0  2  2.402719e-01  2.000000e-07
 62  57  0  0  0  2  1.365989e-01  2.000000e-07
 62  53  0  0  0  2  8.092767e-02  2.000000e-07
 75  80  0  1  0  2  4.721476e-01  2.000000e-07
 75  89  0  0  0  2  4.592741e-01  2.000000e-07
 75  48  0  0  0  2  1.482664e-01  2.000000e-07
 75  60  0  0  0  2  3.069646e-01  2.000000e-07
 75  81  0  1  0  2  5.143658e-01  2.000000e-07
 75  76  0  1  0  2  1.209618e-01  2.000000e-07
 75  63  0  0  0  2  3.409754e-01  2.000000e-07
 75  74  0  0  0  2  2.183935e-01  2.000000e-07
 75  3  0  1  0  2  4.766993e-01  2.000000e-07
 75  71  0  1  0  2  2.035088e-01  2.000000e-07
 75  84  0  0  0  2  1.866059e-01  2.000000e-07
 75  72  0  1  0  2  3.015674e-01  2.000000e-07
 75  54  0  0  0  2  3.889174e-01  2.000000e-07
 75  64  0  0  0  2  3.110880e-01  2.000000e-07
 75  55 -1  0  0  2  5.454995e-01  2.000000e-07
 75  68  0  1  0  2  4.467872e-01  2.000000e-07
 80  56  0  0  0  2  3.937008e-01  2.000000e-07
 80  51  1  0  0  2  4.915917e-01  2.000000e-07
 80  81  0  0  0  2  1.162711e-01  2.000000e-07
 80  4  0  0  0  2  2.954054e-01  2.000000e-07
 80  76  0  0  0  2  4.527650e-01  2.000000e-07
 80  63  0 -1  0  2  5.595472e-01  2.000000e-07
 80  3  0  0  0  2  9.658400e-03  2.000000e-07
 80  71  0  0  0  2  4.352099e-01  2.000000e-07
 80  71  1  0  0  2  5.961521e-01  2.000000e-07
 80  79  0  0  0  2  1.781766e-01  2.000000e-07
 80  58  0  0  0  2  3.352637e-01  2.000000e-07
 80  72  0  0  0  2  1.726375e-01  2.000000e-07
 80  86  0 -1  0  2  4.104065e-01  2.000000e-07
 80  2  0  0  0  2  6.829180e-02  2.000000e-07
 49  50  0  0  0  2  4.141273e-01  2.000000e-07
 49  51  0  0  0  2  3.010210e-01  2.000000e-07
 49  4  0  0  0  2  2.947352e-01  2.000000e-07
 49  74  0  0  0  2  1.595185e-01  2.000000e-07
 49  71  0  0  0  2  4.546866e-01  2.000000e-07
 49  79 -1  0  0  2  5.213779e-01  2.000000e-07
 49  58  0  0  0  2  2.438202e-01  2.000000e-07
 49  54  0  0  0  2  3.901742e-01  2.000000e-07
 49  55 -1  0  0  2  3.568625e-01  2.000000e-07
 49  73  0  0  0  2  2.364793e-01  2.000000e-07
 50  7  0  0  0  2  3.367803e-01  2.000000e-07
 50  56  0  0  0  2  1.291649e-01  2.000000e-07
 50  13  0  0  0  2  1.285092e-01  2.000000e-07
 50  60  0  0  0  2  4.371859e-01  2.000000e-07
 50  4  0  0  0  2  2.648022e-01  2.000000e-07
 50  76  0  0  0  2  2.151791e-01  2.000000e-07
 50  52  0  0  0  2  4.849507e-01  2.000000e-07
 50  74  0  0  0  2  5.408225e-01  2.000000e-07
 50  79  0  0  0  2  3.677739e-01  2.000000e-07
 50  57  0  0  0  2  1.847500e-01  2.000000e-07
 50  72  0  0  0  2  1.859801e-01  2.000000e-07
 50  85  0  0  0  2  1.731000e-01  2.000000e-07
 50  64  0  0  0  2  4.797950e-01  2.000000e-07
 50  8  0  0  0  2  2.977863e-01  2.000000e-07
 50  68  0  0  0  2  2.709036e-01  2.000000e-07
 7  89  0 -1  0  2  2.039285e-01  2.000000e-07
 7  84  0 -1  0  2  3.000723e-01  2.000000e-07
 7  72  0  0  0  2  1.518889e-01  2.000000e-07
 7  85  0  0  0  2  2.258246e-01  2.000000e-07
 7  86  0 -1  0  2  2.220924e-01  2.000000e-07
 7  64  0 -1  0  2  4.288139e-01  2.000000e-07
 7  8  0  0  0  2  9.916538e-02  2.000000e-07
 7  87  0 -1  0  2  2.207396e-01  2.000000e-07
 56  13  0  0  0  2  1.933792e-01  2.000000e-07
 56  51  0  0  0  2  1.169988e-01  2.000000e-07
 56  66  0  0  0  2  4.300658e-01  2.000000e-07
 56  76  0  0  0  2  2.177524e-01  2.000000e-07
 56  3  0  0  0  2  3.911520e-01  2.000000e-07
 56  71  0  0  0  2  1.365078e-01  2.000000e-07
 56  57  0  0  0  2  8.717178e-02  2.000000e-07
 56  58  0  0  0  2  2.500131e-01  2.000000e-07
 56  53  0  0  0  2  2.374193e-01  2.000000e-07
 56  68  0  0  0  2  3.944698e-01  2.000000e-07
 13  70  0 -1  0  2  3.007229e-01  2.000000e-07
 13  48  0 -1  0  2  2.581351e-01  2.000000e-07
 13  76  0  0  0  2  1.100451e-01  2.000000e-07
 13  52  0 -1  0  2  3.914262e-01  2.000000e-07
 13  71  0  0  0  2  1.198540e-01  2.000000e-07
 13  84  0 -1  0  2  2.669089e-01  2.000000e-07
 13  72  0  0  0  2  1.923276e-01  2.000000e-07
 13  85  0  0  0  2  1.099836e-01  2.000000e-07
 13  73  0 -1  0  2  3.543470e-01  2.000000e-07
 51  81 -1  0  0  2  4.037432e-01  2.000000e-07
 51  76  0  0  0  2  2.585896e-01  2.000000e-07
 51  71  0  0  0  2  1.781022e-01  2.000000e-07
 51  79 -1  0  0  2  4.860781e-01  2.000000e-07
 51  58  0  0  0  2  3.175508e-01  2.000000e-07
 51  53  0  0  0  2  1.239078e-01  2.000000e-07
 51  55 -1  0  0  2  4.908932e-01  2.000000e-07
 51  82 -1  0  0  2  3.620862e-01  2.000000e-07
 51  2 -1  0  0  2  4.475320e-01  2.000000e-07
 70  7  0  1  0  2  3.511021e-01  2.000000e-07
 70  48  0  0  0  2  3.127028e-01  2.000000e-07
 70  4  0  0  0  2  3.356452e-01  2.000000e-07
 70  52  0  0  0  2  1.223267e-01  2.000000e-07
 70  79  0  0  0  2  4.452523e-01  2.000000e-07
 70  84  0  0  0  2  5.298071e-02  2.000000e-07
 70  85  0  1  0  2  2.546917e-01  2.000000e-07
 70  86  0  0  0  2  2.733397e-01  2.000000e-07
 70  54  0  0  0  2  1.982306e-01  2.000000e-07
 70  64  0  0  0  2  1.285849e-01  2.000000e-07
 70  87  0  0  0  2  3.504583e-01  2.000000e-07
 70  73  0  0  0  2  1.132965e-01  2.000000e-07
 89  81  0  1  0  2  3.117701e-01  2.000000e-07
 89  76  0  1  0  2  5.346550e-01  2.000000e-07
 89  63  0  0  0  2  2.712494e-01  2.000000e-07
 89  6  0  0  0  2  1.584723e-01  2.000000e-07
 89  85  0  1  0  2  3.538853e-01  2.000000e-07
 89  64  0  0  0  2  3.334976e-01  2.000000e-07
 89  55  0  0  0  2  2.299152e-01  2.000000e-07
 89  8  0  1  0  2  3.000027e-01  2.000000e-07
 89  82  0  1  0  2  3.648266e-01  2.000000e-07
 89  68  0  1  0  2  3.548029e-01  2.000000e-07
 89  87  0  0  0  2  3.124460e-02  2.000000e-07
 48  74  0  0  0  2  2.001966e-01  2.000000e-07
 48  71  0  1  0  2  2.206662e-01  2.000000e-07
 48  84  0  0  0  2  3.226261e-01  2.000000e-07
 48  86 -1  0  0  2  4.458018e-01  2.000000e-07
 48  55 -1  0  0  2  4.163186e-01  2.000000e-07
 48  73  0  0  0  2  2.729819e-01  2.000000e-07
 60  76  0  1  0  2  4.277969e-01  2.000000e-07
 60  52  0  0  0  2  6.217626e-02  2.000000e-07
 60  63  0  0  0  2  1.405872e-01  2.000000e-07
 60  79  0  0  0  2  3.434812e-01  2.000000e-07
 60  57  0  0  0  2  3.465251e-01  2.000000e-07
 60  64  0  0  0  2  7.388308e-02  2.000000e-07
 60  68  0  0  0  2  4.937625e-01  2.000000e-07
 5  66  0  0  0  2  2.190471e-01  2.000000e-07
 5  67  0  0  0  2  3.695528e-02  2.000000e-07
 5  63  0  0  0  2  2.558580e-01  2.000000e-07
 5  6  0  0  0  2  1.832552e-01  2.000000e-07
 5  64  0  0  0  2  3.046985e-01  2.000000e-07
 5  55  0  0  0  2  1.184640e-01  2.000000e-07
 5  68  0  0  0  2  3.647418e-01  2.000000e-07
 66  4  0  0  0  2  2.493345e-01  2.000000e-07
 66  67  0  0  0  2  2.265934e-01  2.000000e-07
 66  3  0  0  0  2  1.030369e-01  2.000000e-07
 66  57  0  0  0  2  4.266244e-01  2.000000e-07
 66  53  1  0  0  2  3.574169e-01  2.000000e-07
 66  82  0  0  0  2  1.598036e-01  2.000000e-07
 66  68  0  0  0  2  1.479798e-01  2.000000e-07
 66  2  0  0  0  2  5.948607e-02  2.000000e-07
 81  76  0  0  0  2  5.202428e-01  2.000000e-07
 81  76  1  0  0  2  5.205652e-01  2.000000e-07
 81  63  0 -1  0  2  5.260257e-01  2.000000e-07
 81  3  0  0  0  2  1.235702e-01  2.000000e-07
 81  71  1  0  0  2  4.893444e-01  2.000000e-07
 81  72  0  0  0  2  2.208155e-01  2.000000e-07
 81  86  0 -1  0  2  3.439538e-01  2.000000e-07
 81  53  1  0  0  2  3.213909e-01  2.000000e-07
 81  55  0 -1  0  2  5.356735e-01  2.000000e-07
 81  8  0  0  0  2  8.061143e-02  2.000000e-07
 81  82  0  0  0  2  6.199162e-02  2.000000e-07
 81  68  0  0  0  2  1.028561e-01  2.000000e-07
 81  2  0  0  0  2  1.274350e-01  2.000000e-07
 4  52  0  0  0  2  2.415197e-01  2.000000e-07
 4  74  0  0  0  2  3.512852e-01  2.000000e-07
 4  3  0  0  0  2  2.868955e-01  2.000000e-07
 4  71  0  0  0  2  4.064803e-01  2.000000e-07
 4  79  0  0  0  2  2.306665e-01  2.000000e-07
 4  58  0  0  0  2  5.593609e-02  2.000000e-07
 4  72  0  0  0  2  3.595687e-01  2.000000e-07
 4  54  0  0  0  2  2.081125e-01  2.000000e-07
 4  2  0  0  0  2  2.942206e-01  2.000000e-07
 4  73  0  0  0  2  2.840420e-01  2.000000e-07
 76  52  0 -1  0  2  3.677110e-01  2.000000e-07
 76  63  0 -1  0  2  4.558488e-01  2.000000e-07
 76  3  0  0  0  2  4.549963e-01  2.000000e-07
 76  71  0  0  0  2  8.437809e-02  2.000000e-07
 76  72  0  0  0  2  2.995861e-01  2.000000e-07
 76  85  0  0  0  2  2.058072e-01  2.000000e-07
 76  53  0  0  0  2  3.649989e-01  2.000000e-07
 76  64  0 -1  0  2  4.305668e-01  2.000000e-07
 76  82 -1  0  0  2  5.065410e-01  2.000000e-07
 76  68  0  0  0  2  4.353564e-01  2.000000e-07
 76  73  0 -1  0  2  3.249169e-01  2.000000e-07
 52  74  0  0  0  2  1.649845e-01  2.000000e-07
 52  79  0  0  0  2  4.044508e-01  2.000000e-07
 52  57  0  0  0  2  3.759305e-01  2.000000e-07
 52  85  0  1  0  2  3.667463e-01  2.000000e-07
 52  73  0  0  0  2  4.471855e-02  2.000000e-07
 67  6  0  0  0  2  1.848918e-01  2.000000e-07
 67  53  1  0  0  2  3.159870e-01  2.000000e-07
 67  55  0  0  0  2  1.126716e-01  2.000000e-07
 67  82  0  0  0  2  3.106326e-01  2.000000e-07
 67  68  0  0  0  2  3.677836e-01  2.000000e-07
 67  2  0  0  0  2  2.677791e-01  2.000000e-07
 63  6  0  0  0  2  2.775395e-01  2.000000e-07
 63  72  0  1  0  2  4.197091e-01  2.000000e-07
 63  54  0  0  0  2  5.610754e-02  2.000000e-07
 63  64  0  0  0  2  6.733884e-02  2.000000e-07
 63  55  0  0  0  2  2.841619e-01  2.000000e-07
 74  84  0  0  0  2  2.769324e-01  2.000000e-07
 74  54  0  0  0  2  3.540023e-01  2.000000e-07
 74  55 -1  0  0  2  3.952423e-01  2.000000e-07
 74  73  0  0  0  2  1.351316e-01  2.000000e-07
 3  57  0  0  0  2  4.084904e-01  2.000000e-07
 3  58  0  0  0  2  3.273920e-01  2.000000e-07
 3  82  0  0  0  2  1.347957e-01  2.000000e-07
 3  68  0  0  0  2  4.619928e-02  2.000000e-07
 3  2  0  0  0  2  6.318655e-02  2.000000e-07
 71  50  0  0  0  2  1.693181e-01  2.000000e-07
 71  79 -1  0  0  2  6.312733e-01  2.000000e-07
 71  84  0 -1  0  2  3.609955e-01  2.000000e-07
 71  58  0  0  0  2  3.789176e-01  2.000000e-07
 71  72 -1  0  0  2  6.958318e-01  2.000000e-07
 71  72  0  0  0  2  3.042568e-01  2.000000e-07
 71  86 -1 -1  0  2  5.911891e-01  2.000000e-07
 71  55 -1 -1  0  2  6.181694e-01  2.000000e-07
 79  72  0  0  0  2  3.373890e-01  2.000000e-07
 79  86  0  0  0  2  4.199120e-01  2.000000e-07
 79  54  0  0  0  2  2.482891e-01  2.000000e-07
 79  64  0  0  0  2  3.215311e-01  2.000000e-07
 79  55  0  0  0  2  2.764690e-01  2.000000e-07
 79  8  0  0  0  2  2.633830e-01  2.000000e-07
 79  2  0  0  0  2  1.247485e-01  2.000000e-07
 79  73  0  0  0  2  4.484717e-01  2.000000e-07
 84  72  0  1  0  2  2.774564e-01  2.000000e-07
 84  85  0  1  0  2  2.081459e-01  2.000000e-07
 84  86  0  0  0  2  2.456521e-01  2.000000e-07
 84  54  0  0  0  2  2.260807e-01  2.000000e-07
 6  86  0  0  0  2  1.580322e-01  2.000000e-07
 6  64  0  0  0  2  3.442758e-01  2.000000e-07
 6  55  0  0  0  2  7.504002e-02  2.000000e-07
 6  87  0  0  0  2  1.441504e-01  2.000000e-07
 57  58  0  0  0  2  1.902209e-01  2.000000e-07
 57  68  0  0  0  2  4.213079e-01  2.000000e-07
 58  72  0  0  0  2  3.763836e-01  2.000000e-07
 58  54  0  0  0  2  2.427667e-01  2.000000e-07
 72  85  0  0  0  2  1.040192e-01  2.000000e-07
 72  86  0 -1  0  2  3.262217e-01  2.000000e-07
 72  54  0 -1  0  2  4.748066e-01  2.000000e-07
 72  55  0 -1  0  2  5.466734e-01  2.000000e-07
 72  8  0  0  0  2  1.402085e-01  2.000000e-07
 85  86  0 -1  0  2  3.367739e-01  2.000000e-07
 85  64  0 -1  0  2  3.776386e-01  2.000000e-07
 85  8  0  0  0  2  2.413566e-01  2.000000e-07
 85  68  0  0  0  2  2.491266e-01  2.000000e-07
 85  73  0 -1  0  2  3.386945e-01  2.000000e-07
 86  54  0  0  0  2  2.505154e-01  2.000000e-07
 86  55  0  0  0  2  2.204611e-01  2.000000e-07
 86  87  0  0  0  2  7.834851e-02  2.000000e-07
 53  55 -1  0  0  2  3.791653e-01  2.000000e-07
 53  82 -1  0  0  2  2.692782e-01  2.000000e-07
 53  87 -1 -1  0  2  5.260303e-01  2.000000e-07
 53  2 -1  0  0  2  3.395400e-01  2.000000e-07
 54  55  0  0  0  2  2.685081e-01  2.000000e-07
 64  8  0  0  0  2  5.520284e-01  2.000000e-07
 64  68  0  0  0  2  4.969883e-01  2.000000e-07
 64  87  0  0  0  2  3.572854e-01  2.000000e-07
 55  2  0  0  0  2  3.799266e-01  2.000000e-07
 8  82  0  0  0  2  1.340659e-01  2.000000e-07
 8  68  0  0  0  2  5.519961e-02  2.000000e-07
 82  68  0  0  0  2  1.351804e-01  2.000000e-07
 82  87  0 -1  0  2  3.676780e-01  2.000000e-07
 82  2  0  0  0  2  1.075263e-01  2.000000e-07
 0  62  0  0  0  1  1.247416e-01  3.000000e-07
 0  49  0  0  0  1  1.714469e-01  3.000000e-07
 0  57  0  0  0  1  7.206874e-02  3.000000e-07
 0  58  0  0  0  1  1.925402e-01  3.000000e-07
 10  61  1  0  0  1  2.754608e-01  3.000000e-07
 10  49  1  0  0  1  3.094433e-01  3.000000e-07
 10  67  0  0  0  1  9.417711e-02  3.000000e-07
 10  6  0  0  0  1  1.299564e-01  3.000000e-07
 10  53  1  0  0  1  3.182280e-01  3.000000e-07
 10  55  0  0  0  1  6.169011e-02  3.000000e-07
 61  83  0  0  0  1  1.397883e-01  3.000000e-07
 61  49  0  0  0  1  2.461946e-01  3.000000e-07
 61  48  0  0  0  1  1.464363e-01  3.000000e-07
 61  74  0  0  0  1  1.620409e-01  3.000000e-07
 61  87 -1  0  0  1  2.931236e-01  3.000000e-07
 59  1  0  0  0  1  2.126758e-01  3.000000e-07
 59  49  0  0  0  1  1.416698e-01  3.000000e-07
 59  52  0  0  0  1  1.333408e-01  3.000000e-07
 59  73  0  0  0  1  1.120044e-01  3.000000e-07
 83  9 -1  1  0  1  4.096542e-01  3.000000e-07
 83  51  0  1  0  1  3.482521e-01  3.000000e-07
 83  76  0  1  0  1  1.719951e-01  3.000000e-07
 83  71  0  1  0  1  2.268918e-01  3.000000e-07
 83  87 -1  0  0  1  3.358742e-01  3.000000e-07
 9  51  1  0  0  1  3.925542e-01  3.000000e-07
 9  53  1  0  0  1  3.222554e-01  3.000000e-07
 9  8  0  0  0  1  1.007431e-01  3.000000e-07
 9  82  0  0  0  1  9.121293e-02  3.000000e-07
 9  87  0 -1  0  1  2.775136e-01  3.000000e-07
 65  5  0  0  0  1  1.395791e-01  3.000000e-07
 65  4  0  0  0  1  1.901741e-01  3.000000e-07
 65  79  0  0  0  1  1.350653e-01  3.000000e-07
 65  54  0  0  0  1  1.140025e-01  3.000000e-07
 1  60  0  0  0  1  8.192634e-02  3.000000e-07
 1  52  0  0  0  1  1.354583e-01  3.000000e-07
 1  58  0  0  0  1  1.013291e-01  3.000000e-07
 1  54  0  0  0  1  1.675205e-01  3.000000e-07
 1  64  0  0  0  1  1.345143e-01  3.000000e-07
 62  49  0  0  0  1  2.516670e-01  3.000000e-07
 62  51  0  0  0  1  6.229693e-02  3.000000e-07
 62  53  0  0  0  1  8.092767e-02  3.000000e-07
 75  13  0  1  0  1  1.629886e-01  3.000000e-07
 75  70  0  0  0  1  1.925115e-01  3.000000e-07
 75  48  0  0  0  1  1.482664e-01  3.000000e-07
 75  76  0  1  0  1  1.209618e-01  3.000000e-07
 75  74  0  0  0  1  2.183935e-01  3.000000e-07
 75  84  0  0  0  1  1.866059e-01  3.000000e-07
 75  85  0  1  0  1  1.976748e-01  3.000000e-07
 75  73  0  0  0  1  2.052695e-01  3.000000e-07
 80  81  0  0  0  1  1.162711e-01  3.000000e-07
 80  2  0  0  0  1  6.829180e-02  3.000000e-07
 49  74  0  0  0  1  1.595185e-01  3.000000e-07
 50  56  0  0  0  1  1.291649e-01  3.000000e-07
 50  13  0  0  0  1  1.285092e-01  3.000000e-07
 50  3  0  0  0  1  2.741166e-01  3.000000e-07
 50  71  0  0  0  1  1.693181e-01  3.000000e-07
 50  58  0  0  0  1  2.543665e-01  3.000000e-07
 50  72  0  0  0  1  1.859801e-01  3.000000e-07
 50  85  0  0  0  1  1.731000e-01  3.000000e-07
 7  89  0 -1  0  1  2.039285e-01  3.000000e-07
 7  84  0 -1  0  1  3.000723e-01  3.000000e-07
 7  72  0  0  0  1  1.518889e-01  3.000000e-07
 7  85  0  0  0  1  2.258246e-01  3.000000e-07
 7  86  0 -1  0  1  2.220924e-01  3.000000e-07
 7  8  0  0  0  1  9.916538e-02  3.000000e-07
 7  87  0 -1  0  1  2.207396e-01  3.000000e-07
 56  71  0  0  0  1  1.365078e-01  3.000000e-07
 56  57  0  0  0  1  8.717178e-02  3.000000e-07
 13  76  0  0  0  1  1.100451e-01  3.000000e-07
 13  71  0  0  0  1  1.198540e-01  3.000000e-07
 13  85  0  0  0  1  1.099836e-01  3.000000e-07
 51  71  0  0  0  1  1.781022e-01  3.000000e-07
 51  57  0  0  0  1  1.278934e-01  3.000000e-07
 51  53  0  0  0  1  1.239078e-01  3.000000e-07
 70  52  0  0  0  1  1.223267e-01  3.000000e-07
 70  63  0  0  0  1  1.485359e-01  3.000000e-07
 70  84  0  0  0  1  5.298071e-02  3.000000e-07
 70  64  0  0  0  1  1.285849e-01  3.000000e-07
 70  73  0  0  0  1  1.132965e-01  3.000000e-07
 89  86  0  0  0  1  5.239814e-02  3.000000e-07
 48  76  0  1  0  1  1.551066e-01  3.000000e-07
 48  74  0  0  0  1  2.001966e-01  3.000000e-07
 60  64  0  0  0  1  7.388308e-02  3.000000e-07
 5  79  0  0  0  1  1.580499e-01  3.000000e-07
 5  54  0  0  0  1  2.187159e-01  3.000000e-07
 5  55  0  0  0  1  1.184640e-01  3.000000e-07
 66  4  0  0  0  1  2.493345e-01  3.000000e-07
 66  3  0  0  0  1  1.030369e-01  3.000000e-07
 66  79  0  0  0  1  6.737697e-02  3.000000e-07
 66  82  0  0  0  1  1.598036e-01  3.000000e-07
 66  2  0  0  0  1  5.948607e-02  3.000000e-07
 81  8  0  0  0  1  8.061143e-02  3.000000e-07
 81  68  0  0  0  1  1.028561e-01  3.000000e-07
 81  2  0  0  0  1  1.274350e-01  3.000000e-07
 4  3  0  0  0  1  2.868955e-01  3.000000e-07
 4  79  0  0  0  1  2.306665e-01  3.000000e-07
 4  58  0  0  0  1  5.593609e-02  3.000000e-07
 4  54  0  0  0  1  2.081125e-01  3.000000e-07
 52  64  0  0  0  1  1.052461e-01  3.000000e-07
 67  79  0  0  0  1  1.718929e-01  3.000000e-07
 67  53  1  0  0  1  3.159870e-01  3.000000e-07
 67  55  0  0  0  1  1.126716e-01  3.000000e-07
 67  82  0  0  0  1  3.106326e-01  3.000000e-07
 63  84  0  0  0  1  1.714394e-01  3.000000e-07
 63  6  0  0  0  1  2.775395e-01  3.000000e-07
 63  86  0  0  0  1  2.190595e-01  3.000000e-07
 63  54  0  0  0  1  5.610754e-02  3.000000e-07
 63  64  0  0  0  1  6.733884e-02  3.000000e-07
 74  73  0  0  0  1  1.351316e-01  3.000000e-07
 3  72  0  0  0  1  1.783077e-01  3.000000e-07
 3  2  0  0  0  1  6.318655e-02  3.000000e-07
 79  82  0  0  0  1  2.135310e-01  3.000000e-07
 84  85  0  1  0  1  2.081459e-01  3.000000e-07
 84  86  0  0  0  1  2.456521e-01  3.000000e-07
 6  86  0  0  0  1  1.580322e-01  3.000000e-07
 6  54  0  0  0  1  2.769341e-01  3.000000e-07
 6  55  0  0  0  1  7.504002e-02  3.000000e-07
 6  87  0  0  0  1  1.441504e-01  3.000000e-07
 57  58  0  0  0  1  1.902209e-01  3.000000e-07
 72  85  0  0  0  1  1.040192e-01  3.000000e-07
 72  8  0  0  0  1  1.402085e-01  3.000000e-07
 72  68  0  0  0  1  1.452875e-01  3.000000e-07
 86  87  0  0  0  1  7.834851e-02  3.000000e-07
 53  82 -1  0  0  1  2.692782e-01  3.000000e-07
 54  64  0  0  0  1  8.603642e-02  3.000000e-07
 54  55  0  0  0  1  2.685081e-01  3.000000e-07
 82  2  0  0  0  1  1.075263e-01  3.000000e-07
-2.129687e-01 -7.507543e-02  0
-1.237302e-02  8.382775e-02  0
 2.690318e-01 -1.816181e-01  0
 2.226680e-01 -2.245475e-01  0
 2.622031e-02 -1.546056e-02  0
 3.374762e-01  7.563521e-02  0
 3.991148e-01  2.482131e-01  0
 2.536879e-01 -4.200274e-01  0
 2.456088e-01 -3.211917e-01  0
 3.453196e-01 -3.355767e-01  0
 4.444689e-01  1.264278e-01  0
-1.745495e-01 -4.096403e-01  1.132645e-01
-1.037191e-01 -3.025105e-01  1.269408e-01
-7.767191e-02 -3.947013e-01  0
-6.045579e-02  3.210172e-01  1.566008e-01
 6.321834e-02  2.258883e-01  1.437033e-01
 1.460363e-01  2.716568e-01  3.100834e-01
-1.498529e-01  6.714938e-02  4.119053e-01
-4.413249e-01  2.224293e-01  2.895177e-01
-2.806073e-01  6.611592e-02  2.413243e-01
-2.853114e-01 -3.936314e-01  3.414325e-01
-2.846545e-01  2.100751e-01  3.513703e-01
 2.585319e-01  2.753266e-02  3.466414e-01
 1.723061e-01  2.900277e-01  4.171185e-01
 5.808491e-02  3.822824e-01 -2.332714e-01
-3.228764e-01 -3.313958e-01 -1.731452e-01
-1.884109e-01 -3.271586e-01 -2.326478e-01
 3.071614e-01 -1.069268e-01 -3.074621e-01
 2.044668e-01  8.364017e-02 -1.859658e-01
 3.502992e-01  3.541151e-01 -1.457866e-01
-1.563943e-01  1.176389e-01 -1.846748e-01
 2.954301e-01  2.126080e-01 -1.241084e-01
 1.237688e-01  3.007924e-01 -1.771849e-01
 1.357007e-01  2.507689e-01 -3.145304e-01
 2.926194e-01  2.534228e-01 -3.092101e-01
 3.230854e-03  1.550880e-01  4.370483e-01
 9.409191e-02  3.802662e-01 -4.150717e-01
 3.374737e-01  1.955888e-02 -4.414657e-01
-3.363768e-01 -3.601777e-01 -4.056970e-01
 3.486167e-01 -2.911437e-02 -3.669775e-01
-2.092653e-01 -2.072729e-01 -2.792158e-01
 9.558017e-02 -2.399890e-01 -2.842261e-01
 5.256580e-02  2.958692e-02 -1.515408e-01
-2.056034e-01  3.798734e-01 -2.768690e-01
-1.980238e-01  1.862764e-01  1.230375e-01
-4.373315e-02 -4.120728e-01  1.930607e-01
-3.456109e-01 -2.666707e-01  3.260680e-01
-2.654630e-01  2.657154e-01  1.152382e-01
-2.727139e-01  4.362059e-01  0
-2.479237e-01  9.277028e-02  0
-4.769822e-02 -2.697365e-01  0
-2.841046e-01 -2.060685e-01  0
-4.535861e-02  2.152085e-01  0
-3.931704e-01 -1.472656e-01  0
 1.361997e-01  1.612181e-01  0
 4.044330e-01  1.733618e-01  0
-1.684836e-01 -2.239713e-01  0
-1.763648e-01 -1.371565e-01  0
-2.971312e-02 -1.600668e-02  0
-1.786943e-01  2.163730e-01  0
-7.839134e-03  1.656285e-01  0
-3.544686e-01  3.147161e-01  0
-3.123083e-01 -1.505215e-01  0
 1.234673e-01  2.158619e-01  0
 5.849723e-02  1.981585e-01  0
 1.982592e-01  6.558760e-02  0
 2.500928e-01 -1.252274e-01  0
 3.729234e-01  6.518589e-02  0
 2.232035e-01 -2.707437e-01  0
-4.299061e-01 -2.170963e-01 -1.603712e-01
 1.762488e-02  3.200746e-01  0
-1.919132e-01 -3.584533e-01  0
 1.122820e-01 -3.645781e-01  0
-7.217506e-02  2.509944e-01  0
-2.072481e-01  2.470157e-01  0
-1.250306e-01  4.493422e-01  0
-1.772479e-01 -4.415472e-01  0
 1.436246e-01 -1.352540e-01  2.683035e-01
 2.998626e-01 -2.214686e-01 -2.049305e-01
 2.529470e-01 -5.791096e-02  0
 2.250920e-01 -2.338968e-01  0
 3.225843e-01 -2.972547e-01  0
 3.559061e-01 -2.449802e-01  0
-3.078082e-01  4.464870e-01  0
 4.238340e-02  3.669144e-01  0
 2.792822e-02 -4.254422e-01  0
 2.879528e-01  3.605394e-01  0
 3.615584e-01  3.873852e-01  0
 3.161940e-01  8.943250e-02  1.767988e-01
 3.305327e-01  3.910766e-01  0