 726  90  1.200000e-05  57 -2 -2
 22  36  0  0  0  3  4.928815e-01  1.000000e-07
 22  42  0  0  0  3  4.610649e-01  1.000000e-07
 22  37  0  0  0  3  4.082545e-01  1.000000e-07
 22  38  0  0  0  3  3.637023e-01  1.000000e-07
 22  43  0  0  0  3  3.038339e-01  1.000000e-07
 22  44  0  0  0  3  3.718134e-01  1.000000e-07
 22  65  0  0  0  3  3.320663e-01  1.000000e-07
 22  35  0  0  1  3  2.989944e-01  1.000000e-07
 22  26  0  0  1  3  2.843542e-01  1.000000e-07
 23  37  0  0  0  3  2.653369e-01  1.000000e-07
 23  45  0  0  0  3  2.849131e-01  1.000000e-07
 23  43  0  0  0  3  2.315735e-01  1.000000e-07
 23  34  0  0  0  3  4.083889e-02  1.000000e-07
 23  46  0  0  0  3  2.837623e-01  1.000000e-07
 23  35  0  0  1  3  5.051765e-01  1.000000e-07
 23  26 -1  0  1  3  4.268150e-01  1.000000e-07
 23  24  0  0  1  3  2.627584e-01  1.000000e-07
 23  25  0  0  1  3  2.094933e-01  1.000000e-07
 36  88  0  0  0  3  1.722857e-01  1.000000e-07
 36  21  0 -1  0  3  3.342120e-01  1.000000e-07
 36  43  0  0  0  3  4.508047e-01  1.000000e-07
 36  44  0 -1  0  3  3.368345e-01  1.000000e-07
 36  64  0  0  0  3  3.243410e-01  1.000000e-07
 36  27  0  0  1  3  3.660503e-01  1.000000e-07
 36  26  0  0  1  3  5.177326e-01  1.000000e-07
 36  33  0  0  1  3  5.941527e-01  1.000000e-07
 42  17  1  0  0  3  4.790423e-01  1.000000e-07
 42  21  0 -1  0  3  3.609879e-01  1.000000e-07
 42  45  1  0  0  3  3.553055e-01  1.000000e-07
 42  34  1  0  0  3  4.699062e-01  1.000000e-07
 42  65  0  0  0  3  3.768933e-01  1.000000e-07
 42  26  0  0  1  3  4.932938e-01  1.000000e-07
 42  85  0  0  1  3  4.119921e-01  1.000000e-07
 42  29  0  0  1  3  3.699117e-01  1.000000e-07
 37  21 -1  0  0  3  4.762812e-01  1.000000e-07
 37  43  0  0  0  3  3.397423e-01  1.000000e-07
 37  44  0  0  0  3  2.322719e-01  1.000000e-07
 37  20  0  0  0  3  2.445480e-01  1.000000e-07
 37  24  0  0  1  3  2.141279e-01  1.000000e-07
 37  25  0  0  1  3  2.702419e-01  1.000000e-07
 37  86  0  0  1  3  4.362876e-01  1.000000e-07
 88  17  0  0  0  3  3.556415e-01  1.000000e-07
 88  21  0 -1  0  3  3.908729e-01  1.000000e-07
 88  44  0 -1  0  3  3.744539e-01  1.000000e-07
 88  65  0  0  0  3  4.466327e-01  1.000000e-07
 88  20  0 -1  0  3  5.026363e-01  1.000000e-07
 38  21  0  0  0  3  2.479379e-01  1.000000e-07
 38  44  0  0  0  3  3.152580e-01  1.000000e-07
 38  20  0  0  0  3  4.238620e-01  1.000000e-07
 38  29  0  1  1  3  1.874525e-01  1.000000e-07
 38  30  1  1  1  3  4.275606e-01  1.000000e-07
 38  86  0  0  1  3  4.002337e-01  1.000000e-07
 38  39  0  0  1  3  3.328584e-01  1.000000e-07
 38  31  0  0  1  3  2.572112e-01  1.000000e-07
 17  43  0  0  0  3  3.799939e-01  1.000000e-07
 17  44  0 -1  0  3  3.512410e-01  1.000000e-07
 17  18 -1 -1  0  3  6.643618e-01  1.000000e-07
 17  46  0 -1  0  3  4.340812e-01  1.000000e-07
 21  44  0  0  0  3  4.230528e-01  1.000000e-07
 16  45  0  0  0  3  1.808098e-01  1.000000e-07
 16  43  0  0  0  3  2.160565e-01  1.000000e-07
 16  18 -1  0  0  3  3.619434e-01  1.000000e-07
 16  64  0  0  0  3  3.582598e-01  1.000000e-07
 45  34  0  0  0  3  2.824187e-01  1.000000e-07
 45  46  0  0  0  3  2.917798e-01  1.000000e-07
 45  24  0  0  1  3  4.338473e-01  1.000000e-07
 45  40  0  0  1  3  3.610848e-01  1.000000e-07
 43  25  0  0  1  3  3.930672e-01  1.000000e-07
 43  76  0  0  1  3  5.620166e-01  1.000000e-07
 44  46  0  0  0  3  3.021187e-01  1.000000e-07
 44  29  0  1  1  3  4.433072e-01  1.000000e-07
 18  46  1  0  0  3  3.935444e-01  1.000000e-07
 18  65  0  0  0  3  6.127865e-02  1.000000e-07
 64  65  0  0  0  3  4.041893e-01  1.000000e-07
 64  20  0  0  0  3  3.769605e-01  1.000000e-07
 64  35  0  0  1  3  5.071699e-01  1.000000e-07
 34  35  0  0  1  3  5.244386e-01  1.000000e-07
 34  28  0  0  1  3  3.205730e-01  1.000000e-07
 34  77  0  0  1  3  4.440661e-01  1.000000e-07
 34  30  0  0  1  3  3.841769e-01  1.000000e-07
 34  40  0  0  1  3  2.284799e-01  1.000000e-07
 34  76  0  0  1  3  5.694252e-01  1.000000e-07
 46  20  0  0  0  3  2.305102e-01  1.000000e-07
 46  24  0  0  1  3  3.198461e-01  1.000000e-07
 65  20  0  0  0  3  4.700470e-01  1.000000e-07
 89  35  0  0  0  3  3.751278e-01  1.000000e-07
 89  24  0  0  0  3  2.434379e-01  1.000000e-07
 89  25  0  0  0  3  1.829553e-01  1.000000e-07
 89  0  0  0  0  3  1.879269e-01  1.000000e-07
 89  41  0  0  0  3  3.715982e-01  1.000000e-07
 89  76  0  0  0  3  3.621182e-01  1.000000e-07
 27  35  0  0  0  3  4.160582e-01  1.000000e-07
 27  85  0  0  0  3  1.048896e-01  1.000000e-07
 27  86  0 -1  0  3  5.507183e-01  1.000000e-07
 27  33  0  0  0  3  4.026760e-01  1.000000e-07
 27  39  0 -1  0  3  5.046698e-01  1.000000e-07
 27  31  0 -1  0  3  4.356894e-01  1.000000e-07
 27  76  0  0  0  3  3.057616e-01  1.000000e-07
 35  25  0  0  0  3  4.453208e-01  1.000000e-07
 35  86  0  0  0  3  1.463337e-01  1.000000e-07
 35  39  0  0  0  3  1.210780e-01  1.000000e-07
 28  77  0  0  0  3  1.761033e-01  1.000000e-07
 28  32  0  0  0  3  1.818571e-01  1.000000e-07
 28  30  0  0  0  3  2.885264e-01  1.000000e-07
 28  33  0  0  0  3  2.861043e-01  1.000000e-07
 28  40  0  0  0  3  2.299050e-01  1.000000e-07
 28  41  0  0  0  3  1.500380e-01  1.000000e-07
 26  24  1  0  0  3  3.802343e-01  1.000000e-07
 26  32  1  0  0  3  3.946340e-01  1.000000e-07
 26  39  0  0  0  3  1.895378e-01  1.000000e-07
 26  41  1  0  0  3  3.630066e-01  1.000000e-07
 26  76  0  0  0  3  3.233248e-01  1.000000e-07
 85  29  0  0  0  3  1.591761e-01  1.000000e-07
 85  30  1  0  0  3  1.783121e-01  1.000000e-07
 85  19  0  0  0  3  2.719890e-01  1.000000e-07
 85  40  1  0  0  3  3.030685e-01  1.000000e-07
 85  31  0 -1  0  3  3.989441e-01  1.000000e-07
 85  41  1  0  0  3  2.786114e-01  1.000000e-07
 77  32  0  0  0  3  2.728475e-01  1.000000e-07
 77  33  0  0  0  3  1.666705e-01  1.000000e-07
 77  0  0  0  0  3  1.871958e-01  1.000000e-07
 24  25  0  0  0  3  1.161148e-01  1.000000e-07
 24  32  0  0  0  3  1.634208e-01  1.000000e-07
 24  33  0  1  0  3  6.844743e-01  1.000000e-07
 25  32  0  0  0  3  5.931272e-02  1.000000e-07
 25  86  0  0  0  3  3.726408e-01  1.000000e-07
 25  40  0  0  0  3  2.676230e-01  1.000000e-07
 32  40  0  0  0  3  2.387691e-01  1.000000e-07
 32  31 -1  0  0  3  4.272552e-01  1.000000e-07
 32  76  0  0  0  3  4.678077e-01  1.000000e-07
 29  30  1  0  0  3  2.810843e-01  1.000000e-07
 29  86  0 -1  0  3  4.442943e-01  1.000000e-07
 29  33  0  0  0  3  5.225390e-01  1.000000e-07
 29  39  0 -1  0  3  3.738906e-01  1.000000e-07
 29  31  0 -1  0  3  2.808429e-01  1.000000e-07
 30  33  0  0  0  3  4.486714e-01  1.000000e-07
 30  40  0  0  0  3  2.459788e-01  1.000000e-07
 30  31 -1 -1  0  3  4.402461e-01  1.000000e-07
 30  41  0  0  0  3  2.278347e-01  1.000000e-07
 86  33  0  1  0  3  6.384549e-01  1.000000e-07
 33  76  0  0  0  3  2.941481e-01  1.000000e-07
 39  19  0  0  0  3  4.389129e-01  1.000000e-07
 39  31  0  0  0  3  1.686962e-01  1.000000e-07
 39  76  0  0  0  3  2.878665e-01  1.000000e-07
 0  76  0  0  0  3  2.312863e-01  1.000000e-07
 19  40  1  0  0  3  3.398394e-01  1.000000e-07
 19  41  1  0  0  3  1.946017e-01  1.000000e-07
 40  41  0  0  0  3  1.935427e-01  1.000000e-07
 31  41  1  0  0  3  4.821078e-01  1.000000e-07
 18  78  1  0  0  3  1.546342e-01  1.000000e-07
 82  28  0  0  0  3  3.541776e-01  1.000000e-07
 65  74  0  0  0  3  1.362316e-01  1.000000e-07
 2  76  0  0  0  3  2.508326e-01  1.000000e-07
 21  83  0  0  0  3  2.823987e-01  1.000000e-07
 12  85  0  1  0  3  3.835769e-01  1.000000e-07
 64  2  0  0  0  3  3.099866e-01  1.000000e-07
 51  19  0  0  0  3  1.754974e-01  1.000000e-07
 18  56  0  0  0  3  2.461294e-01  1.000000e-07
 74  0  0  0  0  3  2.441592e-01  1.000000e-07
 18  49  0  0  0  3  1.149135e-01  1.000000e-07
 87  31  0  0  0  3  4.114080e-01  1.000000e-07
 88  63  0  0  0  3  2.962406e-01  1.000000e-07
 51  19  0  0  0  3  1.604815e-01  1.000000e-07
 64  57  0  0  0  3  2.630032e-01  1.000000e-07
 73  0  0  0  0  3  1.292915e-01  1.000000e-07
 16  73  0  0  0  3  2.929264e-01  1.000000e-07
 72  0  0  0  0  3  1.371595e-01  1.000000e-07
 88  59  0  0  0  3  2.365636e-01  1.000000e-07
 50  27  0  0  0  3  2.851599e-01  1.000000e-07
 64  5  0  0  0  3  2.319651e-01  1.000000e-07
 56  76  0  0  0  3  2.055788e-01  1.000000e-07
 16  53  0  0  0  3  2.439844e-01  1.000000e-07
 61  77  0  0  0  3  1.444657e-01  1.000000e-07
 17  62  0  0  0  3  1.661953e-01  1.000000e-07
 66  28  0  0  0  3  3.181045e-01  1.000000e-07
 16  53  0  0  0  3  3.157098e-01  1.000000e-07
 62  19 -1  0  0  3  1.702449e-01  1.000000e-07
 20  57  0  0  0  3  2.635883e-01  1.000000e-07
 75  0  0  0  0  3  1.189908e-01  1.000000e-07
 88  60  0 -1  0  3  3.160018e-01  1.000000e-07
 8  86  0  0  0  3  4.097380e-01  1.000000e-07
 20  79  0  0  0  3  2.528717e-01  1.000000e-07
 80  89  0  0  0  3  2.401368e-01  1.000000e-07
 43  61  0  0  0  3  3.047803e-01  1.000000e-07
 3  77  0  0  0  3  1.380289e-01  1.000000e-07
 17  52  0 -1  0  3  2.027435e-01  1.000000e-07
 15  86  0  0  0  3  4.632837e-01  1.000000e-07
 46  72  0  0  0  3  3.381641e-01  1.000000e-07
 73  0  0  0  0  3  1.330870e-01  1.000000e-07
 20  84  0  0  0  3  2.441308e-01  1.000000e-07
 9  86  0  0  0  3  3.037839e-01  1.000000e-07
 18  78  1  0  0  3  1.335433e-01  1.000000e-07
 82  32  0  0  0  3  4.224194e-01  1.000000e-07
 45  53  0  0  0  3  3.073099e-01  1.000000e-07
 61  77  0  0  0  3  1.780955e-01  1.000000e-07
 18  49  0  0  0  3  1.185018e-01  1.000000e-07
 87  39  0  0  0  3  3.614717e-01  1.000000e-07
 65  56  0  0  0  3  2.334985e-01  1.000000e-07
 74  0  0  0  0  3  2.384754e-01  1.000000e-07
 16  53  0  0  0  3  2.460704e-01  1.000000e-07
 61  41  0  0  0  3  2.488513e-01  1.000000e-07
 21  48  0  1  0  3  4.174940e-01  1.000000e-07
 47  19  0  0  0  3  2.111692e-01  1.000000e-07
 45  51 -1  0  0  3  2.732611e-01  1.000000e-07
 63  19  0  0  0  3  1.442240e-01  1.000000e-07
 19  55  1  0  0  3  2.659489e-01  1.000000e-07
 62  17  0  0  0  3  2.785700e-01  1.000000e-07
 16  80  0  0  0  3  2.492877e-01  1.000000e-07
 72  89  0  0  0  3  2.455498e-01  1.000000e-07
 64  3  0  0  0  3  2.581345e-01  1.000000e-07
 58  77  0  0  0  3  1.604687e-01  1.000000e-07
 21  81  0  0  0  3  2.453560e-01  1.000000e-07
 83  31  0  0  0  3  3.889111e-01  1.000000e-07
 46  54  0  0  0  3  2.827411e-01  1.000000e-07
 80  89  0  0  0  3  2.340822e-01  1.000000e-07
 65  2  0  0  0  3  1.385874e-01  1.000000e-07
 51  19  0  0  0  3  1.630054e-01  1.000000e-07
 81  82  1  0  0  2  2.649004e-01  2.000000e-07
 81  78  1  0  0  2  1.636097e-01  2.000000e-07
 81  48  0  1  0  2  4.422970e-01  2.000000e-07
 81  7  1  0  0  2  2.669259e-01  2.000000e-07
 81  69  0  0  0  2  1.395609e-01  2.000000e-07
 81  10  0  0  0  2  2.417449e-01  2.000000e-07
 81  49  0  0  0  2  1.662961e-01  2.000000e-07
 81  12  0  0  0  2  2.060559e-01  2.000000e-07
 81  54  1  0  0  2  4.166653e-01  2.000000e-07
 81  60  0  0  0  2  2.488212e-01  2.000000e-07
 81  87  0  0  0  2  1.061095e-01  2.000000e-07
 81  13  0  0  0  2  1.935802e-01  2.000000e-07
 81  14  1  0  0  2  4.569457e-01  2.000000e-07
 67  82  0  0  0  2  2.066132e-01  2.000000e-07
 67  47 -1  1  0  2  3.658744e-01  2.000000e-07
 67  15  0  0  0  2  2.574767e-01  2.000000e-07
 67  68  0  1  0  2  2.475193e-01  2.000000e-07
 67  78  0  0  0  2  2.046584e-01  2.000000e-07
 67  7  0  0  0  2  1.075575e-01  2.000000e-07
 67  83 -1  0  0  2  2.017622e-01  2.000000e-07
 67  50 -1  1  0  2  3.890918e-01  2.000000e-07
 67  79  0  0  0  2  3.694098e-01  2.000000e-07
 67  51 -1  1  0  2  4.818167e-01  2.000000e-07
 67  80  0  0  0  2  3.598451e-01  2.000000e-07
 67  52  0  0  0  2  2.955285e-01  2.000000e-07
 67  12 -1  0  0  2  3.856213e-01  2.000000e-07
 67  60 -1  0  0  2  4.028083e-01  2.000000e-07
 67  55  0  1  0  2  2.381186e-01  2.000000e-07
 67  4  0  1  0  2  3.986178e-01  2.000000e-07
 67  71  0  1  0  2  5.028670e-01  2.000000e-07
 67  62  0  1  0  2  3.642754e-01  2.000000e-07
 67  70  0  1  0  2  5.268257e-01  2.000000e-07
 74  61  0  0  0  2  4.422505e-01  2.000000e-07
 74  78  1  0  0  2  3.551922e-01  2.000000e-07
 74  2  0  0  0  2  1.250129e-01  2.000000e-07
 74  69  0  0  0  2  1.259205e-01  2.000000e-07
 74  10  0  0  0  2  3.253158e-01  2.000000e-07
 74  49  0  0  0  2  1.607366e-01  2.000000e-07
 74  58  0  0  0  2  4.380375e-01  2.000000e-07
 74  51  0  0  0  2  1.793551e-01  2.000000e-07
 74  5  0  0  0  2  2.988675e-01  2.000000e-07
 74  6  0  0  0  2  3.729470e-01  2.000000e-07
 74  87  0  0  0  2  1.599446e-01  2.000000e-07
 74  11  0  0  0  2  3.253011e-01  2.000000e-07
 74  75  0  0  0  2  2.585522e-01  2.000000e-07
 74  57  0  0  0  2  3.019734e-01  2.000000e-07
 74  63  0  0  0  2  2.235629e-01  2.000000e-07
 74  56  0  0  0  2  1.141481e-01  2.000000e-07
 82  61  0  0  0  2  3.965156e-01  2.000000e-07
 82  78  0  0  0  2  1.025472e-01  2.000000e-07
 82  49 -1  0  0  2  2.642370e-01  2.000000e-07
 82  51 -1  0  0  2  4.516800e-01  2.000000e-07
 82  80  0  0  0  2  2.066146e-01  2.000000e-07
 82  52  0  0  0  2  2.848701e-01  2.000000e-07
 82  12 -1  0  0  2  4.361648e-01  2.000000e-07
 82  53  0  0  0  2  3.843304e-01  2.000000e-07
 82  54  0  0  0  2  1.604000e-01  2.000000e-07
 82  60 -1  0  0  2  4.700656e-01  2.000000e-07
 82  55  0  1  0  2  4.277057e-01  2.000000e-07
 82  14  0  0  0  2  1.923384e-01  2.000000e-07
 47  68  1  0  0  2  4.798442e-01  2.000000e-07
 47  78  1  0  0  2  5.369697e-01  2.000000e-07
 47  48  0  0  0  2  5.731684e-02  2.000000e-07
 47  7  1 -1  0  2  4.606115e-01  2.000000e-07
 47  69  0  0  0  2  4.129449e-01  2.000000e-07
 47  83  0 -1  0  2  3.261577e-01  2.000000e-07
 47  59  0  0  0  2  2.045705e-01  2.000000e-07
 47  66  1  0  0  2  4.558479e-01  2.000000e-07
 47  50  0  0  0  2  2.096597e-01  2.000000e-07
 47  58  1  0  0  2  4.902568e-01  2.000000e-07
 47  79  1  0  0  2  6.288167e-01  2.000000e-07
 47  51  0  0  0  2  1.291673e-01  2.000000e-07
 47  5  0  0  0  2  3.043132e-01  2.000000e-07
 47  54  1  0  0  2  5.760631e-01  2.000000e-07
 47  73  1  0  0  2  5.864762e-01  2.000000e-07
 47  4  1  0  0  2  4.637386e-01  2.000000e-07
 47  71  0  0  0  2  3.348332e-01  2.000000e-07
 47  62  1  0  0  2  3.991389e-01  2.000000e-07
 47  63  0  0  0  2  8.411995e-02  2.000000e-07
 47  56  0  0  0  2  3.862200e-01  2.000000e-07
 3  61  0  0  0  2  7.215874e-02  2.000000e-07
 3  59  0  0  0  2  4.050859e-01  2.000000e-07
 3  5  0  0  0  2  2.235207e-01  2.000000e-07
 3  53  0  0  0  2  1.361317e-01  2.000000e-07
 3  54  0  0  0  2  2.883591e-01  2.000000e-07
 3  6  0  0  0  2  1.341422e-01  2.000000e-07
 3  73  0  0  0  2  1.147315e-01  2.000000e-07
 3  4  0  0  0  2  1.668992e-01  2.000000e-07
 3  75  0  0  0  2  2.459899e-01  2.000000e-07
 3  72  0  0  0  2  1.591577e-01  2.000000e-07
 3  56  0  0  0  2  2.845188e-01  2.000000e-07
 8  15  0  0  0  2  3.923595e-01  2.000000e-07
 8  68  0  1  0  2  4.069003e-01  2.000000e-07
 8  69  0  0  0  2  2.584231e-01  2.000000e-07
 8  83  0  0  0  2  2.101189e-01  2.000000e-07
 8  59  0  1  0  2  2.581053e-01  2.000000e-07
 8  50  0  1  0  2  2.080289e-01  2.000000e-07
 8  12  0  0  0  2  3.170503e-02  2.000000e-07
 8  71  0  1  0  2  2.311493e-01  2.000000e-07
 8  84  0  0  0  2  2.308670e-01  2.000000e-07
 8  11  0  0  0  2  9.939889e-02  2.000000e-07
 8  57  0  0  0  2  4.082516e-01  2.000000e-07
 8  13  0  0  0  2  2.150951e-02  2.000000e-07
 15  68  0  1  0  2  2.561109e-01  2.000000e-07
 15  78  0  0  0  2  2.929746e-01  2.000000e-07
 15  7  0  0  0  2  2.054467e-01  2.000000e-07
 15  79  0  0  0  2  1.342525e-01  2.000000e-07
 15  54  0  0  0  2  1.362562e-01  2.000000e-07
 15  73  0  0  0  2  2.783099e-01  2.000000e-07
 15  71  0  1  0  2  3.975115e-01  2.000000e-07
 15  84  0  0  0  2  2.231747e-01  2.000000e-07
 15  11  0  0  0  2  3.167461e-01  2.000000e-07
 15  57  0  0  0  2  2.930591e-01  2.000000e-07
 15  70  0  1  0  2  3.989395e-01  2.000000e-07
 15  72  0  0  0  2  2.341530e-01  2.000000e-07
 15  14  0  0  0  2  5.177050e-02  2.000000e-07
 68  9  0 -1  0  2  3.376457e-01  2.000000e-07
 68  48 -1  0  0  2  4.331705e-01  2.000000e-07
 68  7  0 -1  0  2  3.029474e-01  2.000000e-07
 68  59  0  0  0  2  3.882068e-01  2.000000e-07
 68  66  0  0  0  2  1.297126e-01  2.000000e-07
 68  58  0  0  0  2  2.858653e-01  2.000000e-07
 68  52  0 -1  0  2  2.056425e-01  2.000000e-07
 68  60  0 -1  0  2  3.895473e-01  2.000000e-07
 68  6  0  0  0  2  2.776696e-01  2.000000e-07
 68  55  0  0  0  2  1.595943e-01  2.000000e-07
 68  4  0  0  0  2  2.092022e-01  2.000000e-07
 68  71  0  0  0  2  2.618079e-01  2.000000e-07
 68  84  0 -1  0  2  3.812938e-01  2.000000e-07
 68  62  0  0  0  2  2.146498e-01  2.000000e-07
 68  13  0 -1  0  2  4.193300e-01  2.000000e-07
 68  14  0 -1  0  2  3.076200e-01  2.000000e-07
 61  1  0  0  0  2  1.160202e-01  2.000000e-07
 61  49 -1  0  0  2  4.702142e-01  2.000000e-07
 61  58  0  0  0  2  7.478368e-02  2.000000e-07
 61  51 -1  0  0  2  4.684007e-01  2.000000e-07
 61  80  0  0  0  2  2.479420e-01  2.000000e-07
 61  53  0  0  0  2  6.429540e-02  2.000000e-07
 61  6  0  0  0  2  1.684535e-01  2.000000e-07
 61  75  0  0  0  2  2.973438e-01  2.000000e-07
 61  57  0  0  0  2  1.909578e-01  2.000000e-07
 9  10  0  0  0  2  1.075596e-01  2.000000e-07
 9  80  0  0  0  2  2.436243e-01  2.000000e-07
 9  52  0  0  0  2  1.571391e-01  2.000000e-07
 9  60  0  0  0  2  2.458319e-01  2.000000e-07
 9  87  0  0  0  2  2.911274e-01  2.000000e-07
 9  84  0  0  0  2  4.911789e-02  2.000000e-07
 9  75  0  0  0  2  1.491303e-01  2.000000e-07
 9  13  0  0  0  2  1.985752e-01  2.000000e-07
 9  72  0  0  0  2  2.434362e-01  2.000000e-07
 9  56  0  0  0  2  2.633049e-01  2.000000e-07
 9  14  0  0  0  2  2.063284e-01  2.000000e-07
 78  7  0  0  0  2  1.205014e-01  2.000000e-07
 78  69 -1  0  0  2  2.713265e-01  2.000000e-07
 78  83 -1  0  0  2  1.959922e-01  2.000000e-07
 78  49 -1  0  0  2  2.028297e-01  2.000000e-07
 78  58  0  0  0  2  5.424687e-01  2.000000e-07
 78  79  0  0  0  2  3.345990e-01  2.000000e-07
 78  51 -1  0  0  2  4.194425e-01  2.000000e-07
 78  80  0  0  0  2  3.066225e-01  2.000000e-07
 78  12 -1  0  0  2  3.367136e-01  2.000000e-07
 78  54  0  0  0  2  2.602530e-01  2.000000e-07
 78  73  0  0  0  2  4.341357e-01  2.000000e-07
 78  11 -1  0  0  2  3.965199e-01  2.000000e-07
 48  7  1 -1  0  2  4.034597e-01  2.000000e-07
 48  2  0  0  0  2  2.305245e-01  2.000000e-07
 48  83  0 -1  0  2  2.781378e-01  2.000000e-07
 48  59  0  0  0  2  2.173436e-01  2.000000e-07
 48  66  1  0  0  2  4.205646e-01  2.000000e-07
 48  50  0  0  0  2  2.045758e-01  2.000000e-07
 48  51  0  0  0  2  1.820196e-01  2.000000e-07
 48  60  0 -1  0  2  3.280977e-01  2.000000e-07
 48  6  0  0  0  2  4.643960e-01  2.000000e-07
 48  55  1  0  0  2  2.936555e-01  2.000000e-07
 48  4  1  0  0  2  4.369787e-01  2.000000e-07
 48  13  0 -1  0  2  3.940884e-01  2.000000e-07
 48  63  0  0  0  2  1.358731e-01  2.000000e-07
 7  69 -1  0  0  2  3.884854e-01  2.000000e-07
 7  83 -1  0  0  2  2.210481e-01  2.000000e-07
 7  79  0  0  0  2  2.895601e-01  2.000000e-07
 7  54  0  0  0  2  2.303776e-01  2.000000e-07
 7  55  0  1  0  2  3.350290e-01  2.000000e-07
 7  13 -1  0  0  2  4.131083e-01  2.000000e-07
 7  14  0  0  0  2  2.245443e-01  2.000000e-07
 1  58  0  0  0  2  6.322012e-02  2.000000e-07
 1  52  0 -1  0  2  4.394183e-01  2.000000e-07
 1  53  0  0  0  2  1.068526e-01  2.000000e-07
 1  6  0  0  0  2  1.422524e-01  2.000000e-07
 1  55  0  0  0  2  1.727977e-01  2.000000e-07
 1  62  0  0  0  2  4.725125e-02  2.000000e-07
 1  70  0  0  0  2  3.806176e-01  2.000000e-07
 2  49  0  0  0  2  2.085783e-01  2.000000e-07
 2  50  0  0  0  2  3.254873e-01  2.000000e-07
 2  58  0  0  0  2  4.614943e-01  2.000000e-07
 2  51  0  0  0  2  5.903428e-02  2.000000e-07
 2  53  1  0  0  2  4.536119e-01  2.000000e-07
 2  60  0 -1  0  2  4.733814e-01  2.000000e-07
 2  6  0  0  0  2  3.739175e-01  2.000000e-07
 2  55  1  0  0  2  4.558377e-01  2.000000e-07
 2  70  0  0  0  2  4.026199e-01  2.000000e-07
 2  63  0  0  0  2  9.962820e-02  2.000000e-07
 2  56  0  0  0  2  2.222148e-01  2.000000e-07
 69  83  0  0  0  2  3.020018e-01  2.000000e-07
 69  49  0  0  0  2  1.337624e-01  2.000000e-07
 69  51  0  0  0  2  2.857021e-01  2.000000e-07
 69  5  0  0  0  2  4.116237e-01  2.000000e-07
 69  12  0  0  0  2  2.723224e-01  2.000000e-07
 69  54  1  0  0  2  4.892686e-01  2.000000e-07
 69  87  0  0  0  2  3.488131e-02  2.000000e-07
 69  84  0  0  0  2  2.691422e-01  2.000000e-07
 69  11  0  0  0  2  2.268379e-01  2.000000e-07
 69  57  0  0  0  2  3.273455e-01  2.000000e-07
 69  13  0  0  0  2  2.372263e-01  2.000000e-07
 69  63  0  0  0  2  3.318664e-01  2.000000e-07
 69  56  0  0  0  2  1.489852e-01  2.000000e-07
 83  59  0  1  0  2  3.027413e-01  2.000000e-07
 83  50  0  1  0  2  2.381667e-01  2.000000e-07
 83  12  0  0  0  2  1.844596e-01  2.000000e-07
 83  71  0  1  0  2  3.619688e-01  2.000000e-07
 83  13  0  0  0  2  2.108065e-01  2.000000e-07
 10  49  0  0  0  2  3.531169e-01  2.000000e-07
 10  80  0  0  0  2  3.487253e-01  2.000000e-07
 10  52  0  0  0  2  2.442197e-01  2.000000e-07
 10  12  0  0  0  2  1.372300e-01  2.000000e-07
 10  60  0  0  0  2  1.576415e-01  2.000000e-07
 10  87  0  0  0  2  2.155707e-01  2.000000e-07
 10  11  0  0  0  2  6.727251e-03  2.000000e-07
 10  75  0  0  0  2  1.996956e-01  2.000000e-07
 10  13  0  0  0  2  9.414663e-02  2.000000e-07
 10  70  0  1  0  2  2.474821e-01  2.000000e-07
 59  66  0  0  0  2  3.703796e-01  2.000000e-07
 59  5  0  0  0  2  1.829099e-01  2.000000e-07
 59  60  0 -1  0  2  1.971530e-01  2.000000e-07
 59  6  0  0  0  2  2.860171e-01  2.000000e-07
 59  4  0  0  0  2  3.768072e-01  2.000000e-07
 59  71  0  0  0  2  1.304374e-01  2.000000e-07
 59  13  0 -1  0  2  2.792331e-01  2.000000e-07
 59  63  0  0  0  2  2.548143e-01  2.000000e-07
 59  56  0  0  0  2  4.136118e-01  2.000000e-07
 49  51  0  0  0  2  2.281531e-01  2.000000e-07
 49  12  0  0  0  2  3.623512e-01  2.000000e-07
 49  53  1  0  0  2  4.232249e-01  2.000000e-07
 49  54  1  0  0  2  3.705151e-01  2.000000e-07
 49  87  0  0  0  2  1.377702e-01  2.000000e-07
 49  11  0  0  0  2  3.500374e-01  2.000000e-07
 49  63  0  0  0  2  2.705210e-01  2.000000e-07
 66  52  0 -1  0  2  3.301007e-01  2.000000e-07
 66  53  0  0  0  2  2.136623e-01  2.000000e-07
 66  6  0  0  0  2  1.693732e-01  2.000000e-07
 66  55  0  0  0  2  1.304487e-01  2.000000e-07
 66  4  0  0  0  2  7.957945e-02  2.000000e-07
 66  71  0  0  0  2  2.674694e-01  2.000000e-07
 50  51  0  0  0  2  3.092271e-01  2.000000e-07
 50  5  0  0  0  2  2.477376e-01  2.000000e-07
 50  12  0 -1  0  2  1.833622e-01  2.000000e-07
 50  60  0 -1  0  2  1.479175e-01  2.000000e-07
 50  55  1  0  0  2  4.733055e-01  2.000000e-07
 50  71  0  0  0  2  1.542496e-01  2.000000e-07
 50  70  0  0  0  2  1.257576e-01  2.000000e-07
 58  79  0  0  0  2  3.310451e-01  2.000000e-07
 58  51 -1  0  0  2  4.960612e-01  2.000000e-07
 58  51  0  0  0  2  5.058688e-01  2.000000e-07
 58  80  0  0  0  2  3.204086e-01  2.000000e-07
 58  5  0  0  0  2  2.254729e-01  2.000000e-07
 58  6  0  0  0  2  1.069992e-01  2.000000e-07
 58  73  0  0  0  2  1.963181e-01  2.000000e-07
 58  4  0  0  0  2  7.711166e-02  2.000000e-07
 58  71  0  0  0  2  3.339170e-01  2.000000e-07
 58  75  0  0  0  2  3.371697e-01  2.000000e-07
 58  57  0  0  0  2  2.330472e-01  2.000000e-07
 58  62  0  0  0  2  1.099863e-01  2.000000e-07
 58  70  0  0  0  2  3.801858e-01  2.000000e-07
 79  80  0  0  0  2  3.710232e-02  2.000000e-07
 79  52  0  0  0  2  1.930985e-01  2.000000e-07
 79  54  0  0  0  2  7.741699e-02  2.000000e-07
 79  73  0  0  0  2  1.444064e-01  2.000000e-07
 79  11  0  0  0  2  3.184074e-01  2.000000e-07
 79  57  0  0  0  2  1.699376e-01  2.000000e-07
 79  70  0  1  0  2  4.740428e-01  2.000000e-07
 51  80  1  0  0  2  5.252979e-01  2.000000e-07
 51  5  0  0  0  2  3.011874e-01  2.000000e-07
 51  53  1  0  0  2  4.057748e-01  2.000000e-07
 51  6  0  0  0  2  4.128081e-01  2.000000e-07
 51  55  1  0  0  2  3.969268e-01  2.000000e-07
 51  11  0  0  0  2  5.025534e-01  2.000000e-07
 51  57  0  0  0  2  4.422981e-01  2.000000e-07
 51  62  1  0  0  2  4.259461e-01  2.000000e-07
 51  70  0  0  0  2  4.015103e-01  2.000000e-07
 80  52  0  0  0  2  2.165144e-01  2.000000e-07
 80  11  0  0  0  2  3.554512e-01  2.000000e-07
 80  75  0  0  0  2  2.239705e-01  2.000000e-07
 80  57  0  0  0  2  1.869302e-01  2.000000e-07
 80  62  0  0  0  2  3.901022e-01  2.000000e-07
 80  14  0  0  0  2  9.352443e-02  2.000000e-07
 5  73  0  0  0  2  3.162627e-01  2.000000e-07
 5  4  0  0  0  2  2.354106e-01  2.000000e-07
 5  71  0  0  0  2  1.907627e-01  2.000000e-07
 5  75  0  0  0  2  3.543004e-01  2.000000e-07
 5  57  0  0  0  2  2.937510e-01  2.000000e-07
 5  70  0  0  0  2  2.264359e-01  2.000000e-07
 5  56  0  0  0  2  2.852191e-01  2.000000e-07
 52  60  0  0  0  2  3.278858e-01  2.000000e-07
 52  6  0  1  0  2  4.458652e-01  2.000000e-07
 52  55  0  1  0  2  3.517369e-01  2.000000e-07
 52  11  0  0  0  2  2.496411e-01  2.000000e-07
 52  75  0  0  0  2  2.720963e-01  2.000000e-07
 52  70  0  1  0  2  3.067057e-01  2.000000e-07
 52  14  0  0  0  2  1.296282e-01  2.000000e-07
 12  60  0  0  0  2  4.429072e-02  2.000000e-07
 12  71  0  1  0  2  2.260209e-01  2.000000e-07
 12  11  0  0  0  2  1.309492e-01  2.000000e-07
 12  70  0  1  0  2  1.803607e-01  2.000000e-07
 53  54  0  0  0  2  2.820237e-01  2.000000e-07
 53  6  0  0  0  2  2.097311e-01  2.000000e-07
 53  55  0  0  0  2  2.366925e-01  2.000000e-07
 53  73  0  0  0  2  1.859922e-01  2.000000e-07
 53  4  0  0  0  2  1.451592e-01  2.000000e-07
 53  75  0  0  0  2  3.537074e-01  2.000000e-07
 53  62  0  0  0  2  1.240493e-01  2.000000e-07
 53  72  0  0  0  2  2.173546e-01  2.000000e-07
 53  63 -1  0  0  2  3.971820e-01  2.000000e-07
 53  14  0  0  0  2  3.610199e-01  2.000000e-07
 54  73  0  0  0  2  1.866513e-01  2.000000e-07
 54  4  0  0  0  2  4.154110e-01  2.000000e-07
 54  84  0  0  0  2  2.644223e-01  2.000000e-07
 54  72  0  0  0  2  1.506922e-01  2.000000e-07
 54  63 -1  0  0  2  5.173177e-01  2.000000e-07
 54  14  0  0  0  2  9.086931e-02  2.000000e-07
 60  6  0  1  0  2  4.233570e-01  2.000000e-07
 60  55  1  1  0  2  5.515086e-01  2.000000e-07
 60  11  0  0  0  2  1.522391e-01  2.000000e-07
 60  13  0  0  0  2  8.208427e-02  2.000000e-07
 60  70  0  1  0  2  1.366370e-01  2.000000e-07
 6  55  0  0  0  2  2.886605e-01  2.000000e-07
 6  4  0  0  0  2  1.206079e-01  2.000000e-07
 6  75  0  0  0  2  3.407729e-01  2.000000e-07
 6  70  0  0  0  2  2.869169e-01  2.000000e-07
 6  63  0  0  0  2  4.205936e-01  2.000000e-07
 6  56  0  0  0  2  3.228073e-01  2.000000e-07
 55  81 -1 -1  0  2  5.359028e-01  2.000000e-07
 55  4  0  0  0  2  1.723066e-01  2.000000e-07
 55  62  0  0  0  2  1.273637e-01  2.000000e-07
 55  63 -1  0  0  2  3.637908e-01  2.000000e-07
 55  14  0 -1  0  2  4.283137e-01  2.000000e-07
 87  84  0  0  0  2  2.722347e-01  2.000000e-07
 87  75  0  0  0  2  2.616612e-01  2.000000e-07
 87  13  0  0  0  2  2.118670e-01  2.000000e-07
 87  63  0  0  0  2  3.596655e-01  2.000000e-07
 87  56  0  0  0  2  1.790263e-01  2.000000e-07
 73  4  0  0  0  2  2.732471e-01  2.000000e-07
 73  84  0  0  0  2  2.375418e-01  2.000000e-07
 73  57  0  0  0  2  7.390246e-02  2.000000e-07
 73  72  0  0  0  2  4.447134e-02  2.000000e-07
 4  71  0  0  0  2  2.958912e-01  2.000000e-07
 4  57  0  0  0  2  3.087626e-01  2.000000e-07
 4  62  0  0  0  2  6.482822e-02  2.000000e-07
 4  63 -1  0  0  2  4.686285e-01  2.000000e-07
 71  11  0 -1  0  2  2.807314e-01  2.000000e-07
 71  62  0  0  0  2  3.512581e-01  2.000000e-07
 71  13  0 -1  0  2  2.515800e-01  2.000000e-07
 71  70  0  0  0  2  4.634715e-02  2.000000e-07
 84  11  0  0  0  2  1.323741e-01  2.000000e-07
 84  57  0  0  0  2  1.909718e-01  2.000000e-07
 84  13  0  0  0  2  2.199258e-01  2.000000e-07
 84  72  0  0  0  2  2.080234e-01  2.000000e-07
 84  56  0  0  0  2  2.200287e-01  2.000000e-07
 84  14  0  0  0  2  2.097864e-01  2.000000e-07
 11  75  0  0  0  2  2.050325e-01  2.000000e-07
 11  57  0  0  0  2  3.099399e-01  2.000000e-07
 11  70  0  1  0  2  2.448287e-01  2.000000e-07
 75  57  0  0  0  2  1.064455e-01  2.000000e-07
 75  72  0  0  0  2  1.580385e-01  2.000000e-07
 75  56  0  0  0  2  1.457084e-01  2.000000e-07
 75  14  0  0  0  2  2.469290e-01  2.000000e-07
 57  56  0  0  0  2  1.928579e-01  2.000000e-07
 62  52  0 -1  0  2  4.199481e-01  2.000000e-07
 62  70  0  0  0  2  3.962640e-01  2.000000e-07
 13  56  0  0  0  2  3.126278e-01  2.000000e-07
 72  56  0  0  0  2  2.738444e-01  2.000000e-07
 72  14  0  0  0  2  1.844677e-01  2.000000e-07
 63  56  0  0  0  2  3.209217e-01  2.000000e-07
 81  78  1  0  0  1  1.636097e-01  3.000000e-07
 81  83  0  0  0  1  1.668625e-01  3.000000e-07
 81  49  0  0  0  1  1.662961e-01  3.000000e-07
 81  12  0  0  0  1  2.060559e-01  3.000000e-07
 81  13  0  0  0  1  1.935802e-01  3.000000e-07
 67  15  0  0  0  1  2.574767e-01  3.000000e-07
 67  68  0  1  0  1  2.475193e-01  3.000000e-07
 67  48 -1  1  0  1  3.086533e-01  3.000000e-07
 67  7  0  0  0  1  1.075575e-01  3.000000e-07
 67  83 -1  0  0  1  2.017622e-01  3.000000e-07
 67  55  0  1  0  1  2.381186e-01  3.000000e-07
 74  2  0  0  0  1  1.250129e-01  3.000000e-07
 74  69  0  0  0  1  1.259205e-01  3.000000e-07
 74  49  0  0  0  1  1.607366e-01  3.000000e-07
 74  5  0  0  0  1  2.988675e-01  3.000000e-07
 74  56  0  0  0  1  1.141481e-01  3.000000e-07
 82  15  0  0  0  1  1.975416e-01  3.000000e-07
 82  78  0  0  0  1  1.025472e-01  3.000000e-07
 82  49 -1  0  0  1  2.642370e-01  3.000000e-07
 82  54  0  0  0  1  1.604000e-01  3.000000e-07
 82  14  0  0  0  1  1.923384e-01  3.000000e-07
 47  48  0  0  0  1  5.731684e-02  3.000000e-07
 47  59  0  0  0  1  2.045705e-01  3.000000e-07
 47  50  0  0  0  1  2.096597e-01  3.000000e-07
 47  63  0  0  0  1  8.411995e-02  3.000000e-07
 3  61  0  0  0  1  7.215874e-02  3.000000e-07
 3  58  0  0  0  1  9.125127e-02  3.000000e-07
 3  5  0  0  0  1  2.235207e-01  3.000000e-07
 3  6  0  0  0  1  1.341422e-01  3.000000e-07
 3  73  0  0  0  1  1.147315e-01  3.000000e-07
 3  57  0  0  0  1  1.419485e-01  3.000000e-07
 8  60  0  0  0  1  6.100771e-02  3.000000e-07
 8  11  0  0  0  1  9.939889e-02  3.000000e-07
 15  68  0  1  0  1  2.561109e-01  3.000000e-07
 15  7  0  0  0  1  2.054467e-01  3.000000e-07
 15  52  0  0  0  1  9.224054e-02  3.000000e-07
 15  14  0  0  0  1  5.177050e-02  3.000000e-07
 68  66  0  0  0  1  1.297126e-01  3.000000e-07
 68  52  0 -1  0  1  2.056425e-01  3.000000e-07
 68  55  0  0  0  1  1.595943e-01  3.000000e-07
 68  71  0  0  0  1  2.618079e-01  3.000000e-07
 61  58  0  0  0  1  7.478368e-02  3.000000e-07
 61  53  0  0  0  1  6.429540e-02  3.000000e-07
 61  73  0  0  0  1  1.372366e-01  3.000000e-07
 9  10  0  0  0  1  1.075596e-01  3.000000e-07
 9  52  0  0  0  1  1.571391e-01  3.000000e-07
 9  70  0  1  0  1  2.940725e-01  3.000000e-07
 9  14  0  0  0  1  2.063284e-01  3.000000e-07
 78  7  0  0  0  1  1.205014e-01  3.000000e-07
 78  83 -1  0  0  1  1.959922e-01  3.000000e-07
 78  49 -1  0  0  1  2.028297e-01  3.000000e-07
 48  83  0 -1  0  1  2.781378e-01  3.000000e-07
 48  50  0  0  0  1  2.045758e-01  3.000000e-07
 48  55  1  0  0  1  2.936555e-01  3.000000e-07
 48  63  0  0  0  1  1.358731e-01  3.000000e-07
 7  83 -1  0  0  1  2.210481e-01  3.000000e-07
 1  58  0  0  0  1  6.322012e-02  3.000000e-07
 1  53  0  0  0  1  1.068526e-01  3.000000e-07
 2  59  0  0  0  1  2.855840e-01  3.000000e-07
 2  49  0  0  0  1  2.085783e-01  3.000000e-07
 2  51  0  0  0  1  5.903428e-02  3.000000e-07
 2  5  0  0  0  1  2.697413e-01  3.000000e-07
 2  63  0  0  0  1  9.962820e-02  3.000000e-07
 69  10  0  0  0  1  2.287999e-01  3.000000e-07
 69  49  0  0  0  1  1.337624e-01  3.000000e-07
 69  56  0  0  0  1  1.489852e-01  3.000000e-07
 83  12  0  0  0  1  1.844596e-01  3.000000e-07
 83  60  0  0  0  1  2.059542e-01  3.000000e-07
 10  60  0  0  0  1  1.576415e-01  3.000000e-07
 10  87  0  0  0  1  2.155707e-01  3.000000e-07
 10  84  0  0  0  1  1.258241e-01  3.000000e-07
 10  75  0  0  0  1  1.996956e-01  3.000000e-07
 10  70  0  1  0  1  2.474821e-01  3.000000e-07
 10  56  0  0  0  1  2.564356e-01  3.000000e-07
 59  50  0  0  0  1  6.538525e-02  3.000000e-07
 59  71  0  0  0  1  1.304374e-01  3.000000e-07
 59  70  0  0  0  1  1.223415e-01  3.000000e-07
 59  63  0  0  0  1  2.548143e-01  3.000000e-07
 49  51  0  0  0  1  2.281531e-01  3.000000e-07
 49  54  1  0  0  1  3.705151e-01  3.000000e-07
 49  87  0  0  0  1  1.377702e-01  3.000000e-07
 66  6  0  0  0  1  1.693732e-01  3.000000e-07
 66  55  0  0  0  1  1.304487e-01  3.000000e-07
 66  4  0  0  0  1  7.957945e-02  3.000000e-07
 66  71  0  0  0  1  2.674694e-01  3.000000e-07
 66  62  0  0  0  1  9.711284e-02  3.000000e-07
 50  83  0 -1  0  1  2.381667e-01  3.000000e-07
 50  60  0 -1  0  1  1.479175e-01  3.000000e-07
 50  70  0  0  0  1  1.257576e-01  3.000000e-07
 58  53  0  0  0  1  1.030706e-01  3.000000e-07
 58  6  0  0  0  1  1.069992e-01  3.000000e-07
 58  4  0  0  0  1  7.711166e-02  3.000000e-07
 79  84  0  0  0  1  1.904214e-01  3.000000e-07
 79  75  0  0  0  1  1.924847e-01  3.000000e-07
 79  72  0  0  0  1  1.007259e-01  3.000000e-07
 51  53  1  0  0  1  4.057748e-01  3.000000e-07
 80  53  0  0  0  1  2.676992e-01  3.000000e-07
 80  72  0  0  0  1  1.074707e-01  3.000000e-07
 80  14  0  0  0  1  9.352443e-02  3.000000e-07
 5  6  0  0  0  1  1.202909e-01  3.000000e-07
 5  71  0  0  0  1  1.907627e-01  3.000000e-07
 5  57  0  0  0  1  2.937510e-01  3.000000e-07
 5  56  0  0  0  1  2.852191e-01  3.000000e-07
 52  71  0  1  0  1  3.062374e-01  3.000000e-07
 52  70  0  1  0  1  3.067057e-01  3.000000e-07
 53  54  0  0  0  1  2.820237e-01  3.000000e-07
 53  73  0  0  0  1  1.859922e-01  3.000000e-07
 53  62  0  0  0  1  1.240493e-01  3.000000e-07
 53  63 -1  0  0  1  3.971820e-01  3.000000e-07
 54  14  0  0  0  1  9.086931e-02  3.000000e-07
 60  11  0  0  0  1  1.522391e-01  3.000000e-07
 60  70  0  1  0  1  1.366370e-01  3.000000e-07
 6  4  0  0  0  1  1.206079e-01  3.000000e-07
 6  71  0  0  0  1  2.418205e-01  3.000000e-07
 55  62  0  0  0  1  1.273637e-01  3.000000e-07
 55  63 -1  0  0  1  3.637908e-01  3.000000e-07
 87  11  0  0  0  1  2.126971e-01  3.000000e-07
 87  13  0  0  0  1  2.118670e-01  3.000000e-07
 73  57  0  0  0  1  7.390246e-02  3.000000e-07
 4  62  0  0  0  1  6.482822e-02  3.000000e-07
 84  75  0  0  0  1  1.000200e-01  3.000000e-07
 84  14  0  0  0  1  2.097864e-01  3.000000e-07
 11  13  0  0  0  1  8.755687e-02  3.000000e-07
 75  57  0  0  0  1  1.064455e-01  3.000000e-07
 75  72  0  0  0  1  1.580385e-01  3.000000e-07
 75  56  0  0  0  1  1.457084e-01  3.000000e-07
 57  72  0  0  0  1  8.483224e-02  3.000000e-07
 57  56  0  0  0  1  1.928579e-01  3.000000e-07
-1.203977e-02  5.347702e-02 -1.072073e-01
-1.485549e-01 -2.113010e-01  0
 3.519210e-01 -1.002036e-01  0
-6.188577e-02 -8.508630e-02  0
-1.222240e-01 -2.406968e-01  0
 1.126446e-01 -2.247312e-01  0
-6.361687e-03 -2.071978e-01  0
-3.573918e-01  3.369850e-01  0
 2.266318e-01  3.812942e-01  0
 5.082906e-02  2.747641e-01  0
 1.542260e-01  3.043977e-01  0
 1.603195e-01  3.072482e-01  0
 2.503217e-01  4.023655e-01  0
 2.301456e-01  3.600736e-01  0
-1.531461e-01  2.436907e-01  0
-1.562039e-01  2.953708e-01  0
-2.651579e-01 -3.539163e-02  2.289586e-01
-1.557795e-01 -3.773103e-01  1.293240e-01
 4.251145e-01  1.076411e-01  1.080723e-01
 4.198383e-01 -1.481849e-01 -1.234648e-01
-7.799583e-03  2.194159e-01  2.374855e-01
 3.699816e-01  3.442425e-01  2.440971e-01
 1.913386e-01  1.106967e-01  3.474370e-01
-2.418957e-01 -9.298755e-03  4.384509e-01
-2.759469e-01  2.031908e-01 -4.107822e-01
-2.364591e-01  9.794857e-02 -3.816716e-01
 3.635327e-01  8.356678e-02 -4.279067e-01
 3.193669e-01 -3.020091e-01 -2.747280e-01
-2.739812e-01 -9.703422e-02 -2.475313e-01
 3.333533e-01 -4.426785e-01 -4.077239e-01
-4.178979e-01 -3.238638e-01 -3.528109e-01
 3.877549e-01  2.825848e-01 -3.869157e-01
-2.522530e-01  5.692602e-02 -3.418507e-01
-4.540109e-02 -2.187220e-01 -1.258807e-01
-2.523208e-01 -4.872583e-02  4.362975e-01
 2.079865e-01  9.080632e-02 -3.546958e-01
 2.375697e-01 -3.791258e-01  3.769115e-01
-1.898397e-01  2.477650e-01  3.983004e-01
 2.787466e-01  4.486170e-01  4.496581e-01
 2.517109e-01  2.009025e-01 -3.296582e-01
-4.256970e-01 -8.736764e-02 -4.199993e-01
-4.192504e-01 -1.309865e-01 -2.315461e-01
 3.899742e-01 -2.955777e-01  2.576269e-01
-6.147291e-02 -5.082371e-02  2.993481e-01
-2.585695e-02  4.109615e-01  3.776414e-01
-4.387807e-01  1.483418e-02  2.339286e-01
-2.356456e-01  2.207252e-01  2.724057e-01
 4.145652e-01 -2.628158e-01  0
 4.464046e-01 -3.104758e-01  0
 4.354919e-01  9.090056e-02  0
 2.707966e-01 -4.154191e-01  0
 3.999900e-01 -1.344734e-01  0
-8.492148e-02  3.539126e-01  0
-1.947061e-01 -1.149291e-01  0
-2.018928e-01  1.670030e-01  0
-2.616328e-01 -3.419626e-01  0
 1.883855e-01  5.024750e-02  0
-4.392558e-03  4.469781e-02  0
-1.049232e-01 -1.655510e-01  0
 2.349518e-01 -3.607346e-01  0
 2.308671e-01  4.421547e-01  0
-1.331669e-01 -9.630586e-02  0
-1.870227e-01 -2.387403e-01  0
 4.132657e-01 -1.787059e-01  0
 7.481376e-02 -1.478683e-01  2.180798e-01
 4.095229e-01  4.846046e-02  1.049699e-01
-1.331281e-01 -3.195257e-01  0
-3.663297e-01  4.441705e-01  0
-1.431218e-01 -4.488527e-01  0
 3.097833e-01  1.366141e-01  0
 1.493779e-01 -4.481677e-01  0
 1.165470e-01 -4.154539e-01  0
-8.455750e-02  7.244831e-02  0
-7.654381e-02  2.870496e-02  0
 2.957481e-01  1.147818e-02  0
 6.405153e-02  1.262211e-01  0
 1.800974e-01 -4.227987e-02 -1.932729e-01
-1.389839e-01 -8.114498e-02 -1.355688e-01
-4.465034e-01  2.558696e-01  0
-1.245039e-01  1.649145e-01  0
-1.586180e-01  1.503264e-01  0
 3.899642e-01  2.508431e-01  0
-3.454176e-01  2.386184e-01  0
 4.345480e-01  4.116392e-01  0
 5.588514e-02  2.259071e-01  0
 4.050655e-01 -3.227107e-01 -3.315525e-01
 1.149701e-01  1.870306e-01 -2.955148e-01
 3.221542e-01  1.692280e-01  0
 1.801002e-01 -3.144884e-01  2.279095e-01
-1.431745e-01  1.176721e-01 -2.255255e-01