 713  90  1.200000e-05  24 -2 -2
 1  89  0 -1  0  3  2.974952e-01  1.000000e-07
 1  0  0  0  0  3  2.066045e-01  1.000000e-07
 1  66  0  0  0  3  1.880943e-01  1.000000e-07
 1  67  0  0  0  3  3.015884e-01  1.000000e-07
 1  75  0  0  0  3  2.814836e-01  1.000000e-07
 1  76  0 -1  1  3  4.739960e-01  1.000000e-07
 6  73  0  0  0  3  2.234728e-01  1.000000e-07
 6  3  0  0  0  3  2.037938e-01  1.000000e-07
 6  67  0  0  0  3  2.844137e-01  1.000000e-07
 6  4  0  0  0  3  2.202340e-01  1.000000e-07
 6  2  0  0  0  3  3.065910e-01  1.000000e-07
 6  78  0  0  1  3  3.623711e-01  1.000000e-07
 6  70  0  0  1  3  4.093160e-01  1.000000e-07
 73  12  0  0  0  3  5.085371e-01  1.000000e-07
 73  3  0  0  0  3  2.489254e-01  1.000000e-07
 73  74  0  1  0  3  3.752391e-01  1.000000e-07
 73  5  0  1  0  3  3.914130e-01  1.000000e-07
 73  4  0  0  0  3  2.717386e-01  1.000000e-07
 73  2  0  0  0  3  2.939258e-01  1.000000e-07
 73  14  0  0  1  3  4.281038e-01  1.000000e-07
 73  18  0  0  1  3  3.679524e-01  1.000000e-07
 71  12  0  0  0  3  3.129316e-01  1.000000e-07
 71  0  0  0  0  3  3.892177e-01  1.000000e-07
 71  66 -1  0  0  3  5.381677e-01  1.000000e-07
 71  2  0  0  0  3  1.140766e-01  1.000000e-07
 71  7  0  0  0  3  3.136078e-01  1.000000e-07
 89  0  0  1  0  3  4.282867e-01  1.000000e-07
 89  4  0  0  0  3  3.503924e-01  1.000000e-07
 89  2  1  0  0  3  5.698770e-01  1.000000e-07
 89  7  0  0  0  3  5.329441e-01  1.000000e-07
 8  66 -1  0  0  3  2.074417e-01  1.000000e-07
 8  74  0  0  0  3  3.073517e-01  1.000000e-07
 8  65  0 -1  0  3  6.579725e-01  1.000000e-07
 8  76 -1 -1  1  3  3.736674e-01  1.000000e-07
 8  77  0 -1  1  3  4.507083e-01  1.000000e-07
 8  13  0  0  1  3  3.499622e-01  1.000000e-07
 8  9  0 -1  1  3  4.407379e-01  1.000000e-07
 8  21  0  0  1  3  3.743122e-01  1.000000e-07
 12  74  0  0  0  3  1.880213e-01  1.000000e-07
 12  65  0  0  0  3  3.587407e-01  1.000000e-07
 12  75  0  0  0  3  4.030384e-01  1.000000e-07
 12  10  0  0  0  3  3.010157e-01  1.000000e-07
 0  67  0  0  0  3  1.949499e-01  1.000000e-07
 0  74  0  0  0  3  3.672493e-01  1.000000e-07
 0  7  0 -1  0  3  5.050328e-01  1.000000e-07
 3  5  0  1  0  3  3.606904e-01  1.000000e-07
 3  65  1  0  0  3  4.900551e-01  1.000000e-07
 3  4  0  0  0  3  5.328538e-02  1.000000e-07
 3  7  0  0  0  3  4.368943e-01  1.000000e-07
 3  76  0  0  1  3  3.337533e-01  1.000000e-07
 3  78  0  0  1  3  3.343113e-01  1.000000e-07
 66  10  1  0  0  3  2.112017e-01  1.000000e-07
 66  76  0 -1  1  3  3.984269e-01  1.000000e-07
 66  11  1  0  1  3  3.072515e-01  1.000000e-07
 67  74  0  0  0  3  2.933901e-01  1.000000e-07
 67  5  0  0  0  3  2.537719e-01  1.000000e-07
 67  2  0  0  0  3  3.202375e-01  1.000000e-07
 67  75  0  0  0  3  2.558197e-01  1.000000e-07
 67  14  0  0  1  3  5.630526e-01  1.000000e-07
 74  14  0  0  1  3  5.538942e-01  1.000000e-07
 74  77  0 -1  1  3  3.185469e-01  1.000000e-07
 74  68  0  0  1  3  4.694430e-01  1.000000e-07
 74  11  0  0  1  3  4.314016e-01  1.000000e-07
 5  4  0 -1  0  3  3.922068e-01  1.000000e-07
 5  75  0  0  0  3  2.909962e-01  1.000000e-07
 5  7  0 -1  0  3  3.921438e-01  1.000000e-07
 5  76  0 -1  1  3  4.519729e-01  1.000000e-07
 5  77  0 -1  1  3  3.643678e-01  1.000000e-07
 5  68  0  0  1  3  4.424517e-01  1.000000e-07
 65  2  0  0  0  3  2.980977e-01  1.000000e-07
 65  10  0  0  0  3  2.031951e-01  1.000000e-07
 65  14  0  0  1  3  4.293089e-01  1.000000e-07
 65  19  0  0  1  3  3.193561e-01  1.000000e-07
 65  9  0  0  1  3  5.088022e-01  1.000000e-07
 4  76  0  0  1  3  2.992179e-01  1.000000e-07
 4  72  0  0  1  3  5.488117e-01  1.000000e-07
 4  78  0  0  1  3  3.279743e-01  1.000000e-07
 4  69  0  0  1  3  4.244610e-01  1.000000e-07
 2  7  0  0  0  3  2.567154e-01  1.000000e-07
 75  10  1  0  0  3  3.725241e-01  1.000000e-07
 75  76  0 -1  1  3  4.291671e-01  1.000000e-07
 75  72  0  0  1  3  3.530482e-01  1.000000e-07
 75  70  0  0  1  3  3.321738e-01  1.000000e-07
 75  11  1  0  1  3  3.994186e-01  1.000000e-07
 7  77  0  0  1  3  4.527285e-01  1.000000e-07
 10  72 -1  0  1  3  2.989454e-01  1.000000e-07
 10  19  0  0  1  3  2.138392e-01  1.000000e-07
 10  11  0  0  1  3  1.470550e-01  1.000000e-07
 14  70  0  0  0  3  3.563398e-01  1.000000e-07
 14  19  0  0  0  3  2.584475e-01  1.000000e-07
 14  63  0  0  0  3  1.089705e-01  1.000000e-07
 14  18  0  0  0  3  2.044588e-01  1.000000e-07
 14  21  0  0  0  3  3.565842e-01  1.000000e-07
 16  78  0  0  0  3  3.249737e-01  1.000000e-07
 16  20  0  0  0  3  1.616907e-01  1.000000e-07
 16  69 -1  0  0  3  3.399956e-01  1.000000e-07
 16  17  0  0  0  3  2.424932e-01  1.000000e-07
 16  63  0  0  0  3  2.260013e-01  1.000000e-07
 16  18  0  0  0  3  2.320240e-01  1.000000e-07
 16  64 -1  0  0  3  3.282876e-01  1.000000e-07
 76  9  1  0  0  3  2.763557e-01  1.000000e-07
 76  11  1  1  0  3  3.849200e-01  1.000000e-07
 72  68  0  0  0  3  3.978947e-01  1.000000e-07
 72  19  1  0  0  3  1.801006e-01  1.000000e-07
 72  17  1  0  0  3  3.806418e-01  1.000000e-07
 72  11  1  0  0  3  1.920241e-01  1.000000e-07
 72  64  0  0  0  3  3.004382e-01  1.000000e-07
 77  3  0  0 -1  3  3.659713e-01  1.000000e-07
 77  20  0  0  0  3  3.059824e-01  1.000000e-07
 77  13  0  1  0  3  3.847331e-01  1.000000e-07
 77  9  0  0  0  3  3.167267e-01  1.000000e-07
 77  15  0  0  0  3  2.264975e-01  1.000000e-07
 23  68  0  0  0  3  3.120732e-01  1.000000e-07
 23  69  0  0  0  3  3.394181e-01  1.000000e-07
 23  70  0  0  0  3  1.587509e-01  1.000000e-07
 23  63  0  0  0  3  3.462034e-01  1.000000e-07
 78  20  0  0  0  3  3.208121e-01  1.000000e-07
 78  69  0  0  0  3  5.004649e-01  1.000000e-07
 78  15  0  0  0  3  1.709271e-01  1.000000e-07
 78  18  0  0  0  3  2.227584e-01  1.000000e-07
 20  13  0  1  0  3  2.888066e-01  1.000000e-07
 20  9  0  0  0  3  1.222872e-01  1.000000e-07
 20  15  0  0  0  3  2.740148e-01  1.000000e-07
 20  21  0  1  0  3  3.329266e-01  1.000000e-07
 20  64 -1  0  0  3  3.156220e-01  1.000000e-07
 13  19  0  0  0  3  2.747390e-01  1.000000e-07
 13  9  0 -1  0  3  2.021125e-01  1.000000e-07
 13  11  0  0  0  3  2.581344e-01  1.000000e-07
 68  78  0 -1  0  3  4.116904e-01  1.000000e-07
 68  69  0 -1  0  3  5.442228e-01  1.000000e-07
 68  70  0  0  0  3  3.470043e-01  1.000000e-07
 68  17  0  0  0  3  4.622535e-01  1.000000e-07
 68  15  0 -1  0  3  3.479835e-01  1.000000e-07
 69  20  1  0  0  3  3.121183e-01  1.000000e-07
 69  70  0  0  0  3  3.228702e-01  1.000000e-07
 69  9  1  0  0  3  3.055935e-01  1.000000e-07
 69  15  0  0  0  3  4.813387e-01  1.000000e-07
 70  63  0  0  0  3  3.233952e-01  1.000000e-07
 70  18  0  0  0  3  2.588313e-01  1.000000e-07
 70  64  0  0  0  3  3.182265e-01  1.000000e-07
 19  17  0  0  0  3  2.695029e-01  1.000000e-07
 19  21  0  0  0  3  2.704471e-01  1.000000e-07
 19  11  0  0  0  3  9.281462e-02  1.000000e-07
 19  64 -1  0  0  3  3.789012e-01  1.000000e-07
 17  63  0  0  0  3  7.949730e-02  1.000000e-07
 17  64 -1  0  0  3  4.149082e-01  1.000000e-07
 63  18  0  0  0  3  1.795783e-01  1.000000e-07
 9  21  0  1  0  3  2.911521e-01  1.000000e-07
 9  64 -1  0  0  3  3.191723e-01  1.000000e-07
 15  18  0  0  0  3  2.032155e-01  1.000000e-07
 15  21  0  1  0  3  3.733188e-01  1.000000e-07
 21  11  0  0  0  3  2.841034e-01  1.000000e-07
 71  37  0  0  0  3  1.912486e-01  1.000000e-07
 32  64 -1  0  0  3  3.385530e-01  1.000000e-07
 1  83  0  0  0  3  2.437822e-01  1.000000e-07
 79  23  0  0  0  3  1.543767e-01  1.000000e-07
 6  85  0  0  0  3  3.610431e-01  1.000000e-07
 62  18  0  0  0  3  2.251668e-01  1.000000e-07
 12  47  0  0  0  3  3.084049e-01  1.000000e-07
 61  17  0  0  0  3  1.915580e-01  1.000000e-07
 66  79  0  0  0  3  3.779690e-01  1.000000e-07
 84  23  0  0  0  3  1.493140e-01  1.000000e-07
 71  42  0  0  0  3  1.170395e-01  1.000000e-07
 46  63  0  0  0  3  1.589485e-01  1.000000e-07
 7  82  0  0  0  3  1.460634e-01  1.000000e-07
 60  15  0  0  0  3  2.180487e-01  1.000000e-07
 1  84  0  0  0  3  2.989020e-01  1.000000e-07
 79  64  0  0  0  3  3.090509e-01  1.000000e-07
 12  61  0  0  0  3  2.982258e-01  1.000000e-07
 48  21  0  0  0  3  2.760584e-01  1.000000e-07
 0  80  0  0  0  3  1.671894e-01  1.000000e-07
 53  17  0  0  0  3  2.974671e-01  1.000000e-07
 71  46  0  0  0  3  1.209040e-01  1.000000e-07
 49  17  0  0  0  3  1.873548e-01  1.000000e-07
 65  79 -1  0  0  3  4.865518e-01  1.000000e-07
 84  23  0  0  0  3  1.622685e-01  1.000000e-07
 12  48  0  0  0  3  3.260003e-01  1.000000e-07
 54  13  0  0  0  3  3.036325e-01  1.000000e-07
 8  58  0  0  0  3  3.975137e-01  1.000000e-07
 54  13  0  0  0  3  2.697717e-01  1.000000e-07
 89  40  0  0  0  3  2.292278e-01  1.000000e-07
 51  15  0  0  0  3  3.184425e-01  1.000000e-07
 0  80  0  0  0  3  1.442796e-01  1.000000e-07
 57  21  0  0  0  3  3.825709e-01  1.000000e-07
 66  38  0  0  0  3  3.963885e-01  1.000000e-07
 84  64  0  0  0  3  2.556741e-01  1.000000e-07
 1  88  0  0  0  3  2.425987e-01  1.000000e-07
 50  13  1  0  0  3  3.292580e-01  1.000000e-07
 67  25  0  0  0  3  2.782931e-01  1.000000e-07
 80  23  0  0  0  3  1.375227e-01  1.000000e-07
 66  84  0  0  0  3  3.210035e-01  1.000000e-07
 79  72  0  0  0  3  3.076785e-01  1.000000e-07
 89  35  1  0  0  3  2.702791e-01  1.000000e-07
 56  16  0  0  0  3  2.641706e-01  1.000000e-07
 0  80  0  0  0  3  1.669454e-01  1.000000e-07
 53  63  0  0  0  3  2.603184e-01  1.000000e-07
 89  33  0  0  0  3  1.910655e-01  1.000000e-07
 51  64  0  0  0  3  2.629286e-01  1.000000e-07
 2  86  0  0  0  3  2.201622e-01  1.000000e-07
 55  16  0  0  0  3  1.530504e-01  1.000000e-07
 89  40  0  0  0  3  2.515051e-01  1.000000e-07
 52  18  0  0  0  3  3.701986e-01  1.000000e-07
 6  87  0  0  0  3  3.832330e-01  1.000000e-07
 25  23  0  0  0  3  1.368531e-01  1.000000e-07
 7  81  0  0  0  3  1.796081e-01  1.000000e-07
 59  13  0  1  0  3  3.486394e-01  1.000000e-07
 71  42  0  0  0  3  1.266097e-01  1.000000e-07
 49  18  0  0  0  3  2.397331e-01  1.000000e-07
 47  48  0  0  0  2  1.511868e-01  2.000000e-07
 47  79 -1  0  0  2  4.662237e-01  2.000000e-07
 47  49  0  0  0  2  1.981216e-01  2.000000e-07
 47  83  0  0  0  2  4.310111e-01  2.000000e-07
 47  53  0  0  0  2  3.131340e-01  2.000000e-07
 47  86  0  0  0  2  2.798354e-01  2.000000e-07
 47  41  0  0  0  2  7.235457e-02  2.000000e-07
 47  54  0  0  0  2  2.311824e-01  2.000000e-07
 47  37  0  0  0  2  2.266425e-01  2.000000e-07
 47  57  0  0  0  2  4.812457e-01  2.000000e-07
 47  58  0  0  0  2  3.183834e-01  2.000000e-07
 47  59  0 -1  0  2  4.992595e-01  2.000000e-07
 47  42  0  0  0  2  2.054349e-01  2.000000e-07
 47  61  0  0  0  2  1.435866e-01  2.000000e-07
 47  31  0  0  0  2  1.112221e-01  2.000000e-07
 47  25  0  0  0  2  3.806449e-01  2.000000e-07
 47  24  0  0  0  2  3.183355e-01  2.000000e-07
 27  81  0  0  0  2  2.853924e-01  2.000000e-07
 27  82  0  0  0  2  1.287945e-01  2.000000e-07
 27  51  0  0  0  2  2.510776e-01  2.000000e-07
 27  83  0  1  0  2  5.175462e-01  2.000000e-07
 27  52  0  0  0  2  2.502554e-01  2.000000e-07
 27  57  0  1  0  2  3.923342e-01  2.000000e-07
 27  30  0  0  0  2  8.633819e-02  2.000000e-07
 27  59  0  0  0  2  1.545779e-01  2.000000e-07
 27  43  0  0  0  2  3.385459e-02  2.000000e-07
 27  28  0  0  0  2  2.938336e-02  2.000000e-07
 27  88  0  1  0  2  4.131747e-01  2.000000e-07
 48  26  0 -1  0  2  3.507870e-01  2.000000e-07
 48  29  0 -1  0  2  3.928795e-01  2.000000e-07
 48  36  0  0  0  2  8.708582e-02  2.000000e-07
 48  41  0  0  0  2  2.032411e-01  2.000000e-07
 48  56  0 -1  0  2  4.626820e-01  2.000000e-07
 48  58  0  0  0  2  1.672180e-01  2.000000e-07
 48  32  0  0  0  2  2.969072e-01  2.000000e-07
 48  39  0  0  0  2  7.769697e-02  2.000000e-07
 48  60  0 -1  0  2  4.933118e-01  2.000000e-07
 48  61  0  0  0  2  1.153188e-01  2.000000e-07
 80  79  0  0  0  2  1.847178e-01  2.000000e-07
 80  29  0 -1  0  2  4.196825e-01  2.000000e-07
 80  50  0  0  0  2  1.821488e-01  2.000000e-07
 80  82  0 -1  0  2  5.306137e-01  2.000000e-07
 80  83  0  0  0  2  7.613869e-02  2.000000e-07
 80  84  0  0  0  2  2.149134e-01  2.000000e-07
 80  53  0  0  0  2  9.241941e-02  2.000000e-07
 80  54  0  0  0  2  4.900703e-01  2.000000e-07
 80  87  0  0  0  2  1.595315e-01  2.000000e-07
 80  46  0  0  0  2  3.423092e-01  2.000000e-07
 80  61  0  0  0  2  3.040275e-01  2.000000e-07
 80  31  0  0  0  2  4.521120e-01  2.000000e-07
 80  25  0  0  0  2  6.664570e-02  2.000000e-07
 80  24  0  0  0  2  1.533854e-01  2.000000e-07
 79  36  1  0  0  2  3.668769e-01  2.000000e-07
 79  50  0  0  0  2  1.980229e-01  2.000000e-07
 79  51  0  0  0  2  4.180125e-01  2.000000e-07
 79  45  0  0  0  2  2.562404e-01  2.000000e-07
 79  83  0  0  0  2  1.294103e-01  2.000000e-07
 79  84  0  0  0  2  3.208972e-02  2.000000e-07
 79  52  0  0  0  2  3.760318e-01  2.000000e-07
 79  41  1  0  0  2  4.274368e-01  2.000000e-07
 79  37  1  0  0  2  4.216010e-01  2.000000e-07
 79  57  0  0  0  2  2.314446e-01  2.000000e-07
 79  58  1  0  0  2  4.872801e-01  2.000000e-07
 79  87  0  0  0  2  1.651069e-01  2.000000e-07
 79  88  0  0  0  2  3.312620e-01  2.000000e-07
 79  31  1  0  0  2  3.765570e-01  2.000000e-07
 79  38  0  0  0  2  1.590079e-01  2.000000e-07
 79  25  0  0  0  2  1.552397e-01  2.000000e-07
 79  24  0  0  0  2  2.538866e-01  2.000000e-07
 26  29  0  0  0  2  5.738313e-02  2.000000e-07
 26  56  0  0  0  2  2.444161e-01  2.000000e-07
 26  57  0  1  0  2  3.564879e-01  2.000000e-07
 26  58  0  1  0  2  2.869648e-01  2.000000e-07
 26  30  0  0  0  2  9.121733e-02  2.000000e-07
 26  59  0  0  0  2  6.101956e-02  2.000000e-07
 26  39  0  1  0  2  4.088645e-01  2.000000e-07
 26  60  0  0  0  2  1.682090e-01  2.000000e-07
 26  61  0  1  0  2  3.115700e-01  2.000000e-07
 29  50  0  1  0  2  3.585708e-01  2.000000e-07
 29  82  0  0  0  2  1.157471e-01  2.000000e-07
 29  56  0  0  0  2  2.815699e-01  2.000000e-07
 29  57  0  1  0  2  3.196498e-01  2.000000e-07
 29  30  0  0  0  2  7.698465e-02  2.000000e-07
 29  40  0  0  0  2  3.240036e-01  2.000000e-07
 29  39  0  1  0  2  4.554008e-01  2.000000e-07
 29  60  0  0  0  2  1.726201e-01  2.000000e-07
 29  61  0  1  0  2  3.399966e-01  2.000000e-07
 29  44  0  0  0  2  2.559575e-01  2.000000e-07
 81  82  0  0  0  2  1.594560e-01  2.000000e-07
 81  86  0  0  0  2  2.126806e-01  2.000000e-07
 81  54  0  1  0  2  3.346041e-01  2.000000e-07
 81  22  0  0  0  2  2.813881e-01  2.000000e-07
 81  37  0  0  0  2  2.766881e-01  2.000000e-07
 81  56  0  0  0  2  7.578761e-02  2.000000e-07
 81  58  0  1  0  2  2.416800e-01  2.000000e-07
 81  59  0  0  0  2  1.564989e-01  2.000000e-07
 81  35  0  0  0  2  2.360404e-01  2.000000e-07
 81  42  0  0  0  2  3.555349e-01  2.000000e-07
 81  43  0  0  0  2  2.933321e-01  2.000000e-07
 81  40 -1  0  0  2  4.830141e-01  2.000000e-07
 81  60  0  0  0  2  1.792290e-01  2.000000e-07
 81  33 -1  0  0  2  3.828831e-01  2.000000e-07
 81  38 -1  0  0  2  4.876773e-01  2.000000e-07
 81  34 -1  0  0  2  3.185284e-01  2.000000e-07
 36  50 -1  0  0  2  3.952572e-01  2.000000e-07
 36  45 -1 -1  0  2  6.545274e-01  2.000000e-07
 36  45 -1  0  0  2  4.966080e-01  2.000000e-07
 36  41  0  0  0  2  2.234655e-01  2.000000e-07
 36  56  0 -1  0  2  4.797224e-01  2.000000e-07
 36  57 -1  0  0  2  4.293179e-01  2.000000e-07
 36  58  0  0  0  2  1.646349e-01  2.000000e-07
 36  32  0  0  0  2  3.207120e-01  2.000000e-07
 36  35  0 -1  0  2  5.978301e-01  2.000000e-07
 36  35  0  0  0  2  4.032415e-01  2.000000e-07
 36  40 -1 -1  0  2  5.589945e-01  2.000000e-07
 36  39  0  0  0  2  1.373587e-02  2.000000e-07
 36  88 -1  0  0  2  3.052969e-01  2.000000e-07
 36  38 -1  0  0  2  3.428798e-01  2.000000e-07
 36  44 -1 -1  0  2  6.957965e-01  2.000000e-07
 36  34 -1 -1  0  2  3.402526e-01  2.000000e-07
 49  85  0  0  0  2  1.643096e-01  2.000000e-07
 49  41  0  0  0  2  1.716285e-01  2.000000e-07
 49  22  0  0  0  2  1.022902e-01  2.000000e-07
 49  37  0  0  0  2  1.734784e-01  2.000000e-07
 49  56  0  0  0  2  2.298683e-01  2.000000e-07
 49  30  0  0  0  2  3.371743e-01  2.000000e-07
 49  32  0  0  0  2  9.137178e-02  2.000000e-07
 49  59  0  0  0  2  3.448506e-01  2.000000e-07
 49  42  0  0  0  2  6.876100e-02  2.000000e-07
 49  43  0  0  0  2  3.053112e-01  2.000000e-07
 49  25  0  0  0  2  3.353484e-01  2.000000e-07
 49  24  0  0  0  2  2.296929e-01  2.000000e-07
 50  82  0 -1  0  2  4.736937e-01  2.000000e-07
 50  83  0  0  0  2  1.230795e-01  2.000000e-07
 50  84  0  0  0  2  2.070279e-01  2.000000e-07
 50  54  1  0  0  2  4.277439e-01  2.000000e-07
 50  57  0  0  0  2  3.952854e-02  2.000000e-07
 50  87  0  0  0  2  2.991648e-01  2.000000e-07
 50  28  0 -1  0  2  4.014107e-01  2.000000e-07
 50  40  0 -1  0  2  4.040402e-01  2.000000e-07
 50  39  1  0  0  2  4.060353e-01  2.000000e-07
 50  88  0  0  0  2  1.925568e-01  2.000000e-07
 50  60  0 -1  0  2  5.216358e-01  2.000000e-07
 50  61  0  0  0  2  4.072273e-01  2.000000e-07
 50  38  0  0  0  2  3.463926e-01  2.000000e-07
 50  25  0  0  0  2  2.225371e-01  2.000000e-07
 50  44  0 -1  0  2  4.725400e-01  2.000000e-07
 82  83  0  1  0  2  5.398867e-01  2.000000e-07
 82  86  0  0  0  2  2.228410e-01  2.000000e-07
 82  54  0  1  0  2  4.040466e-01  2.000000e-07
 82  22  0  0  0  2  2.321457e-01  2.000000e-07
 82  57  0  1  0  2  4.349798e-01  2.000000e-07
 82  58  0  1  0  2  3.302628e-01  2.000000e-07
 82  59  0  0  0  2  4.418247e-02  2.000000e-07
 82  43  0  0  0  2  1.435702e-01  2.000000e-07
 82  28  0  0  0  2  1.495472e-01  2.000000e-07
 82  60  0  0  0  2  6.973395e-02  2.000000e-07
 82  61  0  1  0  2  4.037153e-01  2.000000e-07
 82  62  0  0  0  2  1.673798e-01  2.000000e-07
 51  45  0  0  0  2  1.761701e-01  2.000000e-07
 51  85  0  0  0  2  3.702974e-01  2.000000e-07
 51  52  0  0  0  2  4.274650e-02  2.000000e-07
 51  37  1  0  0  2  4.437677e-01  2.000000e-07
 51  57  0  1  0  2  3.809856e-01  2.000000e-07
 51  30  0  0  0  2  3.283917e-01  2.000000e-07
 51  43  0  0  0  2  2.483097e-01  2.000000e-07
 51  28  0  0  0  2  2.289221e-01  2.000000e-07
 51  88  0  1  0  2  2.719310e-01  2.000000e-07
 51  33  0  0  0  2  8.605158e-02  2.000000e-07
 51  25  0  0  0  2  4.288589e-01  2.000000e-07
 51  24  0  0  0  2  3.947700e-01  2.000000e-07
 51  44  0  0  0  2  1.672121e-01  2.000000e-07
 51  34  0  0  0  2  2.096482e-01  2.000000e-07
 45  41  1  0  0  2  4.282858e-01  2.000000e-07
 45  37  1  0  0  2  3.303504e-01  2.000000e-07
 45  56  1  0  0  2  4.355623e-01  2.000000e-07
 45  57  0  1  0  2  5.565424e-01  2.000000e-07
 45  87  0  0  0  2  2.308033e-01  2.000000e-07
 45  35  1  0  0  2  3.042960e-01  2.000000e-07
 45  40  0  0  0  2  1.747608e-01  2.000000e-07
 45  39  1  0  0  2  4.947052e-01  2.000000e-07
 45  33  0  0  0  2  1.930033e-01  2.000000e-07
 45  38  0  0  0  2  1.569560e-01  2.000000e-07
 45  25  0  0  0  2  3.123655e-01  2.000000e-07
 45  24  0  0  0  2  3.248748e-01  2.000000e-07
 45  44  0  0  0  2  2.320091e-01  2.000000e-07
 45  34  0  0  0  2  3.181803e-01  2.000000e-07
 83  84  0  0  0  2  1.550981e-01  2.000000e-07
 83  52  0  0  0  2  4.580367e-01  2.000000e-07
 83  53  0  0  0  2  1.582637e-01  2.000000e-07
 83  54  0  0  0  2  5.500841e-01  2.000000e-07
 83  57  0  0  0  2  1.388438e-01  2.000000e-07
 83  58  0  0  0  2  5.782547e-01  2.000000e-07
 83  87  0  0  0  2  1.783125e-01  2.000000e-07
 83  59  0 -1  0  2  5.095290e-01  2.000000e-07
 83  42  0  0  0  2  3.531871e-01  2.000000e-07
 83  43  0  0  0  2  4.941262e-01  2.000000e-07
 83  28  0 -1  0  2  4.945417e-01  2.000000e-07
 83  88  0  0  0  2  3.088057e-01  2.000000e-07
 83  31  0  0  0  2  5.231647e-01  2.000000e-07
 83  31  1  0  0  2  4.768459e-01  2.000000e-07
 83  25  0  0  0  2  9.992220e-02  2.000000e-07
 83  62  0  0  0  2  4.358378e-01  2.000000e-07
 84  52  0  0  0  2  3.822789e-01  2.000000e-07
 84  53  0  0  0  2  2.590213e-01  2.000000e-07
 84  37  1  0  0  2  3.953585e-01  2.000000e-07
 84  87  0  0  0  2  1.929418e-01  2.000000e-07
 84  39  1  0  0  2  3.414941e-01  2.000000e-07
 84  88  0  0  0  2  3.219162e-01  2.000000e-07
 84  31  1  0  0  2  3.445602e-01  2.000000e-07
 84  38  0  0  0  2  1.404977e-01  2.000000e-07
 85  53  0  0  0  2  1.590379e-01  2.000000e-07
 85  41  0  0  0  2  3.146750e-01  2.000000e-07
 85  55  0  0  0  2  2.341194e-01  2.000000e-07
 85  56  0  0  0  2  3.184286e-01  2.000000e-07
 85  87  0  0  0  2  1.778024e-01  2.000000e-07
 85  30  0  0  0  2  3.047816e-01  2.000000e-07
 85  32  0  0  0  2  2.535218e-01  2.000000e-07
 85  43  0  0  0  2  2.230871e-01  2.000000e-07
 85  60  0  0  0  2  2.321235e-01  2.000000e-07
 85  61  0  0  0  2  3.660031e-01  2.000000e-07
 85  24  0  0  0  2  9.905138e-02  2.000000e-07
 85  44  0  0  0  2  2.150370e-01  2.000000e-07
 52  37  1  0  0  2  4.301470e-01  2.000000e-07
 52  87  0  0  0  2  2.943453e-01  2.000000e-07
 52  43  0  0  0  2  2.417518e-01  2.000000e-07
 52  28  0  0  0  2  2.318687e-01  2.000000e-07
 52  40  0  0  0  2  3.549054e-02  2.000000e-07
 52  88  0  1  0  2  3.142894e-01  2.000000e-07
 52  33  0  0  0  2  1.116104e-01  2.000000e-07
 52  25  0  0  0  2  3.869493e-01  2.000000e-07
 52  24  0  0  0  2  3.568299e-01  2.000000e-07
 52  62  0  0  0  2  2.998209e-01  2.000000e-07
 53  86  0  0  0  2  3.317741e-01  2.000000e-07
 53  22  0  0  0  2  2.486282e-01  2.000000e-07
 53  55  0  0  0  2  3.252095e-01  2.000000e-07
 53  87  0  0  0  2  1.198250e-01  2.000000e-07
 53  46  0  0  0  2  2.719599e-01  2.000000e-07
 53  42  0  0  0  2  1.965137e-01  2.000000e-07
 53  60  0  0  0  2  3.910534e-01  2.000000e-07
 53  61  0  0  0  2  2.994006e-01  2.000000e-07
 53  31  0  0  0  2  4.186258e-01  2.000000e-07
 53  24  0  0  0  2  6.324637e-02  2.000000e-07
 53  62  0  0  0  2  2.929222e-01  2.000000e-07
 86  22  0  0  0  2  9.785408e-02  2.000000e-07
 86  37  0  0  0  2  1.691444e-01  2.000000e-07
 86  55  0  0  0  2  1.104459e-01  2.000000e-07
 86  35  0  0  0  2  1.776812e-01  2.000000e-07
 86  46  0  0  0  2  1.607213e-01  2.000000e-07
 86  42  0  0  0  2  1.445677e-01  2.000000e-07
 86  40 -1  0  0  2  5.751237e-01  2.000000e-07
 86  60  0  0  0  2  1.657985e-01  2.000000e-07
 86  31  0  0  0  2  3.656157e-01  2.000000e-07
 86  38 -1  0  0  2  4.411674e-01  2.000000e-07
 86  62  0  0  0  2  1.705257e-01  2.000000e-07
 41  37  0  0  0  2  1.561430e-01  2.000000e-07
 41  58  0  0  0  2  3.672549e-01  2.000000e-07
 41  32  0  0  0  2  9.738340e-02  2.000000e-07
 41  39  0  0  0  2  2.107827e-01  2.000000e-07
 41  61  0  0  0  2  2.155952e-01  2.000000e-07
 41  24  0  0  0  2  3.433822e-01  2.000000e-07
 54  84 -1  0  0  2  3.969235e-01  2.000000e-07
 54  58  0  0  0  2  9.628844e-02  2.000000e-07
 54  35  0 -1  0  2  5.334218e-01  2.000000e-07
 54  46  0  0  0  2  3.523963e-01  2.000000e-07
 54  40 -1 -1  0  2  5.339855e-01  2.000000e-07
 54  39  0  0  0  2  7.678158e-02  2.000000e-07
 54  88 -1  0  0  2  3.062376e-01  2.000000e-07
 54  60  0 -1  0  2  4.647621e-01  2.000000e-07
 54  61  0  0  0  2  1.869495e-01  2.000000e-07
 54  31  0  0  0  2  1.513800e-01  2.000000e-07
 54  34 -1 -1  0  2  3.085942e-01  2.000000e-07
 22  87  0  0  0  2  2.773404e-01  2.000000e-07
 22  46  0  0  0  2  1.754257e-01  2.000000e-07
 22  42  0  0  0  2  9.843761e-02  2.000000e-07
 22  43  0  0  0  2  2.054029e-01  2.000000e-07
 22  60  0  0  0  2  1.627665e-01  2.000000e-07
 22  62  0  0  0  2  1.061124e-01  2.000000e-07
 37  56  0  0  0  2  2.092930e-01  2.000000e-07
 37  32  0  0  0  2  1.026871e-01  2.000000e-07
 37  35  0  0  0  2  5.598007e-02  2.000000e-07
 37  42  0  0  0  2  2.395692e-01  2.000000e-07
 37  31  0  0  0  2  2.635392e-01  2.000000e-07
 37  33 -1  0  0  2  3.904590e-01  2.000000e-07
 37  38 -1  0  0  2  2.723461e-01  2.000000e-07
 37  34 -1  0  0  2  4.220235e-01  2.000000e-07
 55  56  0  0  0  2  2.204660e-01  2.000000e-07
 55  87  0  0  0  2  3.993653e-01  2.000000e-07
 55  32  0  0  0  2  3.043543e-02  2.000000e-07
 55  35  0  0  0  2  1.483824e-01  2.000000e-07
 55  39  0  0  0  2  3.381294e-01  2.000000e-07
 55  60  0  0  0  2  2.759925e-01  2.000000e-07
 55  61  0  0  0  2  3.084157e-01  2.000000e-07
 55  38 -1  0  0  2  3.647135e-01  2.000000e-07
 56  58  0  1  0  2  3.154018e-01  2.000000e-07
 56  30  0  0  0  2  2.271028e-01  2.000000e-07
 56  32  0  0  0  2  2.458327e-01  2.000000e-07
 56  59  0  0  0  2  1.878333e-01  2.000000e-07
 56  35  0  0  0  2  1.764151e-01  2.000000e-07
 56  39  0  1  0  2  4.861227e-01  2.000000e-07
 56  60  0  0  0  2  1.603534e-01  2.000000e-07
 56  44  0  0  0  2  3.756603e-01  2.000000e-07
 56  34 -1  0  0  2  3.555035e-01  2.000000e-07
 57  58  0  0  0  2  5.464972e-01  2.000000e-07
 57  30  0 -1  0  2  3.880883e-01  2.000000e-07
 57  59  0 -1  0  2  4.116626e-01  2.000000e-07
 57  28  0 -1  0  2  3.671309e-01  2.000000e-07
 57  88  0  0  0  2  2.026677e-01  2.000000e-07
 57  61  0  0  0  2  3.791537e-01  2.000000e-07
 57  25  0  0  0  2  2.339475e-01  2.000000e-07
 57  44  0 -1  0  2  4.438640e-01  2.000000e-07
 57  34  0 -1  0  2  3.428973e-01  2.000000e-07
 58  59  0 -1  0  2  2.948830e-01  2.000000e-07
 58  88 -1  0  0  2  2.949192e-01  2.000000e-07
 58  61  0  0  0  2  2.400866e-01  2.000000e-07
 58  31  0  0  0  2  2.473614e-01  2.000000e-07
 58  34 -1 -1  0  2  2.519556e-01  2.000000e-07
 87  40  0  0  0  2  3.233529e-01  2.000000e-07
 87  60  0  0  0  2  3.806887e-01  2.000000e-07
 87  38  0  0  0  2  2.438979e-01  2.000000e-07
 87  25  0  0  0  2  9.301542e-02  2.000000e-07
 87  24  0  0  0  2  1.075599e-01  2.000000e-07
 87  44  0  0  0  2  2.477600e-01  2.000000e-07
 87  62  0  0  0  2  2.762329e-01  2.000000e-07
 30  59  0  0  0  2  6.903866e-02  2.000000e-07
 30  43  0  0  0  2  1.108397e-01  2.000000e-07
 30  44  0  0  0  2  2.140139e-01  2.000000e-07
 32  35  0  0  0  2  1.522332e-01  2.000000e-07
 32  39  0  0  0  2  3.081148e-01  2.000000e-07
 32  61  0  0  0  2  2.869641e-01  2.000000e-07
 59  43  0  0  0  2  1.757131e-01  2.000000e-07
 59  61  0  1  0  2  3.595644e-01  2.000000e-07
 35  46  0  0  0  2  2.152679e-01  2.000000e-07
 35  40 -1  0  0  2  4.118993e-01  2.000000e-07
 35  39  0  0  0  2  3.933898e-01  2.000000e-07
 35  39  0  1  0  2  6.069487e-01  2.000000e-07
 35  60  0  0  0  2  3.096104e-01  2.000000e-07
 35  38 -1  0  0  2  2.742018e-01  2.000000e-07
 46  55  0  0  0  2  7.230025e-02  2.000000e-07
 46  42  0  0  0  2  1.025625e-01  2.000000e-07
 46  39  0  0  0  2  2.994325e-01  2.000000e-07
 46  60  0  0  0  2  3.171760e-01  2.000000e-07
 46  61  0  0  0  2  2.408246e-01  2.000000e-07
 46  31  0  0  0  2  2.201290e-01  2.000000e-07
 46  38 -1  0  0  2  3.957698e-01  2.000000e-07
 42  43  0  0  0  2  2.976107e-01  2.000000e-07
 42  31  0  0  0  2  3.137251e-01  2.000000e-07
 42  25  0  0  0  2  2.665958e-01  2.000000e-07
 42  24  0  0  0  2  1.623063e-01  2.000000e-07
 42  62  0  0  0  2  1.983722e-01  2.000000e-07
 43  25  0  0  0  2  3.964843e-01  2.000000e-07
 43  24  0  0  0  2  3.037472e-01  2.000000e-07
 43  44  0  0  0  2  1.065872e-01  2.000000e-07
 43  62  0  0  0  2  9.967522e-02  2.000000e-07
 28  40  0  0  0  2  2.146563e-01  2.000000e-07
 28  88  0  1  0  2  3.837946e-01  2.000000e-07
 28  60  0  0  0  2  1.508523e-01  2.000000e-07
 28  62  0  0  0  2  1.540533e-01  2.000000e-07
 40  39  1  1  0  2  5.726203e-01  2.000000e-07
 40  88  0  1  0  2  2.844074e-01  2.000000e-07
 40  60  0  0  0  2  3.518103e-01  2.000000e-07
 40  33  0  0  0  2  1.033944e-01  2.000000e-07
 40  38  0  0  0  2  3.317164e-01  2.000000e-07
 40  44  0  0  0  2  1.496779e-01  2.000000e-07
 40  62  0  0  0  2  3.003580e-01  2.000000e-07
 40  34  0  0  0  2  2.267613e-01  2.000000e-07
 39  60  0 -1  0  2  5.385184e-01  2.000000e-07
 39  61  0  0  0  2  1.913687e-01  2.000000e-07
 39  31  0  0  0  2  8.287630e-02  2.000000e-07
 39  38 -1  0  0  2  3.421121e-01  2.000000e-07
 88  31  1  0  0  2  3.885044e-01  2.000000e-07
 88  33  0 -1  0  2  2.344618e-01  2.000000e-07
 88  34  0 -1  0  2  1.478820e-01  2.000000e-07
 60  61  0  1  0  2  4.732187e-01  2.000000e-07
 60  44  0  0  0  2  2.189635e-01  2.000000e-07
 60  62  0  0  0  2  1.044627e-01  2.000000e-07
 61  25  0  0  0  2  3.500968e-01  2.000000e-07
 61  24  0  0  0  2  3.319919e-01  2.000000e-07
 31  38 -1  0  0  2  3.111410e-01  2.000000e-07
 33  38  0  0  0  2  3.362601e-01  2.000000e-07
 33  34  0  0  0  2  1.347620e-01  2.000000e-07
 25  24  0  0  0  2  1.139575e-01  2.000000e-07
 24  44  0  0  0  2  2.652325e-01  2.000000e-07
 47  48  0  0  0  1  1.511868e-01  3.000000e-07
 47  41  0  0  0  1  7.235457e-02  3.000000e-07
 47  46  0  0  0  1  1.214446e-01  3.000000e-07
 47  42  0  0  0  1  2.054349e-01  3.000000e-07
 47  61  0  0  0  1  1.435866e-01  3.000000e-07
 47  31  0  0  0  1  1.112221e-01  3.000000e-07
 27  30  0  0  0  1  8.633819e-02  3.000000e-07
 27  60  0  0  0  1  1.225617e-01  3.000000e-07
 48  54  0  0  0  1  8.407428e-02  3.000000e-07
 48  58  0  0  0  1  1.672180e-01  3.000000e-07
 48  39  0  0  0  1  7.769697e-02  3.000000e-07
 48  61  0  0  0  1  1.153188e-01  3.000000e-07
 48  31  0  0  0  1  1.000051e-01  3.000000e-07
 80  83  0  0  0  1  7.613869e-02  3.000000e-07
 80  53  0  0  0  1  9.241941e-02  3.000000e-07
 80  57  0  0  0  1  1.842404e-01  3.000000e-07
 80  61  0  0  0  1  3.040275e-01  3.000000e-07
 80  25  0  0  0  1  6.664570e-02  3.000000e-07
 79  83  0  0  0  1  1.294103e-01  3.000000e-07
 79  38  0  0  0  1  1.590079e-01  3.000000e-07
 79  25  0  0  0  1  1.552397e-01  3.000000e-07
 26  29  0  0  0  1  5.738313e-02  3.000000e-07
 26  81  0  0  0  1  2.021900e-01  3.000000e-07
 26  58  0  1  0  1  2.869648e-01  3.000000e-07
 26  30  0  0  0  1  9.121733e-02  3.000000e-07
 26  61  0  1  0  1  3.115700e-01  3.000000e-07
 29  57  0  1  0  1  3.196498e-01  3.000000e-07
 29  30  0  0  0  1  7.698465e-02  3.000000e-07
 29  28  0  0  0  1  1.319645e-01  3.000000e-07
 29  61  0  1  0  1  3.399966e-01  3.000000e-07
 81  82  0  0  0  1  1.594560e-01  3.000000e-07
 81  56  0  0  0  1  7.578761e-02  3.000000e-07
 81  59  0  0  0  1  1.564989e-01  3.000000e-07
 81  35  0  0  0  1  2.360404e-01  3.000000e-07
 36  84 -1  0  0  1  3.366654e-01  3.000000e-07
 36  54  0  0  0  1  7.173318e-02  3.000000e-07
 49  86  0  0  0  1  9.228206e-02  3.000000e-07
 49  22  0  0  0  1  1.022902e-01  3.000000e-07
 49  46  0  0  0  1  7.686136e-02  3.000000e-07
 49  42  0  0  0  1  6.876100e-02  3.000000e-07
 50  83  0  0  0  1  1.230795e-01  3.000000e-07
 50  84  0  0  0  1  2.070279e-01  3.000000e-07
 50  88  0  0  0  1  1.925568e-01  3.000000e-07
 82  56  0  0  0  1  1.720025e-01  3.000000e-07
 82  30  0  0  0  1  5.583893e-02  3.000000e-07
 82  60  0  0  0  1  6.973395e-02  3.000000e-07
 51  28  0  0  0  1  2.289221e-01  3.000000e-07
 51  88  0  1  0  1  2.719310e-01  3.000000e-07
 51  33  0  0  0  1  8.605158e-02  3.000000e-07
 45  52  0  0  0  1  1.399841e-01  3.000000e-07
 45  87  0  0  0  1  2.308033e-01  3.000000e-07
 45  35  1  0  0  1  3.042960e-01  3.000000e-07
 45  33  0  0  0  1  1.930033e-01  3.000000e-07
 45  38  0  0  0  1  1.569560e-01  3.000000e-07
 45  44  0  0  0  1  2.320091e-01  3.000000e-07
 83  57  0  0  0  1  1.388438e-01  3.000000e-07
 83  25  0  0  0  1  9.992220e-02  3.000000e-07
 84  88  0  0  0  1  3.219162e-01  3.000000e-07
 84  31  1  0  0  1  3.445602e-01  3.000000e-07
 85  22  0  0  0  1  1.000950e-01  3.000000e-07
 85  87  0  0  0  1  1.778024e-01  3.000000e-07
 85  42  0  0  0  1  1.118074e-01  3.000000e-07
 85  62  0  0  0  1  1.369807e-01  3.000000e-07
 52  44  0  0  0  1  1.481310e-01  3.000000e-07
 53  87  0  0  0  1  1.198250e-01  3.000000e-07
 53  42  0  0  0  1  1.965137e-01  3.000000e-07
 53  61  0  0  0  1  2.994006e-01  3.000000e-07
 53  25  0  0  0  1  7.230271e-02  3.000000e-07
 53  24  0  0  0  1  6.324637e-02  3.000000e-07
 86  22  0  0  0  1  9.785408e-02  3.000000e-07
 86  37  0  0  0  1  1.691444e-01  3.000000e-07
 86  55  0  0  0  1  1.104459e-01  3.000000e-07
 86  56  0  0  0  1  1.404824e-01  3.000000e-07
 86  60  0  0  0  1  1.657985e-01  3.000000e-07
 41  37  0  0  0  1  1.561430e-01  3.000000e-07
 41  32  0  0  0  1  9.738340e-02  3.000000e-07
 41  46  0  0  0  1  1.013036e-01  3.000000e-07
 41  31  0  0  0  1  1.281199e-01  3.000000e-07
 41  38 -1  0  0  1  3.158096e-01  3.000000e-07
 54  58  0  0  0  1  9.628844e-02  3.000000e-07
 54  39  0  0  0  1  7.678158e-02  3.000000e-07
 54  88 -1  0  0  1  3.062376e-01  3.000000e-07
 22  42  0  0  0  1  9.843761e-02  3.000000e-07
 22  60  0  0  0  1  1.627665e-01  3.000000e-07
 22  62  0  0  0  1  1.061124e-01  3.000000e-07
 37  55  0  0  0  1  1.065747e-01  3.000000e-07
 37  32  0  0  0  1  1.026871e-01  3.000000e-07
 37  35  0  0  0  1  5.598007e-02  3.000000e-07
 37  38 -1  0  0  1  2.723461e-01  3.000000e-07
 55  46  0  0  0  1  7.230025e-02  3.000000e-07
 56  35  0  0  0  1  1.764151e-01  3.000000e-07
 56  60  0  0  0  1  1.603534e-01  3.000000e-07
 57  28  0 -1  0  1  3.671309e-01  3.000000e-07
 57  61  0  0  0  1  3.791537e-01  3.000000e-07
 58  88 -1  0  0  1  2.949192e-01  3.000000e-07
 58  61  0  0  0  1  2.400866e-01  3.000000e-07
 58  34 -1 -1  0  1  2.519556e-01  3.000000e-07
 87  25  0  0  0  1  9.301542e-02  3.000000e-07
 87  24  0  0  0  1  1.075599e-01  3.000000e-07
 87  44  0  0  0  1  2.477600e-01  3.000000e-07
 30  59  0  0  0  1  6.903866e-02  3.000000e-07
 30  28  0  0  0  1  1.005414e-01  3.000000e-07
 32  46  0  0  0  1  6.361741e-02  3.000000e-07
 35  33 -1  0  0  1  3.421934e-01  3.000000e-07
 35  38 -1  0  0  1  2.742018e-01  3.000000e-07
 35  34 -1  0  0  1  3.669675e-01  3.000000e-07
 46  42  0  0  0  1  1.025625e-01  3.000000e-07
 42  24  0  0  0  1  1.623063e-01  3.000000e-07
 43  28  0  0  0  1  5.488080e-02  3.000000e-07
 43  60  0  0  0  1  1.196921e-01  3.000000e-07
 43  44  0  0  0  1  1.065872e-01  3.000000e-07
 43  62  0  0  0  1  9.967522e-02  3.000000e-07
 28  40  0  0  0  1  2.146563e-01  3.000000e-07
 40  44  0  0  0  1  1.496779e-01  3.000000e-07
 39  31  0  0  0  1  8.287630e-02  3.000000e-07
 88  36  1  0  0  1  3.052969e-01  3.000000e-07
 88  33  0 -1  0  1  2.344618e-01  3.000000e-07
 88  34  0 -1  0  1  1.478820e-01  3.000000e-07
 31  38 -1  0  0  1  3.111410e-01  3.000000e-07
 33  34  0  0  0  1  1.347620e-01  3.000000e-07
 44  62  0  0  0  1  1.518397e-01  3.000000e-07
 34  81  1  0  0  1  3.185284e-01  3.000000e-07
 9.513066e-02 -2.614616e-01  1.002227e-01
 2.666155e-01 -3.239884e-01  1.970152e-01
-1.889562e-01  7.281758e-02  2.081258e-01
 1.674516e-01  2.655152e-01  3.908926e-01
 1.963648e-01  2.535118e-01  4.340120e-01
 1.617960e-02 -4.110045e-01  3.401495e-01
 8.289683e-02  8.479874e-02  3.493719e-01
-1.844928e-01  3.196584e-01  1.377518e-01
-4.130623e-01 -3.471895e-01  3.940065e-01
-4.115114e-01  3.626935e-01 -2.742110e-01
-4.390077e-01 -1.986665e-01  4.329923e-01
-4.392880e-01 -2.309017e-01 -4.235296e-01
-1.817018e-01 -2.544924e-01  2.870896e-01
-4.188621e-01 -4.354429e-01 -2.673916e-01
-2.160147e-01 -3.414890e-02 -2.515618e-01
-6.477969e-02  3.015503e-01 -2.056408e-01
-2.765085e-01  1.573641e-01 -1.446830e-01
-2.283295e-01 -7.790254e-02 -1.783186e-01
-6.429344e-02  9.870483e-02 -2.178880e-01
-4.043107e-01 -1.762055e-01 -3.572011e-01
-3.386966e-01  2.945764e-01 -2.034138e-01
-2.623153e-01 -3.874296e-01 -2.657499e-01
-1.152913e-01  1.079023e-01  0
 1.741873e-01 -1.084716e-01 -1.247612e-01
 2.398241e-02 -2.803329e-02  0
 1.047453e-01 -1.084302e-01  0
-1.107074e-01  4.388083e-01  0
 9.523080e-04  3.087711e-01  0
 2.485981e-02  3.258536e-01  0
-5.374755e-02  4.318514e-01  0
-7.080679e-02  3.567806e-01  0
-3.708550e-01 -1.940037e-01  0
-2.805017e-01  1.243542e-02  0
 3.340244e-01  3.192911e-01  0
 4.126558e-01  4.287347e-01  0
-3.867959e-01  1.214147e-01  0
-4.095065e-01 -2.811867e-01  0
-3.658807e-01  6.948861e-02  0
 3.750340e-01 -1.445889e-02  0
-3.995068e-01 -2.717697e-01  0
 2.359100e-01  2.866728e-01  0
-3.156906e-01 -7.836807e-02  0
-1.335189e-01  1.116701e-02  0
 4.075297e-03  2.750608e-01  0
 9.890508e-02  2.263972e-01  0
 3.089776e-01  1.279200e-01  0
-2.293471e-01 -2.538490e-02  0
-2.747475e-01 -1.380241e-01  0
-3.224212e-01 -2.814976e-01  0
-1.944235e-01  4.308418e-02  0
 1.963795e-01 -3.112255e-01  0
 2.516236e-01  2.944925e-01  0
 2.447534e-01  2.523017e-01  0
 3.473746e-02 -9.035850e-02  0
-3.772320e-01 -3.452492e-01  0
-2.640511e-01  3.804189e-02  0
-2.754053e-01  2.582153e-01  0
 1.645130e-01 -3.346143e-01  0
-3.714568e-01 -4.413643e-01  0
-1.347799e-01  3.827378e-01  0
-1.155362e-01  2.706686e-01  0
-2.082480e-01 -2.652835e-01  0
-4.861889e-02  1.904531e-01  0
-1.632742e-01 -3.787970e-02 -1.562775e-01
 4.037318e-01  1.121645e-01 -2.037047e-01
-4.241138e-01 -4.767621e-03  3.740886e-01
 4.062333e-01 -2.818874e-01  3.158168e-01
 1.155754e-02 -1.729059e-01  2.524689e-01
 1.044367e-01 -3.951021e-01 -2.265823e-01
 3.892216e-01  1.416470e-01 -2.047961e-01
 1.394149e-01 -5.250482e-02 -2.691926e-01
-1.864080e-01  6.877549e-03  1.150727e-01
 4.241173e-01 -1.707596e-01 -3.027071e-01
-7.328429e-02  2.198873e-01  4.348038e-01
-1.153290e-01 -4.150084e-01  3.590706e-01
 1.884824e-01 -1.968469e-01  4.356850e-01
 3.559299e-01  4.440683e-01 -3.993792e-01
-1.277893e-01  3.608028e-01 -4.149732e-01
-6.758981e-02  2.600580e-01 -3.714315e-01
 2.592567e-01 -1.234503e-01  0
 8.064919e-02 -1.705674e-01  0
-2.833594e-01  3.335843e-01  0
-1.240278e-01  3.398836e-01  0
 1.523047e-01 -1.963082e-01  0
 2.911320e-01 -1.271534e-01  0
-3.052313e-02  5.467296e-02  0
-2.095692e-01  1.341149e-01  0
 1.311832e-01 -1.925112e-02  0
 3.336645e-01 -4.462474e-01  0
 3.433114e-01  3.927777e-01  1.480285e-01