 721  90  1.200000e-05  54 -2 -2
 16  40  0  0  0  3  3.485474e-01  1.000000e-07
 16  15  0  1  0  3  5.383947e-01  1.000000e-07
 16  43  0  0  0  3  1.466339e-01  1.000000e-07
 16  61  0  0  0  3  2.563431e-01  1.000000e-07
 16  42  0  0  0  3  2.479192e-01  1.000000e-07
 13  46  0 -1  0  3  5.073659e-01  1.000000e-07
 13  47  0  0  0  3  2.284795e-01  1.000000e-07
 40  46  0  0  0  3  2.706338e-01  1.000000e-07
 40  47  0  0  0  3  4.311901e-01  1.000000e-07
 40  61  0  0  0  3  2.853584e-01  1.000000e-07
 40  17  0  0  0  3  3.467666e-01  1.000000e-07
 40  32  0  1  1  3  3.830574e-01  1.000000e-07
 40  18  0  0  1  3  3.174012e-01  1.000000e-07
 45  15 -1  1  0  3  5.430790e-01  1.000000e-07
 45  14  0  0  0  3  2.843718e-01  1.000000e-07
 45  47  0  1  0  3  5.237970e-01  1.000000e-07
 45  43 -1  0  0  3  3.589542e-01  1.000000e-07
 45  27  0  1  0  3  5.080579e-01  1.000000e-07
 45  41 -1  1  0  3  6.325617e-01  1.000000e-07
 45  42 -1  0  0  3  3.177059e-01  1.000000e-07
 45  37  0  1  1  3  5.111912e-01  1.000000e-07
 26  30  0  0  0  3  1.018700e-01  1.000000e-07
 26  47  0  0  0  3  3.329054e-01  1.000000e-07
 26  34  0  0  0  3  3.029901e-01  1.000000e-07
 26  41  0  0  0  3  2.942672e-01  1.000000e-07
 26  38  0  0  0  3  3.952949e-01  1.000000e-07
 26  36  0  0  1  3  4.392532e-01  1.000000e-07
 26  32  0  0  1  3  3.094884e-01  1.000000e-07
 26  31  0  0  1  3  2.726214e-01  1.000000e-07
 26  29  0  0  1  3  3.066920e-01  1.000000e-07
 46  14  0  0  0  3  3.666061e-01  1.000000e-07
 46  27  0  1  0  3  4.584033e-01  1.000000e-07
 46  61  0  0  0  3  3.489614e-01  1.000000e-07
 46  62  0  0  1  3  3.024868e-01  1.000000e-07
 46  28  0  1  1  3  3.939510e-01  1.000000e-07
 46  19  0  0  1  3  3.315782e-01  1.000000e-07
 46  18  0  0  1  3  2.941343e-01  1.000000e-07
 15  47  0  0  0  3  4.329161e-01  1.000000e-07
 15  47  1  0  0  3  5.744146e-01  1.000000e-07
 15  41  0  0  0  3  3.069636e-01  1.000000e-07
 15  42  0 -1  0  3  5.253832e-01  1.000000e-07
 14  43 -1  0  0  3  3.465605e-01  1.000000e-07
 14  44 -1  0  0  3  3.149636e-01  1.000000e-07
 30  27  0  0  0  3  1.744460e-01  1.000000e-07
 30  41  0  0  0  3  3.306638e-01  1.000000e-07
 30  42  0 -1  0  3  2.887707e-01  1.000000e-07
 30  37  1  0  1  3  5.266423e-01  1.000000e-07
 30  25  0  0  1  3  3.452272e-01  1.000000e-07
 30  35  0 -1  1  3  4.401119e-01  1.000000e-07
 30  24  0  0  1  3  3.818413e-01  1.000000e-07
 30  28  1  0  1  3  5.897489e-01  1.000000e-07
 47  34  0  0  0  3  4.180651e-01  1.000000e-07
 47  49  0  0  1  3  5.533053e-01  1.000000e-07
 43  27  0  1  0  3  4.004327e-01  1.000000e-07
 43  44  0  0  0  3  3.421754e-01  1.000000e-07
 43  42  0  0  0  3  1.717147e-01  1.000000e-07
 43  38  0  0  0  3  4.176330e-01  1.000000e-07
 34  27  0  0  0  3  3.817235e-01  1.000000e-07
 34  44  0  0  0  3  1.657273e-01  1.000000e-07
 34  41  0  0  0  3  5.837677e-02  1.000000e-07
 34  42  0  0  0  3  4.282293e-01  1.000000e-07
 34  38  0  0  0  3  2.309805e-01  1.000000e-07
 34  21  0  0  1  3  2.050611e-01  1.000000e-07
 34  20  0  0  1  3  3.667168e-01  1.000000e-07
 27  32  0  0  1  3  3.860688e-01  1.000000e-07
 27  29  0  0  1  3  3.982722e-01  1.000000e-07
 44  41  0  0  0  3  2.045943e-01  1.000000e-07
 44  61  0  0  0  3  5.306248e-01  1.000000e-07
 44  42  0  0  0  3  3.658971e-01  1.000000e-07
 44  21  0  0  1  3  2.931015e-01  1.000000e-07
 44  28  1  0  1  3  6.474863e-01  1.000000e-07
 44  39  1  0  1  3  4.429172e-01  1.000000e-07
 41  21  0  0  1  3  1.646792e-01  1.000000e-07
 41  25  0  0  1  3  3.821964e-01  1.000000e-07
 41  28  1  0  1  3  5.703398e-01  1.000000e-07
 61  17  0  0  0  3  1.631466e-01  1.000000e-07
 42  21  0  0  1  3  4.520708e-01  1.000000e-07
 42  37  1  1  1  3  5.510621e-01  1.000000e-07
 17  38  0  0  0  3  3.968469e-01  1.000000e-07
 17  49  0  0  1  3  5.726191e-01  1.000000e-07
 17  39  0  0  1  3  5.565391e-01  1.000000e-07
 38  21  0  0  1  3  3.244312e-01  1.000000e-07
 38  36  0  0  1  3  1.655270e-01  1.000000e-07
 38  20  0  0  1  3  2.587492e-01  1.000000e-07
 38  49  0  0  1  3  3.866239e-01  1.000000e-07
 38  29  0  0  1  3  5.039699e-01  1.000000e-07
 21  89  0  0  0  3  2.441450e-01  1.000000e-07
 21  33  1  0  0  3  3.754104e-01  1.000000e-07
 21  25  0  0  0  3  3.652757e-01  1.000000e-07
 21  31  0  0  0  3  3.619473e-01  1.000000e-07
 62  37  0  1  0  3  3.984952e-01  1.000000e-07
 62  32  0  1  0  3  2.681902e-01  1.000000e-07
 62  35  0  0  0  3  1.732315e-01  1.000000e-07
 62  28  0  1  0  3  3.529619e-01  1.000000e-07
 62  18  0  0  0  3  3.475171e-02  1.000000e-07
 89  36  0  0  0  3  3.742070e-01  1.000000e-07
 89  20  0  0  0  3  3.987097e-01  1.000000e-07
 89  33  1  0  0  3  3.195447e-01  1.000000e-07
 89  22  0  0  0  3  1.416233e-01  1.000000e-07
 89  31  0  0  0  3  2.664380e-01  1.000000e-07
 36  20  0  0  0  3  1.694980e-01  1.000000e-07
 36  49  0  0  0  3  2.652257e-01  1.000000e-07
 36  35  0  0  0  3  2.301292e-01  1.000000e-07
 36  31  0  0  0  3  3.765830e-01  1.000000e-07
 36  19  0  0  0  3  2.894463e-01  1.000000e-07
 36  29  0  0  0  3  4.488015e-01  1.000000e-07
 37  25 -1  0  0  3  3.041903e-01  1.000000e-07
 37  19  0 -1  0  3  4.600016e-01  1.000000e-07
 37  23 -1 -1  0  3  4.232215e-01  1.000000e-07
 37  18  0 -1  0  3  4.173440e-01  1.000000e-07
 20  40  0  0 -1  3  2.600216e-01  1.000000e-07
 20  49  0  0  0  3  3.571178e-01  1.000000e-07
 20  35  0  0  0  3  1.475399e-01  1.000000e-07
 33  63  0  0  0  3  2.283060e-01  1.000000e-07
 33  49  0  0  0  3  2.977897e-01  1.000000e-07
 33  28  0  0  0  3  3.057513e-01  1.000000e-07
 33  29  0  0  0  3  4.585848e-01  1.000000e-07
 33  39  0  0  0  3  2.632217e-01  1.000000e-07
 22  63  1  0  0  3  2.895882e-01  1.000000e-07
 22  25  0  0  0  3  1.115489e-01  1.000000e-07
 22  31  0  0  0  3  2.106617e-01  1.000000e-07
 22  24  0  0  0  3  1.296268e-01  1.000000e-07
 63  25 -1  0  0  3  3.004218e-01  1.000000e-07
 63  28  0  0  0  3  2.335624e-01  1.000000e-07
 63  23 -1 -1  0  3  4.659845e-01  1.000000e-07
 49  35  0  0  0  3  2.932365e-01  1.000000e-07
 49  19  0  0  0  3  1.440467e-01  1.000000e-07
 25  31  0  0  0  3  1.774874e-01  1.000000e-07
 25  24  0  0  0  3  7.032597e-02  1.000000e-07
 25  23  0 -1  0  3  3.009735e-01  1.000000e-07
 32  35  0 -1  0  3  2.774067e-01  1.000000e-07
 32  24  0  0  0  3  3.549939e-01  1.000000e-07
 32  28  0  0  0  3  2.970337e-01  1.000000e-07
 32  23  0 -1  0  3  3.440177e-01  1.000000e-07
 32  29  0  0  0  3  9.205207e-02  1.000000e-07
 35  19  0  0  0  3  1.990499e-01  1.000000e-07
 35  23  0  0  0  3  2.356861e-01  1.000000e-07
 35  18  0  0  0  3  1.750460e-01  1.000000e-07
 31  24  0  0  0  3  2.121151e-01  1.000000e-07
 31  23  0 -1  0  3  3.646753e-01  1.000000e-07
 31  29  0  0  0  3  1.980339e-01  1.000000e-07
 24  23  0 -1  0  3  2.458483e-01  1.000000e-07
 28  29  0  0  0  3  2.672093e-01  1.000000e-07
 28  39  0  0  0  3  4.960379e-01  1.000000e-07
 19  39  0  0  0  3  2.860368e-01  1.000000e-07
 19  18  0  0  0  3  6.868015e-02  1.000000e-07
 23  39  1  0  0  3  4.664649e-01  1.000000e-07
 39  40  0  0 -1  3  4.925123e-01  1.000000e-07
 39  18  0  0  0  3  3.220496e-01  1.000000e-07
 15  83  0  0  0  3  2.130887e-01  1.000000e-07
 82  63  1  0  0  3  1.743256e-01  1.000000e-07
 16  69  0  0  0  3  1.362499e-01  1.000000e-07
 68  20  0  0  0  3  3.891472e-01  1.000000e-07
 28  53  0 -1  0  3  4.227079e-01  1.000000e-07
 7  61  0  0  0  3  1.995780e-01  1.000000e-07
 16  71  0  0  0  3  1.686349e-01  1.000000e-07
 69  24  0  1  0  3  2.890388e-01  1.000000e-07
 61  59  0  0  0  3  1.423216e-01  1.000000e-07
 78  62  0  0  0  3  3.013159e-01  1.000000e-07
 13  87  0  0  0  3  1.616405e-01  1.000000e-07
 73  89  0  0  0  3  3.242855e-01  1.000000e-07
 61  53  0  0  0  3  2.231913e-01  1.000000e-07
 60  37  0  1  0  3  4.043921e-01  1.000000e-07
 13  48  0  0  0  3  1.076525e-01  1.000000e-07
 64  29  0  0  0  3  3.656362e-01  1.000000e-07
 61  78  0  0  0  3  1.518156e-01  1.000000e-07
 59  20  0  0  0  3  4.086003e-01  1.000000e-07
 27  73  0  0  0  3  2.834220e-01  1.000000e-07
 65  24  0  0  0  3  2.415388e-01  1.000000e-07
 14  50  0  0  0  3  3.280553e-01  1.000000e-07
 10  63  0  1  0  3  2.657522e-01  1.000000e-07
 17  81  0  0  0  3  1.488975e-01  1.000000e-07
 74  19  0  0  0  3  2.917202e-01  1.000000e-07
 16  68  0  0  0  3  2.293983e-01  1.000000e-07
 3  89  0  0  0  3  3.753923e-01  1.000000e-07
 15  82  0  0  0  3  1.604862e-01  1.000000e-07
 72  22  0  0  0  3  2.017565e-01  1.000000e-07
 13  48  0  0  0  3  1.123036e-01  1.000000e-07
 73  31  0  0  0  3  3.617075e-01  1.000000e-07
 13  56  0  0  0  3  2.330897e-01  1.000000e-07
 86  63  0  0  0  3  2.648282e-01  1.000000e-07
 27  65  0  0  0  3  2.905227e-01  1.000000e-07
 72  22  0  0  0  3  2.057183e-01  1.000000e-07
 16  73  0  1  0  3  2.112971e-01  1.000000e-07
 65  22  0  0  0  3  3.009136e-01  1.000000e-07
 13  48  0  0  0  3  1.341335e-01  1.000000e-07
 64  28  0  0  0  3  3.696091e-01  1.000000e-07
 43  70  0  0  0  3  1.965862e-01  1.000000e-07
 71  39  1  0  0  3  4.155220e-01  1.000000e-07
 13  73  0  0  0  3  1.491148e-01  1.000000e-07
 65  22  0  0  0  3  2.603460e-01  1.000000e-07
 47  54  0  0  0  3  2.292699e-01  1.000000e-07
 12  49  0  0  0  3  3.158746e-01  1.000000e-07
 14  67  0  0  0  3  1.694874e-01  1.000000e-07
 52  49  0  0  0  3  3.246994e-01  1.000000e-07
 13  73  0  0  0  3  1.432484e-01  1.000000e-07
 48  24  0  0  0  3  3.010097e-01  1.000000e-07
 14  51  0  0  0  3  2.313964e-01  1.000000e-07
 88  89 -1  0  0  3  3.309958e-01  1.000000e-07
 17  74  0  0  0  3  1.576437e-01  1.000000e-07
 81  62  0  0  0  3  3.180136e-01  1.000000e-07
 14  67  0  0  0  3  1.799317e-01  1.000000e-07
 6  62  0  0  0  3  3.533662e-01  1.000000e-07
 14  67  0  0  0  3  1.714626e-01  1.000000e-07
 52  19  0  0  0  3  3.270368e-01  1.000000e-07
 43  71  0  0  0  3  1.648156e-01  1.000000e-07
 70  23  0  0  0  3  2.417070e-01  1.000000e-07
 17  58  0  0  0  3  2.011558e-01  1.000000e-07
 88  33  0  0  0  3  2.498303e-01  1.000000e-07
 15  66  1  0  0  3  1.971638e-01  1.000000e-07
 55  33  0  0  0  3  2.407458e-01  1.000000e-07
 45  57  0  1  0  3  3.300394e-01  1.000000e-07
 56  63  0  0  0  3  1.489497e-01  1.000000e-07
 17  81  0  0  0  3  1.483842e-01  1.000000e-07
 52  49  0  0  0  3  2.920005e-01  1.000000e-07
 10  75 -1  0  0  2  3.251723e-01  2.000000e-07
 10  65 -1  1  0  2  5.118473e-01  2.000000e-07
 10  50  0  0  0  2  6.381760e-02  2.000000e-07
 10  51  0  0  0  2  2.782078e-01  2.000000e-07
 10  7  0  0  0  2  3.359468e-01  2.000000e-07
 10  66  0  1  0  2  5.068707e-01  2.000000e-07
 10  64  0  1  0  2  4.123137e-01  2.000000e-07
 10  55  0  1  0  2  4.430337e-01  2.000000e-07
 10  57  0  1  0  2  2.994041e-01  2.000000e-07
 10  79  0  0  0  2  9.146597e-02  2.000000e-07
 10  9  0  0  0  2  1.808936e-01  2.000000e-07
 10  70 -1  0  0  2  3.018626e-01  2.000000e-07
 10  71 -1  0  0  2  2.849853e-01  2.000000e-07
 10  73 -1  1  0  2  5.058152e-01  2.000000e-07
 10  6  0  0  0  2  1.272564e-01  2.000000e-07
 1  4  0  0  0  2  3.436234e-02  2.000000e-07
 1  75  0  0  0  2  1.948066e-01  2.000000e-07
 1  82  0  0  0  2  9.014427e-02  2.000000e-07
 1  66  1  0  0  2  3.298578e-01  2.000000e-07
 1  5  0  0  0  2  1.905117e-01  2.000000e-07
 1  2  0  0  0  2  1.410286e-01  2.000000e-07
 1  87  0  0  0  2  2.260725e-01  2.000000e-07
 1  73  0  0  0  2  3.008746e-01  2.000000e-07
 11  65 -1  0  0  2  4.345763e-01  2.000000e-07
 11  83 -1  0  0  2  2.808189e-01  2.000000e-07
 11  66  0  0  0  2  9.632168e-02  2.000000e-07
 11  84  0  0  0  2  1.131206e-01  2.000000e-07
 11  55  0  0  0  2  4.592149e-02  2.000000e-07
 11  56  0  0  0  2  2.372278e-01  2.000000e-07
 11  57  0  0  0  2  1.902886e-01  2.000000e-07
 11  48  0  0  0  2  3.283329e-01  2.000000e-07
 11  86  0  0  0  2  2.226573e-01  2.000000e-07
 11  72 -1  0  0  2  4.258816e-01  2.000000e-07
 11  88  0  0  0  2  1.956646e-01  2.000000e-07
 11  12  0  0  0  2  1.563608e-01  2.000000e-07
 4  75  0  0  0  2  2.195254e-01  2.000000e-07
 4  82  0  0  0  2  1.153719e-01  2.000000e-07
 4  0  0  0  0  2  9.139445e-02  2.000000e-07
 4  76  0  0  0  2  1.536408e-01  2.000000e-07
 4  83  0  0  0  2  1.791820e-01  2.000000e-07
 4  66  1  0  0  2  3.631078e-01  2.000000e-07
 4  77  0  0  0  2  2.861979e-01  2.000000e-07
 4  69  0  0  0  2  3.265159e-01  2.000000e-07
 4  2  0  0  0  2  1.103242e-01  2.000000e-07
 4  70  0  0  0  2  3.216789e-01  2.000000e-07
 4  87  0  0  0  2  1.949587e-01  2.000000e-07
 4  73  0  0  0  2  2.965279e-01  2.000000e-07
 75  51  1  0  0  2  2.673987e-01  2.000000e-07
 75  80  0  0  0  2  3.534478e-01  2.000000e-07
 75  3  0  0  0  2  1.791338e-01  2.000000e-07
 75  83  0  0  0  2  1.757404e-01  2.000000e-07
 75  66  1  0  0  2  2.965296e-01  2.000000e-07
 75  67  1  0  0  2  3.316912e-01  2.000000e-07
 75  77  0  0  0  2  3.204492e-01  2.000000e-07
 75  68  0  0  0  2  2.741569e-01  2.000000e-07
 75  79  1  0  0  2  2.922954e-01  2.000000e-07
 75  2  0  0  0  2  2.755891e-01  2.000000e-07
 75  70  0  0  0  2  1.959125e-01  2.000000e-07
 75  6  1  0  0  2  3.657995e-01  2.000000e-07
 75  88  1  0  0  2  3.004301e-01  2.000000e-07
 81  0  0  0  0  2  3.622527e-01  2.000000e-07
 81  76  0  0  0  2  3.027811e-01  2.000000e-07
 81  52  0  0  0  2  9.309656e-02  2.000000e-07
 81  84  0  0  0  2  3.129700e-01  2.000000e-07
 81  67  0  0  0  2  1.602023e-01  2.000000e-07
 81  85  0  0  0  2  1.560818e-01  2.000000e-07
 81  78  0  0  0  2  1.291234e-01  2.000000e-07
 81  74  0  0  0  2  4.763593e-02  2.000000e-07
 81  5  0  0  0  2  2.942201e-01  2.000000e-07
 81  58  0  0  0  2  1.593767e-01  2.000000e-07
 81  60  0  0  0  2  8.423757e-02  2.000000e-07
 81  12  0  0  0  2  2.677183e-01  2.000000e-07
 65  82  0  0  0  2  1.732813e-01  2.000000e-07
 65  53  0 -1  0  2  4.482905e-01  2.000000e-07
 65  84  0  0  0  2  5.472015e-01  2.000000e-07
 65  56  0  0  0  2  4.988994e-01  2.000000e-07
 65  68  0 -1  0  2  4.832710e-01  2.000000e-07
 65  57  1  0  0  2  4.302318e-01  2.000000e-07
 65  79  1 -1  0  2  5.988166e-01  2.000000e-07
 65  5  0  0  0  2  3.890939e-01  2.000000e-07
 65  48  0  0  0  2  2.927364e-01  2.000000e-07
 65  71  0 -1  0  2  3.856682e-01  2.000000e-07
 65  87  0  0  0  2  2.457887e-01  2.000000e-07
 65  72  0  0  0  2  3.479887e-02  2.000000e-07
 65  73  0  0  0  2  8.220876e-02  2.000000e-07
 50  8  0  0  0  2  3.119268e-01  2.000000e-07
 50  51  0  0  0  2  2.848864e-01  2.000000e-07
 50  7  0  0  0  2  2.737393e-01  2.000000e-07
 50  53  0  0  0  2  2.602420e-01  2.000000e-07
 50  64  0  1  0  2  3.550113e-01  2.000000e-07
 50  55  0  1  0  2  4.252079e-01  2.000000e-07
 50  56  0  1  0  2  2.677508e-01  2.000000e-07
 50  57  0  1  0  2  2.755563e-01  2.000000e-07
 50  74  0  0  0  2  2.220775e-01  2.000000e-07
 50  79  0  0  0  2  1.022427e-01  2.000000e-07
 50  9  0  0  0  2  1.300724e-01  2.000000e-07
 50  58  0  0  0  2  2.962107e-01  2.000000e-07
 50  70 -1  0  0  2  3.656328e-01  2.000000e-07
 50  71 -1  0  0  2  3.475748e-01  2.000000e-07
 50  72 -1  1  0  2  5.683404e-01  2.000000e-07
 50  73 -1  1  0  2  5.479015e-01  2.000000e-07
 82  11  1  0  0  2  3.558127e-01  2.000000e-07
 82  3  0  0  0  2  2.307599e-01  2.000000e-07
 82  83  0  0  0  2  9.138512e-02  2.000000e-07
 82  66  1  0  0  2  2.604866e-01  2.000000e-07
 82  84  1  0  0  2  4.215583e-01  2.000000e-07
 82  67  1  0  0  2  5.132354e-01  2.000000e-07
 82  57  1  0  0  2  4.279991e-01  2.000000e-07
 82  79  1  0  0  2  4.962858e-01  2.000000e-07
 82  5  0  0  0  2  2.805834e-01  2.000000e-07
 82  48  0  0  0  2  4.136674e-01  2.000000e-07
 82  87  0  0  0  2  2.668262e-01  2.000000e-07
 82  72  0  0  0  2  1.413675e-01  2.000000e-07
 82  73  0  0  0  2  2.536924e-01  2.000000e-07
 82  88  1  0  0  2  3.990457e-01  2.000000e-07
 8  76  0  0  0  2  3.954476e-01  2.000000e-07
 8  80  0  0  0  2  1.788542e-01  2.000000e-07
 8  7  0  0  0  2  4.042962e-02  2.000000e-07
 8  53  0  0  0  2  7.956640e-02  2.000000e-07
 8  54  0  0  0  2  2.910576e-01  2.000000e-07
 8  64  0  1  0  2  2.317093e-01  2.000000e-07
 8  77  0  0  0  2  2.089238e-01  2.000000e-07
 8  55  0  1  0  2  5.254999e-01  2.000000e-07
 8  78  0  0  0  2  1.040218e-01  2.000000e-07
 8  74  0  0  0  2  1.706274e-01  2.000000e-07
 8  79  0  0  0  2  3.547163e-01  2.000000e-07
 8  69  0  0  0  2  2.242214e-01  2.000000e-07
 8  58  0  0  0  2  3.578324e-01  2.000000e-07
 8  71  0  0  0  2  3.427320e-01  2.000000e-07
 8  72  0  1  0  2  4.743896e-01  2.000000e-07
 8  73  0  1  0  2  3.635566e-01  2.000000e-07
 51  83 -1  0  0  2  3.089894e-01  2.000000e-07
 51  54  0  0  0  2  3.091406e-01  2.000000e-07
 51  66  0  0  0  2  2.405132e-01  2.000000e-07
 51  67  0  0  0  2  1.463755e-01  2.000000e-07
 51  55  0  0  0  2  2.906063e-01  2.000000e-07
 51  79  0  0  0  2  1.885194e-01  2.000000e-07
 51  9  0  0  0  2  2.411436e-01  2.000000e-07
 51  58  0  0  0  2  9.504790e-02  2.000000e-07
 51  59  0  0  0  2  3.533123e-01  2.000000e-07
 51  86  0  0  0  2  3.559508e-01  2.000000e-07
 51  6  0  0  0  2  2.114667e-01  2.000000e-07
 51  88  0  0  0  2  6.067654e-02  2.000000e-07
 51  12  0  0  0  2  1.396136e-01  2.000000e-07
 0  76  0  0  0  2  6.320970e-02  2.000000e-07
 0  83  0  0  0  2  2.705289e-01  2.000000e-07
 0  77  0  0  0  2  2.436230e-01  2.000000e-07
 0  78  0  0  0  2  3.416762e-01  2.000000e-07
 0  69  0  0  0  2  3.082122e-01  2.000000e-07
 0  5  0  0  0  2  1.265492e-01  2.000000e-07
 0  70  0  0  0  2  3.412604e-01  2.000000e-07
 0  71  0  0  0  2  4.125847e-01  2.000000e-07
 0  72  0  0  0  2  2.393619e-01  2.000000e-07
 0  73  0  0  0  2  3.163954e-01  2.000000e-07
 76  54  0  0  0  2  1.377527e-01  2.000000e-07
 76  84  0  0  0  2  3.493678e-01  2.000000e-07
 76  77  0  0  0  2  2.172576e-01  2.000000e-07
 76  55  0  0  0  2  4.771832e-01  2.000000e-07
 76  78  0  0  0  2  2.951718e-01  2.000000e-07
 76  69  0  0  0  2  2.966948e-01  2.000000e-07
 76  5  0  0  0  2  1.168578e-01  2.000000e-07
 76  2  0  0  0  2  5.808349e-02  2.000000e-07
 76  58  0  0  0  2  3.319488e-01  2.000000e-07
 76  86  0  0  0  2  2.674943e-01  2.000000e-07
 76  72  0  0  0  2  2.911555e-01  2.000000e-07
 76  73  0  0  0  2  3.554700e-01  2.000000e-07
 80  3  0  0  0  2  2.005393e-01  2.000000e-07
 80  7  0  0  0  2  1.927949e-01  2.000000e-07
 80  54  0  0  0  2  1.725349e-01  2.000000e-07
 80  85  0  0  0  2  1.446690e-01  2.000000e-07
 80  77  0  0  0  2  3.322150e-02  2.000000e-07
 80  68  0  0  0  2  1.023984e-01  2.000000e-07
 80  69  0  0  0  2  1.127054e-01  2.000000e-07
 80  2  0  0  0  2  2.225586e-01  2.000000e-07
 80  59  0  0  0  2  1.221026e-01  2.000000e-07
 80  70  0  0  0  2  2.393137e-01  2.000000e-07
 80  73  0  1  0  2  4.507397e-01  2.000000e-07
 3  84  1  0  0  2  5.460668e-01  2.000000e-07
 3  85  0  0  0  2  2.340326e-01  2.000000e-07
 3  77  0  0  0  2  1.684738e-01  2.000000e-07
 3  68  0  0  0  2  1.627040e-01  2.000000e-07
 3  79  1  0  0  2  4.498291e-01  2.000000e-07
 3  5  0  0  0  2  8.294914e-02  2.000000e-07
 3  2  0  0  0  2  1.152062e-01  2.000000e-07
 3  87  0  0  0  2  2.768978e-01  2.000000e-07
 3  88  1  0  0  2  4.764784e-01  2.000000e-07
 52  54  0  0  0  2  2.433418e-01  2.000000e-07
 52  67  0  0  0  2  6.719381e-02  2.000000e-07
 52  85  0  0  0  2  2.401620e-01  2.000000e-07
 52  9  0  0  0  2  7.900699e-02  2.000000e-07
 52  59  0  0  0  2  1.968723e-01  2.000000e-07
 52  60  0  0  0  2  1.099464e-01  2.000000e-07
 52  6  0  0  0  2  9.350555e-02  2.000000e-07
 52  88  0  0  0  2  2.090641e-01  2.000000e-07
 52  12  0  0  0  2  2.525984e-01  2.000000e-07
 83  84  1  0  0  2  3.350831e-01  2.000000e-07
 83  55  1  0  0  2  2.765771e-01  2.000000e-07
 83  79  1  0  0  2  4.183297e-01  2.000000e-07
 83  5  0  0  0  2  3.214120e-01  2.000000e-07
 83  58  1  0  0  2  3.954136e-01  2.000000e-07
 83  70  0  0  0  2  3.620357e-01  2.000000e-07
 83  71  0  0  0  2  4.363013e-01  2.000000e-07
 83  72  0  0  0  2  2.197923e-01  2.000000e-07
 83  73  0  0  0  2  3.291556e-01  2.000000e-07
 7  54  0  0  0  2  2.803814e-01  2.000000e-07
 7  64  0  1  0  2  2.406697e-01  2.000000e-07
 7  9  0  0  0  2  1.750372e-01  2.000000e-07
 7  58  0  0  0  2  3.251167e-01  2.000000e-07
 7  59  0  0  0  2  8.957781e-02  2.000000e-07
 7  73  0  1  0  2  3.985387e-01  2.000000e-07
 53  64  0  1  0  2  1.741740e-01  2.000000e-07
 53  84  0  1  0  2  5.224868e-01  2.000000e-07
 53  55  0  1  0  2  4.474533e-01  2.000000e-07
 53  56  0  1  0  2  2.368668e-01  2.000000e-07
 53  68  0  0  0  2  3.167080e-01  2.000000e-07
 53  78  0  0  0  2  1.694763e-01  2.000000e-07
 53  74  0  0  0  2  1.847952e-01  2.000000e-07
 53  79  0  0  0  2  3.220119e-01  2.000000e-07
 53  69  0  0  0  2  3.016070e-01  2.000000e-07
 53  48  0  1  0  2  2.525295e-01  2.000000e-07
 53  59  0  0  0  2  1.596017e-01  2.000000e-07
 53  71  0  0  0  2  4.094241e-01  2.000000e-07
 53  60  0  0  0  2  1.491236e-01  2.000000e-07
 53  72  0  1  0  2  4.730795e-01  2.000000e-07
 53  73  0  1  0  2  3.677528e-01  2.000000e-07
 54  85  0  0  0  2  2.843922e-02  2.000000e-07
 54  77  0  0  0  2  1.788017e-01  2.000000e-07
 54  55  0  0  0  2  4.392590e-01  2.000000e-07
 54  9  0  0  0  2  2.947928e-01  2.000000e-07
 54  58  0  0  0  2  2.142807e-01  2.000000e-07
 54  59  0  0  0  2  1.922596e-01  2.000000e-07
 54  86  0  0  0  2  2.915953e-01  2.000000e-07
 54  88  0  0  0  2  2.896426e-01  2.000000e-07
 54  12  0  0  0  2  2.562451e-01  2.000000e-07
 66  83 -1  0  0  2  1.846290e-01  2.000000e-07
 66  55  0  0  0  2  9.738723e-02  2.000000e-07
 66  57  0  0  0  2  2.353851e-01  2.000000e-07
 66  86  0  0  0  2  3.181647e-01  2.000000e-07
 66  73 -1  0  0  2  4.273504e-01  2.000000e-07
 66  88  0  0  0  2  2.035303e-01  2.000000e-07
 66  12  0  0  0  2  2.024078e-01  2.000000e-07
 64  80  0 -1  0  2  4.030340e-01  2.000000e-07
 64  55  0  0  0  2  3.332407e-01  2.000000e-07
 64  56  0  0  0  2  1.615182e-01  2.000000e-07
 64  68  0 -1  0  2  4.329830e-01  2.000000e-07
 64  57  0  0  0  2  2.560341e-01  2.000000e-07
 64  9  0 -1  0  2  3.412802e-01  2.000000e-07
 64  48  0  0  0  2  8.250414e-02  2.000000e-07
 64  59  0 -1  0  2  3.280944e-01  2.000000e-07
 64  86  0  0  0  2  2.053643e-01  2.000000e-07
 64  60  0 -1  0  2  3.187910e-01  2.000000e-07
 64  73  0  0  0  2  2.800466e-01  2.000000e-07
 84  0  0  0  0  2  4.027368e-01  2.000000e-07
 84  67  0  0  0  2  3.021511e-01  2.000000e-07
 84  85  0  0  0  2  3.120275e-01  2.000000e-07
 84  55  0  0  0  2  1.586434e-01  2.000000e-07
 84  56  0  0  0  2  3.098726e-01  2.000000e-07
 84  74  0  0  0  2  3.515577e-01  2.000000e-07
 84  79  0  0  0  2  3.603183e-01  2.000000e-07
 84  5  0  0  0  2  4.356090e-01  2.000000e-07
 84  58  0  0  0  2  1.668710e-01  2.000000e-07
 84  48  0  0  0  2  3.303335e-01  2.000000e-07
 84  86  0  0  0  2  1.922537e-01  2.000000e-07
 84  87  0  0  0  2  3.175053e-01  2.000000e-07
 84  72 -1  0  0  2  5.139464e-01  2.000000e-07
 84  72  0  0  0  2  5.371744e-01  2.000000e-07
 84  88  0  0  0  2  1.141731e-01  2.000000e-07
 84  12  0  0  0  2  4.657560e-02  2.000000e-07
 67  3 -1  0  0  2  5.019979e-01  2.000000e-07
 67  56  0  1  0  2  3.951690e-01  2.000000e-07
 67  68 -1  0  0  2  5.330367e-01  2.000000e-07
 67  57  0  1  0  2  4.203579e-01  2.000000e-07
 67  74  0  0  0  2  1.510601e-01  2.000000e-07
 67  79  0  0  0  2  8.331179e-02  2.000000e-07
 67  60  0  0  0  2  1.648587e-01  2.000000e-07
 67  6  0  0  0  2  6.605576e-02  2.000000e-07
 67  88  0  0  0  2  1.966122e-01  2.000000e-07
 67  12  0  0  0  2  2.581063e-01  2.000000e-07
 85  78  0  0  0  2  1.613690e-01  2.000000e-07
 85  5  0  0  0  2  1.510996e-01  2.000000e-07
 85  2  0  0  0  2  1.771749e-01  2.000000e-07
 85  59  0  0  0  2  1.677071e-01  2.000000e-07
 85  86  0  0  0  2  3.198420e-01  2.000000e-07
 85  60  0  0  0  2  2.241081e-01  2.000000e-07
 85  87  0  0  0  2  2.479454e-01  2.000000e-07
 85  88  0  0  0  2  3.069931e-01  2.000000e-07
 85  12  0  0  0  2  2.788982e-01  2.000000e-07
 77  69  0  0  0  2  9.736194e-02  2.000000e-07
 77  2  0  0  0  2  2.004084e-01  2.000000e-07
 77  70  0  0  0  2  2.141531e-01  2.000000e-07
 55  56  0  0  0  2  2.112971e-01  2.000000e-07
 55  57  0  0  0  2  1.513415e-01  2.000000e-07
 55  57  0  0  0  2  1.513415e-01  2.000000e-07
 55  58  0  0  0  2  3.167637e-01  2.000000e-07
 55  86  0  0  0  2  2.431587e-01  2.000000e-07
 55  71 -1 -1  0  2  5.582720e-01  2.000000e-07
 55  72 -1  0  0  2  3.995151e-01  2.000000e-07
 55  72  0  0  0  2  6.024690e-01  2.000000e-07
 55  73 -1  0  0  2  4.691556e-01  2.000000e-07
 55  73  0  0  0  2  5.645029e-01  2.000000e-07
 55  88  0  0  0  2  2.389140e-01  2.000000e-07
 55  12  0  0  0  2  2.022702e-01  2.000000e-07
 56  57  0  0  0  2  9.618308e-02  2.000000e-07
 56  74  0 -1  0  2  3.694079e-01  2.000000e-07
 56  79  0 -1  0  2  3.692608e-01  2.000000e-07
 56  9  0 -1  0  2  3.150763e-01  2.000000e-07
 56  48  0  0  0  2  2.075186e-01  2.000000e-07
 56  86  0  0  0  2  2.317883e-01  2.000000e-07
 56  60  0 -1  0  2  3.335958e-01  2.000000e-07
 56  87  0  0  0  2  3.882062e-01  2.000000e-07
 56  72  0  0  0  2  5.093411e-01  2.000000e-07
 56  6  0 -1  0  2  3.294078e-01  2.000000e-07
 68  10  1  0  0  2  4.379549e-01  2.000000e-07
 68  57  1  1  0  2  6.349938e-01  2.000000e-07
 68  79  1  0  0  2  4.624799e-01  2.000000e-07
 68  69  0  0  0  2  2.939262e-02  2.000000e-07
 68  5  0  0  0  2  1.543954e-01  2.000000e-07
 68  48  0  1  0  2  4.785356e-01  2.000000e-07
 68  59  0  0  0  2  2.142327e-01  2.000000e-07
 68  70  0  0  0  2  1.370122e-01  2.000000e-07
 68  71  0  0  0  2  1.708935e-01  2.000000e-07
 68  73  0  1  0  2  4.133449e-01  2.000000e-07
 68  6  1  0  0  2  5.379722e-01  2.000000e-07
 78  74  0  0  0  2  1.255456e-01  2.000000e-07
 78  69  0  0  0  2  1.966855e-01  2.000000e-07
 78  5  0  0  0  2  2.370282e-01  2.000000e-07
 78  59  0  0  0  2  1.714039e-02  2.000000e-07
 78  71  0  0  0  2  3.443438e-01  2.000000e-07
 78  60  0  0  0  2  1.240961e-01  2.000000e-07
 57  74  0 -1  0  2  4.269895e-01  2.000000e-07
 57  79  0 -1  0  2  3.760940e-01  2.000000e-07
 57  9  0 -1  0  2  3.574220e-01  2.000000e-07
 57  86  0  0  0  2  2.752916e-01  2.000000e-07
 57  71 -1 -1  0  2  4.645963e-01  2.000000e-07
 57  72 -1  0  0  2  4.368601e-01  2.000000e-07
 57  73 -1  0  0  2  4.731792e-01  2.000000e-07
 57  6  0 -1  0  2  3.550903e-01  2.000000e-07
 74  76  0  0  0  2  3.445886e-01  2.000000e-07
 74  79  0  0  0  2  2.182005e-01  2.000000e-07
 74  69  0  0  0  2  3.217169e-01  2.000000e-07
 74  5  0  0  0  2  3.249722e-01  2.000000e-07
 74  58  0  0  0  2  1.906332e-01  2.000000e-07
 74  60  0  0  0  2  3.756300e-02  2.000000e-07
 79  5 -1  0  0  2  5.253708e-01  2.000000e-07
 79  58  0  0  0  2  2.196145e-01  2.000000e-07
 79  70 -1  0  0  2  3.264378e-01  2.000000e-07
 79  71 -1  0  0  2  3.306259e-01  2.000000e-07
 79  72 -1  1  0  2  6.248738e-01  2.000000e-07
 69  5  0  0  0  2  1.832847e-01  2.000000e-07
 69  58  0  0  0  2  4.541237e-01  2.000000e-07
 69  70  0  0  0  2  1.352022e-01  2.000000e-07
 69  71  0  0  0  2  1.553753e-01  2.000000e-07
 69  73  0  1  0  2  3.839706e-01  2.000000e-07
 9  59  0  0  0  2  1.901025e-01  2.000000e-07
 9  60  0  0  0  2  8.314505e-02  2.000000e-07
 9  6  0  0  0  2  6.308116e-02  2.000000e-07
 5  71  0  0  0  2  3.034737e-01  2.000000e-07
 5  87  0  0  0  2  2.411331e-01  2.000000e-07
 5  72  0  0  0  2  3.564392e-01  2.000000e-07
 2  86  0  0  0  2  3.205238e-01  2.000000e-07
 2  70  0  0  0  2  3.063306e-01  2.000000e-07
 2  87  0  0  0  2  1.647493e-01  2.000000e-07
 2  73  0  0  0  2  3.595128e-01  2.000000e-07
 48  86  0  0  0  2  1.457827e-01  2.000000e-07
 48  87  0  0  0  2  2.154562e-01  2.000000e-07
 48  73  0  0  0  2  2.384867e-01  2.000000e-07
 59  60  0  0  0  2  1.070731e-01  2.000000e-07
 86  87  0  0  0  2  1.735466e-01  2.000000e-07
 86  73  0  0  0  2  3.391863e-01  2.000000e-07
 86  12  0  0  0  2  2.168081e-01  2.000000e-07
 70  71  0  0  0  2  7.780247e-02  2.000000e-07
 70  73  0  1  0  2  4.083594e-01  2.000000e-07
 71  72  0  1  0  2  4.197558e-01  2.000000e-07
 71  73  0  1  0  2  3.359637e-01  2.000000e-07
 60  6  0  0  0  2  1.452775e-01  2.000000e-07
 87  72  0  0  0  2  2.280847e-01  2.000000e-07
 87  73  0  0  0  2  2.571136e-01  2.000000e-07
 87  12  0  0  0  2  3.192479e-01  2.000000e-07
 72  73  0  0  0  2  1.123329e-01  2.000000e-07
 88  12  0  0  0  2  8.079660e-02  2.000000e-07
 10  50  0  0  0  1  6.381760e-02  3.000000e-07
 10  57  0  1  0  1  2.994041e-01  3.000000e-07
 10  79  0  0  0  1  9.146597e-02  3.000000e-07
 10  70 -1  0  0  1  3.018626e-01  3.000000e-07
 10  71 -1  0  0  1  2.849853e-01  3.000000e-07
 1  75  0  0  0  1  1.948066e-01  3.000000e-07
 1  82  0  0  0  1  9.014427e-02  3.000000e-07
 1  3  0  0  0  1  1.444035e-01  3.000000e-07
 1  83  0  0  0  1  1.455033e-01  3.000000e-07
 11  66  0  0  0  1  9.632168e-02  3.000000e-07
 11  84  0  0  0  1  1.131206e-01  3.000000e-07
 11  86  0  0  0  1  2.226573e-01  3.000000e-07
 4  82  0  0  0  1  1.153719e-01  3.000000e-07
 4  0  0  0  0  1  9.139445e-02  3.000000e-07
 4  3  0  0  0  1  1.370856e-01  3.000000e-07
 4  2  0  0  0  1  1.103242e-01  3.000000e-07
 4  87  0  0  0  1  1.949587e-01  3.000000e-07
 4  72  0  0  0  1  1.969356e-01  3.000000e-07
 75  51  1  0  0  1  2.673987e-01  3.000000e-07
 75  3  0  0  0  1  1.791338e-01  3.000000e-07
 75  83  0  0  0  1  1.757404e-01  3.000000e-07
 75  79  1  0  0  1  2.922954e-01  3.000000e-07
 75  70  0  0  0  1  1.959125e-01  3.000000e-07
 81  52  0  0  0  1  9.309656e-02  3.000000e-07
 81  54  0  0  0  1  1.656927e-01  3.000000e-07
 81  85  0  0  0  1  1.560818e-01  3.000000e-07
 81  78  0  0  0  1  1.291234e-01  3.000000e-07
 81  58  0  0  0  1  1.593767e-01  3.000000e-07
 81  59  0  0  0  1  1.176358e-01  3.000000e-07
 65  83  0  0  0  1  2.469488e-01  3.000000e-07
 65  66  1  0  0  1  3.541204e-01  3.000000e-07
 65  71  0 -1  0  1  3.856682e-01  3.000000e-07
 50  56  0  1  0  1  2.677508e-01  3.000000e-07
 50  57  0  1  0  1  2.755563e-01  3.000000e-07
 50  79  0  0  0  1  1.022427e-01  3.000000e-07
 50  9  0  0  0  1  1.300724e-01  3.000000e-07
 50  6  0  0  0  1  9.174134e-02  3.000000e-07
 82  83  0  0  0  1  9.138512e-02  3.000000e-07
 82  72  0  0  0  1  1.413675e-01  3.000000e-07
 8  80  0  0  0  1  1.788542e-01  3.000000e-07
 8  53  0  0  0  1  7.956640e-02  3.000000e-07
 8  64  0  1  0  1  2.317093e-01  3.000000e-07
 8  78  0  0  0  1  1.040218e-01  3.000000e-07
 8  69  0  0  0  1  2.242214e-01  3.000000e-07
 8  59  0  0  0  1  1.000726e-01  3.000000e-07
 8  73  0  1  0  1  3.635566e-01  3.000000e-07
 51  83 -1  0  0  1  3.089894e-01  3.000000e-07
 51  66  0  0  0  1  2.405132e-01  3.000000e-07
 51  67  0  0  0  1  1.463755e-01  3.000000e-07
 51  58  0  0  0  1  9.504790e-02  3.000000e-07
 51  88  0  0  0  1  6.067654e-02  3.000000e-07
 0  87  0  0  0  1  1.313196e-01  3.000000e-07
 76  54  0  0  0  1  1.377527e-01  3.000000e-07
 76  85  0  0  0  1  1.485064e-01  3.000000e-07
 76  5  0  0  0  1  1.168578e-01  3.000000e-07
 76  2  0  0  0  1  5.808349e-02  3.000000e-07
 76  87  0  0  0  1  1.268001e-01  3.000000e-07
 80  85  0  0  0  1  1.446690e-01  3.000000e-07
 80  78  0  0  0  1  1.051667e-01  3.000000e-07
 80  69  0  0  0  1  1.127054e-01  3.000000e-07
 3  68  0  0  0  1  1.627040e-01  3.000000e-07
 3  5  0  0  0  1  8.294914e-02  3.000000e-07
 3  2  0  0  0  1  1.152062e-01  3.000000e-07
 52  67  0  0  0  1  6.719381e-02  3.000000e-07
 52  74  0  0  0  1  8.791904e-02  3.000000e-07
 52  9  0  0  0  1  7.900699e-02  3.000000e-07
 52  58  0  0  0  1  1.322157e-01  3.000000e-07
 52  6  0  0  0  1  9.350555e-02  3.000000e-07
 83  72  0  0  0  1  2.197923e-01  3.000000e-07
 7  53  0  0  0  1  7.002698e-02  3.000000e-07
 7  59  0  0  0  1  8.957781e-02  3.000000e-07
 7  60  0  0  0  1  1.064594e-01  3.000000e-07
 53  64  0  1  0  1  1.741740e-01  3.000000e-07
 53  9  0  0  0  1  1.928968e-01  3.000000e-07
 53  60  0  0  0  1  1.491236e-01  3.000000e-07
 54  58  0  0  0  1  2.142807e-01  3.000000e-07
 54  86  0  0  0  1  2.915953e-01  3.000000e-07
 54  87  0  0  0  1  2.265318e-01  3.000000e-07
 54  12  0  0  0  1  2.562451e-01  3.000000e-07
 66  84  0  0  0  1  1.732522e-01  3.000000e-07
 66  55  0  0  0  1  9.738723e-02  3.000000e-07
 66  88  0  0  0  1  2.035303e-01  3.000000e-07
 64  56  0  0  0  1  1.615182e-01  3.000000e-07
 64  48  0  0  0  1  8.250414e-02  3.000000e-07
 64  73  0  0  0  1  2.800466e-01  3.000000e-07
 84  86  0  0  0  1  1.922537e-01  3.000000e-07
 84  88  0  0  0  1  1.141731e-01  3.000000e-07
 67  79  0  0  0  1  8.331179e-02  3.000000e-07
 67  58  0  0  0  1  1.460888e-01  3.000000e-07
 67  6  0  0  0  1  6.605576e-02  3.000000e-07
 85  77  0  0  0  1  1.526336e-01  3.000000e-07
 85  5  0  0  0  1  1.510996e-01  3.000000e-07
 77  68  0  0  0  1  7.984920e-02  3.000000e-07
 77  69  0  0  0  1  9.736194e-02  3.000000e-07
 77  5  0  0  0  1  1.197462e-01  3.000000e-07
 55  57  0  0  0  1  1.513415e-01  3.000000e-07
 55  86  0  0  0  1  2.431587e-01  3.000000e-07
 56  53  0 -1  0  1  2.368668e-01  3.000000e-07
 56  57  0  0  0  1  9.618308e-02  3.000000e-07
 56  48  0  0  0  1  2.075186e-01  3.000000e-07
 56  86  0  0  0  1  2.317883e-01  3.000000e-07
 68  5  0  0  0  1  1.543954e-01  3.000000e-07
 68  70  0  0  0  1  1.370122e-01  3.000000e-07
 57  65 -1  0  0  1  4.302318e-01  3.000000e-07
 57  71 -1 -1  0  1  4.645963e-01  3.000000e-07
 74  9  0  0  0  1  9.209095e-02  3.000000e-07
 74  59  0  0  0  1  1.100429e-01  3.000000e-07
 79  70 -1  0  0  1  3.264378e-01  3.000000e-07
 79  6  0  0  0  1  7.735520e-02  3.000000e-07
 69  70  0  0  0  1  1.352022e-01  3.000000e-07
 69  71  0  0  0  1  1.553753e-01  3.000000e-07
 69  73  0  1  0  1  3.839706e-01  3.000000e-07
 9  60  0  0  0  1  8.314505e-02  3.000000e-07
 9  6  0  0  0  1  6.308116e-02  3.000000e-07
 5  2  0  0  0  1  8.331678e-02  3.000000e-07
 58  88  0  0  0  1  9.247380e-02  3.000000e-07
 58  12  0  0  0  1  1.204074e-01  3.000000e-07
 48  87  0  0  0  1  2.154562e-01  3.000000e-07
 48  73  0  0  0  1  2.384867e-01  3.000000e-07
 59  60  0  0  0  1  1.070731e-01  3.000000e-07
 86  12  0  0  0  1  2.168081e-01  3.000000e-07
 70  71  0  0  0  1  7.780247e-02  3.000000e-07
 71  73  0  1  0  1  3.359637e-01  3.000000e-07
 87  72  0  0  0  1  2.280847e-01  3.000000e-07
 72  73  0  0  0  1  1.123329e-01  3.000000e-07
 88  12  0  0  0  1  8.079660e-02  3.000000e-07
 1.623936e-01 -4.369028e-02  0
 2.867886e-01 -6.039522e-02  0
 1.591397e-01 -4.383075e-04  0
 2.439688e-01  7.751362e-02  0
 2.524434e-01 -5.930978e-02  0
 1.611917e-01  8.285320e-02  0
-2.669793e-01  2.730909e-01  0
-4.197034e-02  3.475412e-01  0
-3.937256e-03  3.612539e-01  0
-2.046863e-01  2.830311e-01  0
-3.777119e-01  3.358006e-01  0
-3.052428e-01 -1.835419e-01  0
-2.283613e-01 -4.738777e-02  0
 3.821499e-02 -3.127741e-01  1.068580e-01
-3.386543e-01  1.721949e-01  1.498712e-01
 3.780330e-01 -1.308408e-01  1.484046e-01
 2.099702e-01  3.579636e-01  1.310053e-01
-1.572610e-01  1.596888e-01  1.459037e-01
-9.409874e-02  2.937970e-01 -3.068834e-01
-1.032592e-01  2.290602e-01 -2.858547e-01
 1.976582e-01  2.141226e-01 -3.741681e-01
 3.921357e-01  1.583918e-03 -4.217495e-01
 3.178785e-01 -2.549153e-01 -1.865681e-01
 2.706221e-01  3.822929e-01 -2.344722e-01
 3.266830e-01 -3.785420e-01 -2.245421e-01
 3.359522e-01 -3.261274e-01 -2.705045e-01
 1.659400e-01 -3.092623e-01  3.850036e-01
 1.346117e-01 -3.555481e-01  2.634780e-01
-2.611908e-01 -3.681306e-01 -2.944505e-01
-3.392528e-03 -3.523078e-01 -3.629378e-01
 2.311860e-01 -3.846804e-01  4.058021e-01
 1.806909e-01 -2.817499e-01 -3.441683e-01
 1.373194e-02 -4.411304e-01 -3.799930e-01
-3.360054e-01 -9.415436e-02 -1.812087e-01
 3.143701e-01 -4.528603e-02  3.943871e-01
 7.832979e-02  2.925343e-01 -3.370150e-01
 1.053271e-01  7.942730e-02 -4.195741e-01
-3.687777e-01 -3.968438e-01 -2.518894e-01
 1.231593e-01  8.249505e-02  4.158908e-01
-3.607303e-01  1.158674e-01 -3.379415e-01
 4.755195e-02  2.372059e-01  4.147714e-01
 3.275719e-01 -7.083790e-02  4.451873e-01
 3.660410e-01  3.737749e-01  3.229841e-01
 3.493493e-01  3.227345e-01  1.598823e-01
 4.258808e-01  1.456356e-02  2.873875e-01
-3.259778e-01  4.300936e-01  2.690136e-01
-1.909142e-01  3.647989e-01  4.246013e-01
-5.069915e-02 -1.284194e-01  2.083986e-01
-1.540774e-02 -3.378084e-01  0
-1.243452e-01  8.657084e-02 -2.871193e-01
-3.156899e-01  3.508325e-01  0
-3.098084e-01  6.600678e-02  0
-2.039432e-01  2.040276e-01  0
-6.329148e-02  4.142434e-01  0
-6.964360e-04  7.021435e-02  0
-3.267718e-01 -2.241040e-01  0
-2.127499e-01 -4.019958e-01  0
-3.047166e-01 -3.738298e-01  0
-2.149672e-01  7.227235e-02  0
-1.576378e-02  2.618826e-01  0
-1.217560e-01  2.770583e-01  0
-2.402568e-02  2.535920e-01  1.390223e-01
-8.634032e-02  3.252599e-01 -2.943307e-01
-4.042033e-01 -3.036695e-01 -1.214082e-01
-5.154062e-02 -4.119794e-01  0
 2.733526e-01 -2.897243e-01  0
-3.980434e-01 -1.577367e-01  0
-2.710639e-01  2.071615e-01  0
 1.965333e-01  2.331493e-01  0
 1.973803e-01  2.625297e-01  0
 3.321968e-01  2.523258e-01  0
 3.373628e-01  3.299566e-01  0
 2.749065e-01 -2.549601e-01  0
 2.225065e-01 -3.543227e-01  0
-1.235139e-01  2.395365e-01  0
 4.230981e-01  7.877849e-02  0
 1.041480e-01 -1.913588e-02  0
 1.252896e-01  1.970906e-01  0
 7.632612e-04  2.573384e-01  0
-3.413657e-01  2.518662e-01  0
 9.613374e-02  2.130156e-01  0
-1.114491e-01  1.934537e-01  0
 3.428469e-01 -1.309888e-01  0
 4.276374e-01 -9.690331e-02  0
-2.373012e-01 -9.309735e-02  0
 1.068937e-02  9.627490e-02  0
-8.406975e-02 -2.092077e-01  0
 7.628393e-02 -1.428365e-01  0
-2.842195e-01  1.098996e-02  0
 3.471626e-01 -1.191725e-01 -2.143800e-01