 728  90  1.200000e-05  3 -2 -2
 19  35  0 -1  0  3  5.025753e-01  1.000000e-07
 19  22  0 -1  0  3  5.038205e-01  1.000000e-07
 19  41  1  0  0  3  3.502240e-01  1.000000e-07
 19  18  0  0  0  3  1.625549e-01  1.000000e-07
 19  44  1  0  0  3  3.515954e-01  1.000000e-07
 19  37  0  0  0  3  2.074464e-01  1.000000e-07
 35  14  1  0  0  3  4.240020e-01  1.000000e-07
 35  36  0  0  0  3  2.260872e-01  1.000000e-07
 35  15  0  1  0  3  2.794541e-01  1.000000e-07
 35  16  0  0  0  3  4.378139e-01  1.000000e-07
 35  18  0  0  0  3  4.103989e-01  1.000000e-07
 35  20  1  0  0  3  4.330200e-01  1.000000e-07
 35  23  0  0  1  3  4.916303e-01  1.000000e-07
 35  39  1  1  1  3  5.754888e-01  1.000000e-07
 14  22  0  0  0  3  5.519629e-01  1.000000e-07
 14  36  0  0  0  3  5.648834e-01  1.000000e-07
 14  15 -1  1  0  3  5.313380e-01  1.000000e-07
 14  15  0  1  0  3  5.836446e-01  1.000000e-07
 14  37  0  1  0  3  5.800700e-01  1.000000e-07
 14  38  0  1  1  3  5.204032e-01  1.000000e-07
 28  31  0  0  0  3  1.864672e-01  1.000000e-07
 28  41  0  0  0  3  1.110837e-01  1.000000e-07
 28  36  0  0  0  3  4.459278e-01  1.000000e-07
 28  32  0  0  0  3  1.785982e-01  1.000000e-07
 28  33  0  0  1  3  3.858276e-01  1.000000e-07
 28  30  0  0  1  3  3.458001e-01  1.000000e-07
 31  27  0  0  0  3  2.561657e-01  1.000000e-07
 31  32  0  0  0  3  1.345057e-01  1.000000e-07
 31  44  0  0  0  3  1.507763e-01  1.000000e-07
 31  37  0  0  0  3  3.869441e-01  1.000000e-07
 31  33  0  0  1  3  3.424768e-01  1.000000e-07
 31  29  0  0  1  3  3.917388e-01  1.000000e-07
 31  30  0  0  1  3  3.190520e-01  1.000000e-07
 31  38  0  0  1  3  3.304888e-01  1.000000e-07
 22  15  0  1  0  3  3.599551e-01  1.000000e-07
 22  37  0  1  0  3  4.633864e-01  1.000000e-07
 41  16 -1  0  0  3  2.123572e-01  1.000000e-07
 41  20  0  0  0  3  2.420820e-01  1.000000e-07
 41  21 -1  0  0  3  2.933318e-01  1.000000e-07
 41  30  0  0  1  3  3.860611e-01  1.000000e-07
 41  42 -1  0  1  3  4.404998e-01  1.000000e-07
 36  15  0  1  0  3  3.980527e-01  1.000000e-07
 36  65  0  0  0  3  3.380424e-01  1.000000e-07
 36  66  0  0  0  3  2.740661e-01  1.000000e-07
 36  21  0  0  0  3  4.584631e-01  1.000000e-07
 36  42  0  0  1  3  5.196572e-01  1.000000e-07
 36  40  0  0  1  3  4.741256e-01  1.000000e-07
 15  21  0  0  0  3  3.495945e-01  1.000000e-07
 15  45  0 -1  1  3  5.159789e-01  1.000000e-07
 15  39  1  0  1  3  4.880240e-01  1.000000e-07
 15  89  0  0  1  3  4.680738e-01  1.000000e-07
 27  32  0  0  0  3  1.675312e-01  1.000000e-07
 27  65  0  0  0  3  1.401161e-01  1.000000e-07
 27  66  0  0  0  3  1.812116e-01  1.000000e-07
 16  20  1  0  0  3  3.807541e-01  1.000000e-07
 16  44  1  0  0  3  2.556190e-01  1.000000e-07
 16  37  0  0  0  3  3.360648e-01  1.000000e-07
 16  21  0  0  0  3  1.155340e-01  1.000000e-07
 16  17  0  0  1  3  3.237321e-01  1.000000e-07
 16  42  0  0  1  3  3.536664e-01  1.000000e-07
 16  40  0  0  1  3  5.103475e-01  1.000000e-07
 32  66  0  0  0  3  1.991272e-01  1.000000e-07
 32  37  0  0  0  3  2.963283e-01  1.000000e-07
 32  33  0  0  1  3  3.106113e-01  1.000000e-07
 32  30  0  0  1  3  3.343389e-01  1.000000e-07
 32  38  0  0  1  3  4.106224e-01  1.000000e-07
 32  26  0  0  1  3  5.226672e-01  1.000000e-07
 18  20  1  0  0  3  4.863938e-01  1.000000e-07
 18  65  0  0  0  3  2.978367e-01  1.000000e-07
 18  66  0  0  0  3  2.965929e-01  1.000000e-07
 18  21  0  0  0  3  1.713296e-01  1.000000e-07
 20  66  0  0  0  3  3.817635e-01  1.000000e-07
 20  42 -1  0  1  3  5.189663e-01  1.000000e-07
 20  46  0  1  1  3  6.029835e-01  1.000000e-07
 20  39  0  1  1  3  5.939549e-01  1.000000e-07
 65  66  0  0  0  3  1.005914e-01  1.000000e-07
 65  37  0  0  0  3  1.984328e-01  1.000000e-07
 65  21  0  0  0  3  3.653230e-01  1.000000e-07
 65  33  0  0  1  3  3.768430e-01  1.000000e-07
 66  33  0  0  1  3  3.796523e-01  1.000000e-07
 44  21 -1  0  0  3  2.975696e-01  1.000000e-07
 44  17 -1  0  1  3  3.662199e-01  1.000000e-07
 44  29  0  0  1  3  3.543211e-01  1.000000e-07
 44  42 -1  0  1  3  3.765811e-01  1.000000e-07
 44  39  0  0  1  3  3.096768e-01  1.000000e-07
 37  21  0  0  0  3  2.403030e-01  1.000000e-07
 37  26  0  0  1  3  4.527217e-01  1.000000e-07
 21  17  0  0  1  3  3.721043e-01  1.000000e-07
 17  42  0  0  0  3  9.765948e-02  1.000000e-07
 17  43  0  0  0  3  2.764829e-01  1.000000e-07
 17  39  1  0  0  3  2.583915e-01  1.000000e-07
 17  67  0  0  0  3  5.410597e-01  1.000000e-07
 17  89  0  0  0  3  3.071577e-01  1.000000e-07
 17  40  0  0  0  3  3.829734e-01  1.000000e-07
 33  38  0  0  0  3  3.654453e-01  1.000000e-07
 33  67  0  0  0  3  3.246753e-01  1.000000e-07
 33  34  0  0  0  3  2.394293e-01  1.000000e-07
 33  24  0  0  0  3  4.810506e-01  1.000000e-07
 47  29  0  0  0  3  2.533381e-01  1.000000e-07
 47  11  0 -1  0  3  3.449579e-01  1.000000e-07
 47  38  0  0  0  3  5.871157e-02  1.000000e-07
 47  23  0 -1  0  3  3.908073e-01  1.000000e-07
 47  88  0  0  0  3  2.860533e-01  1.000000e-07
 47  46  0  0  0  3  2.265345e-01  1.000000e-07
 47  40 -1 -1  0  3  5.585910e-01  1.000000e-07
 47  26  0  0  0  3  3.589606e-01  1.000000e-07
 47  25  0 -1  0  3  4.025932e-01  1.000000e-07
 29  30  0  0  0  3  3.066636e-01  1.000000e-07
 29  38  0  0  0  3  2.307897e-01  1.000000e-07
 29  42 -1  0  0  3  1.810844e-01  1.000000e-07
 29  46  0  0  0  3  2.091839e-01  1.000000e-07
 29  39  0  0  0  3  1.437230e-01  1.000000e-07
 29  34  0  0  0  3  2.603251e-01  1.000000e-07
 30  45  0  0  0  3  2.407564e-01  1.000000e-07
 30  38  0  0  0  3  3.491161e-01  1.000000e-07
 30  42 -1  0  0  3  3.656010e-01  1.000000e-07
 30  40 -1  0  0  3  4.018364e-01  1.000000e-07
 11  45  0  0  0  3  4.296312e-01  1.000000e-07
 11  46  0  1  0  3  2.988232e-01  1.000000e-07
 11  67  0  0  0  3  4.571417e-01  1.000000e-07
 45  23  0  0  0  3  1.926897e-01  1.000000e-07
 45  46  0  1  0  3  5.755684e-01  1.000000e-07
 45  67  0  0  0  3  2.952020e-01  1.000000e-07
 45  40 -1  0  0  3  5.207081e-01  1.000000e-07
 45  40  0  0  0  3  4.923968e-01  1.000000e-07
 45  34  0  0  0  3  3.014141e-01  1.000000e-07
 38  34  0  0  0  3  3.200354e-01  1.000000e-07
 38  24  0  0  0  3  4.492610e-01  1.000000e-07
 23  43  0  1  0  3  4.064707e-01  1.000000e-07
 23  67  0  0  0  3  3.406725e-01  1.000000e-07
 23  89  0  1  0  3  4.647396e-01  1.000000e-07
 23  40  0  0  0  3  4.447870e-01  1.000000e-07
 23  26  0  1  0  3  3.552040e-01  1.000000e-07
 23  25  0  0  0  3  1.983360e-01  1.000000e-07
 42  43  0  0  0  3  3.298694e-01  1.000000e-07
 88  46  0  0  0  3  3.305340e-01  1.000000e-07
 88  67  0  0  0  3  2.962892e-01  1.000000e-07
 88  40 -1  0  0  3  4.996182e-01  1.000000e-07
 88  34  0  0  0  3  1.711781e-01  1.000000e-07
 88  24  0  0  0  3  3.821119e-01  1.000000e-07
 46  39  0  0  0  3  1.211050e-01  1.000000e-07
 46  89 -1  0  0  3  1.732252e-01  1.000000e-07
 46  40 -1 -1  0  3  4.243968e-01  1.000000e-07
 43  89  0  0  0  3  1.700416e-01  1.000000e-07
 43  26  0  0  0  3  1.687562e-01  1.000000e-07
 43  25  0 -1  0  3  3.118272e-01  1.000000e-07
 43  24  0  0  0  3  1.958833e-01  1.000000e-07
 39  14  0 -1 -1  3  5.094721e-01  1.000000e-07
 39  89 -1  0  0  3  2.526409e-01  1.000000e-07
 67  25  0  0  0  3  4.271530e-01  1.000000e-07
 89  25  0 -1  0  3  3.932462e-01  1.000000e-07
 40  26  0  1  0  3  5.584860e-01  1.000000e-07
 40  25  0  0  0  3  4.993695e-01  1.000000e-07
 26  34  0  0  0  3  4.785236e-01  1.000000e-07
 26  25  0 -1  0  3  3.239216e-01  1.000000e-07
 26  24  0  0  0  3  2.593815e-01  1.000000e-07
 34  24  0  0  0  3  4.381213e-01  1.000000e-07
 25  24  0  1  0  3  2.793833e-01  1.000000e-07
 18  56  0  0  0  3  1.153202e-01  1.000000e-07
 48  42  0  0  0  3  4.005287e-01  1.000000e-07
 44  13  0  0  0  3  3.298175e-01  1.000000e-07
 82  88  0  0  0  3  1.670989e-01  1.000000e-07
 19  86  0  0  0  3  1.472788e-01  1.000000e-07
 48  42  0  0  0  3  3.938655e-01  1.000000e-07
 28  63  0  0  0  3  2.287494e-01  1.000000e-07
 50  34  0  0  0  3  2.639227e-01  1.000000e-07
 66  3  0  0  0  3  1.789813e-01  1.000000e-07
 51  67  0  0  0  3  1.288215e-01  1.000000e-07
 14  59  0  0  0  3  1.921280e-01  1.000000e-07
 54  89 -1  1  0  3  2.859442e-01  1.000000e-07
 22  64  0  0  0  3  2.022922e-01  1.000000e-07
 5  67  0  0  0  3  2.238616e-01  1.000000e-07
 28  54  0  0  0  3  3.514964e-01  1.000000e-07
 78  11  0  0  0  3  1.806030e-01  1.000000e-07
 22  60  0  0  0  3  2.677837e-01  1.000000e-07
 12  11  0  0  0  3  2.688392e-01  1.000000e-07
 66  78  0  0  0  3  3.436088e-01  1.000000e-07
 73  11  0  0  0  3  2.243638e-01  1.000000e-07
 27  85  0  0  0  3  1.698206e-01  1.000000e-07
 58  24  0  0  0  3  1.867683e-01  1.000000e-07
 27  49  0  0  0  3  1.223305e-01  1.000000e-07
 51  67  0  0  0  3  1.559216e-01  1.000000e-07
 41  84  0  0  0  3  2.365292e-01  1.000000e-07
 53  34  0  0  0  3  2.768644e-01  1.000000e-07
 27  87  0  0  0  3  1.158832e-01  1.000000e-07
 63  88  0  0  0  3  1.838294e-01  1.000000e-07
 18  56  0  0  0  3  1.415041e-01  1.000000e-07
 48  43  0  0  0  3  3.106556e-01  1.000000e-07
 20  54  0  0  0  3  3.040926e-01  1.000000e-07
 78  11  0  0  0  3  1.330173e-01  1.000000e-07
 22  61  0  0  0  3  1.460081e-01  1.000000e-07
 68  25  0  0  0  3  1.593041e-01  1.000000e-07
 65  3  0  0  0  3  2.029209e-01  1.000000e-07
 51  67  0  0  0  3  1.364687e-01  1.000000e-07
 88  7  0  0  0  3  2.829985e-01  1.000000e-07
 82  19 -1  0  0  3  2.496473e-01  1.000000e-07
 19  79  0  0  0  3  1.650591e-01  1.000000e-07
 9  89  0  0  0  3  2.737008e-01  1.000000e-07
 27  87  0  0  0  3  1.062805e-01  1.000000e-07
 63  34  0  0  0  3  2.759595e-01  1.000000e-07
 28  50  0  0  0  3  2.775757e-01  1.000000e-07
 55  67  0  0  0  3  1.572091e-01  1.000000e-07
 18  86  0  0  0  3  2.265685e-01  1.000000e-07
 48  88  1  0  0  3  3.335626e-01  1.000000e-07
 41  53  0  0  0  3  2.542850e-01  1.000000e-07
 84  40 -1  0  0  3  3.445356e-01  1.000000e-07
 65  75  0  0  0  3  2.405167e-01  1.000000e-07
 77  24  0  0  0  3  1.395703e-01  1.000000e-07
 22  62  0  0  0  3  1.644696e-01  1.000000e-07
 57  43  0  1  0  3  3.377862e-01  1.000000e-07
 11  80  0  1  0  3  3.054135e-01  1.000000e-07
 81  27  0  0  0  3  2.641248e-01  1.000000e-07
 22  57  0  0  0  3  1.653981e-01  1.000000e-07
 62  89  0  1  0  3  3.332220e-01  1.000000e-07
 0  58  0  0  0  2  1.885108e-01  2.000000e-07
 0  72  0 -1  0  2  2.920174e-01  2.000000e-07
 0  59  0 -1  0  2  3.299892e-01  2.000000e-07
 0  62  0 -1  0  2  3.298420e-01  2.000000e-07
 0  60  0 -1  0  2  1.999273e-01  2.000000e-07
 0  76  0  0  0  2  1.858636e-01  2.000000e-07
 0  81  0  0  0  2  8.843930e-02  2.000000e-07
 0  78  0 -1  0  2  3.407336e-01  2.000000e-07
 0  73  0 -1  0  2  3.712202e-01  2.000000e-07
 0  74  0  0  0  2  3.489669e-01  2.000000e-07
 0  75  0  0  0  2  2.270366e-01  2.000000e-07
 0  79  0  0  0  2  4.362752e-01  2.000000e-07
 0  80  0  0  0  2  1.987972e-01  2.000000e-07
 1  72  0  0  0  2  1.587112e-01  2.000000e-07
 1  59  1  0  0  2  4.404382e-01  2.000000e-07
 1  5  0  0  0  2  1.063561e-01  2.000000e-07
 1  2  0  0  0  2  3.566180e-02  2.000000e-07
 1  62  0  0  0  2  1.305463e-01  2.000000e-07
 1  60  0  0  0  2  2.802417e-01  2.000000e-07
 1  68  0  0  0  2  5.739820e-02  2.000000e-07
 1  4  0  0  0  2  2.394392e-01  2.000000e-07
 1  53  1  0  0  2  5.080921e-01  2.000000e-07
 1  74  0  1  0  2  3.456638e-01  2.000000e-07
 1  54  1  0  0  2  4.967717e-01  2.000000e-07
 1  71  0  0  0  2  1.628904e-01  2.000000e-07
 58  72  0 -1  0  2  4.688014e-01  2.000000e-07
 58  6  0  0  0  2  3.509741e-01  2.000000e-07
 58  49  0  0  0  2  1.472027e-01  2.000000e-07
 58  69  0  0  0  2  2.581226e-01  2.000000e-07
 58  76  0  0  0  2  6.019767e-02  2.000000e-07
 58  85  0  0  0  2  6.551903e-02  2.000000e-07
 58  50  0  0  0  2  2.325832e-01  2.000000e-07
 58  3  0  0  0  2  2.258364e-01  2.000000e-07
 58  61  0 -1  0  2  4.772326e-01  2.000000e-07
 58  74  0  0  0  2  3.569401e-01  2.000000e-07
 58  75  0  0  0  2  1.445472e-01  2.000000e-07
 58  80  0  0  0  2  1.588529e-01  2.000000e-07
 48  6  0  0  0  2  2.220146e-01  2.000000e-07
 48  82  1  0  0  2  2.755972e-01  2.000000e-07
 48  69  0  0  0  2  2.368627e-01  2.000000e-07
 48  4  0  0  0  2  2.419652e-01  2.000000e-07
 48  86  0  0  0  2  7.850080e-02  2.000000e-07
 48  7  1  0  0  2  2.135924e-01  2.000000e-07
 48  70  0  0  0  2  1.593124e-01  2.000000e-07
 48  53  1  0  0  2  2.751593e-01  2.000000e-07
 48  74  0  0  0  2  2.734225e-01  2.000000e-07
 48  75  0  0  0  2  3.402745e-01  2.000000e-07
 48  79  0  0  0  2  2.074690e-01  2.000000e-07
 48  56  0  0  0  2  8.023448e-02  2.000000e-07
 48  71  0  0  0  2  3.602594e-01  2.000000e-07
 12  59  0  0  0  2  2.998231e-01  2.000000e-07
 12  83  0  1  0  2  4.766295e-01  2.000000e-07
 12  84  0  0  0  2  4.105943e-01  2.000000e-07
 12  60  0  0  0  2  4.690103e-02  2.000000e-07
 12  87  0  0  0  2  4.550639e-01  2.000000e-07
 12  51  0  0  0  2  3.917544e-01  2.000000e-07
 12  52  0  0  0  2  4.218685e-01  2.000000e-07
 12  61  0  0  0  2  2.203700e-01  2.000000e-07
 12  77  0  1  0  2  4.133130e-01  2.000000e-07
 12  78  0  0  0  2  1.394644e-01  2.000000e-07
 12  54  0  0  0  2  2.218409e-01  2.000000e-07
 12  55  0  0  0  2  3.151964e-01  2.000000e-07
 72  5  0  0  0  2  1.630596e-01  2.000000e-07
 72  2  0  0  0  2  1.612371e-01  2.000000e-07
 72  62  0  0  0  2  2.171952e-01  2.000000e-07
 72  60  0  0  0  2  1.306225e-01  2.000000e-07
 72  68  0  0  0  2  1.069789e-01  2.000000e-07
 72  76  0  1  0  2  4.769084e-01  2.000000e-07
 72  51  0  0  0  2  3.648155e-01  2.000000e-07
 72  61  0  0  0  2  8.048595e-02  2.000000e-07
 72  78  0  0  0  2  2.634682e-01  2.000000e-07
 72  73  0  0  0  2  1.870537e-01  2.000000e-07
 72  74  0  1  0  2  4.021553e-01  2.000000e-07
 72  75  0  1  0  2  4.383372e-01  2.000000e-07
 59  6 -1  1  0  2  4.317090e-01  2.000000e-07
 59  57 -1  0  0  2  3.305225e-01  2.000000e-07
 59  2 -1  0  0  2  4.550068e-01  2.000000e-07
 59  82  0  1  0  2  3.558759e-01  2.000000e-07
 59  83  0  1  0  2  3.008768e-01  2.000000e-07
 59  84  0  0  0  2  4.143792e-01  2.000000e-07
 59  76  0  1  0  2  3.973525e-01  2.000000e-07
 59  85  0  1  0  2  4.893588e-01  2.000000e-07
 59  86 -1  1  0  2  4.336283e-01  2.000000e-07
 59  61 -1  0  0  2  5.118204e-01  2.000000e-07
 59  61  0  0  0  2  5.143293e-01  2.000000e-07
 59  77  0  1  0  2  5.082661e-01  2.000000e-07
 59  7  0  1  0  2  3.982803e-01  2.000000e-07
 59  78  0  0  0  2  2.420546e-01  2.000000e-07
 59  8 -1  1  0  2  2.865917e-01  2.000000e-07
 59  53  0  0  0  2  4.224684e-01  2.000000e-07
 59  73  0  0  0  2  3.571849e-01  2.000000e-07
 59  74 -1  1  0  2  4.094876e-01  2.000000e-07
 59  54  0  0  0  2  2.025164e-01  2.000000e-07
 59  80  0  1  0  2  3.114027e-01  2.000000e-07
 59  71 -1  0  0  2  3.248111e-01  2.000000e-07
 59  71 -1  0  0  2  3.248111e-01  2.000000e-07
 59  10 -1  1  0  2  3.668143e-01  2.000000e-07
 6  69  0  0  0  2  2.470758e-01  2.000000e-07
 6  86  0  0  0  2  1.878395e-01  2.000000e-07
 6  61  0 -1  0  2  4.004638e-01  2.000000e-07
 6  77  0  0  0  2  2.332137e-01  2.000000e-07
 6  70  0  0  0  2  2.803583e-01  2.000000e-07
 6  74  0  0  0  2  5.395151e-02  2.000000e-07
 6  75  0  0  0  2  2.070191e-01  2.000000e-07
 6  10  0  0  0  2  1.766421e-01  2.000000e-07
 57  2  0  0  0  2  1.531769e-01  2.000000e-07
 57  84  1  0  0  2  4.953857e-01  2.000000e-07
 57  62  0  0  0  2  8.550408e-02  2.000000e-07
 57  60  0  0  0  2  3.637049e-01  2.000000e-07
 57  68  0  0  0  2  1.794423e-01  2.000000e-07
 57  61  0  0  0  2  1.834003e-01  2.000000e-07
 57  77  0  1  0  2  4.216369e-01  2.000000e-07
 57  9  0  1  0  2  3.357994e-01  2.000000e-07
 57  8  0  1  0  2  3.154448e-01  2.000000e-07
 57  54  1  0  0  2  4.242658e-01  2.000000e-07
 57  79  0  1  0  2  3.031527e-01  2.000000e-07
 57  71  0  0  0  2  1.502892e-01  2.000000e-07
 57  10  0  1  0  2  3.976199e-01  2.000000e-07
 49  83  0  0  0  2  3.312985e-01  2.000000e-07
 49  69  0  0  0  2  2.083845e-01  2.000000e-07
 49  84  0  0  0  2  3.230392e-01  2.000000e-07
 49  64  0  0  0  2  2.607058e-01  2.000000e-07
 49  76  0  0  0  2  1.705236e-01  2.000000e-07
 49  85  0  0  0  2  1.624545e-01  2.000000e-07
 49  50  0  0  0  2  1.186574e-01  2.000000e-07
 49  87  0  0  0  2  7.288388e-02  2.000000e-07
 49  52  0  0  0  2  2.347611e-01  2.000000e-07
 49  3  0  0  0  2  8.909251e-02  2.000000e-07
 49  61  0  0  0  2  4.574032e-01  2.000000e-07
 49  7  0  0  0  2  3.559046e-01  2.000000e-07
 49  70  0  0  0  2  3.161271e-01  2.000000e-07
 49  55  0  0  0  2  1.658501e-01  2.000000e-07
 5  2  0  0  0  2  7.243553e-02  2.000000e-07
 5  60  0  0  0  2  2.926584e-01  2.000000e-07
 5  68  0  0  0  2  8.438795e-02  2.000000e-07
 5  64  0  0  0  2  1.849203e-01  2.000000e-07
 5  4  0  0  0  2  1.441590e-01  2.000000e-07
 5  51  0  0  0  2  3.220745e-01  2.000000e-07
 5  3  0  0  0  2  2.868689e-01  2.000000e-07
 5  73  0  0  0  2  2.805244e-01  2.000000e-07
 5  56  0  0  0  2  2.971061e-01  2.000000e-07
 5  71  0  0  0  2  1.945702e-01  2.000000e-07
 2  64  0  0  0  2  2.363349e-01  2.000000e-07
 2  4  0  0  0  2  2.039545e-01  2.000000e-07
 2  61  0  0  0  2  9.709243e-02  2.000000e-07
 2  70  0  0  0  2  2.955245e-01  2.000000e-07
 2  53  1  0  0  2  4.910692e-01  2.000000e-07
 2  54  1  0  0  2  4.968128e-01  2.000000e-07
 82  13  0  0  0  2  1.132082e-01  2.000000e-07
 82  83  0  0  0  2  5.707113e-02  2.000000e-07
 82  62 -1 -1  0  2  5.524618e-01  2.000000e-07
 82  76  0  0  0  2  2.362425e-01  2.000000e-07
 82  50  0  0  0  2  2.668448e-01  2.000000e-07
 82  86 -1  0  0  2  2.251433e-01  2.000000e-07
 82  53  0  0  0  2  2.224757e-01  2.000000e-07
 82  74 -1  0  0  2  4.023799e-01  2.000000e-07
 82  79 -1  0  0  2  3.125265e-01  2.000000e-07
 82  56 -1  0  0  2  3.508276e-01  2.000000e-07
 82  80  0  0  0  2  1.656858e-01  2.000000e-07
 82  71 -1 -1  0  2  6.125952e-01  2.000000e-07
 63  13  0  0  0  2  1.011599e-01  2.000000e-07
 63  84  0  0  0  2  1.958914e-01  2.000000e-07
 63  50  0  0  0  2  6.056129e-02  2.000000e-07
 63  81  0  0  0  2  2.850988e-01  2.000000e-07
 63  87  0  0  0  2  7.742889e-02  2.000000e-07
 63  51  0  0  0  2  1.691454e-01  2.000000e-07
 63  3  0  0  0  2  1.951108e-01  2.000000e-07
 63  78  0  0  0  2  3.372860e-01  2.000000e-07
 63  53  0  0  0  2  2.005090e-01  2.000000e-07
 63  73  0  0  0  2  2.918664e-01  2.000000e-07
 63  75  0  0  0  2  3.256712e-01  2.000000e-07
 63  80  0  0  0  2  2.169446e-01  2.000000e-07
 13  83  0  0  0  2  1.383825e-01  2.000000e-07
 13  84  0  0  0  2  2.106347e-01  2.000000e-07
 13  81  0  0  0  2  2.480517e-01  2.000000e-07
 13  87  0  0  0  2  1.319391e-01  2.000000e-07
 13  53  0  0  0  2  2.089207e-01  2.000000e-07
 13  56 -1  0  0  2  4.313723e-01  2.000000e-07
 13  80  0  0  0  2  1.407573e-01  2.000000e-07
 83  84  0  0  0  2  2.866233e-01  2.000000e-07
 83  60  0 -1  0  2  4.630356e-01  2.000000e-07
 83  76  0  0  0  2  2.206822e-01  2.000000e-07
 83  85  0  0  0  2  3.455137e-01  2.000000e-07
 83  81  0  0  0  2  2.684788e-01  2.000000e-07
 83  87  0  0  0  2  2.598050e-01  2.000000e-07
 83  7  0  0  0  2  1.159511e-01  2.000000e-07
 83  78  0 -1  0  2  4.970873e-01  2.000000e-07
 83  8 -1  0  0  2  2.177629e-01  2.000000e-07
 83  79 -1  0  0  2  3.089808e-01  2.000000e-07
 83  56 -1  0  0  2  3.878925e-01  2.000000e-07
 83  80  0  0  0  2  1.332926e-01  2.000000e-07
 83  10 -1  0  0  2  2.110108e-01  2.000000e-07
 69  64  0  0  0  2  3.005168e-01  2.000000e-07
 69  4  0  0  0  2  1.711516e-01  2.000000e-07
 69  85  0  0  0  2  2.099390e-01  2.000000e-07
 69  86  0  0  0  2  2.840682e-01  2.000000e-07
 69  52  0  0  0  2  9.092344e-02  2.000000e-07
 69  3  0  0  0  2  1.706831e-01  2.000000e-07
 69  77  0  0  0  2  2.064956e-01  2.000000e-07
 69  70  0  0  0  2  1.221681e-01  2.000000e-07
 69  75  0  0  0  2  1.759932e-01  2.000000e-07
 69  10  0  0  0  2  3.307256e-01  2.000000e-07
 84  68 -1  0  0  2  5.490618e-01  2.000000e-07
 84  87  0  0  0  2  2.732921e-01  2.000000e-07
 84  52 -1  0  0  2  4.823600e-01  2.000000e-07
 84  7  0  0  0  2  1.950805e-01  2.000000e-07
 84  78  0  0  0  2  2.799261e-01  2.000000e-07
 84  70 -1  0  0  2  3.934712e-01  2.000000e-07
 84  8 -1  0  0  2  4.070408e-01  2.000000e-07
 84  53  0  0  0  2  1.293414e-02  2.000000e-07
 84  54  0  0  0  2  2.351676e-01  2.000000e-07
 84  55  0  0  0  2  1.895391e-01  2.000000e-07
 84  56 -1  0  0  2  3.226473e-01  2.000000e-07
 84  71 -1  0  0  2  3.561797e-01  2.000000e-07
 84  10 -1  0  0  2  3.308904e-01  2.000000e-07
 62  60  0  0  0  2  2.961297e-01  2.000000e-07
 62  68  0  0  0  2  1.651560e-01  2.000000e-07
 62  81  0  1  0  2  3.898099e-01  2.000000e-07
 62  9  0  1  0  2  3.018560e-01  2.000000e-07
 62  74  0  1  0  2  2.152575e-01  2.000000e-07
 62  75  0  1  0  2  3.463113e-01  2.000000e-07
 62  79  0  1  0  2  2.829295e-01  2.000000e-07
 62  71  0  0  0  2  2.260747e-01  2.000000e-07
 60  68  0  0  0  2  2.347077e-01  2.000000e-07
 60  81  0  1  0  2  2.874906e-01  2.000000e-07
 60  51  0  0  0  2  4.245806e-01  2.000000e-07
 60  61  0  0  0  2  1.969262e-01  2.000000e-07
 60  77  0  1  0  2  3.691509e-01  2.000000e-07
 60  78  0  0  0  2  1.843692e-01  2.000000e-07
 60  9  0  1  0  2  5.084442e-01  2.000000e-07
 68  51  0  0  0  2  3.794090e-01  2.000000e-07
 68  52  0  0  0  2  2.878192e-01  2.000000e-07
 68  61  0  0  0  2  4.885469e-02  2.000000e-07
 68  77  0  1  0  2  4.540254e-01  2.000000e-07
 68  70  0  0  0  2  3.232236e-01  2.000000e-07
 68  54  1  0  0  2  5.492998e-01  2.000000e-07
 68  55  0  0  0  2  4.122361e-01  2.000000e-07
 68  71  0  0  0  2  2.111996e-01  2.000000e-07
 64  12  0  0  0  2  1.928907e-01  2.000000e-07
 64  76  0  1  0  2  5.990979e-01  2.000000e-07
 64  4  0  0  0  2  2.423152e-01  2.000000e-07
 64  50  0  0  0  2  2.427831e-01  2.000000e-07
 64  3  0  0  0  2  1.844088e-01  2.000000e-07
 64  61  0  0  0  2  2.103248e-01  2.000000e-07
 64  70  0  0  0  2  3.172932e-01  2.000000e-07
 64  73  0  0  0  2  1.073284e-01  2.000000e-07
 64  54  0  0  0  2  3.044075e-01  2.000000e-07
 64  55  0  0  0  2  2.116021e-01  2.000000e-07
 76  85  0  0  0  2  1.248323e-01  2.000000e-07
 76  50  0  0  0  2  2.263427e-01  2.000000e-07
 76  61  0 -1  0  2  4.950707e-01  2.000000e-07
 76  77  0  0  0  2  1.745990e-01  2.000000e-07
 76  7  0  0  0  2  2.966619e-01  2.000000e-07
 76  73  0 -1  0  2  5.477215e-01  2.000000e-07
 76  54  0 -1  0  2  5.271336e-01  2.000000e-07
 76  55  0  0  0  2  2.844496e-01  2.000000e-07
 76  80  0  0  0  2  9.985459e-02  2.000000e-07
 4  51  0  0  0  2  2.659293e-01  2.000000e-07
 4  3  0  0  0  2  2.359922e-01  2.000000e-07
 4  70  0  0  0  2  9.507465e-02  2.000000e-07
 4  53  1  0  0  2  4.171024e-01  2.000000e-07
 4  54  1  0  0  2  5.234955e-01  2.000000e-07
 4  75  0  0  0  2  3.471363e-01  2.000000e-07
 4  56  0  0  0  2  1.617987e-01  2.000000e-07
 4  71  0  0  0  2  2.391978e-01  2.000000e-07
 85  12  0 -1  0  2  4.309075e-01  2.000000e-07
 85  60  0 -1  0  2  3.893092e-01  2.000000e-07
 85  81  0  0  0  2  1.323483e-01  2.000000e-07
 85  87  0  0  0  2  1.791499e-01  2.000000e-07
 85  51  0  0  0  2  1.944688e-01  2.000000e-07
 85  52  0  0  0  2  2.862880e-01  2.000000e-07
 85  77  0  0  0  2  5.779828e-02  2.000000e-07
 85  7  0  0  0  2  4.161732e-01  2.000000e-07
 50  51  0  0  0  2  1.348426e-01  2.000000e-07
 50  3  0  0  0  2  1.528612e-01  2.000000e-07
 50  7  0  0  0  2  2.854363e-01  2.000000e-07
 50  53  0  0  0  2  2.166223e-01  2.000000e-07
 50  73  0  0  0  2  2.347953e-01  2.000000e-07
 50  75  0  0  0  2  3.299739e-01  2.000000e-07
 50  55  0  0  0  2  5.822876e-02  2.000000e-07
 50  80  0  0  0  2  2.715314e-01  2.000000e-07
 81  87  0  0  0  2  2.267067e-01  2.000000e-07
 81  51  0  0  0  2  2.975429e-01  2.000000e-07
 81  77  0  0  0  2  1.520831e-01  2.000000e-07
 81  78  0 -1  0  2  4.155103e-01  2.000000e-07
 81  9  0  0  0  2  3.999598e-01  2.000000e-07
 81  75  0  0  0  2  1.875080e-01  2.000000e-07
 81  79  0  0  0  2  4.403562e-01  2.000000e-07
 81  80  0  0  0  2  1.358495e-01  2.000000e-07
 86  7  1  0  0  2  1.725190e-01  2.000000e-07
 86  70  0  0  0  2  2.295977e-01  2.000000e-07
 86  53  1  0  0  2  2.875476e-01  2.000000e-07
 86  74  0  0  0  2  2.319755e-01  2.000000e-07
 86  79  0  0  0  2  1.509873e-01  2.000000e-07
 86  10  0  0  0  2  6.737547e-02  2.000000e-07
 87  51  0  0  0  2  1.225053e-01  2.000000e-07
 87  52  0  0  0  2  3.076309e-01  2.000000e-07
 87  77  0  0  0  2  2.361871e-01  2.000000e-07
 87  7  0  0  0  2  2.841679e-01  2.000000e-07
 87  78  0  0  0  2  3.876628e-01  2.000000e-07
 87  55  0  0  0  2  1.547573e-01  2.000000e-07
 87  80  0  0  0  2  1.944046e-01  2.000000e-07
 51  52  0  0  0  2  1.893461e-01  2.000000e-07
 51  3  0  0  0  2  3.528667e-02  2.000000e-07
 51  77  0  0  0  2  2.366323e-01  2.000000e-07
 51  78  0  0  0  2  3.617115e-01  2.000000e-07
 51  9  0  0  0  2  4.015177e-01  2.000000e-07
 51  73  0  0  0  2  2.654763e-01  2.000000e-07
 51  75  0  0  0  2  2.304582e-01  2.000000e-07
 51  56  0  0  0  2  3.524210e-01  2.000000e-07
 52  61  0  0  0  2  3.304188e-01  2.000000e-07
 52  77  0  0  0  2  2.922742e-01  2.000000e-07
 52  70  0  0  0  2  9.374802e-02  2.000000e-07
 52  9  0  0  0  2  3.100530e-01  2.000000e-07
 52  55  0  0  0  2  3.309795e-01  2.000000e-07
 52  56  0  0  0  2  1.758559e-01  2.000000e-07
 52  71  0  0  0  2  3.273312e-01  2.000000e-07
 52  10  0  0  0  2  3.724329e-01  2.000000e-07
 3  73  0  0  0  2  2.455314e-01  2.000000e-07
 3  75  0  0  0  2  2.491494e-01  2.000000e-07
 3  55  0  0  0  2  1.736565e-01  2.000000e-07
 61  77  0  1  0  2  4.080537e-01  2.000000e-07
 61  70  0  0  0  2  3.705810e-01  2.000000e-07
 61  74  0  1  0  2  3.482147e-01  2.000000e-07
 61  54  0  0  0  2  4.316778e-01  2.000000e-07
 61  75  0  1  0  2  4.221722e-01  2.000000e-07
 61  55  0  0  0  2  4.197585e-01  2.000000e-07
 61  10  0  1  0  2  5.364195e-01  2.000000e-07
 77  70  0  0  0  2  3.205630e-01  2.000000e-07
 77  9  0  0  0  2  2.577189e-01  2.000000e-07
 77  8  0  0  0  2  4.064999e-01  2.000000e-07
 77  74  0  0  0  2  2.379612e-01  2.000000e-07
 77  10  0  0  0  2  3.980396e-01  2.000000e-07
 7  70 -1  0  0  2  3.689974e-01  2.000000e-07
 7  53  0  0  0  2  1.847876e-01  2.000000e-07
 7  54  0  0  0  2  4.302116e-01  2.000000e-07
 7  55  0  0  0  2  3.067115e-01  2.000000e-07
 7  10 -1  0  0  2  1.664433e-01  2.000000e-07
 78  57 -1  0  0  2  5.056666e-01  2.000000e-07
 78  8 -1  1  0  2  5.282773e-01  2.000000e-07
 78  53  0  0  0  2  2.922805e-01  2.000000e-07
 78  73  0  0  0  2  1.191482e-01  2.000000e-07
 78  54  0  0  0  2  8.805416e-02  2.000000e-07
 78  80  0  1  0  2  4.473748e-01  2.000000e-07
 78  71 -1  0  0  2  4.274763e-01  2.000000e-07
 70  53  1  0  0  2  3.825903e-01  2.000000e-07
 70  54  1  0  0  2  5.319521e-01  2.000000e-07
 70  10  0  0  0  2  2.915855e-01  2.000000e-07
 9  8  0  0  0  2  1.555704e-01  2.000000e-07
 9  75  0  0  0  2  2.285936e-01  2.000000e-07
 9  79  0  0  0  2  5.785827e-02  2.000000e-07
 9  56  0  0  0  2  2.239640e-01  2.000000e-07
 9  10  0  0  0  2  1.432579e-01  2.000000e-07
 8  79  0  0  0  2  1.018979e-01  2.000000e-07
 8  56  0  0  0  2  3.068428e-01  2.000000e-07
 8  80  1  0  0  2  3.371868e-01  2.000000e-07
 8  71  0 -1  0  2  4.236460e-01  2.000000e-07
 8  10  0  0  0  2  9.297770e-02  2.000000e-07
 53  73  0  0  0  2  3.234369e-01  2.000000e-07
 53  54  0  0  0  2  2.459234e-01  2.000000e-07
 53  55  0  0  0  2  1.998726e-01  2.000000e-07
 53  56 -1  0  0  2  3.110157e-01  2.000000e-07
 53  71 -1  0  0  2  3.539099e-01  2.000000e-07
 73  54  0  0  0  2  1.976525e-01  2.000000e-07
 73  55  0  0  0  2  1.840694e-01  2.000000e-07
 73  80  0  1  0  2  5.175310e-01  2.000000e-07
 73  71 -1  0  0  2  5.333404e-01  2.000000e-07
 74  2  0 -1  0  2  3.811116e-01  2.000000e-07
 74  75  0  0  0  2  2.182273e-01  2.000000e-07
 74  79  0  0  0  2  9.066141e-02  2.000000e-07
 74  71  0 -1  0  2  4.023739e-01  2.000000e-07
 74  10  0  0  0  2  2.084871e-01  2.000000e-07
 54  55  0  0  0  2  2.545047e-01  2.000000e-07
 54  71 -1  0  0  2  3.397733e-01  2.000000e-07
 54  71 -1  0  0  2  3.397733e-01  2.000000e-07
 75  79  0  0  0  2  2.783749e-01  2.000000e-07
 75  56  0  0  0  2  3.203861e-01  2.000000e-07
 75  80  0  0  0  2  2.956863e-01  2.000000e-07
 79  56  0  0  0  2  2.607846e-01  2.000000e-07
 79  80  1  0  0  2  4.346260e-01  2.000000e-07
 79  71  0 -1  0  2  4.359975e-01  2.000000e-07
 56  71  0  0  0  2  3.066816e-01  2.000000e-07
 56  10  0  0  0  2  2.220513e-01  2.000000e-07
 80  62 -1 -1  0  2  6.219900e-01  2.000000e-07
 80  71 -1 -1  0  2  6.223052e-01  2.000000e-07
 0  62  0 -1  0  1  3.298420e-01  3.000000e-07
 0  81  0  0  0  1  8.843930e-02  3.000000e-07
 0  61  0 -1  0  1  3.177290e-01  3.000000e-07
 0  77  0  0  0  1  1.931722e-01  3.000000e-07
 0  80  0  0  0  1  1.987972e-01  3.000000e-07
 1  57  0  0  0  1  1.253217e-01  3.000000e-07
 1  62  0  0  0  1  1.305463e-01  3.000000e-07
 1  68  0  0  0  1  5.739820e-02  3.000000e-07
 1  71  0  0  0  1  1.628904e-01  3.000000e-07
 58  49  0  0  0  1  1.472027e-01  3.000000e-07
 58  76  0  0  0  1  6.019767e-02  3.000000e-07
 58  85  0  0  0  1  6.551903e-02  3.000000e-07
 58  81  0  0  0  1  1.046217e-01  3.000000e-07
 58  87  0  0  0  1  1.365812e-01  3.000000e-07
 48  86  0  0  0  1  7.850080e-02  3.000000e-07
 48  7  1  0  0  1  2.135924e-01  3.000000e-07
 48  9  0  0  0  1  1.856244e-01  3.000000e-07
 48  53  1  0  0  1  2.751593e-01  3.000000e-07
 48  56  0  0  0  1  8.023448e-02  3.000000e-07
 12  72  0  0  0  1  1.447147e-01  3.000000e-07
 12  59  0  0  0  1  2.998231e-01  3.000000e-07
 12  78  0  0  0  1  1.394644e-01  3.000000e-07
 12  73  0  0  0  1  1.337306e-01  3.000000e-07
 72  5  0  0  0  1  1.630596e-01  3.000000e-07
 72  60  0  0  0  1  1.306225e-01  3.000000e-07
 72  68  0  0  0  1  1.069789e-01  3.000000e-07
 72  61  0  0  0  1  8.048595e-02  3.000000e-07
 72  73  0  0  0  1  1.870537e-01  3.000000e-07
 59  57 -1  0  0  1  3.305225e-01  3.000000e-07
 59  83  0  1  0  1  3.008768e-01  3.000000e-07
 59  60  0  0  0  1  3.174657e-01  3.000000e-07
 59  78  0  0  0  1  2.420546e-01  3.000000e-07
 59  54  0  0  0  1  2.025164e-01  3.000000e-07
 6  69  0  0  0  1  2.470758e-01  3.000000e-07
 6  74  0  0  0  1  5.395151e-02  3.000000e-07
 6  75  0  0  0  1  2.070191e-01  3.000000e-07
 6  79  0  0  0  1  7.165324e-02  3.000000e-07
 57  62  0  0  0  1  8.550408e-02  3.000000e-07
 57  8  0  1  0  1  3.154448e-01  3.000000e-07
 57  74  0  1  0  1  2.566925e-01  3.000000e-07
 49  85  0  0  0  1  1.624545e-01  3.000000e-07
 49  50  0  0  0  1  1.186574e-01  3.000000e-07
 49  87  0  0  0  1  7.288388e-02  3.000000e-07
 49  51  0  0  0  1  5.386803e-02  3.000000e-07
 5  2  0  0  0  1  7.243553e-02  3.000000e-07
 5  68  0  0  0  1  8.438795e-02  3.000000e-07
 5  64  0  0  0  1  1.849203e-01  3.000000e-07
 5  4  0  0  0  1  1.441590e-01  3.000000e-07
 5  71  0  0  0  1  1.945702e-01  3.000000e-07
 2  68  0  0  0  1  5.441777e-02  3.000000e-07
 2  71  0  0  0  1  1.576566e-01  3.000000e-07
 82  13  0  0  0  1  1.132082e-01  3.000000e-07
 82  7  0  0  0  1  6.627706e-02  3.000000e-07
 63  13  0  0  0  1  1.011599e-01  3.000000e-07
 63  50  0  0  0  1  6.056129e-02  3.000000e-07
 63  87  0  0  0  1  7.742889e-02  3.000000e-07
 63  55  0  0  0  1  1.086967e-01  3.000000e-07
 13  83  0  0  0  1  1.383825e-01  3.000000e-07
 13  84  0  0  0  1  2.106347e-01  3.000000e-07
 13  76  0  0  0  1  1.598888e-01  3.000000e-07
 13  87  0  0  0  1  1.319391e-01  3.000000e-07
 13  80  0  0  0  1  1.407573e-01  3.000000e-07
 83  7  0  0  0  1  1.159511e-01  3.000000e-07
 83  80  0  0  0  1  1.332926e-01  3.000000e-07
 83  10 -1  0  0  1  2.110108e-01  3.000000e-07
 69  51  0  0  0  1  1.798561e-01  3.000000e-07
 69  52  0  0  0  1  9.092344e-02  3.000000e-07
 69  3  0  0  0  1  1.706831e-01  3.000000e-07
 69  70  0  0  0  1  1.221681e-01  3.000000e-07
 69  9  0  0  0  1  2.405860e-01  3.000000e-07
 69  56  0  0  0  1  1.827543e-01  3.000000e-07
 84  54  0  0  0  1  2.351676e-01  3.000000e-07
 84  55  0  0  0  1  1.895391e-01  3.000000e-07
 84  71 -1  0  0  1  3.561797e-01  3.000000e-07
 62  61  0  0  0  1  1.457485e-01  3.000000e-07
 62  74  0  1  0  1  2.152575e-01  3.000000e-07
 60  0  0  1  0  1  1.999273e-01  3.000000e-07
 60  61  0  0  0  1  1.969262e-01  3.000000e-07
 64  4  0  0  0  1  2.423152e-01  3.000000e-07
 64  52  0  0  0  1  2.342026e-01  3.000000e-07
 64  3  0  0  0  1  1.844088e-01  3.000000e-07
 64  73  0  0  0  1  1.073284e-01  3.000000e-07
 64  55  0  0  0  1  2.116021e-01  3.000000e-07
 76  81  0  0  0  1  9.804251e-02  3.000000e-07
 76  87  0  0  0  1  1.320458e-01  3.000000e-07
 76  80  0  0  0  1  9.985459e-02  3.000000e-07
 4  52  0  0  0  1  8.816611e-02  3.000000e-07
 4  70  0  0  0  1  9.507465e-02  3.000000e-07
 4  71  0  0  0  1  2.391978e-01  3.000000e-07
 85  81  0  0  0  1  1.323483e-01  3.000000e-07
 85  51  0  0  0  1  1.944688e-01  3.000000e-07
 85  77  0  0  0  1  5.779828e-02  3.000000e-07
 85  75  0  0  0  1  7.922206e-02  3.000000e-07
 50  87  0  0  0  1  9.670000e-02  3.000000e-07
 50  51  0  0  0  1  1.348426e-01  3.000000e-07
 50  3  0  0  0  1  1.528612e-01  3.000000e-07
 50  55  0  0  0  1  5.822876e-02  3.000000e-07
 81  77  0  0  0  1  1.520831e-01  3.000000e-07
 86  7  1  0  0  1  1.725190e-01  3.000000e-07
 86  9  0  0  0  1  1.499510e-01  3.000000e-07
 86  10  0  0  0  1  6.737547e-02  3.000000e-07
 52  3  0  0  0  1  1.643820e-01  3.000000e-07
 52  70  0  0  0  1  9.374802e-02  3.000000e-07
 3  55  0  0  0  1  1.736565e-01  3.000000e-07
 77  62  0 -1  0  1  3.438830e-01  3.000000e-07
 77  74  0  0  0  1  2.379612e-01  3.000000e-07
 7  53  0  0  0  1  1.847876e-01  3.000000e-07
 7  10 -1  0  0  1  1.664433e-01  3.000000e-07
 78  73  0  0  0  1  1.191482e-01  3.000000e-07
 78  54  0  0  0  1  8.805416e-02  3.000000e-07
 78  55  0  0  0  1  2.335536e-01  3.000000e-07
 70  56  0  0  0  1  8.243161e-02  3.000000e-07
 9  79  0  0  0  1  5.785827e-02  3.000000e-07
 9  56  0  0  0  1  2.239640e-01  3.000000e-07
 8  59  1 -1  0  1  2.865917e-01  3.000000e-07
 8  83  1  0  0  1  2.177629e-01  3.000000e-07
 8  74  0  0  0  1  1.803530e-01  3.000000e-07
 8  79  0  0  0  1  1.018979e-01  3.000000e-07
 8  10  0  0  0  1  9.297770e-02  3.000000e-07
 53  56 -1  0  0  1  3.110157e-01  3.000000e-07
 53  71 -1  0  0  1  3.539099e-01  3.000000e-07
 73  55  0  0  0  1  1.840694e-01  3.000000e-07
 74  75  0  0  0  1  2.182273e-01  3.000000e-07
 74  79  0  0  0  1  9.066141e-02  3.000000e-07
 54  55  0  0  0  1  2.545047e-01  3.000000e-07
 54  71 -1  0  0  1  3.397733e-01  3.000000e-07
 79  10  0  0  0  1  1.183454e-01  3.000000e-07
 56  71  0  0  0  1  3.066816e-01  3.000000e-07
 80  59  0 -1  0  1  3.114027e-01  3.000000e-07
-8.190983e-02 -4.337229e-01  0
 1.974490e-01  2.962783e-01  0
 1.950699e-01  2.606960e-01  0
-1.688427e-02 -2.752124e-02  0
 2.034855e-01  5.691521e-02  0
 1.636092e-01  1.954493e-01  0
 2.681426e-01 -3.104301e-01  0
-4.198122e-01 -1.695797e-01  0
 4.388665e-01 -3.408707e-01  0
 2.944692e-01 -2.829778e-01  0
 4.334049e-01 -2.480536e-01  0
-3.078203e-01  3.841910e-01 -1.162245e-01
-1.029196e-01  3.297074e-01  0
-2.655809e-01 -1.622534e-01  0
-3.680318e-01  4.209160e-01  1.567118e-01
 1.611286e-01 -4.439162e-01  3.625271e-01
 4.040999e-01 -1.074887e-01  2.721297e-01
 3.707557e-01 -1.879821e-01 -4.160828e-01
 2.686919e-01 -6.755802e-02  1.083017e-01
 3.066212e-01 -2.222794e-01  1.406552e-01
-3.395633e-01  1.739785e-01  2.657024e-01
 3.395793e-01 -1.830341e-01  2.131543e-01
 1.676026e-01  2.940994e-01  1.157682e-01
 1.021450e-02  3.133275e-01 -2.815519e-01
 1.088376e-01 -2.966120e-01 -1.105431e-01
 4.306438e-02  4.323155e-01 -1.263105e-01
 1.293269e-01 -3.615602e-01 -3.608243e-01
-1.206156e-01 -1.235150e-01  1.005122e-01
-2.900249e-01 -2.269730e-02  2.262006e-01
-4.136225e-01 -2.177753e-01 -3.334526e-01
-2.282439e-01  4.564507e-03 -4.346570e-01
-2.541595e-01 -1.852561e-01  3.102142e-01
-1.453820e-01 -1.195444e-01  2.661551e-01
-8.189560e-02 -1.300639e-02 -4.490669e-01
-2.240531e-01 -5.473966e-02 -2.609820e-01
 2.470169e-01  3.008749e-01  2.877858e-01
 8.717066e-02  1.650817e-01  3.721942e-01
 1.103244e-01 -2.538244e-01  1.998707e-01
-2.314828e-01 -3.428286e-01 -4.001661e-01
-4.274288e-01 -3.477219e-01 -3.932822e-01
 4.316286e-01  1.725310e-01 -3.020937e-01
-3.954123e-01 -5.766289e-02  2.229607e-01
 4.356695e-01 -1.269158e-01 -3.761519e-01
 2.447345e-01 -3.575808e-01 -2.377637e-01
-3.893297e-01 -2.519066e-01  3.147117e-01
-5.403021e-02  1.623843e-01 -3.826365e-01
-4.432472e-01 -4.219492e-01 -2.989078e-01
-2.286293e-01 -3.882951e-01 -3.631296e-01
 3.736618e-01 -1.150941e-01  0
-7.114163e-02 -9.818675e-02  0
-1.696775e-01 -3.207878e-02  0
-3.705954e-02 -5.647133e-02  0
 1.466091e-01 -1.045205e-02  0
-3.819161e-01  1.128030e-02  0
-3.083365e-01  2.459382e-01  0
-1.824960e-01  2.472152e-02  0
 3.153439e-01 -5.998875e-02  0
 2.895568e-01  3.812588e-01  0
-7.673230e-02 -2.452832e-01  0
-3.841143e-01  4.337430e-01  0
-7.384899e-02  3.665124e-01  0
 1.171730e-01  3.186529e-01  0
 2.163567e-01  4.254481e-01  0
-2.043031e-01 -8.176521e-02  0
-1.724570e-02  1.568872e-01  0
-1.564350e-02 -1.007893e-01  1.904951e-01
-1.181998e-02 -1.050761e-03  1.779956e-01
-4.063774e-02  1.344755e-02 -1.281120e-01
 1.432625e-01  2.773477e-01  0
 1.372253e-01 -1.008900e-01  0
 2.379161e-01 -3.170601e-02  0
 3.518932e-01  2.445071e-01  0
 3.879062e-02  3.003719e-01  0
-1.169124e-01  1.967108e-01  0
 2.599717e-01 -3.637593e-01  0
 6.682294e-02 -2.621881e-01  0
-1.359864e-01 -2.558999e-01  0
 3.675582e-02 -2.812960e-01  0
-2.207622e-01  2.551190e-01  0
 3.391963e-01 -3.196803e-01  0
-2.267417e-01 -2.975462e-01  0
-1.002981e-01 -3.472163e-01  0
-3.678747e-01 -2.107519e-01  0
-3.564062e-01 -2.666588e-01  0
-3.719643e-01  1.954188e-02  0
-1.133231e-02 -2.492308e-01  0
 4.084039e-01 -1.854884e-01  0
-1.393403e-01 -1.238968e-01  0
-2.545711e-01 -1.891308e-01 -1.594457e-01
 3.968691e-01 -4.334008e-01 -2.332343e-01