 729  90  1.200000e-05  76 -2 -2
 81  9  1  0  0  3  2.965450e-01  1.000000e-07
 81  11  0 -1  0  3  4.094855e-01  1.000000e-07
 81  35  0  0  0  3  3.956092e-01  1.000000e-07
 81  15  0  0  0  3  2.925336e-01  1.000000e-07
 81  31  0  0  0  3  4.093440e-01  1.000000e-07
 8  34  0  0  0  3  2.019908e-01  1.000000e-07
 8  28  0  0  0  3  2.402306e-01  1.000000e-07
 8  29  0  0  0  3  1.770467e-01  1.000000e-07
 8  11  0  0  0  3  2.175606e-01  1.000000e-07
 8  35  0  1  0  3  3.170880e-01  1.000000e-07
 8  31  0  0  0  3  1.835988e-01  1.000000e-07
 9  28  0 -1  0  3  4.165320e-01  1.000000e-07
 9  11 -1 -1  0  3  4.497124e-01  1.000000e-07
 9  37  0  0  1  3  3.459825e-01  1.000000e-07
 9  32  0  0  1  3  3.439622e-01  1.000000e-07
 10  34  0  0  0  3  2.455863e-01  1.000000e-07
 10  11 -1  0  0  3  4.038522e-01  1.000000e-07
 10  30 -1  0  0  3  4.843360e-01  1.000000e-07
 10  42  0  0  0  3  8.033227e-02  1.000000e-07
 10  37  0  1  1  3  4.350562e-01  1.000000e-07
 10  33  0  0  1  3  5.333283e-01  1.000000e-07
 34  12  0  0  0  3  2.469251e-01  1.000000e-07
 34  28  0  0  0  3  8.532682e-02  1.000000e-07
 34  27  0  0  0  3  3.009261e-01  1.000000e-07
 34  22  0  0  0  3  3.297283e-01  1.000000e-07
 34  37  0  1  1  3  4.687183e-01  1.000000e-07
 12  28  0  0  0  3  2.651890e-01  1.000000e-07
 12  29  0  0  0  3  1.600746e-01  1.000000e-07
 12  27  0  0  0  3  1.851982e-01  1.000000e-07
 12  36  0  0  0  3  2.850179e-01  1.000000e-07
 12  42  0  0  0  3  4.044387e-01  1.000000e-07
 12  31  0  0  0  3  1.286680e-01  1.000000e-07
 28  35  0  1  0  3  2.985876e-01  1.000000e-07
 28  16  0  0  0  3  3.045616e-01  1.000000e-07
 28  22  0  0  0  3  3.671295e-01  1.000000e-07
 28  18  0  0  1  3  4.109665e-01  1.000000e-07
 28  24  0  0  1  3  4.640578e-01  1.000000e-07
 14  29 -1  0  0  3  5.590281e-01  1.000000e-07
 14  35  0  0  0  3  4.865476e-01  1.000000e-07
 14  36  0  0  0  3  2.815154e-01  1.000000e-07
 14  16  0  0  0  3  2.169922e-01  1.000000e-07
 14  26  0  0  1  3  3.946937e-01  1.000000e-07
 14  24  0  0  1  3  4.741562e-01  1.000000e-07
 14  32  0  0  1  3  4.249648e-01  1.000000e-07
 29  15  0  0  0  3  2.771170e-01  1.000000e-07
 29  27  0  0  0  3  1.259283e-01  1.000000e-07
 29  30  0  0  0  3  1.729371e-01  1.000000e-07
 29  22  0  0  0  3  2.185707e-01  1.000000e-07
 29  42  1  0  0  3  4.961316e-01  1.000000e-07
 29  31  0  0  0  3  1.487659e-01  1.000000e-07
 11  31  0  0  0  3  2.538561e-01  1.000000e-07
 35  16  0  0  0  3  4.776028e-01  1.000000e-07
 35  7  0  0  1  3  5.887498e-01  1.000000e-07
 35  32  1  0  1  3  5.031669e-01  1.000000e-07
 15  27  0  0  0  3  2.756877e-01  1.000000e-07
 15  36  0  0  0  3  3.317379e-01  1.000000e-07
 15  16  0  0  0  3  3.645792e-01  1.000000e-07
 15  30  0  0  0  3  2.852832e-01  1.000000e-07
 15  31  0  0  0  3  2.879273e-01  1.000000e-07
 15  38  0  0  1  3  2.653172e-01  1.000000e-07
 15  25  0  0  1  3  2.923045e-01  1.000000e-07
 27  30  0  0  0  3  1.817870e-01  1.000000e-07
 27  31  0  0  0  3  2.331567e-01  1.000000e-07
 27  38  0  0  1  3  2.939495e-01  1.000000e-07
 27  19  0  0  1  3  2.216757e-01  1.000000e-07
 27  40  0  0  1  3  3.792783e-01  1.000000e-07
 36  16  0  0  0  3  9.515205e-02  1.000000e-07
 36  42  0  0  0  3  3.840025e-01  1.000000e-07
 36  7  0  0  1  3  4.280430e-01  1.000000e-07
 36  38  0  0  1  3  3.213981e-01  1.000000e-07
 36  39  0  0  1  3  3.048650e-01  1.000000e-07
 36  41  0  0  1  3  4.199384e-01  1.000000e-07
 16  42  0  0  0  3  3.603212e-01  1.000000e-07
 16  31  0  0  0  3  3.420531e-01  1.000000e-07
 30  42  1  0  0  3  4.731759e-01  1.000000e-07
 30  37  1  1  1  3  4.684550e-01  1.000000e-07
 30  19  0  0  1  3  1.963838e-01  1.000000e-07
 30  24  1  0  1  3  3.646111e-01  1.000000e-07
 30  33  1  0  1  3  2.918817e-01  1.000000e-07
 22  37  1  1  1  3  4.486625e-01  1.000000e-07
 22  20  0  0  1  3  3.555822e-01  1.000000e-07
 22  23  0  0  1  3  2.774808e-01  1.000000e-07
 22  19  0  0  1  3  2.561849e-01  1.000000e-07
 22  32  1  1  1  3  4.056268e-01  1.000000e-07
 22  80  0  1  1  3  3.990343e-01  1.000000e-07
 31  14  1  0  0  3  5.672465e-01  1.000000e-07
 6  7  0  0  0  3  2.798418e-01  1.000000e-07
 6  39  0  0  0  3  1.948683e-01  1.000000e-07
 6  41  0  0  0  3  3.742477e-01  1.000000e-07
 6  40  0  0  0  3  3.788002e-01  1.000000e-07
 18  37  0  1  0  3  3.845092e-01  1.000000e-07
 18  24  0  0  0  3  1.659316e-01  1.000000e-07
 18  17  0  0  0  3  2.835649e-01  1.000000e-07
 18  39  0  0  0  3  2.407545e-01  1.000000e-07
 18  41  0  0  0  3  5.967989e-02  1.000000e-07
 18  40  0  0  0  3  2.242919e-01  1.000000e-07
 37  7  0  0  0  3  4.480318e-01  1.000000e-07
 37  23 -1 -1  0  3  2.797206e-01  1.000000e-07
 37  43  0  0  0  3  4.039256e-01  1.000000e-07
 20  23  0  0  0  3  1.797759e-01  1.000000e-07
 20  21  0  0  0  3  2.215892e-01  1.000000e-07
 20  33  1  0  0  3  3.453383e-01  1.000000e-07
 20  80  0  1  0  3  2.499832e-01  1.000000e-07
 7  38  0  0  0  3  3.571338e-01  1.000000e-07
 7  39  0  0  0  3  2.854205e-01  1.000000e-07
 7  43  0  0  0  3  1.724993e-01  1.000000e-07
 7  41  0  0  0  3  2.879803e-01  1.000000e-07
 23  19  0  0  0  3  2.485642e-01  1.000000e-07
 23  21  0  0  0  3  3.260556e-01  1.000000e-07
 23  32  1  1  0  3  2.815944e-01  1.000000e-07
 23  17  1  0  0  3  2.762077e-01  1.000000e-07
 23  33  1  0  0  3  2.586382e-01  1.000000e-07
 23  80  0  1  0  3  2.781004e-01  1.000000e-07
 26  13  0  0  0  3  2.809580e-01  1.000000e-07
 26  24  0  0  0  3  1.760355e-01  1.000000e-07
 26  21 -1  0  0  3  4.114864e-01  1.000000e-07
 26  32  0  0  0  3  3.350770e-01  1.000000e-07
 26  33  0  0  0  3  2.306325e-01  1.000000e-07
 26  80 -1  0  0  3  4.932050e-01  1.000000e-07
 26  43  0  0  0  3  2.914100e-01  1.000000e-07
 26  25 -1  0  0  3  3.379947e-01  1.000000e-07
 38  19  0  0  0  3  2.315809e-01  1.000000e-07
 38  21  0  0  0  3  2.281941e-01  1.000000e-07
 38  80  0  0  0  3  4.062264e-01  1.000000e-07
 38  39  0  0  0  3  1.845549e-01  1.000000e-07
 38  25  0  0  0  3  1.068162e-01  1.000000e-07
 13  24  0  0  0  3  3.120688e-01  1.000000e-07
 13  32  0  0  0  3  4.337757e-01  1.000000e-07
 13  80 -1  0  0  3  5.332443e-01  1.000000e-07
 13  43  0  0  0  3  8.193336e-02  1.000000e-07
 13  25 -1  0  0  3  4.879613e-01  1.000000e-07
 13  41  0  0  0  3  3.063221e-01  1.000000e-07
 19  39  0  0  0  3  2.754261e-01  1.000000e-07
 19  25  0  0  0  3  1.945617e-01  1.000000e-07
 19  40  0  0  0  3  3.113893e-01  1.000000e-07
 24  17  0  0  0  3  2.884665e-01  1.000000e-07
 24  33  0  0  0  3  1.141687e-01  1.000000e-07
 24  41  0  0  0  3  1.359737e-01  1.000000e-07
 21  39  0  0  0  3  2.664421e-01  1.000000e-07
 21  25  0  0  0  3  1.606065e-01  1.000000e-07
 21  40  0  0  0  3  3.488905e-01  1.000000e-07
 32  80 -1  0  0  3  3.253259e-01  1.000000e-07
 32  25 -1  0  0  3  4.897234e-01  1.000000e-07
 17  80 -1  1  0  3  4.540536e-01  1.000000e-07
 17  43  0  1  0  3  4.973499e-01  1.000000e-07
 17  40  0  0  0  3  4.150289e-01  1.000000e-07
 33  19 -1  0  0  3  3.127612e-01  1.000000e-07
 33  25 -1  0  0  3  3.432327e-01  1.000000e-07
 33  41  0  0  0  3  2.222054e-01  1.000000e-07
 80  43  1  0  0  3  5.233127e-01  1.000000e-07
 80  25  0  0  0  3  4.171299e-01  1.000000e-07
 80  40  0 -1  0  3  4.046087e-01  1.000000e-07
 39  41  0  0  0  3  2.568324e-01  1.000000e-07
 39  40  0  0  0  3  2.340772e-01  1.000000e-07
 43  40  0 -1  0  3  5.892615e-01  1.000000e-07
 14  74  0  0  0  3  2.758861e-01  1.000000e-07
 55  7  0  0  0  3  2.394376e-01  1.000000e-07
 34  86  0  1  0  3  4.067163e-01  1.000000e-07
 79  7  0  0  0  3  3.399311e-01  1.000000e-07
 12  70  0  0  0  3  2.235460e-01  1.000000e-07
 52  21  0  0  0  3  2.361821e-01  1.000000e-07
 10  85  0  0  0  3  2.029048e-01  1.000000e-07
 71  17  0  0  0  3  1.753108e-01  1.000000e-07
 81  56  1  0  0  3  2.839355e-01  1.000000e-07
 53  43  0  0  0  3  2.088889e-01  1.000000e-07
 11  52  0  0  0  3  2.298498e-01  1.000000e-07
 83  21  0  0  0  3  2.502690e-01  1.000000e-07
 42  77  0  0  0  3  2.809976e-01  1.000000e-07
 72  6  0  0  0  3  2.954651e-01  1.000000e-07
 81  53  1  0  0  3  2.935092e-01  1.000000e-07
 59  13  0  0  0  3  1.713148e-01  1.000000e-07
 9  56  0  0  0  3  2.743692e-01  1.000000e-07
 74  43  0  0  0  3  1.797684e-01  1.000000e-07
 35  86  0  0  0  3  4.203618e-01  1.000000e-07
 55  7  0  0  0  3  2.861650e-01  1.000000e-07
 16  76  0  0  0  3  3.026997e-01  1.000000e-07
 57  7  0  0  0  3  2.403257e-01  1.000000e-07
 9  56  0  0  0  3  3.030204e-01  1.000000e-07
 59  13  0  0  0  3  1.575170e-01  1.000000e-07
 81  47  0  0  0  3  2.315781e-01  1.000000e-07
 60  80  0  0  0  3  3.063501e-01  1.000000e-07
 11  87  0  0  0  3  2.122200e-01  1.000000e-07
 83  20  0  0  0  3  2.465519e-01  1.000000e-07
 42  75  0  0  0  3  1.811228e-01  1.000000e-07
 78  18  0  0  0  3  3.011740e-01  1.000000e-07
 9  74  0  0  0  3  2.911786e-01  1.000000e-07
 55  7  0  0  0  3  2.803491e-01  1.000000e-07
 11  87  0  0  0  3  2.450134e-01  1.000000e-07
 44  80  0  1  0  3  3.336938e-01  1.000000e-07
 8  83  0  0  0  3  2.367031e-01  1.000000e-07
 88  20  0  0  0  3  2.633356e-01  1.000000e-07
 16  58  0  0  0  3  3.128170e-01  1.000000e-07
 57  6  0  0  0  3  1.989075e-01  1.000000e-07
 34  88  0  0  0  3  3.258992e-01  1.000000e-07
 87  20  0  0  0  3  2.843215e-01  1.000000e-07
 10  68  0  1  0  3  3.044170e-01  1.000000e-07
 84  7  0  0  0  3  3.792106e-01  1.000000e-07
 12  67  0  0  0  3  2.355413e-01  1.000000e-07
 70  6  0  0  0  3  2.037285e-01  1.000000e-07
 35  87  0 -1  0  3  3.740733e-01  1.000000e-07
 88  20  0  0  0  3  2.658134e-01  1.000000e-07
 9  85  0 -1  0  3  2.969439e-01  1.000000e-07
 71  17  0  0  0  3  1.982983e-01  1.000000e-07
 10  69  0  0  0  3  1.982661e-01  1.000000e-07
 71  18  0  0  0  3  3.128047e-01  1.000000e-07
 81  65  0  0  0  3  3.078455e-01  1.000000e-07
 54  6  0  0  0  3  2.665401e-01  1.000000e-07
 8  70  0  0  0  3  2.314556e-01  1.000000e-07
 52  21  0  0  0  3  2.413316e-01  1.000000e-07
 11  51  1  0  0  3  2.553371e-01  1.000000e-07
 82  17  0  0  0  3  1.971123e-01  1.000000e-07
 42  78  0  0  0  3  1.847730e-01  1.000000e-07
 75  41  0  0  0  3  2.817110e-01  1.000000e-07
 8  70  0  0  0  3  2.557689e-01  1.000000e-07
 67  6  0  0  0  3  2.183226e-01  1.000000e-07
 59  46 -1  0  0  2  4.222226e-01  2.000000e-07
 59  53  0  0  0  2  8.065752e-02  2.000000e-07
 59  84  0  0  0  2  3.004539e-01  2.000000e-07
 59  78  0  0  0  2  2.918580e-01  2.000000e-07
 59  73  0  0  0  2  2.296358e-01  2.000000e-07
 59  82  0  0  0  2  3.738868e-01  2.000000e-07
 59  54 -1  0  0  2  3.606528e-01  2.000000e-07
 59  74  0  0  0  2  1.748782e-01  2.000000e-07
 59  55  0  0  0  2  2.030592e-01  2.000000e-07
 59  4  0  0  0  2  2.101784e-01  2.000000e-07
 59  56  0  0  0  2  1.638821e-01  2.000000e-07
 59  3  0  0  0  2  2.155428e-01  2.000000e-07
 59  66  0  0  0  2  1.613552e-01  2.000000e-07
 59  58  0  0  0  2  2.895805e-01  2.000000e-07
 59  48 -1  0  0  2  4.346733e-01  2.000000e-07
 59  47 -1  0  0  2  4.428994e-01  2.000000e-07
 60  51  1 -1  0  2  3.763515e-01  2.000000e-07
 60  52  0 -1  0  2  4.126576e-01  2.000000e-07
 60  53  1  0  0  2  3.858175e-01  2.000000e-07
 60  68  0  0  0  2  4.634959e-01  2.000000e-07
 60  84  1  0  0  2  3.019588e-01  2.000000e-07
 60  45  0  0  0  2  3.154758e-01  2.000000e-07
 60  63  0  0  0  2  2.957580e-01  2.000000e-07
 60  49  0  0  0  2  2.685638e-01  2.000000e-07
 60  50  0  0  0  2  8.732877e-02  2.000000e-07
 60  56  1  0  0  2  3.327069e-01  2.000000e-07
 60  88  0 -1  0  2  3.434714e-01  2.000000e-07
 60  71  1 -1  0  2  4.782295e-01  2.000000e-07
 60  65  0  0  0  2  2.559132e-01  2.000000e-07
 60  44  0 -1  0  2  2.830225e-01  2.000000e-07
 60  79  0  0  0  2  3.244284e-01  2.000000e-07
 60  66  1  0  0  2  4.441426e-01  2.000000e-07
 60  47  0  0  0  2  8.081126e-02  2.000000e-07
 51  46 -1  0  0  2  3.645677e-01  2.000000e-07
 51  52 -1  0  0  2  2.981674e-01  2.000000e-07
 51  83 -1  0  0  2  2.876513e-01  2.000000e-07
 51  68  0  1  0  2  4.142136e-01  2.000000e-07
 51  84  0  1  0  2  3.120122e-01  2.000000e-07
 51  5  0  0  0  2  2.960017e-01  2.000000e-07
 51  75  0  0  0  2  3.017282e-01  2.000000e-07
 51  78  0  0  0  2  2.348453e-01  2.000000e-07
 51  82  0  0  0  2  6.702912e-02  2.000000e-07
 51  50 -1  1  0  2  3.960141e-01  2.000000e-07
 51  56  0  1  0  2  4.463008e-01  2.000000e-07
 51  88 -1  0  0  2  3.986127e-01  2.000000e-07
 51  71  0  0  0  2  2.143817e-01  2.000000e-07
 51  64 -1  0  0  2  2.560169e-01  2.000000e-07
 51  3  0  0  0  2  3.120365e-01  2.000000e-07
 51  44 -1  0  0  2  1.338974e-01  2.000000e-07
 51  66  0  0  0  2  3.022474e-01  2.000000e-07
 51  2 -1  0  0  2  3.259646e-01  2.000000e-07
 51  87 -1  0  0  2  3.051191e-01  2.000000e-07
 51  47 -1  1  0  2  4.571165e-01  2.000000e-07
 46  52  0  0  0  2  1.964672e-01  2.000000e-07
 46  67  0  0  0  2  1.663209e-01  2.000000e-07
 46  83  0  0  0  2  2.599933e-01  2.000000e-07
 46  61  0  0  0  2  2.468871e-01  2.000000e-07
 46  72  0  0  0  2  4.129863e-01  2.000000e-07
 46  62  0  0  0  2  2.036376e-01  2.000000e-07
 46  82  1  0  0  2  3.543814e-01  2.000000e-07
 46  54  0  0  0  2  1.807588e-01  2.000000e-07
 46  49  0  0  0  2  2.497306e-01  2.000000e-07
 46  88  0  0  0  2  3.505934e-01  2.000000e-07
 46  65  0  0  0  2  1.685445e-01  2.000000e-07
 46  66  1  0  0  2  2.825415e-01  2.000000e-07
 46  58  0  0  0  2  3.357380e-01  2.000000e-07
 52  69  0  0  0  2  4.776882e-01  2.000000e-07
 52  62  0  0  0  2  3.149389e-01  2.000000e-07
 52  70  0  0  0  2  1.004692e-01  2.000000e-07
 52  76  0  0  0  2  3.963690e-01  2.000000e-07
 52  88  0  0  0  2  1.650713e-01  2.000000e-07
 52  57  0  0  0  2  3.942516e-01  2.000000e-07
 52  77  0  0  0  2  3.135578e-01  2.000000e-07
 52  64  0  0  0  2  9.281445e-02  2.000000e-07
 52  44  0  0  0  2  2.064483e-01  2.000000e-07
 52  79  0  1  0  2  4.791677e-01  2.000000e-07
 52  66  1  0  0  2  3.924195e-01  2.000000e-07
 52  2  0  0  0  2  1.953780e-01  2.000000e-07
 53  84  0  0  0  2  3.052338e-01  2.000000e-07
 53  61 -1  0  0  2  3.961316e-01  2.000000e-07
 53  69  0  0  0  2  4.529347e-01  2.000000e-07
 53  5  0  0  0  2  3.130596e-01  2.000000e-07
 53  73  0  0  0  2  2.587551e-01  2.000000e-07
 53  54 -1  0  0  2  2.820068e-01  2.000000e-07
 53  74  0  0  0  2  2.468217e-01  2.000000e-07
 53  76  0  0  0  2  3.657829e-01  2.000000e-07
 53  56  0  0  0  2  1.731516e-01  2.000000e-07
 53  86  0  0  0  2  3.474693e-01  2.000000e-07
 53  71  0  0  0  2  4.812931e-01  2.000000e-07
 53  64 -1  0  0  2  3.925851e-01  2.000000e-07
 53  65 -1  0  0  2  3.560819e-01  2.000000e-07
 53  44 -1 -1  0  2  5.850423e-01  2.000000e-07
 53  44 -1  0  0  2  4.930499e-01  2.000000e-07
 53  79  0  0  0  2  4.808292e-01  2.000000e-07
 53  66  0  0  0  2  1.094768e-01  2.000000e-07
 53  58  0  0  0  2  3.625504e-01  2.000000e-07
 53  2 -1  0  0  2  3.137105e-01  2.000000e-07
 67  83  0  0  0  2  3.460767e-01  2.000000e-07
 67  61  0  0  0  2  3.961177e-01  2.000000e-07
 67  72  0  0  0  2  3.304912e-01  2.000000e-07
 67  62  0  0  0  2  3.735842e-02  2.000000e-07
 67  54  0  0  0  2  2.154280e-01  2.000000e-07
 67  70  0  0  0  2  2.641376e-01  2.000000e-07
 67  74  0  0  0  2  3.574999e-01  2.000000e-07
 67  55  0  0  0  2  3.131367e-01  2.000000e-07
 67  49  0  0  0  2  1.372535e-01  2.000000e-07
 67  76  0  0  0  2  1.696493e-01  2.000000e-07
 67  4  0  0  0  2  3.204267e-01  2.000000e-07
 67  86  0  0  0  2  3.502610e-01  2.000000e-07
 67  57  0  0  0  2  1.564148e-01  2.000000e-07
 67  64  0  0  0  2  2.720252e-01  2.000000e-07
 67  1  0  0  0  2  4.129600e-01  2.000000e-07
 67  65  0  0  0  2  1.453598e-01  2.000000e-07
 67  79  0  0  0  2  3.399954e-01  2.000000e-07
 67  2  0  0  0  2  2.103350e-01  2.000000e-07
 67  48  0  0  0  2  2.732314e-01  2.000000e-07
 83  61  0  0  0  2  1.729625e-01  2.000000e-07
 83  72  0  0  0  2  3.474125e-01  2.000000e-07
 83  82  1  0  0  2  3.273495e-01  2.000000e-07
 83  70  0  0  0  2  1.199612e-01  2.000000e-07
 83  0  0  0  0  2  2.794134e-01  2.000000e-07
 83  50  0  1  0  2  3.013966e-01  2.000000e-07
 83  88  0  0  0  2  1.240033e-01  2.000000e-07
 83  44  0  0  0  2  1.739795e-01  2.000000e-07
 83  89  0  0  0  2  2.510650e-01  2.000000e-07
 83  87  0  0  0  2  9.688507e-02  2.000000e-07
 68  84  0  0  0  2  2.606784e-01  2.000000e-07
 68  45  0  0  0  2  3.467111e-01  2.000000e-07
 68  69  0 -1  0  2  2.256088e-01  2.000000e-07
 68  72  0 -1  0  2  3.233369e-01  2.000000e-07
 68  5  0 -1  0  2  3.750672e-01  2.000000e-07
 68  75  0 -1  0  2  3.035807e-01  2.000000e-07
 68  0  0 -1  0  2  2.084549e-01  2.000000e-07
 68  55  0  0  0  2  2.836281e-01  2.000000e-07
 68  49  0  0  0  2  4.046756e-01  2.000000e-07
 68  50  0  0  0  2  3.782097e-01  2.000000e-07
 68  56  0  0  0  2  3.181878e-01  2.000000e-07
 68  88  0 -1  0  2  3.025289e-01  2.000000e-07
 68  86  0  0  0  2  1.889444e-01  2.000000e-07
 68  71  0 -1  0  2  2.140592e-01  2.000000e-07
 68  77  0 -1  0  2  3.560680e-01  2.000000e-07
 68  89  0 -1  0  2  1.761896e-01  2.000000e-07
 68  79  0  0  0  2  1.778153e-01  2.000000e-07
 84  85  0 -1  0  2  2.488887e-01  2.000000e-07
 84  75  0 -1  0  2  4.185317e-01  2.000000e-07
 84  82  0 -1  0  2  3.555710e-01  2.000000e-07
 84  54 -1  0  0  2  4.026368e-01  2.000000e-07
 84  0  0 -1  0  2  4.269441e-01  2.000000e-07
 84  74  0  0  0  2  2.672064e-01  2.000000e-07
 84  55  0  0  0  2  3.083678e-01  2.000000e-07
 84  50 -1  0  0  2  3.801154e-01  2.000000e-07
 84  56  0  0  0  2  1.370905e-01  2.000000e-07
 84  86  0  0  0  2  2.804684e-01  2.000000e-07
 84  71  0 -1  0  2  2.534337e-01  2.000000e-07
 84  1  0 -1  0  2  4.003494e-01  2.000000e-07
 84  65 -1  0  0  2  4.701325e-01  2.000000e-07
 84  44 -1 -1  0  2  3.372695e-01  2.000000e-07
 84  89  0 -1  0  2  4.303501e-01  2.000000e-07
 84  87 -1 -1  0  2  4.527711e-01  2.000000e-07
 84  48 -1  0  0  2  3.751997e-01  2.000000e-07
 84  47 -1  0  0  2  3.581057e-01  2.000000e-07
 85  61 -1  0  0  2  2.354053e-01  2.000000e-07
 85  69  0  0  0  2  1.555571e-01  2.000000e-07
 85  75  0  0  0  2  2.354705e-01  2.000000e-07
 85  78  0  0  0  2  1.991075e-01  2.000000e-07
 85  73  0  0  0  2  2.704327e-01  2.000000e-07
 85  82  0  0  0  2  1.142895e-01  2.000000e-07
 85  86  0  1  0  2  4.497144e-01  2.000000e-07
 85  71  0  0  0  2  1.145657e-01  2.000000e-07
 85  1  0  0  0  2  2.575545e-01  2.000000e-07
 85  44 -1  0  0  2  2.172687e-01  2.000000e-07
 85  89  0  0  0  2  4.060029e-01  2.000000e-07
 85  87 -1  0  0  2  3.879433e-01  2.000000e-07
 61  69  1  0  0  2  3.724019e-01  2.000000e-07
 61  73  1  0  0  2  3.685855e-01  2.000000e-07
 61  82  1  0  0  2  1.572486e-01  2.000000e-07
 61  54  0  0  0  2  3.988018e-01  2.000000e-07
 61  64  0  0  0  2  1.251841e-01  2.000000e-07
 61  65  0  0  0  2  4.106571e-01  2.000000e-07
 61  44  0  0  0  2  1.057534e-01  2.000000e-07
 61  87  0  0  0  2  2.232024e-01  2.000000e-07
 45  62  0  0  0  2  1.364862e-01  2.000000e-07
 45  63  0  0  0  2  4.425548e-02  2.000000e-07
 45  55  0  0  0  2  2.100732e-01  2.000000e-07
 45  50  0  0  0  2  2.815481e-01  2.000000e-07
 45  56  0  0  0  2  4.331509e-01  2.000000e-07
 45  57  0  0  0  2  1.500686e-01  2.000000e-07
 45  79  0  0  0  2  1.764604e-01  2.000000e-07
 45  58  0  0  0  2  2.361080e-01  2.000000e-07
 69  5  0  0  0  2  1.650495e-01  2.000000e-07
 69  73  0  0  0  2  2.092395e-01  2.000000e-07
 69  70  0  0  0  2  3.801173e-01  2.000000e-07
 69  0  0  0  0  2  1.909136e-01  2.000000e-07
 69  76  0  0  0  2  4.308068e-01  2.000000e-07
 69  88  0  0  0  2  3.595893e-01  2.000000e-07
 69  71  0  0  0  2  5.873295e-02  2.000000e-07
 69  77  0  0  0  2  2.223352e-01  2.000000e-07
 69  64 -1  0  0  2  4.860318e-01  2.000000e-07
 69  1  0  0  0  2  1.051205e-01  2.000000e-07
 69  44 -1  0  0  2  3.715526e-01  2.000000e-07
 69  89  0  0  0  2  2.638847e-01  2.000000e-07
 69  79  0  1  0  2  3.992331e-01  2.000000e-07
 72  75  0  0  0  2  9.118218e-02  2.000000e-07
 72  78  0  0  0  2  1.776211e-01  2.000000e-07
 72  62  0  0  0  2  3.229513e-01  2.000000e-07
 72  73  0  0  0  2  1.747567e-01  2.000000e-07
 72  70  0  0  0  2  2.360338e-01  2.000000e-07
 72  0  0  0  0  2  1.430882e-01  2.000000e-07
 72  74  0  0  0  2  4.177166e-01  2.000000e-07
 72  4  0  0  0  2  1.684744e-01  2.000000e-07
 72  88  0  0  0  2  2.720287e-01  2.000000e-07
 72  77  0  0  0  2  4.021039e-02  2.000000e-07
 72  1  0  0  0  2  8.505541e-02  2.000000e-07
 5  75  0  0  0  2  7.354082e-02  2.000000e-07
 5  78  0  0  0  2  6.148125e-02  2.000000e-07
 5  76  0  0  0  2  2.859404e-01  2.000000e-07
 5  4  0  0  0  2  1.176982e-01  2.000000e-07
 5  56  0  0  0  2  4.442337e-01  2.000000e-07
 5  71  0  0  0  2  2.142383e-01  2.000000e-07
 5  77  0  0  0  2  1.482519e-01  2.000000e-07
 5  64 -1  0  0  2  4.718895e-01  2.000000e-07
 5  3  0  0  0  2  6.591917e-02  2.000000e-07
 5  66  0  0  0  2  2.664975e-01  2.000000e-07
 5  58  0  0  0  2  2.226528e-01  2.000000e-07
 5  2 -1  0  0  2  4.711488e-01  2.000000e-07
 75  78  0  0  0  2  9.799779e-02  2.000000e-07
 75  73  0  0  0  2  1.274369e-01  2.000000e-07
 75  82  0  0  0  2  2.540857e-01  2.000000e-07
 75  0  0  0  0  2  1.795828e-01  2.000000e-07
 75  4  0  0  0  2  1.751785e-01  2.000000e-07
 75  88  0  0  0  2  3.377396e-01  2.000000e-07
 75  77  0  0  0  2  1.271039e-01  2.000000e-07
 75  3  0  0  0  2  1.393087e-01  2.000000e-07
 75  1  0  0  0  2  6.829546e-02  2.000000e-07
 78  73  0  0  0  2  7.300420e-02  2.000000e-07
 78  82  0  0  0  2  1.761010e-01  2.000000e-07
 78  4  0  0  0  2  1.674947e-01  2.000000e-07
 78  3  0  0  0  2  9.224470e-02  2.000000e-07
 78  1  0  0  0  2  1.632707e-01  2.000000e-07
 78  66  0  0  0  2  2.411925e-01  2.000000e-07
 62  54  0  0  0  2  2.374938e-01  2.000000e-07
 62  63  0  0  0  2  1.155137e-01  2.000000e-07
 62  55  0  0  0  2  2.757830e-01  2.000000e-07
 62  49  0  0  0  2  1.271712e-01  2.000000e-07
 62  4  0  0  0  2  2.953024e-01  2.000000e-07
 62  88  0  0  0  2  4.081770e-01  2.000000e-07
 62  57  0  0  0  2  1.211827e-01  2.000000e-07
 62  77  0  0  0  2  2.828566e-01  2.000000e-07
 62  58  0  0  0  2  1.670511e-01  2.000000e-07
 62  2  0  0  0  2  2.476110e-01  2.000000e-07
 73  82  0  0  0  2  2.305495e-01  2.000000e-07
 73  54 -1  0  0  2  4.984124e-01  2.000000e-07
 73  74  0  0  0  2  3.334842e-01  2.000000e-07
 73  76  0  0  0  2  2.783104e-01  2.000000e-07
 73  4  0  0  0  2  1.003012e-01  2.000000e-07
 73  1  0  0  0  2  1.946689e-01  2.000000e-07
 73  65 -1  0  0  2  5.598442e-01  2.000000e-07
 82  54 -1  0  0  2  4.603407e-01  2.000000e-07
 82  50 -1  1  0  2  4.622315e-01  2.000000e-07
 82  66  0  0  0  2  2.443978e-01  2.000000e-07
 82  87 -1  0  0  2  3.588143e-01  2.000000e-07
 54  74  1  0  0  2  5.019055e-01  2.000000e-07
 54  49  0  0  0  2  1.784822e-01  2.000000e-07
 54  65  0  0  0  2  7.700257e-02  2.000000e-07
 54  66  1  0  0  2  2.828144e-01  2.000000e-07
 54  48  0  0  0  2  1.351588e-01  2.000000e-07
 54  47  0  0  0  2  1.665899e-01  2.000000e-07
 70  76  0  0  0  2  3.343236e-01  2.000000e-07
 70  57  0  0  0  2  3.363951e-01  2.000000e-07
 70  77  0  0  0  2  2.153533e-01  2.000000e-07
 70  64  0  0  0  2  1.818681e-01  2.000000e-07
 70  1  0  0  0  2  2.789342e-01  2.000000e-07
 70  44  0  0  0  2  2.924113e-01  2.000000e-07
 70  89  0  0  0  2  2.223066e-01  2.000000e-07
 70  79  0  1  0  2  4.403364e-01  2.000000e-07
 70  2  0  0  0  2  2.551533e-01  2.000000e-07
 70  87  0  0  0  2  1.873057e-01  2.000000e-07
 0  88  0  0  0  2  1.690619e-01  2.000000e-07
 0  86  0  1  0  2  3.872332e-01  2.000000e-07
 0  1  0  0  0  2  1.130747e-01  2.000000e-07
 0  89  0  0  0  2  1.015286e-01  2.000000e-07
 0  87  0  0  0  2  2.760770e-01  2.000000e-07
 74  55  0  0  0  2  4.507323e-02  2.000000e-07
 74  76  0  0  0  2  2.086474e-01  2.000000e-07
 74  4  0  0  0  2  2.600751e-01  2.000000e-07
 63  49  0  0  0  2  3.506027e-02  2.000000e-07
 63  50  0  0  0  2  2.737638e-01  2.000000e-07
 63  57  0  0  0  2  1.656747e-01  2.000000e-07
 63  65  0  0  0  2  1.404500e-01  2.000000e-07
 63  79  0  0  0  2  2.108601e-01  2.000000e-07
 63  66  1  0  0  2  4.851389e-01  2.000000e-07
 63  58  0  0  0  2  2.454787e-01  2.000000e-07
 63  2  0  0  0  2  3.067295e-01  2.000000e-07
 63  47  0  0  0  2  2.183267e-01  2.000000e-07
 55  49  0  0  0  2  2.857938e-01  2.000000e-07
 55  50  0  0  0  2  4.430372e-01  2.000000e-07
 55  4  0  0  0  2  2.479856e-01  2.000000e-07
 55  56  0  0  0  2  2.273018e-01  2.000000e-07
 55  86  0  0  0  2  9.818447e-02  2.000000e-07
 55  58  0  0  0  2  2.227051e-01  2.000000e-07
 55  48  0  0  0  2  4.236612e-01  2.000000e-07
 49  50  0  0  0  2  2.547515e-01  2.000000e-07
 49  86  0  0  0  2  2.824354e-01  2.000000e-07
 49  66  1  0  0  2  4.542116e-01  2.000000e-07
 49  48  0  0  0  2  1.623082e-01  2.000000e-07
 49  47  0  0  0  2  1.894044e-01  2.000000e-07
 50  88  0 -1  0  2  2.709312e-01  2.000000e-07
 50  86  0  0  0  2  3.805856e-01  2.000000e-07
 50  89  0 -1  0  2  2.932341e-01  2.000000e-07
 50  87  0 -1  0  2  2.054387e-01  2.000000e-07
 50  48  0  0  0  2  1.411861e-01  2.000000e-07
 50  47  0  0  0  2  1.095962e-01  2.000000e-07
 76  56  0  0  0  2  3.785658e-01  2.000000e-07
 76  86  0  0  0  2  2.414776e-01  2.000000e-07
 76  57  0  0  0  2  1.892092e-02  2.000000e-07
 76  77  0  0  0  2  2.321472e-01  2.000000e-07
 76  64  0  0  0  2  4.141063e-01  2.000000e-07
 76  1  0  0  0  2  3.496468e-01  2.000000e-07
 76  79  0  0  0  2  2.964328e-01  2.000000e-07
 76  58  0  0  0  2  7.291814e-02  2.000000e-07
 4  56  0  0  0  2  3.610479e-01  2.000000e-07
 4  77  0  0  0  2  1.588257e-01  2.000000e-07
 4  3  0  0  0  2  8.315257e-02  2.000000e-07
 4  66  0  0  0  2  2.651157e-01  2.000000e-07
 4  58  0  0  0  2  1.286190e-01  2.000000e-07
 56  50 -1  0  0  2  4.196996e-01  2.000000e-07
 56  57  0  0  0  2  3.859921e-01  2.000000e-07
 56  71  0 -1  0  2  3.791187e-01  2.000000e-07
 56  44 -1 -1  0  2  4.539900e-01  2.000000e-07
 56  79  0  0  0  2  3.725238e-01  2.000000e-07
 56  66  0  0  0  2  2.823602e-01  2.000000e-07
 56  58  0  0  0  2  4.076830e-01  2.000000e-07
 56  47 -1  0  0  2  3.613721e-01  2.000000e-07
 88  77  0  0  0  2  2.694741e-01  2.000000e-07
 88  89  0  0  0  2  1.270758e-01  2.000000e-07
 88  79  0  1  0  2  3.199442e-01  2.000000e-07
 88  58  0  0  0  2  3.856802e-01  2.000000e-07
 88  87  0  0  0  2  1.087440e-01  2.000000e-07
 86  57  0  0  0  2  2.364649e-01  2.000000e-07
 86  71  0 -1  0  2  3.775201e-01  2.000000e-07
 86  1  0 -1  0  2  4.370000e-01  2.000000e-07
 86  65  0  0  0  2  3.914487e-01  2.000000e-07
 86  89  0 -1  0  2  3.237856e-01  2.000000e-07
 86  79  0  0  0  2  1.337632e-01  2.000000e-07
 86  87  0 -1  0  2  4.699406e-01  2.000000e-07
 86  48  0  0  0  2  3.906918e-01  2.000000e-07
 57  77  0  0  0  2  2.457705e-01  2.000000e-07
 57  64  0  0  0  2  4.078033e-01  2.000000e-07
 57  65  0  0  0  2  2.723489e-01  2.000000e-07
 57  79  0  0  0  2  2.836440e-01  2.000000e-07
 57  58  0  0  0  2  8.819060e-02  2.000000e-07
 57  2  0  0  0  2  3.644889e-01  2.000000e-07
 71  53  0  1  0  2  5.522129e-01  2.000000e-07
 71  64 -1  0  0  2  4.656298e-01  2.000000e-07
 71  1  0  0  0  2  1.617293e-01  2.000000e-07
 71  44 -1  0  0  2  3.310051e-01  2.000000e-07
 71  89  0  0  0  2  2.914574e-01  2.000000e-07
 71  79  0  1  0  2  3.918370e-01  2.000000e-07
 77  3  0  0  0  2  1.865114e-01  2.000000e-07
 77  58  0  0  0  2  1.596625e-01  2.000000e-07
 64  65  0  0  0  2  3.043682e-01  2.000000e-07
 64  44  0  0  0  2  2.070450e-01  2.000000e-07
 64  66  1  0  0  2  3.000808e-01  2.000000e-07
 64  2  0  0  0  2  1.179625e-01  2.000000e-07
 3  66  0  0  0  2  2.144026e-01  2.000000e-07
 1  89  0  0  0  2  2.091163e-01  2.000000e-07
 65  44  0 -1  0  2  5.384367e-01  2.000000e-07
 65  79  0  0  0  2  3.284318e-01  2.000000e-07
 65  2  0  0  0  2  1.962147e-01  2.000000e-07
 65  87  0 -1  0  2  4.827092e-01  2.000000e-07
 65  48  0  0  0  2  1.435083e-01  2.000000e-07
 44  89  0  0  0  2  3.859936e-01  2.000000e-07
 44  79  0  1  0  2  4.899038e-01  2.000000e-07
 44  87  0  0  0  2  1.722900e-01  2.000000e-07
 89  79  0  1  0  2  2.328467e-01  2.000000e-07
 89  87  0  0  0  2  2.139798e-01  2.000000e-07
 89  48  0  1  0  2  4.105487e-01  2.000000e-07
 79  87  0 -1  0  2  3.421734e-01  2.000000e-07
 79  48  0  0  0  2  2.856584e-01  2.000000e-07
 66  62 -1  0  0  2  4.672698e-01  2.000000e-07
 66  58  0  0  0  2  3.840591e-01  2.000000e-07
 66  2 -1  0  0  2  2.438340e-01  2.000000e-07
 66  47 -1  0  0  2  4.164099e-01  2.000000e-07
 2  60  0  0  0  2  4.221084e-01  2.000000e-07
 87  48  0  1  0  2  3.461668e-01  2.000000e-07
 87  47  0  1  0  2  3.131710e-01  2.000000e-07
 48  47  0  0  0  2  3.514519e-02  2.000000e-07
 59  53  0  0  0  1  8.065752e-02  3.000000e-07
 59  74  0  0  0  1  1.748782e-01  3.000000e-07
 59  55  0  0  0  1  2.030592e-01  3.000000e-07
 59  4  0  0  0  1  2.101784e-01  3.000000e-07
 59  3  0  0  0  1  2.155428e-01  3.000000e-07
 59  66  0  0  0  1  1.613552e-01  3.000000e-07
 60  84  1  0  0  1  3.019588e-01  3.000000e-07
 60  50  0  0  0  1  8.732877e-02  3.000000e-07
 60  56  1  0  0  1  3.327069e-01  3.000000e-07
 60  48  0  0  0  1  1.141280e-01  3.000000e-07
 60  47  0  0  0  1  8.081126e-02  3.000000e-07
 51  85  0  0  0  1  1.025472e-01  3.000000e-07
 51  61 -1  0  0  1  1.328585e-01  3.000000e-07
 51  82  0  0  0  1  6.702912e-02  3.000000e-07
 51  44 -1  0  0  1  1.338974e-01  3.000000e-07
 46  52  0  0  0  1  1.964672e-01  3.000000e-07
 46  67  0  0  0  1  1.663209e-01  3.000000e-07
 46  54  0  0  0  1  1.807588e-01  3.000000e-07
 46  70  0  0  0  1  2.391811e-01  3.000000e-07
 46  64  0  0  0  1  1.358259e-01  3.000000e-07
 46  65  0  0  0  1  1.685445e-01  3.000000e-07
 52  83  0  0  0  1  6.475963e-02  3.000000e-07
 52  61  0  0  0  1  1.690833e-01  3.000000e-07
 52  70  0  0  0  1  1.004692e-01  3.000000e-07
 52  64  0  0  0  1  9.281445e-02  3.000000e-07
 53  56  0  0  0  1  1.731516e-01  3.000000e-07
 53  66  0  0  0  1  1.094768e-01  3.000000e-07
 67  70  0  0  0  1  2.641376e-01  3.000000e-07
 67  49  0  0  0  1  1.372535e-01  3.000000e-07
 67  58  0  0  0  1  1.919252e-01  3.000000e-07
 83  61  0  0  0  1  1.729625e-01  3.000000e-07
 83  70  0  0  0  1  1.199612e-01  3.000000e-07
 83  88  0  0  0  1  1.240033e-01  3.000000e-07
 83  44  0  0  0  1  1.739795e-01  3.000000e-07
 83  87  0  0  0  1  9.688507e-02  3.000000e-07
 68  84  0  0  0  1  2.606784e-01  3.000000e-07
 68  0  0 -1  0  1  2.084549e-01  3.000000e-07
 68  86  0  0  0  1  1.889444e-01  3.000000e-07
 68  71  0 -1  0  1  2.140592e-01  3.000000e-07
 68  79  0  0  0  1  1.778153e-01  3.000000e-07
 84  56  0  0  0  1  1.370905e-01  3.000000e-07
 84  86  0  0  0  1  2.804684e-01  3.000000e-07
 84  71  0 -1  0  1  2.534337e-01  3.000000e-07
 84  44 -1 -1  0  1  3.372695e-01  3.000000e-07
 85  69  0  0  0  1  1.555571e-01  3.000000e-07
 85  78  0  0  0  1  1.991075e-01  3.000000e-07
 85  82  0  0  0  1  1.142895e-01  3.000000e-07
 85  71  0  0  0  1  1.145657e-01  3.000000e-07
 85  44 -1  0  0  1  2.172687e-01  3.000000e-07
 61  82  1  0  0  1  1.572486e-01  3.000000e-07
 61  64  0  0  0  1  1.251841e-01  3.000000e-07
 61  2  0  0  0  1  2.144484e-01  3.000000e-07
 45  62  0  0  0  1  1.364862e-01  3.000000e-07
 45  55  0  0  0  1  2.100732e-01  3.000000e-07
 45  49  0  0  0  1  7.658270e-02  3.000000e-07
 45  86  0  0  0  1  2.083367e-01  3.000000e-07
 45  57  0  0  0  1  1.500686e-01  3.000000e-07
 45  79  0  0  0  1  1.764604e-01  3.000000e-07
 69  75  0  0  0  1  1.090711e-01  3.000000e-07
 69  78  0  0  0  1  1.459457e-01  3.000000e-07
 69  0  0  0  0  1  1.909136e-01  3.000000e-07
 69  71  0  0  0  1  5.873295e-02  3.000000e-07
 69  1  0  0  0  1  1.051205e-01  3.000000e-07
 72  5  0  0  0  1  1.275087e-01  3.000000e-07
 72  75  0  0  0  1  9.118218e-02  3.000000e-07
 72  1  0  0  0  1  8.505541e-02  3.000000e-07
 5  75  0  0  0  1  7.354082e-02  3.000000e-07
 5  73  0  0  0  1  5.432328e-02  3.000000e-07
 5  4  0  0  0  1  1.176982e-01  3.000000e-07
 5  77  0  0  0  1  1.482519e-01  3.000000e-07
 5  3  0  0  0  1  6.591917e-02  3.000000e-07
 75  78  0  0  0  1  9.799779e-02  3.000000e-07
 75  1  0  0  0  1  6.829546e-02  3.000000e-07
 78  73  0  0  0  1  7.300420e-02  3.000000e-07
 78  82  0  0  0  1  1.761010e-01  3.000000e-07
 78  66  0  0  0  1  2.411925e-01  3.000000e-07
 62  63  0  0  0  1  1.155137e-01  3.000000e-07
 62  49  0  0  0  1  1.271712e-01  3.000000e-07
 62  57  0  0  0  1  1.211827e-01  3.000000e-07
 62  58  0  0  0  1  1.670511e-01  3.000000e-07
 73  66  0  0  0  1  2.156271e-01  3.000000e-07
 82  66  0  0  0  1  2.443978e-01  3.000000e-07
 54  53  1  0  0  1  2.820068e-01  3.000000e-07
 54  56  1  0  0  1  3.451123e-01  3.000000e-07
 54  65  0  0  0  1  7.700257e-02  3.000000e-07
 54  2  0  0  0  1  1.919508e-01  3.000000e-07
 54  48  0  0  0  1  1.351588e-01  3.000000e-07
 70  88  0  0  0  1  1.251192e-01  3.000000e-07
 70  77  0  0  0  1  2.153533e-01  3.000000e-07
 0  88  0  0  0  1  1.690619e-01  3.000000e-07
 0  77  0  0  0  1  1.637845e-01  3.000000e-07
 0  1  0  0  0  1  1.130747e-01  3.000000e-07
 0  89  0  0  0  1  1.015286e-01  3.000000e-07
 74  56  0  0  0  1  1.822570e-01  3.000000e-07
 74  86  0  0  0  1  1.057101e-01  3.000000e-07
 55  4  0  0  0  1  2.479856e-01  3.000000e-07
 55  86  0  0  0  1  9.818447e-02  3.000000e-07
 55  57  0  0  0  1  1.711139e-01  3.000000e-07
 49  65  0  0  0  1  1.090177e-01  3.000000e-07
 49  79  0  0  0  1  2.276920e-01  3.000000e-07
 49  48  0  0  0  1  1.623082e-01  3.000000e-07
 49  47  0  0  0  1  1.894044e-01  3.000000e-07
 50  44  0 -1  0  1  2.808544e-01  3.000000e-07
 50  89  0 -1  0  1  2.932341e-01  3.000000e-07
 50  79  0  0  0  1  2.503516e-01  3.000000e-07
 50  87  0 -1  0  1  2.054387e-01  3.000000e-07
 50  47  0  0  0  1  1.095962e-01  3.000000e-07
 76  4  0  0  0  1  1.780919e-01  3.000000e-07
 76  58  0  0  0  1  7.291814e-02  3.000000e-07
 4  77  0  0  0  1  1.588257e-01  3.000000e-07
 4  3  0  0  0  1  8.315257e-02  3.000000e-07
 4  58  0  0  0  1  1.286190e-01  3.000000e-07
 56  86  0  0  0  1  2.453946e-01  3.000000e-07
 88  89  0  0  0  1  1.270758e-01  3.000000e-07
 88  87  0  0  0  1  1.087440e-01  3.000000e-07
 86  79  0  0  0  1  1.337632e-01  3.000000e-07
 57  58  0  0  0  1  8.819060e-02  3.000000e-07
 77  58  0  0  0  1  1.596625e-01  3.000000e-07
 64  2  0  0  0  1  1.179625e-01  3.000000e-07
 3  66  0  0  0  1  2.144026e-01  3.000000e-07
 65  48  0  0  0  1  1.435083e-01  3.000000e-07
 44  60  0  1  0  1  2.830225e-01  3.000000e-07
 44  87  0  0  0  1  1.722900e-01  3.000000e-07
 89  68  0  1  0  1  1.761896e-01  3.000000e-07
 89  79  0  1  0  1  2.328467e-01  3.000000e-07
 89  87  0  0  0  1  2.139798e-01  3.000000e-07
 66  2 -1  0  0  1  2.438340e-01  3.000000e-07
-1.143695e-02  3.601629e-01  0
-1.098000e-01  3.043901e-01  0
 3.507379e-01  8.122652e-02  0
-2.153867e-01  1.285938e-01  0
-1.477748e-01  8.018950e-02  0
-1.907818e-01  1.897488e-01  0
 1.252431e-01  4.096806e-02 -1.869354e-01
-1.187569e-01 -8.793348e-02 -2.334098e-01
 1.554659e-01  2.840057e-01  2.189982e-01
-2.989915e-01 -3.482018e-01  2.424261e-01
-2.394193e-01  3.869676e-01  1.873732e-01
 3.580768e-01  3.627153e-01  2.097124e-01
 1.583447e-01  2.124434e-01  2.161259e-01
-3.013908e-01 -7.190944e-02 -1.260187e-01
-2.336467e-01 -8.962210e-02  2.689407e-01
 2.943092e-01 -4.814342e-02  3.975641e-01
-4.842103e-02  2.060351e-02  2.939887e-01
-3.843161e-01  3.788296e-01 -1.618914e-01
-1.838044e-01  2.294273e-01 -2.956189e-01
 2.750520e-01  2.477873e-01 -3.966393e-01
 3.017723e-01  4.048380e-01 -2.436386e-01
 2.727218e-01  1.856945e-01 -2.283426e-01
 2.937843e-01  4.036005e-01  4.008711e-01
 4.337329e-01  4.358952e-01 -3.617115e-01
-3.271455e-01  1.567209e-01 -3.368547e-01
 2.781146e-01  6.396358e-02 -3.329704e-01
-3.935793e-01 -6.180499e-05 -3.815116e-01
 2.128910e-01  2.152095e-01  3.930876e-01
-5.639817e-02  3.234620e-01  3.251468e-01
 2.956921e-01  2.105898e-01  2.983217e-01
 3.871044e-01  2.174290e-01  4.449650e-01
 2.529065e-01  1.338155e-01  1.782951e-01
-4.463170e-01 -3.242790e-01 -4.476821e-01
-4.187386e-01  2.248755e-01 -3.372219e-01
-1.178325e-02  3.798998e-01  2.792671e-01
 1.080879e-01 -4.279724e-01  3.428671e-01
-1.935073e-02  5.781809e-02  3.765957e-01
-3.251131e-01 -4.368753e-01 -4.241694e-01
 1.844971e-01  3.565532e-02 -3.759137e-01
 3.337335e-02  1.322923e-01 -3.325153e-01
-7.976455e-03  3.626601e-01 -3.361211e-01
-2.109333e-01  1.822871e-01 -2.710524e-01
-2.328956e-01  3.074772e-01  1.777821e-01
-2.659894e-01 -1.381110e-01 -1.588391e-01
 4.274364e-01  3.848809e-01  0
 9.934051e-02 -1.597738e-01  0
 3.094579e-01  6.551458e-02  0
 3.132996e-01 -2.732986e-01  0
 3.065145e-01 -2.388146e-01  0
 1.743927e-01 -1.445396e-01  0
 2.782759e-01 -3.771478e-01  0
-4.474436e-01  3.371996e-01  0
 2.653844e-01  2.569745e-01  0
-3.719959e-01 -6.553096e-02  0
 3.496417e-01 -1.107211e-01  0
-1.106675e-01 -1.650042e-01  0
-3.275943e-01 -2.328928e-01  0
 7.410297e-03 -4.115918e-02  0
-2.536290e-02  4.071572e-02  0
-2.916843e-01 -7.299337e-02  0
 3.576921e-01 -3.408246e-01  0
 4.329908e-01  2.792734e-01  0
 1.276737e-01 -2.626086e-02  0
 1.394949e-01 -1.411681e-01  0
 3.374086e-01  1.984335e-01  0
 2.735131e-01 -9.915236e-02  0
-4.094073e-01  3.735514e-02  0
 1.602730e-01 -8.014256e-03  0
-9.321976e-02 -4.480951e-01  0
-2.022635e-01  3.543985e-01  0
 1.649192e-01  2.560825e-01  0
-2.418115e-01  3.978210e-01  0
-6.960525e-02  2.294315e-01  0
-2.232778e-01  1.462169e-01  0
-1.532333e-01 -1.798283e-01  0
-1.570940e-01  2.551200e-01  0
-7.934073e-03 -3.008888e-02  0
-4.284560e-02  1.994182e-01  0
-2.466691e-01  2.153723e-01  0
 3.372238e-02 -3.235801e-01  0
 2.728142e-01 -3.504357e-01 -2.856158e-01
 4.286356e-01 -2.339716e-01  2.159045e-01
-4.097801e-01  2.817526e-01  0
 2.653212e-01  3.217341e-01  0
-3.416906e-01 -3.692566e-01  0
-3.553111e-01  3.822276e-01  0
-8.363490e-02 -2.593939e-01  0
 2.584333e-01  4.183740e-01  0
 1.563473e-01  3.809077e-01  0
 4.598100e-02  4.438960e-01  0