 710  90  1.200000e-05  86 -2 -2
 15  37  0  0  0  3  2.731399e-01  1.000000e-07
 15  57  0  0  0  3  4.362970e-01  1.000000e-07
 15  27  1  0  0  3  2.028231e-01  1.000000e-07
 15  28  0  0  1  3  4.793363e-01  1.000000e-07
 25  26  0  0  0  3  6.031805e-02  1.000000e-07
 25  18  0  0  0  3  2.174150e-01  1.000000e-07
 25  30  0  0  0  3  4.730204e-01  1.000000e-07
 25  17  0  0  0  3  1.863677e-01  1.000000e-07
 25  29  0  0  0  3  3.298625e-01  1.000000e-07
 25  16  0  0  0  3  1.816555e-01  1.000000e-07
 25  20  0  0  1  3  4.228342e-01  1.000000e-07
 25  33  0  0  1  3  3.613558e-01  1.000000e-07
 25  34  0  0  1  3  2.697225e-01  1.000000e-07
 37  27  1  0  0  3  3.466852e-01  1.000000e-07
 37  13  0  0  0  3  1.605021e-01  1.000000e-07
 37  19  0  0  0  3  2.891721e-01  1.000000e-07
 37  38  1  0  0  3  3.740708e-01  1.000000e-07
 37  28  0  0  1  3  4.147312e-01  1.000000e-07
 57  87  0  0  0  3  4.452844e-01  1.000000e-07
 57  17  0  0  0  3  3.146132e-01  1.000000e-07
 57  12  0 -1  0  3  3.387151e-01  1.000000e-07
 57  31  0  0  0  3  3.623824e-01  1.000000e-07
 57  14  0 -1  0  3  2.813598e-01  1.000000e-07
 26  27  0  0  0  3  3.726842e-01  1.000000e-07
 26  18  0  0  0  3  1.940641e-01  1.000000e-07
 26  17  0  0  0  3  1.654225e-01  1.000000e-07
 26  29  0  0  0  3  3.218018e-01  1.000000e-07
 26  31  0  0  0  3  3.841654e-01  1.000000e-07
 26  16  0  0  0  3  1.738570e-01  1.000000e-07
 26  24  0  0  1  3  4.966272e-01  1.000000e-07
 26  21  0  0  1  3  5.565113e-01  1.000000e-07
 27  18  0  0  0  3  2.933808e-01  1.000000e-07
 27  17  0  0  0  3  4.101050e-01  1.000000e-07
 27  39  0  0  0  3  4.090805e-01  1.000000e-07
 27  29  0  0  0  3  3.732150e-01  1.000000e-07
 27  31  0  0  0  3  3.861809e-01  1.000000e-07
 27  21  0  0  1  3  5.437857e-01  1.000000e-07
 13  87  1  1  0  3  4.312609e-01  1.000000e-07
 13  30  0  1  0  3  4.530086e-01  1.000000e-07
 13  29  1  0  0  3  4.366150e-01  1.000000e-07
 13  14  0  0  0  3  3.755720e-01  1.000000e-07
 13  58  0  1  1  3  5.583885e-01  1.000000e-07
 19  18  0  0  0  3  2.366388e-01  1.000000e-07
 19  30  0  0  0  3  4.751711e-01  1.000000e-07
 19  17  0  0  0  3  2.220127e-01  1.000000e-07
 19  39  0  0  0  3  2.084752e-01  1.000000e-07
 19  29  0  0  0  3  3.785528e-01  1.000000e-07
 19  16  0  0  0  3  1.722975e-01  1.000000e-07
 19  28  0  0  1  3  3.701759e-01  1.000000e-07
 19  34  0  0  1  3  3.141098e-01  1.000000e-07
 87  17  0  0  0  3  4.309253e-01  1.000000e-07
 87  38  0 -1  0  3  5.146506e-01  1.000000e-07
 87  29  0 -1  0  3  4.606133e-01  1.000000e-07
 18  39  0  0  0  3  1.570798e-01  1.000000e-07
 18  38  0  0  0  3  2.018467e-01  1.000000e-07
 18  29  0  0  0  3  3.004910e-01  1.000000e-07
 18  16  0  0  0  3  1.391638e-01  1.000000e-07
 30  14  0 -1  0  3  4.770815e-01  1.000000e-07
 30  32  0  0  1  3  4.658469e-01  1.000000e-07
 30  34  0  0  1  3  4.220241e-01  1.000000e-07
 30  58  0  0  1  3  2.480510e-01  1.000000e-07
 30  21  1  0  1  3  4.851424e-01  1.000000e-07
 30  10  0  0  1  3  4.745195e-01  1.000000e-07
 17  39  0  0  0  3  1.578685e-01  1.000000e-07
 17  16  0  0  0  3  1.236914e-01  1.000000e-07
 17  32  0  0  1  3  4.507839e-01  1.000000e-07
 39  12  0  0  0  3  3.232494e-01  1.000000e-07
 12  38  0  0  0  3  3.091477e-01  1.000000e-07
 12  31  0  1  0  3  3.825419e-01  1.000000e-07
 12  14  0  0  0  3  1.222950e-01  1.000000e-07
 38  29  0  0  0  3  2.211608e-01  1.000000e-07
 38  28 -1  0  1  3  5.011422e-01  1.000000e-07
 38  24  0  0  1  3  4.843568e-01  1.000000e-07
 29  20  0  0  1  3  3.096270e-01  1.000000e-07
 31  32  0  0  1  3  3.033416e-01  1.000000e-07
 31  9  0  0  1  3  4.355741e-01  1.000000e-07
 31  40  0  0  1  3  5.454944e-01  1.000000e-07
 31  58 -1  0  1  3  4.861127e-01  1.000000e-07
 31  35  0 -1  1  3  5.347614e-01  1.000000e-07
 14  32  0  1  1  3  4.823949e-01  1.000000e-07
 14  28  0  0  1  3  5.318532e-01  1.000000e-07
 14  33  0  0  1  3  4.231418e-01  1.000000e-07
 14  82  0  0  1  3  6.160023e-01  1.000000e-07
 32  9  0  0  0  3  1.847131e-01  1.000000e-07
 32  82  0 -1  0  3  3.998312e-01  1.000000e-07
 32  40  0  0  0  3  3.770327e-01  1.000000e-07
 32  58 -1  0  0  3  4.925633e-01  1.000000e-07
 32  10  0  0  0  3  1.490203e-01  1.000000e-07
 28  33  0  0  0  3  5.176071e-01  1.000000e-07
 28  58  0  0  0  3  4.924801e-01  1.000000e-07
 28  35  1  0  0  3  4.902055e-01  1.000000e-07
 28  23  0  0  0  3  1.661896e-01  1.000000e-07
 9  11  0  0  0  3  1.058195e-01  1.000000e-07
 9  33  0 -1  0  3  3.758350e-01  1.000000e-07
 9  82  0 -1  0  3  3.518859e-01  1.000000e-07
 9  40  0  0  0  3  3.108008e-01  1.000000e-07
 9  58 -1  0  0  3  4.120016e-01  1.000000e-07
 9  35  0 -1  0  3  2.432574e-01  1.000000e-07
 9  10  0  0  0  3  2.049813e-01  1.000000e-07
 41  83  0  0  0  3  2.479904e-01  1.000000e-07
 41  82  0 -1  0  3  5.717230e-01  1.000000e-07
 41  7  0  0  0  3  2.144548e-01  1.000000e-07
 41  23  0  0  0  3  2.515598e-01  1.000000e-07
 41  8  0  0  0  3  2.358282e-01  1.000000e-07
 41  10  0  0  0  3  2.635688e-01  1.000000e-07
 20  33  0  0  0  3  1.517691e-01  1.000000e-07
 20  82  0  0  0  3  3.110643e-01  1.000000e-07
 20  40  0  0  0  3  2.849450e-01  1.000000e-07
 20  24  0  0  0  3  1.780607e-01  1.000000e-07
 20  34  0  0  0  3  3.898292e-01  1.000000e-07
 20  36  0  0  0  3  2.593653e-01  1.000000e-07
 20  35  0  0  0  3  2.409538e-01  1.000000e-07
 11  35  0 -1  0  3  2.520277e-01  1.000000e-07
 11  8  0  0  0  3  4.889091e-01  1.000000e-07
 11  10  0  0  0  3  2.701600e-01  1.000000e-07
 33  7  0  0  0  3  3.965055e-01  1.000000e-07
 33  24  0  0  0  3  2.930926e-01  1.000000e-07
 33  23  0  0  0  3  4.903626e-01  1.000000e-07
 33  8  0  0  0  3  3.645684e-01  1.000000e-07
 33  22  0  0  0  3  5.208566e-01  1.000000e-07
 83  82  0  0  0  3  3.363114e-01  1.000000e-07
 83  7  0  0  0  3  2.076249e-01  1.000000e-07
 83  34  0  0  0  3  2.862714e-01  1.000000e-07
 83  36  1  0  0  3  3.733609e-01  1.000000e-07
 83  23  0  0  0  3  9.248799e-02  1.000000e-07
 83  22  0  0  0  3  1.547955e-01  1.000000e-07
 82  7  0  0  0  3  2.576435e-01  1.000000e-07
 82  23  0  0  0  3  3.925411e-01  1.000000e-07
 82  8  0  0  0  3  2.842162e-01  1.000000e-07
 82  10  0  1  0  3  4.293113e-01  1.000000e-07
 82  22  0  0  0  3  4.170870e-01  1.000000e-07
 7  34  0  0  0  3  3.075961e-01  1.000000e-07
 7  8  0  0  0  3  1.017228e-01  1.000000e-07
 40  24  0  0  0  3  2.532010e-01  1.000000e-07
 40  8  0  0  0  3  2.927461e-01  1.000000e-07
 40  10  0  0  0  3  2.920887e-01  1.000000e-07
 24  36  0  0  0  3  1.859931e-01  1.000000e-07
 24  35  0  0  0  3  2.903987e-01  1.000000e-07
 24  21  0  0  0  3  1.765390e-01  1.000000e-07
 24  22 -1  0  0  3  2.748168e-01  1.000000e-07
 34  58  0  0  0  3  4.668299e-01  1.000000e-07
 34  23  0  0  0  3  2.378260e-01  1.000000e-07
 34  8  0  0  0  3  3.242395e-01  1.000000e-07
 34  10  0  0  0  3  2.947128e-01  1.000000e-07
 58  87  1  0 -1  3  5.027007e-01  1.000000e-07
 58  21  1  0  0  3  3.827452e-01  1.000000e-07
 58  23  0  0  0  3  4.901047e-01  1.000000e-07
 58  10  0  0  0  3  4.799113e-01  1.000000e-07
 58  22  0 -1  0  3  4.934634e-01  1.000000e-07
 36  21  0  0  0  3  2.337884e-01  1.000000e-07
 36  8  0  0  0  3  3.441932e-01  1.000000e-07
 36  22 -1  0  0  3  3.366409e-01  1.000000e-07
 35  22 -1  0  0  3  4.393547e-01  1.000000e-07
 21  23 -1  0  0  3  2.784448e-01  1.000000e-07
 21  22 -1  0  0  3  2.591782e-01  1.000000e-07
 23  22  0  0  0  3  9.498302e-02  1.000000e-07
 15  79  0  0  0  3  1.962660e-01  1.000000e-07
 63  83  0  0  0  3  2.297374e-01  1.000000e-07
 12  84  0  0  0  3  2.431798e-01  1.000000e-07
 56  11  0  1  0  3  2.355702e-01  1.000000e-07
 39  60  0  0  0  3  1.491428e-01  1.000000e-07
 81  41  0  0  0  3  2.119165e-01  1.000000e-07
 38  78  0  0  0  3  2.328784e-01  1.000000e-07
 80  36  0  0  0  3  1.113171e-01  1.000000e-07
 57  45  0  0  0  3  2.367507e-01  1.000000e-07
 51  11  0  0  0  3  2.418122e-01  1.000000e-07
 57  75  0  0  0  3  2.085438e-01  1.000000e-07
 55  41  0  0  0  3  2.542692e-01  1.000000e-07
 14  71  0  0  0  3  2.819200e-01  1.000000e-07
 69  7  0  0  0  3  1.367436e-01  1.000000e-07
 87  44  0  0  0  3  1.939410e-01  1.000000e-07
 54  11  0  0  0  3  1.679478e-01  1.000000e-07
 12  80  0  0  0  3  2.824172e-01  1.000000e-07
 78  36  0  0  0  3  1.826307e-01  1.000000e-07
 15  52  0  0  0  3  1.761670e-01  1.000000e-07
 74  58  0  0  0  3  4.341626e-01  1.000000e-07
 39  77  0  0  0  3  2.533902e-01  1.000000e-07
 86  11  0  0  0  3  3.016079e-01  1.000000e-07
 12  84  0  0  0  3  1.957766e-01  1.000000e-07
 56  35  0  0  0  3  2.683001e-01  1.000000e-07
 87  49  0  0  0  3  2.279789e-01  1.000000e-07
 53  40  0  0  0  3  2.584420e-01  1.000000e-07
 18  80  0  0  0  3  2.574524e-01  1.000000e-07
 78  36  0  0  0  3  1.455128e-01  1.000000e-07
 39  81  0  0  0  3  1.455942e-01  1.000000e-07
 60  7  0  0  0  3  1.165510e-01  1.000000e-07
 15  52  0  0  0  3  1.612280e-01  1.000000e-07
 63  21  1  0  0  3  2.834682e-01  1.000000e-07
 57  5  0  0  0  3  1.819127e-01  1.000000e-07
 6  58  0  0  0  3  4.359309e-01  1.000000e-07
 15  53  1  0  0  3  2.641367e-01  1.000000e-07
 70  11  0  0  0  3  2.774526e-01  1.000000e-07
 13  59  0  0  0  3  1.936842e-01  1.000000e-07
 1  83  0  0  0  3  2.235735e-01  1.000000e-07
 12  71  0  0  0  3  2.272301e-01  1.000000e-07
 69  8  0  0  0  3  1.551426e-01  1.000000e-07
 15  63  0  0  0  3  2.074589e-01  1.000000e-07
 62  41  0  0  0  3  2.601367e-01  1.000000e-07
 37  81  0  0  0  3  2.428705e-01  1.000000e-07
 69  7  0  0  0  3  1.521387e-01  1.000000e-07
 37  69  0  0  0  3  2.567338e-01  1.000000e-07
 0  82  0  0  0  3  2.335977e-01  1.000000e-07
 37  78  1  0  0  3  2.543373e-01  1.000000e-07
 73  36  0  0  0  3  1.581414e-01  1.000000e-07
 13  73  1  0  0  3  2.348554e-01  1.000000e-07
 78  36  0  0  0  3  1.624014e-01  1.000000e-07
 38  72  0  0  0  3  2.617620e-01  1.000000e-07
 73  35  0  0  0  3  2.651653e-01  1.000000e-07
 39  86  0  0  0  3  1.801837e-01  1.000000e-07
 85  40  0  0  0  3  2.807580e-01  1.000000e-07
 13  61  0  0  0  3  2.486075e-01  1.000000e-07
 76  82  0  0  0  3  2.515668e-01  1.000000e-07
 87  54  0  0  0  3  2.063037e-01  1.000000e-07
 53  58 -1  0  0  3  4.191597e-01  1.000000e-07
 59  68  0  0  0  2  2.263575e-01  2.000000e-07
 59  0  0  0  0  2  1.896003e-01  2.000000e-07
 59  6  0  1  0  2  4.121107e-01  2.000000e-07
 59  73  1  0  0  2  1.804181e-01  2.000000e-07
 59  69  0  0  0  2  2.596924e-01  2.000000e-07
 59  61  0  0  0  2  1.970329e-01  2.000000e-07
 59  1  0  0  0  2  5.073402e-02  2.000000e-07
 59  78  1  0  0  2  2.815092e-01  2.000000e-07
 59  63  0  0  0  2  3.011315e-01  2.000000e-07
 59  66  1  0  0  2  2.524324e-01  2.000000e-07
 59  72  1  0  0  2  2.418461e-01  2.000000e-07
 59  79  0  0  0  2  1.990959e-01  2.000000e-07
 4  68  0 -1  0  2  2.644094e-01  2.000000e-07
 4  52  0  0  0  2  1.778218e-01  2.000000e-07
 4  73  1 -1  0  2  4.507624e-01  2.000000e-07
 4  61  0 -1  0  2  3.397444e-01  2.000000e-07
 4  54  1  0  0  2  3.378074e-01  2.000000e-07
 4  62  0  0  0  2  1.981456e-01  2.000000e-07
 4  74  0  0  0  2  1.161831e-01  2.000000e-07
 4  64  1  0  0  2  5.270617e-01  2.000000e-07
 4  75  0  0  0  2  1.147201e-01  2.000000e-07
 4  5  0  0  0  2  6.066776e-02  2.000000e-07
 4  76  0 -1  0  2  2.954216e-01  2.000000e-07
 4  67  0  0  0  2  2.789852e-01  2.000000e-07
 4  66  1 -1  0  2  4.171572e-01  2.000000e-07
 2  68  0  0  0  2  4.405688e-01  2.000000e-07
 2  0  0  0  0  2  1.716970e-01  2.000000e-07
 2  88  0  0  0  2  5.222660e-02  2.000000e-07
 2  73  1  0  0  2  4.533305e-01  2.000000e-07
 2  61  0  0  0  2  3.519897e-01  2.000000e-07
 2  89  0  0  0  2  4.171634e-01  2.000000e-07
 2  62  0  0  0  2  1.164795e-01  2.000000e-07
 2  74  0  0  0  2  2.273425e-01  2.000000e-07
 2  70  1  0  0  2  3.046131e-01  2.000000e-07
 2  75  0  0  0  2  2.550337e-01  2.000000e-07
 2  71  0  0  0  2  3.129645e-01  2.000000e-07
 2  76  0  0  0  2  4.407918e-01  2.000000e-07
 2  79  0  0  0  2  1.073286e-01  2.000000e-07
 2  81  0  0  0  2  1.320560e-01  2.000000e-07
 68  6  0  1  0  2  1.857923e-01  2.000000e-07
 68  73  1  0  0  2  2.418752e-01  2.000000e-07
 68  69  0  0  0  2  2.910459e-01  2.000000e-07
 68  53  1  1  0  2  3.867518e-01  2.000000e-07
 68  89  0  0  0  2  2.564758e-01  2.000000e-07
 68  74  0  1  0  2  3.645059e-01  2.000000e-07
 68  64  1  1  0  2  5.007422e-01  2.000000e-07
 68  70  1  0  0  2  5.557238e-01  2.000000e-07
 68  1  0  0  0  2  2.755617e-01  2.000000e-07
 68  75  0  1  0  2  3.517191e-01  2.000000e-07
 68  84  1  0  0  2  4.705055e-01  2.000000e-07
 68  76  0  0  0  2  1.894521e-01  2.000000e-07
 68  77  1  1  0  2  6.254860e-01  2.000000e-07
 68  56  0  0  0  2  3.440767e-01  2.000000e-07
 68  80  1  0  0  2  5.203795e-01  2.000000e-07
 68  81  0  0  0  2  4.343471e-01  2.000000e-07
 0  88  0  0  0  2  1.976888e-01  2.000000e-07
 0  60  0  0  0  2  2.569237e-01  2.000000e-07
 0  73  1  0  0  2  3.621579e-01  2.000000e-07
 0  69  0  0  0  2  8.230740e-02  2.000000e-07
 0  61  0  0  0  2  1.840894e-01  2.000000e-07
 0  71  0  0  0  2  1.955070e-01  2.000000e-07
 0  63  0  0  0  2  2.508810e-01  2.000000e-07
 0  76  0  0  0  2  2.718296e-01  2.000000e-07
 0  79  0  0  0  2  1.830010e-01  2.000000e-07
 6  69  0 -1  0  2  4.218914e-01  2.000000e-07
 6  61  0 -1  0  2  2.561330e-01  2.000000e-07
 6  53  1  0  0  2  3.488123e-01  2.000000e-07
 6  54  1  0  0  2  3.410624e-01  2.000000e-07
 6  74  0  0  0  2  1.970750e-01  2.000000e-07
 6  70  1  0  0  2  3.950679e-01  2.000000e-07
 6  75  0  0  0  2  1.684791e-01  2.000000e-07
 6  55  0  0  0  2  2.934641e-01  2.000000e-07
 6  5  0  0  0  2  8.314208e-02  2.000000e-07
 6  63  0  0  0  2  3.283915e-01  2.000000e-07
 6  66  1 -1  0  2  3.714892e-01  2.000000e-07
 6  56  0 -1  0  2  3.356369e-01  2.000000e-07
 6  72  1 -1  0  2  4.173814e-01  2.000000e-07
 48  51  0  0  0  2  1.112933e-01  2.000000e-07
 48  73  0 -1  0  2  3.581277e-01  2.000000e-07
 48  44  0  0  0  2  1.033287e-01  2.000000e-07
 48  89  0 -1  0  2  3.272885e-01  2.000000e-07
 48  64  0  0  0  2  2.789127e-02  2.000000e-07
 48  49  0  0  0  2  1.407349e-01  2.000000e-07
 48  84  0 -1  0  2  1.756912e-01  2.000000e-07
 48  71  0 -1  0  2  4.015768e-01  2.000000e-07
 48  76  0 -1  0  2  3.612144e-01  2.000000e-07
 48  67  0  0  0  2  2.724229e-01  2.000000e-07
 48  66  0 -1  0  2  2.870863e-01  2.000000e-07
 48  56  0 -1  0  2  2.264592e-01  2.000000e-07
 48  45  0  0  0  2  6.365103e-02  2.000000e-07
 88  60  0  0  0  2  8.104389e-02  2.000000e-07
 88  85  0  0  0  2  4.082245e-01  2.000000e-07
 88  89  0  0  0  2  4.246303e-01  2.000000e-07
 88  62  0  0  0  2  1.057442e-01  2.000000e-07
 88  75  0  0  0  2  2.263395e-01  2.000000e-07
 88  71  0  0  0  2  3.069754e-01  2.000000e-07
 88  67  0  0  0  2  2.828648e-01  2.000000e-07
 88  46  0  0  0  2  3.312835e-01  2.000000e-07
 88  86  0  0  0  2  3.348648e-01  2.000000e-07
 88  79  0  0  0  2  1.589342e-01  2.000000e-07
 88  81  0  0  0  2  1.068973e-01  2.000000e-07
 60  85  0  0  0  2  3.397119e-01  2.000000e-07
 60  51  0  0  0  2  3.879452e-01  2.000000e-07
 60  52  0  0  0  2  2.329442e-01  2.000000e-07
 60  69  0  0  0  2  2.695102e-01  2.000000e-07
 60  62  0  0  0  2  1.320809e-01  2.000000e-07
 60  65  0  0  0  2  2.053263e-01  2.000000e-07
 60  55  0  0  0  2  1.395029e-01  2.000000e-07
 60  5  0  0  0  2  2.829069e-01  2.000000e-07
 60  71  0  0  0  2  3.189009e-01  2.000000e-07
 60  63  0  0  0  2  1.853055e-01  2.000000e-07
 60  67  0  0  0  2  2.095443e-01  2.000000e-07
 60  3  0  0  0  2  2.036871e-01  2.000000e-07
 60  86  0  0  0  2  2.592232e-01  2.000000e-07
 60  79  0  0  0  2  2.391535e-01  2.000000e-07
 85  73  0  0  0  2  4.232776e-01  2.000000e-07
 85  42  0  0  0  2  9.596821e-02  2.000000e-07
 85  70  0  0  0  2  2.617052e-01  2.000000e-07
 85  84  0  0  0  2  4.258570e-01  2.000000e-07
 85  71  0  0  0  2  3.780488e-01  2.000000e-07
 85  43  0  0  0  2  6.141742e-02  2.000000e-07
 85  77  0  0  0  2  1.710488e-01  2.000000e-07
 85  67  0  0  0  2  3.161622e-01  2.000000e-07
 85  66  0  0  0  2  4.709441e-01  2.000000e-07
 85  47  0  0  0  2  2.613995e-01  2.000000e-07
 85  50  0  0  0  2  9.433069e-02  2.000000e-07
 85  46  0  0  0  2  2.967321e-01  2.000000e-07
 85  86  0  0  0  2  1.007600e-01  2.000000e-07
 85  80  0  0  0  2  1.229063e-01  2.000000e-07
 85  81  0  0  0  2  3.436344e-01  2.000000e-07
 51  44  0  0  0  2  1.250923e-01  2.000000e-07
 51  53  0  0  0  2  2.144074e-01  2.000000e-07
 51  49  0  0  0  2  5.646673e-02  2.000000e-07
 51  65  0  0  0  2  1.828132e-01  2.000000e-07
 51  5  0  0  0  2  3.999988e-01  2.000000e-07
 51  43  0  0  0  2  2.580158e-01  2.000000e-07
 51  67  0  0  0  2  2.008262e-01  2.000000e-07
 51  86  0  0  0  2  2.301959e-01  2.000000e-07
 51  56  0 -1  0  2  2.993202e-01  2.000000e-07
 52  42  1  0  0  2  3.735492e-01  2.000000e-07
 52  53  1  0  0  2  3.161981e-01  2.000000e-07
 52  54  1  0  0  2  3.614738e-01  2.000000e-07
 52  62  0  0  0  2  1.016502e-01  2.000000e-07
 52  74  0  0  0  2  6.449369e-02  2.000000e-07
 52  70  1  0  0  2  1.951518e-01  2.000000e-07
 52  5  0  0  0  2  2.175833e-01  2.000000e-07
 52  78  1  0  0  2  3.325957e-01  2.000000e-07
 52  63  0  0  0  2  8.243303e-02  2.000000e-07
 52  50  1  0  0  2  3.972344e-01  2.000000e-07
 52  3  0  0  0  2  1.231877e-01  2.000000e-07
 52  79  0  0  0  2  1.707938e-01  2.000000e-07
 73  42  0  0  0  2  4.467567e-01  2.000000e-07
 73  61 -1  0  0  2  2.882897e-01  2.000000e-07
 73  44  0  1  0  2  3.367691e-01  2.000000e-07
 73  54  0  1  0  2  3.049926e-01  2.000000e-07
 73  74 -1  1  0  2  5.152912e-01  2.000000e-07
 73  64  0  1  0  2  3.717822e-01  2.000000e-07
 73  70  0  0  0  2  4.175427e-01  2.000000e-07
 73  84  0  0  0  2  2.604534e-01  2.000000e-07
 73  78  0  0  0  2  3.012642e-01  2.000000e-07
 73  71  0  0  0  2  4.990147e-01  2.000000e-07
 73  76 -1  0  0  2  4.211648e-01  2.000000e-07
 73  66  0  0  0  2  7.879069e-02  2.000000e-07
 73  79 -1  0  0  2  3.644453e-01  2.000000e-07
 73  80  0  0  0  2  3.007044e-01  2.000000e-07
 69  61  0  0  0  2  1.864120e-01  2.000000e-07
 69  65  0  0  0  2  4.445488e-01  2.000000e-07
 69  1  0  0  0  2  2.656429e-01  2.000000e-07
 69  55  0  0  0  2  4.043303e-01  2.000000e-07
 69  71  0  0  0  2  1.132331e-01  2.000000e-07
 69  63  0  0  0  2  3.125072e-01  2.000000e-07
 69  43  0  0  0  2  4.931801e-01  2.000000e-07
 69  86  0  0  0  2  4.101337e-01  2.000000e-07
 69  56  0  0  0  2  2.788877e-01  2.000000e-07
 69  80  0  0  0  2  4.595847e-01  2.000000e-07
 69  81  0  0  0  2  1.543973e-01  2.000000e-07
 42  53  0  0  0  2  2.335549e-01  2.000000e-07
 42  54  0  0  0  2  2.996098e-01  2.000000e-07
 42  49  0  0  0  2  2.104135e-01  2.000000e-07
 42  70  0  0  0  2  1.817902e-01  2.000000e-07
 42  78  0  0  0  2  1.524777e-01  2.000000e-07
 42  43  0  0  0  2  3.557368e-02  2.000000e-07
 42  50  0  0  0  2  3.212260e-02  2.000000e-07
 42  86  0  0  0  2  1.521777e-01  2.000000e-07
 42  79 -1  0  0  2  3.887842e-01  2.000000e-07
 61  54  1  1  0  2  4.459232e-01  2.000000e-07
 61  5  0  1  0  2  3.250596e-01  2.000000e-07
 61  71  0  0  0  2  2.441335e-01  2.000000e-07
 61  76  0  0  0  2  1.447909e-01  2.000000e-07
 61  66  1  0  0  2  3.226896e-01  2.000000e-07
 61  56  0  0  0  2  2.873095e-01  2.000000e-07
 61  79  0  0  0  2  3.302072e-01  2.000000e-07
 44  53  0  0  0  2  1.323825e-01  2.000000e-07
 44  54  0  0  0  2  1.031439e-01  2.000000e-07
 44  64  0  0  0  2  8.697520e-02  2.000000e-07
 44  49  0  0  0  2  1.067721e-01  2.000000e-07
 44  66  0 -1  0  2  2.585428e-01  2.000000e-07
 53  54  0  0  0  2  7.252677e-02  2.000000e-07
 53  70  0  0  0  2  2.283839e-01  2.000000e-07
 53  65  0  0  0  2  3.704813e-01  2.000000e-07
 53  5 -1  0  0  2  3.868971e-01  2.000000e-07
 53  78  0  0  0  2  3.369339e-01  2.000000e-07
 53  63 -1  0  0  2  3.868853e-01  2.000000e-07
 53  43  0  0  0  2  2.634723e-01  2.000000e-07
 53  77  0  0  0  2  2.452317e-01  2.000000e-07
 53  66  0 -1  0  2  2.998433e-01  2.000000e-07
 53  3 -1  0  0  2  3.728639e-01  2.000000e-07
 53  56  0 -1  0  2  4.605449e-01  2.000000e-07
 53  72  0 -1  0  2  3.432963e-01  2.000000e-07
 53  80  0  0  0  2  3.859462e-01  2.000000e-07
 89  75  0  1  0  2  3.791067e-01  2.000000e-07
 89  71  0  0  0  2  1.450194e-01  2.000000e-07
 89  76  0  0  0  2  7.722017e-02  2.000000e-07
 89  47  0  1  0  2  3.961917e-01  2.000000e-07
 89  46  0  1  0  2  3.693262e-01  2.000000e-07
 89  56  0  0  0  2  1.023156e-01  2.000000e-07
 89  45  0  1  0  2  3.062024e-01  2.000000e-07
 89  81  0  0  0  2  3.349723e-01  2.000000e-07
 54  74 -1  0  0  2  3.280126e-01  2.000000e-07
 54  64  0  0  0  2  1.894829e-01  2.000000e-07
 54  49  0  0  0  2  1.808854e-01  2.000000e-07
 54  5 -1  0  0  2  3.929459e-01  2.000000e-07
 54  66  0 -1  0  2  2.283629e-01  2.000000e-07
 54  50  0  0  0  2  2.912975e-01  2.000000e-07
 54  3 -1  0  0  2  3.982297e-01  2.000000e-07
 54  72  0 -1  0  2  2.709638e-01  2.000000e-07
 62  74  0  0  0  2  1.290226e-01  2.000000e-07
 62  75  0  0  0  2  1.443822e-01  2.000000e-07
 62  5  0  0  0  2  2.103928e-01  2.000000e-07
 62  67  0  0  0  2  2.613942e-01  2.000000e-07
 62  3  0  0  0  2  1.063990e-01  2.000000e-07
 62  79  0  0  0  2  1.765411e-01  2.000000e-07
 74  64  1  0  0  2  5.073980e-01  2.000000e-07
 74  70  1  0  0  2  2.252913e-01  2.000000e-07
 74  75  0  0  0  2  1.550281e-01  2.000000e-07
 74  50  1  0  0  2  4.123962e-01  2.000000e-07
 74  79  0  0  0  2  2.351474e-01  2.000000e-07
 74  81  0  0  0  2  3.385265e-01  2.000000e-07
 64  49  0  0  0  2  1.128546e-01  2.000000e-07
 64  70  0  0  0  2  4.144709e-01  2.000000e-07
 64  84  0 -1  0  2  2.022503e-01  2.000000e-07
 64  77  0  0  0  2  2.099865e-01  2.000000e-07
 64  67  0  0  0  2  2.613577e-01  2.000000e-07
 64  66  0 -1  0  2  2.983484e-01  2.000000e-07
 64  47  0  0  0  2  1.610714e-01  2.000000e-07
 64  50  0  0  0  2  2.980154e-01  2.000000e-07
 64  46  0  0  0  2  2.092800e-01  2.000000e-07
 64  45  0  0  0  2  6.283354e-02  2.000000e-07
 49  43  0  0  0  2  2.205369e-01  2.000000e-07
 49  67  0  0  0  2  2.420163e-01  2.000000e-07
 49  50  0  0  0  2  1.851996e-01  2.000000e-07
 49  86  0  0  0  2  2.192884e-01  2.000000e-07
 49  45  0  0  0  2  1.377528e-01  2.000000e-07
 70  68 -1 -1  0  2  5.183567e-01  2.000000e-07
 70  1 -1  0  0  2  2.814204e-01  2.000000e-07
 70  75 -1  0  0  2  3.775354e-01  2.000000e-07
 70  55 -1  0  0  2  4.765247e-01  2.000000e-07
 70  78  0  0  0  2  1.559449e-01  2.000000e-07
 70  63 -1  0  0  2  2.240319e-01  2.000000e-07
 70  77  0  0  0  2  3.190051e-01  2.000000e-07
 70  47  0  0  0  2  4.033139e-01  2.000000e-07
 70  50  0  0  0  2  2.085878e-01  2.000000e-07
 70  79 -1  0  0  2  2.227751e-01  2.000000e-07
 70  80  0  0  0  2  2.420443e-01  2.000000e-07
 70  81 -1  0  0  2  4.360483e-01  2.000000e-07
 65  55  0  0  0  2  9.475629e-02  2.000000e-07
 65  5  0  0  0  2  2.856467e-01  2.000000e-07
 65  43  0  0  0  2  2.617706e-01  2.000000e-07
 65  77  0  0  0  2  1.382235e-01  2.000000e-07
 65  67  0  0  0  2  6.111699e-02  2.000000e-07
 65  47  0  0  0  2  9.942259e-02  2.000000e-07
 65  3  0  0  0  2  2.799353e-01  2.000000e-07
 65  86  0  0  0  2  1.550603e-01  2.000000e-07
 65  56  0 -1  0  2  3.662124e-01  2.000000e-07
 65  80  0  0  0  2  3.766477e-01  2.000000e-07
 1  78  1  0  0  2  2.486546e-01  2.000000e-07
 1  63  0  0  0  2  2.555931e-01  2.000000e-07
 1  72  1  0  0  2  2.712321e-01  2.000000e-07
 1  80  1  0  0  2  3.121139e-01  2.000000e-07
 1  81  0  0  0  2  3.162414e-01  2.000000e-07
 75  55  0  0  0  2  1.371971e-01  2.000000e-07
 75  76  0 -1  0  2  3.224322e-01  2.000000e-07
 75  67  0  0  0  2  1.733588e-01  2.000000e-07
 75  47  0  0  0  2  2.951322e-01  2.000000e-07
 75  46  0  0  0  2  2.244871e-01  2.000000e-07
 75  56  0 -1  0  2  3.743988e-01  2.000000e-07
 75  81  0  0  0  2  3.111816e-01  2.000000e-07
 84  71  0  0  0  2  2.855872e-01  2.000000e-07
 84  77  0  1  0  2  4.114720e-01  2.000000e-07
 84  66  0  0  0  2  2.188357e-01  2.000000e-07
 84  47  0  1  0  2  3.488044e-01  2.000000e-07
 84  56  0  0  0  2  1.896831e-01  2.000000e-07
 84  72  0  0  0  2  1.993379e-01  2.000000e-07
 84  80  0  0  0  2  3.397461e-01  2.000000e-07
 84  81  0  0  0  2  4.665821e-01  2.000000e-07
 55  5  0  0  0  2  2.120717e-01  2.000000e-07
 55  63  0  0  0  2  2.730395e-01  2.000000e-07
 55  77  0  0  0  2  2.319185e-01  2.000000e-07
 55  47  0  0  0  2  1.864198e-01  2.000000e-07
 55  3  0  0  0  2  1.878209e-01  2.000000e-07
 55  56  0 -1  0  2  3.841844e-01  2.000000e-07
 55  81  0  0  0  2  2.499344e-01  2.000000e-07
 5  71  0 -1  0  2  4.650743e-01  2.000000e-07
 5  76  0 -1  0  2  2.568685e-01  2.000000e-07
 5  67  0  0  0  2  2.280377e-01  2.000000e-07
 5  66  1 -1  0  2  4.506835e-01  2.000000e-07
 5  3  0  0  0  2  1.058977e-01  2.000000e-07
 5  56  0 -1  0  2  3.385704e-01  2.000000e-07
 78  71  0  0  0  2  4.711694e-01  2.000000e-07
 78  63 -1  0  0  2  3.325849e-01  2.000000e-07
 78  43  0  0  0  2  1.595263e-01  2.000000e-07
 78  66  0  0  0  2  3.669244e-01  2.000000e-07
 78  56  0  0  0  2  5.405718e-01  2.000000e-07
 78  79 -1  0  0  2  2.822312e-01  2.000000e-07
 78  80  0  0  0  2  9.396965e-02  2.000000e-07
 71  76  0  0  0  2  2.097915e-01  2.000000e-07
 71  43  0  0  0  2  4.394572e-01  2.000000e-07
 71  66  0  0  0  2  4.854085e-01  2.000000e-07
 71  86  0  0  0  2  3.808338e-01  2.000000e-07
 71  56  0  0  0  2  1.944763e-01  2.000000e-07
 71  72  0  0  0  2  4.495332e-01  2.000000e-07
 71  81  0  0  0  2  2.058415e-01  2.000000e-07
 63  3  0  0  0  2  1.668234e-01  2.000000e-07
 63  79  0  0  0  2  1.020357e-01  2.000000e-07
 63  81  0  0  0  2  2.236720e-01  2.000000e-07
 76  67  0  1  0  2  3.505777e-01  2.000000e-07
 76  46  0  1  0  2  3.552405e-01  2.000000e-07
 76  45  0  1  0  2  3.275957e-01  2.000000e-07
 43  77  0  0  0  2  1.490116e-01  2.000000e-07
 43  86  0  0  0  2  1.224835e-01  2.000000e-07
 43  56  0  0  0  2  5.624229e-01  2.000000e-07
 43  72  0  0  0  2  4.473925e-01  2.000000e-07
 43  80  0  0  0  2  1.472502e-01  2.000000e-07
 77  47  0  0  0  2  9.541231e-02  2.000000e-07
 77  50  0  0  0  2  1.252939e-01  2.000000e-07
 77  56  0 -1  0  2  4.077756e-01  2.000000e-07
 77  72  0 -1  0  2  5.060114e-01  2.000000e-07
 77  80  0  0  0  2  2.894759e-01  2.000000e-07
 77  81  0  0  0  2  3.764251e-01  2.000000e-07
 67  50  0  0  0  2  3.079136e-01  2.000000e-07
 67  46  0  0  0  2  5.453592e-02  2.000000e-07
 67  3  0  0  0  2  2.355169e-01  2.000000e-07
 67  86  0  0  0  2  2.160887e-01  2.000000e-07
 67  45  0  0  0  2  2.104972e-01  2.000000e-07
 66  56  0  0  0  2  4.067238e-01  2.000000e-07
 66  72  0  0  0  2  5.099029e-02  2.000000e-07
 47  50  0  0  0  2  2.199800e-01  2.000000e-07
 47  56  0 -1  0  2  3.177278e-01  2.000000e-07
 47  45  0  0  0  2  1.318603e-01  2.000000e-07
 50  46  0  0  0  2  2.737290e-01  2.000000e-07
 50  86  0  0  0  2  1.279636e-01  2.000000e-07
 50  80  0  0  0  2  1.826447e-01  2.000000e-07
 46  45  0  0  0  2  1.624112e-01  2.000000e-07
 46  81  0  0  0  2  3.524146e-01  2.000000e-07
 56  44  0  1  0  2  3.281971e-01  2.000000e-07
 56  72  0  0  0  2  3.889507e-01  2.000000e-07
 56  80  0  0  0  2  4.566449e-01  2.000000e-07
 56  81  0  0  0  2  4.000447e-01  2.000000e-07
 72  68 -1  0  0  2  2.851677e-01  2.000000e-07
 72  48  0  1  0  2  2.992257e-01  2.000000e-07
 72  44  0  1  0  2  2.873658e-01  2.000000e-07
 72  80  0  0  0  2  3.009408e-01  2.000000e-07
 80  81  0  0  0  2  4.077703e-01  2.000000e-07
 45  84  0 -1  0  2  2.173953e-01  2.000000e-07
 81  65  0  0  0  2  2.951139e-01  2.000000e-07
 59  0  0  0  0  1  1.896003e-01  3.000000e-07
 59  73  1  0  0  1  1.804181e-01  3.000000e-07
 59  61  0  0  0  1  1.970329e-01  3.000000e-07
 59  1  0  0  0  1  5.073402e-02  3.000000e-07
 4  6  0  0  0  1  8.374543e-02  3.000000e-07
 4  53  1  0  0  1  3.278242e-01  3.000000e-07
 4  54  1  0  0  1  3.378074e-01  3.000000e-07
 4  74  0  0  0  1  1.161831e-01  3.000000e-07
 4  5  0  0  0  1  6.066776e-02  3.000000e-07
 2  0  0  0  0  1  1.716970e-01  3.000000e-07
 2  88  0  0  0  1  5.222660e-02  3.000000e-07
 2  62  0  0  0  1  1.164795e-01  3.000000e-07
 2  63  0  0  0  1  9.506842e-02  3.000000e-07
 2  79  0  0  0  1  1.073286e-01  3.000000e-07
 2  81  0  0  0  1  1.320560e-01  3.000000e-07
 68  6  0  1  0  1  1.857923e-01  3.000000e-07
 68  73  1  0  0  1  2.418752e-01  3.000000e-07
 68  61  0  0  0  1  1.047124e-01  3.000000e-07
 68  54  1  1  0  1  3.438051e-01  3.000000e-07
 68  76  0  0  0  1  1.894521e-01  3.000000e-07
 68  66  1  0  0  1  2.524831e-01  3.000000e-07
 0  69  0  0  0  1  8.230740e-02  3.000000e-07
 0  61  0  0  0  1  1.840894e-01  3.000000e-07
 0  1  0  0  0  1  1.876044e-01  3.000000e-07
 0  79  0  0  0  1  1.830010e-01  3.000000e-07
 6  5  0  0  0  1  8.314208e-02  3.000000e-07
 6  76  0 -1  0  1  2.202556e-01  3.000000e-07
 48  44  0  0  0  1  1.033287e-01  3.000000e-07
 48  84  0 -1  0  1  1.756912e-01  3.000000e-07
 48  56  0 -1  0  1  2.264592e-01  3.000000e-07
 48  45  0  0  0  1  6.365103e-02  3.000000e-07
 88  60  0  0  0  1  8.104389e-02  3.000000e-07
 88  62  0  0  0  1  1.057442e-01  3.000000e-07
 60  62  0  0  0  1  1.320809e-01  3.000000e-07
 60  65  0  0  0  1  2.053263e-01  3.000000e-07
 60  55  0  0  0  1  1.395029e-01  3.000000e-07
 60  86  0  0  0  1  2.592232e-01  3.000000e-07
 60  81  0  0  0  1  1.170971e-01  3.000000e-07
 85  71  0  0  0  1  3.780488e-01  3.000000e-07
 85  43  0  0  0  1  6.141742e-02  3.000000e-07
 85  86  0  0  0  1  1.007600e-01  3.000000e-07
 85  80  0  0  0  1  1.229063e-01  3.000000e-07
 85  81  0  0  0  1  3.436344e-01  3.000000e-07
 51  64  0  0  0  1  8.646850e-02  3.000000e-07
 51  49  0  0  0  1  5.646673e-02  3.000000e-07
 51  77  0  0  0  1  1.247880e-01  3.000000e-07
 51  47  0  0  0  1  8.340416e-02  3.000000e-07
 51  45  0  0  0  1  8.782381e-02  3.000000e-07
 52  62  0  0  0  1  1.016502e-01  3.000000e-07
 52  74  0  0  0  1  6.449369e-02  3.000000e-07
 52  70  1  0  0  1  1.951518e-01  3.000000e-07
 52  63  0  0  0  1  8.243303e-02  3.000000e-07
 52  3  0  0  0  1  1.231877e-01  3.000000e-07
 73  1 -1  0  0  1  2.127502e-01  3.000000e-07
 73  66  0  0  0  1  7.879069e-02  3.000000e-07
 73  72  0  0  0  1  6.239110e-02  3.000000e-07
 73  80  0  0  0  1  3.007044e-01  3.000000e-07
 69  61  0  0  0  1  1.864120e-01  3.000000e-07
 69  89  0  0  0  1  1.947107e-01  3.000000e-07
 69  81  0  0  0  1  1.543973e-01  3.000000e-07
 42  53  0  0  0  1  2.335549e-01  3.000000e-07
 42  70  0  0  0  1  1.817902e-01  3.000000e-07
 42  78  0  0  0  1  1.524777e-01  3.000000e-07
 61  89  0  0  0  1  1.875332e-01  3.000000e-07
 44  53  0  0  0  1  1.323825e-01  3.000000e-07
 44  54  0  0  0  1  1.031439e-01  3.000000e-07
 44  49  0  0  0  1  1.067721e-01  3.000000e-07
 44  84  0 -1  0  1  2.364760e-01  3.000000e-07
 44  66  0 -1  0  1  2.585428e-01  3.000000e-07
 53  54  0  0  0  1  7.252677e-02  3.000000e-07
 53  74 -1  0  0  1  2.935716e-01  3.000000e-07
 53  49  0  0  0  1  1.641879e-01  3.000000e-07
 53  50  0  0  0  1  2.293236e-01  3.000000e-07
 89  71  0  0  0  1  1.450194e-01  3.000000e-07
 89  76  0  0  0  1  7.722017e-02  3.000000e-07
 89  56  0  0  0  1  1.023156e-01  3.000000e-07
 54  6 -1  0  0  1  3.410624e-01  3.000000e-07
 54  66  0 -1  0  1  2.283629e-01  3.000000e-07
 62  75  0  0  0  1  1.443822e-01  3.000000e-07
 62  63  0  0  0  1  8.151086e-02  3.000000e-07
 62  3  0  0  0  1  1.063990e-01  3.000000e-07
 74  70  1  0  0  1  2.252913e-01  3.000000e-07
 74  3  0  0  0  1  8.886889e-02  3.000000e-07
 64  49  0  0  0  1  1.128546e-01  3.000000e-07
 64  45  0  0  0  1  6.283354e-02  3.000000e-07
 49  77  0  0  0  1  1.131303e-01  3.000000e-07
 49  50  0  0  0  1  1.851996e-01  3.000000e-07
 70  1 -1  0  0  1  2.814204e-01  3.000000e-07
 70  78  0  0  0  1  1.559449e-01  3.000000e-07
 70  63 -1  0  0  1  2.240319e-01  3.000000e-07
 70  79 -1  0  0  1  2.227751e-01  3.000000e-07
 65  55  0  0  0  1  9.475629e-02  3.000000e-07
 65  47  0  0  0  1  9.942259e-02  3.000000e-07
 65  46  0  0  0  1  6.187406e-02  3.000000e-07
 65  86  0  0  0  1  1.550603e-01  3.000000e-07
 1  78  1  0  0  1  2.486546e-01  3.000000e-07
 1  79  0  0  0  1  1.541044e-01  3.000000e-07
 75  55  0  0  0  1  1.371971e-01  3.000000e-07
 75  67  0  0  0  1  1.733588e-01  3.000000e-07
 75  3  0  0  0  1  6.710836e-02  3.000000e-07
 84  71  0  0  0  1  2.855872e-01  3.000000e-07
 84  66  0  0  0  1  2.188357e-01  3.000000e-07
 84  72  0  0  0  1  1.993379e-01  3.000000e-07
 84  80  0  0  0  1  3.397461e-01  3.000000e-07
 55  67  0  0  0  1  7.254230e-02  3.000000e-07
 5  76  0 -1  0  1  2.568685e-01  3.000000e-07
 5  67  0  0  0  1  2.280377e-01  3.000000e-07
 5  3  0  0  0  1  1.058977e-01  3.000000e-07
 78  43  0  0  0  1  1.595263e-01  3.000000e-07
 78  80  0  0  0  1  9.396965e-02  3.000000e-07
 71  56  0  0  0  1  1.944763e-01  3.000000e-07
 71  80  0  0  0  1  3.774388e-01  3.000000e-07
 71  81  0  0  0  1  2.058415e-01  3.000000e-07
 63  79  0  0  0  1  1.020357e-01  3.000000e-07
 76  67  0  1  0  1  3.505777e-01  3.000000e-07
 76  56  0  0  0  1  1.546279e-01  3.000000e-07
 43  86  0  0  0  1  1.224835e-01  3.000000e-07
 43  80  0  0  0  1  1.472502e-01  3.000000e-07
 77  47  0  0  0  1  9.541231e-02  3.000000e-07
 77  50  0  0  0  1  1.252939e-01  3.000000e-07
 77  86  0  0  0  1  1.073602e-01  3.000000e-07
 67  46  0  0  0  1  5.453592e-02  3.000000e-07
 67  56  0 -1  0  1  3.248385e-01  3.000000e-07
 66  72  0  0  0  1  5.099029e-02  3.000000e-07
 47  46  0  0  0  1  7.068812e-02  3.000000e-07
 47  45  0  0  0  1  1.318603e-01  3.000000e-07
 50  86  0  0  0  1  1.279636e-01  3.000000e-07
 46  56  0 -1  0  1  3.052280e-01  3.000000e-07
 46  45  0  0  0  1  1.624112e-01  3.000000e-07
 86  81  0  0  0  1  2.913465e-01  3.000000e-07
 56  45  0  1  0  1  2.120959e-01  3.000000e-07
 2.520942e-01  1.868485e-01  0
 4.396340e-01  1.819247e-01  0
 2.650604e-01  1.564179e-02  0
 2.754599e-01 -2.069778e-01  0
 3.119381e-01 -2.942375e-01  0
 2.535118e-01 -3.105761e-01  0
 3.028597e-01 -3.774894e-01  0
 8.105725e-02  1.096391e-01 -1.093530e-01
-1.679187e-02  8.233442e-02 -1.145998e-01
-1.753711e-01 -3.772386e-01 -2.567833e-01
-2.832257e-02 -2.472644e-01 -3.159506e-01
-2.202737e-01 -3.596198e-01 -1.625967e-01
-5.179273e-02  3.376899e-01  1.678490e-01
 4.210387e-01  3.202923e-01  1.569683e-01
 5.385364e-02  3.595318e-01  2.254497e-01
 4.460681e-01 -7.456726e-02  1.547931e-01
 2.655856e-02  2.247676e-02  1.903396e-01
 3.511253e-02 -9.087703e-02  2.390973e-01
-9.146964e-02  9.618565e-02  1.920423e-01
 1.081003e-01  1.029643e-01  3.190220e-01
-1.900962e-01  1.913705e-01 -2.938354e-01
-4.415532e-01 -2.126121e-02 -2.721545e-01
 3.676946e-01  1.515898e-01 -3.023115e-01
 3.044731e-01  9.252449e-02 -2.631183e-01
-3.582484e-01  1.328023e-01 -2.943076e-01
 1.834757e-02  3.972421e-02  3.709880e-01
-3.037177e-02  8.474279e-03  3.540135e-01
-3.642472e-01 -1.179153e-02  1.896662e-01
 3.651123e-01  1.211142e-01 -4.151857e-01
-2.256923e-01  2.588632e-01  4.060870e-01
 3.442545e-01 -3.022382e-01  3.953748e-01
-1.933996e-01 -3.365775e-01  3.099196e-01
-7.636889e-02 -3.518240e-01 -4.106390e-01
-1.276352e-01  2.789521e-01 -4.008958e-01
 1.301800e-01 -9.657976e-03 -3.885850e-01
-2.809205e-01  4.052354e-01 -2.300269e-01
-3.584498e-01  1.235908e-01 -1.085429e-01
 3.467544e-01  1.791080e-01  1.745684e-01
-2.846292e-01  1.431347e-01  2.270746e-01
 3.930846e-02  2.912161e-02  1.366025e-01
-2.419724e-01 -7.685326e-02 -2.128508e-01
 1.347927e-01 -7.989102e-02 -1.940980e-01
-2.621072e-01 -7.490605e-02  0
-2.313268e-01 -5.707197e-02  0
-2.535910e-01 -3.651238e-01  0
-1.061419e-01 -3.787693e-01  0
-9.923799e-03 -2.479279e-01  0
-8.059644e-02 -2.494071e-01  0
-1.610161e-01 -4.110227e-01  0
-1.965698e-01 -2.748528e-01  0
-2.362397e-01 -9.395174e-02  0
-1.463650e-01 -3.006980e-01  0
 3.677734e-01 -1.254091e-01  0
-3.603219e-01 -2.868064e-01  0
-3.565667e-01 -3.592358e-01  0
 9.036675e-02 -1.750840e-01  0
 1.618033e-02  4.479624e-01  0
 1.334264e-01 -3.788548e-01  1.591933e-01
 4.321249e-01 -3.656202e-01 -3.814866e-01
 4.361076e-01  2.325360e-01  0
 1.480449e-01 -4.806320e-02  0
 2.917344e-01  3.666193e-01  0
 2.691556e-01 -1.007657e-01  0
 3.333341e-01 -5.051494e-02  0
-1.687384e-01 -3.842218e-01  0
-3.715501e-03 -1.863661e-01  0
-3.891846e-01  4.147427e-01  0
 4.089581e-02 -2.281407e-01  0
 3.602503e-01  4.458043e-01  0
 1.767220e-01  2.199170e-01  0
-4.438963e-01 -7.426329e-02  0
 7.139636e-02  2.614893e-01  0
-3.648619e-01  3.699274e-01  0
-4.209741e-01  3.426497e-01  0
 3.626326e-01 -1.896976e-01  0
 2.141467e-01 -2.342581e-01  0
 1.707986e-01  4.462368e-01  0
-1.415500e-01 -1.760029e-01  0
-3.496202e-01  4.995758e-02  0
 3.681857e-01  4.538420e-02  0
-2.631325e-01  8.670223e-02  0
 1.442522e-01  6.897243e-02  0
 3.503390e-02  3.582620e-01 -1.588368e-01
 2.753258e-01  1.240284e-01 -1.811917e-01
-1.703522e-01  4.135344e-01  0
-1.897347e-01 -1.188129e-02  0
-1.099368e-01 -7.340267e-02  0
-3.095972e-01 -3.443263e-01  1.877616e-01
 2.184710e-01 -7.959993e-03  0
 1.075552e-01  4.019285e-01  0