 718  90  1.200000e-05  63 -2 -2
 26  30  1  0  0  3  3.277558e-01  1.000000e-07
 26  40  0  0  0  3  4.167408e-01  1.000000e-07
 26  41  0  0  0  3  2.482793e-01  1.000000e-07
 26  28  1  0  0  3  2.279523e-01  1.000000e-07
 26  32  0  0  1  3  5.026249e-01  1.000000e-07
 26  36  0  1  1  3  5.701776e-01  1.000000e-07
 26  45  1  0  1  3  5.616290e-01  1.000000e-07
 26  33  1  0  1  3  5.320713e-01  1.000000e-07
 26  48  1  1  1  3  5.119931e-01  1.000000e-07
 25  43  0  1  0  3  3.217920e-01  1.000000e-07
 25  34  0  0  0  3  3.281550e-01  1.000000e-07
 25  23  0  0  0  3  3.605896e-02  1.000000e-07
 25  30  0  0  0  3  2.885213e-01  1.000000e-07
 25  40  0  0  0  3  2.204679e-01  1.000000e-07
 25  29  0  0  0  3  1.345713e-01  1.000000e-07
 25  31  0  0  0  3  2.772312e-01  1.000000e-07
 25  24  0  0  1  3  3.901655e-01  1.000000e-07
 25  45  0  0  1  3  5.154372e-01  1.000000e-07
 43  35  0  0  0  3  2.585022e-01  1.000000e-07
 43  29  0 -1  0  3  2.607050e-01  1.000000e-07
 43  41  0 -1  0  3  4.675781e-01  1.000000e-07
 43  42  0  0  0  3  3.489936e-01  1.000000e-07
 43  11  0  0  0  3  4.020284e-01  1.000000e-07
 43  27  0 -1  0  3  3.514335e-01  1.000000e-07
 43  28  0 -1  0  3  3.796826e-01  1.000000e-07
 43  18  0  0  1  3  3.691257e-01  1.000000e-07
 12  35  0  0  0  3  2.698567e-01  1.000000e-07
 12  40  0 -1  0  3  4.766172e-01  1.000000e-07
 12  47  0  0  0  3  2.721159e-01  1.000000e-07
 12  13  0  0  1  3  5.380835e-01  1.000000e-07
 52  22  0  0  0  3  1.336045e-01  1.000000e-07
 52  34  0  0  0  3  4.309311e-01  1.000000e-07
 52  31  1  0  0  3  4.138167e-01  1.000000e-07
 52  11  0  0  0  3  3.842096e-01  1.000000e-07
 52  37  0  0  1  3  5.201418e-01  1.000000e-07
 52  13  0  0  1  3  5.477640e-01  1.000000e-07
 22  34  0  0  0  3  3.993514e-01  1.000000e-07
 22  30  1  0  0  3  3.332782e-01  1.000000e-07
 22  40  0  0  0  3  5.196504e-01  1.000000e-07
 22  31  1  0  0  3  3.661743e-01  1.000000e-07
 22  32  0  0  1  3  4.208662e-01  1.000000e-07
 22  37  0  0  1  3  4.842136e-01  1.000000e-07
 22  33  1  0  1  3  4.510667e-01  1.000000e-07
 34  23  0  0  0  3  3.052304e-01  1.000000e-07
 34  40  0  0  0  3  3.794948e-01  1.000000e-07
 34  41  0  0  0  3  3.440671e-01  1.000000e-07
 34  42  0  0  0  3  3.548339e-01  1.000000e-07
 34  32  0  0  1  3  2.590946e-01  1.000000e-07
 34  18  0  0  1  3  3.272609e-01  1.000000e-07
 35  41  0 -1  0  3  5.259521e-01  1.000000e-07
 35  42  0  0  0  3  3.507047e-01  1.000000e-07
 35  31  0  0  0  3  4.101329e-01  1.000000e-07
 35  32  0  0  1  3  3.603900e-01  1.000000e-07
 35  19  0  0  1  3  3.084345e-01  1.000000e-07
 35  18  0  0  1  3  2.636367e-01  1.000000e-07
 35  13  0  0  1  3  4.121543e-01  1.000000e-07
 23  29  0  0  0  3  1.611227e-01  1.000000e-07
 23  41  0  0  0  3  1.997735e-01  1.000000e-07
 23  31  0  0  0  3  2.866827e-01  1.000000e-07
 23  32  0  0  1  3  4.102944e-01  1.000000e-07
 23  39  0  0  1  3  2.692485e-01  1.000000e-07
 30  31  0  0  0  3  6.232246e-02  1.000000e-07
 30  27  0  0  0  3  1.553070e-01  1.000000e-07
 30  28  0  0  0  3  1.549017e-01  1.000000e-07
 30  24  0  0  1  3  4.723788e-01  1.000000e-07
 30  45  0  0  1  3  5.437640e-01  1.000000e-07
 30  33  0  0  1  3  4.030215e-01  1.000000e-07
 40  29  0  0  0  3  2.377195e-01  1.000000e-07
 40  31  0  0  0  3  3.720040e-01  1.000000e-07
 40  11  0  0  0  3  4.339376e-01  1.000000e-07
 29  31  0  0  0  3  2.500907e-01  1.000000e-07
 29  27  0  0  0  3  1.642370e-01  1.000000e-07
 29  28  0  0  0  3  2.179825e-01  1.000000e-07
 29  48  0  1  1  3  5.264637e-01  1.000000e-07
 41  11  0  0  0  3  4.941152e-01  1.000000e-07
 41  32  0  0  1  3  3.958684e-01  1.000000e-07
 41  19  0  1  1  3  4.682225e-01  1.000000e-07
 41  39  0  0  1  3  2.799422e-01  1.000000e-07
 42  31  0  0  0  3  2.332412e-01  1.000000e-07
 42  11  0  0  0  3  4.524433e-01  1.000000e-07
 42  47 -1  0  0  3  4.637439e-01  1.000000e-07
 42  20  0  0  1  3  4.308368e-01  1.000000e-07
 42  15 -1  0  1  3  3.558226e-01  1.000000e-07
 42  48  0  0  1  3  4.777385e-01  1.000000e-07
 31  27  0  0  0  3  1.771368e-01  1.000000e-07
 27  28  0  0  0  3  5.937611e-02  1.000000e-07
 27  47 -1  1  0  3  4.608388e-01  1.000000e-07
 28  47 -1  1  0  3  4.442635e-01  1.000000e-07
 28  45  0  0  1  3  5.412435e-01  1.000000e-07
 28  33  0  0  1  3  4.991343e-01  1.000000e-07
 28  48  0  1  1  3  5.155169e-01  1.000000e-07
 47  48  1  0  1  3  6.226259e-01  1.000000e-07
 47  13  0  0  1  3  5.602954e-01  1.000000e-07
 14  36 -1  0  0  3  3.320790e-01  1.000000e-07
 14  46 -1  0  0  3  4.942729e-01  1.000000e-07
 14  21  0  0  0  3  2.736022e-01  1.000000e-07
 14  49 -1  0  0  3  4.179143e-01  1.000000e-07
 14  20  0  0  0  3  1.122301e-01  1.000000e-07
 14  33  0  0  0  3  1.450716e-01  1.000000e-07
 14  16  0  0  0  3  5.073266e-01  1.000000e-07
 24  32  0  0  0  3  2.522531e-01  1.000000e-07
 24  44  0  0  0  3  4.157243e-01  1.000000e-07
 24  49  0  0  0  3  3.736629e-01  1.000000e-07
 24  38  0  0  0  3  2.029142e-01  1.000000e-07
 24  45  0  0  0  3  3.175073e-01  1.000000e-07
 24  39  0  0  0  3  2.061220e-01  1.000000e-07
 17  19  0  1  0  3  4.349110e-01  1.000000e-07
 17  46 -1  0  0  3  3.603387e-01  1.000000e-07
 17  21  0  1  0  3  2.539774e-01  1.000000e-07
 17  38  0  0  0  3  1.839368e-01  1.000000e-07
 17  45  0  0  0  3  1.022615e-01  1.000000e-07
 17  39  0  0  0  3  3.828005e-01  1.000000e-07
 32  15  0  0  0  3  4.309705e-01  1.000000e-07
 32  16  0  0  0  3  2.560505e-01  1.000000e-07
 19  18  0  0  0  3  1.067215e-01  1.000000e-07
 19  21  0  0  0  3  3.349691e-01  1.000000e-07
 19  37  0  0  0  3  1.665131e-01  1.000000e-07
 19  38  0 -1  0  3  3.977967e-01  1.000000e-07
 19  39  0 -1  0  3  3.380313e-01  1.000000e-07
 19  48  0  0  0  3  4.108907e-01  1.000000e-07
 44  18  0  0  0  3  6.982117e-02  1.000000e-07
 44  21  0  0  0  3  2.860318e-01  1.000000e-07
 44  20  0  0  0  3  3.341459e-01  1.000000e-07
 44  37  0  0  0  3  1.332304e-01  1.000000e-07
 44  33  0  0  0  3  3.823813e-01  1.000000e-07
 44  16  0  0  0  3  2.863467e-01  1.000000e-07
 44  13  0  0  0  3  2.598467e-01  1.000000e-07
 36  46  0 -1  0  3  4.544645e-01  1.000000e-07
 36  49  0  0  0  3  3.334218e-01  1.000000e-07
 36  20  1  0  0  3  3.479125e-01  1.000000e-07
 36  37  0  0  0  3  2.272899e-01  1.000000e-07
 36  15  0  0  0  3  2.370824e-01  1.000000e-07
 36  48  1  0  0  3  3.390424e-01  1.000000e-07
 36  13  0  0  0  3  2.237524e-01  1.000000e-07
 18  20  0  0  0  3  3.672501e-01  1.000000e-07
 18  37  0  0  0  3  1.480634e-01  1.000000e-07
 18  33  0  0  0  3  4.028884e-01  1.000000e-07
 18  48  0  0  0  3  4.130679e-01  1.000000e-07
 46  49  0  0  0  3  3.772210e-01  1.000000e-07
 46  45  1  0  0  3  2.902264e-01  1.000000e-07
 46  15  0  0  0  3  4.788681e-01  1.000000e-07
 46  48  1  1  0  3  3.780509e-01  1.000000e-07
 46  13  0  1  0  3  4.506725e-01  1.000000e-07
 21  20  0  0  0  3  1.700083e-01  1.000000e-07
 21  38  0 -1  0  3  3.616147e-01  1.000000e-07
 21  48  0  0  0  3  2.202298e-01  1.000000e-07
 49  38  0  0  0  3  4.512848e-01  1.000000e-07
 49  15  0  0  0  3  3.418365e-01  1.000000e-07
 20  15 -1  0  0  3  2.251563e-01  1.000000e-07
 20  33  0  0  0  3  2.275896e-01  1.000000e-07
 20  16  0  0  0  3  4.840669e-01  1.000000e-07
 37  16  0  0  0  3  2.403303e-01  1.000000e-07
 37  13  0  0  0  3  2.120330e-01  1.000000e-07
 38  45  0  0  0  3  2.413295e-01  1.000000e-07
 38  16  0  0  0  3  4.358794e-01  1.000000e-07
 38  39  0  0  0  3  2.554636e-01  1.000000e-07
 38  13  0  1  0  3  3.799838e-01  1.000000e-07
 45  39  0  0  0  3  3.922966e-01  1.000000e-07
 15  14  1  0  0  3  1.500899e-01  1.000000e-07
 15  33  1  0  0  3  1.992893e-01  1.000000e-07
 33  16  0  0  0  3  4.752348e-01  1.000000e-07
 39  48  0  1  0  3  4.829451e-01  1.000000e-07
 39  13  0  1  0  3  2.959072e-01  1.000000e-07
 48  15 -1  0  0  3  3.424145e-01  1.000000e-07
 52  59  0  0  0  3  2.677915e-01  1.000000e-07
 10  49  0  0  0  3  1.605062e-01  1.000000e-07
 22  59  0  0  0  3  3.391222e-01  1.000000e-07
 10  49  0  0  0  3  1.495402e-01  1.000000e-07
 40  72  0  0  0  3  2.028460e-01  1.000000e-07
 83  17  0  0  0  3  1.964752e-01  1.000000e-07
 29  72  0  0  0  3  2.626146e-01  1.000000e-07
 83  17  0  0  0  3  1.441564e-01  1.000000e-07
 11  53  0  0  0  3  1.749462e-01  1.000000e-07
 68  21  0  0  0  3  2.605667e-01  1.000000e-07
 27  84 -1  0  0  3  3.012995e-01  1.000000e-07
 86  46  0  0  0  3  1.484657e-01  1.000000e-07
 12  66  0  0  0  3  1.491681e-01  1.000000e-07
 57  16  0  0  0  3  1.863835e-01  1.000000e-07
 12  57  0  0  0  3  1.252521e-01  1.000000e-07
 66  37  0  0  0  3  3.431730e-01  1.000000e-07
 47  8  0  0  0  3  1.387133e-01  1.000000e-07
 9  48  1  0  0  3  3.567035e-01  1.000000e-07
 52  7  1  0  0  3  3.425132e-01  1.000000e-07
 58  21  0  0  0  3  2.505449e-01  1.000000e-07
 11  63  0  0  0  3  1.550536e-01  1.000000e-07
 66  49  0  0  0  3  1.892270e-01  1.000000e-07
 27  72  0  0  0  3  2.723291e-01  1.000000e-07
 70  17  0  0  0  3  1.532738e-01  1.000000e-07
 12  57  0  0  0  3  1.324058e-01  1.000000e-07
 89  13  0  0  0  3  3.914667e-01  1.000000e-07
 52  64  0  0  0  3  3.711782e-01  1.000000e-07
 77  46  0  0  0  3  1.961844e-01  1.000000e-07
 11  68  0  0  0  3  1.463906e-01  1.000000e-07
 63  24  0  0  0  3  3.730313e-01  1.000000e-07
 12  57  0  0  0  3  1.330958e-01  1.000000e-07
 53  44  0  0  0  3  3.679749e-01  1.000000e-07
 47  8  0  0  0  3  1.654941e-01  1.000000e-07
 51  14  1  0  0  3  3.337722e-01  1.000000e-07
 11  63  0  0  0  3  1.229877e-01  1.000000e-07
 68  16  0  0  0  3  1.665225e-01  1.000000e-07
 47  8  0  0  0  3  1.929159e-01  1.000000e-07
 88  45  1 -1  0  3  3.202896e-01  1.000000e-07
 12  66  0  0  0  3  1.692016e-01  1.000000e-07
 82  49  0  0  0  3  1.905575e-01  1.000000e-07
 27  70  0  0  0  3  2.560634e-01  1.000000e-07
 72  45  0  0  0  3  2.035096e-01  1.000000e-07
 84  60  1  1  0  2  3.147072e-01  2.000000e-07
 84  85  1  0  0  2  3.103027e-01  2.000000e-07
 84  77  0  0  0  2  3.493199e-01  2.000000e-07
 84  86  0  0  0  2  2.047629e-02  2.000000e-07
 84  88  0  1  0  2  2.779698e-01  2.000000e-07
 84  7  1  1  0  2  3.622534e-01  2.000000e-07
 84  79  0  0  0  2  1.370475e-01  2.000000e-07
 84  55  0  1  0  2  4.052901e-01  2.000000e-07
 84  89  0  1  0  2  3.537598e-01  2.000000e-07
 84  67  1  0  0  2  4.287507e-01  2.000000e-07
 84  87  0  1  0  2  5.437923e-01  2.000000e-07
 84  58  1  1  0  2  3.693506e-01  2.000000e-07
 84  69  0  0  0  2  9.929916e-02  2.000000e-07
 84  70  1  0  0  2  2.075607e-01  2.000000e-07
 84  0  0  0  0  2  2.823826e-01  2.000000e-07
 84  72  1  0  0  2  3.617447e-01  2.000000e-07
 84  83  1  0  0  2  4.301455e-01  2.000000e-07
 84  5  1  0  0  2  3.636832e-01  2.000000e-07
 59  3  0  0  0  2  3.696489e-01  2.000000e-07
 59  60  1  0  0  2  4.978157e-01  2.000000e-07
 59  77  0  0  0  2  1.436143e-01  2.000000e-07
 59  82  0  0  0  2  8.953960e-02  2.000000e-07
 59  50  0  0  0  2  2.445643e-01  2.000000e-07
 59  63  0  0  0  2  2.560163e-01  2.000000e-07
 59  88  0  0  0  2  3.354384e-01  2.000000e-07
 59  66  0  0  0  2  1.362640e-01  2.000000e-07
 59  67  1  0  0  2  3.391117e-01  2.000000e-07
 59  8  0  0  0  2  2.345295e-01  2.000000e-07
 59  81  0  0  0  2  2.973723e-01  2.000000e-07
 59  87  0  0  0  2  1.747602e-01  2.000000e-07
 59  9  0  0  0  2  2.146271e-01  2.000000e-07
 59  58  1  0  0  2  4.514083e-01  2.000000e-07
 59  76  0  0  0  2  3.060786e-01  2.000000e-07
 3  60  0  1  0  2  5.497405e-01  2.000000e-07
 3  74  0  0  0  2  1.152034e-01  2.000000e-07
 3  61  0  0  0  2  1.575558e-01  2.000000e-07
 3  77  0  0  0  2  3.739646e-01  2.000000e-07
 3  1  0  0  0  2  1.398612e-02  2.000000e-07
 3  63  0  0  0  2  2.836351e-01  2.000000e-07
 3  78  0  0  0  2  2.675625e-01  2.000000e-07
 3  75  0  0  0  2  8.777978e-02  2.000000e-07
 3  65  0  0  0  2  7.057530e-02  2.000000e-07
 3  66  0  0  0  2  3.719919e-01  2.000000e-07
 3  2  0  0  0  2  1.519021e-01  2.000000e-07
 3  73  0  1  0  2  3.815972e-01  2.000000e-07
 3  67  0  0  0  2  4.864173e-01  2.000000e-07
 3  81  0  0  0  2  1.271523e-01  2.000000e-07
 3  68  0  0  0  2  3.220746e-01  2.000000e-07
 3  70  0  0  0  2  4.395315e-01  2.000000e-07
 3  76  0  0  0  2  9.989971e-02  2.000000e-07
 3  71  0  1  0  2  3.869126e-01  2.000000e-07
 3  72  0  0  0  2  2.911162e-01  2.000000e-07
 80  74  0  0  0  2  5.906360e-02  2.000000e-07
 80  82  0  0  0  2  4.376276e-01  2.000000e-07
 80  62  0  0  0  2  1.389786e-01  2.000000e-07
 80  1  0  0  0  2  9.600388e-02  2.000000e-07
 80  75  0  0  0  2  1.616452e-01  2.000000e-07
 80  64  0  0  0  2  2.911904e-01  2.000000e-07
 80  79  0  0  0  2  2.009511e-01  2.000000e-07
 80  2  0  0  0  2  7.082174e-02  2.000000e-07
 80  89  0  1  0  2  3.783659e-01  2.000000e-07
 80  73  0  1  0  2  3.124241e-01  2.000000e-07
 80  81  0  0  0  2  7.416153e-02  2.000000e-07
 80  87  0  0  0  2  4.715014e-01  2.000000e-07
 80  69  0  0  0  2  2.395254e-01  2.000000e-07
 80  0  0  0  0  2  6.111794e-02  2.000000e-07
 80  76  0  0  0  2  1.766362e-01  2.000000e-07
 80  71  0  1  0  2  3.453075e-01  2.000000e-07
 80  72  0  0  0  2  3.506358e-01  2.000000e-07
 80  83  0  0  0  2  2.986989e-01  2.000000e-07
 60  74  0 -1  0  2  5.276283e-01  2.000000e-07
 60  85  0 -1  0  2  4.948851e-01  2.000000e-07
 60  50 -1  0  0  2  2.536266e-01  2.000000e-07
 60  63  0  0  0  2  4.960001e-01  2.000000e-07
 60  88 -1  0  0  2  4.043680e-01  2.000000e-07
 60  88  0  0  0  2  5.957187e-01  2.000000e-07
 60  7  0  0  0  2  7.888453e-02  2.000000e-07
 60  75  0 -1  0  2  4.666035e-01  2.000000e-07
 60  66  0  0  0  2  5.697272e-01  2.000000e-07
 60  89  0  0  0  2  5.342668e-01  2.000000e-07
 60  73  0  0  0  2  5.153513e-01  2.000000e-07
 60  67  0 -1  0  2  6.083004e-01  2.000000e-07
 60  67  0  0  0  2  3.953952e-01  2.000000e-07
 60  8 -1  0  0  2  3.238575e-01  2.000000e-07
 60  68  0  0  0  2  4.342181e-01  2.000000e-07
 60  58  0  0  0  2  7.407246e-02  2.000000e-07
 60  70  0 -1  0  2  3.205104e-01  2.000000e-07
 60  71  0  0  0  2  3.936603e-01  2.000000e-07
 60  72  0 -1  0  2  2.825315e-01  2.000000e-07
 60  83  0 -1  0  2  4.090104e-01  2.000000e-07
 53  54  0  0  0  2  1.949486e-01  2.000000e-07
 53  61  0  0  0  2  2.591265e-01  2.000000e-07
 53  57  0  0  0  2  1.814052e-01  2.000000e-07
 53  82  0  0  0  2  2.942545e-01  2.000000e-07
 53  6  0  0  0  2  2.292220e-01  2.000000e-07
 53  7  0  0  0  2  3.523288e-01  2.000000e-07
 53  68  0  0  0  2  7.162893e-02  2.000000e-07
 53  58  0  0  0  2  3.393875e-01  2.000000e-07
 53  10  0  0  0  2  3.763556e-01  2.000000e-07
 53  76  0  0  0  2  2.951468e-01  2.000000e-07
 53  71  0  0  0  2  2.489359e-01  2.000000e-07
 53  72  0 -1  0  2  5.069072e-01  2.000000e-07
 53  56  0  0  0  2  3.473663e-01  2.000000e-07
 74  78  0  0  0  2  2.018337e-01  2.000000e-07
 74  86  0  0  0  2  3.301295e-01  2.000000e-07
 74  88  0  1  0  2  3.158872e-01  2.000000e-07
 74  75  0  0  0  2  1.450304e-01  2.000000e-07
 74  79  0  0  0  2  2.040223e-01  2.000000e-07
 74  2  0  0  0  2  1.225881e-01  2.000000e-07
 74  89  0  1  0  2  3.348227e-01  2.000000e-07
 74  73  0  1  0  2  2.682928e-01  2.000000e-07
 74  81  0  0  0  2  1.330823e-01  2.000000e-07
 74  0  0  0  0  2  1.148823e-01  2.000000e-07
 74  76  0  0  0  2  2.109510e-01  2.000000e-07
 74  71  0  1  0  2  2.893320e-01  2.000000e-07
 54  61  0  0  0  2  3.004196e-01  2.000000e-07
 54  4  0  0  0  2  1.543712e-01  2.000000e-07
 54  50 -1  0  0  2  3.891068e-01  2.000000e-07
 54  6  0  0  0  2  1.879143e-01  2.000000e-07
 54  7  0  0  0  2  3.150090e-01  2.000000e-07
 54  64 -1  0  0  2  4.735684e-01  2.000000e-07
 54  65  0  0  0  2  2.947653e-01  2.000000e-07
 54  55 -1  0  0  2  4.190759e-01  2.000000e-07
 54  67  0  0  0  2  1.907498e-01  2.000000e-07
 54  87 -1  0  0  2  3.441831e-01  2.000000e-07
 54  68  0  0  0  2  1.751673e-01  2.000000e-07
 54  58  0  0  0  2  3.097446e-01  2.000000e-07
 54  70  0  0  0  2  3.826754e-01  2.000000e-07
 54  5  0  0  0  2  2.171552e-01  2.000000e-07
 54  56  0  0  0  2  1.579208e-01  2.000000e-07
 61  57  0  0  0  2  3.478832e-01  2.000000e-07
 61  82  0  0  0  2  2.751867e-01  2.000000e-07
 61  62  0  0  0  2  8.727799e-02  2.000000e-07
 61  1  0  0  0  2  1.458805e-01  2.000000e-07
 61  63  0  0  0  2  1.387923e-01  2.000000e-07
 61  6  0  0  0  2  1.284231e-01  2.000000e-07
 61  64  0  0  0  2  2.615260e-01  2.000000e-07
 61  65  0  0  0  2  1.166710e-01  2.000000e-07
 61  66  0  0  0  2  2.163349e-01  2.000000e-07
 61  2  0  0  0  2  2.162570e-01  2.000000e-07
 61  68  0  0  0  2  1.922807e-01  2.000000e-07
 61  10  0  0  0  2  2.756147e-01  2.000000e-07
 4  85  0  0  0  2  1.927892e-01  2.000000e-07
 4  62  0  0  0  2  2.887714e-01  2.000000e-07
 4  6  0  0  0  2  1.787348e-01  2.000000e-07
 4  65  0  0  0  2  2.403964e-01  2.000000e-07
 4  87 -1  0  0  2  3.652992e-01  2.000000e-07
 4  72  0  0  0  2  2.517325e-01  2.000000e-07
 4  83  0  0  0  2  1.435524e-01  2.000000e-07
 4  5  0  0  0  2  8.153051e-02  2.000000e-07
 4  56  0  0  0  2  1.673688e-01  2.000000e-07
 85  77 -1  0  0  2  2.202338e-01  2.000000e-07
 85  64 -1  0  0  2  2.480606e-01  2.000000e-07
 85  79 -1  0  0  2  3.979541e-01  2.000000e-07
 85  67  0  0  0  2  1.213394e-01  2.000000e-07
 85  81 -1  0  0  2  4.197032e-01  2.000000e-07
 85  87 -1  0  0  2  2.259079e-01  2.000000e-07
 85  69 -1  0  0  2  3.793328e-01  2.000000e-07
 85  0 -1  0  0  2  4.174194e-01  2.000000e-07
 85  72  0  0  0  2  3.184550e-01  2.000000e-07
 85  83  0  0  0  2  2.785533e-01  2.000000e-07
 85  5  0  0  0  2  1.285107e-01  2.000000e-07
 77  50  0  0  0  2  2.881465e-01  2.000000e-07
 77  63  0  0  0  2  3.659998e-01  2.000000e-07
 77  78  0  0  0  2  2.720171e-01  2.000000e-07
 77  86  0  0  0  2  3.656464e-01  2.000000e-07
 77  66  0  0  0  2  2.760191e-01  2.000000e-07
 77  2  0  0  0  2  2.719137e-01  2.000000e-07
 77  67  1  0  0  2  2.416626e-01  2.000000e-07
 77  81  0  0  0  2  2.636090e-01  2.000000e-07
 77  87  0  0  0  2  1.373700e-01  2.000000e-07
 77  70  1  0  0  2  3.422937e-01  2.000000e-07
 77  10  0  0  0  2  1.229319e-01  2.000000e-07
 77  0  0  0  0  2  2.784792e-01  2.000000e-07
 57  82  0  0  0  2  2.055448e-01  2.000000e-07
 57  63  0  0  0  2  2.292732e-01  2.000000e-07
 57  6  0  0  0  2  3.764583e-01  2.000000e-07
 57  55  0  0  0  2  3.293406e-01  2.000000e-07
 57  89  0  0  0  2  1.211366e-01  2.000000e-07
 57  73  0  0  0  2  1.578397e-01  2.000000e-07
 57  10  0  0  0  2  3.127600e-01  2.000000e-07
 57  76  0  0  0  2  4.060960e-01  2.000000e-07
 57  71  0  0  0  2  1.187761e-01  2.000000e-07
 57  72  0 -1  0  2  4.692993e-01  2.000000e-07
 82  62  0  0  0  2  3.551428e-01  2.000000e-07
 82  63  0  0  0  2  2.405474e-01  2.000000e-07
 82  6  0  0  0  2  3.696006e-01  2.000000e-07
 82  88  0  0  0  2  2.504456e-01  2.000000e-07
 82  64  0  0  0  2  2.364303e-01  2.000000e-07
 82  55  0  0  0  2  1.736777e-01  2.000000e-07
 82  66  0  0  0  2  8.816692e-02  2.000000e-07
 82  89  0  0  0  2  2.136630e-01  2.000000e-07
 82  81  0  0  0  2  3.688975e-01  2.000000e-07
 82  87  0  0  0  2  2.214168e-01  2.000000e-07
 82  58  1  0  0  2  4.394193e-01  2.000000e-07
 82  10  0  0  0  2  1.082020e-01  2.000000e-07
 82  76  0  0  0  2  3.428351e-01  2.000000e-07
 62  1  0  0  0  2  5.890430e-02  2.000000e-07
 62  6  0  0  0  2  1.396655e-01  2.000000e-07
 62  64  0  0  0  2  2.907415e-01  2.000000e-07
 62  65  0  0  0  2  5.177300e-02  2.000000e-07
 62  2  0  0  0  2  1.660160e-01  2.000000e-07
 62  81  0  0  0  2  1.282164e-01  2.000000e-07
 62  87  0  0  0  2  4.526892e-01  2.000000e-07
 62  76  0  0  0  2  3.781619e-02  2.000000e-07
 62  72  0  0  0  2  3.401048e-01  2.000000e-07
 62  83  0  0  0  2  2.430530e-01  2.000000e-07
 50  51  0  0  0  2  6.227320e-02  2.000000e-07
 50  86  0 -1  0  2  3.630996e-01  2.000000e-07
 50  88  0  0  0  2  2.654672e-01  2.000000e-07
 50  7  1  0  0  2  1.979123e-01  2.000000e-07
 50  64  0  0  0  2  3.254827e-01  2.000000e-07
 50  55  0  0  0  2  5.271700e-02  2.000000e-07
 50  66  0  0  0  2  3.127363e-01  2.000000e-07
 50  67  1  0  0  2  2.804195e-01  2.000000e-07
 50  8  0  0  0  2  1.234654e-01  2.000000e-07
 50  68  1  0  0  2  5.288753e-01  2.000000e-07
 50  9  0  0  0  2  1.465051e-01  2.000000e-07
 50  58  1  0  0  2  2.136671e-01  2.000000e-07
 50  70  1  0  0  2  5.451264e-01  2.000000e-07
 50  10  0  0  0  2  2.172760e-01  2.000000e-07
 1  63  0  0  0  2  2.744281e-01  2.000000e-07
 1  65  0  0  0  2  6.836608e-02  2.000000e-07
 1  2  0  0  0  2  1.446890e-01  2.000000e-07
 1  73  0  1  0  2  3.883294e-01  2.000000e-07
 1  71  0  1  0  2  3.971551e-01  2.000000e-07
 1  72  0  0  0  2  3.044151e-01  2.000000e-07
 51  86  0 -1  0  2  3.667001e-01  2.000000e-07
 51  7  1  0  0  2  2.572650e-01  2.000000e-07
 51  55  0  0  0  2  2.660889e-02  2.000000e-07
 51  66  0  0  0  2  2.528612e-01  2.000000e-07
 51  73  0  0  0  2  2.948622e-01  2.000000e-07
 51  8  0  0  0  2  7.768486e-02  2.000000e-07
 51  9  0  0  0  2  9.154566e-02  2.000000e-07
 51  10  0  0  0  2  1.793583e-01  2.000000e-07
 63  88  0  0  0  2  4.065444e-01  2.000000e-07
 63  75  0  0  0  2  3.279678e-01  2.000000e-07
 63  64  0  0  0  2  3.408234e-01  2.000000e-07
 63  65  0  0  0  2  2.234191e-01  2.000000e-07
 63  66  0  0  0  2  1.547275e-01  2.000000e-07
 63  2  0  0  0  2  3.535352e-01  2.000000e-07
 63  89  0  0  0  2  3.347912e-01  2.000000e-07
 63  67  0  0  0  2  4.159217e-01  2.000000e-07
 63  81  0  0  0  2  3.118395e-01  2.000000e-07
 63  68  0  0  0  2  6.414831e-02  2.000000e-07
 63  58  0  0  0  2  4.510394e-01  2.000000e-07
 63  70  0  0  0  2  5.413876e-01  2.000000e-07
 63  76  0  0  0  2  1.837411e-01  2.000000e-07
 63  56  0  0  0  2  3.824134e-01  2.000000e-07
 6  75  0  0  0  2  1.949337e-01  2.000000e-07
 6  65  0  0  0  2  1.113199e-01  2.000000e-07
 6  76  0  0  0  2  1.040092e-01  2.000000e-07
 6  72  0  0  0  2  3.318629e-01  2.000000e-07
 6  83  0  0  0  2  2.068240e-01  2.000000e-07
 6  56  0  0  0  2  3.095876e-01  2.000000e-07
 78  86  0  0  0  2  1.560661e-01  2.000000e-07
 78  88  0  1  0  2  3.005320e-01  2.000000e-07
 78  64  0  0  0  2  2.377990e-01  2.000000e-07
 78  2  0  0  0  2  1.191819e-01  2.000000e-07
 78  73  0  1  0  2  3.071587e-01  2.000000e-07
 78  81  0  0  0  2  1.572150e-01  2.000000e-07
 78  69  0  0  0  2  1.023515e-01  2.000000e-07
 78  70  1  0  0  2  3.118942e-01  2.000000e-07
 86  60  1  1  0  2  3.100327e-01  2.000000e-07
 86  88  0  1  0  2  2.578866e-01  2.000000e-07
 86  7  1  1  0  2  3.538500e-01  2.000000e-07
 86  55  0  1  0  2  3.871095e-01  2.000000e-07
 86  73  0  1  0  2  3.057705e-01  2.000000e-07
 86  67  1  0  0  2  4.491835e-01  2.000000e-07
 86  8  0  1  0  2  3.129118e-01  2.000000e-07
 86  69  0  0  0  2  8.835377e-02  2.000000e-07
 86  70  1  0  0  2  2.250870e-01  2.000000e-07
 86  0  0  0  0  2  2.834434e-01  2.000000e-07
 88  79  0 -1  0  2  2.143569e-01  2.000000e-07
 88  66  0  0  0  2  2.811949e-01  2.000000e-07
 88  89  0  0  0  2  7.761441e-02  2.000000e-07
 88  73  0  0  0  2  8.302051e-02  2.000000e-07
 88  8  0  0  0  2  1.465842e-01  2.000000e-07
 88  68  0  0  0  2  4.187284e-01  2.000000e-07
 88  9  0  0  0  2  1.399905e-01  2.000000e-07
 88  58  0  0  0  2  6.024273e-01  2.000000e-07
 88  58  1  0  0  2  4.109448e-01  2.000000e-07
 88  0  0 -1  0  2  3.604728e-01  2.000000e-07
 88  71  0  0  0  2  2.021567e-01  2.000000e-07
 7  55 -1  0  0  2  2.504792e-01  2.000000e-07
 7  87 -1  0  0  2  3.071261e-01  2.000000e-07
 7  68  0  0  0  2  3.989029e-01  2.000000e-07
 7  58  0  0  0  2  1.622322e-02  2.000000e-07
 7  69 -1 -1  0  2  4.165993e-01  2.000000e-07
 7  70  0 -1  0  2  3.954277e-01  2.000000e-07
 7  71  0  0  0  2  4.179471e-01  2.000000e-07
 7  72  0 -1  0  2  3.590586e-01  2.000000e-07
 75  89  0  1  0  2  4.428649e-01  2.000000e-07
 75  67  0  0  0  2  4.411486e-01  2.000000e-07
 75  81  0  0  0  2  2.106036e-01  2.000000e-07
 75  58  0  1  0  2  5.246329e-01  2.000000e-07
 75  70  0  0  0  2  3.573528e-01  2.000000e-07
 75  0  0  0  0  2  2.170833e-01  2.000000e-07
 75  76  0  0  0  2  1.561488e-01  2.000000e-07
 75  72  0  0  0  2  2.033501e-01  2.000000e-07
 75  83  0  0  0  2  1.374141e-01  2.000000e-07
 75  56  0  0  0  2  4.147663e-01  2.000000e-07
 64  77  0  0  0  2  4.518017e-02  2.000000e-07
 64  79  0  0  0  2  3.241456e-01  2.000000e-07
 64  55  0  0  0  2  2.864501e-01  2.000000e-07
 64  66  0  0  0  2  2.686784e-01  2.000000e-07
 64  2  0  0  0  2  2.279619e-01  2.000000e-07
 64  87  0  0  0  2  1.809053e-01  2.000000e-07
 64  69  0  0  0  2  3.325345e-01  2.000000e-07
 64  70  1  0  0  2  3.508923e-01  2.000000e-07
 64  10  0  0  0  2  1.376133e-01  2.000000e-07
 64  5  1  0  0  2  3.763442e-01  2.000000e-07
 65  68  0  0  0  2  2.557640e-01  2.000000e-07
 65  70  0  0  0  2  4.170265e-01  2.000000e-07
 65  5  0  0  0  2  3.031180e-01  2.000000e-07
 79  89  0  1  0  2  2.763374e-01  2.000000e-07
 79  87  0  0  0  2  4.873909e-01  2.000000e-07
 79  69  0  0  0  2  4.046803e-02  2.000000e-07
 79  0  0  0  0  2  1.797437e-01  2.000000e-07
 79  71  0  1  0  2  3.266920e-01  2.000000e-07
 55  89  0  0  0  2  2.677369e-01  2.000000e-07
 55  73  0  0  0  2  3.208915e-01  2.000000e-07
 55  87  0  0  0  2  1.447993e-01  2.000000e-07
 55  58  1  0  0  2  2.661567e-01  2.000000e-07
 55  69  0 -1  0  2  3.988988e-01  2.000000e-07
 55  10  0  0  0  2  1.689575e-01  2.000000e-07
 66  2  0  0  0  2  3.814144e-01  2.000000e-07
 66  89  0  0  0  2  2.227580e-01  2.000000e-07
 66  73  0  0  0  2  2.853677e-01  2.000000e-07
 66  8  0  0  0  2  2.436786e-01  2.000000e-07
 66  68  0  0  0  2  1.989064e-01  2.000000e-07
 66  9  0  0  0  2  2.123078e-01  2.000000e-07
 66  10  0  0  0  2  1.701450e-01  2.000000e-07
 66  76  0  0  0  2  2.827784e-01  2.000000e-07
 2  73  0  1  0  2  3.358943e-01  2.000000e-07
 2  81  0  0  0  2  4.180756e-02  2.000000e-07
 2  69  0  0  0  2  2.054112e-01  2.000000e-07
 89  73  0  0  0  2  6.653333e-02  2.000000e-07
 89  87  0  0  0  2  3.904037e-01  2.000000e-07
 89  58  0  0  0  2  5.353176e-01  2.000000e-07
 89  58  1  0  0  2  4.671381e-01  2.000000e-07
 89  69  0 -1  0  2  2.831001e-01  2.000000e-07
 89  71  0  0  0  2  1.443304e-01  2.000000e-07
 89  72  0 -1  0  2  4.907506e-01  2.000000e-07
 73  8  0  0  0  2  2.195128e-01  2.000000e-07
 73  68  0  0  0  2  3.843676e-01  2.000000e-07
 73  9  0  0  0  2  2.046999e-01  2.000000e-07
 73  69  0 -1  0  2  2.418436e-01  2.000000e-07
 73  10  0  0  0  2  3.815171e-01  2.000000e-07
 73  71  0  0  0  2  1.238060e-01  2.000000e-07
 67  87 -1  0  0  2  1.725624e-01  2.000000e-07
 67  68  0  0  0  2  3.658815e-01  2.000000e-07
 67  58  0  0  0  2  3.216790e-01  2.000000e-07
 67  70  0  0  0  2  2.892065e-01  2.000000e-07
 67  76  0  0  0  2  4.417387e-01  2.000000e-07
 67  83  0  0  0  2  3.244948e-01  2.000000e-07
 67  56  0  0  0  2  3.382567e-02  2.000000e-07
 8  9  0  0  0  2  3.293332e-02  2.000000e-07
 81  87  0  0  0  2  3.981348e-01  2.000000e-07
 81  0  0  0  0  2  3.595791e-02  2.000000e-07
 81  76  0  0  0  2  1.630536e-01  2.000000e-07
 87  58  1  0  0  2  3.191506e-01  2.000000e-07
 87  10  0  0  0  2  1.363785e-01  2.000000e-07
 87  0  0  0  0  2  4.150689e-01  2.000000e-07
 87  5  1  0  0  2  3.343409e-01  2.000000e-07
 87  56  1  0  0  2  2.037762e-01  2.000000e-07
 68  70  0  0  0  2  5.204957e-01  2.000000e-07
 68  10  0  0  0  2  3.522127e-01  2.000000e-07
 68  71  0  0  0  2  3.117149e-01  2.000000e-07
 9  10  0  0  0  2  2.099711e-01  2.000000e-07
 58  72  0 -1  0  2  3.499100e-01  2.000000e-07
 58  56  0  0  0  2  3.185538e-01  2.000000e-07
 69  70  1  0  0  2  3.027933e-01  2.000000e-07
 69  71  0  1  0  2  3.495558e-01  2.000000e-07
 69  72  1  0  0  2  4.608805e-01  2.000000e-07
 69  5  1  0  0  2  4.508331e-01  2.000000e-07
 70  71  0  1  0  2  5.403063e-01  2.000000e-07
 70  72  0  0  0  2  1.908386e-01  2.000000e-07
 70  5  0  0  0  2  1.667139e-01  2.000000e-07
 10  71  0  0  0  2  4.228514e-01  2.000000e-07
 0  78  0  0  0  2  1.294276e-01  2.000000e-07
 0  76  0  0  0  2  1.929629e-01  2.000000e-07
 76  83  0  0  0  2  2.360125e-01  2.000000e-07
 76  56  0  0  0  2  4.095057e-01  2.000000e-07
 71  72  0 -1  0  2  3.591034e-01  2.000000e-07
 72  83  0  0  0  2  1.275261e-01  2.000000e-07
 72  5  0  0  0  2  2.235763e-01  2.000000e-07
 83  5  0  0  0  2  1.539329e-01  2.000000e-07
 83  56  0  0  0  2  3.030769e-01  2.000000e-07
 5  55 -1  0  0  2  4.640958e-01  2.000000e-07
 84  60  1  1  0  1  3.147072e-01  3.000000e-07
 84  85  1  0  0  1  3.103027e-01  3.000000e-07
 84  78  0  0  0  1  1.533764e-01  3.000000e-07
 84  69  0  0  0  1  9.929916e-02  3.000000e-07
 84  70  1  0  0  1  2.075607e-01  3.000000e-07
 59  61  0  0  0  1  2.420010e-01  3.000000e-07
 59  82  0  0  0  1  8.953960e-02  3.000000e-07
 59  66  0  0  0  1  1.362640e-01  3.000000e-07
 3  80  0  0  0  1  9.785735e-02  3.000000e-07
 3  74  0  0  0  1  1.152034e-01  3.000000e-07
 3  75  0  0  0  1  8.777978e-02  3.000000e-07
 3  65  0  0  0  1  7.057530e-02  3.000000e-07
 80  74  0  0  0  1  5.906360e-02  3.000000e-07
 80  1  0  0  0  1  9.600388e-02  3.000000e-07
 80  2  0  0  0  1  7.082174e-02  3.000000e-07
 80  81  0  0  0  1  7.416153e-02  3.000000e-07
 80  0  0  0  0  1  6.111794e-02  3.000000e-07
 60  86 -1 -1  0  1  3.100327e-01  3.000000e-07
 60  7  0  0  0  1  7.888453e-02  3.000000e-07
 60  8 -1  0  0  1  3.238575e-01  3.000000e-07
 60  70  0 -1  0  1  3.205104e-01  3.000000e-07
 60  72  0 -1  0  1  2.825315e-01  3.000000e-07
 53  54  0  0  0  1  1.949486e-01  3.000000e-07
 53  57  0  0  0  1  1.814052e-01  3.000000e-07
 53  63  0  0  0  1  1.218727e-01  3.000000e-07
 53  66  0  0  0  1  2.093635e-01  3.000000e-07
 53  68  0  0  0  1  7.162893e-02  3.000000e-07
 53  58  0  0  0  1  3.393875e-01  3.000000e-07
 74  75  0  0  0  1  1.450304e-01  3.000000e-07
 74  79  0  0  0  1  2.040223e-01  3.000000e-07
 74  2  0  0  0  1  1.225881e-01  3.000000e-07
 74  73  0  1  0  1  2.682928e-01  3.000000e-07
 54  4  0  0  0  1  1.543712e-01  3.000000e-07
 54  6  0  0  0  1  1.879143e-01  3.000000e-07
 54  68  0  0  0  1  1.751673e-01  3.000000e-07
 54  58  0  0  0  1  3.097446e-01  3.000000e-07
 54  56  0  0  0  1  1.579208e-01  3.000000e-07
 61  62  0  0  0  1  8.727799e-02  3.000000e-07
 61  63  0  0  0  1  1.387923e-01  3.000000e-07
 61  64  0  0  0  1  2.615260e-01  3.000000e-07
 61  66  0  0  0  1  2.163349e-01  3.000000e-07
 61  81  0  0  0  1  1.744502e-01  3.000000e-07
 61  76  0  0  0  1  6.771086e-02  3.000000e-07
 4  6  0  0  0  1  1.787348e-01  3.000000e-07
 4  83  0  0  0  1  1.435524e-01  3.000000e-07
 4  5  0  0  0  1  8.153051e-02  3.000000e-07
 4  56  0  0  0  1  1.673688e-01  3.000000e-07
 85  77 -1  0  0  1  2.202338e-01  3.000000e-07
 85  64 -1  0  0  1  2.480606e-01  3.000000e-07
 85  67  0  0  0  1  1.213394e-01  3.000000e-07
 85  87 -1  0  0  1  2.259079e-01  3.000000e-07
 85  70  0  0  0  1  1.744622e-01  3.000000e-07
 85  5  0  0  0  1  1.285107e-01  3.000000e-07
 85  56  0  0  0  1  1.345262e-01  3.000000e-07
 77  10  0  0  0  1  1.229319e-01  3.000000e-07
 57  82  0  0  0  1  2.055448e-01  3.000000e-07
 57  66  0  0  0  1  1.644924e-01  3.000000e-07
 57  71  0  0  0  1  1.187761e-01  3.000000e-07
 82  51  0  0  0  1  1.674389e-01  3.000000e-07
 82  55  0  0  0  1  1.736777e-01  3.000000e-07
 82  66  0  0  0  1  8.816692e-02  3.000000e-07
 82  89  0  0  0  1  2.136630e-01  3.000000e-07
 82  9  0  0  0  1  1.452677e-01  3.000000e-07
 82  10  0  0  0  1  1.082020e-01  3.000000e-07
 62  1  0  0  0  1  5.890430e-02  3.000000e-07
 62  65  0  0  0  1  5.177300e-02  3.000000e-07
 62  81  0  0  0  1  1.282164e-01  3.000000e-07
 50  51  0  0  0  1  6.227320e-02  3.000000e-07
 50  7  1  0  0  1  1.979123e-01  3.000000e-07
 50  55  0  0  0  1  5.271700e-02  3.000000e-07
 50  67  1  0  0  1  2.804195e-01  3.000000e-07
 50  8  0  0  0  1  1.234654e-01  3.000000e-07
 50  87  0  0  0  1  1.642803e-01  3.000000e-07
 1  65  0  0  0  1  6.836608e-02  3.000000e-07
 1  81  0  0  0  1  1.172652e-01  3.000000e-07
 51  8  0  0  0  1  7.768486e-02  3.000000e-07
 51  9  0  0  0  1  9.154566e-02  3.000000e-07
 63  6  0  0  0  1  1.496347e-01  3.000000e-07
 63  66  0  0  0  1  1.547275e-01  3.000000e-07
 63  68  0  0  0  1  6.414831e-02  3.000000e-07
 6  65  0  0  0  1  1.113199e-01  3.000000e-07
 6  76  0  0  0  1  1.040092e-01  3.000000e-07
 6  83  0  0  0  1  2.068240e-01  3.000000e-07
 78  85  1  0  0  1  3.377427e-01  3.000000e-07
 78  64  0  0  0  1  2.377990e-01  3.000000e-07
 78  79  0  0  0  1  8.647899e-02  3.000000e-07
 78  69  0  0  0  1  1.023515e-01  3.000000e-07
 86  88  0  1  0  1  2.578866e-01  3.000000e-07
 86  69  0  0  0  1  8.835377e-02  3.000000e-07
 88  79  0 -1  0  1  2.143569e-01  3.000000e-07
 88  89  0  0  0  1  7.761441e-02  3.000000e-07
 88  73  0  0  0  1  8.302051e-02  3.000000e-07
 88  8  0  0  0  1  1.465842e-01  3.000000e-07
 88  9  0  0  0  1  1.399905e-01  3.000000e-07
 88  69  0 -1  0  1  2.142914e-01  3.000000e-07
 7  67  0  0  0  1  3.171561e-01  3.000000e-07
 7  56  0  0  0  1  3.157061e-01  3.000000e-07
 75  71  0  1  0  1  3.556465e-01  3.000000e-07
 75  72  0  0  0  1  2.033501e-01  3.000000e-07
 75  83  0  0  0  1  1.374141e-01  3.000000e-07
 64  2  0  0  0  1  2.279619e-01  3.000000e-07
 64  81  0  0  0  1  2.185283e-01  3.000000e-07
 64  10  0  0  0  1  1.376133e-01  3.000000e-07
 65  83  0  0  0  1  1.924424e-01  3.000000e-07
 79  2  0  0  0  1  1.724999e-01  3.000000e-07
 79  73  0  1  0  1  2.276230e-01  3.000000e-07
 55  87  0  0  0  1  1.447993e-01  3.000000e-07
 55  10  0  0  0  1  1.689575e-01  3.000000e-07
 89  73  0  0  0  1  6.653333e-02  3.000000e-07
 89  71  0  0  0  1  1.443304e-01  3.000000e-07
 73  71  0  0  0  1  1.238060e-01  3.000000e-07
 67  87 -1  0  0  1  1.725624e-01  3.000000e-07
 8  86  0 -1  0  1  3.129118e-01  3.000000e-07
 87  10  0  0  0  1  1.363785e-01  3.000000e-07
 58  71  0  0  0  1  4.017239e-01  3.000000e-07
 58  56  0  0  0  1  3.185538e-01  3.000000e-07
 70  72  0  0  0  1  1.908386e-01  3.000000e-07
 70  83  0  0  0  1  2.264555e-01  3.000000e-07
 70  5  0  0  0  1  1.667139e-01  3.000000e-07
 71  72  0 -1  0  1  3.591034e-01  3.000000e-07
 83  5  0  0  0  1  1.539329e-01  3.000000e-07
 5  56  0  0  0  1  1.631647e-01  3.000000e-07
 1.688219e-01  2.558851e-01  0
 3.978473e-02  2.205523e-01  0
 1.798150e-01  2.569723e-01  0
 3.019621e-02  2.307342e-01  0
-2.415280e-01  1.173099e-01  0
-3.101413e-01  1.613490e-01  0
-6.734940e-02  7.721105e-02  0
-3.784825e-01 -3.062489e-01  0
 3.318250e-01 -2.800638e-01  0
 3.016600e-01 -2.668471e-01  0
 3.024102e-01 -5.687737e-02  0
-2.375040e-02 -1.225304e-01  1.148596e-01
 1.004623e-01 -2.310349e-01  1.244650e-01
 1.040565e-01 -4.096918e-01 -3.679892e-01
-4.428012e-01 -1.205301e-01 -2.421911e-01
 4.349498e-01 -1.065549e-01 -3.281379e-01
 5.240773e-02 -5.244149e-02 -1.555173e-01
-2.826765e-01  4.194007e-01 -1.411893e-01
-7.119603e-02 -2.345240e-01 -4.130119e-01
-3.412993e-02 -3.335857e-01 -3.987867e-01
-3.937017e-01 -2.213558e-01 -2.378283e-01
-2.797393e-01 -3.284032e-01 -1.710731e-01
 3.404113e-01 -1.403707e-02  3.178828e-01
-1.032236e-01  2.947600e-01  3.324950e-01
-1.165230e-01  1.858529e-01 -2.926844e-01
-1.340414e-01  3.124343e-01  3.386703e-01
 3.445069e-01  2.958670e-01  3.334145e-01
-3.823537e-01  2.871083e-01  2.508579e-01
-4.360242e-01  2.778381e-01  2.745026e-01
-2.326304e-01  3.543122e-01  2.572094e-01
-3.662111e-01  1.438126e-01  3.085297e-01
-3.227779e-01  1.213778e-01  2.698732e-01
 2.667424e-02  9.650666e-03 -4.025886e-01
-3.915599e-01 -8.880931e-03 -3.193568e-01
-5.733271e-02 -6.314634e-03  3.528343e-01
-7.743951e-02 -2.025637e-01  3.253704e-01
 2.681603e-01 -2.729184e-01 -3.014449e-01
 5.482382e-02 -2.052252e-01 -3.410165e-01
-1.154958e-01  3.494372e-01 -1.726290e-01
-2.720203e-02  3.286913e-01 -4.114500e-01
-2.731762e-02  3.102903e-01  1.457674e-01
 9.634460e-02  3.012077e-01  3.388532e-01
-4.045038e-01 -7.961164e-02  3.554626e-01
-2.538320e-01 -3.906124e-01  3.067484e-01
-7.692830e-02 -2.247735e-01 -3.441129e-01
-3.539907e-01  3.748315e-01 -1.993725e-01
 3.709340e-01  3.216800e-01 -1.236106e-01
 3.295509e-01 -3.778215e-01  1.200855e-01
-4.258823e-01 -4.188146e-01 -3.088018e-01
 1.709729e-01  2.247955e-03 -1.401744e-01
 4.416575e-01 -2.236678e-01  0
 3.795758e-01 -2.187874e-01  0
 3.415336e-01 -1.179152e-01  2.338694e-01
-6.174108e-02 -1.519423e-01  0
-2.179016e-01 -3.524254e-02  0
 3.957872e-01 -1.976871e-01  0
-3.694027e-01  9.326603e-03  0
 7.479701e-02 -2.713793e-01  0
-3.625213e-01 -3.091528e-01  0
 2.640478e-01 -5.554136e-02  0
-3.611834e-01 -3.832132e-01  0
 6.106997e-02  7.623298e-02  0
 4.379795e-02  1.617849e-01  0
 8.055482e-03 -5.203538e-02  0
 3.225785e-01  7.924999e-02  0
-7.172742e-03  1.708641e-01  0
 1.455989e-01 -1.229042e-01  0
-4.032228e-01  9.940794e-03  0
-4.894315e-02 -8.146599e-02  0
 3.149232e-01  4.116964e-01  0
-4.039785e-01  2.991463e-01  0
 3.247598e-02 -3.823599e-01  0
-2.262179e-01  3.685764e-01  0
 1.535637e-01 -4.081607e-01  0
 8.353055e-02  3.328482e-01  0
-4.772369e-02  2.711542e-01  0
 2.154405e-02  1.312099e-01  0
 3.588607e-01  5.232696e-02  0
 2.844801e-01  3.139772e-01  0
 2.761656e-01  4.000555e-01  0
 1.135581e-01  2.819871e-01  0
 1.570421e-01  2.219115e-01  0
 2.322392e-01 -1.392405e-01  0
-1.832582e-01  2.485041e-01  0
 4.131873e-01  3.973965e-01  0
-4.340584e-01  1.272967e-01  0
 4.032045e-01  4.152745e-01  0
 4.387651e-01 -5.941298e-02  0
 2.345002e-01 -3.896759e-01  0
 1.716521e-01 -3.441334e-01  0