 714  90  1.200000e-05  59 -2 -2
 19  50  0  0  0  3  4.533938e-01  1.000000e-07
 19  51  0  0  0  3  4.216075e-01  1.000000e-07
 19  14  0  1  0  3  4.082379e-01  1.000000e-07
 19  22  0  1  0  3  3.075795e-01  1.000000e-07
 19  15  0  0  0  3  3.740589e-01  1.000000e-07
 19  17  0  0  0  3  2.828582e-01  1.000000e-07
 12  20  0  0  0  3  2.833700e-01  1.000000e-07
 12  50  0  0  0  3  2.574633e-01  1.000000e-07
 12  22  0  0  0  3  4.712948e-01  1.000000e-07
 12  23  1  0  0  3  5.967277e-01  1.000000e-07
 12  11  1  0  0  3  3.503811e-01  1.000000e-07
 12  13  0  0  1  3  3.539247e-01  1.000000e-07
 12  79  1  0  1  3  5.266027e-01  1.000000e-07
 49  14  0  0  0  3  1.609860e-01  1.000000e-07
 49  18  0  0  0  3  1.391057e-01  1.000000e-07
 49  52  0  0  0  3  3.141535e-01  1.000000e-07
 49  66  0  0  0  3  4.992230e-01  1.000000e-07
 49  23  0  0  0  3  3.942091e-01  1.000000e-07
 49  24  0  0  0  3  2.345615e-01  1.000000e-07
 49  67  0  0  1  3  3.849850e-01  1.000000e-07
 20  50  0  0  0  3  3.662580e-01  1.000000e-07
 20  51  0 -1  0  3  2.875525e-01  1.000000e-07
 20  21  0  0  0  3  3.732018e-01  1.000000e-07
 20  14  0  0  0  3  4.140438e-01  1.000000e-07
 20  15  0 -1  0  3  2.275823e-01  1.000000e-07
 20  11  1  0  0  3  3.095136e-01  1.000000e-07
 20  13  0  0  1  3  4.707695e-01  1.000000e-07
 50  14  0  0  0  3  3.218581e-01  1.000000e-07
 50  16  0  0  0  3  4.560372e-01  1.000000e-07
 50  67  0  0  1  3  4.890390e-01  1.000000e-07
 51  15  0  0  0  3  1.433360e-01  1.000000e-07
 51  23  1  0  0  3  4.386034e-01  1.000000e-07
 51  24  1  0  0  3  5.780016e-01  1.000000e-07
 21  14  0  0  0  3  2.357847e-01  1.000000e-07
 21  16  0 -1  0  3  2.958783e-01  1.000000e-07
 21  22  0  0  0  3  1.059554e-01  1.000000e-07
 21  65  0 -1  0  3  5.111569e-01  1.000000e-07
 21  17  0 -1  0  3  3.536595e-01  1.000000e-07
 21  23  0 -1  0  3  4.109907e-01  1.000000e-07
 21  11  0  0  0  3  4.345989e-01  1.000000e-07
 21  13  0  0  1  3  4.742605e-01  1.000000e-07
 14  67  0  0  1  3  3.831309e-01  1.000000e-07
 16  22  0  1  0  3  2.640731e-01  1.000000e-07
 16  18  0  0  0  3  3.704367e-01  1.000000e-07
 16  52  0  0  0  3  3.843734e-01  1.000000e-07
 16  17  0  0  0  3  1.891293e-01  1.000000e-07
 16  23  0  0  0  3  2.112902e-01  1.000000e-07
 16  79  0  1  1  3  4.996557e-01  1.000000e-07
 16  70  0  0  1  3  3.108806e-01  1.000000e-07
 22  15  0 -1  0  3  3.606669e-01  1.000000e-07
 22  17  0 -1  0  3  3.117993e-01  1.000000e-07
 22  23  0 -1  0  3  3.833940e-01  1.000000e-07
 22  11  0  0  0  3  4.316381e-01  1.000000e-07
 22  67  0  0  1  3  3.722648e-01  1.000000e-07
 18  52  0  0  0  3  3.687164e-01  1.000000e-07
 18  17  0  0  0  3  4.475433e-01  1.000000e-07
 65  15  0  0  0  3  1.833293e-01  1.000000e-07
 65  11  1  1  0  3  4.781091e-01  1.000000e-07
 65  13  0  1  1  3  6.242446e-01  1.000000e-07
 65  68  1  0  1  3  4.510319e-01  1.000000e-07
 65  6  1  0  1  3  4.256913e-01  1.000000e-07
 65  70  0  0  1  3  4.584507e-01  1.000000e-07
 65  9  0  0  1  3  4.528647e-01  1.000000e-07
 65  72  1  0  1  3  3.255967e-01  1.000000e-07
 15  17  0  0  0  3  1.395172e-01  1.000000e-07
 15  66  0  0  0  3  3.326071e-01  1.000000e-07
 52  66  0  0  0  3  4.985494e-01  1.000000e-07
 52  23  0  0  0  3  3.528483e-01  1.000000e-07
 52  24  0  0  0  3  3.736452e-01  1.000000e-07
 52  10  0  0  1  3  2.260717e-01  1.000000e-07
 52  68  0  0  1  3  2.328358e-01  1.000000e-07
 52  70  0  0  1  3  3.165861e-01  1.000000e-07
 17  66  0  0  0  3  2.924220e-01  1.000000e-07
 17  70  0  0  1  3  3.541275e-01  1.000000e-07
 66  10  0  0  1  3  4.356652e-01  1.000000e-07
 66  13  0  0  1  3  3.049256e-01  1.000000e-07
 66  69  0  0  1  3  4.573581e-01  1.000000e-07
 66  6  1  0  1  3  4.268438e-01  1.000000e-07
 66  70  0  0  1  3  4.102089e-01  1.000000e-07
 23  81  0  0  1  3  4.749939e-01  1.000000e-07
 24  50 -1  0  0  3  5.071225e-01  1.000000e-07
 24  81  0  0  1  3  4.905255e-01  1.000000e-07
 11  72  0 -1  1  3  5.337380e-01  1.000000e-07
 2  78  0  0  0  3  2.031754e-01  1.000000e-07
 2  4  0  1  0  3  7.052131e-01  1.000000e-07
 2  69  0  0  0  3  8.530083e-02  1.000000e-07
 2  70  0  0  0  3  3.835891e-01  1.000000e-07
 2  9  0  0  0  3  1.356719e-01  1.000000e-07
 2  3  0  0  0  3  2.162520e-01  1.000000e-07
 78  0  0  0  0  3  3.908645e-01  1.000000e-07
 78  4  0  1  0  3  6.874958e-01  1.000000e-07
 78  5  0  0  0  3  2.243151e-01  1.000000e-07
 78  9  0  0  0  3  3.227055e-01  1.000000e-07
 78  8  0  0  0  3  2.350776e-01  1.000000e-07
 78  3  0  0  0  3  1.916262e-01  1.000000e-07
 10  49  0  0 -1  3  4.203022e-01  1.000000e-07
 10  13  0  0  0  3  3.098874e-01  1.000000e-07
 10  79  0  0  0  3  3.746202e-01  1.000000e-07
 10  67  0  0  0  3  1.085584e-01  1.000000e-07
 10  68  0  0  0  3  3.000689e-01  1.000000e-07
 10  80  0  0  0  3  2.279965e-01  1.000000e-07
 10  81  0  0  0  3  3.851950e-01  1.000000e-07
 13  80  0  0  0  3  2.593346e-01  1.000000e-07
 13  69  0  0  0  3  3.393660e-01  1.000000e-07
 79  0  0  0  0  3  4.221150e-01  1.000000e-07
 79  5  0 -1  0  3  3.158737e-01  1.000000e-07
 79  6  0  0  0  3  5.372477e-01  1.000000e-07
 79  7  0 -1  0  3  2.537214e-01  1.000000e-07
 79  71  0  0  0  3  2.823830e-01  1.000000e-07
 79  81  0  0  0  3  4.857568e-01  1.000000e-07
 0  80  0  0  0  3  2.638129e-01  1.000000e-07
 0  81  0  0  0  3  4.158045e-01  1.000000e-07
 4  67  0  0  0  3  4.076273e-01  1.000000e-07
 4  80  0  0  0  3  1.678016e-01  1.000000e-07
 4  69  0  0  0  3  2.430739e-01  1.000000e-07
 4  3  0  0  0  3  2.088991e-01  1.000000e-07
 67  5  0 -1  0  3  4.638842e-01  1.000000e-07
 67  80  0  0  0  3  2.875365e-01  1.000000e-07
 67  71  0  0  0  3  4.121042e-01  1.000000e-07
 5  68  0  0  0  3  2.829756e-01  1.000000e-07
 5  7  0  0  0  3  2.411137e-01  1.000000e-07
 5  8  0  0  0  3  1.420406e-01  1.000000e-07
 5  71  0  1  0  3  2.526825e-01  1.000000e-07
 5  72  0  0  0  3  3.242055e-01  1.000000e-07
 68  7  0  0  0  3  3.297050e-01  1.000000e-07
 68  8  0  0  0  3  2.902200e-01  1.000000e-07
 68  81  0  0  0  3  1.954915e-01  1.000000e-07
 68  72  0  0  0  3  3.291857e-01  1.000000e-07
 68  3  0  0  0  3  3.757351e-01  1.000000e-07
 80  69  0  0  0  3  2.802597e-01  1.000000e-07
 80  70  0  0  0  3  3.801267e-01  1.000000e-07
 80  71  0  0  0  3  4.632838e-01  1.000000e-07
 80  3  0  0  0  3  1.038043e-01  1.000000e-07
 69  6  1  0  0  3  3.435906e-01  1.000000e-07
 69  70  0  0  0  3  4.182491e-01  1.000000e-07
 69  9  0  0  0  3  1.138493e-01  1.000000e-07
 69  3  0  0  0  3  2.242565e-01  1.000000e-07
 6  7  0  0  0  3  3.544485e-01  1.000000e-07
 6  8  0  0  0  3  3.596239e-01  1.000000e-07
 6  81  0  0  0  3  1.677771e-01  1.000000e-07
 6  72  0  0  0  3  3.469156e-01  1.000000e-07
 7  9 -1  0  0  3  4.162246e-01  1.000000e-07
 7  8  0  0  0  3  1.882081e-01  1.000000e-07
 7  72  0  0  0  3  1.413745e-01  1.000000e-07
 70  72  0  0  0  3  4.342984e-01  1.000000e-07
 70  3  0  0  0  3  3.331415e-01  1.000000e-07
 9  8  1  0  0  3  5.010590e-01  1.000000e-07
 9  81  1  0  0  3  4.012929e-01  1.000000e-07
 9  72  1  0  0  3  3.971508e-01  1.000000e-07
 8  71  0  1  0  3  2.194852e-01  1.000000e-07
 71  7  0 -1  0  3  1.983378e-01  1.000000e-07
 81  13 -1  0  0  3  4.053734e-01  1.000000e-07
 12  44  0  0  0  3  3.226974e-01  1.000000e-07
 77  4  0  0  0  3  1.349386e-01  1.000000e-07
 24  43  0  0  0  3  1.605106e-01  1.000000e-07
 83  0  0  0  0  3  1.458609e-01  1.000000e-07
 14  82  0  0  0  3  2.289864e-01  1.000000e-07
 83  0  0  0  0  3  1.552283e-01  1.000000e-07
 18  76  0  0  0  3  1.859545e-01  1.000000e-07
 74  2  0  0  0  3  2.102489e-01  1.000000e-07
 19  48  0  0  0  3  1.252147e-01  1.000000e-07
 55  5  0  0  0  3  2.901588e-01  1.000000e-07
 18  75  0  0  0  3  1.582783e-01  1.000000e-07
 59  4  0  0  0  3  1.843469e-01  1.000000e-07
 51  29  0  0  0  3  1.594791e-01  1.000000e-07
 57  9  0  0  0  3  1.719730e-01  1.000000e-07
 51  30  1  0  0  3  2.455198e-01  1.000000e-07
 60  8  0  0  0  3  2.910115e-01  1.000000e-07
 51  64  0  0  0  3  1.583431e-01  1.000000e-07
 37  72  1  0  0  3  3.967478e-01  1.000000e-07
 14  47  0  0  0  3  2.702716e-01  1.000000e-07
 75  4  0  0  0  3  1.777851e-01  1.000000e-07
 11  45  0  0  0  3  1.841493e-01  1.000000e-07
 58  71  0  0  0  3  1.835953e-01  1.000000e-07
 11  45  0  0  0  3  2.324824e-01  1.000000e-07
 61  8  0 -1  0  3  2.602468e-01  1.000000e-07
 18  59  0  0  0  3  1.157107e-01  1.000000e-07
 76  3  0  0  0  3  1.865225e-01  1.000000e-07
 49  83  0  0  0  3  1.886028e-01  1.000000e-07
 82  0  0  0  0  3  1.345100e-01  1.000000e-07
 24  26  0  0  0  3  2.757062e-01  1.000000e-07
 63  9 -1  0  0  3  3.043508e-01  1.000000e-07
 50  25  0  0  0  3  1.978323e-01  1.000000e-07
 77  2  0  0  0  3  1.775605e-01  1.000000e-07
 18  83  0  0  0  3  1.313412e-01  1.000000e-07
 82  0  0  0  0  3  1.576456e-01  1.000000e-07
 20  44  0  0  0  3  3.320436e-01  1.000000e-07
 73  4  0  0  0  3  1.625744e-01  1.000000e-07
 24  42  0  0  0  3  1.699755e-01  1.000000e-07
 63  6  0  0  0  3  3.250282e-01  1.000000e-07
 23  85  0  0  0  3  2.809887e-01  1.000000e-07
 84  0  0  0  0  3  1.953066e-01  1.000000e-07
 51  29  0  0  0  3  1.805159e-01  1.000000e-07
 64  6  1  0  0  3  3.371932e-01  1.000000e-07
 11  45  0  0  0  3  1.754961e-01  1.000000e-07
 58  7  0 -1  0  3  2.814369e-01  1.000000e-07
 19  53  0  1  0  3  3.307485e-01  1.000000e-07
 62  4  0  0  0  3  3.375590e-01  1.000000e-07
 50  75  0  0  0  3  1.547573e-01  1.000000e-07
 59  3  0  0  0  3  1.980301e-01  1.000000e-07
 12  46  0  0  0  3  3.703963e-01  1.000000e-07
 57  9  0  0  0  3  1.938949e-01  1.000000e-07
 14  61  0  0  0  3  2.189407e-01  1.000000e-07
 31  71  0  0  0  3  1.764995e-01  1.000000e-07
 18  74  0  0  0  3  1.451091e-01  1.000000e-07
 76  78  0  0  0  3  2.309433e-01  1.000000e-07
 19  86  0  0  0  3  1.289940e-01  1.000000e-07
 1  78  0  0  0  3  1.798944e-01  1.000000e-07
 24  43  0  0  0  3  1.999155e-01  1.000000e-07
 27  71  0  0  0  3  2.160417e-01  1.000000e-07
 17  87  0  0  0  3  3.137665e-01  1.000000e-07
 56  2  0  0  0  3  1.266559e-01  1.000000e-07
 85  39  0  0  0  2  2.902307e-01  2.000000e-07
 85  86  0  0  0  2  3.865681e-01  2.000000e-07
 85  82  0  0  0  2  2.797917e-01  2.000000e-07
 85  1  0  0  0  2  3.694594e-01  2.000000e-07
 85  30  0  0  0  2  2.090342e-01  2.000000e-07
 85  58  0  0  0  2  3.021370e-01  2.000000e-07
 85  38  0  0  0  2  3.050846e-01  2.000000e-07
 85  28  0  0  0  2  2.114341e-01  2.000000e-07
 85  87  0  0  0  2  5.190771e-01  2.000000e-07
 85  59  0  0  0  2  3.806169e-01  2.000000e-07
 85  26  0  0  0  2  1.484805e-01  2.000000e-07
 85  83  0  0  0  2  2.023779e-01  2.000000e-07
 85  41  0  0  0  2  1.983324e-01  2.000000e-07
 85  42  0  0  0  2  2.003901e-01  2.000000e-07
 85  84  0  0  0  2  9.576703e-02  2.000000e-07
 85  46 -1  0  0  2  3.553829e-01  2.000000e-07
 85  63  0  0  0  2  2.070057e-01  2.000000e-07
 85  48  0  0  0  2  3.415871e-01  2.000000e-07
 85  43  0  0  0  2  2.827869e-01  2.000000e-07
 85  76  0  0  0  2  3.388811e-01  2.000000e-07
 39  89 -1  0  0  2  4.857818e-01  2.000000e-07
 39  32 -1  0  0  2  3.275679e-01  2.000000e-07
 39  30  0  0  0  2  4.066940e-01  2.000000e-07
 39  45  0  0  0  2  2.125561e-01  2.000000e-07
 39  58  0  0  0  2  1.179902e-01  2.000000e-07
 39  77 -1  0  0  2  4.088413e-01  2.000000e-07
 39  34 -1  0  0  2  3.196678e-01  2.000000e-07
 39  37 -1 -1  0  2  4.097755e-01  2.000000e-07
 39  27  0  0  0  2  1.417896e-01  2.000000e-07
 39  60  0 -1  0  2  4.675161e-01  2.000000e-07
 39  61  0  0  0  2  3.491073e-01  2.000000e-07
 39  40 -1  0  0  2  1.694515e-01  2.000000e-07
 39  83  0  0  0  2  2.813327e-01  2.000000e-07
 39  84  0  0  0  2  3.857306e-01  2.000000e-07
 39  73 -1  0  0  2  2.742518e-01  2.000000e-07
 39  46 -1  0  0  2  3.686540e-01  2.000000e-07
 39  63  0  0  0  2  1.309706e-01  2.000000e-07
 39  43  0  0  0  2  1.787884e-01  2.000000e-07
 54  55  0  0  0  2  4.402967e-01  2.000000e-07
 54  89  0  0  0  2  2.077550e-01  2.000000e-07
 54  86  0  0  0  2  2.323704e-01  2.000000e-07
 54  35  0  1  0  2  3.601589e-01  2.000000e-07
 54  74  0  0  0  2  3.190059e-01  2.000000e-07
 54  56  0  0  0  2  8.793825e-02  2.000000e-07
 54  57  0  0  0  2  1.293325e-01  2.000000e-07
 54  45  1  1  0  2  4.666775e-01  2.000000e-07
 54  38  1  0  0  2  4.607664e-01  2.000000e-07
 54  25  0  0  0  2  3.006983e-01  2.000000e-07
 54  87  0  0  0  2  1.095458e-01  2.000000e-07
 54  31  0  1  0  2  3.525902e-01  2.000000e-07
 54  37  0  0  0  2  1.695422e-01  2.000000e-07
 54  36  0  1  0  2  2.773401e-01  2.000000e-07
 54  62  0  1  0  2  2.555939e-01  2.000000e-07
 54  41  1  0  0  2  3.432498e-01  2.000000e-07
 54  47  0  1  0  2  4.137959e-01  2.000000e-07
 54  64  0  0  0  2  1.649945e-01  2.000000e-07
 54  33  0  1  0  2  3.929002e-01  2.000000e-07
 54  29  0  0  0  2  1.652886e-01  2.000000e-07
 54  48  0  0  0  2  3.857582e-01  2.000000e-07
 54  76  0  0  0  2  3.247409e-01  2.000000e-07
 55  86  0  0  0  2  2.726517e-01  2.000000e-07
 55  74  0  0  0  2  2.990794e-01  2.000000e-07
 55  45  0  1  0  2  3.431894e-01  2.000000e-07
 55  58  0  1  0  2  4.666775e-01  2.000000e-07
 55  38  0  0  0  2  1.111136e-01  2.000000e-07
 55  60  0  0  0  2  1.129218e-01  2.000000e-07
 55  26  0  0  0  2  3.898588e-01  2.000000e-07
 55  62  0  1  0  2  3.874990e-01  2.000000e-07
 55  41  0  0  0  2  2.721836e-01  2.000000e-07
 55  42  0  0  0  2  4.780512e-01  2.000000e-07
 55  88  0  0  0  2  1.632910e-01  2.000000e-07
 55  47  0  1  0  2  4.806745e-01  2.000000e-07
 55  64 -1  0  0  2  3.977154e-01  2.000000e-07
 55  48  0  0  0  2  6.970691e-02  2.000000e-07
 55  76  0  0  0  2  3.202999e-01  2.000000e-07
 89  86  0  0  0  2  1.563027e-01  2.000000e-07
 89  1  0  0  0  2  1.427547e-01  2.000000e-07
 89  74  0  0  0  2  1.747728e-01  2.000000e-07
 89  56  0  0  0  2  1.297726e-01  2.000000e-07
 89  77  0  0  0  2  1.644123e-01  2.000000e-07
 89  25  0  0  0  2  9.370985e-02  2.000000e-07
 89  87  0  0  0  2  1.153500e-01  2.000000e-07
 89  75  0  0  0  2  1.962553e-01  2.000000e-07
 89  40  0  0  0  2  3.252642e-01  2.000000e-07
 89  62  0  1  0  2  4.271718e-01  2.000000e-07
 89  84  1  0  0  2  5.426701e-01  2.000000e-07
 89  46  0  0  0  2  1.527033e-01  2.000000e-07
 89  64  0  0  0  2  3.035940e-01  2.000000e-07
 89  29  0  0  0  2  2.080253e-01  2.000000e-07
 89  76  0  0  0  2  1.672400e-01  2.000000e-07
 86  1  0  0  0  2  5.019526e-02  2.000000e-07
 86  74  0  0  0  2  1.005956e-01  2.000000e-07
 86  28  0  0  0  2  3.493009e-01  2.000000e-07
 86  87  0  0  0  2  1.325725e-01  2.000000e-07
 86  60  0  0  0  2  3.855005e-01  2.000000e-07
 86  62  0  1  0  2  3.544085e-01  2.000000e-07
 86  84  0  0  0  2  3.224423e-01  2.000000e-07
 86  88  0  0  0  2  3.128297e-01  2.000000e-07
 86  64  0  0  0  2  3.839184e-01  2.000000e-07
 86  48  0  0  0  2  2.482318e-01  2.000000e-07
 82  1  0  0  0  2  4.471771e-01  2.000000e-07
 82  87  0  0  0  2  6.004321e-01  2.000000e-07
 82  59  0  0  0  2  3.589945e-01  2.000000e-07
 82  27  0  0  0  2  1.031459e-01  2.000000e-07
 82  75  0  0  0  2  3.650716e-01  2.000000e-07
 82  61  0  0  0  2  1.662552e-01  2.000000e-07
 82  83  0  0  0  2  1.059416e-01  2.000000e-07
 82  46  0  0  0  2  6.412095e-01  2.000000e-07
 82  53  0  0  0  2  3.278562e-01  2.000000e-07
 32  35  0  0  0  2  7.401605e-02  2.000000e-07
 32  77  0  0  0  2  3.197031e-01  2.000000e-07
 32  34  0  0  0  2  7.462747e-02  2.000000e-07
 32  75  0  0  0  2  3.257300e-01  2.000000e-07
 32  36  0  0  0  2  8.698383e-02  2.000000e-07
 32  40  0  0  0  2  2.647753e-01  2.000000e-07
 32  62  0  0  0  2  1.834443e-01  2.000000e-07
 32  73  0  0  0  2  5.808187e-02  2.000000e-07
 32  47  0  0  0  2  1.921266e-01  2.000000e-07
 32  53  0  0  0  2  1.780092e-01  2.000000e-07
 35  44  0  0  0  2  1.810381e-01  2.000000e-07
 35  45  1  0  0  2  3.107510e-01  2.000000e-07
 35  34  0  0  0  2  8.737340e-02  2.000000e-07
 35  36  0  0  0  2  1.591962e-01  2.000000e-07
 35  40  0  0  0  2  2.098236e-01  2.000000e-07
 35  62  0  0  0  2  2.555041e-01  2.000000e-07
 35  42  1  0  0  2  3.635765e-01  2.000000e-07
 35  47  0  0  0  2  2.557453e-01  2.000000e-07
 35  64  0 -1  0  2  3.470788e-01  2.000000e-07
 35  33  0  0  0  2  7.854526e-02  2.000000e-07
 1  74  0  0  0  2  5.481335e-02  2.000000e-07
 1  77  0  0  0  2  2.201270e-01  2.000000e-07
 1  87  0  0  0  2  1.579675e-01  2.000000e-07
 1  75  0  0  0  2  2.072454e-01  2.000000e-07
 1  83  0  0  0  2  3.498968e-01  2.000000e-07
 1  84  0  0  0  2  3.159292e-01  2.000000e-07
 1  88  0  0  0  2  3.091714e-01  2.000000e-07
 44  57  0  0  0  2  3.610056e-01  2.000000e-07
 44  58  0  0  0  2  6.056840e-01  2.000000e-07
 44  77  0  0  0  2  1.406577e-01  2.000000e-07
 44  25  0  0  0  2  1.994103e-01  2.000000e-07
 44  59  0  0  0  2  2.389751e-01  2.000000e-07
 44  36  0  0  0  2  2.557194e-01  2.000000e-07
 44  40  0  0  0  2  1.476292e-01  2.000000e-07
 44  26  1  0  0  2  3.379156e-01  2.000000e-07
 44  73  0  0  0  2  1.556561e-01  2.000000e-07
 44  46  0  0  0  2  2.712806e-01  2.000000e-07
 44  63  1  0  0  2  2.844417e-01  2.000000e-07
 44  47  0  0  0  2  2.331249e-01  2.000000e-07
 44  33  0  0  0  2  2.169905e-01  2.000000e-07
 44  53  0  0  0  2  2.779728e-01  2.000000e-07
 44  43  0  0  0  2  5.348685e-01  2.000000e-07
 74  75  0  0  0  2  1.788205e-01  2.000000e-07
 74  83  0  0  0  2  2.956818e-01  2.000000e-07
 74  84  0  0  0  2  2.868720e-01  2.000000e-07
 74  88  0  0  0  2  2.831439e-01  2.000000e-07
 74  76  0  0  0  2  2.183739e-02  2.000000e-07
 56  57  0  0  0  2  4.654198e-02  2.000000e-07
 56  87  0  0  0  2  7.723400e-02  2.000000e-07
 56  37  0  0  0  2  2.223503e-01  2.000000e-07
 56  36  0  1  0  2  3.650952e-01  2.000000e-07
 56  46  0  0  0  2  1.653423e-01  2.000000e-07
 56  64  0  0  0  2  1.832392e-01  2.000000e-07
 56  29  0  0  0  2  1.210167e-01  2.000000e-07
 30  57 -1  0  0  2  2.708984e-01  2.000000e-07
 30  38  0  0  0  2  2.097883e-01  2.000000e-07
 30  28  0  0  0  2  1.633012e-01  2.000000e-07
 30  60  0  0  0  2  2.103342e-01  2.000000e-07
 30  41  0  0  0  2  1.385256e-02  2.000000e-07
 30  84  0  0  0  2  1.930582e-01  2.000000e-07
 30  46 -1  0  0  2  2.341985e-01  2.000000e-07
 30  63  0  0  0  2  2.788688e-01  2.000000e-07
 30  29 -1  0  0  2  1.828408e-01  2.000000e-07
 57  25  0  0  0  2  1.993975e-01  2.000000e-07
 57  87  0  0  0  2  1.132053e-01  2.000000e-07
 57  59  0  0  0  2  2.943432e-01  2.000000e-07
 57  40  0  0  0  2  3.503606e-01  2.000000e-07
 57  26  1  0  0  2  3.347295e-01  2.000000e-07
 57  41  1  0  0  2  2.722994e-01  2.000000e-07
 57  46  0  0  0  2  1.194344e-01  2.000000e-07
 57  63  1  0  0  2  3.712602e-01  2.000000e-07
 57  64  0  0  0  2  1.830270e-01  2.000000e-07
 57  48  0  0  0  2  4.502358e-01  2.000000e-07
 57  76  0  0  0  2  2.816069e-01  2.000000e-07
 45  58  0  0  0  2  1.540161e-01  2.000000e-07
 45  38  0 -1  0  2  2.571977e-01  2.000000e-07
 45  34 -1  0  0  2  3.225928e-01  2.000000e-07
 45  37 -1 -1  0  2  2.972854e-01  2.000000e-07
 45  27  0  0  0  2  1.758771e-01  2.000000e-07
 45  60  0 -1  0  2  2.550978e-01  2.000000e-07
 45  61  0  0  0  2  2.365609e-01  2.000000e-07
 45  40 -1  0  0  2  3.571666e-01  2.000000e-07
 45  62  0  0  0  2  4.856595e-01  2.000000e-07
 45  41  0 -1  0  2  4.136561e-01  2.000000e-07
 45  42  0  0  0  2  2.573618e-01  2.000000e-07
 45  64 -1 -1  0  2  3.349709e-01  2.000000e-07
 45  33 -1  0  0  2  2.392434e-01  2.000000e-07
 58  38  0 -1  0  2  3.979187e-01  2.000000e-07
 58  59  0  0  0  2  4.872215e-01  2.000000e-07
 58  31  0  0  0  2  3.726249e-01  2.000000e-07
 58  37 -1 -1  0  2  4.252748e-01  2.000000e-07
 58  61  0  0  0  2  2.314699e-01  2.000000e-07
 58  42  0  0  0  2  1.071410e-01  2.000000e-07
 58  73 -1  0  0  2  3.663347e-01  2.000000e-07
 58  63  0  0  0  2  2.197947e-01  2.000000e-07
 58  47  0  0  0  2  4.149773e-01  2.000000e-07
 58  33 -1  0  0  2  2.617421e-01  2.000000e-07
 58  43  0  0  0  2  7.122592e-02  2.000000e-07
 77  25  0  0  0  2  7.073693e-02  2.000000e-07
 77  87  0  0  0  2  2.777134e-01  2.000000e-07
 77  59  0  0  0  2  1.101935e-01  2.000000e-07
 77  75  0  0  0  2  6.407954e-02  2.000000e-07
 77  40  0  0  0  2  2.399603e-01  2.000000e-07
 77  73  0  0  0  2  2.922192e-01  2.000000e-07
 77  46  0  0  0  2  2.181390e-01  2.000000e-07
 77  47  0  0  0  2  2.797750e-01  2.000000e-07
 38  28  0  0  0  2  9.423350e-02  2.000000e-07
 38  31  0  1  0  2  3.524033e-01  2.000000e-07
 38  37 -1  0  0  2  3.257476e-01  2.000000e-07
 38  61  0  1  0  2  3.203510e-01  2.000000e-07
 38  41  0  0  0  2  2.192485e-01  2.000000e-07
 38  47  0  1  0  2  5.084140e-01  2.000000e-07
 38  33 -1  1  0  2  4.498689e-01  2.000000e-07
 38  29 -1  0  0  2  3.508460e-01  2.000000e-07
 38  48  0  0  0  2  1.546705e-01  2.000000e-07
 38  43  0  1  0  2  4.145328e-01  2.000000e-07
 38  76  0  0  0  2  4.270469e-01  2.000000e-07
 25  59  0  0  0  2  1.166277e-01  2.000000e-07
 25  75  0  0  0  2  1.117299e-01  2.000000e-07
 25  40  0  0  0  2  2.663199e-01  2.000000e-07
 25  26  1  0  0  2  3.685204e-01  2.000000e-07
 25  64  0  0  0  2  3.803086e-01  2.000000e-07
 25  76  0  0  0  2  1.601110e-01  2.000000e-07
 34  37  0 -1  0  2  1.922620e-01  2.000000e-07
 34  36  0  0  0  2  1.153719e-01  2.000000e-07
 34  40  0  0  0  2  2.968729e-01  2.000000e-07
 34  62  0  0  0  2  2.008860e-01  2.000000e-07
 34  73  0  0  0  2  1.012227e-01  2.000000e-07
 34  47  0  0  0  2  2.562718e-01  2.000000e-07
 34  64  0 -1  0  2  2.738924e-01  2.000000e-07
 28  37 -1  0  0  2  3.633158e-01  2.000000e-07
 28  60  0  0  0  2  9.615788e-02  2.000000e-07
 28  61  0  1  0  2  4.027817e-01  2.000000e-07
 28  84  0  0  0  2  1.271370e-01  2.000000e-07
 28  88  0  0  0  2  1.108298e-01  2.000000e-07
 28  48  0  0  0  2  1.732357e-01  2.000000e-07
 87  59  0  0  0  2  2.608377e-01  2.000000e-07
 87  31  0  1  0  2  3.793031e-01  2.000000e-07
 87  37  0  0  0  2  2.751070e-01  2.000000e-07
 87  75  0  0  0  2  3.004291e-01  2.000000e-07
 87  36  0  1  0  2  3.592710e-01  2.000000e-07
 87  62  0  1  0  2  3.121183e-01  2.000000e-07
 87  46  0  0  0  2  2.169626e-01  2.000000e-07
 87  64  0  0  0  2  2.515017e-01  2.000000e-07
 87  53  0  0  0  2  6.172310e-01  2.000000e-07
 87  48  0  0  0  2  3.370370e-01  2.000000e-07
 59  75  0  0  0  2  6.840258e-02  2.000000e-07
 59  26  0  0  0  2  5.202957e-01  2.000000e-07
 59  83  0  0  0  2  2.815771e-01  2.000000e-07
 59  42  0  0  0  2  4.545261e-01  2.000000e-07
 59  46  0  0  0  2  2.892368e-01  2.000000e-07
 59  47  0  0  0  2  2.972073e-01  2.000000e-07
 59  53  0  0  0  2  3.700961e-01  2.000000e-07
 59  48  0  0  0  2  4.081342e-01  2.000000e-07
 59  43  0  0  0  2  4.193128e-01  2.000000e-07
 59  76  0  0  0  2  8.917216e-02  2.000000e-07
 31  86  0 -1  0  2  3.783866e-01  2.000000e-07
 31  44  0  0  0  2  3.901586e-01  2.000000e-07
 31  60  0 -1  0  2  3.521705e-01  2.000000e-07
 31  36  0  0  0  2  2.062321e-01  2.000000e-07
 31  61  0  0  0  2  1.412010e-01  2.000000e-07
 31  62  0  0  0  2  1.260614e-01  2.000000e-07
 31  47  0  0  0  2  1.629693e-01  2.000000e-07
 31  53  0  0  0  2  1.155395e-01  2.000000e-07
 31  48  0 -1  0  2  2.518798e-01  2.000000e-07
 31  43  0  0  0  2  3.254096e-01  2.000000e-07
 37  60  1  0  0  2  3.242729e-01  2.000000e-07
 37  36  0  1  0  2  2.667630e-01  2.000000e-07
 37  61  1  1  0  2  5.185580e-01  2.000000e-07
 37  62  0  1  0  2  3.037971e-01  2.000000e-07
 37  73  0  1  0  2  2.888012e-01  2.000000e-07
 37  64  0  0  0  2  8.244022e-02  2.000000e-07
 37  33  0  1  0  2  2.665733e-01  2.000000e-07
 37  29  0  0  0  2  1.929347e-01  2.000000e-07
 37  43  1  1  0  2  4.853554e-01  2.000000e-07
 27  60  0 -1  0  2  4.074849e-01  2.000000e-07
 27  61  0  0  0  2  2.140251e-01  2.000000e-07
 27  40 -1  0  0  2  3.091247e-01  2.000000e-07
 27  83  0  0  0  2  1.791913e-01  2.000000e-07
 27  84  0  0  0  2  3.758071e-01  2.000000e-07
 27  47  0  0  0  2  3.870083e-01  2.000000e-07
 60  61  0  1  0  2  3.192782e-01  2.000000e-07
 60  62  0  1  0  2  4.477959e-01  2.000000e-07
 60  84  0  0  0  2  2.228032e-01  2.000000e-07
 60  88  0  0  0  2  2.056437e-01  2.000000e-07
 60  47  0  1  0  2  5.079422e-01  2.000000e-07
 60  64 -1  0  0  2  2.948542e-01  2.000000e-07
 60  29 -1  0  0  2  3.504633e-01  2.000000e-07
 60  48  0  0  0  2  1.558458e-01  2.000000e-07
 75  83  0  0  0  2  3.040673e-01  2.000000e-07
 75  73  0  0  0  2  3.091127e-01  2.000000e-07
 75  46  0  0  0  2  2.774803e-01  2.000000e-07
 75  47  0  0  0  2  2.466548e-01  2.000000e-07
 75  53  0  0  0  2  3.175242e-01  2.000000e-07
 75  76  0  0  0  2  1.569869e-01  2.000000e-07
 36  62  0  0  0  2  9.652499e-02  2.000000e-07
 36  73  0  0  0  2  1.445953e-01  2.000000e-07
 36  47  0  0  0  2  1.563975e-01  2.000000e-07
 36  33  0  0  0  2  2.331943e-01  2.000000e-07
 36  53  0  0  0  2  1.124357e-01  2.000000e-07
 61  83  0  0  0  2  2.561171e-01  2.000000e-07
 61  62  0  0  0  2  2.639645e-01  2.000000e-07
 61  47  0  0  0  2  2.235981e-01  2.000000e-07
 61  53  0  0  0  2  2.203478e-01  2.000000e-07
 61  48  0 -1  0  2  2.846652e-01  2.000000e-07
 61  43  0  0  0  2  1.879120e-01  2.000000e-07
 40  26  1  0  0  2  2.012803e-01  2.000000e-07
 40  42  1  0  0  2  2.444985e-01  2.000000e-07
 40  84  1  0  0  2  4.246097e-01  2.000000e-07
 40  73  0  0  0  2  2.077608e-01  2.000000e-07
 40  63  1  0  0  2  1.379515e-01  2.000000e-07
 40  47  0  0  0  2  3.712910e-01  2.000000e-07
 40  64  0  0  0  2  4.671234e-01  2.000000e-07
 40  33  0  0  0  2  1.877297e-01  2.000000e-07
 26  42  0  0  0  2  1.764994e-01  2.000000e-07
 26  84  0  0  0  2  2.237936e-01  2.000000e-07
 26  63  0  0  0  2  8.379484e-02  2.000000e-07
 26  88  0  0  0  2  2.402477e-01  2.000000e-07
 26  64 -1  0  0  2  3.666901e-01  2.000000e-07
 26  76  0  0  0  2  4.855542e-01  2.000000e-07
 83  42  0  0  0  2  1.761998e-01  2.000000e-07
 83  84  0  0  0  2  2.614059e-01  2.000000e-07
 83  88  0  0  0  2  2.773268e-01  2.000000e-07
 83  47  0  0  0  2  3.114297e-01  2.000000e-07
 83  53  0  0  0  2  3.648079e-01  2.000000e-07
 83  76  0  0  0  2  2.912567e-01  2.000000e-07
 62  47  0  0  0  2  1.636642e-01  2.000000e-07
 62  64  0 -1  0  2  3.622900e-01  2.000000e-07
 62  53  0  0  0  2  9.113413e-02  2.000000e-07
 62  48  0 -1  0  2  3.177937e-01  2.000000e-07
 41  46 -1  0  0  2  2.294312e-01  2.000000e-07
 41  63  0  0  0  2  2.652122e-01  2.000000e-07
 41  64 -1  0  0  2  2.137334e-01  2.000000e-07
 41  33 -1  1  0  2  5.213946e-01  2.000000e-07
 41  29 -1  0  0  2  1.861627e-01  2.000000e-07
 41  76  0  0  0  2  4.881178e-01  2.000000e-07
 42  84  0  0  0  2  2.951501e-01  2.000000e-07
 42  63  0  0  0  2  1.356391e-01  2.000000e-07
 42  88  0  0  0  2  3.149388e-01  2.000000e-07
 42  47  0  0  0  2  4.521749e-01  2.000000e-07
 42  33 -1  0  0  2  2.927309e-01  2.000000e-07
 42  76  0  0  0  2  4.506229e-01  2.000000e-07
 84  46 -1  0  0  2  3.931162e-01  2.000000e-07
 84  88  0  0  0  2  1.979463e-02  2.000000e-07
 84  64 -1  0  0  2  3.890498e-01  2.000000e-07
 84  29 -1  0  0  2  3.735426e-01  2.000000e-07
 73  46  0  0  0  2  4.096490e-01  2.000000e-07
 73  63  1  0  0  2  3.275224e-01  2.000000e-07
 73  53  0  0  0  2  2.255212e-01  2.000000e-07
 46  63  1  0  0  2  2.551019e-01  2.000000e-07
 46  53  0  0  0  2  5.407801e-01  2.000000e-07
 46  29  0  0  0  2  1.298805e-01  2.000000e-07
 63  33 -1  0  0  2  2.692312e-01  2.000000e-07
 63  43  0  0  0  2  2.540319e-01  2.000000e-07
 88  64 -1  0  0  2  3.852386e-01  2.000000e-07
 88  76  0  0  0  2  2.985792e-01  2.000000e-07
 47  64  0 -1  0  2  4.949522e-01  2.000000e-07
 47  53  0  0  0  2  7.336440e-02  2.000000e-07
 47  48  0 -1  0  2  4.147572e-01  2.000000e-07
 47  43  0  0  0  2  3.494958e-01  2.000000e-07
 64  29  0  0  0  2  1.180007e-01  2.000000e-07
 33  73  0  0  0  2  1.082876e-01  2.000000e-07
 53  43  0  0  0  2  3.773974e-01  2.000000e-07
 29  57  0  0  0  2  9.265773e-02  2.000000e-07
 48  76  0  0  0  2  3.193616e-01  2.000000e-07
 85  26  0  0  0  1  1.484805e-01  3.000000e-07
 85  83  0  0  0  1  2.023779e-01  3.000000e-07
 85  41  0  0  0  1  1.983324e-01  3.000000e-07
 85  42  0  0  0  1  2.003901e-01  3.000000e-07
 85  84  0  0  0  1  9.576703e-02  3.000000e-07
 39  45  0  0  0  1  2.125561e-01  3.000000e-07
 39  40 -1  0  0  1  1.694515e-01  3.000000e-07
 39  42  0  0  0  1  1.098038e-01  3.000000e-07
 39  63  0  0  0  1  1.309706e-01  3.000000e-07
 39  33 -1  0  0  1  1.831792e-01  3.000000e-07
 54  56  0  0  0  1  8.793825e-02  3.000000e-07
 54  34  0  1  0  1  2.728581e-01  3.000000e-07
 54  87  0  0  0  1  1.095458e-01  3.000000e-07
 54  37  0  0  0  1  1.695422e-01  3.000000e-07
 54  36  0  1  0  1  2.773401e-01  3.000000e-07
 54  64  0  0  0  1  1.649945e-01  3.000000e-07
 55  86  0  0  0  1  2.726517e-01  3.000000e-07
 55  74  0  0  0  1  2.990794e-01  3.000000e-07
 55  38  0  0  0  1  1.111136e-01  3.000000e-07
 55  28  0  0  0  1  1.045370e-01  3.000000e-07
 55  88  0  0  0  1  1.632910e-01  3.000000e-07
 55  48  0  0  0  1  6.970691e-02  3.000000e-07
 89  86  0  0  0  1  1.563027e-01  3.000000e-07
 89  1  0  0  0  1  1.427547e-01  3.000000e-07
 89  56  0  0  0  1  1.297726e-01  3.000000e-07
 89  57  0  0  0  1  1.211119e-01  3.000000e-07
 89  25  0  0  0  1  9.370985e-02  3.000000e-07
 89  87  0  0  0  1  1.153500e-01  3.000000e-07
 89  76  0  0  0  1  1.672400e-01  3.000000e-07
 86  1  0  0  0  1  5.019526e-02  3.000000e-07
 86  74  0  0  0  1  1.005956e-01  3.000000e-07
 86  62  0  1  0  1  3.544085e-01  3.000000e-07
 86  48  0  0  0  1  2.482318e-01  3.000000e-07
 82  61  0  0  0  1  1.662552e-01  3.000000e-07
 82  47  0  0  0  1  2.928656e-01  3.000000e-07
 82  43  0  0  0  1  6.429583e-02  3.000000e-07
 32  35  0  0  0  1  7.401605e-02  3.000000e-07
 32  44  0  0  0  1  1.931038e-01  3.000000e-07
 32  34  0  0  0  1  7.462747e-02  3.000000e-07
 32  36  0  0  0  1  8.698383e-02  3.000000e-07
 32  73  0  0  0  1  5.808187e-02  3.000000e-07
 32  47  0  0  0  1  1.921266e-01  3.000000e-07
 35  34  0  0  0  1  8.737340e-02  3.000000e-07
 35  33  0  0  0  1  7.854526e-02  3.000000e-07
 1  74  0  0  0  1  5.481335e-02  3.000000e-07
 1  76  0  0  0  1  6.645733e-02  3.000000e-07
 44  77  0  0  0  1  1.406577e-01  3.000000e-07
 44  75  0  0  0  1  1.727996e-01  3.000000e-07
 44  40  0  0  0  1  1.476292e-01  3.000000e-07
 44  73  0  0  0  1  1.556561e-01  3.000000e-07
 44  47  0  0  0  1  2.331249e-01  3.000000e-07
 74  83  0  0  0  1  2.956818e-01  3.000000e-07
 74  84  0  0  0  1  2.868720e-01  3.000000e-07
 74  88  0  0  0  1  2.831439e-01  3.000000e-07
 56  87  0  0  0  1  7.723400e-02  3.000000e-07
 56  29  0  0  0  1  1.210167e-01  3.000000e-07
 30  28  0  0  0  1  1.633012e-01  3.000000e-07
 30  60  0  0  0  1  2.103342e-01  3.000000e-07
 30  64 -1  0  0  1  2.034183e-01  3.000000e-07
 30  29 -1  0  0  1  1.828408e-01  3.000000e-07
 57  46  0  0  0  1  1.194344e-01  3.000000e-07
 57  29  0  0  0  1  9.265773e-02  3.000000e-07
 45  58  0  0  0  1  1.540161e-01  3.000000e-07
 45  27  0  0  0  1  1.758771e-01  3.000000e-07
 45  33 -1  0  0  1  2.392434e-01  3.000000e-07
 45  43  0  0  0  1  1.973152e-01  3.000000e-07
 58  42  0  0  0  1  1.071410e-01  3.000000e-07
 77  25  0  0  0  1  7.073693e-02  3.000000e-07
 77  59  0  0  0  1  1.101935e-01  3.000000e-07
 77  75  0  0  0  1  6.407954e-02  3.000000e-07
 77  40  0  0  0  1  2.399603e-01  3.000000e-07
 38  28  0  0  0  1  9.423350e-02  3.000000e-07
 38  48  0  0  0  1  1.546705e-01  3.000000e-07
 25  59  0  0  0  1  1.166277e-01  3.000000e-07
 25  46  0  0  0  1  1.732512e-01  3.000000e-07
 34  37  0 -1  0  1  1.922620e-01  3.000000e-07
 34  36  0  0  0  1  1.153719e-01  3.000000e-07
 34  33  0  0  0  1  1.369146e-01  3.000000e-07
 28  60  0  0  0  1  9.615788e-02  3.000000e-07
 28  41  0  0  0  1  1.676762e-01  3.000000e-07
 28  88  0  0  0  1  1.108298e-01  3.000000e-07
 87  62  0  1  0  1  3.121183e-01  3.000000e-07
 59  75  0  0  0  1  6.840258e-02  3.000000e-07
 59  83  0  0  0  1  2.815771e-01  3.000000e-07
 59  76  0  0  0  1  8.917216e-02  3.000000e-07
 31  61  0  0  0  1  1.412010e-01  3.000000e-07
 31  62  0  0  0  1  1.260614e-01  3.000000e-07
 31  47  0  0  0  1  1.629693e-01  3.000000e-07
 31  53  0  0  0  1  1.155395e-01  3.000000e-07
 31  48  0 -1  0  1  2.518798e-01  3.000000e-07
 37  45  1  1  0  1  2.972854e-01  3.000000e-07
 37  60  1  0  0  1  3.242729e-01  3.000000e-07
 37  64  0  0  0  1  8.244022e-02  3.000000e-07
 37  33  0  1  0  1  2.665733e-01  3.000000e-07
 27  42  0  0  0  1  1.023486e-01  3.000000e-07
 60  61  0  1  0  1  3.192782e-01  3.000000e-07
 60  64 -1  0  0  1  2.948542e-01  3.000000e-07
 60  48  0  0  0  1  1.558458e-01  3.000000e-07
 75  83  0  0  0  1  3.040673e-01  3.000000e-07
 75  47  0  0  0  1  2.466548e-01  3.000000e-07
 36  62  0  0  0  1  9.652499e-02  3.000000e-07
 36  47  0  0  0  1  1.563975e-01  3.000000e-07
 36  53  0  0  0  1  1.124357e-01  3.000000e-07
 61  47  0  0  0  1  2.235981e-01  3.000000e-07
 61  48  0 -1  0  1  2.846652e-01  3.000000e-07
 61  43  0  0  0  1  1.879120e-01  3.000000e-07
 40  73  0  0  0  1  2.077608e-01  3.000000e-07
 40  63  1  0  0  1  1.379515e-01  3.000000e-07
 40  33  0  0  0  1  1.877297e-01  3.000000e-07
 26  41  0  0  0  1  1.836794e-01  3.000000e-07
 26  42  0  0  0  1  1.764994e-01  3.000000e-07
 26  46 -1  0  0  1  2.300443e-01  3.000000e-07
 26  63  0  0  0  1  8.379484e-02  3.000000e-07
 83  84  0  0  0  1  2.614059e-01  3.000000e-07
 83  43  0  0  0  1  1.496591e-01  3.000000e-07
 83  76  0  0  0  1  2.912567e-01  3.000000e-07
 62  53  0  0  0  1  9.113413e-02  3.000000e-07
 62  48  0 -1  0  1  3.177937e-01  3.000000e-07
 41  84  0  0  0  1  1.877103e-01  3.000000e-07
 41  46 -1  0  0  1  2.294312e-01  3.000000e-07
 41  88  0  0  0  1  1.896820e-01  3.000000e-07
 41  29 -1  0  0  1  1.861627e-01  3.000000e-07
 42  63  0  0  0  1  1.356391e-01  3.000000e-07
 42  43  0  0  0  1  1.205138e-01  3.000000e-07
 73  33  0  0  0  1  1.082876e-01  3.000000e-07
 46  63  1  0  0  1  2.551019e-01  3.000000e-07
 46  29  0  0  0  1  1.298805e-01  3.000000e-07
 64  29  0  0  0  1  1.180007e-01  3.000000e-07
-1.741412e-01 -1.126202e-01 -1.282635e-01
 8.062449e-02  1.511153e-01  0
 2.232821e-01  1.751242e-01 -1.208229e-01
 7.117797e-02  3.026685e-02 -1.722582e-01
 2.083837e-01 -1.198295e-01 -1.244620e-01
-8.546140e-02  3.729498e-01 -2.825956e-01
-4.046097e-01  9.010996e-02 -2.698998e-01
-3.161283e-01  4.324576e-01 -2.453472e-01
-1.682816e-01  3.425959e-01 -1.712628e-01
 3.525252e-01  1.970103e-01 -1.558102e-01
-4.147269e-02 -9.276245e-02 -4.038847e-01
-3.806041e-01 -3.531668e-01  1.529916e-01
 3.843127e-01 -1.373459e-01  2.976433e-01
 2.631842e-01 -1.380728e-01 -3.698059e-01
-5.884993e-02 -2.957596e-01  1.892091e-01
 3.204885e-01  3.602392e-01  2.610361e-01
 1.086529e-02  2.978348e-01  2.749750e-01
 1.982902e-01  3.048566e-01  2.993162e-01
-2.785407e-02 -2.997932e-02  1.068617e-01
-2.204537e-02  3.032667e-01  1.219509e-01
 3.330052e-01 -4.126258e-01  2.542025e-01
-1.784586e-02 -4.272665e-01  3.805700e-01
 2.204097e-02 -4.384522e-01  2.830485e-01
-1.730785e-01  2.465650e-01  1.845335e-01
-3.088775e-01 -1.685511e-01  1.411458e-01
 2.142076e-01  3.981657e-02  0
-4.183099e-01  1.217756e-02  0
-2.840008e-01 -2.318684e-01  0
-2.618649e-01  2.650434e-01  0
 4.034862e-01  2.352950e-01  0
-4.154815e-01  2.096427e-01  0
 1.167496e-02 -4.268234e-01  0
 2.839529e-01 -3.402081e-01  0
 4.313801e-01 -3.060589e-01  0
 3.304541e-01 -3.985767e-01  0
 3.532613e-01 -3.142325e-01  0
 2.151946e-01 -3.934855e-01  0
 4.134017e-01  4.279748e-01  0
-2.682234e-01  3.590621e-01  0
-4.214382e-01 -1.970077e-01  0
 4.284717e-01 -1.183517e-01  0
-4.145847e-01  1.958192e-01  0
-3.279402e-01 -1.394316e-01  0
-2.451912e-01 -2.270455e-01  0
 2.836696e-01 -1.471045e-01  0
-3.469627e-01 -3.960894e-01  0
 3.730304e-01  1.090358e-01  0
 9.875673e-02 -2.890708e-01  0
-1.136153e-01  3.546685e-01  0
-7.977330e-02 -1.364140e-01  1.798443e-01
 1.890002e-01 -9.781346e-02  1.346170e-01
 3.981301e-01  3.296759e-01  1.444905e-01
-1.750193e-01  6.347869e-03  4.429786e-01
 1.072752e-01 -3.619390e-01  0
 2.716401e-01  3.349792e-01  0
-1.680072e-01  3.110729e-01  0
 2.831166e-01  2.477931e-01  0
 3.136369e-01  2.126552e-01  0
-3.139432e-01 -2.456544e-01  0
 1.019700e-01  8.119088e-03  0
-2.693361e-01  3.609106e-01  0
-1.130689e-01 -3.606668e-01  0
 1.358634e-01 -4.484731e-01  0
-4.431532e-01 -6.784985e-02  0
 4.360622e-01  3.487101e-01  0
 4.126886e-01  2.984612e-01  4.069548e-01
 3.191564e-01  6.089110e-02  4.060065e-01
-3.606663e-02 -1.942444e-01 -4.420568e-01
-2.234833e-01  1.441317e-01 -3.756947e-01
 2.774947e-01  1.125903e-01 -1.414806e-01
-7.730981e-03  2.378978e-01 -4.205444e-01
-1.954565e-01 -4.404147e-01 -1.525313e-01
-3.955364e-01  4.244430e-01 -3.620385e-01
 3.234235e-01 -2.975985e-01  0
 4.961499e-02  1.059167e-01  0
 1.432086e-01 -4.645460e-02  0
 6.136496e-02  8.750993e-02  0
 2.052310e-01 -3.034848e-02  0
 3.079160e-02  2.175761e-01 -1.700721e-01
-2.531010e-01 -4.010769e-01 -4.261548e-01
 7.303026e-02 -6.701963e-02 -2.084140e-01
-3.917591e-01  6.438183e-02 -4.351938e-01
-1.832142e-01 -2.099338e-01  0
-1.545782e-01 -1.079358e-01  0
-2.351346e-01  1.407481e-01  0
-2.758626e-01  5.407314e-02  0
 8.157085e-02  2.013017e-01  0
 2.058838e-01  2.473642e-01  0
-2.284366e-01  1.593751e-01  0
 2.222481e-01  1.331808e-01  0