 719  90  1.200000e-05  77 -2 -2
 4  41  0  0  0  3  5.190670e-01  1.000000e-07
 4  35  0  0  0  3  1.863018e-01  1.000000e-07
 4  36  0  0  0  3  3.616288e-01  1.000000e-07
 4  42  0  0  0  3  1.690919e-01  1.000000e-07
 4  7  0  0  0  3  1.795682e-01  1.000000e-07
 4  37  0  0  0  3  9.294829e-02  1.000000e-07
 5  34  0  0  0  3  3.524583e-01  1.000000e-07
 5  40  0 -1  0  3  3.584688e-01  1.000000e-07
 5  36  0 -1  0  3  6.522175e-01  1.000000e-07
 5  6  1  0  0  3  4.181111e-01  1.000000e-07
 5  42  1  0  0  3  5.629200e-01  1.000000e-07
 18  19  1  0  0  3  3.126708e-01  1.000000e-07
 18  20  0 -1  0  3  3.464488e-01  1.000000e-07
 18  41  0  0  0  3  4.329076e-01  1.000000e-07
 18  40  0 -1  0  3  2.679825e-01  1.000000e-07
 18  39  0  0  0  3  2.856992e-01  1.000000e-07
 18  25  0  0  1  3  3.132326e-01  1.000000e-07
 18  21  0  0  1  3  3.078334e-01  1.000000e-07
 18  27  0  0  1  3  4.254082e-01  1.000000e-07
 18  38  1 -1  1  3  4.873578e-01  1.000000e-07
 19  41 -1  0  0  3  4.289366e-01  1.000000e-07
 19  36  0 -1  0  3  4.045939e-01  1.000000e-07
 19  39  0  0  0  3  4.495717e-01  1.000000e-07
 19  30  0  0  0  3  5.174995e-01  1.000000e-07
 19  37  0  0  0  3  4.851074e-01  1.000000e-07
 19  23  0 -1  1  3  4.810351e-01  1.000000e-07
 19  25 -1  0  1  3  3.734793e-01  1.000000e-07
 19  32  0  0  1  3  4.841042e-01  1.000000e-07
 34  41  0  0  0  3  2.982016e-01  1.000000e-07
 34  9  0  0  0  3  2.764474e-01  1.000000e-07
 34  39  0  0  0  3  1.856677e-01  1.000000e-07
 34  7  0  0  0  3  2.938518e-01  1.000000e-07
 34  21  0  0  1  3  2.436152e-01  1.000000e-07
 34  15  0  0  1  3  3.050933e-01  1.000000e-07
 34  22  0  0  1  3  4.328615e-01  1.000000e-07
 20  41  0  0  0  3  4.965123e-01  1.000000e-07
 20  35  0  0  0  3  3.210535e-01  1.000000e-07
 20  40  0  0  0  3  2.231270e-01  1.000000e-07
 20  17  0  0  0  3  2.088562e-01  1.000000e-07
 20  25  0  1  1  3  4.844575e-01  1.000000e-07
 20  21  0  1  1  3  4.476722e-01  1.000000e-07
 20  27  0  1  1  3  4.574671e-01  1.000000e-07
 20  22  0  0  1  3  3.671974e-01  1.000000e-07
 41  35  0  0  0  3  4.379717e-01  1.000000e-07
 41  32  1  0  1  3  3.234792e-01  1.000000e-07
 41  22  0  0  1  3  4.706556e-01  1.000000e-07
 35  36  0  0  0  3  3.502185e-01  1.000000e-07
 35  9  0  0  0  3  1.112460e-01  1.000000e-07
 35  17  0  0  0  3  2.862362e-01  1.000000e-07
 35  37  0  0  0  3  1.454413e-01  1.000000e-07
 35  28  0  0  1  3  3.971111e-01  1.000000e-07
 40  36  1  0  0  3  5.348303e-01  1.000000e-07
 40  8  1  0  0  3  4.746730e-01  1.000000e-07
 40  32  1  0  1  3  4.861258e-01  1.000000e-07
 40  22  0  0  1  3  4.553414e-01  1.000000e-07
 36  8  0  0  0  3  3.150090e-01  1.000000e-07
 36  6  0  1  0  3  1.550810e-01  1.000000e-07
 36  42  0  0  0  3  3.080617e-01  1.000000e-07
 36  37  0  0  0  3  3.545975e-01  1.000000e-07
 8  30  0  0  0  3  1.679192e-01  1.000000e-07
 8  42  0  0  0  3  1.987334e-01  1.000000e-07
 8  37  0  0  0  3  2.665567e-01  1.000000e-07
 8  31  0  0  1  3  5.416344e-01  1.000000e-07
 8  38  0  0  1  3  4.512791e-01  1.000000e-07
 8  32  0  0  1  3  2.952407e-01  1.000000e-07
 9  39  0  0  0  3  2.474019e-01  1.000000e-07
 9  30  0  0  0  3  2.531915e-01  1.000000e-07
 9  37  0  0  0  3  1.035510e-01  1.000000e-07
 9  28  0  0  1  3  4.369831e-01  1.000000e-07
 9  31  0  0  1  3  4.657594e-01  1.000000e-07
 9  29  0  0  1  3  3.992922e-01  1.000000e-07
 39  6  0  0  0  3  4.382753e-01  1.000000e-07
 39  7  0  0  0  3  2.011966e-01  1.000000e-07
 39  31  0  0  1  3  3.908918e-01  1.000000e-07
 39  21  0  0  1  3  2.853449e-01  1.000000e-07
 39  29  0  0  1  3  4.465138e-01  1.000000e-07
 6  42  0  0  0  3  5.596839e-01  1.000000e-07
 6  7  0  0  0  3  4.347547e-01  1.000000e-07
 6  38  0 -1  1  3  5.136124e-01  1.000000e-07
 17  30  0  0  0  3  2.138378e-01  1.000000e-07
 17  28  0  0  1  3  4.034008e-01  1.000000e-07
 17  23  0  0  1  3  1.388124e-01  1.000000e-07
 17  38  0  0  1  3  3.580500e-01  1.000000e-07
 17  32  0  0  1  3  3.879655e-01  1.000000e-07
 17  29  0  0  1  3  3.441233e-01  1.000000e-07
 30  37  0  0  0  3  2.022460e-01  1.000000e-07
 30  38  0  0  1  3  4.251811e-01  1.000000e-07
 30  32  0  0  1  3  3.229708e-01  1.000000e-07
 30  29  0  0  1  3  3.520503e-01  1.000000e-07
 30  14  0  0  1  3  3.397729e-01  1.000000e-07
 42  7  0  0  0  3  2.887266e-01  1.000000e-07
 42  37  0  0  0  3  1.607871e-01  1.000000e-07
 7  37  0  0  0  3  1.738596e-01  1.000000e-07
 10  23  0 -1  0  3  3.110320e-01  1.000000e-07
 10  25 -1  0  0  3  3.739910e-01  1.000000e-07
 10  33  0 -1  0  3  3.017800e-01  1.000000e-07
 10  27 -1  0  0  3  3.458752e-01  1.000000e-07
 10  38  0 -1  0  3  1.907127e-01  1.000000e-07
 10  62  0  0  0  3  1.854433e-01  1.000000e-07
 10  14  0 -1  0  3  3.684317e-01  1.000000e-07
 10  11  0  0  0  3  1.231133e-01  1.000000e-07
 10  26  0  0  0  3  2.761406e-01  1.000000e-07
 28  23  0  0  0  3  3.465051e-01  1.000000e-07
 28  24  0  0  0  3  1.803817e-01  1.000000e-07
 28  16  0  0  0  3  3.210887e-01  1.000000e-07
 28  12  0  0  0  3  2.672892e-01  1.000000e-07
 28  22  0  0  0  3  1.453867e-01  1.000000e-07
 28  13  0  0  0  3  2.192990e-01  1.000000e-07
 23  21  0  1  0  3  5.271590e-01  1.000000e-07
 23  27  0  1  0  3  5.223529e-01  1.000000e-07
 23  29  0  0  0  3  2.952851e-01  1.000000e-07
 23  14  0  0  0  3  2.408988e-01  1.000000e-07
 23  22  0  0  0  3  3.747477e-01  1.000000e-07
 24  31  0  0  0  3  1.864880e-01  1.000000e-07
 24  21  0  0  0  3  2.103186e-01  1.000000e-07
 24  16  0  0  0  3  2.370375e-01  1.000000e-07
 24  29  0  0  0  3  2.068688e-01  1.000000e-07
 24  15  0  0  0  3  1.469664e-01  1.000000e-07
 24  26  0  0  0  3  2.530341e-01  1.000000e-07
 24  12  0  0  0  3  3.211017e-01  1.000000e-07
 24  13  0  0  0  3  1.648049e-01  1.000000e-07
 25  31  1  0  0  3  5.309259e-01  1.000000e-07
 25  15  0  0  0  3  2.493292e-01  1.000000e-07
 25  11  1  0  0  3  3.470674e-01  1.000000e-07
 25  26  1  0  0  3  5.028859e-01  1.000000e-07
 31  29  0  0  0  3  2.348731e-01  1.000000e-07
 31  14  0  0  0  3  3.598080e-01  1.000000e-07
 31  13  0  0  0  3  1.814410e-01  1.000000e-07
 21  16  0  0  0  3  2.966108e-01  1.000000e-07
 21  15  0  0  0  3  1.177666e-01  1.000000e-07
 21  26  0  0  0  3  3.314680e-01  1.000000e-07
 33  16 -1  0  0  3  6.009142e-01  1.000000e-07
 33  14  0  0  0  3  2.773126e-01  1.000000e-07
 33  11  0  1  0  3  2.682987e-01  1.000000e-07
 33  12  0  0  0  3  3.193547e-01  1.000000e-07
 33  13  0  0  0  3  4.303257e-01  1.000000e-07
 16  15  0  0  0  3  2.126816e-01  1.000000e-07
 16  26  0  0  0  3  3.967537e-01  1.000000e-07
 27  38  1 -1  0  3  3.256520e-01  1.000000e-07
 27  11  1  0  0  3  2.846318e-01  1.000000e-07
 27  26  0  0  0  3  5.222277e-01  1.000000e-07
 27  12  0 -1  0  3  5.741336e-01  1.000000e-07
 27  22  0 -1  0  3  3.993788e-01  1.000000e-07
 38  14  0  0  0  3  2.693696e-01  1.000000e-07
 38  11  0  1  0  3  2.469422e-01  1.000000e-07
 32  14  0  0  0  3  2.174150e-01  1.000000e-07
 32  15 -1  0  0  3  4.802392e-01  1.000000e-07
 32  22 -1  0  0  3  3.872209e-01  1.000000e-07
 62  11  0  0  0  3  1.843978e-01  1.000000e-07
 62  26  0  0  0  3  1.960319e-01  1.000000e-07
 62  13  0  0  0  3  4.051992e-01  1.000000e-07
 29  14  0  0  0  3  1.837079e-01  1.000000e-07
 29  13  0  0  0  3  1.074782e-01  1.000000e-07
 14  12  0  0  0  3  2.259974e-01  1.000000e-07
 15  22  0  0  0  3  2.946293e-01  1.000000e-07
 11  26  0  0  0  3  3.330319e-01  1.000000e-07
 26  17  0 -1 -1  3  4.781186e-01  1.000000e-07
 12  13  0  0  0  3  2.015428e-01  1.000000e-07
 22  35  0  0 -1  3  4.537919e-01  1.000000e-07
 7  59  0  0  0  3  1.748414e-01  1.000000e-07
 77  31  0  0  0  3  3.395196e-01  1.000000e-07
 41  58  0  0  0  3  3.464105e-01  1.000000e-07
 61  16  0  0  0  3  1.649064e-01  1.000000e-07
 7  77  0  0  0  3  1.779943e-01  1.000000e-07
 59  13  0  0  0  3  2.854954e-01  1.000000e-07
 6  67  0 -1  0  3  2.128777e-01  1.000000e-07
 82  33  0  0  0  3  1.869736e-01  1.000000e-07
 7  85  0  0  0  3  2.322721e-01  1.000000e-07
 71  62  0  0  0  3  2.438876e-01  1.000000e-07
 9  54  0  0  0  3  3.013097e-01  1.000000e-07
 60  16  0  0  0  3  1.571775e-01  1.000000e-07
 4  88  0  0  0  3  1.148272e-01  1.000000e-07
 77  13  0  0  0  3  2.769823e-01  1.000000e-07
 5  72  0  0  0  3  2.341012e-01  1.000000e-07
 2  62  0  0  0  3  4.076303e-01  1.000000e-07
 4  44  0  0  0  3  1.375548e-01  1.000000e-07
 45  22  0  0  0  3  3.953095e-01  1.000000e-07
 34  54  0  0  0  3  3.554874e-01  1.000000e-07
 89  16  0  0  0  3  1.302396e-01  1.000000e-07
 40  57  0  0  0  3  3.813396e-01  1.000000e-07
 80  12  0  0  0  3  2.340779e-01  1.000000e-07
 5  55  1  0  0  3  1.884801e-01  1.000000e-07
 49  62  0  0  0  3  3.281922e-01  1.000000e-07
 5  74  0  0  0  3  1.029626e-01  1.000000e-07
 53  25  0  0  0  3  3.550336e-01  1.000000e-07
 5  74  0  0  0  3  1.461990e-01  1.000000e-07
 53  11  1  0  0  3  2.756215e-01  1.000000e-07
 42  75  0  0  0  3  2.055646e-01  1.000000e-07
 86  62  0  0  0  3  3.344560e-01  1.000000e-07
 8  67  0  0  0  3  2.905314e-01  1.000000e-07
 81  33  0  0  0  3  1.498525e-01  1.000000e-07
 6  76  0  0  0  3  1.651251e-01  1.000000e-07
 87  62  0  0  0  3  1.889563e-01  1.000000e-07
 42  3  0  0  0  3  1.286538e-01  1.000000e-07
 84  12  0  0  0  3  1.998660e-01  1.000000e-07
 4  45  0  0  0  3  1.236112e-01  1.000000e-07
 43  12  0  0  0  3  1.863760e-01  1.000000e-07
 6  76  0  0  0  3  1.653719e-01  1.000000e-07
 87  11  0  0  0  3  2.048877e-01  1.000000e-07
 33  67  0  0  0  3  1.821028e-01  1.000000e-07
 81  40 -1  0  0  3  3.690557e-01  1.000000e-07
 53  65  0  0  0  2  3.367459e-03  2.000000e-07
 53  54  0  0  0  2  2.430175e-01  2.000000e-07
 53  79  1  0  0  2  2.748815e-01  2.000000e-07
 53  2  0  0  0  2  1.378103e-01  2.000000e-07
 53  76  1  0  0  2  4.612474e-01  2.000000e-07
 53  55  1  0  0  2  1.926894e-01  2.000000e-07
 53  56  0 -1  0  2  5.020940e-01  2.000000e-07
 53  70  0  0  0  2  4.046999e-01  2.000000e-07
 53  73  0 -1  0  2  4.008685e-01  2.000000e-07
 53  57  0 -1  0  2  5.645947e-01  2.000000e-07
 53  58  0  0  0  2  2.445822e-01  2.000000e-07
 53  74  0  0  0  2  5.660661e-02  2.000000e-07
 53  61  0  0  0  2  2.199575e-01  2.000000e-07
 53  49  1  0  0  2  1.706102e-01  2.000000e-07
 48  54  0  0  0  2  2.777761e-01  2.000000e-07
 48  64  0  0  0  2  1.666114e-01  2.000000e-07
 48  67  1  0  0  2  3.549776e-01  2.000000e-07
 48  69  1  0  0  2  2.797162e-01  2.000000e-07
 48  52  0  0  0  2  9.568206e-02  2.000000e-07
 48  83  0  0  0  2  3.242491e-01  2.000000e-07
 48  84  1  0  0  2  3.733111e-01  2.000000e-07
 48  50  0  0  0  2  6.947247e-02  2.000000e-07
 48  51  0  0  0  2  2.334345e-02  2.000000e-07
 48  81  1  0  0  2  3.850738e-01  2.000000e-07
 48  89  0  0  0  2  2.557586e-01  2.000000e-07
 43  3  0  0  0  2  1.311653e-01  2.000000e-07
 43  45  0  0  0  2  1.033869e-02  2.000000e-07
 43  77  0  0  0  2  1.279825e-01  2.000000e-07
 43  83  0  0  0  2  1.860033e-01  2.000000e-07
 43  66  0  0  0  2  2.671806e-01  2.000000e-07
 43  84  0  0  0  2  1.983842e-01  2.000000e-07
 43  88  0  0  0  2  6.006682e-02  2.000000e-07
 43  81  0  0  0  2  1.967142e-01  2.000000e-07
 43  82  0  0  0  2  1.644243e-01  2.000000e-07
 65  54  0  0  0  2  2.406670e-01  2.000000e-07
 65  67  1 -1  0  2  4.546758e-01  2.000000e-07
 65  69  1  0  0  2  2.640604e-01  2.000000e-07
 65  83  0  0  0  2  3.703423e-01  2.000000e-07
 65  55  1  0  0  2  1.940986e-01  2.000000e-07
 65  66  0 -1  0  2  5.178286e-01  2.000000e-07
 65  50  0  0  0  2  2.022674e-01  2.000000e-07
 65  56  0 -1  0  2  5.054330e-01  2.000000e-07
 65  51  0  0  0  2  2.864583e-01  2.000000e-07
 65  70  0  0  0  2  4.058785e-01  2.000000e-07
 65  72  0  0  0  2  1.441384e-01  2.000000e-07
 65  74  0  0  0  2  5.861145e-02  2.000000e-07
 65  61  0  0  0  2  2.166401e-01  2.000000e-07
 65  89  0  0  0  2  1.408304e-01  2.000000e-07
 65  49  1  0  0  2  1.714959e-01  2.000000e-07
 65  1  0 -1  0  2  3.760126e-01  2.000000e-07
 54  78  0  0  0  2  2.650158e-01  2.000000e-07
 54  2  0  0  0  2  2.420987e-01  2.000000e-07
 54  47  0  0  0  2  3.552172e-01  2.000000e-07
 54  76  0  0  0  2  4.549777e-01  2.000000e-07
 54  77  0  0  0  2  2.487889e-01  2.000000e-07
 54  83  0  0  0  2  1.361610e-01  2.000000e-07
 54  86  0  0  0  2  3.933587e-01  2.000000e-07
 54  50  0  0  0  2  2.703572e-01  2.000000e-07
 54  87  0  0  0  2  4.504481e-01  2.000000e-07
 54  51  0  0  0  2  2.963759e-01  2.000000e-07
 54  70  0  0  0  2  3.730189e-01  2.000000e-07
 54  63  0  0  0  2  3.353393e-01  2.000000e-07
 54  58  0  0  0  2  2.028184e-01  2.000000e-07
 54  59  0  0  0  2  1.743998e-01  2.000000e-07
 54  60  0  0  0  2  1.200341e-01  2.000000e-07
 54  61  0  0  0  2  2.156963e-01  2.000000e-07
 3  79  0  0  0  2  3.509171e-01  2.000000e-07
 3  45  0  0  0  2  1.339062e-01  2.000000e-07
 3  75  0  0  0  2  2.253638e-01  2.000000e-07
 3  44  0  0  0  2  1.581808e-01  2.000000e-07
 3  76  0  1  0  2  4.220792e-01  2.000000e-07
 3  77  0  0  0  2  2.111768e-01  2.000000e-07
 3  80  0  0  0  2  1.872487e-01  2.000000e-07
 3  86  0  0  0  2  3.454038e-01  2.000000e-07
 3  56 -1  0  0  2  4.040674e-01  2.000000e-07
 3  87  0  1  0  2  4.166093e-01  2.000000e-07
 3  81  0  0  0  2  7.448459e-02  2.000000e-07
 3  57  0  0  0  2  2.434019e-01  2.000000e-07
 3  82  0  0  0  2  1.201276e-01  2.000000e-07
 78  45  0  0  0  2  1.392290e-01  2.000000e-07
 78  44  0  0  0  2  1.046065e-01  2.000000e-07
 78  47  0  0  0  2  2.838126e-01  2.000000e-07
 78  52  0  0  0  2  2.642112e-01  2.000000e-07
 78  77  0  0  0  2  2.006093e-01  2.000000e-07
 78  83  0  0  0  2  1.485155e-01  2.000000e-07
 78  66  0  0  0  2  1.716261e-01  2.000000e-07
 78  80  0  0  0  2  1.507031e-01  2.000000e-07
 78  56  0  0  0  2  3.711695e-01  2.000000e-07
 78  51  0  0  0  2  3.306920e-01  2.000000e-07
 78  46  0  0  0  2  7.373103e-02  2.000000e-07
 78  57  0  0  0  2  1.760386e-01  2.000000e-07
 78  60  0  0  0  2  1.863845e-01  2.000000e-07
 78  61  0  0  0  2  3.082921e-01  2.000000e-07
 64  67  1  0  0  2  2.470085e-01  2.000000e-07
 64  68  0  0  0  2  2.171232e-01  2.000000e-07
 64  69  1  0  0  2  4.218764e-01  2.000000e-07
 64  47  0  0  0  2  2.086459e-02  2.000000e-07
 64  52  0  0  0  2  8.056545e-02  2.000000e-07
 64  83  0  0  0  2  3.489215e-01  2.000000e-07
 64  66  0  0  0  2  2.241839e-01  2.000000e-07
 64  84  1  0  0  2  3.951509e-01  2.000000e-07
 64  46  0  0  0  2  2.054736e-01  2.000000e-07
 64  73  0  0  0  2  1.720079e-01  2.000000e-07
 64  58  0  0  0  2  1.915551e-01  2.000000e-07
 64  1  0  0  0  2  1.993374e-01  2.000000e-07
 79  75  0  0  0  2  2.883387e-01  2.000000e-07
 79  69  0  0  0  2  1.397739e-01  2.000000e-07
 79  47 -1  0  0  2  2.635929e-01  2.000000e-07
 79  76  0  0  0  2  4.551339e-01  2.000000e-07
 79  55  0  0  0  2  2.455148e-01  2.000000e-07
 79  80  0  0  0  2  5.362935e-01  2.000000e-07
 79  84  0  0  0  2  2.664551e-01  2.000000e-07
 79  86  0  0  0  2  2.623983e-01  2.000000e-07
 79  56 -1  0  0  2  3.089603e-01  2.000000e-07
 79  81  0  0  0  2  2.843885e-01  2.000000e-07
 79  73 -1  0  0  2  4.203493e-01  2.000000e-07
 79  58 -1  0  0  2  2.221784e-01  2.000000e-07
 79  74 -1  0  0  2  3.314825e-01  2.000000e-07
 79  49  0  0  0  2  2.129333e-01  2.000000e-07
 45  44  0  0  0  2  3.737024e-02  2.000000e-07
 45  77  0  0  0  2  1.177042e-01  2.000000e-07
 45  83  0  0  0  2  1.799022e-01  2.000000e-07
 45  66  0  0  0  2  2.750083e-01  2.000000e-07
 45  81  0  0  0  2  1.970873e-01  2.000000e-07
 45  57  0  0  0  2  2.096160e-01  2.000000e-07
 45  82  0  0  0  2  1.734111e-01  2.000000e-07
 67  69  0  1  0  2  5.129353e-01  2.000000e-07
 67  47 -1  0  0  2  2.542445e-01  2.000000e-07
 67  0  0  1  0  2  4.282943e-01  2.000000e-07
 67  52 -1  0  0  2  3.113597e-01  2.000000e-07
 67  55  0  1  0  2  3.825452e-01  2.000000e-07
 67  66 -1  0  0  2  3.939444e-01  2.000000e-07
 67  84  0  0  0  2  2.884497e-01  2.000000e-07
 67  85  0  1  0  2  5.072921e-01  2.000000e-07
 67  56 -1  0  0  2  1.426725e-01  2.000000e-07
 67  87  0  1  0  2  3.610586e-01  2.000000e-07
 67  51 -1  0  0  2  3.317560e-01  2.000000e-07
 67  71  0  1  0  2  4.403293e-01  2.000000e-07
 67  81  0  0  0  2  2.764890e-01  2.000000e-07
 67  73 -1  0  0  2  1.726012e-01  2.000000e-07
 67  82  0  0  0  2  3.496436e-01  2.000000e-07
 67  49  0  1  0  2  4.145339e-01  2.000000e-07
 67  1 -1  0  0  2  1.851837e-01  2.000000e-07
 75  69  0  0  0  2  2.353512e-01  2.000000e-07
 75  44  0  0  0  2  2.338501e-01  2.000000e-07
 75  76  0  0  0  2  3.546164e-01  2.000000e-07
 75  55  0  0  0  2  3.515202e-01  2.000000e-07
 75  80  0  0  0  2  3.485834e-01  2.000000e-07
 75  84  0  0  0  2  2.041758e-01  2.000000e-07
 75  85  0  0  0  2  1.642677e-01  2.000000e-07
 75  86  0  0  0  2  1.308336e-01  2.000000e-07
 75  71  0  0  0  2  2.671155e-01  2.000000e-07
 75  88  0  0  0  2  1.535953e-01  2.000000e-07
 75  81  0  0  0  2  2.232115e-01  2.000000e-07
 75  46  0  0  0  2  3.812423e-01  2.000000e-07
 75  63  0  0  0  2  3.978634e-01  2.000000e-07
 75  59  0  0  0  2  1.660158e-01  2.000000e-07
 75  60  0  0  0  2  2.301429e-01  2.000000e-07
 2  68  0 -1  0  2  2.823019e-01  2.000000e-07
 2  56  0 -1  0  2  4.354738e-01  2.000000e-07
 2  70  0  0  0  2  2.690764e-01  2.000000e-07
 2  72  0  0  0  2  1.055575e-01  2.000000e-07
 2  73  0 -1  0  2  3.244771e-01  2.000000e-07
 2  63  0  0  0  2  2.864582e-01  2.000000e-07
 2  57  0 -1  0  2  4.297931e-01  2.000000e-07
 2  58  0  0  0  2  3.388534e-01  2.000000e-07
 2  74  0  0  0  2  8.183833e-02  2.000000e-07
 2  59  0  0  0  2  3.624274e-01  2.000000e-07
 2  60  0  0  0  2  3.530625e-01  2.000000e-07
 2  61  0  0  0  2  3.240771e-01  2.000000e-07
 68  66  0  0  0  2  1.399651e-01  2.000000e-07
 68  80  0  0  0  2  2.937265e-01  2.000000e-07
 68  70  0  1  0  2  2.673631e-01  2.000000e-07
 68  88  0  0  0  2  4.669809e-01  2.000000e-07
 68  46  0  0  0  2  2.569805e-01  2.000000e-07
 68  72  0  1  0  2  3.797920e-01  2.000000e-07
 68  73  0  0  0  2  1.160484e-01  2.000000e-07
 68  63  0  1  0  2  3.393954e-01  2.000000e-07
 68  57  0  0  0  2  2.403669e-01  2.000000e-07
 68  82  0  0  0  2  3.853841e-01  2.000000e-07
 68  74  0  1  0  2  3.407652e-01  2.000000e-07
 68  1  0  0  0  2  1.052250e-01  2.000000e-07
 69  52 -1  0  0  2  3.701519e-01  2.000000e-07
 69  76  0  0  0  2  3.156184e-01  2.000000e-07
 69  77  0  0  0  2  3.525762e-01  2.000000e-07
 69  84  0  0  0  2  3.157014e-01  2.000000e-07
 69  85  0  0  0  2  1.812435e-01  2.000000e-07
 69  86  0  0  0  2  1.519948e-01  2.000000e-07
 69  50 -1  0  0  2  2.255484e-01  2.000000e-07
 69  71  0  0  0  2  2.722939e-01  2.000000e-07
 69  88  0  0  0  2  3.684204e-01  2.000000e-07
 69  81  0  0  0  2  3.378627e-01  2.000000e-07
 69  58 -1  0  0  2  3.281703e-01  2.000000e-07
 69  74 -1  0  0  2  3.150701e-01  2.000000e-07
 69  89 -1  0  0  2  3.772300e-01  2.000000e-07
 69  49  0  0  0  2  1.211463e-01  2.000000e-07
 69  1 -1 -1  0  2  5.288642e-01  2.000000e-07
 44  77  0  0  0  2  1.408098e-01  2.000000e-07
 44  66  0  0  0  2  2.385988e-01  2.000000e-07
 44  80  0  0  0  2  1.273530e-01  2.000000e-07
 44  86  0  0  0  2  3.631705e-01  2.000000e-07
 44  57  0  0  0  2  1.813338e-01  2.000000e-07
 44  82  0  0  0  2  1.715605e-01  2.000000e-07
 44  60  0  0  0  2  1.988165e-01  2.000000e-07
 47  52  0  0  0  2  6.328442e-02  2.000000e-07
 47  66  0  0  0  2  2.402307e-01  2.000000e-07
 47  56  0  0  0  2  1.148168e-01  2.000000e-07
 47  51  0  0  0  2  1.266995e-01  2.000000e-07
 47  81  1  0  0  2  3.892344e-01  2.000000e-07
 47  57  0  0  0  2  3.570256e-01  2.000000e-07
 47  61  0  0  0  2  1.902788e-01  2.000000e-07
 0  68  0 -1  0  2  4.205149e-01  2.000000e-07
 0  77  0  0  0  2  4.064241e-01  2.000000e-07
 0  83  0  0  0  2  4.312213e-01  2.000000e-07
 0  84  0 -1  0  2  4.764093e-01  2.000000e-07
 0  85  0  0  0  2  2.295316e-01  2.000000e-07
 0  86  0  0  0  2  2.774359e-01  2.000000e-07
 0  87  0  0  0  2  8.727463e-02  2.000000e-07
 0  70  0  0  0  2  1.540186e-01  2.000000e-07
 0  71  0  0  0  2  1.149957e-01  2.000000e-07
 0  88  0 -1  0  2  5.042192e-01  2.000000e-07
 0  72  0  0  0  2  3.666561e-01  2.000000e-07
 0  63  0  0  0  2  9.465612e-02  2.000000e-07
 0  82  0 -1  0  2  3.136585e-01  2.000000e-07
 0  89  0  0  0  2  4.117064e-01  2.000000e-07
 52  83  0  0  0  2  2.995340e-01  2.000000e-07
 52  66  0  0  0  2  2.616632e-01  2.000000e-07
 52  84  1  0  0  2  4.047060e-01  2.000000e-07
 52  50  0  0  0  2  1.642687e-01  2.000000e-07
 52  51  0  0  0  2  8.267097e-02  2.000000e-07
 52  58  0  0  0  2  1.111597e-01  2.000000e-07
 52  89  0  0  0  2  3.055495e-01  2.000000e-07
 76  55  0  0  0  2  2.745568e-01  2.000000e-07
 76  80  0 -1  0  2  3.927805e-01  2.000000e-07
 76  84  0 -1  0  2  4.614181e-01  2.000000e-07
 76  86  0  0  0  2  2.411888e-01  2.000000e-07
 76  56 -1 -1  0  2  4.988704e-01  2.000000e-07
 76  87  0  0  0  2  1.101598e-02  2.000000e-07
 76  70  0  0  0  2  2.470354e-01  2.000000e-07
 76  71  0  0  0  2  9.078889e-02  2.000000e-07
 76  81  0 -1  0  2  4.387964e-01  2.000000e-07
 76  73 -1 -1  0  2  4.876356e-01  2.000000e-07
 76  63  0  0  0  2  1.919243e-01  2.000000e-07
 76  57  0 -1  0  2  3.762324e-01  2.000000e-07
 76  74 -1  0  0  2  4.831408e-01  2.000000e-07
 76  59  0  0  0  2  3.434591e-01  2.000000e-07
 76  60  0  0  0  2  4.368858e-01  2.000000e-07
 77  83  0  0  0  2  1.351406e-01  2.000000e-07
 77  84  0  0  0  2  2.359420e-01  2.000000e-07
 77  85  0  0  0  2  2.538881e-01  2.000000e-07
 77  86  0  0  0  2  2.342879e-01  2.000000e-07
 77  70  0  0  0  2  4.800982e-01  2.000000e-07
 77  88  0  0  0  2  9.893601e-02  2.000000e-07
 77  81  0  0  0  2  2.465341e-01  2.000000e-07
 77  60  0  0  0  2  1.307189e-01  2.000000e-07
 83  66  0  0  0  2  3.145964e-01  2.000000e-07
 83  85  0  0  0  2  3.454942e-01  2.000000e-07
 83  50  0  0  0  2  3.446635e-01  2.000000e-07
 83  51  0  0  0  2  3.354114e-01  2.000000e-07
 83  70  0  0  0  2  4.607903e-01  2.000000e-07
 83  71  0  0  0  2  3.882392e-01  2.000000e-07
 83  88  0  0  0  2  2.004213e-01  2.000000e-07
 83  46  0  0  0  2  1.823248e-01  2.000000e-07
 83  58  0  0  0  2  2.493156e-01  2.000000e-07
 83  59  0  0  0  2  1.322589e-01  2.000000e-07
 83  89  0  0  0  2  2.348294e-01  2.000000e-07
 55  86  0  0  0  2  2.349302e-01  2.000000e-07
 55  56 -1 -1  0  2  4.829888e-01  2.000000e-07
 55  87  0  0  0  2  2.855696e-01  2.000000e-07
 55  73 -1 -1  0  2  4.118030e-01  2.000000e-07
 55  61 -1  0  0  2  3.266330e-01  2.000000e-07
 55  49  0  0  0  2  3.748132e-02  2.000000e-07
 66  0  0  1  0  2  3.993942e-01  2.000000e-07
 66  56  0  0  0  2  2.758991e-01  2.000000e-07
 66  51  0  0  0  2  3.442227e-01  2.000000e-07
 66  70  0  1  0  2  2.666329e-01  2.000000e-07
 66  88  0  0  0  2  3.272401e-01  2.000000e-07
 66  46  0  0  0  2  1.406766e-01  2.000000e-07
 66  57  0  0  0  2  1.236348e-01  2.000000e-07
 66  82  0  0  0  2  2.670111e-01  2.000000e-07
 66  1  0  0  0  2  2.310077e-01  2.000000e-07
 80  84  0  0  0  2  2.733870e-01  2.000000e-07
 80  56 -1  0  0  2  5.640627e-01  2.000000e-07
 80  87  0  1  0  2  3.836235e-01  2.000000e-07
 80  88  0  0  0  2  1.950706e-01  2.000000e-07
 80  46  0  0  0  2  1.931592e-01  2.000000e-07
 80  73  0  0  0  2  3.925707e-01  2.000000e-07
 80  63  0  1  0  2  3.308236e-01  2.000000e-07
 80  57  0  0  0  2  6.031758e-02  2.000000e-07
 80  60  0  0  0  2  3.142739e-01  2.000000e-07
 84  85  0  0  0  2  3.483158e-01  2.000000e-07
 84  56 -1  0  0  2  3.401549e-01  2.000000e-07
 84  71  0  1  0  2  5.506120e-01  2.000000e-07
 84  88  0  0  0  2  1.584598e-01  2.000000e-07
 84  81  0  0  0  2  2.273344e-02  2.000000e-07
 84  63  0  1  0  2  5.101967e-01  2.000000e-07
 84  58 -1  0  0  2  4.506198e-01  2.000000e-07
 84  82  0  0  0  2  1.983537e-01  2.000000e-07
 85  86  0  0  0  2  4.804325e-02  2.000000e-07
 85  87  0  0  0  2  2.013821e-01  2.000000e-07
 85  70  0  0  0  2  3.656182e-01  2.000000e-07
 85  71  0  0  0  2  1.166532e-01  2.000000e-07
 85  88  0  0  0  2  3.161558e-01  2.000000e-07
 85  81  0  0  0  2  3.700200e-01  2.000000e-07
 85  59  0  0  0  2  2.191175e-01  2.000000e-07
 85  49  0  0  0  2  2.494242e-01  2.000000e-07
 86  50 -1  0  0  2  3.711885e-01  2.000000e-07
 86  87  0  0  0  2  2.476522e-01  2.000000e-07
 86  51 -1  0  0  2  4.204829e-01  2.000000e-07
 86  70  0  0  0  2  4.113183e-01  2.000000e-07
 86  81  0  0  0  2  3.250679e-01  2.000000e-07
 86  60  0  0  0  2  3.141722e-01  2.000000e-07
 86  49  0  0  0  2  2.401830e-01  2.000000e-07
 50  51  0  0  0  2  8.902085e-02  2.000000e-07
 50  81  1  0  0  2  3.944085e-01  2.000000e-07
 50  58  0  0  0  2  1.028626e-01  2.000000e-07
 50  61  0  0  0  2  6.945538e-02  2.000000e-07
 50  89  0  0  0  2  2.237321e-01  2.000000e-07
 50  49  1  0  0  2  2.342709e-01  2.000000e-07
 56  87  1  1  0  2  5.028876e-01  2.000000e-07
 56  70  0  1  0  2  4.761283e-01  2.000000e-07
 56  81  1  0  0  2  3.372772e-01  2.000000e-07
 56  46  0  0  0  2  2.985724e-01  2.000000e-07
 56  73  0  0  0  2  1.125028e-01  2.000000e-07
 56  57  0  0  0  2  3.995218e-01  2.000000e-07
 56  58  0  0  0  2  2.844409e-01  2.000000e-07
 56  61  0  0  0  2  2.947512e-01  2.000000e-07
 56  1  0  0  0  2  1.411356e-01  2.000000e-07
 87  70  0  0  0  2  2.361971e-01  2.000000e-07
 87  81  0 -1  0  2  4.350160e-01  2.000000e-07
 87  57  0 -1  0  2  3.662508e-01  2.000000e-07
 87  82  0 -1  0  2  3.245344e-01  2.000000e-07
 87  60  0  0  0  2  4.351808e-01  2.000000e-07
 87  49  0  0  0  2  3.183902e-01  2.000000e-07
 51  81  1  0  0  2  3.702760e-01  2.000000e-07
 51  61  0  0  0  2  8.656963e-02  2.000000e-07
 51  49  1  0  0  2  3.181975e-01  2.000000e-07
 70  72  0  0  0  2  2.986349e-01  2.000000e-07
 70  63  0  0  0  2  7.600598e-02  2.000000e-07
 70  57  0 -1  0  2  2.232297e-01  2.000000e-07
 70  82  0 -1  0  2  2.881379e-01  2.000000e-07
 70  89  0  0  0  2  3.573723e-01  2.000000e-07
 70  1  0 -1  0  2  3.587239e-01  2.000000e-07
 71  72  0  0  0  2  4.020496e-01  2.000000e-07
 71  73 -1 -1  0  2  5.579248e-01  2.000000e-07
 71  63  0  0  0  2  1.896121e-01  2.000000e-07
 71  74 -1  0  0  2  4.976638e-01  2.000000e-07
 71  59  0  0  0  2  2.563530e-01  2.000000e-07
 71  89  0  0  0  2  4.332322e-01  2.000000e-07
 71  1 -1 -1  0  2  5.490766e-01  2.000000e-07
 88  46  0  0  0  2  2.631936e-01  2.000000e-07
 88  63  0  1  0  2  5.087325e-01  2.000000e-07
 88  82  0  0  0  2  1.908256e-01  2.000000e-07
 88  59  0  0  0  2  2.161004e-01  2.000000e-07
 81  82  0  0  0  2  1.798437e-01  2.000000e-07
 81  61 -1  0  0  2  4.445226e-01  2.000000e-07
 81  49  0  0  0  2  4.560349e-01  2.000000e-07
 46  73  0  0  0  2  3.040271e-01  2.000000e-07
 46  63  0  1  0  2  4.691956e-01  2.000000e-07
 46  57  0  0  0  2  1.966969e-01  2.000000e-07
 46  58  0  0  0  2  2.228486e-01  2.000000e-07
 46  59  0  0  0  2  3.118975e-01  2.000000e-07
 46  60  0  0  0  2  2.209214e-01  2.000000e-07
 46  61  0  0  0  2  2.576106e-01  2.000000e-07
 72  63  0  0  0  2  2.882626e-01  2.000000e-07
 72  58  0  0  0  2  2.583712e-01  2.000000e-07
 72  74  0  0  0  2  1.172587e-01  2.000000e-07
 72  59  0  0  0  2  2.723162e-01  2.000000e-07
 72  89  0  0  0  2  6.319854e-02  2.000000e-07
 72  1  0 -1  0  2  4.004299e-01  2.000000e-07
 73  84  1  0  0  2  4.336452e-01  2.000000e-07
 73  63  0  1  0  2  4.470012e-01  2.000000e-07
 73  63  1  1  0  2  6.579178e-01  2.000000e-07
 73  57  0  0  0  2  3.450275e-01  2.000000e-07
 73  58  0  0  0  2  3.632387e-01  2.000000e-07
 73  74  0  1  0  2  3.601161e-01  2.000000e-07
 73  1  0  0  0  2  2.927948e-02  2.000000e-07
 63  57  0 -1  0  2  2.877241e-01  2.000000e-07
 63  82  0 -1  0  2  3.257475e-01  2.000000e-07
 63  59  0  0  0  2  3.005910e-01  2.000000e-07
 63  60  0  0  0  2  3.676318e-01  2.000000e-07
 57  82  0  0  0  2  1.461986e-01  2.000000e-07
 58  74  0  0  0  2  2.835655e-01  2.000000e-07
 58  59  0  0  0  2  3.558042e-01  2.000000e-07
 58  60  0  0  0  2  2.664439e-01  2.000000e-07
 58  61  0  0  0  2  3.488667e-02  2.000000e-07
 58  89  0  0  0  2  1.958832e-01  2.000000e-07
 74  89  0  0  0  2  1.401773e-01  2.000000e-07
 74  1  0 -1  0  2  3.312942e-01  2.000000e-07
 59  60  0  0  0  2  9.771144e-02  2.000000e-07
 59  89  0  0  0  2  2.649928e-01  2.000000e-07
 60  61  0  0  0  2  2.911267e-01  2.000000e-07
 61  79  1  0  0  2  1.927037e-01  2.000000e-07
 61  49  1  0  0  2  2.896237e-01  2.000000e-07
 53  55  1  0  0  1  1.926894e-01  3.000000e-07
 53  74  0  0  0  1  5.660661e-02  3.000000e-07
 53  49  1  0  0  1  1.706102e-01  3.000000e-07
 48  52  0  0  0  1  9.568206e-02  3.000000e-07
 48  50  0  0  0  1  6.947247e-02  3.000000e-07
 48  58  0  0  0  1  7.733126e-02  3.000000e-07
 48  61  0  0  0  1  6.473961e-02  3.000000e-07
 43  3  0  0  0  1  1.311653e-01  3.000000e-07
 43  88  0  0  0  1  6.006682e-02  3.000000e-07
 43  82  0  0  0  1  1.644243e-01  3.000000e-07
 65  50  0  0  0  1  2.022674e-01  3.000000e-07
 65  74  0  0  0  1  5.861145e-02  3.000000e-07
 65  61  0  0  0  1  2.166401e-01  3.000000e-07
 65  89  0  0  0  1  1.408304e-01  3.000000e-07
 65  49  1  0  0  1  1.714959e-01  3.000000e-07
 54  83  0  0  0  1  1.361610e-01  3.000000e-07
 54  72  0  0  0  1  1.366692e-01  3.000000e-07
 54  59  0  0  0  1  1.743998e-01  3.000000e-07
 54  60  0  0  0  1  1.200341e-01  3.000000e-07
 54  89  0  0  0  1  1.008850e-01  3.000000e-07
 3  84  0  0  0  1  8.613869e-02  3.000000e-07
 3  88  0  0  0  1  1.144633e-01  3.000000e-07
 3  81  0  0  0  1  7.448459e-02  3.000000e-07
 3  82  0  0  0  1  1.201276e-01  3.000000e-07
 78  44  0  0  0  1  1.046065e-01  3.000000e-07
 78  83  0  0  0  1  1.485155e-01  3.000000e-07
 78  66  0  0  0  1  1.716261e-01  3.000000e-07
 78  80  0  0  0  1  1.507031e-01  3.000000e-07
 78  46  0  0  0  1  7.373103e-02  3.000000e-07
 78  57  0  0  0  1  1.760386e-01  3.000000e-07
 64  68  0  0  0  1  2.171232e-01  3.000000e-07
 64  52  0  0  0  1  8.056545e-02  3.000000e-07
 64  66  0  0  0  1  2.241839e-01  3.000000e-07
 64  56  0  0  0  1  1.050320e-01  3.000000e-07
 64  46  0  0  0  1  2.054736e-01  3.000000e-07
 64  73  0  0  0  1  1.720079e-01  3.000000e-07
 79  75  0  0  0  1  2.883387e-01  3.000000e-07
 79  69  0  0  0  1  1.397739e-01  3.000000e-07
 79  84  0  0  0  1  2.664551e-01  3.000000e-07
 79  50 -1  0  0  1  1.266741e-01  3.000000e-07
 79  51 -1  0  0  1  1.582298e-01  3.000000e-07
 79  49  0  0  0  1  2.129333e-01  3.000000e-07
 45  77  0  0  0  1  1.177042e-01  3.000000e-07
 45  88  0  0  0  1  5.290788e-02  3.000000e-07
 67  76  0  1  0  1  3.574609e-01  3.000000e-07
 67  84  0  0  0  1  2.884497e-01  3.000000e-07
 67  56 -1  0  0  1  1.426725e-01  3.000000e-07
 67  87  0  1  0  1  3.610586e-01  3.000000e-07
 67  81  0  0  0  1  2.764890e-01  3.000000e-07
 67  73 -1  0  0  1  1.726012e-01  3.000000e-07
 75  69  0  0  0  1  2.353512e-01  3.000000e-07
 75  85  0  0  0  1  1.642677e-01  3.000000e-07
 75  86  0  0  0  1  1.308336e-01  3.000000e-07
 75  88  0  0  0  1  1.535953e-01  3.000000e-07
 75  59  0  0  0  1  1.660158e-01  3.000000e-07
 2  68  0 -1  0  1  2.823019e-01  3.000000e-07
 2  70  0  0  0  1  2.690764e-01  3.000000e-07
 2  72  0  0  0  1  1.055575e-01  3.000000e-07
 2  74  0  0  0  1  8.183833e-02  3.000000e-07
 2  1  0 -1  0  1  2.952320e-01  3.000000e-07
 68  66  0  0  0  1  1.399651e-01  3.000000e-07
 68  70  0  1  0  1  2.673631e-01  3.000000e-07
 68  73  0  0  0  1  1.160484e-01  3.000000e-07
 68  1  0  0  0  1  1.052250e-01  3.000000e-07
 69  85  0  0  0  1  1.812435e-01  3.000000e-07
 69  86  0  0  0  1  1.519948e-01  3.000000e-07
 69  49  0  0  0  1  1.211463e-01  3.000000e-07
 44  77  0  0  0  1  1.408098e-01  3.000000e-07
 44  83  0  0  0  1  1.724905e-01  3.000000e-07
 44  80  0  0  0  1  1.273530e-01  3.000000e-07
 47  52  0  0  0  1  6.328442e-02  3.000000e-07
 47  56  0  0  0  1  1.148168e-01  3.000000e-07
 47  51  0  0  0  1  1.266995e-01  3.000000e-07
 0  87  0  0  0  1  8.727463e-02  3.000000e-07
 0  70  0  0  0  1  1.540186e-01  3.000000e-07
 0  63  0  0  0  1  9.465612e-02  3.000000e-07
 0  82  0 -1  0  1  3.136585e-01  3.000000e-07
 52  51  0  0  0  1  8.267097e-02  3.000000e-07
 52  46  0  0  0  1  1.947885e-01  3.000000e-07
 52  58  0  0  0  1  1.111597e-01  3.000000e-07
 76  55  0  0  0  1  2.745568e-01  3.000000e-07
 76  71  0  0  0  1  9.078889e-02  3.000000e-07
 77  83  0  0  0  1  1.351406e-01  3.000000e-07
 77  88  0  0  0  1  9.893601e-02  3.000000e-07
 77  59  0  0  0  1  1.171651e-01  3.000000e-07
 77  60  0  0  0  1  1.307189e-01  3.000000e-07
 83  46  0  0  0  1  1.823248e-01  3.000000e-07
 83  58  0  0  0  1  2.493156e-01  3.000000e-07
 55  85  0  0  0  1  2.369434e-01  3.000000e-07
 55  71  0  0  0  1  2.736403e-01  3.000000e-07
 55  74 -1  0  0  1  2.267521e-01  3.000000e-07
 55  1 -1 -1  0  1  3.909145e-01  3.000000e-07
 66  70  0  1  0  1  2.666329e-01  3.000000e-07
 66  46  0  0  0  1  1.406766e-01  3.000000e-07
 66  57  0  0  0  1  1.236348e-01  3.000000e-07
 80  57  0  0  0  1  6.031758e-02  3.000000e-07
 80  82  0  0  0  1  1.074474e-01  3.000000e-07
 84  56 -1  0  0  1  3.401549e-01  3.000000e-07
 84  88  0  0  0  1  1.584598e-01  3.000000e-07
 85  71  0  0  0  1  1.166532e-01  3.000000e-07
 85  59  0  0  0  1  2.191175e-01  3.000000e-07
 50  51  0  0  0  1  8.902085e-02  3.000000e-07
 50  61  0  0  0  1  6.945538e-02  3.000000e-07
 50  49  1  0  0  1  2.342709e-01  3.000000e-07
 56  51  0  0  0  1  2.164677e-01  3.000000e-07
 56  73  0  0  0  1  1.125028e-01  3.000000e-07
 87  71  0  0  0  1  9.309413e-02  3.000000e-07
 87  82  0 -1  0  1  3.245344e-01  3.000000e-07
 70  63  0  0  0  1  7.600598e-02  3.000000e-07
 70  57  0 -1  0  1  2.232297e-01  3.000000e-07
 71  63  0  0  0  1  1.896121e-01  3.000000e-07
 71  59  0  0  0  1  2.563530e-01  3.000000e-07
 81  82  0  0  0  1  1.798437e-01  3.000000e-07
 46  58  0  0  0  1  2.228486e-01  3.000000e-07
 72  63  0  0  0  1  2.882626e-01  3.000000e-07
 72  74  0  0  0  1  1.172587e-01  3.000000e-07
 72  59  0  0  0  1  2.723162e-01  3.000000e-07
 72  89  0  0  0  1  6.319854e-02  3.000000e-07
 57  82  0  0  0  1  1.461986e-01  3.000000e-07
 58  89  0  0  0  1  1.958832e-01  3.000000e-07
 74  89  0  0  0  1  1.401773e-01  3.000000e-07
 74  1  0 -1  0  1  3.312942e-01  3.000000e-07
 61  89  0  0  0  1  1.916312e-01  3.000000e-07
 1  67  1  0  0  1  1.851837e-01  3.000000e-07
-8.571987e-02 -3.830871e-01  0
 3.839243e-01  4.113175e-01  0
 2.849095e-01 -3.105494e-01  0
-1.559413e-01  2.014165e-01  0
-5.114789e-02  9.193859e-02  1.134499e-01
 3.739529e-01 -2.691366e-01  1.028840e-01
-2.474764e-01 -4.383131e-01  1.565535e-01
-1.131846e-02 -7.356204e-02  1.706153e-01
-3.361281e-01  1.514321e-01  2.665887e-01
-6.458209e-03  4.419590e-02  2.491857e-01
-3.025321e-01 -4.330193e-01 -2.988556e-01
-3.645909e-01 -4.156140e-01 -1.939620e-01
-7.636124e-02  2.124091e-01 -1.710553e-01
-8.041990e-02  3.898675e-02 -2.736599e-01
-2.244551e-01  2.094803e-01 -3.417435e-01
 1.956526e-01 -7.907879e-02 -3.408987e-01
 2.035095e-01 -1.053098e-01 -1.299871e-01
-1.004903e-01  3.708882e-01  4.267550e-01
 3.199358e-01 -3.101704e-01  3.426288e-01
-3.708636e-01 -2.742973e-01  3.721443e-01
 9.842635e-02  4.311425e-01  4.062003e-01
 1.873426e-01 -1.660556e-01 -4.198604e-01
 2.244523e-01  2.137626e-01 -3.260360e-01
-8.988516e-02  3.858462e-01 -4.356490e-01
 5.650586e-02 -4.666952e-02 -3.064469e-01
 3.754080e-01 -2.513021e-01 -3.547625e-01
-1.236168e-01 -2.238132e-01 -3.206671e-01
 3.558187e-01 -4.173993e-01 -2.472658e-01
 1.122284e-01  1.220509e-01 -3.375270e-01
-7.824314e-02  1.001226e-01 -3.620298e-01
-1.870307e-01  2.066917e-01  3.205624e-01
-1.080496e-01 -1.308177e-01 -3.313130e-01
-4.104122e-01  1.736264e-01 -4.485318e-01
-3.743393e-01  3.222762e-01 -1.375032e-01
 2.175930e-01 -7.856478e-02  3.547984e-01
 7.781631e-03  1.500291e-01  2.803666e-01
-1.933292e-01  4.180267e-01  1.784609e-01
-8.887258e-02  7.969952e-02  1.975120e-01
-3.936881e-01  4.167213e-01 -3.729099e-01
 6.603569e-02 -1.807687e-01  3.222832e-01
 2.815099e-01  4.324443e-01  2.786686e-01
 4.427194e-01  9.908872e-02  2.730574e-01
-2.180808e-01  1.186652e-01  1.101083e-01
-3.572511e-02  1.489532e-01  0
-4.419681e-03  1.560032e-01  0
-3.758611e-02  1.387834e-01  0
 1.725212e-01  1.732319e-01  0
 3.819524e-01  1.928183e-01  0
 4.110790e-01  4.972142e-02  0
-4.442902e-01 -2.156824e-01  0
 4.327131e-01 -1.629669e-02  0
 4.190353e-01  7.166712e-02  0
 3.629909e-01  1.324414e-01  0
 3.850997e-01 -2.159260e-01  0
 1.741484e-01 -9.527335e-02  0
-4.248538e-01 -2.477304e-01  0
 4.489556e-01  2.860570e-01  0
 5.168805e-02  3.284383e-01  0
 3.381153e-01  2.410081e-02  0
-3.473705e-05 -8.658431e-02  0
 7.635989e-02 -2.566316e-02  0
 3.660518e-01  3.205110e-03  0
-1.984816e-01 -3.369325e-01 -1.791475e-01
 8.853510e-03 -3.870439e-01  0
 3.742630e-01  2.122143e-01  0
 3.842404e-01 -2.126701e-01  0
 1.744645e-01  3.138951e-01  0
-4.355888e-01  3.698750e-01  0
 2.787793e-01  4.072153e-01  0
-3.678714e-01 -1.216793e-01  0
 5.379195e-02 -4.483419e-01  0
-1.546643e-01 -2.910508e-01  0
 2.401203e-01 -2.149654e-01  0
 3.923306e-01  3.832707e-01  0
 3.486878e-01 -2.592675e-01  0
-1.537765e-01 -2.393684e-02  0
-1.828264e-01 -3.773614e-01  0
-4.561102e-02  2.135303e-02  0
 1.001380e-01  1.591983e-01  0
-4.413372e-01 -2.769581e-03  0
 1.300483e-02  2.821586e-01  0
-2.288684e-01  1.862645e-01  0
-9.233729e-02  3.033243e-01  0
 8.913939e-02  1.109060e-02  0
-2.335366e-01  1.640155e-01  0
-1.970980e-01 -1.823891e-01  0
-2.168191e-01 -1.385801e-01  0
-1.729912e-01 -3.823232e-01  0
-8.361654e-02  1.126981e-01  0
 2.562743e-01 -1.538663e-01  0