 708  90  1.200000e-05  55 -2 -2
 5  34  0  0  0  3  2.830879e-01  1.000000e-07
 5  88  0  0  0  3  5.256601e-01  1.000000e-07
 5  35  0  0  0  3  3.317460e-01  1.000000e-07
 5  28  0  0  0  3  5.176250e-01  1.000000e-07
 5  41  0  0  0  3  3.801592e-01  1.000000e-07
 5  9  0  0  0  3  3.548209e-01  1.000000e-07
 10  40  0  0  0  3  2.505770e-01  1.000000e-07
 10  41  1  0  0  3  1.918274e-01  1.000000e-07
 10  39  0  0  0  3  3.873603e-01  1.000000e-07
 10  22  1  0  0  3  2.670357e-01  1.000000e-07
 10  23  0  0  1  3  5.462278e-01  1.000000e-07
 10  29  0 -1  1  3  4.167185e-01  1.000000e-07
 10  15  0  0  1  3  4.970848e-01  1.000000e-07
 10  37  0  0  1  3  4.645015e-01  1.000000e-07
 10  36  1  0  1  3  5.454478e-01  1.000000e-07
 34  7  0  0  0  3  3.609554e-01  1.000000e-07
 34  27  0  0  0  3  3.715158e-01  1.000000e-07
 34  33  0 -1  0  3  5.429741e-01  1.000000e-07
 34  22  0  0  0  3  1.486353e-01  1.000000e-07
 34  19  0  0  1  3  3.874995e-01  1.000000e-07
 34  11  0  0  1  3  3.697099e-01  1.000000e-07
 34  32  0  0  1  3  4.505590e-01  1.000000e-07
 26  41  0  0  0  3  3.146621e-01  1.000000e-07
 26  8 -1  0  0  3  4.544189e-01  1.000000e-07
 26  6  0  0  0  3  2.933810e-01  1.000000e-07
 26  22  0  0  0  3  2.402588e-01  1.000000e-07
 26  16 -1  0  1  3  4.134470e-01  1.000000e-07
 26  20 -1  0  1  3  4.695469e-01  1.000000e-07
 26  30  0  0  1  3  2.978073e-01  1.000000e-07
 26  32  0  0  1  3  4.563992e-01  1.000000e-07
 26  36  0  0  1  3  4.625058e-01  1.000000e-07
 88  40  0  1  0  3  4.670107e-01  1.000000e-07
 88  7  1  0  0  3  6.024448e-01  1.000000e-07
 88  28  0  0  0  3  2.553781e-01  1.000000e-07
 88  11  0  1  1  3  5.745673e-01  1.000000e-07
 40  31  0  0  0  3  4.797719e-01  1.000000e-07
 40  41  1  0  0  3  2.920058e-01  1.000000e-07
 40  8  0 -1  0  3  3.955854e-01  1.000000e-07
 7  27  0  0  0  3  2.515975e-01  1.000000e-07
 7  28 -1  0  0  3  5.654167e-01  1.000000e-07
 7  31  0  0  0  3  3.270541e-01  1.000000e-07
 7  9  0  0  0  3  2.058165e-01  1.000000e-07
 7  8 -1  0  0  3  5.480389e-01  1.000000e-07
 27  35  0  0  0  3  3.670349e-01  1.000000e-07
 27  31  0  0  0  3  1.287683e-01  1.000000e-07
 27  6  0  0  0  3  1.925487e-01  1.000000e-07
 27  29  0  0  1  3  3.527033e-01  1.000000e-07
 27  12  0  0  1  3  3.934591e-01  1.000000e-07
 27  19  0  0  1  3  3.199126e-01  1.000000e-07
 27  25  0  0  1  3  3.925300e-01  1.000000e-07
 35  42  0  0  0  3  4.847323e-01  1.000000e-07
 35  39  0  0  0  3  4.422351e-01  1.000000e-07
 35  8  0 -1  0  3  5.406913e-01  1.000000e-07
 35  15  0  0  1  3  2.376223e-01  1.000000e-07
 35  19  0  0  1  3  2.767231e-01  1.000000e-07
 35  11  0  0  1  3  2.914693e-01  1.000000e-07
 28  31  0  0  0  3  2.247063e-01  1.000000e-07
 28  39  0  0  0  3  1.820373e-01  1.000000e-07
 28  9  0  0  0  3  3.018283e-01  1.000000e-07
 28  8  0  0  0  3  2.663618e-01  1.000000e-07
 28  29  0  0  1  3  3.281814e-01  1.000000e-07
 28  18  0  0  1  3  3.919096e-01  1.000000e-07
 31  39  0  0  0  3  3.168833e-01  1.000000e-07
 31  9  0  0  0  3  1.687869e-01  1.000000e-07
 31  19  0  0  1  3  2.510543e-01  1.000000e-07
 31  20  0  0  1  3  3.656160e-01  1.000000e-07
 31  25  0  0  1  3  3.863335e-01  1.000000e-07
 41  42  0  0  0  3  1.954017e-01  1.000000e-07
 41  39 -1  0  0  3  3.586676e-01  1.000000e-07
 41  22  0  0  0  3  1.203165e-01  1.000000e-07
 42  8 -1 -1  0  3  2.561935e-01  1.000000e-07
 42  6  0 -1  0  3  3.799605e-01  1.000000e-07
 42  11  0  0  1  3  4.840941e-01  1.000000e-07
 42  36  0  0  1  3  5.990559e-01  1.000000e-07
 39  16  0  0  1  3  4.034334e-01  1.000000e-07
 39  19  0  0  1  3  3.506758e-01  1.000000e-07
 9  33  0  0  0  3  1.716656e-01  1.000000e-07
 9  8  0  0  0  3  4.329010e-01  1.000000e-07
 9  6  0  0  0  3  1.996350e-01  1.000000e-07
 9  29  0  0  1  3  3.554398e-01  1.000000e-07
 33  6  0  0  0  3  8.325756e-02  1.000000e-07
 33  29  0  0  1  3  3.839689e-01  1.000000e-07
 33  12  0  0  1  3  3.979549e-01  1.000000e-07
 33  17 -1  1  1  3  6.807896e-01  1.000000e-07
 33  11  0  1  1  3  3.553669e-01  1.000000e-07
 33  30  0  0  1  3  2.921209e-01  1.000000e-07
 8  6  1  0  0  3  4.534405e-01  1.000000e-07
 8  29  0  0  1  3  2.729090e-01  1.000000e-07
 6  30  0  0  1  3  2.931869e-01  1.000000e-07
 22  16 -1  0  1  3  5.192313e-01  1.000000e-07
 22  14  0  0  1  3  4.802991e-01  1.000000e-07
 22  17 -1  0  1  3  5.540074e-01  1.000000e-07
 22  11  0  0  1  3  4.474275e-01  1.000000e-07
 22  36  0  0  1  3  4.877836e-01  1.000000e-07
 16  23  0  0  0  3  1.319829e-01  1.000000e-07
 16  21  1  0  0  3  4.293976e-01  1.000000e-07
 16  37  0  0  0  3  3.106568e-01  1.000000e-07
 16  30  1  0  0  3  4.224342e-01  1.000000e-07
 16  38  0  0  0  3  1.493425e-01  1.000000e-07
 23  15  0  0  0  3  3.446133e-01  1.000000e-07
 23  18  0  0  0  3  2.319362e-01  1.000000e-07
 23  19  0  0  0  3  2.615535e-01  1.000000e-07
 23  37  0  0  0  3  2.846680e-01  1.000000e-07
 23  24  0  0  0  3  4.206218e-01  1.000000e-07
 23  32  0  0  0  3  5.028807e-01  1.000000e-07
 23  25  0  0  0  3  3.383264e-01  1.000000e-07
 29  12  0  0  0  3  3.991627e-01  1.000000e-07
 29  20  0  0  0  3  2.667647e-01  1.000000e-07
 29  13  0  1  0  3  3.292264e-01  1.000000e-07
 12  14  0  1  0  3  3.792173e-01  1.000000e-07
 12  30  0  0  0  3  2.373223e-01  1.000000e-07
 12  25  0  0  0  3  1.810996e-01  1.000000e-07
 12  13  0  1  0  3  3.649425e-01  1.000000e-07
 14  15  0  0  0  3  2.197258e-01  1.000000e-07
 14  30  0 -1  0  3  4.782888e-01  1.000000e-07
 14  24  0  0  0  3  1.621708e-01  1.000000e-07
 14  32  0  0  0  3  4.134823e-01  1.000000e-07
 14  36  0  0  0  3  5.403792e-01  1.000000e-07
 14  25  0 -1  0  3  3.968256e-01  1.000000e-07
 14  13  0  0  0  3  1.578822e-01  1.000000e-07
 15  11  0  0  0  3  1.982534e-01  1.000000e-07
 15  30  0  0  0  3  4.527934e-01  1.000000e-07
 15  24  0  0  0  3  2.093439e-01  1.000000e-07
 15  32  0  0  0  3  3.401953e-01  1.000000e-07
 15  13  0  0  0  3  2.493461e-01  1.000000e-07
 21  18  0  0  0  3  3.827766e-01  1.000000e-07
 21  17 -1  1  0  3  6.040775e-01  1.000000e-07
 21  20 -1  0  0  3  5.379501e-01  1.000000e-07
 21  30  0  0  0  3  2.034456e-01  1.000000e-07
 21  32  0  0  0  3  2.947938e-01  1.000000e-07
 21  36  0  0  0  3  3.725483e-01  1.000000e-07
 21  25  0  0  0  3  3.128679e-01  1.000000e-07
 18  19  0  0  0  3  1.361622e-01  1.000000e-07
 18  20  0  0  0  3  2.225361e-01  1.000000e-07
 18  30  0  0  0  3  3.509062e-01  1.000000e-07
 18  24  0  0  0  3  4.280516e-01  1.000000e-07
 18  32  0  0  0  3  4.001686e-01  1.000000e-07
 18  25  0  0  0  3  2.179260e-01  1.000000e-07
 17  20  0 -1  0  3  4.577539e-01  1.000000e-07
 17  24  1  0  0  3  5.829242e-01  1.000000e-07
 17  72  1  0  0  3  6.269003e-01  1.000000e-07
 19  30  0  0  0  3  3.986291e-01  1.000000e-07
 19  32  0  0  0  3  3.986513e-01  1.000000e-07
 37  11  0  0  0  3  4.483654e-01  1.000000e-07
 37  72  0  0  0  3  3.416593e-01  1.000000e-07
 37  36  1  0  0  3  2.892940e-01  1.000000e-07
 37  13  0  0  0  3  3.426761e-01  1.000000e-07
 20  30  1  0  0  3  5.072547e-01  1.000000e-07
 20  25  0  0  0  3  1.960069e-01  1.000000e-07
 11  24  0  0  0  3  2.013483e-01  1.000000e-07
 24  12  0 -1  0  3  4.082008e-01  1.000000e-07
 24  13  0  0  0  3  7.420727e-02  1.000000e-07
 24  38  0  0  0  3  4.377156e-01  1.000000e-07
 72  13  0  0  0  3  6.973385e-02  1.000000e-07
 72  38  0  0  0  3  4.229252e-01  1.000000e-07
 32  36  0  0  0  3  1.976941e-01  1.000000e-07
 36  38 -1  0  0  3  2.539424e-01  1.000000e-07
 25  13  0  1  0  3  3.735629e-01  1.000000e-07
 13  38  0  0  0  3  4.304678e-01  1.000000e-07
 40  69  0  0  0  3  2.174986e-01  1.000000e-07
 62  37  0  0  0  3  1.740495e-01  1.000000e-07
 88  82  0  0  0  3  2.165592e-01  1.000000e-07
 81  17  0  1  0  3  2.413763e-01  1.000000e-07
 88  50  0  0  0  3  2.953138e-01  1.000000e-07
 85  38  0  0  0  3  2.237405e-01  1.000000e-07
 35  67  0  0  0  3  4.214590e-01  1.000000e-07
 60  72  0  0  0  3  1.578794e-01  1.000000e-07
 42  61  0 -1  0  3  4.748786e-01  1.000000e-07
 63  21  0  0  0  3  1.794229e-01  1.000000e-07
 40  70  0  0  0  3  2.712045e-01  1.000000e-07
 87  36  1  0  0  3  1.715584e-01  1.000000e-07
 41  4 -1  0  0  3  3.416240e-01  1.000000e-07
 73  17  0  0  0  3  1.830286e-01  1.000000e-07
 41  59  0  0  0  3  3.116587e-01  1.000000e-07
 64  36  0  0  0  3  1.345787e-01  1.000000e-07
 7  63  0  0  0  3  3.402171e-01  1.000000e-07
 61  16 -1  0  0  3  2.864073e-01  1.000000e-07
 5  58  0  0  0  3  1.512148e-01  1.000000e-07
 84  32  0  0  0  3  1.839619e-01  1.000000e-07
 33  60  0  1  0  3  5.057354e-01  1.000000e-07
 2  72  0  0  0  3  1.683022e-01  1.000000e-07
 7  68  0  0  0  3  2.390352e-01  1.000000e-07
 80  12  0  0  0  3  1.792252e-01  1.000000e-07
 5  84  0  0  0  3  2.053855e-01  1.000000e-07
 58  36  0  0  0  3  1.948574e-01  1.000000e-07
 39  59  1  0  0  3  4.592629e-01  1.000000e-07
 64  36  0  0  0  3  1.487886e-01  1.000000e-07
 34  60  0  0  0  3  4.514806e-01  1.000000e-07
 67  72  0  0  0  3  1.722547e-01  1.000000e-07
 9  66  0  0  0  3  4.336269e-01  1.000000e-07
 75  72  0  1  0  3  1.802285e-01  1.000000e-07
 88  74  0  0  0  3  2.279905e-01  1.000000e-07
 82  37  0  1  0  3  2.590970e-01  1.000000e-07
 42  60  0  0  0  3  4.615485e-01  1.000000e-07
 2  72  0  0  0  3  1.988751e-01  1.000000e-07
 88  52  0  0  0  3  1.541106e-01  1.000000e-07
 81  20  0  0  0  3  2.698467e-01  1.000000e-07
 39  86  0  0  0  3  4.262521e-01  1.000000e-07
 62  38  0  0  0  3  1.164639e-01  1.000000e-07
 5  57  0  0  0  3  3.089430e-01  1.000000e-07
 79  38  0  0  0  3  2.471962e-01  1.000000e-07
 40  62  0  0  0  3  2.189968e-01  1.000000e-07
 87  38  0  0  0  3  1.168340e-01  1.000000e-07
 42  4 -1  0  0  3  3.600721e-01  1.000000e-07
 73  17  0  0  0  3  1.745311e-01  1.000000e-07
 40  67  0  0  0  3  2.902231e-01  1.000000e-07
 69  72  0  0  0  3  2.024885e-01  1.000000e-07
 57  3  0  0  0  2  5.002078e-01  2.000000e-07
 57  54  0  0  0  2  3.060160e-01  2.000000e-07
 57  60  0  0  0  2  3.891403e-01  2.000000e-07
 57  55  0  0  0  2  2.151113e-01  2.000000e-07
 57  46  0  0  0  2  9.106114e-02  2.000000e-07
 57  43  0  0  0  2  5.147712e-02  2.000000e-07
 57  85  0  0  0  2  1.534453e-01  2.000000e-07
 57  71  0  0  0  2  5.482026e-01  2.000000e-07
 57  62  0  0  0  2  3.046894e-01  2.000000e-07
 57  77  0  0  0  2  2.162130e-01  2.000000e-07
 57  69  0  0  0  2  2.599224e-01  2.000000e-07
 57  47  0  0  0  2  6.447792e-02  2.000000e-07
 57  64  0  0  0  2  4.754097e-01  2.000000e-07
 3  66  0 -1  0  2  3.222831e-01  2.000000e-07
 3  65  0 -1  0  2  2.686588e-01  2.000000e-07
 3  59  0  0  0  2  2.894315e-01  2.000000e-07
 3  60  0  0  0  2  1.183649e-01  2.000000e-07
 3  61  0 -1  0  2  3.818701e-01  2.000000e-07
 3  2  0  0  0  2  5.583515e-02  2.000000e-07
 3  68  0 -1  0  2  3.412901e-01  2.000000e-07
 3  74  0 -1  0  2  4.915068e-01  2.000000e-07
 3  70 -1  0  0  2  4.006962e-01  2.000000e-07
 3  71  0  0  0  2  8.796923e-02  2.000000e-07
 3  62 -1  0  0  2  4.110420e-01  2.000000e-07
 3  63  0 -1  0  2  3.854042e-01  2.000000e-07
 3  69  0  0  0  2  5.535665e-01  2.000000e-07
 3  64  0  0  0  2  3.133642e-01  2.000000e-07
 48  49  1  0  0  2  1.965131e-01  2.000000e-07
 48  65  1  0  0  2  2.251413e-01  2.000000e-07
 48  89  0  0  0  2  2.280892e-01  2.000000e-07
 48  76  1  0  0  2  2.140474e-01  2.000000e-07
 48  50  0  0  0  2  1.367884e-01  2.000000e-07
 48  81  0  0  0  2  1.187174e-01  2.000000e-07
 48  82  0  0  0  2  1.299600e-01  2.000000e-07
 48  52  0  0  0  2  8.992934e-02  2.000000e-07
 54  59  0  0  0  2  3.797458e-01  2.000000e-07
 54  60  0  0  0  2  4.402479e-01  2.000000e-07
 54  61  0  0  0  2  1.893598e-01  2.000000e-07
 54  55  0  0  0  2  1.037470e-01  2.000000e-07
 54  89  0  0  0  2  4.271725e-01  2.000000e-07
 54  84  0  0  0  2  1.069532e-01  2.000000e-07
 54  46  0  0  0  2  2.166325e-01  2.000000e-07
 54  68  0  0  0  2  2.051075e-01  2.000000e-07
 54  74  0  0  0  2  5.111134e-01  2.000000e-07
 54  85  0  0  0  2  3.912374e-01  2.000000e-07
 54  63  0  0  0  2  1.993400e-01  2.000000e-07
 54  52  0  0  0  2  5.048537e-01  2.000000e-07
 54  47  0  0  0  2  2.959857e-01  2.000000e-07
 54  64  0  0  0  2  2.846204e-01  2.000000e-07
 73  1  1  0  0  2  3.776958e-01  2.000000e-07
 73  83  0 -1  0  2  2.677865e-01  2.000000e-07
 73  67  0  0  0  2  3.284489e-01  2.000000e-07
 73  2  1  0  0  2  3.701779e-01  2.000000e-07
 73  74  0 -1  0  2  2.951968e-01  2.000000e-07
 73  0  0 -1  0  2  3.590707e-01  2.000000e-07
 73  76  1 -1  0  2  3.857918e-01  2.000000e-07
 73  70  0  0  0  2  2.261387e-01  2.000000e-07
 73  78  1  0  0  2  3.517088e-01  2.000000e-07
 73  81  0 -1  0  2  2.931717e-01  2.000000e-07
 73  71  1  0  0  2  2.383823e-01  2.000000e-07
 73  82  0 -1  0  2  2.888713e-01  2.000000e-07
 73  4  0  0  0  2  1.419966e-03  2.000000e-07
 53  55  0  0  0  2  5.075454e-01  2.000000e-07
 53  83  0  0  0  2  5.945455e-02  2.000000e-07
 53  79  0  0  0  2  5.056380e-01  2.000000e-07
 53  75  0  0  0  2  4.638608e-01  2.000000e-07
 53  74  0  0  0  2  2.017900e-01  2.000000e-07
 53  80  0  0  0  2  5.739673e-01  2.000000e-07
 53  80  1  0  0  2  4.772274e-01  2.000000e-07
 53  76  1  0  0  2  2.172777e-01  2.000000e-07
 53  50  0  0  0  2  2.121959e-01  2.000000e-07
 53  63  1  0  0  2  3.465193e-01  2.000000e-07
 53  82  0  0  0  2  6.994318e-02  2.000000e-07
 53  86  0  0  0  2  3.988444e-01  2.000000e-07
 53  69  0  1  0  2  3.903708e-01  2.000000e-07
 53  52  0  0  0  2  8.563782e-02  2.000000e-07
 53  47  0  0  0  2  4.365692e-01  2.000000e-07
 53  87  0  0  0  2  5.230264e-01  2.000000e-07
 44  58  0  0  0  2  8.579508e-02  2.000000e-07
 44  55  0  0  0  2  1.296388e-01  2.000000e-07
 44  67  0  0  0  2  2.975768e-01  2.000000e-07
 44  46  0  0  0  2  1.360553e-01  2.000000e-07
 44  79  0  0  0  2  2.193077e-01  2.000000e-07
 44  45  0  0  0  2  1.885489e-01  2.000000e-07
 44  80  0  0  0  2  2.381614e-01  2.000000e-07
 44  78  0  0  0  2  2.792872e-01  2.000000e-07
 44  63  0  0  0  2  3.213835e-01  2.000000e-07
 44  77  0  0  0  2  6.048956e-02  2.000000e-07
 44  86 -1  0  0  2  4.353225e-01  2.000000e-07
 1  66  0 -1  0  2  3.081535e-01  2.000000e-07
 1  67  0  0  0  2  3.152553e-01  2.000000e-07
 1  2  0  0  0  2  4.583538e-02  2.000000e-07
 1  75  0 -1  0  2  2.614303e-01  2.000000e-07
 1  76  0 -1  0  2  4.067045e-01  2.000000e-07
 1  78  0  0  0  2  4.975917e-02  2.000000e-07
 1  71  0  0  0  2  1.470307e-01  2.000000e-07
 1  77  0  0  0  2  2.512263e-01  2.000000e-07
 1  69  0  0  0  2  4.836482e-01  2.000000e-07
 49  65  0  0  0  2  6.506553e-02  2.000000e-07
 49  61  0  0  0  2  1.675226e-01  2.000000e-07
 49  51 -1  0  0  2  2.550329e-01  2.000000e-07
 49  76  0  0  0  2  1.753832e-02  2.000000e-07
 49  50 -1  0  0  2  2.467722e-01  2.000000e-07
 49  81 -1  0  0  2  2.556052e-01  2.000000e-07
 49  63  0  0  0  2  1.564482e-01  2.000000e-07
 49  52 -1  0  0  2  2.743069e-01  2.000000e-07
 49  64  0  0  0  2  4.213706e-01  2.000000e-07
 58  59  0  0  0  2  2.627118e-01  2.000000e-07
 58  60  0  0  0  2  2.877814e-01  2.000000e-07
 58  84  0  0  0  2  7.504376e-02  2.000000e-07
 58  67  0  0  0  2  3.441089e-01  2.000000e-07
 58  46  0  0  0  2  2.195748e-01  2.000000e-07
 58  79  0  0  0  2  2.978349e-01  2.000000e-07
 58  2  0  0  0  2  3.079241e-01  2.000000e-07
 58  45  0  0  0  2  2.061802e-01  2.000000e-07
 58  70 -1  0  0  2  3.603470e-01  2.000000e-07
 58  78  0  0  0  2  2.264561e-01  2.000000e-07
 58  86 -1  0  0  2  3.548890e-01  2.000000e-07
 66  60  0  1  0  2  2.545980e-01  2.000000e-07
 66  89  0  0  0  2  1.789097e-01  2.000000e-07
 66  67  0  1  0  2  2.787207e-01  2.000000e-07
 66  2  0  1  0  2  2.897213e-01  2.000000e-07
 66  68  0  0  0  2  2.421803e-01  2.000000e-07
 66  75  0  0  0  2  1.146755e-01  2.000000e-07
 66  74  0  0  0  2  1.730642e-01  2.000000e-07
 66  43  0  1  0  2  4.095049e-01  2.000000e-07
 65  59  0  1  0  2  4.558706e-01  2.000000e-07
 65  61  0  0  0  2  2.065816e-01  2.000000e-07
 65  83 -1  0  0  2  1.634125e-01  2.000000e-07
 65  2  0  1  0  2  3.191986e-01  2.000000e-07
 65  68  0  0  0  2  3.093855e-01  2.000000e-07
 65  76  0  0  0  2  6.237499e-02  2.000000e-07
 65  70 -1  1  0  2  5.212454e-01  2.000000e-07
 65  81 -1  0  0  2  2.540259e-01  2.000000e-07
 65  71  0  1  0  2  2.603921e-01  2.000000e-07
 65  62 -1  1  0  2  4.967827e-01  2.000000e-07
 65  63  0  0  0  2  1.990275e-01  2.000000e-07
 65  69 -1  1  0  2  4.649118e-01  2.000000e-07
 65  52 -1  0  0  2  2.892064e-01  2.000000e-07
 59  61  0  0  0  2  4.113318e-01  2.000000e-07
 59  84  0  0  0  2  2.751265e-01  2.000000e-07
 59  51 -1  0  0  2  3.056806e-01  2.000000e-07
 59  2  0  0  0  2  3.023888e-01  2.000000e-07
 59  74 -1 -1  0  2  5.242080e-01  2.000000e-07
 59  70 -1  0  0  2  1.235798e-01  2.000000e-07
 59  81 -1 -1  0  2  5.120832e-01  2.000000e-07
 59  62 -1  0  0  2  1.626457e-01  2.000000e-07
 59  69 -1  0  0  2  3.109389e-01  2.000000e-07
 59  64  0  0  0  2  9.512703e-02  2.000000e-07
 60  84  0  0  0  2  3.611548e-01  2.000000e-07
 60  67  0  0  0  2  2.746852e-01  2.000000e-07
 60  46  0  0  0  2  3.654416e-01  2.000000e-07
 60  2  0  0  0  2  6.281887e-02  2.000000e-07
 60  68  0 -1  0  2  3.585487e-01  2.000000e-07
 60  74  0 -1  0  2  4.091462e-01  2.000000e-07
 60  43  0  0  0  2  3.559751e-01  2.000000e-07
 60  69  0  0  0  2  4.375944e-01  2.000000e-07
 60  64  0  0  0  2  3.246896e-01  2.000000e-07
 61  84  0  0  0  2  2.267629e-01  2.000000e-07
 61  51 -1  0  0  2  3.069972e-01  2.000000e-07
 61  68  0  0  0  2  1.808209e-01  2.000000e-07
 61  74  0  0  0  2  5.455528e-01  2.000000e-07
 61  45  0  0  0  2  1.416401e-01  2.000000e-07
 61  76  0  0  0  2  1.556136e-01  2.000000e-07
 61  63  0  0  0  2  1.571848e-02  2.000000e-07
 61  64  0  0  0  2  3.300011e-01  2.000000e-07
 55  79  0  0  0  2  2.162135e-01  2.000000e-07
 55  75  0  0  0  2  3.708220e-01  2.000000e-07
 55  74  0  0  0  2  4.566210e-01  2.000000e-07
 55  80  0  0  0  2  1.700755e-01  2.000000e-07
 55  85  0  0  0  2  2.876206e-01  2.000000e-07
 55  63  0  0  0  2  2.918446e-01  2.000000e-07
 55  77  0  0  0  2  1.828180e-01  2.000000e-07
 55  52  0  0  0  2  4.226277e-01  2.000000e-07
 55  47  0  0  0  2  1.954536e-01  2.000000e-07
 55  64  0  0  0  2  3.611196e-01  2.000000e-07
 83  74  0  0  0  2  2.235189e-01  2.000000e-07
 83  80  1  0  0  2  4.552978e-01  2.000000e-07
 83  76  1  0  0  2  1.885891e-01  2.000000e-07
 83  81  0  0  0  2  9.197405e-02  2.000000e-07
 83  71  1  1  0  2  3.322775e-01  2.000000e-07
 83  63  1  0  0  2  3.289251e-01  2.000000e-07
 83  82  0  0  0  2  1.007095e-01  2.000000e-07
 83  4  0  1  0  2  2.673862e-01  2.000000e-07
 83  69  0  1  0  2  3.644485e-01  2.000000e-07
 83  52  0  0  0  2  1.431615e-01  2.000000e-07
 83  47  0  0  0  2  4.952189e-01  2.000000e-07
 89  56  0  0  0  2  4.161764e-01  2.000000e-07
 89  46  0  0  0  2  4.280225e-01  2.000000e-07
 89  79  0  0  0  2  4.471100e-01  2.000000e-07
 89  68  0  0  0  2  3.038987e-01  2.000000e-07
 89  74  0  0  0  2  9.426190e-02  2.000000e-07
 89  45  0  0  0  2  4.124721e-01  2.000000e-07
 89  0  0  0  0  2  9.089365e-02  2.000000e-07
 89  80  0  0  0  2  3.886574e-01  2.000000e-07
 89  50  0  0  0  2  3.207948e-01  2.000000e-07
 89  85  0  0  0  2  3.501038e-01  2.000000e-07
 89  82  0  0  0  2  1.475211e-01  2.000000e-07
 89  52  0  0  0  2  1.381985e-01  2.000000e-07
 84  51 -1  0  0  2  3.710785e-01  2.000000e-07
 84  46  0  0  0  2  2.468784e-01  2.000000e-07
 84  68  0  0  0  2  3.026442e-01  2.000000e-07
 84  45  0  0  0  2  1.425517e-01  2.000000e-07
 84  76  0  0  0  2  3.675999e-01  2.000000e-07
 84  70 -1  0  0  2  3.516553e-01  2.000000e-07
 84  86 -1  0  0  2  3.305837e-01  2.000000e-07
 84  64  0  0  0  2  1.802941e-01  2.000000e-07
 51  56  0  0  0  2  2.736917e-01  2.000000e-07
 51  76  1  0  0  2  2.678764e-01  2.000000e-07
 51  70  0  0  0  2  2.245508e-01  2.000000e-07
 51  50  0  0  0  2  4.183671e-02  2.000000e-07
 51  85  0  0  0  2  2.104786e-01  2.000000e-07
 51  62  0  0  0  2  2.655392e-01  2.000000e-07
 51  63  1  0  0  2  2.916965e-01  2.000000e-07
 51  86  0  0  0  2  1.502252e-01  2.000000e-07
 51  64  1  0  0  2  2.966581e-01  2.000000e-07
 67  56  0  0  0  2  2.273954e-01  2.000000e-07
 67  46  0  0  0  2  2.276548e-01  2.000000e-07
 67  79  0  0  0  2  1.759572e-01  2.000000e-07
 67  2  0  0  0  2  3.374807e-01  2.000000e-07
 67  75  0 -1  0  2  3.511387e-01  2.000000e-07
 67  74  0 -1  0  2  3.115263e-01  2.000000e-07
 67  43  0  0  0  2  1.314822e-01  2.000000e-07
 67  0  0 -1  0  2  3.040844e-01  2.000000e-07
 67  70  0  0  0  2  3.783141e-01  2.000000e-07
 67  78  0  0  0  2  3.372390e-01  2.000000e-07
 67  77  0  0  0  2  2.529727e-01  2.000000e-07
 67  4  0  0  0  2  3.298689e-01  2.000000e-07
 67  86  0  0  0  2  4.142643e-01  2.000000e-07
 67  69  0  0  0  2  1.758580e-01  2.000000e-07
 67  47  0  0  0  2  2.457738e-01  2.000000e-07
 67  87  0  0  0  2  3.435648e-01  2.000000e-07
 56  79  0  0  0  2  9.893016e-02  2.000000e-07
 56  43  0  0  0  2  1.136231e-01  2.000000e-07
 56  70  0  0  0  2  2.589059e-01  2.000000e-07
 56  50  0  0  0  2  2.742930e-01  2.000000e-07
 56  85  0  0  0  2  7.761302e-02  2.000000e-07
 56  62  0  0  0  2  2.282905e-01  2.000000e-07
 56  82  0  0  0  2  4.533066e-01  2.000000e-07
 56  86  0  0  0  2  2.534070e-01  2.000000e-07
 56  69  0  0  0  2  2.348092e-01  2.000000e-07
 46  79  0  0  0  2  8.965928e-02  2.000000e-07
 46  68  0  0  0  2  3.588203e-01  2.000000e-07
 46  45  0  0  0  2  2.637378e-01  2.000000e-07
 46  43  0  0  0  2  1.222343e-01  2.000000e-07
 46  85  0  0  0  2  2.156941e-01  2.000000e-07
 79  68  0  0  0  2  4.320710e-01  2.000000e-07
 79  45  0  0  0  2  3.511142e-01  2.000000e-07
 79  43  0  0  0  2  4.578573e-02  2.000000e-07
 79  0  0  0  0  2  5.220168e-01  2.000000e-07
 79  80  0  0  0  2  3.862530e-01  2.000000e-07
 79  70  0  0  0  2  3.476009e-01  2.000000e-07
 79  77  0  0  0  2  2.111551e-01  2.000000e-07
 79  82  0  0  0  2  5.110441e-01  2.000000e-07
 79  86  0  0  0  2  3.502645e-01  2.000000e-07
 79  47  0  0  0  2  7.167431e-02  2.000000e-07
 79  87  0  0  0  2  3.387939e-01  2.000000e-07
 2  68  0 -1  0  2  3.485784e-01  2.000000e-07
 2  75  0 -1  0  2  2.288590e-01  2.000000e-07
 2  76  0 -1  0  2  3.634802e-01  2.000000e-07
 2  70 -1  0  0  2  4.205599e-01  2.000000e-07
 2  78  0  0  0  2  8.746256e-02  2.000000e-07
 68  75  0  0  0  2  1.598897e-01  2.000000e-07
 68  74  0  0  0  2  3.649468e-01  2.000000e-07
 68  45  0  0  0  2  1.600997e-01  2.000000e-07
 68  0  0  0  0  2  2.940961e-01  2.000000e-07
 68  80  0  0  0  2  1.135729e-01  2.000000e-07
 68  76  0  0  0  2  2.876375e-01  2.000000e-07
 75  74  0  0  0  2  2.816038e-01  2.000000e-07
 75  0  0  0  0  2  2.055887e-01  2.000000e-07
 75  80  0  0  0  2  2.722302e-01  2.000000e-07
 75  76  0  0  0  2  3.542203e-01  2.000000e-07
 75  71  0  1  0  2  3.285046e-01  2.000000e-07
 75  63  0  0  0  2  3.207339e-01  2.000000e-07
 75  82  0  0  0  2  3.994764e-01  2.000000e-07
 75  69  0  1  0  2  4.506888e-01  2.000000e-07
 74  43  0  1  0  2  4.332932e-01  2.000000e-07
 74  0  0  0  0  2  7.640700e-02  2.000000e-07
 74  70  0  1  0  2  4.955988e-01  2.000000e-07
 74  81  0  0  0  2  1.439283e-01  2.000000e-07
 74  71  0  1  0  2  5.793984e-01  2.000000e-07
 74  63  0  0  0  2  5.605929e-01  2.000000e-07
 74  82  0  0  0  2  1.319029e-01  2.000000e-07
 74  69  0  1  0  2  2.811187e-01  2.000000e-07
 74  52  0  0  0  2  1.712779e-01  2.000000e-07
 45  80  0  0  0  2  5.127207e-02  2.000000e-07
 45  76  0  0  0  2  2.970083e-01  2.000000e-07
 45  63  0  0  0  2  1.534805e-01  2.000000e-07
 45  86 -1  0  0  2  4.142334e-01  2.000000e-07
 43  85  0  0  0  2  1.865745e-01  2.000000e-07
 43  69  0  0  0  2  2.199076e-01  2.000000e-07
 0  80  0  0  0  2  3.957575e-01  2.000000e-07
 0  70  0  1  0  2  5.451049e-01  2.000000e-07
 0  81  0  0  0  2  2.095418e-01  2.000000e-07
 0  82  0  0  0  2  1.982597e-01  2.000000e-07
 0  69  0  1  0  2  3.170710e-01  2.000000e-07
 80  76  0  0  0  2  2.671473e-01  2.000000e-07
 80  71  0  1  0  2  4.737279e-01  2.000000e-07
 80  63  0  0  0  2  1.324625e-01  2.000000e-07
 80  82  0  0  0  2  5.308793e-01  2.000000e-07
 80  86 -1  0  0  2  4.367858e-01  2.000000e-07
 76  70 -1  1  0  2  5.833935e-01  2.000000e-07
 76  50 -1  0  0  2  2.613544e-01  2.000000e-07
 76  78  0  1  0  2  4.293727e-01  2.000000e-07
 76  81 -1  0  0  2  2.715682e-01  2.000000e-07
 76  71  0  1  0  2  3.180611e-01  2.000000e-07
 76  82 -1  0  0  2  2.825807e-01  2.000000e-07
 70  78  1  0  0  2  3.564624e-01  2.000000e-07
 70  85  0  0  0  2  2.573423e-01  2.000000e-07
 70  81  0 -1  0  2  5.180121e-01  2.000000e-07
 70  62  0  0  0  2  6.422126e-02  2.000000e-07
 70  86  0  0  0  2  7.568482e-02  2.000000e-07
 70  69  0  0  0  2  2.375058e-01  2.000000e-07
 70  87  0  0  0  2  5.677395e-02  2.000000e-07
 50  85  0  0  0  2  2.041929e-01  2.000000e-07
 50  62  0  0  0  2  2.972888e-01  2.000000e-07
 50  63  1  0  0  2  3.061112e-01  2.000000e-07
 50  82  0  0  0  2  2.620049e-01  2.000000e-07
 50  86  0  0  0  2  1.883511e-01  2.000000e-07
 50  52  0  0  0  2  1.999032e-01  2.000000e-07
 50  64  1  0  0  2  3.382429e-01  2.000000e-07
 78  71  0  0  0  2  1.380838e-01  2.000000e-07
 78  77  0  0  0  2  2.309718e-01  2.000000e-07
 78  86 -1  0  0  2  3.962343e-01  2.000000e-07
 78  87 -1  0  0  2  3.522154e-01  2.000000e-07
 85  62  0  0  0  2  2.456291e-01  2.000000e-07
 85  69  0  0  0  2  2.966821e-01  2.000000e-07
 85  52  0  0  0  2  2.991661e-01  2.000000e-07
 85  47  0  0  0  2  1.094977e-01  2.000000e-07
 81  82  0  0  0  2  1.216909e-02  2.000000e-07
 81  69  0  1  0  2  3.503485e-01  2.000000e-07
 81  52  0  0  0  2  7.341939e-02  2.000000e-07
 71  62 -1  0  0  2  3.275492e-01  2.000000e-07
 71  63  0 -1  0  2  4.157717e-01  2.000000e-07
 71  77  0  0  0  2  3.644134e-01  2.000000e-07
 71  4 -1  0  0  2  2.369775e-01  2.000000e-07
 71  69 -1  0  0  2  3.907140e-01  2.000000e-07
 71  69  0  0  0  2  6.291052e-01  2.000000e-07
 71  64  0  0  0  2  2.681949e-01  2.000000e-07
 71  87 -1  0  0  2  2.975139e-01  2.000000e-07
 62  63  1  0  0  2  4.756986e-01  2.000000e-07
 62  4  0  0  0  2  1.827439e-01  2.000000e-07
 62  69  0  0  0  2  1.733035e-01  2.000000e-07
 62  47  0  0  0  2  3.121015e-01  2.000000e-07
 62  64  1  0  0  2  2.401818e-01  2.000000e-07
 62  87  0  0  0  2  3.185862e-02  2.000000e-07
 63  85 -1  0  0  2  5.020994e-01  2.000000e-07
 63  77  0  0  0  2  3.745636e-01  2.000000e-07
 63  86 -1  0  0  2  3.528292e-01  2.000000e-07
 63  52 -1  0  0  2  4.078619e-01  2.000000e-07
 63  47 -1  0  0  2  6.108573e-01  2.000000e-07
 63  64  0  0  0  2  3.245104e-01  2.000000e-07
 63  87 -1  0  0  2  4.678034e-01  2.000000e-07
 77  86 -1  0  0  2  4.457714e-01  2.000000e-07
 77  69  0  0  0  2  4.145315e-01  2.000000e-07
 77  47  0  0  0  2  2.494911e-01  2.000000e-07
 77  64  0  0  0  2  2.601985e-01  2.000000e-07
 77  87 -1  0  0  2  4.695407e-01  2.000000e-07
 82  55  0  0  0  2  4.831599e-01  2.000000e-07
 82  67  0  1  0  2  4.209406e-01  2.000000e-07
 82  4  0  1  0  2  2.889707e-01  2.000000e-07
 82  86  0  0  0  2  4.503248e-01  2.000000e-07
 82  69  0  1  0  2  3.413813e-01  2.000000e-07
 4  69  0  0  0  2  1.581968e-01  2.000000e-07
 4  87  0  0  0  2  1.709831e-01  2.000000e-07
 86  76  1  0  0  2  3.833428e-01  2.000000e-07
 86  47  0  0  0  2  3.278713e-01  2.000000e-07
 86  64  1  0  0  2  1.918237e-01  2.000000e-07
 86  87  0  0  0  2  1.308969e-01  2.000000e-07
 69  52  0 -1  0  2  4.150538e-01  2.000000e-07
 69  47  0  0  0  2  3.017369e-01  2.000000e-07
 52  47  0  0  0  2  3.641209e-01  2.000000e-07
 47  87  0  0  0  2  3.437668e-01  2.000000e-07
 64  87 -1  0  0  2  2.149415e-01  2.000000e-07
 87  69  0  0  0  2  1.895781e-01  2.000000e-07
 57  56  0  0  0  1  9.320858e-02  3.000000e-07
 57  46  0  0  0  1  9.106114e-02  3.000000e-07
 57  43  0  0  0  1  5.147712e-02  3.000000e-07
 57  47  0  0  0  1  6.447792e-02  3.000000e-07
 3  65  0 -1  0  1  2.686588e-01  3.000000e-07
 3  2  0  0  0  1  5.583515e-02  3.000000e-07
 3  75  0 -1  0  1  2.444039e-01  3.000000e-07
 3  78  0  0  0  1  1.147372e-01  3.000000e-07
 3  71  0  0  0  1  8.796923e-02  3.000000e-07
 48  53  0  0  0  1  7.552387e-02  3.000000e-07
 48  49  1  0  0  1  1.965131e-01  3.000000e-07
 48  83  0  0  0  1  1.232602e-01  3.000000e-07
 48  50  0  0  0  1  1.367884e-01  3.000000e-07
 48  52  0  0  0  1  8.992934e-02  3.000000e-07
 54  55  0  0  0  1  1.037470e-01  3.000000e-07
 54  84  0  0  0  1  1.069532e-01  3.000000e-07
 54  45  0  0  0  1  5.450582e-02  3.000000e-07
 73  83  0 -1  0  1  2.677865e-01  3.000000e-07
 73  74  0 -1  0  1  2.951968e-01  3.000000e-07
 73  62  0  0  0  1  1.822580e-01  3.000000e-07
 73  82  0 -1  0  1  2.888713e-01  3.000000e-07
 73  69  0  0  0  1  1.567952e-01  3.000000e-07
 73  87  0  0  0  1  1.707272e-01  3.000000e-07
 53  83  0  0  0  1  5.945455e-02  3.000000e-07
 53  81  0  0  0  1  5.786504e-02  3.000000e-07
 53  52  0  0  0  1  8.563782e-02  3.000000e-07
 44  58  0  0  0  1  8.579508e-02  3.000000e-07
 44  55  0  0  0  1  1.296388e-01  3.000000e-07
 44  84  0  0  0  1  1.160264e-01  3.000000e-07
 44  46  0  0  0  1  1.360553e-01  3.000000e-07
 44  77  0  0  0  1  6.048956e-02  3.000000e-07
 1  60  0  0  0  1  5.546347e-02  3.000000e-07
 49  65  0  0  0  1  6.506553e-02  3.000000e-07
 49  83 -1  0  0  1  1.742789e-01  3.000000e-07
 49  51 -1  0  0  1  2.550329e-01  3.000000e-07
 49  50 -1  0  0  1  2.467722e-01  3.000000e-07
 49  63  0  0  0  1  1.564482e-01  3.000000e-07
 58  84  0  0  0  1  7.504376e-02  3.000000e-07
 58  78  0  0  0  1  2.264561e-01  3.000000e-07
 58  77  0  0  0  1  9.390049e-02  3.000000e-07
 58  64  0  0  0  1  1.759077e-01  3.000000e-07
 66  60  0  1  0  1  2.545980e-01  3.000000e-07
 66  89  0  0  0  1  1.789097e-01  3.000000e-07
 66  67  0  1  0  1  2.787207e-01  3.000000e-07
 66  68  0  0  0  1  2.421803e-01  3.000000e-07
 66  75  0  0  0  1  1.146755e-01  3.000000e-07
 66  0  0  0  0  1  1.009628e-01  3.000000e-07
 65  75  0  0  0  1  3.470502e-01  3.000000e-07
 65  76  0  0  0  1  6.237499e-02  3.000000e-07
 65  71  0  1  0  1  2.603921e-01  3.000000e-07
 65  4 -1  1  0  1  3.259848e-01  3.000000e-07
 59  70 -1  0  0  1  1.235798e-01  3.000000e-07
 59  71  0  0  0  1  2.223914e-01  3.000000e-07
 59  4 -1  0  0  1  2.289133e-01  3.000000e-07
 59  86 -1  0  0  1  1.665588e-01  3.000000e-07
 59  64  0  0  0  1  9.512703e-02  3.000000e-07
 59  87 -1  0  0  1  1.329704e-01  3.000000e-07
 60  67  0  0  0  1  2.746852e-01  3.000000e-07
 60  2  0  0  0  1  6.281887e-02  3.000000e-07
 60  75  0 -1  0  1  2.182804e-01  3.000000e-07
 60  77  0  0  0  1  2.582000e-01  3.000000e-07
 61  68  0  0  0  1  1.808209e-01  3.000000e-07
 61  45  0  0  0  1  1.416401e-01  3.000000e-07
 61  80  0  0  0  1  1.178443e-01  3.000000e-07
 61  76  0  0  0  1  1.556136e-01  3.000000e-07
 55  46  0  0  0  1  1.336130e-01  3.000000e-07
 55  68  0  0  0  1  2.282144e-01  3.000000e-07
 55  45  0  0  0  1  1.384771e-01  3.000000e-07
 55  80  0  0  0  1  1.700755e-01  3.000000e-07
 55  47  0  0  0  1  1.954536e-01  3.000000e-07
 83  81  0  0  0  1  9.197405e-02  3.000000e-07
 83  82  0  0  0  1  1.007095e-01  3.000000e-07
 83  4  0  1  0  1  2.673862e-01  3.000000e-07
 89  68  0  0  0  1  3.038987e-01  3.000000e-07
 89  74  0  0  0  1  9.426190e-02  3.000000e-07
 89  85  0  0  0  1  3.501038e-01  3.000000e-07
 89  82  0  0  0  1  1.475211e-01  3.000000e-07
 89  52  0  0  0  1  1.381985e-01  3.000000e-07
 89  47  0  0  0  1  3.766001e-01  3.000000e-07
 84  45  0  0  0  1  1.425517e-01  3.000000e-07
 84  64  0  0  0  1  1.802941e-01  3.000000e-07
 51  85  0  0  0  1  2.104786e-01  3.000000e-07
 51  63  1  0  0  1  2.916965e-01  3.000000e-07
 51  64  1  0  0  1  2.966581e-01  3.000000e-07
 67  74  0 -1  0  1  3.115263e-01  3.000000e-07
 67  43  0  0  0  1  1.314822e-01  3.000000e-07
 67  0  0 -1  0  1  3.040844e-01  3.000000e-07
 67  69  0  0  0  1  1.758580e-01  3.000000e-07
 56  43  0  0  0  1  1.136231e-01  3.000000e-07
 56  85  0  0  0  1  7.761302e-02  3.000000e-07
 56  62  0  0  0  1  2.282905e-01  3.000000e-07
 56  69  0  0  0  1  2.348092e-01  3.000000e-07
 56  47  0  0  0  1  8.382281e-02  3.000000e-07
 46  79  0  0  0  1  8.965928e-02  3.000000e-07
 46  43  0  0  0  1  1.222343e-01  3.000000e-07
 46  77  0  0  0  1  1.443776e-01  3.000000e-07
 2  75  0 -1  0  1  2.288590e-01  3.000000e-07
 2  78  0  0  0  1  8.746256e-02  3.000000e-07
 68  75  0  0  0  1  1.598897e-01  3.000000e-07
 68  80  0  0  0  1  1.135729e-01  3.000000e-07
 74  0  0  0  0  1  7.640700e-02  3.000000e-07
 74  82  0  0  0  1  1.319029e-01  3.000000e-07
 74  69  0  1  0  1  2.811187e-01  3.000000e-07
 45  80  0  0  0  1  5.127207e-02  3.000000e-07
 45  63  0  0  0  1  1.534805e-01  3.000000e-07
 43  77  0  0  0  1  2.183135e-01  3.000000e-07
 43  69  0  0  0  1  2.199076e-01  3.000000e-07
 70  62  0  0  0  1  6.422126e-02  3.000000e-07
 70  86  0  0  0  1  7.568482e-02  3.000000e-07
 70  87  0  0  0  1  5.677395e-02  3.000000e-07
 50  85  0  0  0  1  2.041929e-01  3.000000e-07
 50  52  0  0  0  1  1.999032e-01  3.000000e-07
 78  71  0  0  0  1  1.380838e-01  3.000000e-07
 78  77  0  0  0  1  2.309718e-01  3.000000e-07
 78  64  0  0  0  1  2.257483e-01  3.000000e-07
 85  62  0  0  0  1  2.456291e-01  3.000000e-07
 85  86  0  0  0  1  2.292259e-01  3.000000e-07
 85  47  0  0  0  1  1.094977e-01  3.000000e-07
 81  52  0  0  0  1  7.341939e-02  3.000000e-07
 71  4 -1  0  0  1  2.369775e-01  3.000000e-07
 62  86  0  0  0  1  1.281296e-01  3.000000e-07
 62  69  0  0  0  1  1.733035e-01  3.000000e-07
 63  64  0  0  0  1  3.245104e-01  3.000000e-07
 82  52  0  0  0  1  7.789543e-02  3.000000e-07
 4  87  0  0  0  1  1.709831e-01  3.000000e-07
 86  64  1  0  0  1  1.918237e-01  3.000000e-07
 1.137395e-01  3.968245e-01  0
-2.215211e-01 -3.773207e-01  0
-2.305211e-01 -4.222638e-01  0
-2.799352e-01 -4.482601e-01  0
 4.022905e-01 -3.880233e-01  0
-1.567206e-01 -3.794595e-02  1.391560e-01
-2.171599e-01  2.422469e-01  4.006360e-01
-1.786981e-01  1.496484e-01  2.291981e-01
 3.611454e-01  4.073942e-01  3.780933e-01
-2.584227e-02  2.153686e-01  3.503442e-01
 4.406219e-01 -3.657708e-01  3.782478e-01
-1.254128e-02 -4.232107e-01 -4.187336e-01
-9.763674e-02  2.364334e-01 -1.718495e-01
 1.948170e-02 -4.206522e-01 -2.151632e-01
-1.884244e-02 -4.474667e-01 -3.659579e-01
 2.747473e-02 -2.330908e-01 -3.792677e-01
 3.965737e-01 -3.489770e-02 -1.929474e-01
 3.930212e-01 -3.964584e-01 -1.638032e-01
 9.831362e-02  3.440526e-02 -3.140119e-01
 9.602322e-02 -7.708180e-02 -3.921499e-01
 2.609231e-01  1.753576e-01 -2.573292e-01
-2.180002e-01  1.427807e-01 -1.276834e-01
-3.488717e-01 -2.016687e-01  3.863502e-01
 2.691759e-01 -6.922238e-02 -1.962758e-01
-2.830077e-02 -3.650430e-01 -2.266157e-01
 8.099426e-02  2.118375e-01 -1.886740e-01
-4.064778e-01  2.323047e-02  4.482060e-01
-5.082707e-02  1.563923e-01  4.457733e-01
 2.704088e-01  1.579172e-01  3.562591e-01
 1.860806e-01  3.773255e-01 -4.147172e-01
-2.390922e-01  1.295342e-01 -3.295987e-01
 6.801377e-02  1.071909e-01  4.396619e-01
-2.266131e-01 -1.489348e-01 -1.692916e-01
-1.561587e-01  2.852286e-01  4.375583e-01
-2.024293e-01 -1.766685e-01  3.816545e-01
-1.507379e-02 -2.044134e-01  3.887159e-01
-4.195608e-01 -1.705030e-01 -1.320228e-01
 3.492342e-01 -3.408291e-01 -1.670129e-01
 3.291549e-01 -1.402481e-01 -1.113436e-01
 3.691126e-01  1.380532e-02  4.075123e-01
 3.062111e-01 -2.393667e-01  2.087055e-01
-4.189456e-01 -2.570553e-01  3.057398e-01
-4.302139e-01 -4.494560e-01  3.379397e-01
 9.933459e-02 -1.699130e-01  0
-1.243627e-01 -8.830445e-02  0
-1.859803e-01  8.989195e-02  0
 1.164630e-02 -8.475440e-02  0
 1.140331e-01 -5.656460e-02  0
 3.674282e-01  2.270123e-01  0
-4.399914e-01  2.661301e-01  0
 3.857004e-01  9.144983e-02  0
 4.116875e-01  5.866290e-02  0
 2.857063e-01  2.645465e-01  0
 3.625350e-01  3.023775e-01  0
-1.660451e-01  3.916257e-02  0
-6.314069e-02  2.596751e-02  0
 1.870643e-01 -9.770709e-02  0
 9.621162e-02 -1.185307e-01  0
-2.057886e-01 -1.153345e-01  0
-4.494149e-01 -2.136386e-01  0
-1.713915e-01 -4.010529e-01  0
-3.024236e-01  1.705325e-01  0
 3.881270e-01 -2.058290e-01  0
-3.179706e-01  1.682172e-01  0
-3.781103e-01 -1.506719e-01  0
-4.327772e-01  3.307945e-01  0
 1.795696e-02  4.287493e-01  0
 8.423766e-02 -3.005256e-01  0
-1.363739e-01  2.421126e-01  0
 2.588681e-01 -3.212683e-01  0
 4.372247e-01 -1.644310e-01  0
-3.626899e-01 -4.184231e-01  0
 1.897521e-02 -4.256948e-01 -1.456137e-01
 4.009241e-01 -3.876372e-01  0
 1.895578e-01  4.062913e-01  0
-9.184594e-02  3.956768e-01  0
-4.227299e-01  2.692340e-01  0
-1.179213e-01 -1.484501e-01  0
-2.509977e-01 -3.372320e-01  0
 9.189789e-02 -1.247353e-01  0
-1.883112e-01  1.411110e-01  0
 3.132034e-01  3.326223e-01  0
 3.037760e-01  3.403171e-01  0
 4.043944e-01  3.445988e-01  0
-2.320140e-01 -4.502239e-02  0
 2.195218e-01 -2.720677e-02  0
 4.403150e-01 -8.880934e-02  0
 4.176778e-01 -2.177339e-01  0
 2.442406e-01  3.018890e-01  1.469618e-01
 1.580370e-01  3.174558e-01  0