 720  90  1.200000e-05  6 -2 -2
 14  16  0  0  0  3  2.780039e-01  1.000000e-07
 14  43  0  0  0  3  4.100320e-01  1.000000e-07
 14  18  0  1  0  3  3.764304e-01  1.000000e-07
 14  89  0  0  0  3  4.983616e-01  1.000000e-07
 14  42  0  0  0  3  1.179844e-01  1.000000e-07
 14  80  0  0  0  3  3.479277e-01  1.000000e-07
 14  38  0  1  0  3  4.153753e-01  1.000000e-07
 14  15  0  0  0  3  2.912439e-01  1.000000e-07
 36  37  0  0  0  3  4.150243e-01  1.000000e-07
 36  79 -1  0  0  3  3.202557e-01  1.000000e-07
 36  80 -1 -1  0  3  4.575441e-01  1.000000e-07
 36  17  0  0  0  3  2.328838e-01  1.000000e-07
 36  39 -1 -1  0  3  6.043996e-01  1.000000e-07
 36  15  0 -1  0  3  4.017849e-01  1.000000e-07
 36  13  0  0  0  3  3.970585e-01  1.000000e-07
 36  23  0  0  1  3  3.074390e-01  1.000000e-07
 36  51  0 -1  1  3  5.091191e-01  1.000000e-07
 20  37  0  0  0  3  2.353863e-01  1.000000e-07
 20  43  0  0  0  3  3.882179e-01  1.000000e-07
 20  21  0  0  0  3  2.202944e-01  1.000000e-07
 20  80 -1  0  0  3  4.323353e-01  1.000000e-07
 20  39 -1  0  0  3  4.580797e-01  1.000000e-07
 20  35  0  0  1  3  3.112170e-01  1.000000e-07
 20  40 -1  0  1  3  3.433838e-01  1.000000e-07
 20  41  0  0  1  3  2.746492e-01  1.000000e-07
 20  34  0  0  1  3  2.372313e-01  1.000000e-07
 16  43  0  0  0  3  3.402987e-01  1.000000e-07
 16  42  0  0  0  3  2.854358e-01  1.000000e-07
 16  80 -1  0  0  3  4.590158e-01  1.000000e-07
 16  15  0  0  0  3  1.280284e-01  1.000000e-07
 16  13  0  1  0  3  4.483843e-01  1.000000e-07
 37  43  0  0  0  3  2.203144e-01  1.000000e-07
 37  89  0  0  0  3  3.697779e-01  1.000000e-07
 37  21  0  0  0  3  2.645385e-01  1.000000e-07
 37  15  0  0  0  3  3.356300e-01  1.000000e-07
 37  19  0  0  0  3  2.530277e-01  1.000000e-07
 37  35  0  0  1  3  3.118150e-01  1.000000e-07
 37  33  0  0  1  3  3.134762e-01  1.000000e-07
 43  89  0  0  0  3  2.277001e-01  1.000000e-07
 43  21  0  0  0  3  3.376964e-01  1.000000e-07
 43  17  0  0  0  3  4.408137e-01  1.000000e-07
 18  89  0  0  0  3  2.763034e-01  1.000000e-07
 18  80  0 -1  0  3  3.847371e-01  1.000000e-07
 18  38  0  0  0  3  2.036376e-01  1.000000e-07
 18  39  0 -1  0  3  4.158068e-01  1.000000e-07
 18  12  0  0  0  3  2.507567e-01  1.000000e-07
 18  15  0 -1  0  3  3.585627e-01  1.000000e-07
 89  23  0  0  1  3  3.772037e-01  1.000000e-07
 89  24  0  0  1  3  4.140207e-01  1.000000e-07
 89  52  0  0  1  3  5.910877e-01  1.000000e-07
 42  79  0  0  0  3  4.752131e-01  1.000000e-07
 42  15  0  0  0  3  3.012738e-01  1.000000e-07
 42  35  0  0  1  3  4.153032e-01  1.000000e-07
 42  40  0  0  1  3  5.875190e-01  1.000000e-07
 42  81  0  0  1  3  4.272883e-01  1.000000e-07
 42  23  0  0  1  3  5.393764e-01  1.000000e-07
 42  32  0  0  1  3  4.111502e-01  1.000000e-07
 21  80 -1  0  0  3  3.125463e-01  1.000000e-07
 21  19  0  0  0  3  1.457500e-01  1.000000e-07
 21  41  0  0  1  3  3.903756e-01  1.000000e-07
 79  80  0  0  0  3  4.437406e-01  1.000000e-07
 79  12  0  0  0  3  3.304958e-01  1.000000e-07
 79  19  1  0  0  3  3.859277e-01  1.000000e-07
 79  40  0  0  1  3  2.773813e-01  1.000000e-07
 79  29  0  0  1  3  3.383149e-01  1.000000e-07
 17  38  0  0  0  3  3.188366e-01  1.000000e-07
 17  15  0 -1  0  3  3.026500e-01  1.000000e-07
 17  13  0  0  0  3  3.384785e-01  1.000000e-07
 17  41  0 -1  1  3  5.469978e-01  1.000000e-07
 38  39  0 -1  0  3  4.656586e-01  1.000000e-07
 38  12  0  0  0  3  3.666592e-01  1.000000e-07
 38  15  0 -1  0  3  2.736499e-01  1.000000e-07
 38  13  0  0  0  3  1.240309e-01  1.000000e-07
 38  81  0 -1  1  3  6.326522e-01  1.000000e-07
 38  24  0  0  1  3  4.289534e-01  1.000000e-07
 39  15  0  0  0  3  3.880921e-01  1.000000e-07
 39  88  0  1  1  3  6.040903e-01  1.000000e-07
 39  81  0  0  1  3  4.186395e-01  1.000000e-07
 39  51  1  0  1  3  5.604519e-01  1.000000e-07
 39  52  0  0  1  3  4.296560e-01  1.000000e-07
 12  40  0  0  1  3  3.445467e-01  1.000000e-07
 12  88  0  0  1  3  5.639286e-01  1.000000e-07
 12  81  0 -1  1  3  6.149787e-01  1.000000e-07
 12  51  1 -1  1  3  6.270156e-01  1.000000e-07
 25  50  0  0  0  3  3.590850e-01  1.000000e-07
 25  33  0  0  0  3  3.536391e-01  1.000000e-07
 25  40 -1  0  0  3  2.105797e-01  1.000000e-07
 25  88 -1  0  0  3  4.615111e-01  1.000000e-07
 25  34  0  0  0  3  3.182620e-01  1.000000e-07
 25  23  0  0  0  3  1.935989e-01  1.000000e-07
 25  24  0  0  0  3  1.650247e-01  1.000000e-07
 25  51  0 -1  0  3  3.880939e-01  1.000000e-07
 25  22  0  0  0  3  2.121765e-01  1.000000e-07
 50  88 -1  0  0  3  6.059705e-01  1.000000e-07
 50  27  0  0  0  3  9.238046e-02  1.000000e-07
 50  52  0  0  0  3  4.118749e-01  1.000000e-07
 50  30  0  0  0  3  6.972726e-02  1.000000e-07
 35  33  0  0  0  3  1.674875e-01  1.000000e-07
 35  41  0  0  0  3  1.838964e-01  1.000000e-07
 35  27  0  0  0  3  1.068393e-01  1.000000e-07
 35  34  0  0  0  3  1.738194e-01  1.000000e-07
 35  28  0  0  0  3  1.303730e-01  1.000000e-07
 35  32  0  0  0  3  1.925126e-01  1.000000e-07
 33  41  0  0  0  3  1.973179e-01  1.000000e-07
 33  34  0  0  0  3  6.954520e-02  1.000000e-07
 33  23  0  0  0  3  3.827507e-01  1.000000e-07
 33  28  0  0  0  3  1.041305e-01  1.000000e-07
 33  51  0  0  0  3  3.532807e-01  1.000000e-07
 33  29 -1  0  0  3  1.746817e-01  1.000000e-07
 40  88  0  0  0  3  3.433786e-01  1.000000e-07
 40  31  0 -1  0  3  6.074985e-01  1.000000e-07
 40  29  0  0  0  3  3.390611e-01  1.000000e-07
 40  52  0  0  0  3  5.004268e-01  1.000000e-07
 88  31  0 -1  0  3  4.712384e-01  1.000000e-07
 41  27  0  0  0  3  2.160312e-01  1.000000e-07
 41  24  0  1  0  3  4.651237e-01  1.000000e-07
 41  28  0  0  0  3  1.974376e-01  1.000000e-07
 41  51  0  0  0  3  3.589094e-01  1.000000e-07
 81  23  0  1  0  3  5.047205e-01  1.000000e-07
 81  24  0  1  0  3  4.643048e-01  1.000000e-07
 81  31  0  0  0  3  2.038525e-01  1.000000e-07
 27  28  0  0  0  3  6.803923e-02  1.000000e-07
 27  32  0  0  0  3  1.832161e-01  1.000000e-07
 27  30  0  0  0  3  4.568186e-02  1.000000e-07
 34  26 -1  0  0  3  4.460085e-01  1.000000e-07
 34  23  0  0  0  3  3.636759e-01  1.000000e-07
 34  28  0  0  0  3  1.059871e-01  1.000000e-07
 34  29 -1  0  0  3  1.706488e-01  1.000000e-07
 34  22  0  0  0  3  3.960677e-01  1.000000e-07
 26  51  1  0  0  3  4.913644e-01  1.000000e-07
 26  31  0  0  0  3  1.823526e-01  1.000000e-07
 26  52  0  0  0  3  1.126180e-01  1.000000e-07
 26  30  1  0  0  3  5.087181e-01  1.000000e-07
 23  24  0  0  0  3  1.053271e-01  1.000000e-07
 23  52  0  0  0  3  4.900600e-01  1.000000e-07
 24  51  0 -1  0  3  3.768357e-01  1.000000e-07
 24  32  0 -1  0  3  4.923654e-01  1.000000e-07
 24  22  0  0  0  3  2.090358e-01  1.000000e-07
 28  51  0  0  0  3  2.910519e-01  1.000000e-07
 28  29 -1  0  0  3  2.296547e-01  1.000000e-07
 28  32  0  0  0  3  2.339998e-01  1.000000e-07
 28  30  0  0  0  3  1.005966e-01  1.000000e-07
 51  31 -1  0  0  3  3.836631e-01  1.000000e-07
 51  29 -1  0  0  3  3.561143e-01  1.000000e-07
 31  29  0  0  0  3  2.807422e-01  1.000000e-07
 31  52  0  0  0  3  1.682832e-01  1.000000e-07
 31  30  1  0  0  3  4.892143e-01  1.000000e-07
 29  52  0  0  0  3  3.668411e-01  1.000000e-07
 29  30  1  0  0  3  3.080065e-01  1.000000e-07
 32  22  0  1  0  3  5.166452e-01  1.000000e-07
 32  52  0  0  0  3  2.678088e-01  1.000000e-07
 32  30  0  0  0  3  1.970465e-01  1.000000e-07
 13  87  0  0  0  3  2.073315e-01  1.000000e-07
 3  81  0 -1  0  3  2.834313e-01  1.000000e-07
 21  47  0  0  0  3  2.481699e-01  1.000000e-07
 10  50  0  0  0  3  2.004404e-01  1.000000e-07
 19  48  0  0  0  3  2.233232e-01  1.000000e-07
 9  51  0  0  0  3  2.687835e-01  1.000000e-07
 80  77  0  0  0  3  2.182076e-01  1.000000e-07
 73  31  0  0  0  3  2.573764e-01  1.000000e-07
 13  71  0  0  0  3  2.257562e-01  1.000000e-07
 60  50  0  0  0  3  3.056556e-01  1.000000e-07
 89  62  0  0  0  3  4.223586e-01  1.000000e-07
 61  26  0  0  0  3  1.563342e-01  1.000000e-07
 18  85  0  0  0  3  1.608172e-01  1.000000e-07
 70  88  0  0  0  3  1.740128e-01  1.000000e-07
 12  57  0  0  0  3  4.427973e-01  1.000000e-07
 63  26  0  0  0  3  1.840141e-01  1.000000e-07
 13  72  0  0  0  3  1.813667e-01  1.000000e-07
 69  22  0  0  0  3  2.191355e-01  1.000000e-07
 13  56  0  0  0  3  2.354237e-01  1.000000e-07
 64  52  0  0  0  3  3.271460e-01  1.000000e-07
 80  5  0  0  0  3  2.545529e-01  1.000000e-07
 77  81  0  0  0  3  2.548036e-01  1.000000e-07
 16  48  0  0  0  3  2.645866e-01  1.000000e-07
 74  51  0  0  0  3  2.450427e-01  1.000000e-07
 16  68  0  0  0  3  2.550192e-01  1.000000e-07
 11  52  0  0  0  3  2.451264e-01  1.000000e-07
 17  84  0  0  0  3  2.171184e-01  1.000000e-07
 58  51  0 -1  0  3  2.112535e-01  1.000000e-07
 19  46  0  0  0  3  2.461229e-01  1.000000e-07
 59  22  0  0  0  3  2.673177e-01  1.000000e-07
 13  87  0  0  0  3  1.932180e-01  1.000000e-07
 70  88  0  0  0  3  2.092950e-01  1.000000e-07
 14  45  0  0  0  3  3.671708e-01  1.000000e-07
 62  26  0  0  0  3  1.320628e-01  1.000000e-07
 79  55  1  0  0  3  4.249092e-01  1.000000e-07
 46  22  0  0  0  3  2.072890e-01  1.000000e-07
 17  83 -1  0  0  3  3.137210e-01  1.000000e-07
 86  88  0  0  0  3  2.469529e-01  1.000000e-07
 21  67 -1  0  0  3  3.620016e-01  1.000000e-07
 61  26  0  0  0  3  1.847410e-01  1.000000e-07
 19  49  0  0  0  3  1.777759e-01  1.000000e-07
 53  32  0  0  0  3  2.368493e-01  1.000000e-07
 12  86  0  0  0  3  3.025139e-01  1.000000e-07
 85  88  0  0  0  3  1.591819e-01  1.000000e-07
 89  2  0  0  0  3  3.552228e-01  1.000000e-07
 54  88  0  0  0  3  1.664852e-01  1.000000e-07
 19  49  0  0  0  3  1.593069e-01  1.000000e-07
 47  30  0  0  0  3  1.898736e-01  1.000000e-07
 18  70  0  0  0  3  1.678947e-01  1.000000e-07
 87  81  0 -1  0  3  2.292751e-01  1.000000e-07
 16  49  0  0  0  3  2.364926e-01  1.000000e-07
 53  30  0  0  0  3  2.168967e-01  1.000000e-07
 19  44  0  0  0  3  2.349388e-01  1.000000e-07
 7  52  0  0  0  3  2.934719e-01  1.000000e-07
 19  49  0  0  0  3  1.599756e-01  1.000000e-07
 53  50  0  0  0  3  1.947004e-01  1.000000e-07
 21  48  0  0  0  3  2.892298e-01  1.000000e-07
 9  51  0  0  0  3  2.310121e-01  1.000000e-07
 17  82  0  0  0  3  2.093357e-01  1.000000e-07
 58  22  0  0  0  3  1.838051e-01  1.000000e-07
 43  60  0  0  0  3  2.974884e-01  1.000000e-07
 69  22  0  0  0  3  2.139872e-01  1.000000e-07
 43  53  0  0  0  3  2.674270e-01  1.000000e-07
 7  50  0  0  0  3  2.155562e-01  1.000000e-07
 79  54  0  0  0  3  4.173885e-01  1.000000e-07
 0  88  0  0  0  3  1.825479e-01  1.000000e-07
 2  87  0  0  0  2  2.646511e-01  2.000000e-07
 2  83  0  0  0  2  2.158457e-01  2.000000e-07
 2  63  0  0  0  2  1.703292e-01  2.000000e-07
 2  60  0  0  0  2  4.562128e-01  2.000000e-07
 2  64  0  0  0  2  2.006753e-01  2.000000e-07
 2  61  0  0  0  2  2.434323e-01  2.000000e-07
 2  0  0  0  0  2  9.679269e-02  2.000000e-07
 2  66  0  0  0  2  2.538937e-01  2.000000e-07
 2  1  0  0  0  2  1.500092e-01  2.000000e-07
 2  85  0  0  0  2  1.763915e-01  2.000000e-07
 2  86  0  0  0  2  1.449445e-01  2.000000e-07
 2  56  0  0  0  2  1.898514e-01  2.000000e-07
 2  54  0  0  0  2  7.686564e-02  2.000000e-07
 2  62  0  0  0  2  2.625631e-01  2.000000e-07
 2  57  0  0  0  2  1.075909e-01  2.000000e-07
 87  3  0  0  0  2  6.020566e-02  2.000000e-07
 87  84  0  0  0  2  3.942957e-01  2.000000e-07
 87  68  0 -1  0  2  3.650378e-01  2.000000e-07
 87  69  0  0  0  2  3.235195e-01  2.000000e-07
 87  59  0  0  0  2  3.688203e-01  2.000000e-07
 87  60  0  0  0  2  3.262388e-01  2.000000e-07
 87  75  0 -1  0  2  3.673785e-01  2.000000e-07
 87  5  0 -1  0  2  3.454388e-01  2.000000e-07
 87  64  0  0  0  2  2.413265e-01  2.000000e-07
 87  65  0 -1  0  2  4.428938e-01  2.000000e-07
 87  76  0 -1  0  2  3.117194e-01  2.000000e-07
 87  85  0  0  0  2  2.058616e-01  2.000000e-07
 87  86  0  0  0  2  2.877644e-01  2.000000e-07
 87  56  0  0  0  2  2.448717e-01  2.000000e-07
 87  72  0  0  0  2  2.597148e-01  2.000000e-07
 87  77  0 -1  0  2  3.907907e-01  2.000000e-07
 87  62  0  0  0  2  4.470066e-01  2.000000e-07
 87  57  0  0  0  2  3.443685e-01  2.000000e-07
 44  68  0  0  0  2  2.186384e-01  2.000000e-07
 44  11  0  0  0  2  8.059744e-02  2.000000e-07
 44  60  0  0  0  2  3.281046e-01  2.000000e-07
 44  53  0  0  0  2  1.262538e-01  2.000000e-07
 44  76  0  0  0  2  2.487543e-01  2.000000e-07
 44  49  0  0  0  2  1.760027e-01  2.000000e-07
 44  56  0  0  0  2  2.315251e-01  2.000000e-07
 44  6  0  0  0  2  1.748419e-01  2.000000e-07
 44  62  0  0  0  2  1.890668e-01  2.000000e-07
 83  84  1  0  0  2  3.052933e-01  2.000000e-07
 83  4  0  0  0  2  1.014685e-01  2.000000e-07
 83  64  0  0  0  2  3.953532e-01  2.000000e-07
 83  46  1  0  0  2  3.742254e-01  2.000000e-07
 83  65  0 -1  0  2  2.454201e-01  2.000000e-07
 83  0  0  0  0  2  1.220861e-01  2.000000e-07
 83  66  0  0  0  2  2.446308e-01  2.000000e-07
 83  1  0  0  0  2  1.339452e-01  2.000000e-07
 83  85  0  0  0  2  1.135187e-01  2.000000e-07
 83  54  0  0  0  2  1.397943e-01  2.000000e-07
 83  77  0 -1  0  2  3.031835e-01  2.000000e-07
 83  82  1  0  0  2  3.091445e-01  2.000000e-07
 8  9  1  0  0  2  2.278844e-01  2.000000e-07
 8  63  0  0  0  2  2.985802e-01  2.000000e-07
 8  45  0  0  0  2  1.949951e-01  2.000000e-07
 8  68  0  0  0  2  3.390133e-01  2.000000e-07
 8  11  0  0  0  2  4.092669e-01  2.000000e-07
 8  47  1  0  0  2  2.659665e-01  2.000000e-07
 8  65  0  0  0  2  1.662072e-01  2.000000e-07
 8  48  1  0  0  2  2.491470e-01  2.000000e-07
 8  66  0  0  0  2  3.884278e-01  2.000000e-07
 8  73  0  0  0  2  6.535196e-02  2.000000e-07
 8  77  0  0  0  2  1.435875e-01  2.000000e-07
 8  78  0  0  0  2  4.307537e-02  2.000000e-07
 8  10  1  0  0  2  2.717797e-01  2.000000e-07
 3  69  0  0  0  2  2.763969e-01  2.000000e-07
 3  74  0 -1  0  2  2.395346e-01  2.000000e-07
 3  70  0  0  0  2  1.546467e-01  2.000000e-07
 3  5  0 -1  0  2  3.871163e-01  2.000000e-07
 3  76  0 -1  0  2  2.877028e-01  2.000000e-07
 3  71  0  0  0  2  3.041110e-01  2.000000e-07
 3  86  0  0  0  2  3.477442e-01  2.000000e-07
 3  56  0  0  0  2  2.630377e-01  2.000000e-07
 3  72  0  0  0  2  2.050342e-01  2.000000e-07
 3  82  0  0  0  2  3.294033e-01  2.000000e-07
 3  57  0  0  0  2  3.863647e-01  2.000000e-07
 84  58  0  0  0  2  1.205231e-01  2.000000e-07
 84  68  0 -1  0  2  5.155423e-01  2.000000e-07
 84  4 -1  0  0  2  3.696620e-01  2.000000e-07
 84  59  0  0  0  2  2.576420e-01  2.000000e-07
 84  74  0 -1  0  2  2.300940e-01  2.000000e-07
 84  60  0  0  0  2  2.767868e-01  2.000000e-07
 84  75  0 -1  0  2  5.327388e-01  2.000000e-07
 84  64  0  0  0  2  4.902359e-01  2.000000e-07
 84  46  0  0  0  2  2.707039e-01  2.000000e-07
 84  47  0 -1  0  2  4.045104e-01  2.000000e-07
 84  65 -1 -1  0  2  2.708335e-01  2.000000e-07
 84  48  0 -1  0  2  2.952446e-01  2.000000e-07
 84  66 -1  0  0  2  3.491086e-01  2.000000e-07
 84  76  0 -1  0  2  3.668905e-01  2.000000e-07
 84  1 -1  0  0  2  3.563317e-01  2.000000e-07
 84  85  0  0  0  2  5.993576e-01  2.000000e-07
 84  73 -1 -1  0  2  3.534385e-01  2.000000e-07
 84  72  0  0  0  2  1.809788e-01  2.000000e-07
 84  77 -1 -1  0  2  4.011100e-01  2.000000e-07
 84  82  0  0  0  2  1.438811e-01  2.000000e-07
 84  78 -1 -1  0  2  4.146387e-01  2.000000e-07
 84  55  0  0  0  2  2.479341e-01  2.000000e-07
 58  9  0 -1  0  2  4.778846e-01  2.000000e-07
 58  67 -1  0  0  2  5.519626e-01  2.000000e-07
 58  69  0  0  0  2  1.473196e-01  2.000000e-07
 58  4 -1  0  0  2  3.595316e-01  2.000000e-07
 58  74  0 -1  0  2  3.287421e-01  2.000000e-07
 58  5 -1 -1  0  2  4.216363e-01  2.000000e-07
 58  46  0  0  0  2  1.609491e-01  2.000000e-07
 58  65 -1 -1  0  2  3.356991e-01  2.000000e-07
 58  71  0  0  0  2  3.540809e-01  2.000000e-07
 58  86 -1  0  0  2  3.118573e-01  2.000000e-07
 58  49  0  0  0  2  4.748367e-01  2.000000e-07
 58  73 -1 -1  0  2  4.325225e-01  2.000000e-07
 58  72  0  0  0  2  1.576410e-01  2.000000e-07
 58  54 -1  0  0  2  3.582687e-01  2.000000e-07
 58  82  0  0  0  2  4.269508e-02  2.000000e-07
 58  55  0  0  0  2  1.390863e-01  2.000000e-07
 58  10  0  0  0  2  3.869364e-01  2.000000e-07
 9  67 -1  0  0  2  2.801052e-01  2.000000e-07
 9  74  0  0  0  2  3.021881e-01  2.000000e-07
 9  53  0  0  0  2  2.341802e-01  2.000000e-07
 9  47  0  0  0  2  5.230993e-02  2.000000e-07
 9  65 -1  0  0  2  2.971332e-01  2.000000e-07
 9  48  0  0  0  2  6.908984e-02  2.000000e-07
 9  76  0  0  0  2  3.312708e-01  2.000000e-07
 9  49  0  0  0  2  1.609147e-01  2.000000e-07
 9  73 -1  0  0  2  2.577233e-01  2.000000e-07
 9  72  0  1  0  2  5.037602e-01  2.000000e-07
 9  78 -1  0  0  2  2.024575e-01  2.000000e-07
 9  10  0  0  0  2  1.368514e-01  2.000000e-07
 67  11  0  0  0  2  3.350425e-01  2.000000e-07
 67  70  0  1  0  2  4.745154e-01  2.000000e-07
 67  75  0  0  0  2  2.838484e-01  2.000000e-07
 67  5  0  0  0  2  2.526292e-01  2.000000e-07
 67  46  1  0  0  2  4.655979e-01  2.000000e-07
 67  61  0  0  0  2  1.361091e-01  2.000000e-07
 67  49  1  0  0  2  4.221832e-01  2.000000e-07
 67  73  0  0  0  2  1.555814e-01  2.000000e-07
 67  54  0  0  0  2  4.058477e-01  2.000000e-07
 67  78  0  0  0  2  8.850923e-02  2.000000e-07
 67  10  1  0  0  2  2.744399e-01  2.000000e-07
 67  57  0  0  0  2  2.759073e-01  2.000000e-07
 63  45  0  0  0  2  2.502562e-01  2.000000e-07
 63  68  0  0  0  2  3.825266e-01  2.000000e-07
 63  47  1  0  0  2  4.010211e-01  2.000000e-07
 63  66  0  0  0  2  1.940952e-01  2.000000e-07
 63  1  0  0  0  2  1.937838e-01  2.000000e-07
 63  86  0  0  0  2  2.598773e-01  2.000000e-07
 63  73  0  0  0  2  3.572596e-01  2.000000e-07
 63  55  1  0  0  2  4.048672e-01  2.000000e-07
 63  10  1  0  0  2  3.217594e-01  2.000000e-07
 63  62  0  0  0  2  1.994454e-01  2.000000e-07
 63  57  0  0  0  2  1.026130e-01  2.000000e-07
 45  68  0  0  0  2  1.630255e-01  2.000000e-07
 45  75  0  0  0  2  1.442085e-01  2.000000e-07
 45  61  0  0  0  2  1.508698e-01  2.000000e-07
 45  66  0  0  0  2  4.210434e-01  2.000000e-07
 45  77  0  0  0  2  1.730477e-01  2.000000e-07
 45  78  0  0  0  2  2.107768e-01  2.000000e-07
 45  62  0  0  0  2  1.589384e-01  2.000000e-07
 68  11  0  0  0  2  1.683211e-01  2.000000e-07
 68  75  0  0  0  2  2.096379e-02  2.000000e-07
 68  5  0  0  0  2  2.717700e-01  2.000000e-07
 68  53  0  0  0  2  3.196276e-01  2.000000e-07
 68  47  0  0  0  2  4.251315e-01  2.000000e-07
 68  65  0  0  0  2  3.808511e-01  2.000000e-07
 68  48  0  0  0  2  4.132291e-01  2.000000e-07
 68  76  0  0  0  2  1.507317e-01  2.000000e-07
 68  85  0  1  0  2  4.138529e-01  2.000000e-07
 68  73  0  0  0  2  3.314411e-01  2.000000e-07
 68  77  0  0  0  2  2.515880e-01  2.000000e-07
 68  62  0  0  0  2  2.104945e-01  2.000000e-07
 11  74  0  0  0  2  3.749346e-01  2.000000e-07
 11  70  0  1  0  2  4.836385e-01  2.000000e-07
 11  75  0  0  0  2  1.753186e-01  2.000000e-07
 11  61  0  0  0  2  2.472505e-01  2.000000e-07
 11  76  0  0  0  2  2.470664e-01  2.000000e-07
 11  7  0  0  0  2  1.516030e-01  2.000000e-07
 11  49  0  0  0  2  2.503049e-01  2.000000e-07
 11  56  0  0  0  2  2.301290e-01  2.000000e-07
 11  73  0  0  0  2  4.271433e-01  2.000000e-07
 11  6  0  0  0  2  1.730484e-01  2.000000e-07
 11  62  0  0  0  2  1.159620e-01  2.000000e-07
 11  57  0  0  0  2  2.591501e-01  2.000000e-07
 69  60  0  0  0  2  5.039680e-02  2.000000e-07
 69  53  0  0  0  2  3.081130e-01  2.000000e-07
 69  71  0  0  0  2  2.075727e-01  2.000000e-07
 69  49  0  0  0  2  3.644170e-01  2.000000e-07
 69  56  0  0  0  2  3.161619e-01  2.000000e-07
 69  72  0  0  0  2  9.242782e-02  2.000000e-07
 69  6  0  0  0  2  3.281218e-01  2.000000e-07
 69  55  0  0  0  2  7.544236e-02  2.000000e-07
 4  67  0 -1  0  2  4.266202e-01  2.000000e-07
 4  74  0 -1  0  2  4.705465e-01  2.000000e-07
 4  70  0  0  0  2  1.530427e-01  2.000000e-07
 4  75  0 -1  0  2  3.665859e-01  2.000000e-07
 4  5  0 -1  0  2  1.743234e-01  2.000000e-07
 4  64  0  0  0  2  3.826804e-01  2.000000e-07
 4  85  0  0  0  2  7.174880e-02  2.000000e-07
 4  73  0 -1  0  2  2.957997e-01  2.000000e-07
 4  54  0  0  0  2  1.821967e-01  2.000000e-07
 4  77  0 -1  0  2  2.345091e-01  2.000000e-07
 4  82  1  0  0  2  3.998498e-01  2.000000e-07
 4  78  0 -1  0  2  4.019805e-01  2.000000e-07
 59  60  0  0  0  2  5.101644e-02  2.000000e-07
 59  64  0  0  0  2  3.192758e-01  2.000000e-07
 59  46  0  0  0  2  3.824414e-02  2.000000e-07
 59  47  0  0  0  2  3.512773e-01  2.000000e-07
 59  65 -1 -1  0  2  4.943601e-01  2.000000e-07
 59  48  0  0  0  2  4.597552e-01  2.000000e-07
 59  66 -1  0  0  2  2.486208e-01  2.000000e-07
 59  1 -1  0  0  2  3.485479e-01  2.000000e-07
 59  71  0  0  0  2  2.042850e-01  2.000000e-07
 59  7  0  0  0  2  3.105742e-01  2.000000e-07
 59  55  0  0  0  2  3.519418e-02  2.000000e-07
 59  62  0  0  0  2  4.911702e-01  2.000000e-07
 74  70  0  1  0  2  3.279024e-01  2.000000e-07
 74  75  0  0  0  2  3.029477e-01  2.000000e-07
 74  64  0  1  0  2  4.845407e-01  2.000000e-07
 74  48  0  0  0  2  2.389273e-01  2.000000e-07
 74  76  0  0  0  2  1.373289e-01  2.000000e-07
 74  7  0  0  0  2  3.533985e-01  2.000000e-07
 74  49  0  0  0  2  3.025675e-01  2.000000e-07
 74  73 -1  0  0  2  4.507340e-01  2.000000e-07
 74  72  0  1  0  2  2.614927e-01  2.000000e-07
 74  82  0  1  0  2  3.289416e-01  2.000000e-07
 60  64  0  0  0  2  2.690207e-01  2.000000e-07
 60  53  0  0  0  2  2.589624e-01  2.000000e-07
 60  47  0  0  0  2  3.613083e-01  2.000000e-07
 60  65 -1 -1  0  2  5.273807e-01  2.000000e-07
 60  76  0 -1  0  2  5.069898e-01  2.000000e-07
 60  56  0  0  0  2  2.818480e-01  2.000000e-07
 60  72  0  0  0  2  1.300420e-01  2.000000e-07
 60  55  0  0  0  2  8.618316e-02  2.000000e-07
 60  10  0  0  0  2  2.971633e-01  2.000000e-07
 60  62  0  0  0  2  4.474747e-01  2.000000e-07
 70  75  0 -1  0  2  3.126137e-01  2.000000e-07
 70  5  0 -1  0  2  2.436426e-01  2.000000e-07
 70  64  0  0  0  2  3.094546e-01  2.000000e-07
 70  76  0 -1  0  2  3.080300e-01  2.000000e-07
 70  71  0  0  0  2  4.076513e-01  2.000000e-07
 70  86  0  0  0  2  2.278954e-01  2.000000e-07
 70  56  0  0  0  2  3.092913e-01  2.000000e-07
 70  54  0  0  0  2  2.395798e-01  2.000000e-07
 70  82  0  0  0  2  4.840420e-01  2.000000e-07
 70  6  0  0  0  2  3.673075e-01  2.000000e-07
 70  57  0  0  0  2  3.589517e-01  2.000000e-07
 75  64  0  0  0  2  4.005361e-01  2.000000e-07
 75  64  0  1  0  2  6.077001e-01  2.000000e-07
 75  47  0  0  0  2  4.454792e-01  2.000000e-07
 75  61  0  0  0  2  2.737109e-01  2.000000e-07
 75  48  0  0  0  2  4.341917e-01  2.000000e-07
 75  85  0  1  0  2  4.054258e-01  2.000000e-07
 75  7  0  0  0  2  2.873729e-01  2.000000e-07
 75  77  0  0  0  2  2.318136e-01  2.000000e-07
 75  78  0  0  0  2  3.434983e-01  2.000000e-07
 75  62  0  0  0  2  2.052811e-01  2.000000e-07
 5  65  0  0  0  2  1.203749e-01  2.000000e-07
 5  76  0  0  0  2  3.732483e-01  2.000000e-07
 5  86  0  1  0  2  2.975561e-01  2.000000e-07
 5  73  0  0  0  2  1.375511e-01  2.000000e-07
 5  54  0  1  0  2  3.558976e-01  2.000000e-07
 5  78  0  0  0  2  2.372652e-01  2.000000e-07
 64  46  0  0  0  2  3.486454e-01  2.000000e-07
 64  61  0  0  0  2  3.034736e-01  2.000000e-07
 64  85  0  0  0  2  3.122158e-01  2.000000e-07
 64  71  0  0  0  2  1.418247e-01  2.000000e-07
 64  7  0  0  0  2  2.554466e-01  2.000000e-07
 64  54  0  0  0  2  2.699876e-01  2.000000e-07
 64  82  0  0  0  2  4.048529e-01  2.000000e-07
 64  6  0  0  0  2  6.020713e-02  2.000000e-07
 64  62  0  0  0  2  2.219099e-01  2.000000e-07
 53  47  0  0  0  2  1.871327e-01  2.000000e-07
 53  76  0  0  0  2  2.926894e-01  2.000000e-07
 53  49  0  0  0  2  7.963387e-02  2.000000e-07
 53  56  0  0  0  2  2.899526e-01  2.000000e-07
 53  6  0  0  0  2  2.452485e-01  2.000000e-07
 53  55  0  0  0  2  2.940200e-01  2.000000e-07
 53  10  0  0  0  2  2.094642e-01  2.000000e-07
 53  62  0  0  0  2  3.124609e-01  2.000000e-07
 46  61 -1  0  0  2  4.723770e-01  2.000000e-07
 46  48  0  0  0  2  4.370821e-01  2.000000e-07
 46  66 -1  0  0  2  2.127858e-01  2.000000e-07
 46  71  0  0  0  2  2.254882e-01  2.000000e-07
 46  7  0  0  0  2  3.130469e-01  2.000000e-07
 46  49  0  0  0  2  3.140917e-01  2.000000e-07
 46  54 -1  0  0  2  4.113784e-01  2.000000e-07
 46  82  0  0  0  2  1.272000e-01  2.000000e-07
 46  78 -1  0  0  2  4.549867e-01  2.000000e-07
 46  10  0  0  0  2  2.464615e-01  2.000000e-07
 47  65 -1  0  0  2  3.481449e-01  2.000000e-07
 47  48  0  0  0  2  1.092702e-01  2.000000e-07
 47  66 -1  0  0  2  3.488167e-01  2.000000e-07
 47  76  0  0  0  2  3.284651e-01  2.000000e-07
 47  7  0  0  0  2  2.315342e-01  2.000000e-07
 47  78 -1  0  0  2  2.351411e-01  2.000000e-07
 47  55  0  0  0  2  3.503739e-01  2.000000e-07
 47  10  0  0  0  2  1.020142e-01  2.000000e-07
 47  62  0  0  0  2  4.839067e-01  2.000000e-07
 61  66  0  0  0  2  2.815751e-01  2.000000e-07
 61  7  0  0  0  2  3.921922e-01  2.000000e-07
 61  54  0  0  0  2  2.937617e-01  2.000000e-07
 61  6  0  0  0  2  2.714304e-01  2.000000e-07
 61  78  0  0  0  2  2.220244e-01  2.000000e-07
 61  62  0  0  0  2  1.336082e-01  2.000000e-07
 61  57  0  0  0  2  1.429360e-01  2.000000e-07
 65  48  1  0  0  2  2.764113e-01  2.000000e-07
 65  76  1  0  0  2  5.196944e-01  2.000000e-07
 65  1  0  1  0  2  3.734844e-01  2.000000e-07
 65  85  0  1  0  2  2.928765e-01  2.000000e-07
 65  86  0  1  0  2  3.131455e-01  2.000000e-07
 65  73  0  0  0  2  1.037653e-01  2.000000e-07
 65  72  1  1  0  2  4.505918e-01  2.000000e-07
 65  77  0  0  0  2  1.305444e-01  2.000000e-07
 65  55  1  1  0  2  4.719896e-01  2.000000e-07
 48  66 -1  0  0  2  4.438870e-01  2.000000e-07
 48  76  0  0  0  2  2.870131e-01  2.000000e-07
 48  7  0  0  0  2  2.903806e-01  2.000000e-07
 48  49  0  0  0  2  1.812249e-01  2.000000e-07
 48  73 -1  0  0  2  2.621727e-01  2.000000e-07
 48  78 -1  0  0  2  2.343457e-01  2.000000e-07
 0  66  0  0  0  2  2.077848e-01  2.000000e-07
 0  1  0  0  0  2  7.757440e-02  2.000000e-07
 0  85  0  0  0  2  1.235471e-01  2.000000e-07
 0  54  0  0  0  2  2.083002e-02  2.000000e-07
 66  1  0  0  0  2  1.324854e-01  2.000000e-07
 66  54  0  0  0  2  2.196132e-01  2.000000e-07
 66  78  0  0  0  2  3.482933e-01  2.000000e-07
 66  55  1  0  0  2  2.152079e-01  2.000000e-07
 66  10  1  0  0  2  2.474007e-01  2.000000e-07
 66  62  0  0  0  2  3.934920e-01  2.000000e-07
 76  49  0  0  0  2  2.596187e-01  2.000000e-07
 76  72  0  1  0  2  3.810133e-01  2.000000e-07
 1  85  0  0  0  2  1.872647e-01  2.000000e-07
 1  86  0  0  0  2  9.281953e-02  2.000000e-07
 1  55  1  0  0  2  3.133537e-01  2.000000e-07
 1  57  0  0  0  2  2.112180e-01  2.000000e-07
 85  86  0  0  0  2  9.573374e-02  2.000000e-07
 85  77  0 -1  0  2  3.015061e-01  2.000000e-07
 71  7  0  0  0  2  1.653420e-01  2.000000e-07
 71  49  0  0  0  2  2.475881e-01  2.000000e-07
 71  56  0  0  0  2  1.527606e-01  2.000000e-07
 71  72  0  0  0  2  2.535864e-01  2.000000e-07
 71  82  0  0  0  2  3.115434e-01  2.000000e-07
 71  6  0  0  0  2  1.364870e-01  2.000000e-07
 86  55  1  0  0  2  3.798805e-01  2.000000e-07
 86  57  0  0  0  2  2.415459e-01  2.000000e-07
 7  49  0  0  0  2  1.136467e-01  2.000000e-07
 7  6  0  0  0  2  2.095959e-01  2.000000e-07
 7  62  0  0  0  2  2.586093e-01  2.000000e-07
 49  6  0  0  0  2  3.205993e-01  2.000000e-07
 49  10  0  0  0  2  1.753165e-01  2.000000e-07
 56  72  0  0  0  2  3.216985e-01  2.000000e-07
 56  54  0  0  0  2  2.602458e-01  2.000000e-07
 56  6  0  0  0  2  5.807736e-02  2.000000e-07
 56  62  0  0  0  2  2.130148e-01  2.000000e-07
 56  57  0  0  0  2  1.794089e-01  2.000000e-07
 73  78  0  0  0  2  1.067515e-01  2.000000e-07
 73  10  1  0  0  2  3.247285e-01  2.000000e-07
 73  57  0  0  0  2  4.281792e-01  2.000000e-07
 72  82  0  0  0  2  1.251206e-01  2.000000e-07
 72  55  0  0  0  2  1.611695e-01  2.000000e-07
 54  82  1  0  0  2  3.872521e-01  2.000000e-07
 54  6  0  0  0  2  2.997348e-01  2.000000e-07
 54  10  1  0  0  2  4.528281e-01  2.000000e-07
 54  57  0  0  0  2  1.737402e-01  2.000000e-07
 77  48  1  0  0  2  3.586463e-01  2.000000e-07
 77  78  0  0  0  2  1.855127e-01  2.000000e-07
 6  57  0  0  0  2  1.852881e-01  2.000000e-07
 78  49  1  0  0  2  3.550628e-01  2.000000e-07
 55  10  0  0  0  2  2.676845e-01  2.000000e-07
 55  57 -1  0  0  2  4.816562e-01  2.000000e-07
 10  57 -1  0  0  2  4.240898e-01  2.000000e-07
 62  57  0  0  0  2  1.606931e-01  2.000000e-07
 57  58  1  0  0  2  4.793607e-01  2.000000e-07
 2  87  0  0  0  1  2.646511e-01  3.000000e-07
 2  1  0  0  0  1  1.500092e-01  3.000000e-07
 2  85  0  0  0  1  1.763915e-01  3.000000e-07
 2  56  0  0  0  1  1.898514e-01  3.000000e-07
 2  54  0  0  0  1  7.686564e-02  3.000000e-07
 2  57  0  0  0  1  1.075909e-01  3.000000e-07
 87  3  0  0  0  1  6.020566e-02  3.000000e-07
 87  70  0  0  0  1  1.037628e-01  3.000000e-07
 87  64  0  0  0  1  2.413265e-01  3.000000e-07
 87  85  0  0  0  1  2.058616e-01  3.000000e-07
 87  56  0  0  0  1  2.448717e-01  3.000000e-07
 44  68  0  0  0  1  2.186384e-01  3.000000e-07
 44  11  0  0  0  1  8.059744e-02  3.000000e-07
 44  76  0  0  0  1  2.487543e-01  3.000000e-07
 44  71  0  0  0  1  1.827481e-01  3.000000e-07
 44  7  0  0  0  1  7.114132e-02  3.000000e-07
 44  6  0  0  0  1  1.748419e-01  3.000000e-07
 83  84  1  0  0  1  3.052933e-01  3.000000e-07
 83  58  1  0  0  1  2.712657e-01  3.000000e-07
 83  4  0  0  0  1  1.014685e-01  3.000000e-07
 83  65  0 -1  0  1  2.454201e-01  3.000000e-07
 83  1  0  0  0  1  1.339452e-01  3.000000e-07
 83  85  0  0  0  1  1.135187e-01  3.000000e-07
 8  67  0  0  0  1  1.003207e-01  3.000000e-07
 8  48  1  0  0  1  2.491470e-01  3.000000e-07
 8  73  0  0  0  1  6.535196e-02  3.000000e-07
 8  77  0  0  0  1  1.435875e-01  3.000000e-07
 3  74  0 -1  0  1  2.395346e-01  3.000000e-07
 3  70  0  0  0  1  1.546467e-01  3.000000e-07
 3  64  0  0  0  1  2.567631e-01  3.000000e-07
 3  71  0  0  0  1  3.041110e-01  3.000000e-07
 3  72  0  0  0  1  2.050342e-01  3.000000e-07
 84  58  0  0  0  1  1.205231e-01  3.000000e-07
 84  74  0 -1  0  1  2.300940e-01  3.000000e-07
 84  65 -1 -1  0  1  2.708335e-01  3.000000e-07
 84  72  0  0  0  1  1.809788e-01  3.000000e-07
 84  82  0  0  0  1  1.438811e-01  3.000000e-07
 58  66 -1  0  0  1  2.384995e-01  3.000000e-07
 58  55  0  0  0  1  1.390863e-01  3.000000e-07
 9  47  0  0  0  1  5.230993e-02  3.000000e-07
 9  48  0  0  0  1  6.908984e-02  3.000000e-07
 9  10  0  0  0  1  1.368514e-01  3.000000e-07
 67  63  0  0  0  1  2.017618e-01  3.000000e-07
 67  45  0  0  0  1  1.410912e-01  3.000000e-07
 67  77  0  0  0  1  1.928972e-01  3.000000e-07
 67  78  0  0  0  1  8.850923e-02  3.000000e-07
 67  10  1  0  0  1  2.744399e-01  3.000000e-07
 63  61  0  0  0  1  9.956805e-02  3.000000e-07
 63  66  0  0  0  1  1.940952e-01  3.000000e-07
 63  1  0  0  0  1  1.937838e-01  3.000000e-07
 63  10  1  0  0  1  3.217594e-01  3.000000e-07
 63  57  0  0  0  1  1.026130e-01  3.000000e-07
 45  61  0  0  0  1  1.508698e-01  3.000000e-07
 45  77  0  0  0  1  1.730477e-01  3.000000e-07
 45  62  0  0  0  1  1.589384e-01  3.000000e-07
 68  11  0  0  0  1  1.683211e-01  3.000000e-07
 68  70  0  1  0  1  3.158204e-01  3.000000e-07
 68  76  0  0  0  1  1.507317e-01  3.000000e-07
 11  75  0  0  0  1  1.753186e-01  3.000000e-07
 11  6  0  0  0  1  1.730484e-01  3.000000e-07
 11  62  0  0  0  1  1.159620e-01  3.000000e-07
 69  59  0  0  0  1  5.201736e-02  3.000000e-07
 69  60  0  0  0  1  5.039680e-02  3.000000e-07
 69  72  0  0  0  1  9.242782e-02  3.000000e-07
 69  82  0  0  0  1  1.046245e-01  3.000000e-07
 69  55  0  0  0  1  7.544236e-02  3.000000e-07
 4  70  0  0  0  1  1.530427e-01  3.000000e-07
 4  5  0 -1  0  1  1.743234e-01  3.000000e-07
 4  65  0 -1  0  1  2.218240e-01  3.000000e-07
 59  60  0  0  0  1  5.101644e-02  3.000000e-07
 74  48  0  0  0  1  2.389273e-01  3.000000e-07
 74  76  0  0  0  1  1.373289e-01  3.000000e-07
 74  72  0  1  0  1  2.614927e-01  3.000000e-07
 60  53  0  0  0  1  2.589624e-01  3.000000e-07
 60  46  0  0  0  1  8.568530e-02  3.000000e-07
 60  71  0  0  0  1  1.609235e-01  3.000000e-07
 60  72  0  0  0  1  1.300420e-01  3.000000e-07
 70  75  0 -1  0  1  3.126137e-01  3.000000e-07
 70  5  0 -1  0  1  2.436426e-01  3.000000e-07
 70  76  0 -1  0  1  3.080300e-01  3.000000e-07
 70  85  0  0  0  1  1.333102e-01  3.000000e-07
 75  5  0  0  0  1  2.540376e-01  3.000000e-07
 75  77  0  0  0  1  2.318136e-01  3.000000e-07
 75  62  0  0  0  1  2.052811e-01  3.000000e-07
 5  65  0  0  0  1  1.203749e-01  3.000000e-07
 5  77  0  0  0  1  6.020479e-02  3.000000e-07
 64  71  0  0  0  1  1.418247e-01  3.000000e-07
 64  6  0  0  0  1  6.020713e-02  3.000000e-07
 53  46  0  0  0  1  2.732131e-01  3.000000e-07
 53  71  0  0  0  1  1.688770e-01  3.000000e-07
 53  7  0  0  0  1  5.516806e-02  3.000000e-07
 53  10  0  0  0  1  2.094642e-01  3.000000e-07
 46  10  0  0  0  1  2.464615e-01  3.000000e-07
 47  48  0  0  0  1  1.092702e-01  3.000000e-07
 47  49  0  0  0  1  1.199253e-01  3.000000e-07
 47  10  0  0  0  1  1.020142e-01  3.000000e-07
 61  62  0  0  0  1  1.336082e-01  3.000000e-07
 65  73  0  0  0  1  1.037653e-01  3.000000e-07
 48  65 -1  0  0  1  2.764113e-01  3.000000e-07
 48  76  0  0  0  1  2.870131e-01  3.000000e-07
 48  49  0  0  0  1  1.812249e-01  3.000000e-07
 48  73 -1  0  0  1  2.621727e-01  3.000000e-07
 48  78 -1  0  0  1  2.343457e-01  3.000000e-07
 0  1  0  0  0  1  7.757440e-02  3.000000e-07
 0  86  0  0  0  1  5.202846e-02  3.000000e-07
 66  46  1  0  0  1  2.127858e-01  3.000000e-07
 66  1  0  0  0  1  1.324854e-01  3.000000e-07
 66  55  1  0  0  1  2.152079e-01  3.000000e-07
 66  10  1  0  0  1  2.474007e-01  3.000000e-07
 76  49  0  0  0  1  2.596187e-01  3.000000e-07
 1  58  1  0  0  1  2.763943e-01  3.000000e-07
 1  86  0  0  0  1  9.281953e-02  3.000000e-07
 1  54  0  0  0  1  9.310655e-02  3.000000e-07
 85  86  0  0  0  1  9.573374e-02  3.000000e-07
 85  54  0  0  0  1  1.255379e-01  3.000000e-07
 71  7  0  0  0  1  1.653420e-01  3.000000e-07
 71  6  0  0  0  1  1.364870e-01  3.000000e-07
 86  54  0  0  0  1  6.883178e-02  3.000000e-07
 7  49  0  0  0  1  1.136467e-01  3.000000e-07
 49  10  0  0  0  1  1.753165e-01  3.000000e-07
 56  6  0  0  0  1  5.807736e-02  3.000000e-07
 73  77  0  0  0  1  9.825536e-02  3.000000e-07
 72  82  0  0  0  1  1.251206e-01  3.000000e-07
 82  55  0  0  0  1  1.045129e-01  3.000000e-07
 6  57  0  0  0  1  1.852881e-01  3.000000e-07
 78  9  1  0  0  1  2.024575e-01  3.000000e-07
 78  10  1  0  0  1  2.315130e-01  3.000000e-07
 62  57  0  0  0  1  1.606931e-01  3.000000e-07
 2.691378e-01 -2.308279e-01  0
 3.417898e-01 -2.036345e-01  0
 1.963026e-01 -1.670795e-01  0
-4.873428e-02 -3.659810e-01  0
 2.530356e-01 -4.038223e-01  0
 2.760593e-01  4.233815e-01  0
 1.829939e-03 -5.421292e-02  0
-1.496156e-01  9.068257e-02  0
 3.830472e-01  2.612214e-01  0
-3.934249e-01  2.168751e-01  0
-4.131243e-01  8.144898e-02  0
-6.461817e-04  1.188178e-01  0
 2.952448e-01 -3.328295e-01  2.932608e-01
-6.916533e-02 -2.658777e-01  1.424594e-01
 9.714542e-02  2.943731e-01  3.388346e-01
-1.618828e-01  4.076495e-01  2.688643e-01
-1.470280e-01  2.971388e-01  2.059517e-01
-3.780667e-01 -3.934604e-01  1.960343e-01
 1.015375e-01 -3.844152e-01  1.426112e-01
-2.829423e-01  1.215461e-01  1.584786e-01
-4.209231e-01  8.021542e-02  4.499106e-01
-4.030568e-01  1.405954e-01  2.388072e-01
-3.170010e-01 -2.698128e-01 -1.721259e-01
-1.974546e-01 -2.014354e-01 -3.623383e-01
-2.411311e-01 -2.972438e-01 -3.649659e-01
-3.895551e-01 -2.251239e-01 -3.664393e-01
 1.863779e-01  1.240142e-01 -1.218709e-01
-3.025669e-01  1.599479e-01 -2.314093e-01
-3.523272e-01  1.674457e-01 -2.772026e-01
 4.349098e-01  1.468170e-01 -3.611529e-01
-3.097697e-01  1.448894e-01 -1.888864e-01
 2.184251e-01  2.677004e-01 -2.294800e-01
-1.419206e-01  2.456802e-01 -2.111396e-01
-3.914253e-01  1.285091e-01 -3.655115e-01
-4.123353e-01  8.781451e-02 -3.131354e-01
-2.399920e-01  1.046506e-01 -2.980518e-01
-3.737136e-01 -2.759127e-01  3.970279e-01
-1.929975e-01  9.768638e-02  3.937735e-01
-6.813618e-02 -3.364193e-01  2.444716e-01
 1.851988e-01  3.111981e-01  4.132490e-01
 4.094987e-01 -1.867529e-01 -4.163599e-01
-2.392922e-01  2.410688e-01 -4.213703e-01
 3.378947e-02  2.332125e-01  4.173567e-01
-1.178764e-01 -4.026569e-02  2.392922e-01
-7.918679e-02  1.007257e-01  0
 1.936423e-01  2.148654e-01  0
-3.436130e-01 -1.550071e-01  0
-3.663581e-01  1.721122e-01  0
-3.686210e-01  2.813590e-01  0
-2.496106e-01  1.446879e-01  0
-2.994624e-01  7.604387e-02 -1.928784e-01
-4.370975e-01  4.321139e-01 -1.907389e-01
 1.063663e-01  1.461738e-01 -1.979623e-01
-2.036679e-01  7.964318e-02  0
 2.504416e-01 -2.216441e-01  0
-3.459344e-01 -1.776659e-01  0
 1.499117e-02 -1.107794e-01  0
 1.870311e-01 -5.988884e-02  0
-4.011943e-01 -3.053035e-01  0
-3.108610e-01 -1.747535e-01  0
-2.598698e-01 -1.731470e-01  0
 2.421313e-01  7.200002e-02  0
 1.087920e-01  8.047105e-02  0
 2.813663e-01 -1.951183e-02  0
 2.661277e-03 -1.144143e-01  0
 3.963830e-01  4.268927e-01  0
 4.461700e-01 -1.220431e-01  0
 3.294026e-01  1.764482e-01  0
 4.460785e-02  2.809413e-01  0
-2.823421e-01 -2.182561e-01  0
 1.000539e-01 -4.081435e-01  0
-1.332375e-01 -7.384622e-02  0
-2.435845e-01 -3.021653e-01  0
 3.729997e-01  3.257964e-01  0
-1.913972e-01  4.416025e-01  0
 6.557060e-02  2.811506e-01  0
-8.975444e-02  3.492555e-01  0
 2.822652e-01  3.634974e-01  0
 4.042332e-01  2.237162e-01  0
 4.218336e-01 -3.340635e-02  3.528305e-01
 4.017630e-01  3.806616e-01  1.945566e-01
 7.442185e-02  4.077455e-01 -1.947483e-01
-3.667417e-01 -2.800867e-01  0
 3.293988e-01 -3.370053e-01  0
-3.778287e-01 -4.235400e-01  0
 2.160068e-01 -3.423670e-01  0
 2.880342e-01 -2.793035e-01  0
 1.057161e-02 -3.556112e-01  0
 2.027550e-01 -2.673588e-01 -1.543130e-01
 1.969226e-02 -1.978397e-01  3.292513e-01