 717  90  1.200000e-05  61 -2 -2
 52  80  0  0  0  3  2.172193e-01  1.000000e-07
 52  26  0  0  0  3  2.524347e-01  1.000000e-07
 52  19  0  0  0  3  3.352706e-01  1.000000e-07
 52  89  0 -1  0  3  5.085491e-01  1.000000e-07
 52  29  0  0  0  3  3.294058e-01  1.000000e-07
 52  34  0  0  0  3  4.622234e-01  1.000000e-07
 52  47  0 -1  0  3  4.646090e-01  1.000000e-07
 80  18  0  0  0  3  2.984428e-01  1.000000e-07
 80  26  0  0  0  3  3.697099e-01  1.000000e-07
 80  19  0  0  0  3  2.062999e-01  1.000000e-07
 80  36  0  0  0  3  4.331534e-01  1.000000e-07
 80  51  1  0  0  3  3.709962e-01  1.000000e-07
 80  39  0  0  0  3  2.080790e-01  1.000000e-07
 80  40  0  0  0  3  7.227353e-02  1.000000e-07
 17  18  0  0  0  3  3.145570e-01  1.000000e-07
 17  19  0  1  0  3  3.393351e-01  1.000000e-07
 17  89  0  0  0  3  2.150160e-01  1.000000e-07
 17  47  0  0  0  3  1.325354e-01  1.000000e-07
 17  50  0  0  1  3  4.470227e-01  1.000000e-07
 17  25  1  0  1  3  3.691983e-01  1.000000e-07
 17  81  0  0  1  3  3.040549e-01  1.000000e-07
 17  88  0  0  1  3  4.827384e-01  1.000000e-07
 17  45  1  0  1  3  3.741394e-01  1.000000e-07
 31  37  0  0  0  3  4.295727e-01  1.000000e-07
 31  32  0  0  0  3  3.745794e-01  1.000000e-07
 31  89  0  0  0  3  5.098417e-01  1.000000e-07
 31  47 -1  0  0  3  4.396234e-01  1.000000e-07
 31  51  0  1  0  3  3.536945e-01  1.000000e-07
 31  81  0  0  1  3  5.814927e-01  1.000000e-07
 31  42  0  1  1  3  6.511105e-01  1.000000e-07
 31  43  0  1  1  3  5.545521e-01  1.000000e-07
 31  38  0  1  1  3  6.331440e-01  1.000000e-07
 18  89  0  0  0  3  1.932333e-01  1.000000e-07
 18  40  0  0  0  3  3.332821e-01  1.000000e-07
 18  50  0  0  1  3  5.291794e-01  1.000000e-07
 18  88  0  0  1  3  5.259337e-01  1.000000e-07
 37  26  0  0  0  3  2.677654e-01  1.000000e-07
 37  29  0  0  0  3  4.366233e-01  1.000000e-07
 37  39  0  0  0  3  4.759319e-01  1.000000e-07
 37  40  0  0  0  3  4.461333e-01  1.000000e-07
 37  35  0  0  0  3  1.686325e-01  1.000000e-07
 37  27  0  0  1  3  3.698249e-01  1.000000e-07
 37  38  0  0  1  3  4.189873e-01  1.000000e-07
 37  45  0  0  1  3  4.186770e-01  1.000000e-07
 32  89 -1  0  0  3  2.371086e-01  1.000000e-07
 32  36  0  0  0  3  4.042336e-01  1.000000e-07
 32  47 -1  0  0  3  2.904820e-01  1.000000e-07
 32  51  0  1  0  3  4.368804e-01  1.000000e-07
 32  39 -1  0  0  3  2.803396e-01  1.000000e-07
 26  40  0  0  0  3  3.611256e-01  1.000000e-07
 26  38  0  0  1  3  5.063474e-01  1.000000e-07
 26  46  0  0  1  3  4.582769e-01  1.000000e-07
 19  89  0 -1  0  3  4.196311e-01  1.000000e-07
 19  47  0 -1  0  3  2.520044e-01  1.000000e-07
 19  51  1  0  0  3  3.466965e-01  1.000000e-07
 19  40  0  0  0  3  1.454757e-01  1.000000e-07
 19  43  1  0  1  3  4.920571e-01  1.000000e-07
 19  44  1  0  1  3  4.246796e-01  1.000000e-07
 29  39  0  0  0  3  2.765493e-01  1.000000e-07
 29  40  0  0  0  3  1.309207e-01  1.000000e-07
 29  28  0  0  1  3  3.929251e-01  1.000000e-07
 29  88  0  0  1  3  4.511638e-01  1.000000e-07
 29  38  0  0  1  3  3.774227e-01  1.000000e-07
 29  44  1  0  1  3  4.540656e-01  1.000000e-07
 29  46  0  0  1  3  4.156899e-01  1.000000e-07
 36  34  0  0  0  3  1.362108e-01  1.000000e-07
 36  33 -1  0  0  3  5.510919e-01  1.000000e-07
 36  40  0  0  0  3  4.297657e-01  1.000000e-07
 36  35  0  0  0  3  2.097184e-01  1.000000e-07
 36  43  0  0  1  3  3.935808e-01  1.000000e-07
 34  35  0  0  0  3  2.179909e-01  1.000000e-07
 33  51  1  0  0  3  4.007240e-01  1.000000e-07
 33  39  0  0  0  3  1.474636e-01  1.000000e-07
 33  35  1  0  0  3  4.721497e-01  1.000000e-07
 47  81  0  0  1  3  3.623527e-01  1.000000e-07
 47  23  1  0  1  3  4.560418e-01  1.000000e-07
 47  44  1  1  1  3  4.862891e-01  1.000000e-07
 47  45  1  0  1  3  4.440617e-01  1.000000e-07
 39  40  0  0  0  3  2.197767e-01  1.000000e-07
 39  35  1  0  0  3  3.832513e-01  1.000000e-07
 39  25  1  0  1  3  5.428678e-01  1.000000e-07
 35  43  0  0  1  3  3.090589e-01  1.000000e-07
 35  88 -1  0  1  3  5.339874e-01  1.000000e-07
 35  45  0  0  1  3  3.231382e-01  1.000000e-07
 35  46  0  0  1  3  3.545229e-01  1.000000e-07
 30  27  0  0  0  3  1.790668e-01  1.000000e-07
 30  41  0  0  0  3  2.533278e-01  1.000000e-07
 30  28  0  0  0  3  7.665341e-02  1.000000e-07
 30  42  0  0  0  3  3.489452e-01  1.000000e-07
 30  88  0  0  0  3  2.249662e-01  1.000000e-07
 30  46  0  0  0  3  2.234272e-01  1.000000e-07
 27  39  0  0 -1  3  5.133814e-01  1.000000e-07
 27  50  0  0  0  3  2.490361e-01  1.000000e-07
 27  49  0  0  0  3  3.798134e-01  1.000000e-07
 27  41  0  0  0  3  2.547927e-01  1.000000e-07
 27  88  0  0  0  3  2.755275e-01  1.000000e-07
 50  81  0  0  0  3  2.763640e-01  1.000000e-07
 50  23  0  0  0  3  4.626479e-01  1.000000e-07
 50  88  0  0  0  3  3.781771e-01  1.000000e-07
 50  38  0  1  0  3  4.995203e-01  1.000000e-07
 50  45  0  0  0  3  3.847046e-01  1.000000e-07
 49  25  0  0  0  3  1.826297e-01  1.000000e-07
 49  42  0  1  0  3  4.388097e-01  1.000000e-07
 49  43  0  0  0  3  4.630140e-01  1.000000e-07
 49  22  0  0  0  3  1.553184e-01  1.000000e-07
 49  21  0  0  0  3  3.886649e-01  1.000000e-07
 49  45  0  0  0  3  1.383033e-01  1.000000e-07
 49  24  0  0  0  3  2.088729e-01  1.000000e-07
 25  81 -1  0  0  3  3.591676e-01  1.000000e-07
 25  23  0  0  0  3  1.591200e-01  1.000000e-07
 25  48  0  0  0  3  2.043771e-01  1.000000e-07
 25  22  0  0  0  3  1.505552e-01  1.000000e-07
 25  24  0  0  0  3  1.997946e-01  1.000000e-07
 41  20  0  0  0  3  1.947032e-01  1.000000e-07
 41  38  0  0  0  3  2.061041e-01  1.000000e-07
 41  21  0  0  0  3  1.695167e-01  1.000000e-07
 81  23  1  0  0  3  3.708575e-01  1.000000e-07
 81  48  1  0  0  3  3.634082e-01  1.000000e-07
 81  44  1  1  0  3  4.277895e-01  1.000000e-07
 28  48  1 -1  0  3  5.679522e-01  1.000000e-07
 28  88  0  0  0  3  1.852967e-01  1.000000e-07
 28  38  0  0  0  3  1.967292e-01  1.000000e-07
 28  46  0  0  0  3  2.634833e-01  1.000000e-07
 42  22  0 -1  0  3  3.819244e-01  1.000000e-07
 42  20  0  0  0  3  3.390886e-01  1.000000e-07
 42  21  0  0  0  3  3.114843e-01  1.000000e-07
 42  44  0  0  0  3  3.675263e-01  1.000000e-07
 42  45  0 -1  0  3  4.804695e-01  1.000000e-07
 43  23  0 -1  0  3  4.087621e-01  1.000000e-07
 43  38  0  0  0  3  3.338664e-01  1.000000e-07
 43  21  0  0  0  3  2.178713e-01  1.000000e-07
 43  24  0  0  0  3  3.948103e-01  1.000000e-07
 23  48  0  0  0  3  7.467680e-02  1.000000e-07
 23  22  0  0  0  3  1.126828e-01  1.000000e-07
 23  45  0  0  0  3  1.852488e-01  1.000000e-07
 48  22  0  0  0  3  1.264002e-01  1.000000e-07
 48  20  0  1  0  3  4.245455e-01  1.000000e-07
 48  21  0  1  0  3  4.100009e-01  1.000000e-07
 48  44  0  1  0  3  2.614486e-01  1.000000e-07
 22  45  0  0  0  3  2.075254e-01  1.000000e-07
 22  24  0  0  0  3  2.583957e-01  1.000000e-07
 88  24  1  0  0  3  2.991489e-01  1.000000e-07
 88  46  0  0  0  3  3.562819e-01  1.000000e-07
 20  21  0  0  0  3  3.823069e-02  1.000000e-07
 20  44  0  0  0  3  2.601390e-01  1.000000e-07
 38  46  0  0  0  3  1.991693e-01  1.000000e-07
 21  44  0  0  0  3  2.413457e-01  1.000000e-07
 21  24  0  0  0  3  2.737237e-01  1.000000e-07
 21  46  0  0  0  3  3.384861e-01  1.000000e-07
 44  23  0 -1  0  3  2.931900e-01  1.000000e-07
 45  32  0  0 -1  3  3.935535e-01  1.000000e-07
 45  24  0  0  0  3  2.786318e-01  1.000000e-07
 45  46  0  0  0  3  4.365697e-01  1.000000e-07
 34  68  0  0  0  3  2.998995e-01  1.000000e-07
 69  49  0  0  0  3  2.390994e-01  1.000000e-07
 33  83  0  0  0  3  2.307891e-01  1.000000e-07
 86  28  0  0  0  3  2.111893e-01  1.000000e-07
 26  55  0  0  0  3  2.616012e-01  1.000000e-07
 60  41  0  0  0  3  1.494170e-01  1.000000e-07
 18  62  0  0  0  3  3.062515e-01  1.000000e-07
 83  30  0  0  0  3  1.953958e-01  1.000000e-07
 18  85  0  0  0  3  2.911246e-01  1.000000e-07
 65  27  0  0  0  3  2.690622e-01  1.000000e-07
 36  55  0  0  0  3  3.164278e-01  1.000000e-07
 65  41  0  0  0  3  1.485060e-01  1.000000e-07
 18  87  0  0  0  3  2.763349e-01  1.000000e-07
 79  88  0  0  0  3  2.252443e-01  1.000000e-07
 89  1  0  0  0  3  2.567060e-01  1.000000e-07
 87  25  1  0  0  3  2.678435e-01  1.000000e-07
 34  61  0  0  0  3  2.937410e-01  1.000000e-07
 65  27  0  0  0  3  2.636031e-01  1.000000e-07
 33  72  1  0  0  3  2.947939e-01  1.000000e-07
 59  24  0  0  0  3  1.927598e-01  1.000000e-07
 34  72  0  0  0  3  3.305008e-01  1.000000e-07
 68  24  0  0  0  3  1.712496e-01  1.000000e-07
 51  58  0  0  0  3  1.692071e-01  1.000000e-07
 56  44  0  0  0  3  3.172711e-01  1.000000e-07
 33  59  1  0  0  3  3.159304e-01  1.000000e-07
 82  20  0  0  0  3  1.827897e-01  1.000000e-07
 26  55  0  0  0  3  3.012753e-01  1.000000e-07
 82  20  0  0  0  3  1.494309e-01  1.000000e-07
 89  74  1  0  0  3  2.929477e-01  1.000000e-07
 63  48  0  0  0  3  2.505709e-01  1.000000e-07
 26  60  0  0  0  3  2.777356e-01  1.000000e-07
 55  42  0  0  0  3  1.275267e-01  1.000000e-07
 80  16  0  0  0  3  2.551113e-01  1.000000e-07
 86  28  0  0  0  3  2.054339e-01  1.000000e-07
 36  55  0  0  0  3  3.416820e-01  1.000000e-07
 82  20  0  0  0  3  1.392541e-01  1.000000e-07
 51  82  0  0  0  3  2.392787e-01  1.000000e-07
 56  20  0  0  0  3  1.852539e-01  1.000000e-07
 51  84 -1  0  0  3  1.982077e-01  1.000000e-07
 10  81  0 -1  0  3  3.934237e-01  1.000000e-07
 34  70  0  0  0  3  3.548466e-01  1.000000e-07
 71  22  0  0  0  3  2.059930e-01  1.000000e-07
 89  87  0  0  0  3  2.706125e-01  1.000000e-07
 0  88  0  0  0  3  2.542906e-01  1.000000e-07
 33  83  0  0  0  3  2.460429e-01  1.000000e-07
 86  30  0  0  0  3  1.923539e-01  1.000000e-07
 52  53  0  0  0  3  1.814798e-01  1.000000e-07
 60  41  0  0  0  3  2.070629e-01  1.000000e-07
 34  65  0  0  0  3  3.420086e-01  1.000000e-07
 62  30  0  0  0  3  2.118781e-01  1.000000e-07
 34  61  0  0  0  3  3.106749e-01  1.000000e-07
 55  41  0  0  0  3  1.640246e-01  1.000000e-07
 32  59  0  0  0  3  3.821864e-01  1.000000e-07
 82  20  0  0  0  3  1.614421e-01  1.000000e-07
 33  83  0  0  0  3  2.245592e-01  1.000000e-07
 86  88  0  0  0  3  2.242860e-01  1.000000e-07
 52  64  0  0  0  3  1.927695e-01  1.000000e-07
 57  50  0 -1  0  3  4.060030e-01  1.000000e-07
 32  70  0  0  0  3  3.298285e-01  1.000000e-07
 71  22  0  0  0  3  1.764095e-01  1.000000e-07
 51  84 -1  0  0  3  2.640279e-01  1.000000e-07
 54  28  0  0  0  3  3.233026e-01  1.000000e-07
 1  73  0  0  0  2  2.100425e-01  2.000000e-07
 1  63  1  0  0  2  3.902740e-01  2.000000e-07
 1  72  1  0  0  2  3.320519e-01  2.000000e-07
 1  66  0  0  0  2  2.929237e-01  2.000000e-07
 1  79  0  0  0  2  2.289360e-01  2.000000e-07
 1  75  0  0  0  2  2.374876e-01  2.000000e-07
 1  76  0  0  0  2  2.350445e-01  2.000000e-07
 1  87  0  0  0  2  9.684806e-02  2.000000e-07
 1  64  0  1  0  2  4.002940e-01  2.000000e-07
 1  70  1  0  0  2  3.868673e-01  2.000000e-07
 1  0  0  0  0  2  9.044504e-02  2.000000e-07
 10  54  0  0  0  2  1.207090e-02  2.000000e-07
 10  73  0 -1  0  2  2.980664e-01  2.000000e-07
 10  63  1 -1  0  2  3.575691e-01  2.000000e-07
 10  83  0  0  0  2  2.316822e-01  2.000000e-07
 10  79  0  0  0  2  3.026978e-01  2.000000e-07
 10  75  0 -1  0  2  3.641940e-01  2.000000e-07
 10  78  0  0  0  2  2.843141e-01  2.000000e-07
 10  15  0  0  0  2  2.682127e-02  2.000000e-07
 10  16  0  0  0  2  2.466901e-01  2.000000e-07
 10  57  0  0  0  2  2.871943e-01  2.000000e-07
 10  58  1  0  0  2  2.512709e-01  2.000000e-07
 10  82  1  0  0  2  2.579818e-01  2.000000e-07
 53  9  0 -1  0  2  5.317583e-01  2.000000e-07
 53  65  0  0  0  2  2.831141e-01  2.000000e-07
 53  12  0  0  0  2  1.052617e-01  2.000000e-07
 53  67  0 -1  0  2  4.570855e-01  2.000000e-07
 53  55  0  0  0  2  2.984971e-01  2.000000e-07
 53  56  0  0  0  2  4.038133e-01  2.000000e-07
 53  78  0  0  0  2  4.497024e-02  2.000000e-07
 53  76  0 -1  0  2  3.254863e-01  2.000000e-07
 53  86  0  0  0  2  2.282785e-01  2.000000e-07
 53  11  0  0  0  2  1.681839e-01  2.000000e-07
 53  84  0  0  0  2  2.724205e-01  2.000000e-07
 53  64  0  0  0  2  1.043024e-01  2.000000e-07
 53  14  0  0  0  2  2.019335e-01  2.000000e-07
 53  8  0 -1  0  2  4.807688e-01  2.000000e-07
 53  60  0  0  0  2  1.662219e-01  2.000000e-07
 9  73 -1  0  0  2  2.888812e-01  2.000000e-07
 9  63  0  0  0  2  4.136664e-02  2.000000e-07
 9  72  0  0  0  2  2.456508e-01  2.000000e-07
 9  4  0  0  0  2  2.481050e-01  2.000000e-07
 9  67  0  0  0  2  3.063776e-01  2.000000e-07
 9  55  0  1  0  2  3.902194e-01  2.000000e-07
 9  74  0  0  0  2  1.189221e-01  2.000000e-07
 9  56  0  1  0  2  2.743462e-01  2.000000e-07
 9  76  0  0  0  2  4.574059e-01  2.000000e-07
 9  68  0  0  0  2  2.804730e-01  2.000000e-07
 9  8  0  0  0  2  1.684995e-01  2.000000e-07
 9  71  0  0  0  2  2.202827e-01  2.000000e-07
 9  59  0  1  0  2  3.966757e-01  2.000000e-07
 9  3  0  0  0  2  2.672399e-01  2.000000e-07
 62  65  0  0  0  2  9.589523e-02  2.000000e-07
 62  61  0  0  0  2  2.395543e-01  2.000000e-07
 62  12  0  0  0  2  1.202622e-01  2.000000e-07
 62  83  0  0  0  2  1.250699e-01  2.000000e-07
 62  77  0  0  0  2  2.802980e-01  2.000000e-07
 62  67  0  0  0  2  4.130190e-01  2.000000e-07
 62  55  0  0  0  2  3.465392e-01  2.000000e-07
 62  2  0  0  0  2  3.251871e-01  2.000000e-07
 62  78  0  0  0  2  1.843855e-01  2.000000e-07
 62  86  0  0  0  2  1.613705e-01  2.000000e-07
 62  16  0  0  0  2  1.093237e-01  2.000000e-07
 62  87  0  0  0  2  2.907263e-01  2.000000e-07
 62  69  0  0  0  2  4.111979e-01  2.000000e-07
 62  71  0  0  0  2  5.231929e-01  2.000000e-07
 62  3  0  0  0  2  4.174850e-01  2.000000e-07
 54  63  1 -1  0  2  3.664036e-01  2.000000e-07
 54  83  0  0  0  2  2.215206e-01  2.000000e-07
 54  55  1  0  0  2  4.021457e-01  2.000000e-07
 54  79  0  0  0  2  3.002938e-01  2.000000e-07
 54  74  1 -1  0  2  3.265023e-01  2.000000e-07
 54  6  1 -1  0  2  5.277497e-01  2.000000e-07
 54  75  0 -1  0  2  3.584549e-01  2.000000e-07
 54  78  0  0  0  2  2.724611e-01  2.000000e-07
 54  16  0  0  0  2  2.349186e-01  2.000000e-07
 54  84  0  0  0  2  6.467612e-02  2.000000e-07
 54  69  1  0  0  2  6.320717e-01  2.000000e-07
 54  70  1  0  0  2  6.074518e-01  2.000000e-07
 54  58  1  0  0  2  2.631988e-01  2.000000e-07
 54  71  1  0  0  2  5.327946e-01  2.000000e-07
 54  59  1  0  0  2  1.798111e-01  2.000000e-07
 54  82  1  0  0  2  2.696228e-01  2.000000e-07
 73  63  1  0  0  2  2.664162e-01  2.000000e-07
 73  72  1  0  0  2  3.762686e-01  2.000000e-07
 73  66  0  0  0  2  4.085450e-01  2.000000e-07
 73  2  0  0  0  2  2.681697e-01  2.000000e-07
 73  74  1  0  0  2  1.712088e-01  2.000000e-07
 73  75  0  0  0  2  1.764282e-01  2.000000e-07
 73  56  1  1  0  2  4.085572e-01  2.000000e-07
 73  76  0  0  0  2  2.641879e-01  2.000000e-07
 73  15  0  1  0  2  3.203353e-01  2.000000e-07
 73  11  0  1  0  2  2.082937e-01  2.000000e-07
 73  87  0  0  0  2  3.038141e-01  2.000000e-07
 73  57  0  1  0  2  2.535394e-01  2.000000e-07
 73  64  0  1  0  2  2.852639e-01  2.000000e-07
 73  14  0  1  0  2  2.698547e-01  2.000000e-07
 73  8  1  0  0  2  4.476847e-01  2.000000e-07
 73  58  1  1  0  2  3.601380e-01  2.000000e-07
 65  61  0  0  0  2  1.439847e-01  2.000000e-07
 65  4  0  0  0  2  3.411935e-01  2.000000e-07
 65  66  0  0  0  2  2.655821e-01  2.000000e-07
 65  12  0  0  0  2  2.078654e-01  2.000000e-07
 65  67  0  0  0  2  3.217974e-01  2.000000e-07
 65  13  0  0  0  2  1.135925e-01  2.000000e-07
 65  55  0  0  0  2  3.275045e-01  2.000000e-07
 65  2  0  0  0  2  2.856831e-01  2.000000e-07
 65  79  0  0  0  2  3.510316e-01  2.000000e-07
 65  56  0  0  0  2  4.698105e-01  2.000000e-07
 65  86  0  0  0  2  2.522553e-01  2.000000e-07
 65  87  0  0  0  2  2.920012e-01  2.000000e-07
 65  68  0  0  0  2  3.377517e-01  2.000000e-07
 65  64  0  0  0  2  3.861908e-01  2.000000e-07
 65  14  0  0  0  2  3.712775e-01  2.000000e-07
 65  85  0  0  0  2  6.345156e-02  2.000000e-07
 65  59  0  0  0  2  5.152073e-01  2.000000e-07
 65  0  0  0  0  2  2.650469e-01  2.000000e-07
 65  3  0  0  0  2  3.216005e-01  2.000000e-07
 65  82  0  0  0  2  4.411570e-01  2.000000e-07
 65  60  0  0  0  2  3.413533e-01  2.000000e-07
 63  72  0  0  0  2  2.796805e-01  2.000000e-07
 63  5  0  0  0  2  3.408888e-01  2.000000e-07
 63  55  0  1  0  2  3.673781e-01  2.000000e-07
 63  2 -1  0  0  2  4.830964e-01  2.000000e-07
 63  74  0  0  0  2  9.575650e-02  2.000000e-07
 63  6  0  0  0  2  1.799967e-01  2.000000e-07
 63  75 -1  0  0  2  4.424882e-01  2.000000e-07
 63  56  0  1  0  2  2.437860e-01  2.000000e-07
 63  84 -1  1  0  2  3.525457e-01  2.000000e-07
 63  70  0  0  0  2  1.799788e-01  2.000000e-07
 63  8  0  0  0  2  2.056379e-01  2.000000e-07
 63  58  0  1  0  2  2.074449e-01  2.000000e-07
 63  0 -1  0  0  2  4.782379e-01  2.000000e-07
 72  61  0  0  0  2  3.347702e-01  2.000000e-07
 72  79 -1  0  0  2  2.571694e-01  2.000000e-07
 72  74  0  0  0  2  2.829791e-01  2.000000e-07
 72  87 -1  0  0  2  3.256200e-01  2.000000e-07
 72  68  0  0  0  2  1.419450e-01  2.000000e-07
 72  70  0  0  0  2  1.241737e-01  2.000000e-07
 72  8  0  0  0  2  2.357315e-01  2.000000e-07
 72  71  0  0  0  2  6.160431e-02  2.000000e-07
 72  59  0  0  0  2  3.705752e-01  2.000000e-07
 72  82  0  0  0  2  4.099351e-01  2.000000e-07
 61  5  0  0  0  2  3.902509e-01  2.000000e-07
 61  66  0  0  0  2  1.791804e-01  2.000000e-07
 61  83  0  0  0  2  3.528982e-01  2.000000e-07
 61  77  0  0  0  2  2.241977e-01  2.000000e-07
 61  13  0  0  0  2  2.536483e-01  2.000000e-07
 61  55  0  0  0  2  3.355101e-01  2.000000e-07
 61  16  0  0  0  2  3.478582e-01  2.000000e-07
 61  69  0  0  0  2  1.721433e-01  2.000000e-07
 61  70  0  0  0  2  3.283559e-01  2.000000e-07
 61  85  0  0  0  2  1.655536e-01  2.000000e-07
 61  82  0  0  0  2  4.153467e-01  2.000000e-07
 61  60  0  0  0  2  4.125277e-01  2.000000e-07
 4  66  0  0  0  2  1.764334e-01  2.000000e-07
 4  67  0  0  0  2  1.049457e-01  2.000000e-07
 4  76  0  0  0  2  3.103170e-01  2.000000e-07
 4  68  0  0  0  2  1.067325e-01  2.000000e-07
 4  8  0  0  0  2  9.346889e-02  2.000000e-07
 4  71  0  0  0  2  1.576300e-01  2.000000e-07
 5  66  0  0  0  2  2.238552e-01  2.000000e-07
 5  77  0  0  0  2  3.173840e-01  2.000000e-07
 5  75  0  0  0  2  2.175373e-01  2.000000e-07
 5  56  0  1  0  2  3.529752e-01  2.000000e-07
 5  7  0  0  0  2  5.025413e-02  2.000000e-07
 5  57  0  1  0  2  2.345458e-01  2.000000e-07
 5  64  0  1  0  2  2.114013e-01  2.000000e-07
 5  70  0  0  0  2  3.433398e-01  2.000000e-07
 5  8  0  0  0  2  2.221004e-01  2.000000e-07
 5  58  0  1  0  2  3.679086e-01  2.000000e-07
 5  60  0  1  0  2  2.014037e-01  2.000000e-07
 66  77  0  0  0  2  1.386892e-01  2.000000e-07
 66  67  0  0  0  2  8.607284e-02  2.000000e-07
 66  2  0  0  0  2  1.937460e-01  2.000000e-07
 66  75  0  0  0  2  2.755932e-01  2.000000e-07
 66  76  0  0  0  2  1.677478e-01  2.000000e-07
 66  87  0  0  0  2  3.084999e-01  2.000000e-07
 66  68  0  0  0  2  2.577042e-01  2.000000e-07
 66  64  0  1  0  2  3.808440e-01  2.000000e-07
 66  70  0  0  0  2  3.233305e-01  2.000000e-07
 66  8  0  0  0  2  2.250018e-01  2.000000e-07
 66  85  0  0  0  2  2.391817e-01  2.000000e-07
 66  0  0  0  0  2  2.410086e-01  2.000000e-07
 66  3  0  0  0  2  1.717671e-01  2.000000e-07
 12  83  0  0  0  2  1.344691e-01  2.000000e-07
 12  55  0  0  0  2  3.409251e-01  2.000000e-07
 12  78  0  0  0  2  6.755885e-02  2.000000e-07
 12  76  0 -1  0  2  4.201007e-01  2.000000e-07
 12  86  0  0  0  2  1.360594e-01  2.000000e-07
 12  84  0  0  0  2  2.494826e-01  2.000000e-07
 12  14  0  0  0  2  1.789565e-01  2.000000e-07
 83  77  0  0  0  2  3.241596e-01  2.000000e-07
 83  2  0  0  0  2  3.441315e-01  2.000000e-07
 83  79  0  0  0  2  2.169345e-01  2.000000e-07
 83  78  0  0  0  2  1.934359e-01  2.000000e-07
 83  86  0  0  0  2  4.531205e-02  2.000000e-07
 83  16  0  0  0  2  8.185556e-02  2.000000e-07
 83  87  0  0  0  2  2.620363e-01  2.000000e-07
 83  84  0  0  0  2  2.398294e-01  2.000000e-07
 83  70  1  0  0  2  5.869761e-01  2.000000e-07
 83  71  1  0  0  2  5.316998e-01  2.000000e-07
 83  59  1  0  0  2  3.407036e-01  2.000000e-07
 77  67  0  0  0  2  2.247224e-01  2.000000e-07
 77  13  0  0  0  2  3.103313e-01  2.000000e-07
 77  2  0  0  0  2  7.326673e-02  2.000000e-07
 77  79  0  0  0  2  3.092016e-01  2.000000e-07
 77  6  0  0  0  2  3.869425e-01  2.000000e-07
 77  75  0  0  0  2  2.628007e-01  2.000000e-07
 77  7  0  0  0  2  3.457963e-01  2.000000e-07
 77  76  0  0  0  2  1.860324e-01  2.000000e-07
 77  16  0  0  0  2  3.699184e-01  2.000000e-07
 77  69  0  0  0  2  3.054222e-01  2.000000e-07
 77  70  1  0  0  2  5.551181e-01  2.000000e-07
 77  85  0  0  0  2  1.718427e-01  2.000000e-07
 77  0  0  0  0  2  1.034254e-01  2.000000e-07
 67  55  0  1  0  2  5.067528e-01  2.000000e-07
 67  2  0  0  0  2  2.764937e-01  2.000000e-07
 67  6  0  0  0  2  1.669011e-01  2.000000e-07
 67  76  0  0  0  2  2.058933e-01  2.000000e-07
 67  69  0  0  0  2  1.221839e-01  2.000000e-07
 67  8  0  0  0  2  1.390049e-01  2.000000e-07
 67  3  0  0  0  2  1.087207e-01  2.000000e-07
 13  55  0  0  0  2  3.259730e-01  2.000000e-07
 13  79  0  0  0  2  3.281248e-01  2.000000e-07
 13  78  0  0  0  2  1.560754e-01  2.000000e-07
 13  15  0  0  0  2  3.201057e-01  2.000000e-07
 13  16  0  0  0  2  9.593591e-02  2.000000e-07
 13  64  0  0  0  2  2.807761e-01  2.000000e-07
 13  14  0  0  0  2  2.608360e-01  2.000000e-07
 13  85  0  0  0  2  1.410240e-01  2.000000e-07
 13  60  0  0  0  2  2.825495e-01  2.000000e-07
 55  74  0 -1  0  2  4.293129e-01  2.000000e-07
 55  6  0 -1  0  2  3.845940e-01  2.000000e-07
 55  56  0  0  0  2  1.424151e-01  2.000000e-07
 55  78  0  0  0  2  3.294248e-01  2.000000e-07
 55  76  0 -1  0  2  4.953114e-01  2.000000e-07
 55  16  0  0  0  2  3.870568e-01  2.000000e-07
 55  84 -1  0  0  2  4.460987e-01  2.000000e-07
 55  69  0  0  0  2  4.345179e-01  2.000000e-07
 55  58  0  0  0  2  1.908478e-01  2.000000e-07
 55  71  0  0  0  2  4.415919e-01  2.000000e-07
 55  59  0  0  0  2  2.347777e-01  2.000000e-07
 55  3  0  0  0  2  4.495263e-01  2.000000e-07
 55  82  0  0  0  2  1.325449e-01  2.000000e-07
 55  60  0  0  0  2  1.679031e-01  2.000000e-07
 2  74  1  0  0  2  3.948495e-01  2.000000e-07
 2  75  0  0  0  2  2.220609e-01  2.000000e-07
 2  76  0  0  0  2  1.743188e-01  2.000000e-07
 2  86  0  0  0  2  3.846607e-01  2.000000e-07
 2  87  0  0  0  2  1.302984e-01  2.000000e-07
 2  84  0  1  0  2  4.842187e-01  2.000000e-07
 2  69  0  0  0  2  3.700705e-01  2.000000e-07
 2  70  1  0  0  2  4.872566e-01  2.000000e-07
 2  71  1  0  0  2  4.810275e-01  2.000000e-07
 79  86  0  0  0  2  2.274173e-01  2.000000e-07
 79  15  0  0  0  2  2.780480e-01  2.000000e-07
 79  16  0  0  0  2  2.986087e-01  2.000000e-07
 79  87  0  0  0  2  1.495012e-01  2.000000e-07
 79  70  1  0  0  2  3.702265e-01  2.000000e-07
 79  85  0  0  0  2  2.996399e-01  2.000000e-07
 79  59  1  0  0  2  2.915105e-01  2.000000e-07
 79  0  0  0  0  2  2.152151e-01  2.000000e-07
 79  82  1  0  0  2  3.870265e-01  2.000000e-07
 74  6  0  0  0  2  2.691751e-01  2.000000e-07
 74  75 -1  0  0  2  3.475868e-01  2.000000e-07
 74  56  0  1  0  2  2.924296e-01  2.000000e-07
 74  76 -1  0  0  2  4.317297e-01  2.000000e-07
 74  11 -1  1  0  2  3.464072e-01  2.000000e-07
 74  87 -1  0  0  2  3.765490e-01  2.000000e-07
 74  84 -1  1  0  2  2.975172e-01  2.000000e-07
 74  70  0  0  0  2  2.195955e-01  2.000000e-07
 74  71  0  0  0  2  2.828923e-01  2.000000e-07
 74  59  0  1  0  2  3.657044e-01  2.000000e-07
 6  9  0  0  0  2  1.503004e-01  2.000000e-07
 6  7  0  0  0  2  1.445241e-01  2.000000e-07
 6  78  0  1  0  2  4.788294e-01  2.000000e-07
 6  76  0  0  0  2  3.082134e-01  2.000000e-07
 6  69  0  0  0  2  1.841901e-01  2.000000e-07
 6  70  0  0  0  2  1.592053e-01  2.000000e-07
 6  58  0  1  0  2  3.042910e-01  2.000000e-07
 6  71  0  0  0  2  2.270418e-01  2.000000e-07
 75  7  0  0  0  2  2.676855e-01  2.000000e-07
 75  78  0  1  0  2  2.839683e-01  2.000000e-07
 75  76  0  0  0  2  1.089146e-01  2.000000e-07
 75  11  0  1  0  2  1.546982e-01  2.000000e-07
 75  84  0  1  0  2  2.938600e-01  2.000000e-07
 75  57  0  1  0  2  1.480938e-01  2.000000e-07
 75  64  0  1  0  2  1.635662e-01  2.000000e-07
 75  70  1  0  0  2  5.265136e-01  2.000000e-07
 75  0  0  0  0  2  2.801881e-01  2.000000e-07
 56  15 -1  0  0  2  2.974067e-01  2.000000e-07
 56  68  0  0  0  2  4.773718e-01  2.000000e-07
 56  64  0  0  0  2  4.439147e-01  2.000000e-07
 56  14 -1  0  0  2  3.952343e-01  2.000000e-07
 56  8  0 -1  0  2  3.709655e-01  2.000000e-07
 56  58  0  0  0  2  4.843289e-02  2.000000e-07
 56  59  0  0  0  2  1.682547e-01  2.000000e-07
 56  82  0  0  0  2  8.050888e-02  2.000000e-07
 56  60  0  0  0  2  2.427025e-01  2.000000e-07
 7  55  0  1  0  2  3.265168e-01  2.000000e-07
 7  78  0  1  0  2  3.394320e-01  2.000000e-07
 7  76  0  0  0  2  2.062794e-01  2.000000e-07
 7  69  0  0  0  2  2.757682e-01  2.000000e-07
 7  57  0  1  0  2  2.776836e-01  2.000000e-07
 7  70  0  0  0  2  3.024307e-01  2.000000e-07
 7  8  0  0  0  2  1.851128e-01  2.000000e-07
 7  58  0  1  0  2  3.259988e-01  2.000000e-07
 7  60  0  1  0  2  1.991429e-01  2.000000e-07
 78  76  0 -1  0  2  3.529726e-01  2.000000e-07
 78  16  0  0  0  2  1.127235e-01  2.000000e-07
 78  84  0  0  0  2  2.401268e-01  2.000000e-07
 78  57  0  0  0  2  1.360863e-01  2.000000e-07
 78  60  0  0  0  2  2.084177e-01  2.000000e-07
 76  11  0  1  0  2  2.537883e-01  2.000000e-07
 76  87  0  0  0  2  3.011270e-01  2.000000e-07
 76  84  0  1  0  2  4.016424e-01  2.000000e-07
 76  64  0  1  0  2  2.276399e-01  2.000000e-07
 76  14  0  1  0  2  3.770340e-01  2.000000e-07
 76  8  0  0  0  2  3.147496e-01  2.000000e-07
 86  15  0  0  0  2  1.641808e-01  2.000000e-07
 86  87  0  0  0  2  2.944970e-01  2.000000e-07
 86  84  0  0  0  2  1.946745e-01  2.000000e-07
 86  14  0  0  0  2  1.512143e-01  2.000000e-07
 86  71  1  0  0  2  5.331800e-01  2.000000e-07
 86  85  0  0  0  2  2.414711e-01  2.000000e-07
 86  59  1  0  0  2  3.071150e-01  2.000000e-07
 15  11  0  0  0  2  2.368001e-01  2.000000e-07
 15  57  0  0  0  2  2.900299e-01  2.000000e-07
 15  64  0  0  0  2  3.158761e-01  2.000000e-07
 15  14  0  0  0  2  1.208018e-01  2.000000e-07
 15  58  1  0  0  2  2.705408e-01  2.000000e-07
 15  85  0  0  0  2  4.036276e-01  2.000000e-07
 15  59  1  0  0  2  1.725842e-01  2.000000e-07
 15  82  1  0  0  2  2.679650e-01  2.000000e-07
 16  57  0  0  0  2  2.314549e-01  2.000000e-07
 11  84  0  0  0  2  1.615790e-01  2.000000e-07
 11  57  0  0  0  2  6.520970e-02  2.000000e-07
 11  64  0  0  0  2  9.967808e-02  2.000000e-07
 11  14  0  0  0  2  1.235740e-01  2.000000e-07
 87  85  0  0  0  2  2.293329e-01  2.000000e-07
 87  0  0  0  0  2  6.835306e-02  2.000000e-07
 68  70  0  0  0  2  1.447399e-01  2.000000e-07
 68  8  0  0  0  2  1.748689e-01  2.000000e-07
 68  71  0  0  0  2  9.343748e-02  2.000000e-07
 68  85  0  0  0  2  3.622227e-01  2.000000e-07
 68  59  0  0  0  2  4.027306e-01  2.000000e-07
 68  3  0  0  0  2  9.612039e-02  2.000000e-07
 68  82  0  0  0  2  4.043039e-01  2.000000e-07
 84  14  0  0  0  2  7.246446e-02  2.000000e-07
 84  59  1  0  0  2  2.360412e-01  2.000000e-07
 69  70  0  0  0  2  1.624042e-01  2.000000e-07
 69  71  0  0  0  2  1.515030e-01  2.000000e-07
 69  3  0  0  0  2  1.587954e-02  2.000000e-07
 69  82  0  0  0  2  4.699090e-01  2.000000e-07
 57  64  0  0  0  2  3.510116e-02  2.000000e-07
 57  60  0  0  0  2  2.386710e-01  2.000000e-07
 64  14  0  0  0  2  1.951636e-01  2.000000e-07
 64  8  0 -1  0  2  4.333849e-01  2.000000e-07
 64  60  0  0  0  2  2.037219e-01  2.000000e-07
 70  8  0  0  0  2  1.236291e-01  2.000000e-07
 70  71  0  0  0  2  8.263213e-02  2.000000e-07
 70  0 -1  0  0  2  4.583682e-01  2.000000e-07
 70  82  0  0  0  2  5.147990e-01  2.000000e-07
 14  74  1 -1  0  2  3.559579e-01  2.000000e-07
 14  85  0  0  0  2  3.772571e-01  2.000000e-07
 14  59  1  0  0  2  2.914335e-01  2.000000e-07
 8  58  0  1  0  2  3.561870e-01  2.000000e-07
 58  82  0  0  0  2  1.092312e-01  2.000000e-07
 58  60  0  0  0  2  2.804359e-01  2.000000e-07
 71  87 -1  0  0  2  3.840108e-01  2.000000e-07
 71  59  0  0  0  2  4.066966e-01  2.000000e-07
 71  3  0  0  0  2  1.592752e-01  2.000000e-07
 85  0  0  0  0  2  2.019108e-01  2.000000e-07
 85  82  0  0  0  2  5.035193e-01  2.000000e-07
 85  60  0  0  0  2  3.985329e-01  2.000000e-07
 59  87 -1  0  0  2  4.400704e-01  2.000000e-07
 59  3  0  0  0  2  4.940935e-01  2.000000e-07
 59  82  0  0  0  2  1.080946e-01  2.000000e-07
 82  60  0  0  0  2  2.792779e-01  2.000000e-07
 1  73  0  0  0  1  2.100425e-01  3.000000e-07
 1  72  1  0  0  1  3.320519e-01  3.000000e-07
 1  2  0  0  0  1  1.004235e-01  3.000000e-07
 1  79  0  0  0  1  2.289360e-01  3.000000e-07
 1  74  1  0  0  1  3.067075e-01  3.000000e-07
 1  0  0  0  0  1  9.044504e-02  3.000000e-07
 10  58  1  0  0  1  2.512709e-01  3.000000e-07
 10  59  1  0  0  1  1.695436e-01  3.000000e-07
 53  13  0  0  0  1  1.819584e-01  3.000000e-07
 53  64  0  0  0  1  1.043024e-01  3.000000e-07
 53  60  0  0  0  1  1.662219e-01  3.000000e-07
 9  74  0  0  0  1  1.189221e-01  3.000000e-07
 9  6  0  0  0  1  1.503004e-01  3.000000e-07
 9  70  0  0  0  1  1.400184e-01  3.000000e-07
 9  8  0  0  0  1  1.684995e-01  3.000000e-07
 62  65  0  0  0  1  9.589523e-02  3.000000e-07
 62  83  0  0  0  1  1.250699e-01  3.000000e-07
 62  16  0  0  0  1  1.093237e-01  3.000000e-07
 62  85  0  0  0  1  1.128955e-01  3.000000e-07
 54  84  0  0  0  1  6.467612e-02  3.000000e-07
 54  14  0  0  0  1  1.117476e-01  3.000000e-07
 73  74  1  0  0  1  1.712088e-01  3.000000e-07
 73  75  0  0  0  1  1.764282e-01  3.000000e-07
 73  84  0  1  0  1  2.422291e-01  3.000000e-07
 65  61  0  0  0  1  1.439847e-01  3.000000e-07
 65  13  0  0  0  1  1.135925e-01  3.000000e-07
 65  55  0  0  0  1  3.275045e-01  3.000000e-07
 65  85  0  0  0  1  6.345156e-02  3.000000e-07
 63  74  0  0  0  1  9.575650e-02  3.000000e-07
 63  6  0  0  0  1  1.799967e-01  3.000000e-07
 63  58  0  1  0  1  2.074449e-01  3.000000e-07
 72  79 -1  0  0  1  2.571694e-01  3.000000e-07
 72  74  0  0  0  1  2.829791e-01  3.000000e-07
 72  68  0  0  0  1  1.419450e-01  3.000000e-07
 72  71  0  0  0  1  6.160431e-02  3.000000e-07
 72  59  0  0  0  1  3.705752e-01  3.000000e-07
 61  66  0  0  0  1  1.791804e-01  3.000000e-07
 61  77  0  0  0  1  2.241977e-01  3.000000e-07
 61  55  0  0  0  1  3.355101e-01  3.000000e-07
 61  69  0  0  0  1  1.721433e-01  3.000000e-07
 61  3  0  0  0  1  1.795867e-01  3.000000e-07
 4  67  0  0  0  1  1.049457e-01  3.000000e-07
 4  68  0  0  0  1  1.067325e-01  3.000000e-07
 4  70  0  0  0  1  1.498877e-01  3.000000e-07
 4  8  0  0  0  1  9.346889e-02  3.000000e-07
 5  67  0  0  0  1  1.917567e-01  3.000000e-07
 5  75  0  0  0  1  2.175373e-01  3.000000e-07
 5  7  0  0  0  1  5.025413e-02  3.000000e-07
 5  76  0  0  0  1  1.623319e-01  3.000000e-07
 5  64  0  1  0  1  2.114013e-01  3.000000e-07
 5  60  0  1  0  1  2.014037e-01  3.000000e-07
 66  77  0  0  0  1  1.386892e-01  3.000000e-07
 66  67  0  0  0  1  8.607284e-02  3.000000e-07
 66  76  0  0  0  1  1.677478e-01  3.000000e-07
 12  13  0  0  0  1  9.482006e-02  3.000000e-07
 12  78  0  0  0  1  6.755885e-02  3.000000e-07
 12  16  0  0  0  1  5.323699e-02  3.000000e-07
 83  79  0  0  0  1  2.169345e-01  3.000000e-07
 83  16  0  0  0  1  8.185556e-02  3.000000e-07
 83  87  0  0  0  1  2.620363e-01  3.000000e-07
 83  85  0  0  0  1  1.967542e-01  3.000000e-07
 77  2  0  0  0  1  7.326673e-02  3.000000e-07
 77  76  0  0  0  1  1.860324e-01  3.000000e-07
 77  85  0  0  0  1  1.718427e-01  3.000000e-07
 77  0  0  0  0  1  1.034254e-01  3.000000e-07
 67  7  0  0  0  1  1.864420e-01  3.000000e-07
 67  76  0  0  0  1  2.058933e-01  3.000000e-07
 67  8  0  0  0  1  1.390049e-01  3.000000e-07
 67  3  0  0  0  1  1.087207e-01  3.000000e-07
 13  55  0  0  0  1  3.259730e-01  3.000000e-07
 13  16  0  0  0  1  9.593591e-02  3.000000e-07
 13  60  0  0  0  1  2.825495e-01  3.000000e-07
 55  56  0  0  0  1  1.424151e-01  3.000000e-07
 55  68  0  0  0  1  3.870062e-01  3.000000e-07
 55  60  0  0  0  1  1.679031e-01  3.000000e-07
 2  76  0  0  0  1  1.743188e-01  3.000000e-07
 2  0  0  0  0  1  6.597725e-02  3.000000e-07
 79  86  0  0  0  1  2.274173e-01  3.000000e-07
 79  15  0  0  0  1  2.780480e-01  3.000000e-07
 79  87  0  0  0  1  1.495012e-01  3.000000e-07
 74  84 -1  1  0  1  2.975172e-01  3.000000e-07
 74  70  0  0  0  1  2.195955e-01  3.000000e-07
 6  7  0  0  0  1  1.445241e-01  3.000000e-07
 6  8  0  0  0  1  5.894820e-02  3.000000e-07
 6  58  0  1  0  1  3.042910e-01  3.000000e-07
 75  76  0  0  0  1  1.089146e-01  3.000000e-07
 75  11  0  1  0  1  1.546982e-01  3.000000e-07
 75  64  0  1  0  1  1.635662e-01  3.000000e-07
 56  6  0 -1  0  1  3.156957e-01  3.000000e-07
 56  7  0 -1  0  1  3.152621e-01  3.000000e-07
 56  82  0  0  0  1  8.050888e-02  3.000000e-07
 7  60  0  1  0  1  1.991429e-01  3.000000e-07
 78  16  0  0  0  1  1.127235e-01  3.000000e-07
 78  11  0  0  0  1  1.618535e-01  3.000000e-07
 78  64  0  0  0  1  1.255794e-01  3.000000e-07
 78  14  0  0  0  1  1.679820e-01  3.000000e-07
 86  15  0  0  0  1  1.641808e-01  3.000000e-07
 86  16  0  0  0  1  8.485101e-02  3.000000e-07
 86  14  0  0  0  1  1.512143e-01  3.000000e-07
 15  14  0  0  0  1  1.208018e-01  3.000000e-07
 15  59  1  0  0  1  1.725842e-01  3.000000e-07
 11  73  0 -1  0  1  2.082937e-01  3.000000e-07
 11  84  0  0  0  1  1.615790e-01  3.000000e-07
 11  57  0  0  0  1  6.520970e-02  3.000000e-07
 11  14  0  0  0  1  1.235740e-01  3.000000e-07
 87  85  0  0  0  1  2.293329e-01  3.000000e-07
 87  0  0  0  0  1  6.835306e-02  3.000000e-07
 68  69  0  0  0  1  8.212342e-02  3.000000e-07
 68  70  0  0  0  1  1.447399e-01  3.000000e-07
 68  71  0  0  0  1  9.343748e-02  3.000000e-07
 68  59  0  0  0  1  4.027306e-01  3.000000e-07
 68  82  0  0  0  1  4.043039e-01  3.000000e-07
 84  14  0  0  0  1  7.246446e-02  3.000000e-07
 84  58  1  0  0  1  2.881361e-01  3.000000e-07
 57  75  0 -1  0  1  1.480938e-01  3.000000e-07
 64  60  0  0  0  1  2.037219e-01  3.000000e-07
 70  8  0  0  0  1  1.236291e-01  3.000000e-07
 70  71  0  0  0  1  8.263213e-02  3.000000e-07
 58  59  0  0  0  1  1.684712e-01  3.000000e-07
 58  82  0  0  0  1  1.092312e-01  3.000000e-07
 85  0  0  0  0  1  2.019108e-01  3.000000e-07
 59  82  0  0  0  1  1.080946e-01  3.000000e-07
 2.698707e-01  1.552872e-01  0
 3.317689e-01  2.212336e-01  0
 2.320511e-01  2.093490e-01  0
-1.310497e-01  1.987719e-01  0
-1.375140e-01  2.193245e-01  0
 3.548826e-03  4.450301e-01  0
-1.677985e-01  3.657379e-01  0
-4.670368e-02  4.446255e-01  0
-1.703282e-01  3.068440e-01  0
-3.158130e-01  3.918514e-01  0
 4.496435e-01 -2.856964e-01  0
 2.623619e-01 -4.199175e-01  0
 1.784157e-01 -2.240596e-01  0
 1.438617e-01 -1.357597e-01  0
 3.311767e-01 -3.172770e-01  0
 4.382795e-01 -2.614015e-01  0
 2.212545e-01 -1.924524e-01  0
 4.192481e-01  2.976639e-01  4.318816e-01
 2.809366e-01  6.713029e-02  2.685715e-01
 3.453367e-01 -3.736033e-01  3.916300e-01
-2.815802e-01 -1.600355e-01 -1.268140e-01
-2.573766e-01 -1.776522e-01 -1.505926e-01
-3.221458e-01  3.203647e-01 -1.605682e-01
-3.497789e-01  3.811923e-01 -2.513087e-01
-3.769900e-01  6.844619e-02 -1.433193e-01
-4.165207e-01  2.369809e-01 -2.430752e-01
-6.209207e-02 -2.531065e-01  2.556762e-01
 7.726963e-02 -5.377477e-03 -2.482182e-01
 2.289934e-01 -1.673221e-01 -2.005688e-01
 2.698413e-01 -3.046787e-01  4.335695e-01
 1.624904e-01 -1.428344e-01 -1.713550e-01
-1.294698e-01  3.620375e-01  2.769542e-01
-4.311969e-01  1.412897e-01  3.002104e-01
 3.609101e-01 -1.254721e-01  2.191830e-01
-1.033151e-01  4.551833e-02  2.765972e-01
-2.401501e-01 -2.037073e-03  4.394920e-01
-9.715643e-02 -8.609090e-02  3.111582e-01
-7.740922e-02 -4.047228e-02  4.176961e-01
 6.335443e-02 -2.591515e-01 -2.537992e-01
 3.930341e-01 -7.079674e-02  3.523151e-01
 2.944887e-01 -2.630430e-01  3.119176e-01
-8.808953e-02 -1.701009e-01 -1.460328e-01
-5.394130e-02 -4.111788e-01 -1.173978e-01
-2.523459e-01 -2.370406e-01 -3.601532e-01
-3.583550e-01 -3.311077e-01 -3.071254e-01
-2.857015e-01  2.357886e-01 -3.465399e-01
 1.472210e-02 -8.036235e-02 -3.268590e-01
 4.376540e-01  3.964909e-01  3.455098e-01
-3.694918e-01  4.309890e-01 -1.992673e-01
-2.382796e-01  2.041929e-01 -2.205213e-01
 9.116691e-02  2.423523e-01 -2.695676e-01
-4.031740e-01 -4.446205e-01  1.637962e-01
 1.471504e-01 -3.134154e-01  1.279902e-01
 1.292432e-01 -3.171300e-01  0
 4.377464e-01 -2.836555e-01  0
-1.615424e-01 -2.497190e-01  0
-2.740812e-01 -3.369950e-01  0
 1.972097e-01 -4.226550e-01  0
-3.124499e-01 -3.665514e-01  0
-3.943443e-01 -2.193242e-01  0
-3.218494e-02 -3.567616e-01  0
-2.256619e-02  5.565398e-02  0
 1.539333e-01 -1.063158e-01  0
-3.368863e-01  4.274480e-01  0
 1.627648e-01 -4.158988e-01  0
 8.756154e-02 -3.710099e-02  0
 3.885807e-02  2.239772e-01  0
-4.007472e-02  2.583013e-01  0
-2.030197e-01  1.350581e-01  0
-1.371581e-01  1.841142e-01  0
-2.829071e-01  2.557545e-01  0
-2.882744e-01  1.732969e-01  0
-3.443855e-01  1.478680e-01  0
 3.967765e-01  4.209631e-01  0
-4.320625e-01  4.169217e-01  0
 2.206407e-01  4.311165e-01  0
 1.403067e-01  3.575718e-01  0
 1.680840e-01  1.736248e-01  0
 1.653675e-01 -2.903464e-01  0
 4.344581e-01  1.662024e-02  0
 3.068074e-01 -2.295488e-01  2.490697e-01
 2.896177e-01  4.264943e-01 -3.251203e-01
-2.937669e-01 -2.589299e-01  0
 2.763545e-01 -1.319188e-01  0
 4.009495e-01 -3.368437e-01  0
 1.350441e-01  4.988303e-03  0
 3.027313e-01 -1.687624e-01  0
 3.308420e-01  1.243899e-01  0
 3.502633e-01 -2.842700e-02 -2.189162e-01
 3.631755e-01  2.383267e-01  2.329675e-01