 724  90  1.200000e-05  59 -2 -2
 49  24  0  0  0  3  1.498266e-01  1.000000e-07
 49  34  0  0  0  3  2.719997e-01  1.000000e-07
 49  30  0  0  0  3  1.597141e-01  1.000000e-07
 49  11  0  0  0  3  2.852533e-01  1.000000e-07
 49  28 -1  0  0  3  4.552869e-01  1.000000e-07
 49  25  0  0  0  3  1.678348e-01  1.000000e-07
 49  14  0  0  0  3  2.656814e-01  1.000000e-07
 49  37  0  0  1  3  3.792177e-01  1.000000e-07
 15  35  0 -1  0  3  5.048888e-01  1.000000e-07
 15  41 -1  0  0  3  3.530031e-01  1.000000e-07
 15  14  0  0  0  3  2.207814e-01  1.000000e-07
 15  36  0  0  0  3  1.697431e-01  1.000000e-07
 15  37  0  0  1  3  5.202046e-01  1.000000e-07
 15  40  0  0  1  3  5.010642e-01  1.000000e-07
 24  34  0  0  0  3  2.046762e-01  1.000000e-07
 24  30  0  0  0  3  1.461671e-01  1.000000e-07
 24  35  0  0  0  3  2.514096e-01  1.000000e-07
 24  46  0  0  0  3  3.093184e-01  1.000000e-07
 24  25  0  0  0  3  3.080108e-02  1.000000e-07
 24  37  0  0  1  3  3.492131e-01  1.000000e-07
 24  38  0  0  1  3  3.585379e-01  1.000000e-07
 13  34  1  0  0  3  7.362662e-01  1.000000e-07
 13  35  0  0  0  3  2.653452e-01  1.000000e-07
 13  12  0  1  0  3  3.329051e-01  1.000000e-07
 13  41  0  1  0  3  5.067821e-01  1.000000e-07
 13  36  0  1  0  3  3.383151e-01  1.000000e-07
 13  38  0  0  1  3  4.017264e-01  1.000000e-07
 13  48  0  1  1  3  2.923884e-01  1.000000e-07
 13  39  0  0  1  3  5.967581e-01  1.000000e-07
 13  40  0  1  1  3  4.189903e-01  1.000000e-07
 26  30  0  0  0  3  7.588839e-02  1.000000e-07
 26  46  0  0  0  3  3.420367e-01  1.000000e-07
 26  28  0  0  0  3  4.105810e-01  1.000000e-07
 26  31  0  0  0  3  2.149600e-01  1.000000e-07
 26  36  0  0  0  3  3.524236e-01  1.000000e-07
 26  47  0  0  0  3  2.756116e-01  1.000000e-07
 26  33  0  0  1  3  3.940888e-01  1.000000e-07
 26  29  0  0  1  3  2.924308e-01  1.000000e-07
 26  27  0  0  1  3  2.925562e-01  1.000000e-07
 34  16  0  0  0  3  1.968923e-01  1.000000e-07
 34  35  0  0  0  3  1.921521e-01  1.000000e-07
 34  46  0  0  0  3  2.914761e-01  1.000000e-07
 34  47  0  0  0  3  2.853081e-01  1.000000e-07
 34  17  0  0  1  3  4.905070e-01  1.000000e-07
 34  39 -1  0  1  3  5.171572e-01  1.000000e-07
 30  46  0  0  0  3  3.090637e-01  1.000000e-07
 30  25  0  0  0  3  1.320823e-01  1.000000e-07
 30  31  0  0  0  3  1.703471e-01  1.000000e-07
 30  47  0  0  0  3  2.338248e-01  1.000000e-07
 30  29  0  0  1  3  3.027161e-01  1.000000e-07
 16  46  0  0  0  3  3.294575e-01  1.000000e-07
 16  12  0  1  0  3  4.063962e-01  1.000000e-07
 16  41 -1  1  0  3  4.085178e-01  1.000000e-07
 16  14  0  0  0  3  3.172456e-01  1.000000e-07
 16  47 -1  0  0  3  7.105074e-01  1.000000e-07
 35  12  0  1  0  3  3.923895e-01  1.000000e-07
 35  41 -1  1  0  3  4.857967e-01  1.000000e-07
 35  31  0  0  0  3  2.408456e-01  1.000000e-07
 35  47  0  0  0  3  2.377052e-01  1.000000e-07
 35  37  0  0  1  3  4.931509e-01  1.000000e-07
 46  25  0  0  0  3  3.216306e-01  1.000000e-07
 46  14  0  0  0  3  1.327288e-01  1.000000e-07
 11  48  0  0  1  3  5.008830e-01  1.000000e-07
 28  41  0  0  0  3  3.046539e-01  1.000000e-07
 28  31  0  0  0  3  5.430945e-01  1.000000e-07
 28  47  0  0  0  3  5.560552e-01  1.000000e-07
 28  37  1  0  1  3  5.458070e-01  1.000000e-07
 28  39  0  0  1  3  5.663592e-01  1.000000e-07
 28  27  0  0  1  3  5.166325e-01  1.000000e-07
 12  41  0  0  0  3  5.735574e-01  1.000000e-07
 12  47  0 -1  0  3  4.020977e-01  1.000000e-07
 41  14  1  0  0  3  4.139106e-01  1.000000e-07
 41  36  0  0  0  3  5.466103e-01  1.000000e-07
 41  39  0 -1  1  3  7.206733e-01  1.000000e-07
 25  31  0  0  0  3  1.599019e-01  1.000000e-07
 25  47  0  0  0  3  2.248403e-01  1.000000e-07
 25  50  0  0  1  3  3.364231e-01  1.000000e-07
 25  29  0  0  1  3  3.335422e-01  1.000000e-07
 25  38  0  0  1  3  3.482889e-01  1.000000e-07
 31  47  0  0  0  3  1.102753e-01  1.000000e-07
 31  33  0  0  1  3  4.948812e-01  1.000000e-07
 31  22  0  0  1  3  3.981708e-01  1.000000e-07
 31  44  0  0  1  3  5.038888e-01  1.000000e-07
 36  17  0 -1  1  3  5.869367e-01  1.000000e-07
 36  48  0  0  1  3  4.434301e-01  1.000000e-07
 36  27  0  0  1  3  4.254950e-01  1.000000e-07
 36  40  0  0  1  3  4.474252e-01  1.000000e-07
 36  32  0  0  1  3  4.485896e-01  1.000000e-07
 33  37  1  0  0  3  4.023555e-01  1.000000e-07
 33  43  0  0  0  3  1.475627e-01  1.000000e-07
 33  29  0  0  0  3  2.546947e-01  1.000000e-07
 33  20  0  0  0  3  1.789414e-01  1.000000e-07
 33  18  0  0  0  3  1.869752e-01  1.000000e-07
 33  21  0  0  0  3  1.664203e-01  1.000000e-07
 33  27  0  0  0  3  2.156217e-01  1.000000e-07
 37  29  0  0  0  3  3.463966e-01  1.000000e-07
 37  20 -1  0  0  3  3.138346e-01  1.000000e-07
 37  21 -1  0  0  3  3.878472e-01  1.000000e-07
 37  19 -1  0  0  3  3.492188e-01  1.000000e-07
 37  32  0  0  0  3  3.168834e-01  1.000000e-07
 45  38  0  0  0  3  1.200844e-01  1.000000e-07
 45  17  0  0  0  3  2.842889e-01  1.000000e-07
 45  48  0  1  0  3  5.271436e-01  1.000000e-07
 45  23  0  0  0  3  1.950448e-01  1.000000e-07
 45  22  0  0  0  3  1.502657e-01  1.000000e-07
 45  40  0  1  0  3  4.731775e-01  1.000000e-07
 45  44  0  0  0  3  3.393068e-01  1.000000e-07
 50  30  0  0 -1  3  3.638870e-01  1.000000e-07
 50  43  0  0  0  3  2.434549e-01  1.000000e-07
 50  29  0  0  0  3  1.665270e-01  1.000000e-07
 50  38  0  0  0  3  2.173269e-01  1.000000e-07
 50  23  0  0  0  3  1.562460e-01  1.000000e-07
 50  22  0  0  0  3  1.769749e-01  1.000000e-07
 50  42  0  0  0  3  3.307073e-01  1.000000e-07
 43  29  0  0  0  3  1.705215e-01  1.000000e-07
 43  20  0  0  0  3  2.435370e-01  1.000000e-07
 43  23  0  0  0  3  3.474421e-01  1.000000e-07
 43  19  0  0  0  3  3.273183e-01  1.000000e-07
 43  27  0  0  0  3  1.828701e-01  1.000000e-07
 43  32  0  0  0  3  2.196739e-01  1.000000e-07
 29  27  0  0  0  3  1.185707e-01  1.000000e-07
 29  32  0  0  0  3  1.129542e-01  1.000000e-07
 38  48  0  1  0  3  4.994342e-01  1.000000e-07
 38  23  0  0  0  3  1.700063e-01  1.000000e-07
 38  42  0  0  0  3  2.241815e-01  1.000000e-07
 38  44  0  0  0  3  3.000306e-01  1.000000e-07
 17  20 -1  1  0  3  5.101983e-01  1.000000e-07
 17  39 -1  0  0  3  4.258415e-01  1.000000e-07
 17  21 -1  1  0  3  4.774399e-01  1.000000e-07
 17  42  0  0  0  3  3.098912e-01  1.000000e-07
 48  21  0  0  0  3  3.222289e-01  1.000000e-07
 48  27  0  0  0  3  1.985644e-01  1.000000e-07
 48  32  0  0  0  3  2.561662e-01  1.000000e-07
 20  39  0  0  0  3  2.246813e-01  1.000000e-07
 20  18  0  0  0  3  1.653910e-01  1.000000e-07
 20  21  0  0  0  3  1.115443e-01  1.000000e-07
 20  19  0  0  0  3  1.405535e-01  1.000000e-07
 23  22  0  0  0  3  1.066295e-01  1.000000e-07
 23  42  0  0  0  3  2.314268e-01  1.000000e-07
 23  44  0  0  0  3  2.712492e-01  1.000000e-07
 22  44  0  0  0  3  2.351912e-01  1.000000e-07
 39  19  0  0  0  3  2.089604e-01  1.000000e-07
 39  42  1  0  0  3  3.139492e-01  1.000000e-07
 18  21  0  0  0  3  7.612963e-02  1.000000e-07
 18  19  0  0  0  3  2.604046e-01  1.000000e-07
 18  40  0  0  0  3  4.264673e-01  1.000000e-07
 18  32  0  0  0  3  3.289362e-01  1.000000e-07
 18  44  0 -1  0  3  5.972416e-01  1.000000e-07
 18  44  0  0  0  3  4.274067e-01  1.000000e-07
 21  19  0  0  0  3  2.329820e-01  1.000000e-07
 19  42  1  0  0  3  3.423753e-01  1.000000e-07
 27  40  0  0  0  3  2.522326e-01  1.000000e-07
 27  32  0  0  0  3  1.338672e-01  1.000000e-07
 42  24  0  0 -1  3  4.725626e-01  1.000000e-07
 42  44 -1  0  0  3  5.402507e-01  1.000000e-07
 40  32  0  0  0  3  1.300257e-01  1.000000e-07
 32  49  0  0 -1  3  3.787706e-01  1.000000e-07
 44  21  0  1  0  3  6.168689e-01  1.000000e-07
 16  82  0  0  0  3  1.654729e-01  1.000000e-07
 51  23  0  0  0  3  2.395278e-01  1.000000e-07
 11  55  0  0  0  3  1.554987e-01  1.000000e-07
 77  43  0  0  0  3  3.210695e-01  1.000000e-07
 15  80  0  0  0  3  1.641142e-01  1.000000e-07
 89  40  0  0  0  3  3.579951e-01  1.000000e-07
 14  71  0  0  0  3  1.515475e-01  1.000000e-07
 73  20 -1  0  0  3  2.854664e-01  1.000000e-07
 14  79  0  0  0  3  1.506640e-01  1.000000e-07
 71  42  0  0  0  3  2.297112e-01  1.000000e-07
 14  71  0  0  0  3  1.665360e-01  1.000000e-07
 79  19 -1  0  0  3  1.716470e-01  1.000000e-07
 15  52  0  0  0  3  1.693205e-01  1.000000e-07
 87  37  0  0  0  3  3.669444e-01  1.000000e-07
 14  79  0  0  0  3  1.175363e-01  1.000000e-07
 71  37  0  0  0  3  3.497032e-01  1.000000e-07
 11  84  0  0  0  3  1.442175e-01  1.000000e-07
 55  48  0  0  0  3  4.643995e-01  1.000000e-07
 16  82  0  0  0  3  1.453052e-01  1.000000e-07
 71  39 -1  0  0  3  3.656148e-01  1.000000e-07
 47  88  0  0  0  3  2.911756e-01  1.000000e-07
 54  45  0  0  0  3  2.114506e-01  1.000000e-07
 12  84  0  0  0  3  1.781637e-01  1.000000e-07
 89  48  0  0  0  3  4.708790e-01  1.000000e-07
 46  61  0  0  0  3  1.127476e-01  1.000000e-07
 9  50  0  0  0  3  3.135317e-01  1.000000e-07
 12  77  0  0  0  3  2.502073e-01  1.000000e-07
 60  18  0  0  0  3  3.008549e-01  1.000000e-07
 11  84  0  0  0  3  1.346005e-01  1.000000e-07
 89  40  0  0  0  3  3.553897e-01  1.000000e-07
 46  61  0  0  0  3  1.083289e-01  1.000000e-07
 52  37  0  0  0  3  3.619395e-01  1.000000e-07
 12  84  0  0  0  3  1.869471e-01  1.000000e-07
 89  17  0 -1  0  3  3.720035e-01  1.000000e-07
 11  59  0  0  0  3  2.726754e-01  1.000000e-07
 55  44  0  0  0  3  3.139768e-01  1.000000e-07
 28  69  0  0  0  3  1.862812e-01  1.000000e-07
 81  21  0  0  0  3  2.373516e-01  1.000000e-07
 11  78  0  0  0  3  1.572413e-01  1.000000e-07
 55  50  0  0  0  3  3.432947e-01  1.000000e-07
 12  83  0 -1  0  3  2.230596e-01  1.000000e-07
 58  45  0  0  0  3  2.768091e-01  1.000000e-07
 16  71  0  0  0  3  2.182348e-01  1.000000e-07
 79  19 -1  0  0  3  2.263180e-01  1.000000e-07
 11  53  0 -1  0  3  2.962956e-01  1.000000e-07
 58  44  0  0  0  3  3.411746e-01  1.000000e-07
 11  78  0  0  0  3  2.066845e-01  1.000000e-07
 55  23  0  0  0  3  2.621563e-01  1.000000e-07
 15  87  0  0  0  3  1.935167e-01  1.000000e-07
 80  17  0 -1  0  3  3.876175e-01  1.000000e-07
 58  8  0  0  0  2  3.105681e-01  2.000000e-07
 58  72  0  1  0  2  5.655003e-01  2.000000e-07
 58  83  0  0  0  2  1.166148e-01  2.000000e-07
 58  63  0  0  0  2  2.223370e-01  2.000000e-07
 58  84  0  1  0  2  2.601793e-01  2.000000e-07
 58  64  0  1  0  2  2.853975e-01  2.000000e-07
 58  53  0  0  0  2  7.436784e-02  2.000000e-07
 58  7  0  0  0  2  3.186795e-01  2.000000e-07
 58  75  0  0  0  2  3.306206e-01  2.000000e-07
 58  77  0  1  0  2  3.834524e-01  2.000000e-07
 58  89  0  1  0  2  3.308564e-01  2.000000e-07
 58  54  0  0  0  2  2.408351e-01  2.000000e-07
 58  68  0  0  0  2  3.487778e-01  2.000000e-07
 58  88  0  0  0  2  1.907427e-01  2.000000e-07
 58  57  0  0  0  2  2.655234e-01  2.000000e-07
 8  82  1  0  0  2  4.846862e-01  2.000000e-07
 8  6  0  0  0  2  1.033291e-01  2.000000e-07
 8  62  0  0  0  2  2.280785e-01  2.000000e-07
 8  64  0  1  0  2  3.345469e-01  2.000000e-07
 8  53  0  0  0  2  2.618029e-01  2.000000e-07
 8  65  0  0  0  2  8.646745e-02  2.000000e-07
 8  7  0  0  0  2  2.092783e-01  2.000000e-07
 8  86  1  1  0  2  4.400716e-01  2.000000e-07
 8  74  1  1  0  2  4.304734e-01  2.000000e-07
 8  75  0  0  0  2  1.440273e-01  2.000000e-07
 8  66  0  0  0  2  1.476990e-01  2.000000e-07
 8  54  1  0  0  2  5.918926e-01  2.000000e-07
 8  79  1  0  0  2  4.552907e-01  2.000000e-07
 8  57  0  0  0  2  1.944976e-01  2.000000e-07
 1  0  0  0  0  2  3.016038e-01  2.000000e-07
 1  82  0 -1  0  2  4.641547e-01  2.000000e-07
 1  83  0 -1  0  2  3.618398e-01  2.000000e-07
 1  81 -1  0  0  2  3.810268e-01  2.000000e-07
 1  73  0  0  0  2  1.990986e-01  2.000000e-07
 1  84  0  0  0  2  2.406736e-01  2.000000e-07
 1  86  0  0  0  2  2.176185e-02  2.000000e-07
 1  70  0  0  0  2  1.218241e-01  2.000000e-07
 1  75 -1 -1  0  2  3.460202e-01  2.000000e-07
 1  87  0  0  0  2  1.216582e-01  2.000000e-07
 1  76 -1 -1  0  2  3.303420e-01  2.000000e-07
 1  80  0  0  0  2  1.688526e-01  2.000000e-07
 1  88  0 -1  0  2  4.378621e-01  2.000000e-07
 51  59  0  0  0  2  2.135833e-01  2.000000e-07
 51  71  0  0  0  2  2.843882e-01  2.000000e-07
 51  9  0  0  0  2  1.374158e-01  2.000000e-07
 51  82  0  0  0  2  6.441941e-02  2.000000e-07
 51  83  0  0  0  2  2.228165e-01  2.000000e-07
 51  63  0  0  0  2  4.257177e-01  2.000000e-07
 51  85  0  0  0  2  1.569751e-01  2.000000e-07
 51  53  0  0  0  2  3.766590e-01  2.000000e-07
 51  76 -1  0  0  2  4.723998e-01  2.000000e-07
 51  10  0  0  0  2  1.019577e-01  2.000000e-07
 51  56  0  0  0  2  1.166438e-01  2.000000e-07
 51  88  0  0  0  2  1.210947e-01  2.000000e-07
 51  57  0  0  0  2  3.168919e-01  2.000000e-07
 0  71  0  0  0  2  3.107281e-01  2.000000e-07
 0  72  0  0  0  2  4.110855e-01  2.000000e-07
 0  83  0 -1  0  2  4.837598e-01  2.000000e-07
 0  73  0  0  0  2  2.267088e-01  2.000000e-07
 0  84  0  0  0  2  2.165014e-01  2.000000e-07
 0  85  0  0  0  2  1.676190e-01  2.000000e-07
 0  70  0  0  0  2  2.768957e-01  2.000000e-07
 0  77  0  0  0  2  3.264083e-01  2.000000e-07
 0  78  0  0  0  2  4.029593e-02  2.000000e-07
 0  79  0  0  0  2  2.438200e-01  2.000000e-07
 0  80  0  0  0  2  1.522715e-01  2.000000e-07
 59  9  0  0  0  2  1.528219e-01  2.000000e-07
 59  60  0  0  0  2  2.844903e-01  2.000000e-07
 59  61  0  0  0  2  2.000593e-01  2.000000e-07
 59  62  0  0  0  2  3.303193e-01  2.000000e-07
 59  81  0  0  0  2  3.811862e-01  2.000000e-07
 59  63  0  0  0  2  3.925428e-01  2.000000e-07
 59  2  0  0  0  2  3.776936e-01  2.000000e-07
 59  3  0  0  0  2  4.089251e-01  2.000000e-07
 59  65  0  0  0  2  3.379551e-01  2.000000e-07
 59  52  0  0  0  2  2.557295e-01  2.000000e-07
 59  5  0  0  0  2  3.142542e-01  2.000000e-07
 59  67  0  0  0  2  4.108088e-01  2.000000e-07
 59  78  0  0  0  2  1.900823e-01  2.000000e-07
 59  55  0  0  0  2  1.349811e-01  2.000000e-07
 59  10  0  0  0  2  1.382683e-01  2.000000e-07
 59  56  0  0  0  2  1.058966e-01  2.000000e-07
 59  68  0  0  0  2  1.231041e-01  2.000000e-07
 59  57  0  0  0  2  2.309953e-01  2.000000e-07
 71  9  0  0  0  2  2.584084e-01  2.000000e-07
 71  82  0  0  0  2  2.375157e-01  2.000000e-07
 71  72 -1  0  0  2  3.569881e-01  2.000000e-07
 71  83  0  0  0  2  4.710715e-01  2.000000e-07
 71  61  0  0  0  2  2.160322e-01  2.000000e-07
 71  73  0  0  0  2  2.160464e-01  2.000000e-07
 71  2 -1  0  0  2  2.191065e-01  2.000000e-07
 71  85  0  0  0  2  3.010410e-01  2.000000e-07
 71  3 -1  0  0  2  1.904691e-01  2.000000e-07
 71  70  0  0  0  2  3.019872e-01  2.000000e-07
 71  76 -1  0  0  2  3.866064e-01  2.000000e-07
 71  66 -1  0  0  2  2.589015e-01  2.000000e-07
 71  54  0  0  0  2  3.555855e-01  2.000000e-07
 71  67 -1  0  0  2  1.787388e-01  2.000000e-07
 71  78  0  0  0  2  3.250568e-01  2.000000e-07
 71  79  0  0  0  2  7.578442e-02  2.000000e-07
 71  4 -1  0  0  2  3.184257e-01  2.000000e-07
 71  10  0  0  0  2  3.706218e-01  2.000000e-07
 71  88  0  0  0  2  3.931831e-01  2.000000e-07
 9  82  0  0  0  2  1.649974e-01  2.000000e-07
 9  61  0  0  0  2  5.555966e-02  2.000000e-07
 9  73  0  0  0  2  3.089303e-01  2.000000e-07
 9  85  0  0  0  2  4.386027e-02  2.000000e-07
 9  52  0  0  0  2  1.692189e-01  2.000000e-07
 9  78  0  0  0  2  1.511761e-01  2.000000e-07
 9  10  0  0  0  2  1.525075e-01  2.000000e-07
 9  56  0  0  0  2  6.869834e-02  2.000000e-07
 82  83  0  0  0  2  2.398710e-01  2.000000e-07
 82  6 -1  0  0  2  4.933199e-01  2.000000e-07
 82  61  0  0  0  2  1.829964e-01  2.000000e-07
 82  62 -1  0  0  2  4.634349e-01  2.000000e-07
 82  53  0  0  0  2  4.126675e-01  2.000000e-07
 82  86  0  1  0  2  4.493612e-01  2.000000e-07
 82  76 -1  0  0  2  4.109403e-01  2.000000e-07
 82  54  0  0  0  2  1.230509e-01  2.000000e-07
 82  67 -1  0  0  2  3.999343e-01  2.000000e-07
 82  79  0  0  0  2  1.950156e-01  2.000000e-07
 82  56  0  0  0  2  1.677274e-01  2.000000e-07
 82  57  0  0  0  2  3.792370e-01  2.000000e-07
 72  60  0  0  0  2  1.636309e-01  2.000000e-07
 72  62  0  0  0  2  1.637159e-01  2.000000e-07
 72  84  0  0  0  2  4.628047e-01  2.000000e-07
 72  2  0  0  0  2  1.881564e-01  2.000000e-07
 72  85  0  0  0  2  3.637872e-01  2.000000e-07
 72  64  0  0  0  2  3.108104e-01  2.000000e-07
 72  7  0  0  0  2  2.150144e-01  2.000000e-07
 72  69  0  0  0  2  1.449910e-01  2.000000e-07
 72  74  1  0  0  2  4.518128e-01  2.000000e-07
 72  75  0 -1  0  2  5.020113e-01  2.000000e-07
 72  77  0  0  0  2  1.828944e-01  2.000000e-07
 72  66  0  0  0  2  2.669259e-01  2.000000e-07
 72  54  0  0  0  2  4.443861e-01  2.000000e-07
 72  79  1  0  0  2  4.262594e-01  2.000000e-07
 72  4  0  0  0  2  6.089883e-02  2.000000e-07
 72  55  0  0  0  2  2.347240e-01  2.000000e-07
 72  80  0  0  0  2  5.057618e-01  2.000000e-07
 72  80  1  0  0  2  5.942157e-01  2.000000e-07
 72  56  0  0  0  2  3.642214e-01  2.000000e-07
 72  68  0  0  0  2  1.979386e-01  2.000000e-07
 83  63  0  0  0  2  3.182429e-01  2.000000e-07
 83  84  0  1  0  2  2.681905e-01  2.000000e-07
 83  53  0  0  0  2  1.909739e-01  2.000000e-07
 83  86  0  1  0  2  3.575280e-01  2.000000e-07
 83  75  0  0  0  2  4.435519e-01  2.000000e-07
 83  87  0  1  0  2  3.698324e-01  2.000000e-07
 83  76 -1  0  0  2  4.907477e-01  2.000000e-07
 83  77  0  1  0  2  4.706254e-01  2.000000e-07
 83  78  0  1  0  2  5.044907e-01  2.000000e-07
 83  10  0  0  0  2  2.304576e-01  2.000000e-07
 83  68  0  0  0  2  3.532359e-01  2.000000e-07
 83  88  0  0  0  2  1.081895e-01  2.000000e-07
 60  62  0  0  0  2  3.273087e-01  2.000000e-07
 60  81  0  0  0  2  1.476464e-01  2.000000e-07
 60  84  0  0  0  2  3.184189e-01  2.000000e-07
 60  64  0  0  0  2  1.701897e-01  2.000000e-07
 60  52  0  0  0  2  3.792948e-01  2.000000e-07
 60  69  0  0  0  2  2.281629e-01  2.000000e-07
 60  87  0  0  0  2  4.381796e-01  2.000000e-07
 60  77  0  0  0  2  1.929498e-02  2.000000e-07
 60  89  0  0  0  2  3.647645e-01  2.000000e-07
 60  5  0  0  0  2  4.253131e-02  2.000000e-07
 60  67  0  0  0  2  3.307988e-01  2.000000e-07
 60  78  0  0  0  2  3.070595e-01  2.000000e-07
 60  55  0  0  0  2  1.803824e-01  2.000000e-07
 6  62  0  0  0  2  3.269483e-01  2.000000e-07
 6  63  0  0  0  2  1.314174e-01  2.000000e-07
 6  64  0  1  0  2  2.554200e-01  2.000000e-07
 6  53  0  0  0  2  2.553540e-01  2.000000e-07
 6  65  0  0  0  2  1.852886e-01  2.000000e-07
 6  86  1  1  0  2  3.552977e-01  2.000000e-07
 6  74  1  1  0  2  3.372729e-01  2.000000e-07
 6  75  0  0  0  2  4.079936e-02  2.000000e-07
 6  76  0  0  0  2  8.408735e-02  2.000000e-07
 6  67  0  0  0  2  3.943187e-01  2.000000e-07
 61  73  0  0  0  2  2.539517e-01  2.000000e-07
 61  3 -1  0  0  2  3.953241e-01  2.000000e-07
 61  52  0  0  0  2  1.300869e-01  2.000000e-07
 61  67 -1  0  0  2  3.915259e-01  2.000000e-07
 61  79  0  0  0  2  1.402546e-01  2.000000e-07
 61  55  0  0  0  2  2.399921e-01  2.000000e-07
 61  56  0  0  0  2  1.242576e-01  2.000000e-07
 62  65  0  0  0  2  1.784056e-01  2.000000e-07
 62  7  0  0  0  2  1.554346e-01  2.000000e-07
 62  69  0  0  0  2  2.052345e-01  2.000000e-07
 62  67  0  0  0  2  1.058157e-01  2.000000e-07
 62  79  1  0  0  2  3.440592e-01  2.000000e-07
 62  55  0  0  0  2  3.647348e-01  2.000000e-07
 62  57  0  0  0  2  2.002842e-01  2.000000e-07
 81  73  1  0  0  2  3.023886e-01  2.000000e-07
 81  64  0  0  0  2  2.066904e-01  2.000000e-07
 81  3  0  0  0  2  1.922957e-01  2.000000e-07
 81  69  0  0  0  2  9.734146e-02  2.000000e-07
 81  86  1  0  0  2  3.813393e-01  2.000000e-07
 81  70  1  0  0  2  2.883653e-01  2.000000e-07
 81  76  0 -1  0  2  4.391885e-01  2.000000e-07
 81  5  0  0  0  2  1.062034e-01  2.000000e-07
 81  67  0  0  0  2  2.307612e-01  2.000000e-07
 81  4  0  0  0  2  9.967329e-02  2.000000e-07
 73  3 -1  0  0  2  2.647723e-01  2.000000e-07
 73  52  0  0  0  2  1.845432e-01  2.000000e-07
 73  69 -1  0  0  2  2.476536e-01  2.000000e-07
 73  86  0  0  0  2  2.164883e-01  2.000000e-07
 73  70  0  0  0  2  9.122038e-02  2.000000e-07
 73  87  0  0  0  2  1.691049e-01  2.000000e-07
 73  67 -1  0  0  2  2.880690e-01  2.000000e-07
 73  78  0  0  0  2  2.628078e-01  2.000000e-07
 73  4 -1  0  0  2  3.330130e-01  2.000000e-07
 63  2  0  0  0  2  3.016610e-01  2.000000e-07
 63  64  0  1  0  2  2.891693e-01  2.000000e-07
 63  53  0  0  0  2  1.761168e-01  2.000000e-07
 63  65  0  0  0  2  9.848235e-02  2.000000e-07
 63  75  0  0  0  2  1.620870e-01  2.000000e-07
 63  76  0  0  0  2  1.976641e-01  2.000000e-07
 63  77  0  1  0  2  4.419011e-01  2.000000e-07
 63  66  0  0  0  2  2.187320e-01  2.000000e-07
 63  5  0  1  0  2  4.496586e-01  2.000000e-07
 63  10  0  0  0  2  3.463091e-01  2.000000e-07
 63  68  0  0  0  2  2.862500e-01  2.000000e-07
 63  57  0  0  0  2  1.658704e-01  2.000000e-07
 84  64  0  0  0  2  3.260030e-01  2.000000e-07
 84  53  0 -1  0  2  2.800808e-01  2.000000e-07
 84  74  0  0  0  2  3.034199e-01  2.000000e-07
 84  75 -1 -1  0  2  5.724024e-01  2.000000e-07
 84  75  0 -1  0  2  5.014821e-01  2.000000e-07
 84  77  0  0  0  2  3.020253e-01  2.000000e-07
 84  89  0  0  0  2  7.803903e-02  2.000000e-07
 84  54  0 -1  0  2  4.295322e-01  2.000000e-07
 84  55  0  0  0  2  2.757427e-01  2.000000e-07
 84  80  0  0  0  2  1.165788e-01  2.000000e-07
 84  88  0 -1  0  2  3.753257e-01  2.000000e-07
 2  3  0  0  0  2  1.022027e-01  2.000000e-07
 2  65  0  0  0  2  2.076303e-01  2.000000e-07
 2  66  0  0  0  2  9.821797e-02  2.000000e-07
 2  5  0  0  0  2  3.285792e-01  2.000000e-07
 2  67  0  0  0  2  6.710714e-02  2.000000e-07
 2  4  0  0  0  2  1.854118e-01  2.000000e-07
 2  68  0  0  0  2  2.660804e-01  2.000000e-07
 85  7  0  0  0  2  3.204114e-01  2.000000e-07
 85  77  0  0  0  2  3.604894e-01  2.000000e-07
 85  54  0  0  0  2  1.981879e-01  2.000000e-07
 85  78  0  0  0  2  1.373129e-01  2.000000e-07
 85  79  0  0  0  2  2.260597e-01  2.000000e-07
 85  10  0  0  0  2  1.418596e-01  2.000000e-07
 85  56  0  0  0  2  5.302314e-02  2.000000e-07
 85  68  0  0  0  2  2.280806e-01  2.000000e-07
 85  88  0  0  0  2  2.530517e-01  2.000000e-07
 64  83  0 -1  0  2  3.937656e-01  2.000000e-07
 64  53  0 -1  0  2  2.199210e-01  2.000000e-07
 64  69  0  0  0  2  3.028842e-01  2.000000e-07
 64  86  1  0  0  2  4.242692e-01  2.000000e-07
 64  75  0 -1  0  2  2.268714e-01  2.000000e-07
 64  87  0  0  0  2  4.795434e-01  2.000000e-07
 64  76  0 -1  0  2  3.222683e-01  2.000000e-07
 64  77  0  0  0  2  1.574687e-01  2.000000e-07
 64  89  0  0  0  2  3.963730e-01  2.000000e-07
 64  5  0  0  0  2  1.605514e-01  2.000000e-07
 64  55  0  0  0  2  3.260888e-01  2.000000e-07
 53  65  0  0  0  2  2.608927e-01  2.000000e-07
 53  86  0  1  0  2  4.781127e-01  2.000000e-07
 53  75  0  0  0  2  2.608554e-01  2.000000e-07
 53  87  0  1  0  2  4.324359e-01  2.000000e-07
 53  89  0  1  0  2  3.564890e-01  2.000000e-07
 53  54  0  0  0  2  3.043151e-01  2.000000e-07
 53  56  0  0  0  2  4.244628e-01  2.000000e-07
 53  57  0  0  0  2  2.656990e-01  2.000000e-07
 3  65  0  0  0  2  3.069647e-01  2.000000e-07
 3  5  0  0  0  2  2.714732e-01  2.000000e-07
 3  67  0  0  0  2  4.098927e-02  2.000000e-07
 3  4  0  0  0  2  1.311462e-01  2.000000e-07
 3  68  0  0  0  2  3.158949e-01  2.000000e-07
 65  76  0  0  0  2  2.177949e-01  2.000000e-07
 65  66  0  0  0  2  1.372003e-01  2.000000e-07
 65  67  0  0  0  2  2.747092e-01  2.000000e-07
 65  68  0  0  0  2  2.193769e-01  2.000000e-07
 65  57  0  0  0  2  1.105818e-01  2.000000e-07
 52  69 -1  0  0  2  4.184851e-01  2.000000e-07
 52  74  0  0  0  2  3.086849e-01  2.000000e-07
 52  87  0  0  0  2  1.723625e-01  2.000000e-07
 52  89  0  0  0  2  1.845829e-01  2.000000e-07
 52  67 -1  0  0  2  4.158633e-01  2.000000e-07
 52  78  0  0  0  2  7.846657e-02  2.000000e-07
 52  79  0  0  0  2  2.039552e-01  2.000000e-07
 52  55  0  0  0  2  2.196626e-01  2.000000e-07
 52  56  0  0  0  2  2.271086e-01  2.000000e-07
 7  75  0  0  0  2  3.468232e-01  2.000000e-07
 7  66  0  0  0  2  1.905545e-01  2.000000e-07
 7  54  0  0  0  2  2.950801e-01  2.000000e-07
 7  79  1  0  0  2  4.964917e-01  2.000000e-07
 7  55  0  0  0  2  3.061152e-01  2.000000e-07
 7  56  0  0  0  2  2.894817e-01  2.000000e-07
 7  68  0  0  0  2  9.798714e-02  2.000000e-07
 7  88  0  0  0  2  3.041200e-01  2.000000e-07
 7  57  0  0  0  2  5.318652e-02  2.000000e-07
 69  86  1  0  0  2  3.806905e-01  2.000000e-07
 69  74  1  0  0  2  3.180032e-01  2.000000e-07
 69  87  1  0  0  2  4.040689e-01  2.000000e-07
 69  67  0  0  0  2  1.397963e-01  2.000000e-07
 69  79  1  0  0  2  3.153244e-01  2.000000e-07
 86  74  0  0  0  2  6.438484e-02  2.000000e-07
 86  70  0  0  0  2  1.350010e-01  2.000000e-07
 86  87  0  0  0  2  1.424151e-01  2.000000e-07
 86  76 -1 -1  0  2  3.092052e-01  2.000000e-07
 86  89  0  0  0  2  1.998651e-01  2.000000e-07
 86  54  0 -1  0  2  4.682711e-01  2.000000e-07
 86  79  0 -1  0  2  5.850874e-01  2.000000e-07
 74  64 -1  0  0  2  3.710751e-01  2.000000e-07
 74  70  0  0  0  2  9.107535e-02  2.000000e-07
 74  75 -1 -1  0  2  3.042635e-01  2.000000e-07
 74  87  0  0  0  2  1.671205e-01  2.000000e-07
 74  89  0  0  0  2  2.400551e-01  2.000000e-07
 74  54  0 -1  0  2  5.287095e-01  2.000000e-07
 74  79  0 -1  0  2  6.264437e-01  2.000000e-07
 74  79  0  0  0  2  3.863891e-01  2.000000e-07
 74  4 -1  0  0  2  3.919421e-01  2.000000e-07
 74  80  0  0  0  2  2.193284e-01  2.000000e-07
 70  75 -1 -1  0  2  3.743234e-01  2.000000e-07
 70  76 -1 -1  0  2  3.891983e-01  2.000000e-07
 70  77 -1  0  0  2  4.369057e-01  2.000000e-07
 70  5 -1  0  0  2  3.866397e-01  2.000000e-07
 70  79  0  0  0  2  2.959869e-01  2.000000e-07
 70  4 -1  0  0  2  3.447781e-01  2.000000e-07
 70  80  0  0  0  2  2.006101e-01  2.000000e-07
 75  76  0  0  0  2  9.662805e-02  2.000000e-07
 75  77  0  1  0  2  3.805020e-01  2.000000e-07
 75  66  0  0  0  2  2.747124e-01  2.000000e-07
 75  54  1  0  0  2  5.933745e-01  2.000000e-07
 75  5  0  1  0  2  3.690744e-01  2.000000e-07
 75  79  1  0  0  2  5.299615e-01  2.000000e-07
 75  4  0  1  0  2  4.622408e-01  2.000000e-07
 75  80  1  1  0  2  5.148674e-01  2.000000e-07
 75  68  0  0  0  2  4.397379e-01  2.000000e-07
 75  88  1  0  0  2  5.826238e-01  2.000000e-07
 87  77  0  0  0  2  4.253040e-01  2.000000e-07
 87  89  0  0  0  2  8.356357e-02  2.000000e-07
 87  78  0  0  0  2  2.209885e-01  2.000000e-07
 87  79  0  0  0  2  3.260379e-01  2.000000e-07
 87  55  0  0  0  2  3.313069e-01  2.000000e-07
 76  77  0  1  0  2  4.734803e-01  2.000000e-07
 76  66  0  0  0  2  2.152908e-01  2.000000e-07
 76  5  0  1  0  2  4.580487e-01  2.000000e-07
 76  67  0  0  0  2  3.634559e-01  2.000000e-07
 76  88  1  0  0  2  4.960755e-01  2.000000e-07
 77  5  0  0  0  2  5.387561e-02  2.000000e-07
 77  78  0  0  0  2  3.027257e-01  2.000000e-07
 77  4  0  0  0  2  1.892403e-01  2.000000e-07
 77  68  0  0  0  2  3.088117e-01  2.000000e-07
 66  67  0  0  0  2  1.592334e-01  2.000000e-07
 66  79  1  0  0  2  3.304249e-01  2.000000e-07
 66  4  0  0  0  2  2.769989e-01  2.000000e-07
 66  68  0  0  0  2  2.790250e-01  2.000000e-07
 66  88  1  0  0  2  5.421553e-01  2.000000e-07
 89  54  0 -1  0  2  4.753134e-01  2.000000e-07
 89  79  0  0  0  2  3.722378e-01  2.000000e-07
 89  55  0  0  0  2  2.820372e-01  2.000000e-07
 89  80  0  0  0  2  3.923201e-02  2.000000e-07
 89  56  0  0  0  2  3.921058e-01  2.000000e-07
 54  66 -1  0  0  2  5.263864e-01  2.000000e-07
 54  79  0  0  0  2  3.025895e-01  2.000000e-07
 54  10  0  0  0  2  8.063846e-02  2.000000e-07
 54  80  0  0  0  2  5.135020e-01  2.000000e-07
 54  56  0  0  0  2  1.473113e-01  2.000000e-07
 54  68  0  0  0  2  2.498120e-01  2.000000e-07
 54  88  0  0  0  2  5.523586e-02  2.000000e-07
 54  57  0  0  0  2  2.623113e-01  2.000000e-07
 5  78  0  0  0  2  3.488617e-01  2.000000e-07
 5  4  0  0  0  2  1.448126e-01  2.000000e-07
 67  79  1  0  0  2  2.526074e-01  2.000000e-07
 67  57  0  0  0  2  3.060314e-01  2.000000e-07
 78  55  0  0  0  2  1.414667e-01  2.000000e-07
 78  10  0  0  0  2  2.766213e-01  2.000000e-07
 78  68  0  0  0  2  3.087042e-01  2.000000e-07
 79  4 -1  0  0  2  3.834156e-01  2.000000e-07
 79  80  0  0  0  2  3.358379e-01  2.000000e-07
 79  56  0  0  0  2  2.450215e-01  2.000000e-07
 4  80  1  0  0  2  5.340997e-01  2.000000e-07
 4  68  0  0  0  2  2.572808e-01  2.000000e-07
 55  80  0  0  0  2  2.843414e-01  2.000000e-07
 55  56  0  0  0  2  2.108019e-01  2.000000e-07
 55  57  0  0  0  2  3.346132e-01  2.000000e-07
 10  68  0  0  0  2  1.786098e-01  2.000000e-07
 10  88  0  0  0  2  1.262821e-01  2.000000e-07
 80  56  0  0  0  2  3.728208e-01  2.000000e-07
 56  57  0  0  0  2  2.822669e-01  2.000000e-07
 68  88  0  0  0  2  2.757784e-01  2.000000e-07
 58  83  0  0  0  1  1.166148e-01  3.000000e-07
 58  84  0  1  0  1  2.601793e-01  3.000000e-07
 58  53  0  0  0  1  7.436784e-02  3.000000e-07
 58  88  0  0  0  1  1.907427e-01  3.000000e-07
 58  57  0  0  0  1  2.655234e-01  3.000000e-07
 8  6  0  0  0  1  1.033291e-01  3.000000e-07
 8  63  0  0  0  1  8.823111e-02  3.000000e-07
 8  65  0  0  0  1  8.646745e-02  3.000000e-07
 8  76  0  0  0  1  1.329156e-01  3.000000e-07
 8  66  0  0  0  1  1.476990e-01  3.000000e-07
 1  74  0  0  0  1  6.610331e-02  3.000000e-07
 1  70  0  0  0  1  1.218241e-01  3.000000e-07
 1  87  0  0  0  1  1.216582e-01  3.000000e-07
 1  89  0  0  0  1  1.829132e-01  3.000000e-07
 51  9  0  0  0  1  1.374158e-01  3.000000e-07
 51  82  0  0  0  1  6.441941e-02  3.000000e-07
 51  54  0  0  0  1  7.301478e-02  3.000000e-07
 51  10  0  0  0  1  1.019577e-01  3.000000e-07
 51  56  0  0  0  1  1.166438e-01  3.000000e-07
 0  84  0  0  0  1  2.165014e-01  3.000000e-07
 0  89  0  0  0  1  1.727274e-01  3.000000e-07
 0  80  0  0  0  1  1.522715e-01  3.000000e-07
 59  85  0  0  0  1  1.107563e-01  3.000000e-07
 59  55  0  0  0  1  1.349811e-01  3.000000e-07
 59  10  0  0  0  1  1.382683e-01  3.000000e-07
 59  56  0  0  0  1  1.058966e-01  3.000000e-07
 59  68  0  0  0  1  1.231041e-01  3.000000e-07
 71  73  0  0  0  1  2.160464e-01  3.000000e-07
 71  2 -1  0  0  1  2.191065e-01  3.000000e-07
 71  3 -1  0  0  1  1.904691e-01  3.000000e-07
 71  66 -1  0  0  1  2.589015e-01  3.000000e-07
 71  67 -1  0  0  1  1.787388e-01  3.000000e-07
 71  79  0  0  0  1  7.578442e-02  3.000000e-07
 9  82  0  0  0  1  1.649974e-01  3.000000e-07
 9  61  0  0  0  1  5.555966e-02  3.000000e-07
 9  56  0  0  0  1  6.869834e-02  3.000000e-07
 82  83  0  0  0  1  2.398710e-01  3.000000e-07
 82  61  0  0  0  1  1.829964e-01  3.000000e-07
 82  86  0  1  0  1  4.493612e-01  3.000000e-07
 82  54  0  0  0  1  1.230509e-01  3.000000e-07
 82  79  0  0  0  1  1.950156e-01  3.000000e-07
 82  88  0  0  0  1  1.557040e-01  3.000000e-07
 72  60  0  0  0  1  1.636309e-01  3.000000e-07
 72  62  0  0  0  1  1.637159e-01  3.000000e-07
 72  7  0  0  0  1  2.150144e-01  3.000000e-07
 72  5  0  0  0  1  1.524208e-01  3.000000e-07
 72  4  0  0  0  1  6.089883e-02  3.000000e-07
 72  68  0  0  0  1  1.979386e-01  3.000000e-07
 83  84  0  1  0  1  2.681905e-01  3.000000e-07
 83  86  0  1  0  1  3.575280e-01  3.000000e-07
 83  88  0  0  0  1  1.081895e-01  3.000000e-07
 60  55  0  0  0  1  1.803824e-01  3.000000e-07
 6  63  0  0  0  1  1.314174e-01  3.000000e-07
 6  76  0  0  0  1  8.408735e-02  3.000000e-07
 61  85  0  0  0  1  8.994332e-02  3.000000e-07
 61  52  0  0  0  1  1.300869e-01  3.000000e-07
 61  78  0  0  0  1  1.379539e-01  3.000000e-07
 61  79  0  0  0  1  1.402546e-01  3.000000e-07
 62  3  0  0  0  1  1.311666e-01  3.000000e-07
 62  65  0  0  0  1  1.784056e-01  3.000000e-07
 62  7  0  0  0  1  1.554346e-01  3.000000e-07
 62  66  0  0  0  1  1.032794e-01  3.000000e-07
 62  67  0  0  0  1  1.058157e-01  3.000000e-07
 81  64  0  0  0  1  2.066904e-01  3.000000e-07
 81  69  0  0  0  1  9.734146e-02  3.000000e-07
 81  74  1  0  0  1  3.170371e-01  3.000000e-07
 81  5  0  0  0  1  1.062034e-01  3.000000e-07
 81  4  0  0  0  1  9.967329e-02  3.000000e-07
 73  3 -1  0  0  1  2.647723e-01  3.000000e-07
 73  52  0  0  0  1  1.845432e-01  3.000000e-07
 73  69 -1  0  0  1  2.476536e-01  3.000000e-07
 73  70  0  0  0  1  9.122038e-02  3.000000e-07
 73  87  0  0  0  1  1.691049e-01  3.000000e-07
 73  79  0  0  0  1  2.048411e-01  3.000000e-07
 63  53  0  0  0  1  1.761168e-01  3.000000e-07
 63  65  0  0  0  1  9.848235e-02  3.000000e-07
 63  75  0  0  0  1  1.620870e-01  3.000000e-07
 63  57  0  0  0  1  1.658704e-01  3.000000e-07
 84  53  0 -1  0  1  2.800808e-01  3.000000e-07
 84  86  0  0  0  1  2.536962e-01  3.000000e-07
 84  77  0  0  0  1  3.020253e-01  3.000000e-07
 84  89  0  0  0  1  7.803903e-02  3.000000e-07
 84  78  0  0  0  1  2.363583e-01  3.000000e-07
 84  55  0  0  0  1  2.757427e-01  3.000000e-07
 2  66  0  0  0  1  9.821797e-02  3.000000e-07
 2  67  0  0  0  1  6.710714e-02  3.000000e-07
 85  78  0  0  0  1  1.373129e-01  3.000000e-07
 85  55  0  0  0  1  1.796656e-01  3.000000e-07
 85  56  0  0  0  1  5.302314e-02  3.000000e-07
 64  53  0 -1  0  1  2.199210e-01  3.000000e-07
 64  74  1  0  0  1  3.710751e-01  3.000000e-07
 64  75  0 -1  0  1  2.268714e-01  3.000000e-07
 64  77  0  0  0  1  1.574687e-01  3.000000e-07
 64  5  0  0  0  1  1.605514e-01  3.000000e-07
 53  75  0  0  0  1  2.608554e-01  3.000000e-07
 3  69  0  0  0  1  9.927614e-02  3.000000e-07
 3  4  0  0  0  1  1.311462e-01  3.000000e-07
 65  7  0  0  0  1  1.231873e-01  3.000000e-07
 65  66  0  0  0  1  1.372003e-01  3.000000e-07
 65  57  0  0  0  1  1.105818e-01  3.000000e-07
 52  87  0  0  0  1  1.723625e-01  3.000000e-07
 52  78  0  0  0  1  7.846657e-02  3.000000e-07
 52  79  0  0  0  1  2.039552e-01  3.000000e-07
 52  80  0  0  0  1  1.556952e-01  3.000000e-07
 7  68  0  0  0  1  9.798714e-02  3.000000e-07
 7  57  0  0  0  1  5.318652e-02  3.000000e-07
 69  70  1  0  0  1  2.630173e-01  3.000000e-07
 69  4  0  0  0  1  8.537055e-02  3.000000e-07
 86  76 -1 -1  0  1  3.092052e-01  3.000000e-07
 74  70  0  0  0  1  9.107535e-02  3.000000e-07
 74  75 -1 -1  0  1  3.042635e-01  3.000000e-07
 74  76 -1 -1  0  1  3.056691e-01  3.000000e-07
 70  81 -1  0  0  1  2.883653e-01  3.000000e-07
 70  87  0  0  0  1  1.493405e-01  3.000000e-07
 75  76  0  0  0  1  9.662805e-02  3.000000e-07
 87  89  0  0  0  1  8.356357e-02  3.000000e-07
 87  80  0  0  0  1  5.340270e-02  3.000000e-07
 76  66  0  0  0  1  2.152908e-01  3.000000e-07
 77  55  0  0  0  1  1.816245e-01  3.000000e-07
 54  10  0  0  0  1  8.063846e-02  3.000000e-07
 54  88  0  0  0  1  5.523586e-02  3.000000e-07
 5  4  0  0  0  1  1.448126e-01  3.000000e-07
 78  55  0  0  0  1  1.414667e-01  3.000000e-07
 10  56  0  0  0  1  8.926542e-02  3.000000e-07
 10  68  0  0  0  1  1.786098e-01  3.000000e-07
 10  88  0  0  0  1  1.262821e-01  3.000000e-07
 10  57  0  0  0  1  2.197946e-01  3.000000e-07
 68  57  0  0  0  1  1.204034e-01  3.000000e-07
-1.740358e-01 -1.695764e-01  0
-3.676595e-01 -4.008224e-01  0
 3.572249e-01  5.154921e-02  0
 3.900485e-01 -4.523922e-02  0
 2.804095e-01 -1.172018e-01  0
 1.952788e-01 -2.343489e-01  0
 3.254514e-01  3.838216e-01  0
 1.661574e-01  1.202519e-01  0
 2.951802e-01  2.850261e-01  0
-1.693249e-01  3.533178e-03  0
-7.475030e-02  1.231751e-01  0
-7.034164e-02 -2.750605e-01  1.326416e-01
-1.392412e-01 -4.041468e-01  1.616083e-01
 4.716446e-03  4.077820e-01  3.955554e-01
-3.541190e-01 -6.847566e-02  1.169420e-01
-2.517288e-01 -2.591563e-01  1.605488e-01
-3.455179e-01  2.486525e-01  1.162260e-01
-3.729761e-01  4.399020e-01 -3.215821e-01
 2.385961e-01 -2.191536e-01 -1.943214e-01
 4.074220e-01 -3.513370e-02 -1.205309e-01
 3.744824e-01 -1.285159e-01 -2.202807e-01
 3.081547e-01 -2.180599e-01 -2.252428e-01
-8.155623e-02  1.611586e-01 -2.340912e-01
-1.100851e-01  8.229335e-02 -1.682412e-01
-1.727540e-01  4.820418e-02  3.908164e-01
-1.476113e-01  6.596646e-02  3.918423e-01
 2.395656e-02 -3.677776e-02  3.404301e-01
 7.256501e-02 -2.101183e-01 -4.289633e-01
 3.924232e-01 -1.144115e-01  1.767778e-01
 5.339129e-03 -1.248454e-01 -3.813375e-01
-4.118706e-02  1.495964e-03  3.475349e-01
-2.754335e-02  1.695949e-01  3.715087e-01
-4.332373e-02 -2.252390e-01 -3.636825e-01
 2.588183e-01 -1.288956e-01 -3.568154e-01
-3.134545e-01  1.527970e-01  2.851941e-01
-2.340124e-01  2.920363e-01  3.911366e-01
-1.069301e-01 -3.351396e-01  2.060749e-01
-3.392391e-01 -1.129840e-01 -3.479348e-01
-1.311698e-01  2.014016e-01 -2.877015e-01
 3.963546e-01  8.313345e-02 -2.924461e-01
-1.505337e-01 -2.975675e-01 -3.502176e-01
 4.334537e-01 -4.159666e-01  1.907436e-01
-3.242223e-01  1.694858e-01 -1.782966e-01
 1.370987e-01 -1.378378e-01 -2.738749e-01
 1.366818e-01  1.938358e-01 -1.527325e-01
-1.935097e-01  2.556108e-01 -2.005502e-01
-2.225307e-01 -5.674926e-02  1.041373e-01
-3.735511e-02  2.241296e-01  2.761654e-01
 1.339327e-01 -3.989528e-01 -4.271237e-01
-1.743258e-01 -7.935679e-02  3.122434e-01
-6.713976e-02 -6.270159e-03 -2.895879e-01
-1.751687e-01  1.408247e-01  0
-2.193750e-01 -1.581147e-01  0
 7.326775e-02  4.239348e-01  0
-1.206957e-01  1.894441e-01  0
-7.954728e-04 -1.363281e-01  0
-1.126461e-01  4.235291e-02  0
 1.406469e-01  1.669211e-01  0
 4.746839e-03  3.950305e-01  0
-1.661352e-02 -2.277002e-03  0
 1.529000e-01 -2.307499e-01  0
-2.149991e-01 -2.810138e-02  0
 3.082842e-01  5.732430e-02  0
 2.126889e-01  3.163297e-01  0
 1.979141e-01 -3.948787e-01  0
 2.371416e-01  2.209314e-01  0
 3.544185e-01  1.497271e-01  0
 3.941894e-01 -4.459657e-03  0
 9.120324e-02  5.713810e-02  0
 3.625058e-01 -1.406182e-01  0
-4.224024e-01 -2.919907e-01  0
-4.276536e-01  9.950788e-03  0
 2.283735e-01 -8.556443e-02  0
-3.981059e-01 -2.040655e-01  0
-4.312127e-01 -3.826389e-01  0
 3.341230e-01  4.236887e-01  0
 4.057337e-01  3.588129e-01  0
 1.429834e-01 -2.473015e-01  0
-1.419868e-01 -1.451505e-01  0
-3.532033e-01 -4.206524e-03  0
-2.229779e-01 -3.137682e-01  0
 2.997030e-01 -2.149900e-01  0
-2.383489e-01  1.533992e-01  0
-1.035684e-01  3.518238e-01  0
-1.277969e-01 -3.810824e-01  0
-1.271871e-01 -8.637423e-03  0
-3.785416e-01 -4.196681e-01  0
-2.758959e-01 -3.209466e-01  0
-1.116746e-01  2.439383e-01  0
-1.947872e-01 -3.410526e-01  0