 714  90  1.200000e-05  70 -2 -2
 29  45  0  0  0  3  1.853599e-01  1.000000e-07
 29  88  1  0  0  3  3.652297e-01  1.000000e-07
 29  36  0  0  0  3  2.678612e-01  1.000000e-07
 29  30  0  0  0  3  2.590563e-01  1.000000e-07
 29  39  0  0  1  3  4.842426e-01  1.000000e-07
 29  41  0  0  1  3  3.793823e-01  1.000000e-07
 13  46  0  0  0  3  3.290280e-01  1.000000e-07
 13  89  0  0  0  3  2.773423e-01  1.000000e-07
 13  14  0  0  0  3  1.565304e-01  1.000000e-07
 45  34  0  0  0  3  2.106281e-01  1.000000e-07
 45  88  1  0  0  3  3.182826e-01  1.000000e-07
 45  32  0  1  0  3  4.373820e-01  1.000000e-07
 45  50  0  0  0  3  3.165835e-01  1.000000e-07
 45  33  1  0  0  3  3.857862e-01  1.000000e-07
 45  36  0  0  0  3  3.821655e-01  1.000000e-07
 45  49  0  0  1  3  3.193450e-01  1.000000e-07
 46  89  0  0  0  3  2.561015e-01  1.000000e-07
 46  50 -1  0  0  3  4.653604e-01  1.000000e-07
 46  14  0  0  0  3  2.940820e-01  1.000000e-07
 46  30  0  0  0  3  2.329772e-01  1.000000e-07
 46  23  0  0  1  3  3.629022e-01  1.000000e-07
 46  39  0  0  1  3  3.517855e-01  1.000000e-07
 46  22  0  0  1  3  4.055199e-01  1.000000e-07
 46  86  0  0  1  3  4.186830e-01  1.000000e-07
 31  44  0  1  0  3  2.569988e-01  1.000000e-07
 31  34  0  0  0  3  2.864926e-01  1.000000e-07
 31  35  0  1  0  3  2.752743e-01  1.000000e-07
 31  89  0  0  0  3  2.775958e-01  1.000000e-07
 31  37  0  1  0  3  3.997589e-01  1.000000e-07
 31  43  0  0  0  3  1.883752e-01  1.000000e-07
 31  38  0  0  1  3  2.445466e-01  1.000000e-07
 31  42  0  1  1  3  3.547070e-01  1.000000e-07
 44  88  0  0  0  3  4.282252e-01  1.000000e-07
 44  37  0  0  0  3  4.145986e-01  1.000000e-07
 44  50 -1  0  0  3  5.031340e-01  1.000000e-07
 44  30  0  0  0  3  2.398405e-01  1.000000e-07
 44  21  0  0  1  3  3.164018e-01  1.000000e-07
 44  41  0  0  1  3  3.798313e-01  1.000000e-07
 44  42  0  0  1  3  3.636738e-01  1.000000e-07
 34  89  0  0  0  3  2.967705e-01  1.000000e-07
 34  32  0  1  0  3  2.707701e-01  1.000000e-07
 34  33  1  0  0  3  4.090779e-01  1.000000e-07
 34  38  0  0  1  3  3.361067e-01  1.000000e-07
 34  40  0  0  1  3  3.343867e-01  1.000000e-07
 34  49  0  0  1  3  3.309320e-01  1.000000e-07
 35  88  0  0  0  3  4.569641e-01  1.000000e-07
 35  32 -1  0  0  3  5.255086e-01  1.000000e-07
 35  47  0 -1  0  3  2.552882e-01  1.000000e-07
 35  37 -1  0  0  3  5.187374e-01  1.000000e-07
 35  50 -1  0  0  3  5.298318e-01  1.000000e-07
 35  33  0 -1  0  3  3.557991e-01  1.000000e-07
 35  36 -1  0  0  3  4.517429e-01  1.000000e-07
 88  14  0  0  0  3  1.317692e-01  1.000000e-07
 88  36 -1  0  0  3  2.991664e-01  1.000000e-07
 89  47  0  0  0  3  2.584069e-01  1.000000e-07
 89  14  0  0  0  3  3.232122e-01  1.000000e-07
 89  39  0  0  1  3  2.968749e-01  1.000000e-07
 89  41  0  0  1  3  4.262518e-01  1.000000e-07
 32  47  1 -1  0  3  5.709912e-01  1.000000e-07
 32  50  0  0  0  3  3.774586e-01  1.000000e-07
 32  36  0  0  0  3  3.062684e-01  1.000000e-07
 32  40  0 -1  1  3  4.725659e-01  1.000000e-07
 47  43  0  0  0  3  3.048752e-01  1.000000e-07
 47  33  0  0  0  3  2.942272e-01  1.000000e-07
 47  14  0  0  0  3  2.700266e-01  1.000000e-07
 37  50  0  0  0  3  2.988001e-01  1.000000e-07
 37  33  1 -1  0  3  4.946089e-01  1.000000e-07
 37  36  0  0  0  3  1.843454e-01  1.000000e-07
 37  30  0  0  0  3  2.488017e-01  1.000000e-07
 43  33  0  0  0  3  2.243224e-01  1.000000e-07
 43  38  0  0  1  3  2.465657e-01  1.000000e-07
 43  16  0  1  1  3  2.961935e-01  1.000000e-07
 43  48  0  0  1  3  3.625861e-01  1.000000e-07
 43  39  0  0  1  3  3.387352e-01  1.000000e-07
 43  42  0  1  1  3  2.723131e-01  1.000000e-07
 43  27  0  0  1  3  4.586870e-01  1.000000e-07
 50  14  1  0  0  3  3.522499e-01  1.000000e-07
 50  36  0  0  0  3  3.260401e-01  1.000000e-07
 50  48  1  0  1  3  3.916092e-01  1.000000e-07
 33  48  0  0  1  3  3.090887e-01  1.000000e-07
 33  40 -1  0  1  3  4.990605e-01  1.000000e-07
 33  49 -1  0  1  3  4.021623e-01  1.000000e-07
 14  45 -1  0  0  3  3.123845e-01  1.000000e-07
 14  48  0  0  1  3  3.446332e-01  1.000000e-07
 14  49 -1  0  1  3  4.739325e-01  1.000000e-07
 36  30  0  0  0  3  3.763692e-01  1.000000e-07
 30  38  0 -1  1  3  4.392208e-01  1.000000e-07
 30  41  0  0  1  3  2.361355e-01  1.000000e-07
 30  42  0  0  1  3  3.975866e-01  1.000000e-07
 21  24 -1  0  0  3  3.774728e-01  1.000000e-07
 21  48  0  0  0  3  4.445396e-01  1.000000e-07
 21  26  0  0  0  3  3.260899e-01  1.000000e-07
 21  25  0  0  0  3  1.831636e-01  1.000000e-07
 21  22  0  0  0  3  1.803592e-01  1.000000e-07
 21  86  0  0  0  3  3.367514e-01  1.000000e-07
 21  41  0  0  0  3  3.354539e-01  1.000000e-07
 21  42  0  0  0  3  1.462452e-01  1.000000e-07
 38  16  0  1  0  3  3.765942e-01  1.000000e-07
 38  40  0  0  0  3  2.556295e-01  1.000000e-07
 38  41  0  1  0  3  4.367731e-01  1.000000e-07
 38  27  0  0  0  3  3.959495e-01  1.000000e-07
 38  17  0  0  0  3  3.977426e-01  1.000000e-07
 19  23  0  0  0  3  2.342326e-01  1.000000e-07
 19  39  0  0  0  3  1.693628e-01  1.000000e-07
 19  40  0  0  0  3  1.581588e-01  1.000000e-07
 19  49  0  0  0  3  2.721655e-01  1.000000e-07
 19  28  0  0  0  3  3.214075e-01  1.000000e-07
 19  18  0  0  0  3  2.701789e-01  1.000000e-07
 19  86  0  0  0  3  2.796589e-01  1.000000e-07
 19  41  0  0  0  3  3.062187e-01  1.000000e-07
 19  27  0  0  0  3  3.626108e-01  1.000000e-07
 16  24 -1  0  0  3  3.175500e-01  1.000000e-07
 16  48  0 -1  0  3  4.560361e-01  1.000000e-07
 16  26  0  0  0  3  2.217368e-01  1.000000e-07
 16  25  0  0  0  3  2.667517e-01  1.000000e-07
 16  42  0  0  0  3  2.055594e-01  1.000000e-07
 16  27  0 -1  0  3  3.476987e-01  1.000000e-07
 16  17 -1 -1  0  3  4.056250e-01  1.000000e-07
 23  48  0  0  0  3  3.625548e-01  1.000000e-07
 23  39  0  0  0  3  2.535413e-01  1.000000e-07
 23  28  0  0  0  3  3.031670e-01  1.000000e-07
 23  22  0  0  0  3  2.034125e-01  1.000000e-07
 23  20  0  0  0  3  2.567493e-01  1.000000e-07
 23  86  0  0  0  3  1.607752e-01  1.000000e-07
 23  41  0  0  0  3  1.170632e-01  1.000000e-07
 24  48  1  0  0  3  4.957638e-01  1.000000e-07
 24  26  1  0  0  3  2.221120e-01  1.000000e-07
 24  28  0  0  0  3  2.410192e-01  1.000000e-07
 24  20  0  0  0  3  4.327010e-01  1.000000e-07
 24  86  1  0  0  3  4.640582e-01  1.000000e-07
 24  41  0  0  0  3  4.876590e-01  1.000000e-07
 24  17  0 -1  0  3  3.353613e-01  1.000000e-07
 39  49  0  0  0  3  3.906505e-01  1.000000e-07
 39  41  0  0  0  3  3.081755e-01  1.000000e-07
 39  27  0  0  0  3  3.548941e-01  1.000000e-07
 40  49  0  0  0  3  1.905423e-01  1.000000e-07
 40  28  0  0  0  3  3.548637e-01  1.000000e-07
 40  18  0  0  0  3  2.755704e-01  1.000000e-07
 40  17  0  0  0  3  2.954290e-01  1.000000e-07
 49  41  0  0  0  3  3.933006e-01  1.000000e-07
 26  25  0  0  0  3  3.401154e-01  1.000000e-07
 26  22  0  0  0  3  3.517120e-01  1.000000e-07
 26  86  0  0  0  3  4.186647e-01  1.000000e-07
 26  42  0  0  0  3  3.488561e-01  1.000000e-07
 28  20  0  0  0  3  3.510010e-01  1.000000e-07
 28  41  0  0  0  3  3.140070e-01  1.000000e-07
 28  17  0  0  0  3  5.280328e-01  1.000000e-07
 25  22  0  0  0  3  3.400197e-02  1.000000e-07
 25  20  0  0  0  3  1.578672e-01  1.000000e-07
 25  86  0  0  0  3  2.483749e-01  1.000000e-07
 25  41  0  0  0  3  2.394241e-01  1.000000e-07
 25  42  0  0  0  3  1.174009e-01  1.000000e-07
 22  20  0  0  0  3  1.760378e-01  1.000000e-07
 22  41  0  0  0  3  2.170635e-01  1.000000e-07
 22  42  0  0  0  3  1.395006e-01  1.000000e-07
 18  86  0  0  0  3  4.398564e-01  1.000000e-07
 18  42  0  1  0  3  4.495311e-01  1.000000e-07
 42  27  0 -1  0  3  3.989079e-01  1.000000e-07
 27  17 -1  0  0  3  5.004866e-01  1.000000e-07
 13  65  0  0  0  3  1.930669e-01  1.000000e-07
 56  28 -1  0  0  3  4.281176e-01  1.000000e-07
 88  63 -1  0  0  3  2.940570e-01  1.000000e-07
 52  17  0  0  0  3  3.263948e-01  1.000000e-07
 44  71  0  0  0  3  3.116672e-01  1.000000e-07
 9  86  0  0  0  3  3.009354e-01  1.000000e-07
 13  65  0  0  0  3  1.508405e-01  1.000000e-07
 56  49 -1  0  0  3  5.139803e-01  1.000000e-07
 30  59  0  0  0  3  3.390789e-01  1.000000e-07
 57  20  0  0  0  3  2.149753e-01  1.000000e-07
 47  60  0  0  0  3  2.578917e-01  1.000000e-07
 78  26  0  1  0  3  1.990402e-01  1.000000e-07
 34  55  0  0  0  3  3.388706e-01  1.000000e-07
 51  18  0  0  0  3  1.059690e-01  1.000000e-07
 88  1  0  0  0  3  1.897763e-01  1.000000e-07
 0  86  0  0  0  3  3.191361e-01  1.000000e-07
 88  84  0  0  0  3  2.508960e-01  1.000000e-07
 87  26  0  0  0  3  1.997338e-01  1.000000e-07
 47  12  0  0  0  3  2.561221e-01  1.000000e-07
 80  18  0  0  0  3  1.571776e-01  1.000000e-07
 13  56  0  0  0  3  2.314827e-01  1.000000e-07
 78  17 -1  0  0  3  3.389276e-01  1.000000e-07
 37  57  0  0  0  3  2.893349e-01  1.000000e-07
 79  20  0  0  0  3  2.403320e-01  1.000000e-07
 89  67  0  0  0  3  3.105522e-01  1.000000e-07
 62  86  0  0  0  3  2.911314e-01  1.000000e-07
 18  51  0  0  0  3  1.278909e-01  1.000000e-07
 81  32  0  1  0  3  3.927423e-01  1.000000e-07
 36  57  0  0  0  3  1.854752e-01  1.000000e-07
 79  20  0  0  0  3  3.097425e-01  1.000000e-07
 32  58  0 -1  0  3  3.223843e-01  1.000000e-07
 53  17  0  0  0  3  1.840853e-01  1.000000e-07
 47  78  0  0  0  3  2.708920e-01  1.000000e-07
 60  17 -1  0  0  3  2.915099e-01  1.000000e-07
 29  73  0  0  0  3  2.560433e-01  1.000000e-07
 72  28  0  0  0  3  2.708251e-01  1.000000e-07
 35  66  0 -1  0  3  2.379239e-01  1.000000e-07
 54  27  0  0  0  3  1.637110e-01  1.000000e-07
 13  15  0  0  0  3  1.498973e-01  1.000000e-07
 56  27  0  0  0  3  1.517742e-01  1.000000e-07
 13  65  0  0  0  3  1.211159e-01  1.000000e-07
 56  48  0  0  0  3  4.294093e-01  1.000000e-07
 37  81  0 -1  0  3  4.039744e-01  1.000000e-07
 51  18  0  0  0  3  1.602771e-01  1.000000e-07
 31  51  0  0  0  3  3.593277e-01  1.000000e-07
 80  18  0  0  0  3  1.093558e-01  1.000000e-07
 29  61  0  0  0  3  3.149885e-01  1.000000e-07
 57  20  0  0  0  3  2.626535e-01  1.000000e-07
 29  70  0  0  0  3  3.116570e-01  1.000000e-07
 61  86  0  0  0  3  3.297677e-01  1.000000e-07
 13  64  0  0  0  3  1.421904e-01  1.000000e-07
 65  86  0  0  0  3  3.154141e-01  1.000000e-07
 51  81  0  0  0  2  2.555550e-02  2.000000e-07
 51  74  0  0  0  2  2.992196e-01  2.000000e-07
 51  53  0  0  0  2  3.520572e-01  2.000000e-07
 51  12  0  0  0  2  2.151398e-01  2.000000e-07
 51  10  0  1  0  2  3.957110e-01  2.000000e-07
 51  63  0  0  0  2  3.419983e-01  2.000000e-07
 51  75  0  0  0  2  2.721493e-01  2.000000e-07
 51  54  0  0  0  2  2.786822e-01  2.000000e-07
 51  11  0  1  0  2  3.311961e-01  2.000000e-07
 51  57  0  1  0  2  3.532242e-01  2.000000e-07
 51  58  0  0  0  2  1.616542e-01  2.000000e-07
 51  59  0  1  0  2  2.487499e-01  2.000000e-07
 51  76  0  0  0  2  1.607192e-01  2.000000e-07
 51  3  0  0  0  2  2.259344e-01  2.000000e-07
 51  80  0  0  0  2  1.115127e-01  2.000000e-07
 84  68  0  0  0  2  1.779016e-01  2.000000e-07
 84  0  0  0  0  2  2.388995e-01  2.000000e-07
 84  82  0  0  0  2  1.638762e-01  2.000000e-07
 84  83  0  0  0  2  1.880653e-01  2.000000e-07
 84  65  0  0  0  2  3.262380e-01  2.000000e-07
 84  8 -1  0  0  2  2.267929e-01  2.000000e-07
 84  85  0  0  0  2  1.401109e-01  2.000000e-07
 84  78  0 -1  0  2  3.765334e-01  2.000000e-07
 84  11 -1  0  0  2  3.547135e-01  2.000000e-07
 84  1  0  0  0  2  1.340496e-01  2.000000e-07
 84  87  0  0  0  2  3.396507e-02  2.000000e-07
 84  60  0 -1  0  2  3.571220e-01  2.000000e-07
 84  7 -1  0  0  2  3.121424e-01  2.000000e-07
 84  73 -1  0  0  2  3.486953e-01  2.000000e-07
 84  72 -1  0  0  2  2.897775e-01  2.000000e-07
 68  61  0  0  0  2  3.886330e-01  2.000000e-07
 68  0  0  0  0  2  2.508739e-01  2.000000e-07
 68  83  0  0  0  2  1.082801e-01  2.000000e-07
 68  70  0  0  0  2  3.353195e-01  2.000000e-07
 68  10 -1  0  0  2  3.843312e-01  2.000000e-07
 68  4  0 -1  0  2  6.083092e-01  2.000000e-07
 68  8 -1  0  0  2  3.553467e-01  2.000000e-07
 68  85  0  0  0  2  1.467442e-01  2.000000e-07
 68  55  0 -1  0  2  5.269926e-01  2.000000e-07
 68  1  0  0  0  2  1.986446e-01  2.000000e-07
 68  6  0  0  0  2  7.629030e-02  2.000000e-07
 68  79  0  0  0  2  4.044937e-01  2.000000e-07
 68  58  0 -1  0  2  5.876028e-01  2.000000e-07
 68  87  0  0  0  2  1.967630e-01  2.000000e-07
 68  60  0 -1  0  2  3.429826e-01  2.000000e-07
 68  9  0  0  0  2  5.158971e-02  2.000000e-07
 68  71  0  0  0  2  1.323255e-01  2.000000e-07
 68  5  0  0  0  2  3.989041e-01  2.000000e-07
 68  80  0 -1  0  2  3.849109e-01  2.000000e-07
 68  77  0  0  0  2  1.793124e-01  2.000000e-07
 61  67  0  0  0  2  2.983076e-01  2.000000e-07
 61  70  0  0  0  2  1.953352e-01  2.000000e-07
 61  52  0  0  0  2  3.780783e-01  2.000000e-07
 61  69  0  0  0  2  2.492124e-01  2.000000e-07
 61  74  0  0  0  2  3.211305e-01  2.000000e-07
 61  65  1  0  0  2  5.686313e-01  2.000000e-07
 61  10  0  0  0  2  4.415467e-01  2.000000e-07
 61  4  0  0  0  2  3.075032e-01  2.000000e-07
 61  8  0  0  0  2  3.749320e-01  2.000000e-07
 61  79  0  0  0  2  2.428653e-01  2.000000e-07
 61  58  0  0  0  2  4.682573e-01  2.000000e-07
 61  87  1  0  0  2  4.985233e-01  2.000000e-07
 61  59  0  0  0  2  2.873497e-01  2.000000e-07
 61  3  0  0  0  2  2.873965e-01  2.000000e-07
 61  9  0  0  0  2  3.481009e-01  2.000000e-07
 61  7  0  0  0  2  3.093333e-01  2.000000e-07
 61  73  0  0  0  2  2.304955e-01  2.000000e-07
 61  72  0  0  0  2  2.327464e-01  2.000000e-07
 61  77  0  0  0  2  4.103126e-01  2.000000e-07
 0  67  0  0  0  2  1.381530e-01  2.000000e-07
 0  70  0  0  0  2  1.767672e-01  2.000000e-07
 0  62  0  0  0  2  8.766091e-02  2.000000e-07
 0  65  0  0  0  2  2.051683e-01  2.000000e-07
 0  85  0  0  0  2  1.157452e-01  2.000000e-07
 0  1  0  0  0  2  1.061774e-01  2.000000e-07
 0  87  0  0  0  2  2.171381e-01  2.000000e-07
 0  64  0  0  0  2  1.136968e-01  2.000000e-07
 0  71  0  0  0  2  1.204089e-01  2.000000e-07
 67  70  0  0  0  2  1.037310e-01  2.000000e-07
 67  69  0  0  0  2  1.233480e-01  2.000000e-07
 67  4  0  0  0  2  6.725295e-02  2.000000e-07
 67  85  0  0  0  2  2.488808e-01  2.000000e-07
 67  76  0  0  0  2  2.090074e-01  2.000000e-07
 67  64  0  0  0  2  6.824500e-02  2.000000e-07
 67  9  0  0  0  2  3.146130e-01  2.000000e-07
 81  53  0  0  0  2  3.530255e-01  2.000000e-07
 81  63  0  0  0  2  3.545101e-01  2.000000e-07
 81  55  0  0  0  2  1.072358e-01  2.000000e-07
 81  11  0  1  0  2  3.142451e-01  2.000000e-07
 81  57  0  1  0  2  3.283936e-01  2.000000e-07
 81  59  0  1  0  2  2.235579e-01  2.000000e-07
 81  76  0  0  0  2  1.840406e-01  2.000000e-07
 81  5  0  1  0  2  2.583920e-01  2.000000e-07
 81  80  0  0  0  2  1.133443e-01  2.000000e-07
 82  83  0  0  0  2  3.269576e-02  2.000000e-07
 82  53 -1 -1  0  2  3.672387e-01  2.000000e-07
 82  10 -1  0  0  2  2.686706e-01  2.000000e-07
 82  54  0 -1  0  2  2.514114e-01  2.000000e-07
 82  78  0 -1  0  2  2.566184e-01  2.000000e-07
 82  11 -1  0  0  2  3.633601e-01  2.000000e-07
 82  56  0 -1  0  2  3.913633e-01  2.000000e-07
 82  1  0  0  0  2  2.573602e-01  2.000000e-07
 82  57 -1  0  0  2  5.272479e-01  2.000000e-07
 82  59  0  0  0  2  3.586451e-01  2.000000e-07
 82  66  0 -1  0  2  2.592009e-01  2.000000e-07
 82  71  0  0  0  2  2.345988e-01  2.000000e-07
 82  5  0  0  0  2  4.891714e-01  2.000000e-07
 82  72 -1  0  0  2  4.246426e-01  2.000000e-07
 82  80  0 -1  0  2  3.877678e-01  2.000000e-07
 82  77  0  0  0  2  2.107388e-01  2.000000e-07
 2  70  0  0  0  2  3.314540e-02  2.000000e-07
 2  62  0  0  0  2  9.374571e-02  2.000000e-07
 2  69  0  0  0  2  1.005440e-01  2.000000e-07
 2  74  0  0  0  2  1.109251e-01  2.000000e-07
 2  75  0  0  0  2  1.055864e-01  2.000000e-07
 2  57  0  0  0  2  3.790515e-01  2.000000e-07
 2  59  0  0  0  2  4.173647e-01  2.000000e-07
 2  64  0  0  0  2  1.358369e-01  2.000000e-07
 2  71  0  0  0  2  2.270709e-01  2.000000e-07
 2  73  0  0  0  2  3.968847e-01  2.000000e-07
 2  72  0  0  0  2  4.329209e-01  2.000000e-07
 83  78  0 -1  0  2  2.644332e-01  2.000000e-07
 83  55  0 -1  0  2  5.098469e-01  2.000000e-07
 83  11 -1  0  0  2  3.925583e-01  2.000000e-07
 83  1  0  0  0  2  2.687166e-01  2.000000e-07
 83  87  0  0  0  2  2.190029e-01  2.000000e-07
 83  60  0 -1  0  2  2.347742e-01  2.000000e-07
 83  71  0  0  0  2  2.323774e-01  2.000000e-07
 83  5  0  0  0  2  4.588975e-01  2.000000e-07
 83  80  0 -1  0  2  3.574513e-01  2.000000e-07
 70  52  0  0  0  2  4.000486e-01  2.000000e-07
 70  62  0  0  0  2  1.184149e-01  2.000000e-07
 70  69  0  0  0  2  9.673263e-02  2.000000e-07
 70  4  0  0  0  2  1.304137e-01  2.000000e-07
 70  85  0  0  0  2  2.566053e-01  2.000000e-07
 70  75  0  0  0  2  1.241089e-01  2.000000e-07
 70  55  0  0  0  2  3.264759e-01  2.000000e-07
 70  57  0  0  0  2  3.459355e-01  2.000000e-07
 70  79  0  0  0  2  4.058334e-01  2.000000e-07
 70  76  0  0  0  2  2.369585e-01  2.000000e-07
 70  64  0  0  0  2  1.655224e-01  2.000000e-07
 70  9  0  0  0  2  2.840234e-01  2.000000e-07
 70  71  0  0  0  2  2.216905e-01  2.000000e-07
 70  73  0  0  0  2  3.750015e-01  2.000000e-07
 70  5  0  0  0  2  4.160362e-01  2.000000e-07
 52  53  0  0  0  2  2.038837e-01  2.000000e-07
 52  65  1  0  0  2  3.904109e-01  2.000000e-07
 52  63  0  0  0  2  1.091595e-01  2.000000e-07
 52  78  1  0  0  2  3.265207e-01  2.000000e-07
 52  55  0  0  0  2  1.872870e-01  2.000000e-07
 52  11  0  1  0  2  3.626405e-01  2.000000e-07
 52  79  0  1  0  2  4.288106e-01  2.000000e-07
 52  58  0  0  0  2  1.141596e-01  2.000000e-07
 52  76  0  0  0  2  2.676493e-01  2.000000e-07
 52  60  1  0  0  2  3.592312e-01  2.000000e-07
 52  7  0  1  0  2  4.305878e-01  2.000000e-07
 52  73  0  0  0  2  2.557002e-01  2.000000e-07
 62  69  0  0  0  2  9.413475e-02  2.000000e-07
 62  74  0  0  0  2  1.182438e-01  2.000000e-07
 62  12  0  0  0  2  3.147485e-01  2.000000e-07
 62  63 -1  0  0  2  4.973902e-01  2.000000e-07
 62  75  0  0  0  2  1.648866e-01  2.000000e-07
 62  15  0  0  0  2  2.782907e-01  2.000000e-07
 62  56  0  0  0  2  3.048662e-01  2.000000e-07
 62  1  0  0  0  2  1.934080e-01  2.000000e-07
 62  64  0  0  0  2  5.609916e-02  2.000000e-07
 62  71  0  0  0  2  1.898908e-01  2.000000e-07
 62  72 -1  0  0  2  5.019871e-01  2.000000e-07
 69  74  0  0  0  2  1.899921e-01  2.000000e-07
 69  65  0  0  0  2  2.909061e-01  2.000000e-07
 69  4  0  0  0  2  1.832746e-01  2.000000e-07
 69  85  0  0  0  2  1.599536e-01  2.000000e-07
 69  56  0  0  0  2  3.941574e-01  2.000000e-07
 69  6  0  0  0  2  2.010338e-01  2.000000e-07
 69  57  0  0  0  2  3.601388e-01  2.000000e-07
 69  59  0  0  0  2  3.606868e-01  2.000000e-07
 69  3  0  0  0  2  3.856525e-01  2.000000e-07
 69  9  0  0  0  2  1.972374e-01  2.000000e-07
 69  71  0  0  0  2  1.267158e-01  2.000000e-07
 69  72 -1  0  0  2  5.241773e-01  2.000000e-07
 69  77  0  0  0  2  3.769985e-01  2.000000e-07
 74  12  0  0  0  2  2.166969e-01  2.000000e-07
 74  4  0  0  0  2  1.377346e-02  2.000000e-07
 74  75  0  0  0  2  7.683406e-02  2.000000e-07
 74  54  0  0  0  2  3.080746e-01  2.000000e-07
 74  56  0  0  0  2  2.961579e-01  2.000000e-07
 74  57  0  0  0  2  4.850717e-01  2.000000e-07
 74  58  0  0  0  2  3.983648e-01  2.000000e-07
 74  3  0  0  0  2  2.844112e-01  2.000000e-07
 74  77  0  1  0  2  4.357017e-01  2.000000e-07
 53  65  1  0  0  2  3.339528e-01  2.000000e-07
 53  10  0  1  0  2  1.975690e-01  2.000000e-07
 53  63  0  0  0  2  1.644887e-01  2.000000e-07
 53  15  1  0  0  2  3.505276e-01  2.000000e-07
 53  54  1  0  0  2  3.765192e-01  2.000000e-07
 53  78  1  0  0  2  1.260621e-01  2.000000e-07
 53  55  0  0  0  2  3.439774e-01  2.000000e-07
 53  11  0  1  0  2  2.529480e-01  2.000000e-07
 53  56  1  0  0  2  2.371013e-01  2.000000e-07
 53  57  0  1  0  2  4.386364e-01  2.000000e-07
 53  58  0  0  0  2  1.939622e-01  2.000000e-07
 53  3  0  0  0  2  3.147732e-01  2.000000e-07
 53  66  1  0  0  2  3.724247e-01  2.000000e-07
 12  75  0  0  0  2  2.515511e-01  2.000000e-07
 12  15  0  0  0  2  1.024569e-01  2.000000e-07
 12  54  0  0  0  2  9.939782e-02  2.000000e-07
 12  76  0  0  0  2  1.823780e-01  2.000000e-07
 12  66  0  0  0  2  9.343537e-02  2.000000e-07
 12  64  0  0  0  2  2.734837e-01  2.000000e-07
 12  80  0  0  0  2  1.075579e-01  2.000000e-07
 65  63 -1  0  0  2  2.818800e-01  2.000000e-07
 65  4  0  0  0  2  2.695735e-01  2.000000e-07
 65  85  0  0  0  2  2.781528e-01  2.000000e-07
 65  15  0  0  0  2  2.217778e-01  2.000000e-07
 65  78  0  0  0  2  3.212237e-01  2.000000e-07
 65  56  0  0  0  2  1.354105e-01  2.000000e-07
 65  1  0  0  0  2  2.268235e-01  2.000000e-07
 65  58 -1  0  0  2  4.686198e-01  2.000000e-07
 65  87  0  0  0  2  2.926519e-01  2.000000e-07
 65  66  0  0  0  2  3.320950e-01  2.000000e-07
 65  64  0  0  0  2  1.701566e-01  2.000000e-07
 65  60  0  0  0  2  3.280137e-01  2.000000e-07
 65  73 -1  0  0  2  3.383049e-01  2.000000e-07
 65  72 -1  0  0  2  3.560148e-01  2.000000e-07
 10  8  0  0  0  2  1.033057e-01  2.000000e-07
 10  54  1 -1  0  2  4.096306e-01  2.000000e-07
 10  56  1 -1  0  2  3.823207e-01  2.000000e-07
 10  6  1  0  0  2  3.939534e-01  2.000000e-07
 10  57  0  0  0  2  3.011512e-01  2.000000e-07
 10  79  0  0  0  2  2.586949e-01  2.000000e-07
 10  58  0 -1  0  2  2.881435e-01  2.000000e-07
 10  59  0  0  0  2  3.860326e-01  2.000000e-07
 10  60  1 -1  0  2  2.025240e-01  2.000000e-07
 10  9  1  0  0  2  4.244146e-01  2.000000e-07
 10  7  0  0  0  2  1.322134e-01  2.000000e-07
 10  72  0  0  0  2  3.489282e-01  2.000000e-07
 10  77  1  0  0  2  4.558325e-01  2.000000e-07
 63  75  0  0  0  2  4.120894e-01  2.000000e-07
 63  15  1  0  0  2  4.003560e-01  2.000000e-07
 63  78  1  0  0  2  2.645752e-01  2.000000e-07
 63  55  0  0  0  2  2.963286e-01  2.000000e-07
 63  56  1  0  0  2  2.558612e-01  2.000000e-07
 63  1  1  0  0  2  4.511431e-01  2.000000e-07
 63  76  0  0  0  2  3.739824e-01  2.000000e-07
 63  3  0  0  0  2  2.002209e-01  2.000000e-07
 63  64  1  0  0  2  4.514273e-01  2.000000e-07
 63  73  0  0  0  2  2.299327e-01  2.000000e-07
 63  72  0  0  0  2  3.043865e-01  2.000000e-07
 4  55  0  0  0  2  2.492172e-01  2.000000e-07
 4  56  0  0  0  2  3.094981e-01  2.000000e-07
 4  58  0  0  0  2  3.943842e-01  2.000000e-07
 4  76  0  0  0  2  1.421086e-01  2.000000e-07
 4  3  0  0  0  2  2.754037e-01  2.000000e-07
 4  66  0  0  0  2  3.111750e-01  2.000000e-07
 4  64  0  0  0  2  1.143444e-01  2.000000e-07
 4  60  0  0  0  2  4.641664e-01  2.000000e-07
 4  77  0  1  0  2  4.451377e-01  2.000000e-07
 8  83  1  0  0  2  2.897351e-01  2.000000e-07
 8  78  1 -1  0  2  2.781401e-01  2.000000e-07
 8  11  0  0  0  2  1.280420e-01  2.000000e-07
 8  6  1  0  0  2  3.452078e-01  2.000000e-07
 8  87  1  0  0  2  2.447528e-01  2.000000e-07
 8  60  1 -1  0  2  2.792978e-01  2.000000e-07
 8  7  0  0  0  2  9.311500e-02  2.000000e-07
 8  73  0  0  0  2  3.312334e-01  2.000000e-07
 8  72  0  0  0  2  2.493217e-01  2.000000e-07
 85  56  0  0  0  2  4.101255e-01  2.000000e-07
 85  6  0  0  0  2  7.144555e-02  2.000000e-07
 85  87  0  0  0  2  1.300094e-01  2.000000e-07
 85  9  0  0  0  2  1.126637e-01  2.000000e-07
 85  72 -1  0  0  2  3.921137e-01  2.000000e-07
 75  15  0  0  0  2  2.741469e-01  2.000000e-07
 75  76  0  0  0  2  1.129227e-01  2.000000e-07
 75  3  0  0  0  2  2.120443e-01  2.000000e-07
 75  64  0  0  0  2  1.757444e-01  2.000000e-07
 75  73  0  0  0  2  3.740557e-01  2.000000e-07
 75  72  0  0  0  2  4.276489e-01  2.000000e-07
 15  54  0  0  0  2  1.262759e-01  2.000000e-07
 15  56  0  0  0  2  1.460106e-01  2.000000e-07
 15  66  0  0  0  2  1.154686e-01  2.000000e-07
 15  64  0  0  0  2  2.265735e-01  2.000000e-07
 54  56  0  0  0  2  2.390899e-01  2.000000e-07
 54  59  0  1  0  2  3.076990e-01  2.000000e-07
 54  3  0  0  0  2  4.543583e-01  2.000000e-07
 54  66  0  0  0  2  1.081140e-02  2.000000e-07
 54  80  0  0  0  2  1.686637e-01  2.000000e-07
 54  77  0  1  0  2  1.617345e-01  2.000000e-07
 78  11 -1  1  0  2  2.873707e-01  2.000000e-07
 78  66  0  0  0  2  2.550381e-01  2.000000e-07
 78  60  0  0  0  2  3.292284e-02  2.000000e-07
 78  7 -1  1  0  2  3.246982e-01  2.000000e-07
 55  11  0  1  0  2  3.800404e-01  2.000000e-07
 55  79  0  1  0  2  3.740332e-01  2.000000e-07
 55  58  0  0  0  2  1.525005e-01  2.000000e-07
 55  66  0  0  0  2  3.173018e-01  2.000000e-07
 55  60  0  0  0  2  5.398472e-01  2.000000e-07
 55  5  0  1  0  2  3.552659e-01  2.000000e-07
 55  80  0  0  0  2  1.543434e-01  2.000000e-07
 55  77  0  1  0  2  3.481293e-01  2.000000e-07
 11  57  0  0  0  2  1.988912e-01  2.000000e-07
 11  79  0  0  0  2  1.526949e-01  2.000000e-07
 11  7  0  0  0  2  6.804096e-02  2.000000e-07
 11  73  0  0  0  2  3.909834e-01  2.000000e-07
 11  5  0  0  0  2  1.551701e-01  2.000000e-07
 11  72  0  0  0  2  3.140249e-01  2.000000e-07
 56  58 -1  0  0  2  4.081939e-01  2.000000e-07
 56  87  0  0  0  2  4.265351e-01  2.000000e-07
 56  3 -1  0  0  2  4.558782e-01  2.000000e-07
 56  60  0  0  0  2  1.946822e-01  2.000000e-07
 56  72 -1  0  0  2  4.404595e-01  2.000000e-07
 56  77  0  1  0  2  3.962162e-01  2.000000e-07
 1  87  0  0  0  2  1.109621e-01  2.000000e-07
 1  64  0  0  0  2  2.088316e-01  2.000000e-07
 1  71  0  0  0  2  1.081116e-01  2.000000e-07
 1  73 -1  0  0  2  3.812113e-01  2.000000e-07
 1  72 -1  0  0  2  3.471020e-01  2.000000e-07
 6  87  0  0  0  2  1.411436e-01  2.000000e-07
 6  9  0  0  0  2  5.578921e-02  2.000000e-07
 6  72 -1  0  0  2  4.166944e-01  2.000000e-07
 57  61  0  0  0  2  1.806853e-01  2.000000e-07
 57  59  0  0  0  2  1.552852e-01  2.000000e-07
 57  3  0  0  0  2  4.580314e-01  2.000000e-07
 57  71  0  0  0  2  3.851857e-01  2.000000e-07
 57  73  0  0  0  2  3.231979e-01  2.000000e-07
 57  5  0  0  0  2  7.748996e-02  2.000000e-07
 57  72  0  0  0  2  2.756506e-01  2.000000e-07
 79  58  0 -1  0  2  3.155165e-01  2.000000e-07
 79  59  0  0  0  2  1.449305e-01  2.000000e-07
 79  9  0  0  0  2  3.910990e-01  2.000000e-07
 79  7  0  0  0  2  1.537808e-01  2.000000e-07
 79  73  0  0  0  2  3.663101e-01  2.000000e-07
 79  5  0  0  0  2  1.930888e-02  2.000000e-07
 79  80  0 -1  0  2  3.506970e-01  2.000000e-07
 79  77  0  0  0  2  3.150699e-01  2.000000e-07
 58  59  0  1  0  2  3.362541e-01  2.000000e-07
 58  3  0  0  0  2  1.811615e-01  2.000000e-07
 58  60  1  0  0  2  3.490611e-01  2.000000e-07
 58  7  0  1  0  2  3.325400e-01  2.000000e-07
 58  72  0  0  0  2  4.512853e-01  2.000000e-07
 58  77  0  1  0  2  4.203850e-01  2.000000e-07
 87  7 -1  0  0  2  3.255021e-01  2.000000e-07
 87  73 -1  0  0  2  3.288472e-01  2.000000e-07
 87  72 -1  0  0  2  2.755872e-01  2.000000e-07
 59  66  0 -1  0  2  3.166842e-01  2.000000e-07
 59  71  0  0  0  2  3.317845e-01  2.000000e-07
 59  5  0  0  0  2  1.328969e-01  2.000000e-07
 59  80  0 -1  0  2  2.513213e-01  2.000000e-07
 59  77  0  0  0  2  1.702552e-01  2.000000e-07
 76  66  0  0  0  2  2.752620e-01  2.000000e-07
 76  64  0  0  0  2  2.501671e-01  2.000000e-07
 76  73  0  0  0  2  4.023384e-01  2.000000e-07
 76  80  0  0  0  2  1.548124e-01  2.000000e-07
 3  73  0  0  0  2  2.350527e-01  2.000000e-07
 3  72  0  0  0  2  3.123502e-01  2.000000e-07
 3  77  0  1  0  2  4.969020e-01  2.000000e-07
 66  83  0  1  0  2  2.355231e-01  2.000000e-07
 66  64  0  0  0  2  3.356668e-01  2.000000e-07
 66  60  0  0  0  2  2.270439e-01  2.000000e-07
 66  80  0  0  0  2  1.691876e-01  2.000000e-07
 66  77  0  1  0  2  1.723357e-01  2.000000e-07
 60  9  0  1  0  2  3.939321e-01  2.000000e-07
 60  7 -1  1  0  2  3.342197e-01  2.000000e-07
 60  77  0  1  0  2  3.282013e-01  2.000000e-07
 9  71  0  0  0  2  8.512530e-02  2.000000e-07
 9  72 -1  0  0  2  4.718297e-01  2.000000e-07
 9  77  0  0  0  2  2.097106e-01  2.000000e-07
 71  5  0  0  0  2  4.264189e-01  2.000000e-07
 71  72 -1  0  0  2  4.465762e-01  2.000000e-07
 71  77  0  0  0  2  2.918856e-01  2.000000e-07
 7  73  0  0  0  2  3.238805e-01  2.000000e-07
 73  5  0  0  0  2  3.856135e-01  2.000000e-07
 73  72  0  0  0  2  8.191273e-02  2.000000e-07
 5  80  0 -1  0  2  3.317680e-01  2.000000e-07
 72  77  1  0  0  2  6.279225e-01  2.000000e-07
 77  51  0 -1  0  2  2.771309e-01  2.000000e-07
 51  55  0  0  0  1  8.212539e-02  3.000000e-07
 51  58  0  0  0  1  1.616542e-01  3.000000e-07
 51  80  0  0  0  1  1.115127e-01  3.000000e-07
 84  82  0  0  0  1  1.638762e-01  3.000000e-07
 84  6  0  0  0  1  1.334453e-01  3.000000e-07
 68  82  0  0  0  1  1.216890e-01  3.000000e-07
 68  83  0  0  0  1  1.082801e-01  3.000000e-07
 68  9  0  0  0  1  5.158971e-02  3.000000e-07
 68  77  0  0  0  1  1.793124e-01  3.000000e-07
 61  70  0  0  0  1  1.953352e-01  3.000000e-07
 61  69  0  0  0  1  2.492124e-01  3.000000e-07
 61  75  0  0  0  1  2.662968e-01  3.000000e-07
 61  57  0  0  0  1  1.806853e-01  3.000000e-07
 61  9  0  0  0  1  3.481009e-01  3.000000e-07
 61  73  0  0  0  1  2.304955e-01  3.000000e-07
 0  62  0  0  0  1  8.766091e-02  3.000000e-07
 0  69  0  0  0  1  9.744350e-02  3.000000e-07
 0  65  0  0  0  1  2.051683e-01  3.000000e-07
 0  1  0  0  0  1  1.061774e-01  3.000000e-07
 0  64  0  0  0  1  1.136968e-01  3.000000e-07
 0  71  0  0  0  1  1.204089e-01  3.000000e-07
 67  2  0  0  0  1  7.148147e-02  3.000000e-07
 67  62  0  0  0  1  5.050647e-02  3.000000e-07
 67  74  0  0  0  1  6.994985e-02  3.000000e-07
 67  4  0  0  0  1  6.725295e-02  3.000000e-07
 67  64  0  0  0  1  6.824500e-02  3.000000e-07
 81  58  0  0  0  1  1.675583e-01  3.000000e-07
 81  59  0  1  0  1  2.235579e-01  3.000000e-07
 81  5  0  1  0  1  2.583920e-01  3.000000e-07
 81  80  0  0  0  1  1.133443e-01  3.000000e-07
 82  8 -1  0  0  1  2.579336e-01  3.000000e-07
 82  6  0  0  0  1  1.611024e-01  3.000000e-07
 82  60  0 -1  0  1  2.290667e-01  3.000000e-07
 2  62  0  0  0  1  9.374571e-02  3.000000e-07
 2  69  0  0  0  1  1.005440e-01  3.000000e-07
 2  4  0  0  0  1  9.984538e-02  3.000000e-07
 2  75  0  0  0  1  1.055864e-01  3.000000e-07
 83  60  0 -1  0  1  2.347742e-01  3.000000e-07
 83  77  0  0  0  1  1.780440e-01  3.000000e-07
 70  75  0  0  0  1  1.241089e-01  3.000000e-07
 52  53  0  0  0  1  2.038837e-01  3.000000e-07
 52  55  0  0  0  1  1.872870e-01  3.000000e-07
 52  58  0  0  0  1  1.141596e-01  3.000000e-07
 52  3  0  0  0  1  1.110943e-01  3.000000e-07
 52  73  0  0  0  1  2.557002e-01  3.000000e-07
 62  69  0  0  0  1  9.413475e-02  3.000000e-07
 62  64  0  0  0  1  5.609916e-02  3.000000e-07
 69  71  0  0  0  1  1.267158e-01  3.000000e-07
 74  12  0  0  0  1  2.166969e-01  3.000000e-07
 74  75  0  0  0  1  7.683406e-02  3.000000e-07
 74  15  0  0  0  1  2.138132e-01  3.000000e-07
 74  76  0  0  0  1  1.431456e-01  3.000000e-07
 74  64  0  0  0  1  1.087566e-01  3.000000e-07
 53  10  0  1  0  1  1.975690e-01  3.000000e-07
 53  63  0  0  0  1  1.644887e-01  3.000000e-07
 53  78  1  0  0  1  1.260621e-01  3.000000e-07
 53  11  0  1  0  1  2.529480e-01  3.000000e-07
 53  56  1  0  0  1  2.371013e-01  3.000000e-07
 12  15  0  0  0  1  1.024569e-01  3.000000e-07
 12  54  0  0  0  1  9.939782e-02  3.000000e-07
 12  76  0  0  0  1  1.823780e-01  3.000000e-07
 12  66  0  0  0  1  9.343537e-02  3.000000e-07
 12  80  0  0  0  1  1.075579e-01  3.000000e-07
 65  63 -1  0  0  1  2.818800e-01  3.000000e-07
 65  56  0  0  0  1  1.354105e-01  3.000000e-07
 65  1  0  0  0  1  2.268235e-01  3.000000e-07
 65  87  0  0  0  1  2.926519e-01  3.000000e-07
 65  73 -1  0  0  1  3.383049e-01  3.000000e-07
 65  72 -1  0  0  1  3.560148e-01  3.000000e-07
 10  82  1  0  0  1  2.686706e-01  3.000000e-07
 10  8  0  0  0  1  1.033057e-01  3.000000e-07
 10  78  1 -1  0  1  1.925651e-01  3.000000e-07
 10  11  0  0  0  1  1.063208e-01  3.000000e-07
 10  60  1 -1  0  1  2.025240e-01  3.000000e-07
 63  56  1  0  0  1  2.558612e-01  3.000000e-07
 63  73  0  0  0  1  2.299327e-01  3.000000e-07
 4  75  0  0  0  1  6.545143e-02  3.000000e-07
 8  84  1  0  0  1  2.267929e-01  3.000000e-07
 8  11  0  0  0  1  1.280420e-01  3.000000e-07
 8  87  1  0  0  1  2.447528e-01  3.000000e-07
 8  7  0  0  0  1  9.311500e-02  3.000000e-07
 8  72  0  0  0  1  2.493217e-01  3.000000e-07
 85  1  0  0  0  1  5.808942e-02  3.000000e-07
 85  6  0  0  0  1  7.144555e-02  3.000000e-07
 85  87  0  0  0  1  1.300094e-01  3.000000e-07
 85  71  0  0  0  1  5.456607e-02  3.000000e-07
 75  76  0  0  0  1  1.129227e-01  3.000000e-07
 75  3  0  0  0  1  2.120443e-01  3.000000e-07
 15  56  0  0  0  1  1.460106e-01  3.000000e-07
 15  66  0  0  0  1  1.154686e-01  3.000000e-07
 15  64  0  0  0  1  2.265735e-01  3.000000e-07
 15  60  0  0  0  1  2.415829e-01  3.000000e-07
 54  83  0  1  0  1  2.270819e-01  3.000000e-07
 54  60  0  0  0  1  2.289489e-01  3.000000e-07
 54  80  0  0  0  1  1.686637e-01  3.000000e-07
 54  77  0  1  0  1  1.617345e-01  3.000000e-07
 78  56  0  0  0  1  1.920885e-01  3.000000e-07
 55  58  0  0  0  1  1.525005e-01  3.000000e-07
 55  76  0  0  0  1  1.087555e-01  3.000000e-07
 55  3  0  0  0  1  1.488134e-01  3.000000e-07
 55  80  0  0  0  1  1.543434e-01  3.000000e-07
 11  79  0  0  0  1  1.526949e-01  3.000000e-07
 11  58  0 -1  0  1  2.649836e-01  3.000000e-07
 11  5  0  0  0  1  1.551701e-01  3.000000e-07
 56  60  0  0  0  1  1.946822e-01  3.000000e-07
 1  87  0  0  0  1  1.109621e-01  3.000000e-07
 6  87  0  0  0  1  1.411436e-01  3.000000e-07
 6  9  0  0  0  1  5.578921e-02  3.000000e-07
 57  79  0  0  0  1  6.245150e-02  3.000000e-07
 57  59  0  0  0  1  1.552852e-01  3.000000e-07
 57  5  0  0  0  1  7.748996e-02  3.000000e-07
 57  72  0  0  0  1  2.756506e-01  3.000000e-07
 79  7  0  0  0  1  1.537808e-01  3.000000e-07
 58  5  0  1  0  1  3.003006e-01  3.000000e-07
 87  72 -1  0  0  1  2.755872e-01  3.000000e-07
 59  9  0  0  0  1  2.764591e-01  3.000000e-07
 59  5  0  0  0  1  1.328969e-01  3.000000e-07
 59  77  0  0  0  1  1.702552e-01  3.000000e-07
 76  3  0  0  0  1  1.858519e-01  3.000000e-07
 76  80  0  0  0  1  1.548124e-01  3.000000e-07
 3  73  0  0  0  1  2.350527e-01  3.000000e-07
 66  60  0  0  0  1  2.270439e-01  3.000000e-07
 9  71  0  0  0  1  8.512530e-02  3.000000e-07
 9  77  0  0  0  1  2.097106e-01  3.000000e-07
 7  72  0  0  0  1  2.462031e-01  3.000000e-07
 73  72  0  0  0  1  8.191273e-02  3.000000e-07
 80  59  0  1  0  1  2.513213e-01  3.000000e-07
 80  77  0  1  0  1  2.065767e-01  3.000000e-07
-2.056752e-01 -3.290482e-02  0
-2.875189e-01 -1.005454e-01  0
-5.257780e-02  2.600107e-02  0
 1.965151e-01  1.769178e-01  0
-7.367654e-02  1.235918e-01  0
 1.814116e-01 -3.571128e-01  0
-2.372995e-01 -2.122316e-01  0
 3.434289e-01 -3.308392e-01  0
 4.363445e-01 -3.247490e-01  0
-1.876060e-01 -2.375889e-01  0
 4.330920e-01 -4.280035e-01  0
 3.311619e-01 -3.977652e-01  0
-1.235599e-01  3.453963e-01  0
-2.928710e-01  1.475796e-01  1.208676e-01
-3.772585e-01  8.309357e-02  2.358548e-01
-2.158438e-01  3.008868e-01  0
-3.264528e-01 -4.417224e-01 -3.246089e-01
 3.158561e-01  4.366583e-01 -1.769695e-01
 6.197913e-02  3.031471e-01 -1.009218e-01
 5.472832e-02  1.409514e-01 -3.168770e-01
 1.059965e-02 -2.990843e-01 -2.112896e-01
-2.510198e-01 -3.264006e-01 -4.222430e-01
-1.150859e-01 -2.560923e-01 -3.268063e-01
-1.225902e-02 -8.162008e-02 -3.458517e-01
 4.409884e-01 -2.546744e-01 -2.161310e-01
-1.098261e-01 -2.865291e-01 -3.125913e-01
-3.851083e-01 -3.601902e-01 -1.269242e-01
-2.049745e-01  3.028538e-01 -1.223810e-01
 2.807458e-01 -8.227895e-02 -2.680187e-01
 2.249796e-01 -3.115824e-02  2.533901e-01
 5.024604e-02 -2.049347e-01  3.332654e-01
-4.438954e-02  4.489627e-01  3.316146e-01
 2.517803e-01 -4.394789e-01  3.099225e-01
-4.081841e-01  3.583874e-01  4.113277e-01
 1.974180e-01  2.955737e-01  3.227304e-01
-2.396220e-01 -4.326344e-01  1.778583e-01
 3.643084e-01 -2.215300e-01  1.265211e-01
 2.628708e-01 -3.072511e-01  2.543708e-01
 9.969794e-03  4.266591e-01 -4.310025e-01
-8.049155e-02  1.515726e-01 -4.182995e-01
 1.696140e-01  2.451353e-01 -3.478802e-01
 2.512327e-02 -1.369692e-01 -4.419914e-01
-1.319047e-01 -3.891625e-01 -3.651450e-01
-1.989673e-01  4.346771e-01  4.383237e-01
-1.507577e-01 -3.233866e-01  2.776762e-01
 3.156351e-01  1.297766e-01  2.688766e-01
-1.381738e-01 -6.926694e-02  3.140146e-01
-2.547200e-01  3.128771e-01  1.644528e-01
-3.056147e-01  1.147290e-01 -4.285288e-01
 3.096580e-01  1.328767e-01 -4.118493e-01
 4.150157e-01 -1.221257e-01  4.328701e-01
 8.941307e-02  3.758537e-01  0
 2.862714e-01  2.423835e-01  0
 4.414680e-01  3.746051e-01  0
-1.851859e-01  4.233845e-01  0
 1.066944e-01  2.955671e-01  0
-3.542215e-01  2.542960e-01  0
 1.706052e-01 -2.803801e-01  0
 2.490347e-01  3.502994e-01  0
 5.024682e-02 -3.784991e-01  0
-4.135514e-01  4.397175e-01  0
 1.336398e-01 -1.035165e-01  0
-1.461644e-01  3.146051e-02  0
 3.925692e-01  2.175528e-01  0
-1.782960e-01  7.744613e-02  0
-3.432164e-01  1.193334e-01  0
-1.880886e-01  4.129700e-01  0
-1.107797e-01  6.749974e-02  0
-2.106844e-01 -2.837287e-01  0
-1.109713e-01 -5.584811e-02  0
-3.200070e-02  1.645020e-05  0
-1.927756e-01 -1.526207e-01  0
 3.656991e-01 -8.564538e-02  0
 3.429359e-01 -6.959091e-03  0
-8.437011e-02  1.322725e-01  0
-8.248797e-03  1.218313e-01  0
 1.884529e-02  2.314555e-01  0
-1.111012e-01 -4.328466e-01  0
-4.428562e-01  4.247127e-01  0
 1.899078e-01 -3.397737e-01  0
-2.199053e-02  3.807850e-01  0
 8.946157e-02  4.014092e-01  0
-3.077598e-01 -3.571085e-01  0
-2.773302e-01 -3.690688e-01  0
-3.705874e-01 -2.057543e-01  0
-2.461624e-01 -1.413379e-01  0
-1.481974e-01 -4.520038e-02 -2.681148e-01
-3.725418e-01 -1.718455e-01  0
-4.224869e-01 -1.425987e-02  1.594361e-01
-7.193694e-02  1.765294e-01  2.860002e-01