 716  90  1.200000e-05  0 -2 -2
 25  24  0 -1  0  3  2.563710e-01  1.000000e-07
 25  38  0 -1  0  3  4.237387e-01  1.000000e-07
 25  39  0  0  0  3  2.378059e-01  1.000000e-07
 25  37  0 -1  0  3  3.729824e-01  1.000000e-07
 25  26 -1  0  0  3  3.971558e-01  1.000000e-07
 25  48  0  0  1  3  3.818961e-01  1.000000e-07
 25  35 -1 -1  1  3  5.052658e-01  1.000000e-07
 25  51  0  0  1  3  3.329873e-01  1.000000e-07
 22  38  0  0  0  3  1.224887e-01  1.000000e-07
 22  45  0  0  0  3  3.129360e-01  1.000000e-07
 22  71  0  0  0  3  2.942992e-01  1.000000e-07
 22  39  0  1  0  3  4.470713e-01  1.000000e-07
 22  37  0  0  0  3  3.767694e-01  1.000000e-07
 22  47 -1  0  0  3  4.480230e-01  1.000000e-07
 22  53  0  0  1  3  4.440199e-01  1.000000e-07
 24  46  0  0  0  3  3.688104e-01  1.000000e-07
 24  36 -1  0  0  3  3.764945e-01  1.000000e-07
 24  39  0  1  0  3  4.174462e-01  1.000000e-07
 24  37  0  0  0  3  2.063269e-01  1.000000e-07
 24  26 -1  1  0  3  3.978069e-01  1.000000e-07
 24  35 -1  0  1  3  4.429483e-01  1.000000e-07
 23  38  0 -1  0  3  3.996585e-01  1.000000e-07
 23  71  0  0  0  3  3.166750e-01  1.000000e-07
 23  39  0  0  0  3  1.883043e-01  1.000000e-07
 23  26  0  0  0  3  3.949062e-01  1.000000e-07
 23  33  0  0  0  3  3.866535e-01  1.000000e-07
 23  34  0  0  0  3  3.447407e-01  1.000000e-07
 23  41  0  0  1  3  4.102233e-01  1.000000e-07
 23  42  0  0  1  3  3.956868e-01  1.000000e-07
 38  30  0  0  0  3  3.625201e-01  1.000000e-07
 38  31  0  0  0  3  4.134616e-01  1.000000e-07
 38  39  0  1  0  3  3.901000e-01  1.000000e-07
 38  26  0  1  0  3  5.127935e-01  1.000000e-07
 38  53  0  0  1  3  4.338553e-01  1.000000e-07
 46  45  0  0  0  3  2.799594e-01  1.000000e-07
 46  28  0  0  0  3  3.334674e-01  1.000000e-07
 46  71  0  0  0  3  1.791312e-01  1.000000e-07
 46  37  0  0  0  3  3.746812e-01  1.000000e-07
 46  34  0  0  0  3  1.960423e-01  1.000000e-07
 29  45  0  0  0  3  3.806729e-01  1.000000e-07
 29  30  0  0  0  3  2.073559e-01  1.000000e-07
 29  31  0  0  0  3  1.743167e-01  1.000000e-07
 29  47  0  0  0  3  2.493752e-01  1.000000e-07
 29  33  1  0  0  3  3.775405e-01  1.000000e-07
 29  34  0  0  0  3  4.201743e-01  1.000000e-07
 29  35  0  0  1  3  2.905890e-01  1.000000e-07
 29  32  0  0  1  3  1.401136e-01  1.000000e-07
 45  30  0  0  0  3  2.221887e-01  1.000000e-07
 45  34  0  0  0  3  1.646964e-01  1.000000e-07
 45  48  0  0  1  3  4.641745e-01  1.000000e-07
 45  20  0  0  1  3  3.288068e-01  1.000000e-07
 45  17  0  0  1  3  2.920339e-01  1.000000e-07
 45  44  0  0  1  3  4.157618e-01  1.000000e-07
 30  31  0  0  0  3  1.431178e-01  1.000000e-07
 30  36  0  0  0  3  1.194860e-01  1.000000e-07
 30  34  0  0  0  3  2.715836e-01  1.000000e-07
 30  32  0  0  1  3  3.088710e-01  1.000000e-07
 30  53  0  0  1  3  2.646961e-01  1.000000e-07
 28  31  0  0  0  3  2.911286e-01  1.000000e-07
 28  71  0  0  0  3  3.677996e-01  1.000000e-07
 28  47  0  0  0  3  3.532069e-01  1.000000e-07
 28  33  1  0  0  3  5.586358e-01  1.000000e-07
 28  34  0  0  0  3  1.992813e-01  1.000000e-07
 31  36  0  0  0  3  1.547020e-01  1.000000e-07
 31  47  0  0  0  3  1.531312e-01  1.000000e-07
 31  33  1  0  0  3  4.520046e-01  1.000000e-07
 31  34  0  0  0  3  3.211233e-01  1.000000e-07
 71  33  0  0  0  3  2.868343e-01  1.000000e-07
 36  39  0  1  0  3  4.402037e-01  1.000000e-07
 36  37  1  0  0  3  3.703947e-01  1.000000e-07
 36  47  0  0  0  3  2.585676e-01  1.000000e-07
 36  35  0  0  1  3  3.428293e-01  1.000000e-07
 36  41  0  1  1  3  4.548243e-01  1.000000e-07
 36  53  0  0  1  3  2.993230e-01  1.000000e-07
 39  41  0  0  1  3  3.312944e-01  1.000000e-07
 39  51  0  0  1  3  1.987195e-01  1.000000e-07
 39  20  0  0  1  3  3.735259e-01  1.000000e-07
 37  33  0  0  0  3  3.608330e-01  1.000000e-07
 37  27 -1  0  1  3  2.969614e-01  1.000000e-07
 37  51  0  1  1  3  4.609197e-01  1.000000e-07
 37  53  0  0  1  3  4.622320e-01  1.000000e-07
 26  35  0 -1  1  3  5.682806e-01  1.000000e-07
 26  41  0  0  1  3  4.447082e-01  1.000000e-07
 47  26  0  1  0  3  4.817871e-01  1.000000e-07
 33  34  0  0  0  3  3.898427e-01  1.000000e-07
 33  48  0  0  1  3  2.257469e-01  1.000000e-07
 33  32 -1  0  1  3  3.611058e-01  1.000000e-07
 34  32  0  0  1  3  4.805117e-01  1.000000e-07
 19  48  1  0  0  3  4.358552e-01  1.000000e-07
 19  40  0  0  0  3  2.944916e-01  1.000000e-07
 19  41  0  0  0  3  1.933501e-01  1.000000e-07
 19  20  0  0  0  3  2.932775e-01  1.000000e-07
 19  21  0  0  0  3  8.710168e-02  1.000000e-07
 19  42  0  0  0  3  1.870018e-01  1.000000e-07
 19  43  0  0  0  3  2.685365e-01  1.000000e-07
 19  89  0  0  0  3  2.111401e-01  1.000000e-07
 19  44  0  0  0  3  2.794108e-01  1.000000e-07
 48  40 -1  0  0  3  3.159948e-01  1.000000e-07
 48  35 -1 -1  0  3  5.539520e-01  1.000000e-07
 48  52  0  0  0  3  4.130473e-01  1.000000e-07
 48  20  0  0  0  3  3.050563e-01  1.000000e-07
 50  12  0  0  0  3  2.739898e-01  1.000000e-07
 50  35 -1  0  0  3  2.946649e-01  1.000000e-07
 50  32 -1  0  0  3  2.094060e-01  1.000000e-07
 50  27 -1  0  0  3  1.827112e-01  1.000000e-07
 50  52  0  0  0  3  2.075385e-01  1.000000e-07
 50  20  0  0  0  3  4.685189e-01  1.000000e-07
 50  17  0  0  0  3  4.823075e-01  1.000000e-07
 50  43 -1  0  0  3  2.433172e-01  1.000000e-07
 18  49  0  0  0  3  2.488384e-01  1.000000e-07
 18  41  0  1  0  3  5.294139e-01  1.000000e-07
 18  21  0  1  0  3  5.283577e-01  1.000000e-07
 12  51  0  1  0  3  4.186900e-01  1.000000e-07
 12  52  0  0  0  3  8.331838e-02  1.000000e-07
 12  53  0  0  0  3  4.355600e-01  1.000000e-07
 40  50  1  0  0  3  2.475627e-01  1.000000e-07
 40  27  0  0  0  3  1.612750e-01  1.000000e-07
 40  52  1  0  0  3  2.701724e-01  1.000000e-07
 40  43  0  0  0  3  1.384339e-01  1.000000e-07
 40  89  0  0  0  3  3.149602e-01  1.000000e-07
 35  30  0  0 -1  3  3.672765e-01  1.000000e-07
 35  27  0  0  0  3  1.768488e-01  1.000000e-07
 35  52  1  0  0  3  2.661786e-01  1.000000e-07
 32  27  0  0  0  3  1.671088e-01  1.000000e-07
 32  42  0  0  0  3  4.171728e-01  1.000000e-07
 32  43  0  0  0  3  8.156884e-02  1.000000e-07
 32  44  0  0  0  3  9.808163e-02  1.000000e-07
 27  49  0  0  0  3  3.196394e-01  1.000000e-07
 27  52  1  0  0  3  1.967755e-01  1.000000e-07
 27  44  0  0  0  3  1.556219e-01  1.000000e-07
 49  51  0  1  0  3  4.614549e-01  1.000000e-07
 49  52  1  0  0  3  4.432552e-01  1.000000e-07
 49  17  0  0  0  3  2.279981e-01  1.000000e-07
 49  53  0  0  0  3  2.893600e-01  1.000000e-07
 49  21  0  1  0  3  4.676144e-01  1.000000e-07
 49  89  0  0  0  3  3.187138e-01  1.000000e-07
 41  53  0 -1  0  3  3.895720e-01  1.000000e-07
 41  21  0  0  0  3  2.198252e-01  1.000000e-07
 41  43  0  0  0  3  3.652701e-01  1.000000e-07
 51  20  0  0  0  3  3.042341e-01  1.000000e-07
 51  53  0 -1  0  3  2.924742e-01  1.000000e-07
 51  21  0  0  0  3  4.508706e-01  1.000000e-07
 51  42  0  0  0  3  2.810823e-01  1.000000e-07
 52  20  0  0  0  3  5.078809e-01  1.000000e-07
 52  17  0  0  0  3  4.419160e-01  1.000000e-07
 20  42  0  0  0  3  1.819931e-01  1.000000e-07
 20  89  0  0  0  3  2.379422e-01  1.000000e-07
 17  89  0  0  0  3  1.860339e-01  1.000000e-07
 17  44  0  0  0  3  3.177481e-01  1.000000e-07
 53  44  0  0  0  3  4.156123e-01  1.000000e-07
 21  42  0  0  0  3  2.399636e-01  1.000000e-07
 21  43  0  0  0  3  3.224177e-01  1.000000e-07
 21  89  0  0  0  3  2.694116e-01  1.000000e-07
 42  43  0  0  0  3  3.774285e-01  1.000000e-07
 42  89  0  0  0  3  2.786085e-01  1.000000e-07
 42  44  0  0  0  3  3.905156e-01  1.000000e-07
 43  29  0  0 -1  3  2.125736e-01  1.000000e-07
 43  44  0  0  0  3  1.174441e-01  1.000000e-07
 89  44  0  0  0  3  2.649578e-01  1.000000e-07
 47  59  0  0  0  3  2.067855e-01  1.000000e-07
 79  27  0  0  0  3  3.434393e-01  1.000000e-07
 71  1  0  0  0  3  1.512261e-01  1.000000e-07
 87  17  0  0  0  3  3.758707e-01  1.000000e-07
 26  55  0  0  0  3  2.512801e-01  1.000000e-07
 16  12  1 -1  0  3  3.697571e-01  1.000000e-07
 24  72  0  0  0  3  3.445481e-01  1.000000e-07
 85  18  0  0  0  3  1.492863e-01  1.000000e-07
 23  64  0  0  0  3  2.825008e-01  1.000000e-07
 0  89  0  0  0  3  2.898114e-01  1.000000e-07
 40  62  1  0  0  3  3.886437e-01  1.000000e-07
 65  71  0  0  0  3  1.608621e-01  1.000000e-07
 25  72  0 -1  0  3  4.063702e-01  1.000000e-07
 85  18  0  0  0  3  1.404055e-01  1.000000e-07
 47  79  0  0  0  3  2.515082e-01  1.000000e-07
 54  49  0  0  0  3  2.380535e-01  1.000000e-07
 22  72  0  0  0  3  1.787007e-01  1.000000e-07
 70  12  0  0  0  3  2.547370e-01  1.000000e-07
 28  85  0  0  0  3  2.909114e-01  1.000000e-07
 63  18  0  0  0  3  2.107329e-01  1.000000e-07
 46  86  0  0  0  3  1.980417e-01  1.000000e-07
 63  17  0  0  0  3  3.201744e-01  1.000000e-07
 71  10  0  0  0  3  2.209859e-01  1.000000e-07
 62  21 -1  0  0  3  4.393096e-01  1.000000e-07
 24  72  0  0  0  3  2.529338e-01  1.000000e-07
 70  12  0  0  0  3  2.289984e-01  1.000000e-07
 22  85  0  0  0  3  1.693528e-01  1.000000e-07
 86  17  0  0  0  3  3.198245e-01  1.000000e-07
 71  87  0  0  0  3  2.598435e-01  1.000000e-07
 86  18  0  0  0  3  2.332999e-01  1.000000e-07
 31  79  0  0  0  3  3.118452e-01  1.000000e-07
 78  49  0  0  0  3  2.084987e-01  1.000000e-07
 26  61  0  0  0  3  1.825804e-01  1.000000e-07
 57  48  1  0  0  3  4.908790e-01  1.000000e-07
 47  70  1  0  0  3  2.423077e-01  1.000000e-07
 62  12  0  0  0  3  2.613705e-01  1.000000e-07
 46  85  0  0  0  3  2.503854e-01  1.000000e-07
 72  18  0  0  0  3  1.462278e-01  1.000000e-07
 28  77  0  0  0  3  1.762664e-01  1.000000e-07
 82  40  0  0  0  3  3.435867e-01  1.000000e-07
 28  82  0  0  0  3  1.730787e-01  1.000000e-07
 77  21  0  0  0  3  2.775994e-01  1.000000e-07
 38  85  0  0  0  3  1.297727e-01  1.000000e-07
 72  18  0  0  0  3  1.081028e-01  1.000000e-07
 46  70  0  0  0  3  2.156066e-01  1.000000e-07
 87  12  0  0  0  3  2.631107e-01  1.000000e-07
 74  67  0  0  0  2  1.184970e-01  2.000000e-07
 74  72  0 -1  0  2  3.590187e-01  2.000000e-07
 74  6  0  0  0  2  2.374736e-01  2.000000e-07
 74  3  0  0  0  2  4.195713e-01  2.000000e-07
 74  66  0  0  0  2  1.295361e-01  2.000000e-07
 74  68  0  0  0  2  9.377309e-02  2.000000e-07
 74  75  0  0  0  2  3.521756e-01  2.000000e-07
 74  73  0  0  0  2  3.357066e-01  2.000000e-07
 74  0  0  0  0  2  2.567238e-01  2.000000e-07
 74  63  0  0  0  2  4.289588e-01  2.000000e-07
 74  5  0  0  0  2  2.774376e-01  2.000000e-07
 74  56  0  0  0  2  1.627088e-01  2.000000e-07
 74  80  0  0  0  2  7.818237e-02  2.000000e-07
 74  84  0  0  0  2  1.132447e-01  2.000000e-07
 74  2  0  0  0  2  8.096395e-02  2.000000e-07
 74  81  0  0  0  2  1.078978e-01  2.000000e-07
 74  65  0  0  0  2  2.487772e-01  2.000000e-07
 74  85  0 -1  0  2  3.899866e-01  2.000000e-07
 74  4  0  0  0  2  2.592915e-01  2.000000e-07
 74  88  0  0  0  2  1.748071e-01  2.000000e-07
 67  72  0 -1  0  2  2.548450e-01  2.000000e-07
 67  62  0 -1  0  2  6.201476e-01  2.000000e-07
 67  73  0  0  0  2  3.157245e-01  2.000000e-07
 67  63  0 -1  0  2  4.691361e-01  2.000000e-07
 67  84  0  0  0  2  1.363026e-01  2.000000e-07
 67  2  0  0  0  2  1.176705e-01  2.000000e-07
 67  81  0  0  0  2  2.845752e-02  2.000000e-07
 67  85  0 -1  0  2  2.753616e-01  2.000000e-07
 13  68  0  0  0  2  2.421973e-01  2.000000e-07
 13  16  0  0  0  2  1.190422e-01  2.000000e-07
 13  54  0 -1  0  2  1.972994e-01  2.000000e-07
 13  57  0  0  0  2  1.259597e-01  2.000000e-07
 13  15  0  0  0  2  8.709123e-02  2.000000e-07
 13  58  0 -1  0  2  1.815523e-01  2.000000e-07
 13  85  0 -1  0  2  3.197845e-01  2.000000e-07
 13  14  0  0  0  2  9.324397e-02  2.000000e-07
 72  6  0  1  0  2  3.034224e-01  2.000000e-07
 72  62  0  0  0  2  3.659215e-01  2.000000e-07
 72  62  0  0  0  2  3.659215e-01  2.000000e-07
 72  87  0  0  0  2  2.525577e-01  2.000000e-07
 72  75  0  0  0  2  4.384819e-01  2.000000e-07
 72  73  0  1  0  2  2.753646e-01  2.000000e-07
 72  63  0  0  0  2  3.386742e-01  2.000000e-07
 72  79 -1  0  0  2  4.950391e-01  2.000000e-07
 72  55 -1  1  0  2  4.243612e-01  2.000000e-07
 72  56  0  1  0  2  2.101139e-01  2.000000e-07
 72  1  0  0  0  2  3.553229e-01  2.000000e-07
 72  58  0  0  0  2  4.611165e-01  2.000000e-07
 72  81  0  1  0  2  2.804354e-01  2.000000e-07
 72  70  0  0  0  2  2.068989e-01  2.000000e-07
 72  59 -1  0  0  2  5.229274e-01  2.000000e-07
 72  85  0  0  0  2  2.324130e-01  2.000000e-07
 72  4  0  1  0  2  2.278588e-01  2.000000e-07
 9  6  1  0  0  2  4.276119e-01  2.000000e-07
 9  62  1  0  0  2  1.920224e-01  2.000000e-07
 9  66  1  0  0  2  4.663382e-01  2.000000e-07
 9  11  1  0  0  2  4.287849e-01  2.000000e-07
 9  10  1  0  0  2  2.247913e-01  2.000000e-07
 9  76  0  0  0  2  3.954543e-01  2.000000e-07
 9  78  0  0  0  2  3.534456e-01  2.000000e-07
 9  54  0  0  0  2  4.387217e-01  2.000000e-07
 9  8  0  0  0  2  1.413475e-02  2.000000e-07
 9  79  0  0  0  2  3.795676e-01  2.000000e-07
 9  57  0  0  0  2  3.596489e-01  2.000000e-07
 9  58  0  0  0  2  4.525361e-01  2.000000e-07
 9  70  1  0  0  2  3.528414e-01  2.000000e-07
 9  7  0  0  0  2  6.472733e-02  2.000000e-07
 9  60  0  0  0  2  2.934590e-01  2.000000e-07
 6  66  0  0  0  2  2.158544e-01  2.000000e-07
 6  11  0  0  0  2  8.973543e-02  2.000000e-07
 6  64  0  0  0  2  3.500203e-01  2.000000e-07
 6  10  0  0  0  2  2.064956e-01  2.000000e-07
 6  79 -1 -1  0  2  5.095130e-01  2.000000e-07
 6  5  0  0  0  2  4.100687e-02  2.000000e-07
 6  55 -1  0  0  2  2.954209e-01  2.000000e-07
 6  56  0  0  0  2  2.499166e-01  2.000000e-07
 6  57 -1  0  0  2  3.983705e-01  2.000000e-07
 6  81  0  0  0  2  2.673269e-01  2.000000e-07
 6  65  0  0  0  2  2.966898e-01  2.000000e-07
 6  4  0  0  0  2  7.909004e-02  2.000000e-07
 3  62  0  0  0  2  4.268361e-01  2.000000e-07
 3  66  0  0  0  2  3.501589e-01  2.000000e-07
 3  64  0  0  0  2  2.417974e-01  2.000000e-07
 3  77  0  0  0  2  2.634229e-01  2.000000e-07
 3  76  0  0  0  2  5.822521e-02  2.000000e-07
 3  63  0  0  0  2  2.279416e-02  2.000000e-07
 3  78  0  0  0  2  1.832922e-01  2.000000e-07
 3  83  0  0  0  2  4.109452e-01  2.000000e-07
 3  79  0  0  0  2  3.538938e-01  2.000000e-07
 3  86  0  0  0  2  6.641542e-02  2.000000e-07
 3  82  0  0  0  2  2.839765e-01  2.000000e-07
 3  2  0  0  0  2  4.355485e-01  2.000000e-07
 3  81  0  1  0  2  4.950116e-01  2.000000e-07
 3  85  0  0  0  2  2.137444e-01  2.000000e-07
 62  66  0  0  0  2  3.451987e-01  2.000000e-07
 62  87  0  0  0  2  2.645418e-01  2.000000e-07
 62  61 -1  0  0  2  2.490452e-01  2.000000e-07
 62  11  0  0  0  2  3.602432e-01  2.000000e-07
 62  11  0  1  0  2  6.885461e-01  2.000000e-07
 62  64  0  0  0  2  4.040743e-01  2.000000e-07
 62  10  0  0  0  2  2.144396e-01  2.000000e-07
 62  10  0  0  0  2  2.144396e-01  2.000000e-07
 62  77 -1  0  0  2  3.288669e-01  2.000000e-07
 62  73  0  1  0  2  5.347417e-01  2.000000e-07
 62  76  0  0  0  2  4.251810e-01  2.000000e-07
 62  63  0  0  0  2  4.110041e-01  2.000000e-07
 62  54 -1  0  0  2  5.021783e-01  2.000000e-07
 62  8 -1  0  0  2  1.928735e-01  2.000000e-07
 62  79 -1  0  0  2  4.354995e-01  2.000000e-07
 62  86  0  0  0  2  3.609882e-01  2.000000e-07
 62  82 -1  0  0  2  3.179043e-01  2.000000e-07
 62  1  0  0  0  2  2.565266e-01  2.000000e-07
 62  58 -1  0  0  2  5.102130e-01  2.000000e-07
 62  81  0  1  0  2  6.448600e-01  2.000000e-07
 62  70  0  0  0  2  1.713213e-01  2.000000e-07
 62  70  0  0  0  2  1.713213e-01  2.000000e-07
 62  65  0  0  0  2  2.482631e-01  2.000000e-07
 62  7 -1  0  0  2  2.561130e-01  2.000000e-07
 62  59 -1  0  0  2  2.515535e-01  2.000000e-07
 62  85  0  0  0  2  4.850139e-01  2.000000e-07
 66  11  0  0  0  2  1.261752e-01  2.000000e-07
 66  68  0  0  0  2  1.717548e-01  2.000000e-07
 66  64  0  0  0  2  1.364218e-01  2.000000e-07
 66  10  0  0  0  2  2.672347e-01  2.000000e-07
 66  76  0  0  0  2  3.028949e-01  2.000000e-07
 66  63  0  0  0  2  3.534676e-01  2.000000e-07
 66  83  0  0  0  2  2.056112e-01  2.000000e-07
 66  56  0  0  0  2  2.740626e-01  2.000000e-07
 66  57 -1  0  0  2  5.767215e-01  2.000000e-07
 66  80  0  0  0  2  1.997483e-01  2.000000e-07
 66  81  0  0  0  2  2.332012e-01  2.000000e-07
 87  64  0  0  0  2  2.799698e-01  2.000000e-07
 87  75  0  0  0  2  2.220985e-01  2.000000e-07
 87  86  0  0  0  2  1.070473e-01  2.000000e-07
 87  56  0  1  0  2  4.117796e-01  2.000000e-07
 87  1  0  0  0  2  1.056143e-01  2.000000e-07
 87  58  0  0  0  2  4.741346e-01  2.000000e-07
 87  81  0  1  0  2  4.747154e-01  2.000000e-07
 87  85  0  0  0  2  2.425876e-01  2.000000e-07
 61  11  1  0  0  2  3.694572e-01  2.000000e-07
 61  10  1  0  0  2  1.684476e-01  2.000000e-07
 61  75  0  0  0  2  3.944908e-01  2.000000e-07
 61  8  0  0  0  2  1.242698e-01  2.000000e-07
 61  55  0  0  0  2  3.106707e-01  2.000000e-07
 61  69  0  0  0  2  2.483581e-01  2.000000e-07
 61  82  0  0  0  2  1.753490e-01  2.000000e-07
 61  57  0  0  0  2  2.592145e-01  2.000000e-07
 61  65  1  0  0  2  4.014612e-01  2.000000e-07
 61  59  0  0  0  2  1.989095e-01  2.000000e-07
 11  10  0  0  0  2  2.056827e-01  2.000000e-07
 11  73  0  0  0  2  2.002734e-01  2.000000e-07
 11  63  0  0  0  2  4.731676e-01  2.000000e-07
 11  79 -1 -1  0  2  5.987808e-01  2.000000e-07
 11  5  0  0  0  2  1.209413e-01  2.000000e-07
 11  82 -1  0  0  2  5.398942e-01  2.000000e-07
 11  80  0  0  0  2  2.475262e-01  2.000000e-07
 11  81  0  0  0  2  2.326751e-01  2.000000e-07
 11  65  0  0  0  2  2.144491e-01  2.000000e-07
 11  7 -1  0  0  2  4.751611e-01  2.000000e-07
 11  60 -1  0  0  2  5.444239e-01  2.000000e-07
 68  64  0  0  0  2  1.370291e-01  2.000000e-07
 68  75  0  0  0  2  2.895831e-01  2.000000e-07
 68  76  0  0  0  2  3.077984e-01  2.000000e-07
 68  0  0  0  0  2  2.151615e-01  2.000000e-07
 68  83  0  0  0  2  4.793556e-02  2.000000e-07
 68  8  0  0  0  2  4.872935e-01  2.000000e-07
 68  56  0  0  0  2  2.264097e-01  2.000000e-07
 68  69  0  0  0  2  2.458990e-01  2.000000e-07
 68  57  0  0  0  2  2.955438e-01  2.000000e-07
 68  15  0  0  0  2  1.787600e-01  2.000000e-07
 68  1  0  0  0  2  3.189865e-01  2.000000e-07
 68  80  0  0  0  2  7.111346e-02  2.000000e-07
 68  65  0  0  0  2  2.636232e-01  2.000000e-07
 68  14  0  0  0  2  1.500956e-01  2.000000e-07
 68  60  0  0  0  2  2.102711e-01  2.000000e-07
 68  88  0  0  0  2  1.215721e-01  2.000000e-07
 64  10  0  0  0  2  3.861283e-01  2.000000e-07
 64  77  0  0  0  2  3.435022e-01  2.000000e-07
 64  76  0  0  0  2  1.866940e-01  2.000000e-07
 64  0  0  0  0  2  8.053820e-02  2.000000e-07
 64  83  0  0  0  2  1.849635e-01  2.000000e-07
 64  86  0  0  0  2  2.334431e-01  2.000000e-07
 64  1  0  0  0  2  1.859870e-01  2.000000e-07
 64  80  0  0  0  2  2.031885e-01  2.000000e-07
 64  65  0  0  0  2  1.572341e-01  2.000000e-07
 64  60  0  0  0  2  2.604948e-01  2.000000e-07
 16  54  0 -1  0  2  1.794732e-01  2.000000e-07
 16  79  0 -1  0  2  2.079894e-01  2.000000e-07
 16  55  0  0  0  2  1.028314e-01  2.000000e-07
 16  69  0  0  0  2  1.568136e-01  2.000000e-07
 16  57  0  0  0  2  1.038356e-01  2.000000e-07
 16  58  0 -1  0  2  1.608280e-01  2.000000e-07
 16  59  0 -1  0  2  4.878600e-01  2.000000e-07
 16  85  0 -1  0  2  3.798575e-01  2.000000e-07
 10  73  0  0  0  2  2.531742e-01  2.000000e-07
 10  8 -1  0  0  2  2.374378e-01  2.000000e-07
 10  5  0  0  0  2  1.858700e-01  2.000000e-07
 10  55 -1  0  0  2  3.179286e-01  2.000000e-07
 10  57 -1  0  0  2  3.425058e-01  2.000000e-07
 10  70  0  0  0  2  3.636697e-01  2.000000e-07
 10  65  0  0  0  2  2.531511e-01  2.000000e-07
 10  59 -1  0  0  2  3.265793e-01  2.000000e-07
 77  63  0  0  0  2  2.851380e-01  2.000000e-07
 77  78  0  0  0  2  2.403634e-01  2.000000e-07
 77  83  0  0  0  2  4.136334e-01  2.000000e-07
 77  79  0  0  0  2  3.263730e-01  2.000000e-07
 77  82  0  0  0  2  2.585608e-02  2.000000e-07
 77  7  0  0  0  2  8.866844e-02  2.000000e-07
 77  59  0  0  0  2  9.046102e-02  2.000000e-07
 77  85  0  0  0  2  4.014230e-01  2.000000e-07
 77  60  0  0  0  2  2.440791e-01  2.000000e-07
 75  76  0  0  0  2  3.217404e-02  2.000000e-07
 75  0  0  0  0  2  1.134016e-01  2.000000e-07
 75  63  0  0  0  2  1.032222e-01  2.000000e-07
 75  8  0  0  0  2  3.633632e-01  2.000000e-07
 75  86  0  0  0  2  1.215172e-01  2.000000e-07
 75  69  0  0  0  2  3.804368e-01  2.000000e-07
 75  82  0  0  0  2  2.383129e-01  2.000000e-07
 75  1  0  0  0  2  1.942499e-01  2.000000e-07
 75  58  0  0  0  2  4.239336e-01  2.000000e-07
 75  84  0  0  0  2  3.623681e-01  2.000000e-07
 75  70  0  0  0  2  3.584741e-01  2.000000e-07
 75  65  0  0  0  2  2.550427e-01  2.000000e-07
 75  59  0  0  0  2  3.026914e-01  2.000000e-07
 75  85  0  0  0  2  2.957802e-01  2.000000e-07
 75  60  0  0  0  2  2.891448e-01  2.000000e-07
 73  61 -1  0  0  2  3.513850e-01  2.000000e-07
 73  83 -1  0  0  2  5.964939e-01  2.000000e-07
 73  79 -1 -1  0  2  3.994828e-01  2.000000e-07
 73  5  0  0  0  2  8.781032e-02  2.000000e-07
 73  55 -1  0  0  2  2.011491e-01  2.000000e-07
 73  69 -1  0  0  2  3.764112e-01  2.000000e-07
 73  82 -1  0  0  2  5.223802e-01  2.000000e-07
 73  84 -1  0  0  2  5.825289e-01  2.000000e-07
 73  81  0  0  0  2  3.408484e-01  2.000000e-07
 73  7 -1  0  0  2  4.713742e-01  2.000000e-07
 73  59 -1 -1  0  2  5.748858e-01  2.000000e-07
 73  85 -1 -1  0  2  6.563396e-01  2.000000e-07
 73  85  0 -1  0  2  4.797710e-01  2.000000e-07
 73  60 -1  0  0  2  4.432526e-01  2.000000e-07
 73  4  0  0  0  2  8.518752e-02  2.000000e-07
 76  0  0  0  0  2  1.135151e-01  2.000000e-07
 76  78  0  0  0  2  2.259122e-01  2.000000e-07
 76  8  0  0  0  2  3.892923e-01  2.000000e-07
 76  86  0  0  0  2  8.934802e-02  2.000000e-07
 76  1  0  0  0  2  1.717181e-01  2.000000e-07
 76  58  0  0  0  2  4.167922e-01  2.000000e-07
 76  7  0  0  0  2  3.337578e-01  2.000000e-07
 76  60  0  0  0  2  3.202651e-01  2.000000e-07
 0  63  0  0  0  2  1.724553e-01  2.000000e-07
 0  86  0  0  0  2  1.529908e-01  2.000000e-07
 0  69  0  0  0  2  3.778643e-01  2.000000e-07
 0  84  0  0  0  2  2.941527e-01  2.000000e-07
 0  65  0  0  0  2  1.509290e-01  2.000000e-07
 0  88  0  0  0  2  3.236580e-01  2.000000e-07
 63  78  0  0  0  2  1.883922e-01  2.000000e-07
 63  79  0  0  0  2  3.584637e-01  2.000000e-07
 63  82  0  0  0  2  3.060362e-01  2.000000e-07
 63  1  0  0  0  2  1.780800e-01  2.000000e-07
 63  84  0  0  0  2  4.553256e-01  2.000000e-07
 63  2  0  0  0  2  4.485528e-01  2.000000e-07
 63  81  0  1  0  2  4.787515e-01  2.000000e-07
 63  70  0  0  0  2  2.883265e-01  2.000000e-07
 63  65  0  0  0  2  2.714267e-01  2.000000e-07
 63  59  0  0  0  2  3.480153e-01  2.000000e-07
 63  85  0  0  0  2  1.990291e-01  2.000000e-07
 78  54  0  0  0  2  1.742567e-01  2.000000e-07
 78  8  0  0  0  2  3.411137e-01  2.000000e-07
 78  79  0  0  0  2  1.706063e-01  2.000000e-07
 78  86  0  0  0  2  2.365443e-01  2.000000e-07
 78  58  0  0  0  2  1.928651e-01  2.000000e-07
 78  81  0  1  0  2  4.206484e-01  2.000000e-07
 78  7  0  0  0  2  3.164021e-01  2.000000e-07
 78  85  0  0  0  2  1.763793e-01  2.000000e-07
 83  54  0 -1  0  2  3.724696e-01  2.000000e-07
 83  79  0 -1  0  2  4.371125e-01  2.000000e-07
 83  69  0  0  0  2  2.282681e-01  2.000000e-07
 83  82  0  0  0  2  4.055868e-01  2.000000e-07
 83  15  0  0  0  2  1.330071e-01  2.000000e-07
 83  80  0  0  0  2  3.569665e-02  2.000000e-07
 83  84  0  0  0  2  3.146137e-02  2.000000e-07
 83  2  0  0  0  2  3.286611e-02  2.000000e-07
 83  81  0  0  0  2  1.242494e-01  2.000000e-07
 83  60  0  0  0  2  2.113067e-01  2.000000e-07
 54  8  0  0  0  2  4.246791e-01  2.000000e-07
 54  79  0  0  0  2  6.680904e-02  2.000000e-07
 54  86  0  0  0  2  3.946219e-01  2.000000e-07
 54  55  0  1  0  2  2.504994e-01  2.000000e-07
 54  56  0  1  0  2  3.591337e-01  2.000000e-07
 54  57  0  1  0  2  2.733734e-01  2.000000e-07
 54  15  0  1  0  2  2.397225e-01  2.000000e-07
 54  58  0  0  0  2  1.873026e-02  2.000000e-07
 54  80  0  1  0  2  3.689608e-01  2.000000e-07
 54  81  0  1  0  2  3.520946e-01  2.000000e-07
 54  70  1  0  0  2  5.373080e-01  2.000000e-07
 54  60  0  1  0  2  3.964694e-01  2.000000e-07
 8  69  0  0  0  2  3.473055e-01  2.000000e-07
 8  57  0  0  0  2  3.706016e-01  2.000000e-07
 8  58  0  0  0  2  4.384528e-01  2.000000e-07
 8  70  1  0  0  2  3.502536e-01  2.000000e-07
 8  59  0  0  0  2  8.914411e-02  2.000000e-07
 8  60  0  0  0  2  2.999572e-01  2.000000e-07
 79  55  0  1  0  2  2.544160e-01  2.000000e-07
 79  69  0  1  0  2  3.555250e-01  2.000000e-07
 79  82  0  0  0  2  3.481479e-01  2.000000e-07
 79  57  0  1  0  2  3.098705e-01  2.000000e-07
 79  80  0  1  0  2  4.348425e-01  2.000000e-07
 79  84  0  1  0  2  4.077404e-01  2.000000e-07
 79  2  0  1  0  2  4.332155e-01  2.000000e-07
 79  81  0  1  0  2  4.187922e-01  2.000000e-07
 79  70  1  0  0  2  4.731759e-01  2.000000e-07
 79  7  0  0  0  2  3.707258e-01  2.000000e-07
 79  59  0  0  0  2  2.864023e-01  2.000000e-07
 79  85  0  0  0  2  2.801975e-01  2.000000e-07
 79  60  0  1  0  2  4.442816e-01  2.000000e-07
 86  56  0  1  0  2  4.357345e-01  2.000000e-07
 86  1  0  0  0  2  1.302961e-01  2.000000e-07
 86  58  0  0  0  2  4.115724e-01  2.000000e-07
 86  81  0  1  0  2  4.896986e-01  2.000000e-07
 5  61 -1  0  0  2  3.161485e-01  2.000000e-07
 5  55 -1  0  0  2  2.577300e-01  2.000000e-07
 5  69 -1  0  0  2  4.001180e-01  2.000000e-07
 5  65  0  0  0  2  3.142562e-01  2.000000e-07
 5  4  0  0  0  2  9.342397e-02  2.000000e-07
 55  11  1  0  0  2  3.777176e-01  2.000000e-07
 55  69  0  0  0  2  2.038240e-01  2.000000e-07
 55  57  0  0  0  2  1.446875e-01  2.000000e-07
 55  58  0 -1  0  2  2.337130e-01  2.000000e-07
 55  70  1 -1  0  2  5.114458e-01  2.000000e-07
 55  59  0 -1  0  2  5.052011e-01  2.000000e-07
 55  85  0 -1  0  2  4.725160e-01  2.000000e-07
 55  4  1  0  0  2  2.859562e-01  2.000000e-07
 56  78  0 -1  0  2  3.973206e-01  2.000000e-07
 56  15  0  0  0  2  2.025378e-01  2.000000e-07
 56  58  0 -1  0  2  3.575946e-01  2.000000e-07
 56  80  0  0  0  2  1.596597e-01  2.000000e-07
 56  84  0  0  0  2  1.774243e-01  2.000000e-07
 56  81  0  0  0  2  7.033570e-02  2.000000e-07
 56  85  0 -1  0  2  2.405892e-01  2.000000e-07
 56  14  0  0  0  2  2.265444e-01  2.000000e-07
 56  4  0  0  0  2  2.186991e-01  2.000000e-07
 56  88  0  0  0  2  2.174957e-01  2.000000e-07
 69  82  0  0  0  2  3.009367e-01  2.000000e-07
 69  57  0  0  0  2  5.986274e-02  2.000000e-07
 69  84  0  0  0  2  2.219035e-01  2.000000e-07
 69  59  0  0  0  2  3.821680e-01  2.000000e-07
 69  85  0 -1  0  2  4.523867e-01  2.000000e-07
 69  14  0  0  0  2  1.528452e-01  2.000000e-07
 69  60  0  0  0  2  9.229350e-02  2.000000e-07
 69  88  0  0  0  2  1.652690e-01  2.000000e-07
 82  84  0  0  0  2  4.228914e-01  2.000000e-07
 82  2  0  0  0  2  4.384277e-01  2.000000e-07
 82  7  0  0  0  2  6.834935e-02  2.000000e-07
 82  59  0  0  0  2  9.398130e-02  2.000000e-07
 82  85  0  0  0  2  4.269132e-01  2.000000e-07
 82  60  0  0  0  2  2.273281e-01  2.000000e-07
 57  11  1  0  0  2  4.672896e-01  2.000000e-07
 57  15  0  0  0  2  1.992323e-01  2.000000e-07
 57  58  0 -1  0  2  2.547651e-01  2.000000e-07
 57  14  0  0  0  2  1.796609e-01  2.000000e-07
 57  60  0  0  0  2  1.501159e-01  2.000000e-07
 15  58  0 -1  0  2  2.285122e-01  2.000000e-07
 15  80  0  0  0  2  1.343646e-01  2.000000e-07
 15  81  0  0  0  2  1.546742e-01  2.000000e-07
 15  14  0  0  0  2  4.490692e-02  2.000000e-07
 15  60  0  0  0  2  2.240979e-01  2.000000e-07
 15  88  0  0  0  2  6.438860e-02  2.000000e-07
 1  70  0  0  0  2  1.991102e-01  2.000000e-07
 1  65  0  0  0  2  1.055816e-01  2.000000e-07
 1  85  0  0  0  2  3.304723e-01  2.000000e-07
 58  70  1  0  0  2  5.395436e-01  2.000000e-07
 58  59  0  0  0  2  3.568733e-01  2.000000e-07
 58  85  0  0  0  2  2.490949e-01  2.000000e-07
 80  2  0  0  0  2  3.340971e-03  2.000000e-07
 80  81  0  0  0  2  8.941342e-02  2.000000e-07
 84  2  0  0  0  2  3.257432e-02  2.000000e-07
 84  85  0 -1  0  2  3.469643e-01  2.000000e-07
 84  14  0  0  0  2  8.738692e-02  2.000000e-07
 84  88  0  0  0  2  6.184475e-02  2.000000e-07
 2  81  0  0  0  2  9.178467e-02  2.000000e-07
 2  85  0 -1  0  2  3.526428e-01  2.000000e-07
 81  79 -1 -1  0  2  7.069880e-01  2.000000e-07
 81  85  0 -1  0  2  2.821175e-01  2.000000e-07
 70  65  0  0  0  2  2.623714e-01  2.000000e-07
 70  59 -1  0  0  2  3.856602e-01  2.000000e-07
 70  85  0  0  0  2  3.187602e-01  2.000000e-07
 65  59 -1  0  0  2  4.874743e-01  2.000000e-07
 7  60  0  0  0  2  2.447190e-01  2.000000e-07
 59  85  0  0  0  2  4.268187e-01  2.000000e-07
 85  14  0  1  0  2  3.320090e-01  2.000000e-07
 85  88  0  1  0  2  3.448332e-01  2.000000e-07
 14  88  0  0  0  2  2.855799e-02  2.000000e-07
 4  67  0  0  0  2  2.306183e-01  2.000000e-07
 74  67  0  0  0  1  1.184970e-01  3.000000e-07
 74  66  0  0  0  1  1.295361e-01  3.000000e-07
 74  68  0  0  0  1  9.377309e-02  3.000000e-07
 74  80  0  0  0  1  7.818237e-02  3.000000e-07
 74  81  0  0  0  1  1.078978e-01  3.000000e-07
 67  11  0  0  0  1  2.206073e-01  3.000000e-07
 67  4  0  0  0  1  2.306183e-01  3.000000e-07
 13  16  0  0  0  1  1.190422e-01  3.000000e-07
 13  69  0  0  0  1  1.335171e-01  3.000000e-07
 13  57  0  0  0  1  1.259597e-01  3.000000e-07
 13  15  0  0  0  1  8.709123e-02  3.000000e-07
 13  58  0 -1  0  1  1.815523e-01  3.000000e-07
 13  14  0  0  0  1  9.324397e-02  3.000000e-07
 72  87  0  0  0  1  2.525577e-01  3.000000e-07
 72  73  0  1  0  1  2.753646e-01  3.000000e-07
 72  79 -1  0  0  1  4.950391e-01  3.000000e-07
 72  56  0  1  0  1  2.101139e-01  3.000000e-07
 72  70  0  0  0  1  2.068989e-01  3.000000e-07
 72  85  0  0  0  1  2.324130e-01  3.000000e-07
 9  62  1  0  0  1  1.920224e-01  3.000000e-07
 9  61  0  0  0  1  1.108165e-01  3.000000e-07
 9  10  1  0  0  1  2.247913e-01  3.000000e-07
 9  7  0  0  0  1  6.472733e-02  3.000000e-07
 6  11  0  0  0  1  8.973543e-02  3.000000e-07
 6  4  0  0  0  1  7.909004e-02  3.000000e-07
 3  75  0  0  0  1  8.359748e-02  3.000000e-07
 3  76  0  0  0  1  5.822521e-02  3.000000e-07
 3  78  0  0  0  1  1.832922e-01  3.000000e-07
 3  86  0  0  0  1  6.641542e-02  3.000000e-07
 62  8 -1  0  0  1  1.928735e-01  3.000000e-07
 62  1  0  0  0  1  2.565266e-01  3.000000e-07
 62  70  0  0  0  1  1.713213e-01  3.000000e-07
 62  65  0  0  0  1  2.482631e-01  3.000000e-07
 62  59 -1  0  0  1  2.515535e-01  3.000000e-07
 66  11  0  0  0  1  1.261752e-01  3.000000e-07
 66  68  0  0  0  1  1.717548e-01  3.000000e-07
 66  65  0  0  0  1  1.239005e-01  3.000000e-07
 87  86  0  0  0  1  1.070473e-01  3.000000e-07
 87  1  0  0  0  1  1.056143e-01  3.000000e-07
 87  85  0  0  0  1  2.425876e-01  3.000000e-07
 61  10  1  0  0  1  1.684476e-01  3.000000e-07
 61  55  0  0  0  1  3.106707e-01  3.000000e-07
 61  69  0  0  0  1  2.483581e-01  3.000000e-07
 61  57  0  0  0  1  2.592145e-01  3.000000e-07
 61  7  0  0  0  1  1.199900e-01  3.000000e-07
 11  10  0  0  0  1  2.056827e-01  3.000000e-07
 11  5  0  0  0  1  1.209413e-01  3.000000e-07
 11  4  0  0  0  1  1.538849e-01  3.000000e-07
 68  64  0  0  0  1  1.370291e-01  3.000000e-07
 68  80  0  0  0  1  7.111346e-02  3.000000e-07
 68  60  0  0  0  1  2.102711e-01  3.000000e-07
 68  88  0  0  0  1  1.215721e-01  3.000000e-07
 64  75  0  0  0  1  1.773803e-01  3.000000e-07
 64  0  0  0  0  1  8.053820e-02  3.000000e-07
 64  65  0  0  0  1  1.572341e-01  3.000000e-07
 64  60  0  0  0  1  2.604948e-01  3.000000e-07
 16  79  0 -1  0  1  2.079894e-01  3.000000e-07
 16  57  0  0  0  1  1.038356e-01  3.000000e-07
 16  58  0 -1  0  1  1.608280e-01  3.000000e-07
 10  5  0  0  0  1  1.858700e-01  3.000000e-07
 10  55 -1  0  0  1  3.179286e-01  3.000000e-07
 10  65  0  0  0  1  2.531511e-01  3.000000e-07
 77  78  0  0  0  1  2.403634e-01  3.000000e-07
 77  59  0  0  0  1  9.046102e-02  3.000000e-07
 75  0  0  0  0  1  1.134016e-01  3.000000e-07
 75  78  0  0  0  1  2.312363e-01  3.000000e-07
 75  82  0  0  0  1  2.383129e-01  3.000000e-07
 75  60  0  0  0  1  2.891448e-01  3.000000e-07
 73  79 -1 -1  0  1  3.994828e-01  3.000000e-07
 73  5  0  0  0  1  8.781032e-02  3.000000e-07
 73  4  0  0  0  1  8.518752e-02  3.000000e-07
 76  0  0  0  0  1  1.135151e-01  3.000000e-07
 76  86  0  0  0  1  8.934802e-02  3.000000e-07
 0  1  0  0  0  1  1.297728e-01  3.000000e-07
 0  65  0  0  0  1  1.509290e-01  3.000000e-07
 63  78  0  0  0  1  1.883922e-01  3.000000e-07
 63  86  0  0  0  1  5.044693e-02  3.000000e-07
 63  85  0  0  0  1  1.990291e-01  3.000000e-07
 78  54  0  0  0  1  1.742567e-01  3.000000e-07
 78  79  0  0  0  1  1.706063e-01  3.000000e-07
 83  88  0  0  0  1  8.148083e-02  3.000000e-07
 54  79  0  0  0  1  6.680904e-02  3.000000e-07
 54  15  0  1  0  1  2.397225e-01  3.000000e-07
 54  85  0  0  0  1  2.377671e-01  3.000000e-07
 8  7  0  0  0  1  6.365035e-02  3.000000e-07
 8  59  0  0  0  1  8.914411e-02  3.000000e-07
 79  55  0  1  0  1  2.544160e-01  3.000000e-07
 79  70  1  0  0  1  4.731759e-01  3.000000e-07
 79  59  0  0  0  1  2.864023e-01  3.000000e-07
 86  1  0  0  0  1  1.302961e-01  3.000000e-07
 86  85  0  0  0  1  2.187052e-01  3.000000e-07
 5  55 -1  0  0  1  2.577300e-01  3.000000e-07
 5  4  0  0  0  1  9.342397e-02  3.000000e-07
 55  73  1  0  0  1  2.011491e-01  3.000000e-07
 55  57  0  0  0  1  1.446875e-01  3.000000e-07
 56  15  0  0  0  1  2.025378e-01  3.000000e-07
 56  81  0  0  0  1  7.033570e-02  3.000000e-07
 56  85  0 -1  0  1  2.405892e-01  3.000000e-07
 56  4  0  0  0  1  2.186991e-01  3.000000e-07
 69  57  0  0  0  1  5.986274e-02  3.000000e-07
 69  14  0  0  0  1  1.528452e-01  3.000000e-07
 69  60  0  0  0  1  9.229350e-02  3.000000e-07
 69  88  0  0  0  1  1.652690e-01  3.000000e-07
 82  7  0  0  0  1  6.834935e-02  3.000000e-07
 82  59  0  0  0  1  9.398130e-02  3.000000e-07
 82  60  0  0  0  1  2.273281e-01  3.000000e-07
 15  58  0 -1  0  1  2.285122e-01  3.000000e-07
 15  84  0  0  0  1  1.041780e-01  3.000000e-07
 15  81  0  0  0  1  1.546742e-01  3.000000e-07
 15  88  0  0  0  1  6.438860e-02  3.000000e-07
 1  70  0  0  0  1  1.991102e-01  3.000000e-07
 1  65  0  0  0  1  1.055816e-01  3.000000e-07
 80  81  0  0  0  1  8.941342e-02  3.000000e-07
 84  81  0  0  0  1  1.083246e-01  3.000000e-07
 84  88  0  0  0  1  6.184475e-02  3.000000e-07
 7  59  0  0  0  1  8.559083e-02  3.000000e-07
 7  60  0  0  0  1  2.447190e-01  3.000000e-07
 60  88  0  0  0  1  1.792190e-01  3.000000e-07
-4.893847e-02 -2.172806e-02  0
-1.575117e-01  4.935514e-02  0
-1.791482e-02 -3.026964e-01  0
 1.036394e-02  1.319330e-01  0
-3.239789e-01 -3.938922e-01  0
-3.687185e-01 -3.118775e-01  0
-3.278229e-01 -3.148956e-01  0
 3.399041e-01  9.107328e-03  0
 3.994647e-01  3.155521e-02  0
 4.039944e-01  1.816594e-02  0
-4.342678e-01 -1.379495e-01  0
-2.633929e-01 -2.524358e-01  0
-3.331948e-01  3.409189e-01 -2.229633e-01
 1.729082e-01 -3.924885e-01  0
 9.565347e-02 -3.402760e-01  0
 8.621422e-02 -3.841797e-01  0
 2.887635e-01 -4.198489e-01  0
 3.868862e-02  2.043865e-01 -2.953840e-01
-5.301209e-02  4.096155e-01 -1.067033e-01
 2.300095e-01 -1.223644e-01 -2.922110e-01
-5.089342e-02 -6.797701e-02 -3.566099e-01
 2.576556e-01 -1.831208e-01 -2.362551e-01
-1.319623e-01  2.821934e-01  1.564111e-01
-5.029557e-02 -2.418811e-01  2.291694e-01
-3.977939e-01  4.298439e-01  2.462680e-01
-3.047984e-01 -3.395823e-01  3.088272e-01
 3.335842e-01 -2.924588e-01  1.515218e-01
 4.353824e-01  2.495381e-01 -3.433001e-01
 1.481772e-01  2.666429e-02  1.473012e-01
 3.729585e-01  2.025594e-01  4.480189e-01
 1.892137e-01  2.670470e-01  3.767754e-01
 2.986033e-01  2.291752e-01  2.926187e-01
 3.898077e-01  1.207243e-01 -4.395046e-01
-3.447214e-01 -3.660087e-02  3.729551e-01
 7.481708e-03  9.545731e-02  2.705299e-01
 3.961379e-01  4.209892e-01 -3.617362e-01
 2.423173e-01  3.663363e-01  3.367937e-01
-3.999089e-01  3.170027e-01  4.189907e-01
-5.301577e-02  3.714627e-01  1.280926e-01
-8.048942e-02 -3.387508e-01  3.877982e-01
 4.244422e-01  9.875862e-02 -2.871264e-01
 1.822279e-01 -2.460910e-01 -4.328983e-01
 9.126846e-02 -1.690199e-01 -4.085891e-01
 4.023122e-01  4.472671e-02 -4.126443e-01
 3.409537e-01  1.263604e-01 -3.546428e-01
-4.899315e-03  1.672106e-01  4.182564e-01
-1.559695e-01  1.587310e-01  1.827078e-01
 4.250703e-01  2.377494e-01  2.067017e-01
-3.510120e-01 -8.824944e-02 -4.073758e-01
 1.737322e-01  3.586535e-01 -1.956440e-01
-4.195228e-01  2.070672e-01 -4.459018e-01
-1.158190e-01 -3.588600e-01 -4.176848e-01
-3.923047e-01  2.954332e-01 -2.600986e-01
 3.614587e-02  3.930733e-01 -4.478630e-01
 2.176737e-01  4.153577e-01  0
 3.902112e-01 -4.030362e-01  0
-1.094613e-01 -4.364543e-01  0
 2.738127e-01 -3.170953e-01  0
 2.235131e-01  4.331545e-01  0
 3.364699e-01  9.462924e-02  0
 1.959186e-01 -1.887703e-01  0
 4.034901e-01 -9.264941e-02  0
-4.127123e-01  7.540394e-02  0
-7.771563e-03  1.457416e-01  0
-4.979226e-02 -1.022617e-01  0
-1.974991e-01 -4.836124e-02  0
-1.688314e-01 -1.688996e-01  0
-9.336225e-02 -3.929961e-01  0
-9.591704e-03 -2.332613e-01  0
 2.330301e-01 -2.732737e-01  0
-2.915842e-01  1.965607e-01  0
-2.177682e-01  3.198772e-03  1.188434e-01
-2.360943e-01  3.958795e-01  0
-4.090712e-01 -3.898667e-01  0
-9.381027e-02 -2.744999e-01  0
 3.671117e-02  5.259604e-02  0
 1.246540e-02  7.374577e-02  0
 2.596638e-01  4.683781e-02  0
 1.439005e-01  2.574878e-01  0
 2.693926e-01  3.730658e-01  0
-2.117539e-02 -3.034250e-01  0
-6.838484e-02 -3.793594e-01  0
 2.734141e-01  2.494106e-02  0
 4.833216e-03 -2.789750e-01  0
 1.403155e-02 -3.090617e-01  0
-9.371969e-03  3.447643e-01  0
-5.604622e-02  1.310976e-01  0
-1.604069e-01  1.549297e-01  0
 7.474818e-02 -3.208202e-01  0
 1.180966e-01  4.732347e-02 -2.350999e-01