 728  90  1.200000e-05  61 -2 -2
 17  20  0  0  0  3  3.495430e-01  1.000000e-07
 17  18  0  0  0  3  9.173180e-02  1.000000e-07
 17  32  0  0  0  3  2.253693e-01  1.000000e-07
 17  19  0  0  0  3  6.390646e-02  1.000000e-07
 17  39  0  0  0  3  1.542410e-01  1.000000e-07
 17  33  0  0  0  3  2.477591e-01  1.000000e-07
 17  76  0  0  0  3  1.889839e-01  1.000000e-07
 20  16  0  0  0  3  1.003394e-01  1.000000e-07
 20  75  0  0  0  3  1.303995e-01  1.000000e-07
 20  74  0 -1  0  3  3.321898e-01  1.000000e-07
 20  39  0  0  0  3  3.473495e-01  1.000000e-07
 20  30  0 -1  0  3  2.957473e-01  1.000000e-07
 20  33  0  0  0  3  2.134989e-01  1.000000e-07
 20  76  0  0  0  3  3.083983e-01  1.000000e-07
 13  88  0  0  0  3  4.305066e-01  1.000000e-07
 13  14  0  0  0  3  1.345394e-01  1.000000e-07
 13  74  0  0  0  3  3.672231e-01  1.000000e-07
 13  36  0  0  0  3  1.250384e-01  1.000000e-07
 13  15  0  0  0  3  2.835437e-01  1.000000e-07
 13  33  0  1  0  3  4.202542e-01  1.000000e-07
 13  34  0  0  0  3  2.309851e-01  1.000000e-07
 13  37 -1  1  1  3  6.878473e-01  1.000000e-07
 13  35  0  1  1  3  6.369515e-01  1.000000e-07
 16  75  0  0  0  3  2.146825e-01  1.000000e-07
 16  30  0 -1  0  3  2.872637e-01  1.000000e-07
 16  33  0  0  0  3  1.496306e-01  1.000000e-07
 16  34  0 -1  0  3  3.017205e-01  1.000000e-07
 16  31  0  0  1  3  4.622678e-01  1.000000e-07
 18  32  0  0  0  3  2.542244e-01  1.000000e-07
 18  88  0  0  0  3  5.623788e-01  1.000000e-07
 18  74  0  0  0  3  2.790020e-01  1.000000e-07
 18  19  0  0  0  3  7.594354e-02  1.000000e-07
 18  30  0  0  0  3  3.711771e-01  1.000000e-07
 18  33  0  0  0  3  2.619279e-01  1.000000e-07
 32  88  1  0  0  3  3.127177e-01  1.000000e-07
 32  22  0 -1  0  3  5.606505e-01  1.000000e-07
 32  30  0  0  0  3  4.664255e-01  1.000000e-07
 32  37  0  0  1  3  2.573719e-01  1.000000e-07
 32  31  0  0  1  3  4.122109e-01  1.000000e-07
 32  25  0  0  1  3  4.211651e-01  1.000000e-07
 32  80  0  0  1  3  3.411464e-01  1.000000e-07
 88  14  0 -1  0  3  6.284119e-01  1.000000e-07
 88  21 -1  0  1  3  4.009100e-01  1.000000e-07
 88  37 -1  0  1  3  3.117697e-01  1.000000e-07
 88  35  0  0  1  3  4.005547e-01  1.000000e-07
 88  38  0  0  1  3  3.594167e-01  1.000000e-07
 14  15  0  0  0  3  1.753693e-01  1.000000e-07
 14  33  0  1  0  3  4.083388e-01  1.000000e-07
 14  76 -1  1  0  3  5.557882e-01  1.000000e-07
 14  35  0  1  1  3  6.505601e-01  1.000000e-07
 22  75  0  1  0  3  2.967368e-01  1.000000e-07
 22  39  0  0  0  3  5.479891e-01  1.000000e-07
 22  36  1  0  0  3  3.751473e-01  1.000000e-07
 22  76  0  1  0  3  4.916920e-01  1.000000e-07
 22  37  0  1  1  3  5.865135e-01  1.000000e-07
 22  31  0  1  1  3  5.354103e-01  1.000000e-07
 22  38  1  0  1  3  4.158633e-01  1.000000e-07
 22  23  0  1  1  3  6.009724e-01  1.000000e-07
 75  74  0 -1  0  3  3.527124e-01  1.000000e-07
 75  39  0  0  0  3  3.505875e-01  1.000000e-07
 75  15  1 -1  0  3  3.132362e-01  1.000000e-07
 75  76  0  0  0  3  2.700367e-01  1.000000e-07
 74  19  0  0  0  3  2.695015e-01  1.000000e-07
 74  34  0  0  0  3  2.133737e-01  1.000000e-07
 19  39  0  0  0  3  1.710400e-01  1.000000e-07
 19  30  0  0  0  3  3.760969e-01  1.000000e-07
 36  15  0  0  0  3  3.645312e-01  1.000000e-07
 36  34  0  0  0  3  2.326137e-01  1.000000e-07
 36  25  0  0  1  3  3.377996e-01  1.000000e-07
 36  38  0  0  1  3  3.369936e-01  1.000000e-07
 36  26  0  0  1  3  2.685932e-01  1.000000e-07
 30  34  0  0  0  3  1.278148e-01  1.000000e-07
 30  21  0  0  1  3  3.930378e-01  1.000000e-07
 30  31  0  1  1  3  4.540106e-01  1.000000e-07
 30  28  0  0  1  3  3.667182e-01  1.000000e-07
 15  76 -1  1  0  3  4.511351e-01  1.000000e-07
 33  76  0  0  0  3  3.152309e-01  1.000000e-07
 33  35  0  0  1  3  4.762009e-01  1.000000e-07
 33  26  0 -1  1  3  4.842503e-01  1.000000e-07
 34  31  0  1  1  3  4.366143e-01  1.000000e-07
 34  25  0  0  1  3  3.146359e-01  1.000000e-07
 34  28  0  0  1  3  3.503986e-01  1.000000e-07
 34  26  0  0  1  3  2.522543e-01  1.000000e-07
 84  35  0  0  0  3  2.109215e-01  1.000000e-07
 84  77  0  0  0  3  1.872258e-01  1.000000e-07
 84  24  0  0  0  3  1.659779e-01  1.000000e-07
 84  12  0  0  0  3  2.630672e-01  1.000000e-07
 84  72  0  0  0  3  2.184027e-01  1.000000e-07
 84  7 -1  0  0  3  4.156204e-01  1.000000e-07
 84  23 -1  0  0  3  4.471801e-01  1.000000e-07
 21  37  0  0  0  3  4.056759e-01  1.000000e-07
 21  37  0  1  0  3  5.983470e-01  1.000000e-07
 21  31  0  1  0  3  4.457513e-01  1.000000e-07
 21  38  1  0  0  3  2.527466e-01  1.000000e-07
 21  72  1  0  0  3  4.108757e-01  1.000000e-07
 21  23  0  1  0  3  5.306725e-01  1.000000e-07
 21  28  0  0  0  3  2.508727e-01  1.000000e-07
 37  11  1 -1  0  3  6.820820e-01  1.000000e-07
 37  80  0  0  0  3  2.220612e-01  1.000000e-07
 37  23  0  0  0  3  1.949469e-01  1.000000e-07
 35  36  0  0 -1  3  4.306748e-01  1.000000e-07
 35  25  0  0  0  3  2.807329e-01  1.000000e-07
 35  27  0  0  0  3  3.044512e-01  1.000000e-07
 35  26  0 -1  0  3  5.568699e-01  1.000000e-07
 31  77  0  0  0  3  3.207038e-01  1.000000e-07
 31  23  0  0  0  3  2.557643e-01  1.000000e-07
 31  26  0 -1  0  3  2.934566e-01  1.000000e-07
 25  27  0  0  0  3  1.214412e-01  1.000000e-07
 25  29  0  0  0  3  2.523773e-01  1.000000e-07
 25  80  0  0  0  3  3.152422e-01  1.000000e-07
 25  28  0  0  0  3  1.785067e-01  1.000000e-07
 25  26  0  0  0  3  2.483356e-01  1.000000e-07
 27  77  0  0  0  3  4.029332e-01  1.000000e-07
 27  24  0  0  0  3  4.120670e-01  1.000000e-07
 27  29  0  0  0  3  3.194549e-01  1.000000e-07
 27  79  0  0  0  3  2.614759e-01  1.000000e-07
 27  28  0  0  0  3  1.906806e-01  1.000000e-07
 27  26  0  0  0  3  2.111854e-01  1.000000e-07
 77  24  0  0  0  3  1.215802e-01  1.000000e-07
 77  11  0 -1  0  3  3.888244e-01  1.000000e-07
 77  78  0  0  0  3  2.305693e-01  1.000000e-07
 77  29  0  0  0  3  3.488000e-01  1.000000e-07
 77  7 -1  0  0  3  5.160442e-01  1.000000e-07
 77  26  0 -1  0  3  4.717712e-01  1.000000e-07
 24  78  0  0  0  3  2.669797e-01  1.000000e-07
 24  29  0  0  0  3  3.921716e-01  1.000000e-07
 24  72  0  0  0  3  3.210793e-01  1.000000e-07
 38  11  0  0  0  3  3.847108e-01  1.000000e-07
 38  12  0  0  0  3  1.974858e-01  1.000000e-07
 38  72  0  0  0  3  2.217319e-01  1.000000e-07
 38  80 -1  0  0  3  3.827063e-01  1.000000e-07
 38  26  0  0  0  3  3.896406e-01  1.000000e-07
 11  12  0  0  0  3  2.917550e-01  1.000000e-07
 11  78  0  1  0  3  2.124811e-01  1.000000e-07
 11  79  0  0  0  3  8.515801e-02  1.000000e-07
 12  72  0  0  0  3  1.247256e-01  1.000000e-07
 12  79  0  0  0  3  3.410602e-01  1.000000e-07
 78  29  0  0  0  3  4.122379e-01  1.000000e-07
 78  7  0  0  0  3  4.037260e-01  1.000000e-07
 78  23  0  0  0  3  3.651483e-01  1.000000e-07
 78  79  0 -1  0  3  1.926056e-01  1.000000e-07
 78  26  0 -1  0  3  3.368022e-01  1.000000e-07
 29  80  0  0  0  3  1.244510e-01  1.000000e-07
 29  23  0  0  0  3  2.115714e-01  1.000000e-07
 29  28  0  0  0  3  2.950072e-01  1.000000e-07
 72  80 -1  0  0  3  4.233631e-01  1.000000e-07
 80  7  0  0  0  3  3.875916e-01  1.000000e-07
 80  23  0  0  0  3  2.250158e-01  1.000000e-07
 80  28  0  0  0  3  2.875516e-01  1.000000e-07
 7  79  0 -1  0  3  4.681827e-01  1.000000e-07
 79  28  0  0  0  3  2.740301e-01  1.000000e-07
 79  26  0  0  0  3  2.356252e-01  1.000000e-07
 19  61  0  0  0  3  3.167483e-01  1.000000e-07
 81  12  0  0  0  3  2.613447e-01  1.000000e-07
 39  46  0  0  0  3  1.623348e-01  1.000000e-07
 10  7  0  0  0  3  1.734348e-01  1.000000e-07
 14  55  0  0  0  3  2.552412e-01  1.000000e-07
 59  11  0  0  0  3  1.724805e-01  1.000000e-07
 16  53  0  0  0  3  3.280114e-01  1.000000e-07
 85  24  0  0  0  3  1.468614e-01  1.000000e-07
 75  8  0  0  0  3  2.237595e-01  1.000000e-07
 10  7  0  0  0  3  1.288079e-01  1.000000e-07
 15  50 -1  1  0  3  2.568538e-01  1.000000e-07
 8  7  0  0  0  3  1.638909e-01  1.000000e-07
 39  48  0  0  0  3  2.480833e-01  1.000000e-07
 45  24  0  0  0  3  2.293120e-01  1.000000e-07
 76  10  0  0  0  3  2.558451e-01  1.000000e-07
 8  7  0  0  0  3  1.274686e-01  1.000000e-07
 17  89  0  0  0  3  3.190219e-01  1.000000e-07
 85  24  0  0  0  3  1.444249e-01  1.000000e-07
 15  58  0  0  0  3  2.498091e-01  1.000000e-07
 52  12  0  0  0  3  2.308951e-01  1.000000e-07
 74  0  0  0  0  3  2.824063e-01  1.000000e-07
 86  12  0  0  0  3  2.348885e-01  1.000000e-07
 76  66  1  0  0  3  3.235017e-01  1.000000e-07
 44  84  0  0  0  3  2.449762e-01  1.000000e-07
 14  58  0  0  0  3  3.306560e-01  1.000000e-07
 86  72  0  0  0  3  1.480173e-01  1.000000e-07
 19  71  0  0  0  3  2.397702e-01  1.000000e-07
 60  27  0  0  0  3  3.281374e-01  1.000000e-07
 14  57  0  0  0  3  2.786222e-01  1.000000e-07
 59  79  0  0  0  3  1.848736e-01  1.000000e-07
 18  89  0  0  0  3  3.252529e-01  1.000000e-07
 85  24  0  0  0  3  1.289438e-01  1.000000e-07
 19  45  0  0  0  3  2.040693e-01  1.000000e-07
 71  29  0  0  0  3  2.771558e-01  1.000000e-07
 16  56  0  0  0  3  2.614333e-01  1.000000e-07
 47  11  0 -1  0  3  1.865736e-01  1.000000e-07
 39  46  0  0  0  3  1.131284e-01  1.000000e-07
 45  23  0  0  0  3  2.651855e-01  1.000000e-07
 19  89  0  0  0  3  3.056807e-01  1.000000e-07
 85  24  0  0  0  3  1.506380e-01  1.000000e-07
 15  87  0  1  0  3  3.642984e-01  1.000000e-07
 83  24  0  0  0  3  2.011086e-01  1.000000e-07
 20  47  0  0  0  3  2.093031e-01  1.000000e-07
 56  79  0 -1  0  3  1.900268e-01  1.000000e-07
 15  55  0  0  0  3  2.510836e-01  1.000000e-07
 59  11  0  0  0  3  2.209339e-01  1.000000e-07
 88  42  0  0  0  3  4.745241e-01  1.000000e-07
 85  24  0  0  0  3  1.216971e-01  1.000000e-07
 74  61  0  0  0  3  3.791727e-01  1.000000e-07
 81  24  0  0  0  3  1.883612e-01  1.000000e-07
 16  56  0  0  0  3  2.315142e-01  1.000000e-07
 48  78  0  0  0  3  1.574520e-01  1.000000e-07
 36  54  0  0  0  3  4.540293e-01  1.000000e-07
 68  72  0  0  0  3  1.143418e-01  1.000000e-07
 39  49  0  0  0  3  2.004327e-01  1.000000e-07
 63  84  1  0  0  3  3.254727e-01  1.000000e-07
 75  65  0 -1  0  3  2.413815e-01  1.000000e-07
 51  28  0  0  0  3  3.592466e-01  1.000000e-07
 74  2  0  0  0  3  4.249928e-01  1.000000e-07
 3  72  1  0  0  3  2.229223e-01  1.000000e-07
 18  81  0  0  0  3  3.476930e-01  1.000000e-07
 61  12  0  0  0  3  2.307853e-01  1.000000e-07
 45  42  0  0  0  2  3.528371e-01  2.000000e-07
 45  71  0  0  0  2  1.971270e-01  2.000000e-07
 45  47  0  0  0  2  2.997001e-01  2.000000e-07
 45  48  0  0  0  2  2.568937e-01  2.000000e-07
 45  63  0  0  0  2  2.452872e-01  2.000000e-07
 45  8  0  0  0  2  2.449589e-01  2.000000e-07
 45  6  0  0  0  2  2.609219e-01  2.000000e-07
 45  43  0  0  0  2  4.401136e-01  2.000000e-07
 45  49  0  0  0  2  2.433196e-01  2.000000e-07
 45  3  0  0  0  2  2.515335e-01  2.000000e-07
 45  64  0  0  0  2  1.917988e-01  2.000000e-07
 45  10  0  0  0  2  2.215405e-01  2.000000e-07
 45  61  0  0  0  2  2.934734e-01  2.000000e-07
 45  89  0  0  0  2  3.232171e-01  2.000000e-07
 45  67  0  0  0  2  1.921744e-01  2.000000e-07
 45  85  0  0  0  2  3.393289e-01  2.000000e-07
 46  83  1  0  0  2  4.020642e-01  2.000000e-07
 46  9  0  0  0  2  1.727513e-01  2.000000e-07
 46  5  0  0  0  2  2.463234e-01  2.000000e-07
 46  71  0  0  0  2  2.809719e-01  2.000000e-07
 46  87  1  0  0  2  4.074151e-01  2.000000e-07
 46  63  0  0  0  2  2.195994e-01  2.000000e-07
 46  40  1  0  0  2  4.097344e-01  2.000000e-07
 46  6  0  0  0  2  3.274611e-01  2.000000e-07
 46  49  0  0  0  2  1.515125e-01  2.000000e-07
 46  41  1  0  0  2  4.112877e-01  2.000000e-07
 46  64  0  0  0  2  1.467822e-01  2.000000e-07
 46  10  0  0  0  2  1.384537e-01  2.000000e-07
 46  61  0  0  0  2  3.906716e-01  2.000000e-07
 46  65  0 -1  0  2  4.439902e-01  2.000000e-07
 46  66  1  0  0  2  2.787792e-01  2.000000e-07
 46  51  0 -1  0  2  5.355893e-01  2.000000e-07
 46  70  1  0  0  2  3.807717e-01  2.000000e-07
 46  82  1  0  0  2  4.514926e-01  2.000000e-07
 46  52  1 -1  0  2  4.982788e-01  2.000000e-07
 42  83  0  0  0  2  2.668884e-01  2.000000e-07
 42  47  0  0  0  2  4.277246e-01  2.000000e-07
 42  48  0  0  0  2  2.320654e-01  2.000000e-07
 42  44  0  0  0  2  1.878564e-01  2.000000e-07
 42  81  0  0  0  2  1.355841e-01  2.000000e-07
 42  68  0  0  0  2  2.651122e-01  2.000000e-07
 42  66  0  0  0  2  2.964529e-01  2.000000e-07
 42  69  0  0  0  2  1.246150e-01  2.000000e-07
 42  89  0  0  0  2  5.182583e-02  2.000000e-07
 42  82  0  0  0  2  1.525746e-01  2.000000e-07
 42  67  0  0  0  2  3.700363e-01  2.000000e-07
 42  85  0  0  0  2  5.373333e-02  2.000000e-07
 83  87  0  0  0  2  8.449173e-03  2.000000e-07
 83  57  0 -1  0  2  3.902701e-01  2.000000e-07
 83  48  0  0  0  2  3.423046e-01  2.000000e-07
 83  44  0  0  0  2  2.166276e-01  2.000000e-07
 83  40  0  0  0  2  1.221473e-01  2.000000e-07
 83  55  0 -1  0  2  3.320890e-01  2.000000e-07
 83  56  0  0  0  2  3.037542e-01  2.000000e-07
 83  50 -1  0  0  2  3.134512e-01  2.000000e-07
 83  10 -1  0  0  2  3.517281e-01  2.000000e-07
 83  66  0  0  0  2  1.652935e-01  2.000000e-07
 83  89  0  0  0  2  2.641616e-01  2.000000e-07
 83  82  0  0  0  2  1.165439e-01  2.000000e-07
 83  85  0  0  0  2  2.461366e-01  2.000000e-07
 83  52  0 -1  0  2  3.231479e-01  2.000000e-07
 9  71  0  0  0  2  3.466505e-01  2.000000e-07
 9  48  0  0  0  2  1.351435e-01  2.000000e-07
 9  53  0  0  0  2  2.719308e-01  2.000000e-07
 9  56  0  0  0  2  2.074836e-01  2.000000e-07
 9  81  0  0  0  2  3.891117e-01  2.000000e-07
 9  64  0  0  0  2  8.640217e-02  2.000000e-07
 9  10  0  0  0  2  1.752416e-01  2.000000e-07
 9  61  0  0  0  2  3.616168e-01  2.000000e-07
 9  65  0 -1  0  2  3.179049e-01  2.000000e-07
 9  73  0 -1  0  2  4.745865e-01  2.000000e-07
 9  51  0 -1  0  2  4.729718e-01  2.000000e-07
 9  62  0 -1  0  2  3.627005e-01  2.000000e-07
 9  82  0  0  0  2  4.142642e-01  2.000000e-07
 9  85  0  0  0  2  2.969734e-01  2.000000e-07
 9  52  1 -1  0  2  5.168091e-01  2.000000e-07
 5  71  0  0  0  2  1.411398e-01  2.000000e-07
 5  63  0  0  0  2  1.535167e-01  2.000000e-07
 5  6  0  0  0  2  1.097488e-01  2.000000e-07
 5  3  0  0  0  2  8.518868e-02  2.000000e-07
 5  60  0  0  0  2  2.183027e-01  2.000000e-07
 5  61  0  0  0  2  3.395878e-01  2.000000e-07
 5  65  0  0  0  2  3.717203e-01  2.000000e-07
 5  54  1  0  0  2  3.059805e-01  2.000000e-07
 5  66  1  0  0  2  3.640481e-01  2.000000e-07
 5  73  0  0  0  2  2.604790e-01  2.000000e-07
 5  51  0  0  0  2  2.239561e-01  2.000000e-07
 5  4  0  0  0  2  1.483267e-01  2.000000e-07
 5  62  0  0  0  2  4.093956e-01  2.000000e-07
 5  70  1  0  0  2  3.596425e-01  2.000000e-07
 5  52  1  0  0  2  4.157471e-01  2.000000e-07
 71  63  0  0  0  2  2.847661e-01  2.000000e-07
 71  0  0  0  0  2  3.122434e-01  2.000000e-07
 71  86  0  0  0  2  3.514702e-01  2.000000e-07
 71  3  0  0  0  2  2.262878e-01  2.000000e-07
 71  10  0  0  0  2  4.159222e-01  2.000000e-07
 71  60  0  0  0  2  9.767419e-02  2.000000e-07
 71  61  0  0  0  2  2.000761e-01  2.000000e-07
 71  4  0  0  0  2  2.355222e-01  2.000000e-07
 71  62  0  0  0  2  3.346579e-01  2.000000e-07
 71  67  0  0  0  2  2.519402e-02  2.000000e-07
 71  85  0  0  0  2  3.645912e-01  2.000000e-07
 87  57  0 -1  0  2  3.820531e-01  2.000000e-07
 87  48  0  0  0  2  3.398408e-01  2.000000e-07
 87  59  0 -1  0  2  3.809421e-01  2.000000e-07
 87  44  0  0  0  2  2.245444e-01  2.000000e-07
 87  40  0  0  0  2  1.162079e-01  2.000000e-07
 87  53  0  0  0  2  2.305623e-01  2.000000e-07
 87  55  0 -1  0  2  3.236878e-01  2.000000e-07
 87  56  0  0  0  2  2.990106e-01  2.000000e-07
 87  49 -1  0  0  2  2.582081e-01  2.000000e-07
 87  41  0  0  0  2  1.023819e-01  2.000000e-07
 87  89  0  0  0  2  2.662976e-01  2.000000e-07
 87  62  0 -1  0  2  4.717286e-01  2.000000e-07
 87  70  0  0  0  2  2.798150e-01  2.000000e-07
 87  82  0  0  0  2  1.213996e-01  2.000000e-07
 57  47  0  1  0  2  3.422731e-01  2.000000e-07
 57  58  0  0  0  2  1.856391e-01  2.000000e-07
 57  59  0  0  0  2  4.883673e-03  2.000000e-07
 57  40  0  1  0  2  3.400252e-01  2.000000e-07
 57  0  0  0  0  2  1.376315e-01  2.000000e-07
 57  55  0  0  0  2  7.403071e-02  2.000000e-07
 57  86  0  0  0  2  2.329811e-01  2.000000e-07
 57  56  0  1  0  2  2.608029e-01  2.000000e-07
 57  73  0  0  0  2  5.011449e-01  2.000000e-07
 57  1  0  0  0  2  1.335250e-01  2.000000e-07
 57  62  0  0  0  2  1.404708e-01  2.000000e-07
 57  82  0  1  0  2  4.439883e-01  2.000000e-07
 47  48  0  0  0  2  1.962711e-01  2.000000e-07
 47  8  0  0  0  2  1.879698e-01  2.000000e-07
 47  6  0 -1  0  2  4.471381e-01  2.000000e-07
 47  55  0 -1  0  2  3.853567e-01  2.000000e-07
 47  56  0  0  0  2  1.972007e-01  2.000000e-07
 47  50  0  0  0  2  2.417830e-01  2.000000e-07
 47  64  0  0  0  2  1.246720e-01  2.000000e-07
 47  10  0  0  0  2  1.903606e-01  2.000000e-07
 47  60  0 -1  0  2  4.471458e-01  2.000000e-07
 47  65  0 -1  0  2  1.811661e-01  2.000000e-07
 47  73  0 -1  0  2  3.549106e-01  2.000000e-07
 47  1  0 -1  0  2  2.148982e-01  2.000000e-07
 47  51  0 -1  0  2  3.449702e-01  2.000000e-07
 47  85  0  0  0  2  3.807791e-01  2.000000e-07
 48  53  0  0  0  2  1.473147e-01  2.000000e-07
 48  55  0 -1  0  2  3.690938e-01  2.000000e-07
 48  56  0  0  0  2  1.037798e-01  2.000000e-07
 48  64  0  0  0  2  2.162269e-01  2.000000e-07
 48  61  0  0  0  2  3.196166e-01  2.000000e-07
 48  65  0 -1  0  2  3.349706e-01  2.000000e-07
 48  1  0 -1  0  2  2.868594e-01  2.000000e-07
 48  89  0  0  0  2  1.804865e-01  2.000000e-07
 48  62  0 -1  0  2  3.365080e-01  2.000000e-07
 63  58  1  0  0  2  4.255842e-01  2.000000e-07
 63  8  0  0  0  2  3.409824e-01  2.000000e-07
 63  44  1  0  0  2  2.548430e-01  2.000000e-07
 63  6  0  0  0  2  2.620386e-01  2.000000e-07
 63  49  0  0  0  2  1.986465e-01  2.000000e-07
 63  3  0  0  0  2  8.738466e-02  2.000000e-07
 63  10  0  0  0  2  3.233739e-01  2.000000e-07
 63  68  1  0  0  2  2.233123e-01  2.000000e-07
 63  54  1  0  0  2  2.027796e-01  2.000000e-07
 63  66  1  0  0  2  2.159265e-01  2.000000e-07
 63  4  0  0  0  2  2.327984e-01  2.000000e-07
 63  70  1  0  0  2  2.136289e-01  2.000000e-07
 63  67  0  0  0  2  2.608085e-01  2.000000e-07
 58  40  0  1  0  2  4.035210e-01  2.000000e-07
 58  0  0  0  0  2  1.032359e-01  2.000000e-07
 58  55  0  0  0  2  1.858678e-01  2.000000e-07
 58  86  0  0  0  2  6.827568e-02  2.000000e-07
 58  81  0  0  0  2  2.252836e-01  2.000000e-07
 58  68  0  0  0  2  2.235020e-01  2.000000e-07
 58  69  0  0  0  2  2.152981e-01  2.000000e-07
 58  4 -1  0  0  2  4.449794e-01  2.000000e-07
 58  70  0  0  0  2  2.909423e-01  2.000000e-07
 58  52  0  0  0  2  2.999385e-01  2.000000e-07
 8  49  0  0  0  2  1.676649e-01  2.000000e-07
 8  50  0  0  0  2  1.393557e-01  2.000000e-07
 8  64  0  0  0  2  1.039822e-01  2.000000e-07
 8  10  0  0  0  2  2.354720e-02  2.000000e-07
 8  66  1  0  0  2  2.879047e-01  2.000000e-07
 59  48  0  1  0  2  3.666380e-01  2.000000e-07
 59  40  0  1  0  2  3.375511e-01  2.000000e-07
 59  53  0  1  0  2  4.138650e-01  2.000000e-07
 59  55  0  0  0  2  7.048256e-02  2.000000e-07
 59  86  0  0  0  2  2.298841e-01  2.000000e-07
 59  43  0  0  0  2  4.026623e-01  2.000000e-07
 59  61  0  0  0  2  3.492927e-01  2.000000e-07
 59  54  0  0  0  2  3.939429e-01  2.000000e-07
 59  1  0  0  0  2  1.383999e-01  2.000000e-07
 59  62  0  0  0  2  1.451114e-01  2.000000e-07
 59  67  0  0  0  2  4.224506e-01  2.000000e-07
 44  40  0  0  0  2  3.324676e-01  2.000000e-07
 44  43  0  0  0  2  1.304921e-01  2.000000e-07
 44  49 -1  0  0  2  2.632422e-01  2.000000e-07
 44  41  0  0  0  2  1.281433e-01  2.000000e-07
 44  68  0  0  0  2  1.354666e-01  2.000000e-07
 44  54  0  0  0  2  1.989953e-01  2.000000e-07
 44  66  0  0  0  2  1.358854e-01  2.000000e-07
 44  89  0  0  0  2  2.274441e-01  2.000000e-07
 40  55  0 -1  0  2  2.701539e-01  2.000000e-07
 40  86  0 -1  0  2  4.716759e-01  2.000000e-07
 40  49 -1  0  0  2  2.786998e-01  2.000000e-07
 40  50 -1  0  0  2  2.291464e-01  2.000000e-07
 40  64 -1  0  0  2  4.089620e-01  2.000000e-07
 40  65 -1 -1  0  2  5.176512e-01  2.000000e-07
 40  54  0 -1  0  2  4.857971e-01  2.000000e-07
 40  66  0  0  0  2  2.474997e-01  2.000000e-07
 40  51 -1 -1  0  2  4.122019e-01  2.000000e-07
 40  62  0 -1  0  2  4.557701e-01  2.000000e-07
 40  82  0  0  0  2  2.372285e-01  2.000000e-07
 40  52  0 -1  0  2  2.010401e-01  2.000000e-07
 6  55  0  0  0  2  4.710850e-01  2.000000e-07
 6  49  0  0  0  2  4.137634e-01  2.000000e-07
 6  50  0  1  0  2  4.433844e-01  2.000000e-07
 6  3  0  0  0  2  1.840609e-01  2.000000e-07
 6  64  0  0  0  2  4.521527e-01  2.000000e-07
 6  60  0  0  0  2  1.228086e-01  2.000000e-07
 6  61  0  0  0  2  2.778386e-01  2.000000e-07
 6  65  0  0  0  2  2.745891e-01  2.000000e-07
 6  54  1  0  0  2  3.890264e-01  2.000000e-07
 6  73  0  0  0  2  2.439918e-01  2.000000e-07
 6  1  0  0  0  2  3.518965e-01  2.000000e-07
 6  51  0  0  0  2  1.922208e-01  2.000000e-07
 6  4  0  0  0  2  1.475599e-01  2.000000e-07
 6  62  0  0  0  2  3.011626e-01  2.000000e-07
 6  2  0  0  0  2  1.385107e-01  2.000000e-07
 6  67  0  0  0  2  7.863152e-02  2.000000e-07
 53  55  0 -1  0  2  3.903723e-01  2.000000e-07
 53  86  0  0  0  2  3.741586e-01  2.000000e-07
 53  56  0  0  0  2  1.823146e-01  2.000000e-07
 53  41  0  0  0  2  1.845802e-01  2.000000e-07
 53  61  0  0  0  2  2.559311e-01  2.000000e-07
 53  1  0 -1  0  2  3.792939e-01  2.000000e-07
 53  89  0  0  0  2  6.107132e-02  2.000000e-07
 53  62  0 -1  0  2  4.319361e-01  2.000000e-07
 53  70  0  0  0  2  3.026522e-01  2.000000e-07
 53  82  0  0  0  2  1.441333e-01  2.000000e-07
 53  85  0  0  0  2  5.184370e-02  2.000000e-07
 0  86  0  0  0  2  1.132335e-01  2.000000e-07
 0  81  0  0  0  2  2.178159e-01  2.000000e-07
 0  60  0  0  0  2  2.204343e-01  2.000000e-07
 0  68  0  0  0  2  3.103601e-01  2.000000e-07
 0  69  0  0  0  2  2.470448e-01  2.000000e-07
 0  62  0  0  0  2  1.995893e-01  2.000000e-07
 55  43  0  0  0  2  4.197119e-01  2.000000e-07
 55  56  0  1  0  2  2.657311e-01  2.000000e-07
 55  81  0  0  0  2  3.894697e-01  2.000000e-07
 55  50 -1  1  0  2  4.467662e-01  2.000000e-07
 55  60  0  0  0  2  3.734827e-01  2.000000e-07
 55  68  0  0  0  2  3.949685e-01  2.000000e-07
 55  61  0  0  0  2  3.949368e-01  2.000000e-07
 55  54  0  0  0  2  3.729143e-01  2.000000e-07
 55  73 -1  0  0  2  4.424874e-01  2.000000e-07
 55  1  0  0  0  2  1.927265e-01  2.000000e-07
 55  67  0  0  0  2  4.886084e-01  2.000000e-07
 55  52  0  0  0  2  2.707164e-01  2.000000e-07
 86  43  0  0  0  2  1.736730e-01  2.000000e-07
 86  81  0  0  0  2  1.577933e-01  2.000000e-07
 86  41  0  0  0  2  3.824870e-01  2.000000e-07
 86  61  0  0  0  2  1.899756e-01  2.000000e-07
 86  54  0  0  0  2  2.199835e-01  2.000000e-07
 86  69  0  0  0  2  1.505663e-01  2.000000e-07
 86  51 -1  0  0  2  4.960883e-01  2.000000e-07
 86  62  0  0  0  2  3.128127e-01  2.000000e-07
 86  70  0  0  0  2  2.539836e-01  2.000000e-07
 86  82  0  0  0  2  3.694087e-01  2.000000e-07
 86  52  0  0  0  2  3.594729e-01  2.000000e-07
 43  81  0  0  0  2  1.182599e-01  2.000000e-07
 43  41  0  0  0  2  2.112384e-01  2.000000e-07
 43  60  0  0  0  2  3.474185e-01  2.000000e-07
 43  68  0  0  0  2  1.514180e-01  2.000000e-07
 43  61  0  0  0  2  1.824974e-01  2.000000e-07
 43  54  0  0  0  2  2.164069e-01  2.000000e-07
 43  89  0  0  0  2  1.726505e-01  2.000000e-07
 43  70  0  0  0  2  1.421922e-01  2.000000e-07
 43  67  0  0  0  2  4.070325e-01  2.000000e-07
 56  10  0  0  0  2  3.595465e-01  2.000000e-07
 56  73  0 -1  0  2  5.233911e-01  2.000000e-07
 56  62  0 -1  0  2  2.519657e-01  2.000000e-07
 56  82  0  0  0  2  2.820815e-01  2.000000e-07
 56  85  0  0  0  2  2.325696e-01  2.000000e-07
 49  5  0  0  0  2  3.096811e-01  2.000000e-07
 49  50  0  0  0  2  2.519991e-01  2.000000e-07
 49  41  1  0  0  2  2.612714e-01  2.000000e-07
 49  64  0  0  0  2  2.345470e-01  2.000000e-07
 49  54  1  0  0  2  3.471040e-01  2.000000e-07
 49  66  1  0  0  2  1.342197e-01  2.000000e-07
 49  51  0  0  0  2  5.059086e-01  2.000000e-07
 49  70  1  0  0  2  2.677550e-01  2.000000e-07
 81  60  0  0  0  2  2.317943e-01  2.000000e-07
 81  68  0  0  0  2  2.515390e-01  2.000000e-07
 81  61  0  0  0  2  6.452112e-02  2.000000e-07
 81  69  0  0  0  2  8.711635e-02  2.000000e-07
 81  82  0  0  0  2  2.750789e-01  2.000000e-07
 81  67  0  0  0  2  2.894660e-01  2.000000e-07
 81  85  0  0  0  2  1.827861e-01  2.000000e-07
 50  64  0  0  0  2  2.232151e-01  2.000000e-07
 50  10  0  0  0  2  1.627804e-01  2.000000e-07
 50  54  1 -1  0  2  4.887130e-01  2.000000e-07
 50  66  1  0  0  2  3.293071e-01  2.000000e-07
 50  73  0 -1  0  2  2.319954e-01  2.000000e-07
 50  51  0 -1  0  2  2.627700e-01  2.000000e-07
 50  2  0 -1  0  2  4.114545e-01  2.000000e-07
 50  52  1 -1  0  2  2.114264e-01  2.000000e-07
 41  61  0  0  0  2  3.548826e-01  2.000000e-07
 41  54  0  0  0  2  3.262518e-01  2.000000e-07
 41  89  0  0  0  2  1.986732e-01  2.000000e-07
 41  70  0  0  0  2  1.876514e-01  2.000000e-07
 41  82  0  0  0  2  4.065011e-02  2.000000e-07
 3  68  1  0  0  2  2.647377e-01  2.000000e-07
 3  54  1  0  0  2  2.220464e-01  2.000000e-07
 3  73  0  0  0  2  2.478973e-01  2.000000e-07
 3  4  0  0  0  2  1.483991e-01  2.000000e-07
 3  2  0  0  0  2  7.644043e-02  2.000000e-07
 3  67  0  0  0  2  2.011213e-01  2.000000e-07
 64  61  0  0  0  2  4.348346e-01  2.000000e-07
 64  65  0 -1  0  2  2.979905e-01  2.000000e-07
 64  1  0 -1  0  2  3.383129e-01  2.000000e-07
 64  51  0 -1  0  2  4.147466e-01  2.000000e-07
 10  66  1  0  0  2  2.844725e-01  2.000000e-07
 10  73  0 -1  0  2  3.806583e-01  2.000000e-07
 10  67  0  0  0  2  4.071911e-01  2.000000e-07
 10  85  0  0  0  2  4.701842e-01  2.000000e-07
 10  52  1 -1  0  2  3.699349e-01  2.000000e-07
 60  73  0  0  0  2  3.413711e-01  2.000000e-07
 60  1  0  0  0  2  2.968413e-01  2.000000e-07
 60  4  0  0  0  2  2.622899e-01  2.000000e-07
 60  62  0  0  0  2  2.444578e-01  2.000000e-07
 60  67  0  0  0  2  1.153819e-01  2.000000e-07
 68  54  0  0  0  2  6.938801e-02  2.000000e-07
 68  66  0  0  0  2  2.337590e-01  2.000000e-07
 68  69  0  0  0  2  1.699127e-01  2.000000e-07
 68  73 -1  0  0  2  3.706378e-01  2.000000e-07
 68  4 -1  0  0  2  3.413684e-01  2.000000e-07
 68  2 -1  0  0  2  3.063894e-01  2.000000e-07
 68  52  0  0  0  2  3.636887e-01  2.000000e-07
 61  65  0  0  0  2  4.148920e-01  2.000000e-07
 61  1  0  0  0  2  4.016652e-01  2.000000e-07
 61  51  0  0  0  2  4.576024e-01  2.000000e-07
 61  89  0  0  0  2  1.965921e-01  2.000000e-07
 61  62  0  0  0  2  3.561918e-01  2.000000e-07
 61  82  0  0  0  2  3.241882e-01  2.000000e-07
 61  67  0  0  0  2  2.249508e-01  2.000000e-07
 61  85  0  0  0  2  2.114467e-01  2.000000e-07
 65  73  0  0  0  2  2.657283e-01  2.000000e-07
 65  1  0  0  0  2  1.287697e-01  2.000000e-07
 65  51  0  0  0  2  2.300572e-01  2.000000e-07
 65  4  0  0  0  2  2.851759e-01  2.000000e-07
 65  62  0  0  0  2  1.107454e-01  2.000000e-07
 54  73 -1  0  0  2  3.014485e-01  2.000000e-07
 54  51 -1  0  0  2  3.247237e-01  2.000000e-07
 54  2 -1  0  0  2  2.509884e-01  2.000000e-07
 54  70  0  0  0  2  1.386096e-01  2.000000e-07
 66  69  0  0  0  2  2.994607e-01  2.000000e-07
 66  70  0  0  0  2  1.589271e-01  2.000000e-07
 66  82  0  0  0  2  1.751458e-01  2.000000e-07
 69  61  0  0  0  2  1.516345e-01  2.000000e-07
 69  4 -1  0  0  2  5.081887e-01  2.000000e-07
 69  70  0  0  0  2  1.721058e-01  2.000000e-07
 69  82  0  0  0  2  2.226509e-01  2.000000e-07
 69  85  0  0  0  2  1.781900e-01  2.000000e-07
 73  51  0  0  0  2  5.588527e-02  2.000000e-07
 73  4  0  0  0  2  1.122382e-01  2.000000e-07
 73  62  0  0  0  2  3.632718e-01  2.000000e-07
 73  2  0  0  0  2  1.805912e-01  2.000000e-07
 73  67  0  0  0  2  3.189905e-01  2.000000e-07
 73  52  1  0  0  2  1.838357e-01  2.000000e-07
 1  62  0  0  0  2  5.265067e-02  2.000000e-07
 1  67  0  0  0  2  3.967680e-01  2.000000e-07
 51  4  0  0  0  2  8.059817e-02  2.000000e-07
 51  62  0  0  0  2  3.196492e-01  2.000000e-07
 51  2  0  0  0  2  1.541545e-01  2.000000e-07
 51  70  1  0  0  2  4.430037e-01  2.000000e-07
 51  52  1  0  0  2  2.396839e-01  2.000000e-07
 4  62  0  0  0  2  3.582153e-01  2.000000e-07
 4  2  0  0  0  2  7.355659e-02  2.000000e-07
 4  70  1  0  0  2  3.822777e-01  2.000000e-07
 4  67  0  0  0  2  2.153406e-01  2.000000e-07
 4  52  1  0  0  2  2.790595e-01  2.000000e-07
 2  67  0  0  0  2  1.840012e-01  2.000000e-07
 70  82  0  0  0  2  2.012121e-01  2.000000e-07
 70  52  0  0  0  2  4.400734e-01  2.000000e-07
 82  85  0  0  0  2  1.417791e-01  2.000000e-07
 82  52  0 -1  0  2  4.371957e-01  2.000000e-07
 67  85  0  0  0  2  3.847163e-01  2.000000e-07
 45  46  0  0  0  1  9.752653e-02  3.000000e-07
 45  9  0  0  0  1  1.693884e-01  3.000000e-07
 45  5  0  0  0  1  2.070034e-01  3.000000e-07
 45  71  0  0  0  1  1.971270e-01  3.000000e-07
 45  89  0  0  0  1  3.232171e-01  3.000000e-07
 45  67  0  0  0  1  1.921744e-01  3.000000e-07
 46  9  0  0  0  1  1.727513e-01  3.000000e-07
 46  63  0  0  0  1  2.195994e-01  3.000000e-07
 46  49  0  0  0  1  1.515125e-01  3.000000e-07
 46  64  0  0  0  1  1.467822e-01  3.000000e-07
 46  10  0  0  0  1  1.384537e-01  3.000000e-07
 42  44  0  0  0  1  1.878564e-01  3.000000e-07
 42  43  0  0  0  1  1.208360e-01  3.000000e-07
 42  81  0  0  0  1  1.355841e-01  3.000000e-07
 42  69  0  0  0  1  1.246150e-01  3.000000e-07
 42  89  0  0  0  1  5.182583e-02  3.000000e-07
 42  82  0  0  0  1  1.525746e-01  3.000000e-07
 42  85  0  0  0  1  5.373333e-02  3.000000e-07
 83  40  0  0  0  1  1.221473e-01  3.000000e-07
 83  49 -1  0  0  1  2.523678e-01  3.000000e-07
 83  41  0  0  0  1  9.555914e-02  3.000000e-07
 83  66  0  0  0  1  1.652935e-01  3.000000e-07
 83  82  0  0  0  1  1.165439e-01  3.000000e-07
 9  47  0  0  0  1  1.383003e-01  3.000000e-07
 9  48  0  0  0  1  1.351435e-01  3.000000e-07
 9  64  0  0  0  1  8.640217e-02  3.000000e-07
 5  63  0  0  0  1  1.535167e-01  3.000000e-07
 5  6  0  0  0  1  1.097488e-01  3.000000e-07
 5  3  0  0  0  1  8.518868e-02  3.000000e-07
 5  2  0  0  0  1  8.722601e-02  3.000000e-07
 5  67  0  0  0  1  1.159590e-01  3.000000e-07
 71  6  0  0  0  1  9.269970e-02  3.000000e-07
 71  61  0  0  0  1  2.000761e-01  3.000000e-07
 87  40  0  0  0  1  1.162079e-01  3.000000e-07
 87  55  0 -1  0  1  3.236878e-01  3.000000e-07
 87  56  0  0  0  1  2.990106e-01  3.000000e-07
 87  82  0  0  0  1  1.213996e-01  3.000000e-07
 57  0  0  0  0  1  1.376315e-01  3.000000e-07
 57  55  0  0  0  1  7.403071e-02  3.000000e-07
 57  56  0  1  0  1  2.608029e-01  3.000000e-07
 57  1  0  0  0  1  1.335250e-01  3.000000e-07
 57  62  0  0  0  1  1.404708e-01  3.000000e-07
 47  48  0  0  0  1  1.962711e-01  3.000000e-07
 47  8  0  0  0  1  1.879698e-01  3.000000e-07
 47  56  0  0  0  1  1.972007e-01  3.000000e-07
 47  64  0  0  0  1  1.246720e-01  3.000000e-07
 47  65  0 -1  0  1  1.811661e-01  3.000000e-07
 47  1  0 -1  0  1  2.148982e-01  3.000000e-07
 48  53  0  0  0  1  1.473147e-01  3.000000e-07
 48  89  0  0  0  1  1.804865e-01  3.000000e-07
 63  49  0  0  0  1  1.986465e-01  3.000000e-07
 63  3  0  0  0  1  8.738466e-02  3.000000e-07
 63  66  1  0  0  1  2.159265e-01  3.000000e-07
 63  70  1  0  0  1  2.136289e-01  3.000000e-07
 58  59  0  0  0  1  1.817412e-01  3.000000e-07
 58  0  0  0  0  1  1.032359e-01  3.000000e-07
 58  55  0  0  0  1  1.858678e-01  3.000000e-07
 58  86  0  0  0  1  6.827568e-02  3.000000e-07
 58  54  0  0  0  1  2.228064e-01  3.000000e-07
 58  52  0  0  0  1  2.999385e-01  3.000000e-07
 8  49  0  0  0  1  1.676649e-01  3.000000e-07
 8  50  0  0  0  1  1.393557e-01  3.000000e-07
 8  64  0  0  0  1  1.039822e-01  3.000000e-07
 59  0  0  0  0  1  1.360235e-01  3.000000e-07
 59  55  0  0  0  1  7.048256e-02  3.000000e-07
 44  43  0  0  0  1  1.304921e-01  3.000000e-07
 44  41  0  0  0  1  1.281433e-01  3.000000e-07
 44  66  0  0  0  1  1.358854e-01  3.000000e-07
 44  70  0  0  0  1  6.142513e-02  3.000000e-07
 44  82  0  0  0  1  1.397902e-01  3.000000e-07
 40  55  0 -1  0  1  2.701539e-01  3.000000e-07
 40  49 -1  0  0  1  2.786998e-01  3.000000e-07
 40  50 -1  0  0  1  2.291464e-01  3.000000e-07
 40  52  0 -1  0  1  2.010401e-01  3.000000e-07
 6  60  0  0  0  1  1.228086e-01  3.000000e-07
 6  65  0  0  0  1  2.745891e-01  3.000000e-07
 6  51  0  0  0  1  1.922208e-01  3.000000e-07
 6  4  0  0  0  1  1.475599e-01  3.000000e-07
 6  2  0  0  0  1  1.385107e-01  3.000000e-07
 6  67  0  0  0  1  7.863152e-02  3.000000e-07
 53  56  0  0  0  1  1.823146e-01  3.000000e-07
 53  89  0  0  0  1  6.107132e-02  3.000000e-07
 53  82  0  0  0  1  1.441333e-01  3.000000e-07
 53  85  0  0  0  1  5.184370e-02  3.000000e-07
 0  86  0  0  0  1  1.132335e-01  3.000000e-07
 0  60  0  0  0  1  2.204343e-01  3.000000e-07
 0  61  0  0  0  1  2.163607e-01  3.000000e-07
 55  56  0  1  0  1  2.657311e-01  3.000000e-07
 55  52  0  0  0  1  2.707164e-01  3.000000e-07
 86  81  0  0  0  1  1.577933e-01  3.000000e-07
 86  68  0  0  0  1  1.994394e-01  3.000000e-07
 86  61  0  0  0  1  1.899756e-01  3.000000e-07
 86  69  0  0  0  1  1.505663e-01  3.000000e-07
 43  68  0  0  0  1  1.514180e-01  3.000000e-07
 43  70  0  0  0  1  1.421922e-01  3.000000e-07
 56  1  0 -1  0  1  1.996824e-01  3.000000e-07
 49  10  0  0  0  1  1.586390e-01  3.000000e-07
 49  66  1  0  0  1  1.342197e-01  3.000000e-07
 81  61  0  0  0  1  6.452112e-02  3.000000e-07
 81  69  0  0  0  1  8.711635e-02  3.000000e-07
 50  65  0 -1  0  1  2.948660e-01  3.000000e-07
 50  73  0 -1  0  1  2.319954e-01  3.000000e-07
 50  51  0 -1  0  1  2.627700e-01  3.000000e-07
 50  52  1 -1  0  1  2.114264e-01  3.000000e-07
 41  66  0  0  0  1  1.364296e-01  3.000000e-07
 3  54  1  0  0  1  2.220464e-01  3.000000e-07
 3  2  0  0  0  1  7.644043e-02  3.000000e-07
 64  10  0  0  0  1  9.205259e-02  3.000000e-07
 60  61  0  0  0  1  1.734153e-01  3.000000e-07
 60  65  0  0  0  1  2.661678e-01  3.000000e-07
 60  62  0  0  0  1  2.444578e-01  3.000000e-07
 68  54  0  0  0  1  6.938801e-02  3.000000e-07
 68  69  0  0  0  1  1.699127e-01  3.000000e-07
 68  70  0  0  0  1  7.966035e-02  3.000000e-07
 61  89  0  0  0  1  1.965921e-01  3.000000e-07
 65  1  0  0  0  1  1.287697e-01  3.000000e-07
 65  62  0  0  0  1  1.107454e-01  3.000000e-07
 54  73 -1  0  0  1  3.014485e-01  3.000000e-07
 54  4 -1  0  0  1  2.779376e-01  3.000000e-07
 54  2 -1  0  0  1  2.509884e-01  3.000000e-07
 54  70  0  0  0  1  1.386096e-01  3.000000e-07
 54  52  0  0  0  1  3.022682e-01  3.000000e-07
 66  70  0  0  0  1  1.589271e-01  3.000000e-07
 73  51  0  0  0  1  5.588527e-02  3.000000e-07
 73  4  0  0  0  1  1.122382e-01  3.000000e-07
 73  52  1  0  0  1  1.838357e-01  3.000000e-07
 1  62  0  0  0  1  5.265067e-02  3.000000e-07
 51  4  0  0  0  1  8.059817e-02  3.000000e-07
 4  2  0  0  0  1  7.355659e-02  3.000000e-07
 82  85  0  0  0  1  1.417791e-01  3.000000e-07
-1.075353e-01  2.520783e-01  0
 1.261742e-02  4.446974e-01  0
 3.533425e-01  1.512737e-01  0
 3.825037e-01  8.061416e-02  0
 3.460604e-01  2.244689e-01  0
 2.973970e-01  8.435217e-02  0
 2.149413e-01  1.567804e-01  0
 3.870479e-01 -3.227945e-01 -1.161271e-01
 3.302195e-01 -3.185531e-01  0
 1.493005e-01 -2.615610e-01  0
 3.209395e-01 -2.969117e-01  0
-9.863832e-02  4.369110e-01 -1.601433e-01
-2.345904e-01  1.788939e-01 -1.682175e-01
-1.958402e-01  3.841628e-01  3.381279e-01
-2.570827e-01  4.483514e-01  2.369843e-01
-4.236083e-01  4.485204e-01  1.819972e-01
 7.368118e-02 -4.109579e-01  2.243983e-01
 1.757983e-01 -7.338415e-02  2.219304e-01
 1.069851e-01 -2.154591e-02  2.534306e-01
 1.639327e-01 -1.323949e-02  2.038787e-01
 1.595855e-01 -4.191334e-01  1.731967e-01
 3.883145e-01  2.847062e-01 -3.529328e-01
 4.390806e-01  3.622268e-01  3.568927e-01
 2.958575e-01 -2.020361e-01 -2.547928e-01
-1.491574e-01 -1.458025e-01 -1.004704e-01
 2.435465e-02  1.507484e-01 -3.668061e-01
-3.923903e-02  3.900014e-01 -3.864121e-01
-3.682663e-02  2.081773e-01 -2.790181e-01
 1.437923e-01  2.654985e-01 -3.002350e-01
 1.800842e-01 -2.633623e-02 -2.768969e-01
 1.484723e-01  3.369758e-01  3.401105e-01
 1.113383e-01 -3.679049e-01 -3.168862e-01
 2.828159e-01 -1.028270e-01  4.180724e-01
 3.994214e-02 -2.739055e-01  2.740734e-01
 2.607322e-02  3.329720e-01  3.767035e-01
-1.519160e-01 -6.640612e-02 -3.426489e-01
-1.983041e-01  2.907811e-01  4.212446e-01
 4.287170e-01 -1.185707e-01 -3.704914e-01
-3.751243e-01  2.108901e-01 -3.032254e-01
 2.773951e-01 -9.880221e-02  1.086948e-01
-3.755776e-01 -3.991511e-01  0
-2.996989e-01 -1.954409e-01  0
-1.409484e-01 -9.598916e-02  0
-2.161678e-01 -1.419696e-03  0
-3.270327e-01 -7.024674e-02  0
 2.117950e-01 -1.041225e-01  0
 2.903856e-01 -1.618714e-01  0
 1.605266e-01 -3.994049e-01  0
 1.433258e-02 -2.684483e-01  0
 4.390670e-01 -1.910239e-01  0
 3.989108e-01 -4.398030e-01  0
 3.377686e-01  3.046394e-01  0
-4.487439e-01  4.135955e-01  0
-1.151390e-01 -1.981721e-01  0
-3.982202e-01  1.155797e-01  0
-1.780436e-01  4.165571e-01  0
-3.287249e-02 -3.608708e-01  0
-1.090558e-01  3.897014e-01  0
-2.090478e-01  2.332934e-01  0
-1.136206e-01  3.879657e-01  0
 9.214787e-02  1.587085e-01  0
-4.007497e-02  4.650345e-02  0
 3.129648e-02  3.954715e-01  0
 4.302498e-01  7.426858e-03  0
 2.289036e-01 -2.951567e-01  0
 1.391307e-01  4.206969e-01  0
-4.308634e-01 -1.579053e-01  0
 1.814452e-01  8.564023e-02  0
-3.533699e-01  6.263499e-02  0
-1.891784e-01  1.891412e-02  0
-3.575129e-01 -1.691755e-02  0
 1.562588e-01  8.501972e-02  0
-3.264567e-01  1.218266e-01 -1.060854e-01
 3.883309e-01  3.284430e-01  0
 1.188735e-01  2.524634e-01  2.022478e-01
 2.856035e-01 -4.367201e-01  2.017310e-01
 3.358479e-01 -1.732575e-01  2.330814e-01
-1.272909e-01 -1.792634e-01 -2.152919e-01
-1.235521e-02 -3.690614e-01 -1.526125e-01
-1.354251e-02  4.383925e-01 -1.572457e-01
 2.938206e-01  2.274242e-02 -2.649228e-01
-1.034317e-01  3.430105e-02  0
-2.591588e-01 -1.924532e-01  0
-3.274757e-01 -2.868739e-01  0
-2.811525e-01 -7.988719e-02 -1.765042e-01
-1.247843e-01 -1.472336e-01  0
-1.849271e-01  1.694204e-01  0
-3.244868e-01 -2.947767e-01  0
-4.356116e-01  3.065250e-02  3.917565e-01
-1.097104e-01 -1.373426e-01  0