 719  90  1.200000e-05  5 -2 -2
 28  27  0  0  0  3  3.562599e-01  1.000000e-07
 28  10  0  0  0  3  3.064088e-01  1.000000e-07
 28  30 -1  0  0  3  4.231163e-01  1.000000e-07
 28  7 -1  0  0  3  4.362125e-01  1.000000e-07
 28  64  0  0  1  3  2.038694e-01  1.000000e-07
 28  21  0  0  1  3  2.522799e-01  1.000000e-07
 28  22  0  0  1  3  2.530733e-01  1.000000e-07
 28  32 -1  0  1  3  4.261178e-01  1.000000e-07
 28  23  0  0  1  3  4.134562e-01  1.000000e-07
 14  29  0  1  0  3  3.669703e-01  1.000000e-07
 14  27  0  0  0  3  7.175783e-02  1.000000e-07
 14  82  0  0  0  3  3.250301e-01  1.000000e-07
 14  60  0  0  0  3  1.483910e-01  1.000000e-07
 14  16  0  0  0  3  2.985714e-01  1.000000e-07
 14  15  0  0  0  3  2.253774e-01  1.000000e-07
 14  61  0  0  0  3  2.103484e-01  1.000000e-07
 14  63  0  0  1  3  2.538197e-01  1.000000e-07
 9  12  1  1  0  3  4.976958e-01  1.000000e-07
 9  82  1  0  0  3  2.874127e-01  1.000000e-07
 9  10  1  1  0  3  5.665316e-01  1.000000e-07
 9  30  0  1  0  3  4.433835e-01  1.000000e-07
 9  11  1  0  0  3  3.911355e-01  1.000000e-07
 9  83  1  1  1  3  5.675283e-01  1.000000e-07
 9  32  0  1  1  3  4.469864e-01  1.000000e-07
 9  84  0  1  1  3  4.812920e-01  1.000000e-07
 12  29  0  0  0  3  9.473867e-02  1.000000e-07
 12  10  0  0  0  3  3.088533e-01  1.000000e-07
 12  34  0  0  0  3  3.469737e-01  1.000000e-07
 12  8  0  0  0  3  5.801516e-01  1.000000e-07
 12  33  0  0  1  3  3.467162e-01  1.000000e-07
 12  83  0  0  1  3  3.588829e-01  1.000000e-07
 12  32 -1  0  1  3  5.617914e-01  1.000000e-07
 29  16  0 -1  0  3  3.764999e-01  1.000000e-07
 29  15  0 -1  0  3  2.203379e-01  1.000000e-07
 29  63  0 -1  1  3  3.732497e-01  1.000000e-07
 29  33  0  0  1  3  3.306402e-01  1.000000e-07
 29  22  0  0  1  3  3.307814e-01  1.000000e-07
 29  18  0  0  1  3  3.142383e-01  1.000000e-07
 27  60  0  0  0  3  1.994347e-01  1.000000e-07
 27  31  0  0  0  3  3.761251e-01  1.000000e-07
 27  62  0  0  1  3  4.936468e-01  1.000000e-07
 27  63  0  0  1  3  2.588082e-01  1.000000e-07
 27  24  0  0  1  3  4.167437e-01  1.000000e-07
 27  22  0  0  1  3  4.360600e-01  1.000000e-07
 27  25  0  0  1  3  4.100888e-01  1.000000e-07
 82  10  0  1  0  3  4.987734e-01  1.000000e-07
 82  15  0  0  0  3  2.679925e-01  1.000000e-07
 82  11  0  0  0  3  2.466533e-01  1.000000e-07
 82  8  0  0  0  3  2.999320e-01  1.000000e-07
 82  83  0  1  1  3  5.290725e-01  1.000000e-07
 82  25  0  0  1  3  4.438749e-01  1.000000e-07
 10  30 -1  0  0  3  4.687689e-01  1.000000e-07
 10  34  0  0  0  3  5.697139e-01  1.000000e-07
 10  11  0  0  0  3  3.149690e-01  1.000000e-07
 60  15  0  0  0  3  1.299149e-01  1.000000e-07
 60  61  0  0  0  3  2.739904e-01  1.000000e-07
 60  11  0  0  0  3  3.177752e-01  1.000000e-07
 60  8  0  0  0  3  1.472458e-01  1.000000e-07
 60  13  0  0  0  3  3.940014e-01  1.000000e-07
 16  30  0  1  0  3  4.215305e-01  1.000000e-07
 16  61  0  0  0  3  2.949495e-01  1.000000e-07
 16  31  0  0  0  3  4.047269e-01  1.000000e-07
 16  62  0  1  1  3  4.482507e-01  1.000000e-07
 16  65  0  0  1  3  4.918100e-01  1.000000e-07
 16  32  0  1  1  3  4.686622e-01  1.000000e-07
 16  84  0  1  1  3  4.600930e-01  1.000000e-07
 30  7  0  0  0  3  2.531330e-01  1.000000e-07
 30  62  0  0  1  3  1.449596e-01  1.000000e-07
 30  22  0  0  1  3  4.693785e-01  1.000000e-07
 30  18  0  0  1  3  3.580416e-01  1.000000e-07
 30  32  0  0  1  3  2.732272e-01  1.000000e-07
 15  61  0  0  0  3  3.428067e-01  1.000000e-07
 61  8  0  0  0  3  3.544090e-01  1.000000e-07
 61  7  0  0  0  3  3.042020e-01  1.000000e-07
 61  31  0  0  0  3  2.340414e-01  1.000000e-07
 61  63  0  0  1  3  3.641524e-01  1.000000e-07
 34  8  0  0  0  3  6.254192e-01  1.000000e-07
 34  7  0  0  0  3  2.822140e-01  1.000000e-07
 34  13  0 -1  0  3  5.080340e-01  1.000000e-07
 34  31  0  0  0  3  3.368752e-01  1.000000e-07
 34  33  0  0  1  3  3.626190e-01  1.000000e-07
 34  22  0  0  1  3  4.189779e-01  1.000000e-07
 11  13 -1  0  0  3  3.556281e-01  1.000000e-07
 11  64  0  0  1  3  4.044202e-01  1.000000e-07
 8  13  0  0  0  3  4.679007e-01  1.000000e-07
 7  13  0  0  0  3  3.228031e-01  1.000000e-07
 7  31  0  0  0  3  2.198705e-01  1.000000e-07
 13  31  0  0  0  3  3.048103e-01  1.000000e-07
 31  22  0  0  1  3  5.283688e-01  1.000000e-07
 31  23  1  0  1  3  4.846616e-01  1.000000e-07
 31  19  1  0  1  3  5.900015e-01  1.000000e-07
 62  33  0  0  0  3  3.281952e-01  1.000000e-07
 62  17  0  0  0  3  3.284475e-01  1.000000e-07
 62  18  0  0  0  3  3.065123e-01  1.000000e-07
 62  1  0  0  0  3  3.368319e-01  1.000000e-07
 62  32  0  0  0  3  1.997061e-01  1.000000e-07
 62  67  0  0  0  3  3.696442e-01  1.000000e-07
 26  65 -1 -1  0  3  3.847903e-01  1.000000e-07
 26  21  0  0  0  3  2.926999e-01  1.000000e-07
 26  17  0  0  0  3  5.077850e-01  1.000000e-07
 26  20  0  0  0  3  3.102321e-01  1.000000e-07
 26  83  0  0  0  3  3.090414e-01  1.000000e-07
 26  25  0 -1  0  3  5.191066e-01  1.000000e-07
 26  67  0  0  0  3  4.119074e-01  1.000000e-07
 26  19  0 -1  0  3  4.057870e-01  1.000000e-07
 63  33  0  1  0  3  3.243704e-01  1.000000e-07
 63  18  0  1  0  3  2.455585e-01  1.000000e-07
 63  1  0  0  0  3  3.402304e-01  1.000000e-07
 63  25  0  0  0  3  3.187776e-01  1.000000e-07
 63  84  0  1  0  3  4.675921e-01  1.000000e-07
 24  64  0  0  0  3  2.178190e-01  1.000000e-07
 24  21  0  0  0  3  2.482674e-01  1.000000e-07
 24  67  0  0  0  3  2.993998e-01  1.000000e-07
 24  66  0  0  0  3  3.424849e-01  1.000000e-07
 24  23  0  0  0  3  3.038740e-01  1.000000e-07
 24  19  0  0  0  3  3.231205e-01  1.000000e-07
 64  21  0  0  0  3  9.643174e-02  1.000000e-07
 64  20  0  0  0  3  1.792375e-01  1.000000e-07
 64  1  0  0  0  3  4.835977e-01  1.000000e-07
 64  25  0  0  0  3  3.565597e-01  1.000000e-07
 64  66  0  0  0  3  4.327882e-01  1.000000e-07
 64  19  0  0  0  3  4.647432e-01  1.000000e-07
 65  1  0  0  0  3  4.037150e-01  1.000000e-07
 65  66  0  0  0  3  4.742915e-01  1.000000e-07
 65  19  1  0  0  3  2.566141e-01  1.000000e-07
 33  17  0  0  0  3  2.504636e-01  1.000000e-07
 33  20  0  0  0  3  2.367463e-01  1.000000e-07
 33  18  0  0  0  3  1.118037e-01  1.000000e-07
 33  66  0 -1  0  3  3.387643e-01  1.000000e-07
 21  22  0  0  0  3  1.730324e-01  1.000000e-07
 21  20  0  0  0  3  1.126483e-01  1.000000e-07
 21  32 -1  0  0  3  3.615231e-01  1.000000e-07
 21  67  0  0  0  3  2.628639e-01  1.000000e-07
 21  23  0  0  0  3  2.399762e-01  1.000000e-07
 17  18  0  0  0  3  2.930390e-01  1.000000e-07
 17  83  0  0  0  3  3.261033e-01  1.000000e-07
 17  25  0 -1  0  3  5.435161e-01  1.000000e-07
 22  20  0  0  0  3  1.299836e-01  1.000000e-07
 22  32 -1  0  0  3  4.458868e-01  1.000000e-07
 20  83  0  0  0  3  1.220342e-01  1.000000e-07
 20  67  0  0  0  3  1.849554e-01  1.000000e-07
 20  23  0  0  0  3  3.138409e-01  1.000000e-07
 18  32  0  0  0  3  3.974474e-01  1.000000e-07
 18  84  0  0  0  3  3.726714e-01  1.000000e-07
 18  66  0 -1  0  3  2.734599e-01  1.000000e-07
 1  67  0  0  0  3  3.286374e-01  1.000000e-07
 1  66  0  0  0  3  3.087637e-01  1.000000e-07
 83  25  0 -1  0  3  4.124639e-01  1.000000e-07
 83  67  0  0  0  3  2.684130e-01  1.000000e-07
 25  66  0  0  0  3  2.684510e-01  1.000000e-07
 25  19  0  0  0  3  2.032962e-01  1.000000e-07
 84  66  0 -1  0  3  4.663614e-01  1.000000e-07
 84  23  1  0  0  3  4.064869e-01  1.000000e-07
 23  19  0  0  0  3  4.549813e-01  1.000000e-07
 12  86  0  0  0  3  3.503416e-01  1.000000e-07
 89  17  0  0  0  3  1.952197e-01  1.000000e-07
 13  47  0  0  0  3  2.517842e-01  1.000000e-07
 56  23  1  0  0  3  2.963564e-01  1.000000e-07
 34  46  0  0  0  3  3.234699e-01  1.000000e-07
 78  17  0  0  0  3  1.731437e-01  1.000000e-07
 10  88  0  0  0  3  1.640477e-01  1.000000e-07
 57  24  0  0  0  3  3.301238e-01  1.000000e-07
 11  87  0  0  0  3  2.430206e-01  1.000000e-07
 55  24  0  0  0  3  2.577408e-01  1.000000e-07
 60  0  0  0  0  3  2.522721e-01  1.000000e-07
 58  1  0  0  0  3  3.207654e-01  1.000000e-07
 7  52  0  0  0  3  2.558443e-01  1.000000e-07
 71  84  0  0  0  3  2.246513e-01  1.000000e-07
 29  86  0  0  0  3  3.384129e-01  1.000000e-07
 78  17  0  0  0  3  1.892407e-01  1.000000e-07
 15  58  0  0  0  3  2.593648e-01  1.000000e-07
 69  1  0  0  0  3  3.494759e-01  1.000000e-07
 7  52  0  0  0  3  2.536764e-01  1.000000e-07
 85  26  1  0  0  3  1.951453e-01  1.000000e-07
 83  42  0 -1  0  3  4.040563e-01  1.000000e-07
 80  15  0  0  0  3  2.304384e-01  1.000000e-07
 13  56  0  0  0  3  2.237223e-01  1.000000e-07
 79  65  0  0  0  3  1.399901e-01  1.000000e-07
 15  80  0  0  0  3  2.443271e-01  1.000000e-07
 48  19  0  0  0  3  3.249445e-01  1.000000e-07
 7  85  0  0  0  3  3.557475e-01  1.000000e-07
 71  65  0 -1  0  3  2.086133e-01  1.000000e-07
 8  51  0  0  0  3  1.476118e-01  1.000000e-07
 87  67  0  0  0  3  3.063905e-01  1.000000e-07
 61  5  0  0  0  3  3.243100e-01  1.000000e-07
 3  67  0  0  0  3  2.616494e-01  1.000000e-07
 10  81  0  0  0  3  2.083138e-01  1.000000e-07
 45  84 -1  0  0  3  2.832870e-01  1.000000e-07
 8  53  0  0  0  3  1.126674e-01  1.000000e-07
 51  66  0  0  0  3  4.252164e-01  1.000000e-07
 11  88  0  0  0  3  2.579401e-01  1.000000e-07
 55  23  0  0  0  3  2.322339e-01  1.000000e-07
 13  50  0  0  0  3  1.899756e-01  1.000000e-07
 4  1  0  0  0  3  2.806210e-01  1.000000e-07
 9  79  0  0  0  3  4.067013e-01  1.000000e-07
 56  65  0  0  0  3  1.124348e-01  1.000000e-07
 15  49  0  0  0  3  3.102897e-01  1.000000e-07
 42  84  0  1  0  3  2.651993e-01  1.000000e-07
 8  48  0  0  0  3  2.728633e-01  1.000000e-07
 54  65 -1  0  0  3  2.949572e-01  1.000000e-07
 11  54  0  0  0  3  2.657582e-01  1.000000e-07
 48  19  0  0  0  3  2.963885e-01  1.000000e-07
 82  41  0  0  0  3  2.958859e-01  1.000000e-07
 48  19  0  0  0  3  2.643334e-01  1.000000e-07
 3  6  0  0  0  2  1.472267e-01  2.000000e-07
 3  4  0  0  0  2  1.746755e-01  2.000000e-07
 3  2  0  0  0  2  5.536383e-02  2.000000e-07
 3  47  0  0  0  2  2.664078e-01  2.000000e-07
 3  70  0  0  0  2  1.534685e-01  2.000000e-07
 3  5  0  0  0  2  1.528869e-01  2.000000e-07
 3  71  0  0  0  2  2.963458e-01  2.000000e-07
 3  50  0  0  0  2  2.056279e-01  2.000000e-07
 3  72  0  0  0  2  1.435643e-01  2.000000e-07
 3  52  0  0  0  2  2.536301e-01  2.000000e-07
 3  73  0  0  0  2  3.828776e-01  2.000000e-07
 3  59  0  0  0  2  4.460410e-02  2.000000e-07
 3  74  0  0  0  2  1.096732e-01  2.000000e-07
 3  77  0  0  0  2  2.290604e-01  2.000000e-07
 87  35  0  0  0  2  2.916909e-01  2.000000e-07
 87  68  0  0  0  2  6.970458e-02  2.000000e-07
 87  88  0  0  0  2  1.804339e-01  2.000000e-07
 87  48  0  0  0  2  2.318647e-01  2.000000e-07
 87  49  0  0  0  2  4.158216e-01  2.000000e-07
 87  51  0  0  0  2  5.280469e-02  2.000000e-07
 87  59  0  0  0  2  3.270996e-01  2.000000e-07
 87  53  0  0  0  2  2.679687e-01  2.000000e-07
 87  54  0  0  0  2  3.008050e-01  2.000000e-07
 87  75  0  0  0  2  3.420046e-01  2.000000e-07
 87  55  0  0  0  2  2.124022e-01  2.000000e-07
 87  76  0  0  0  2  3.186435e-01  2.000000e-07
 87  57  0  0  0  2  1.446522e-01  2.000000e-07
 39  86  0  0  0  2  1.783542e-01  2.000000e-07
 39  42  0 -1  0  2  2.868987e-01  2.000000e-07
 39  46  0  0  0  2  9.095156e-02  2.000000e-07
 39  44  1  0  0  2  4.161882e-01  2.000000e-07
 39  79  0 -1  0  2  2.540003e-01  2.000000e-07
 39  41  1 -1  0  2  4.643015e-01  2.000000e-07
 39  88  1  0  0  2  5.574776e-01  2.000000e-07
 39  40  0  0  0  2  7.845792e-02  2.000000e-07
 39  71  0  0  0  2  3.792671e-02  2.000000e-07
 39  50  0 -1  0  2  5.470092e-01  2.000000e-07
 39  74  0  0  0  2  2.252124e-01  2.000000e-07
 39  45  1  0  0  2  4.259071e-01  2.000000e-07
 39  85  0  0  0  2  2.178144e-01  2.000000e-07
 39  77  0  0  0  2  6.130646e-02  2.000000e-07
 6  4  0  0  0  2  4.193845e-02  2.000000e-07
 6  0  0  0  0  2  1.802672e-01  2.000000e-07
 6  47  0  0  0  2  2.192399e-01  2.000000e-07
 6  69  0  0  0  2  3.514546e-01  2.000000e-07
 6  5  0  0  0  2  1.448315e-01  2.000000e-07
 6  49  0  0  0  2  3.732304e-01  2.000000e-07
 6  50  0  0  0  2  6.233710e-02  2.000000e-07
 6  54  1  0  0  2  4.613458e-01  2.000000e-07
 6  56  0  0  0  2  2.869633e-01  2.000000e-07
 6  58  0  0  0  2  2.884968e-01  2.000000e-07
 35  68  0  0  0  2  3.484051e-01  2.000000e-07
 35  47 -1  0  0  2  2.751973e-01  2.000000e-07
 35  81  0  0  0  2  4.199795e-01  2.000000e-07
 35  45  0  1  0  2  3.796222e-01  2.000000e-07
 35  55  0  0  0  2  8.491612e-02  2.000000e-07
 35  56 -1  0  0  2  2.012666e-01  2.000000e-07
 35  76  0  0  0  2  7.459150e-02  2.000000e-07
 35  57  0  0  0  2  3.996927e-01  2.000000e-07
 78  42  0 -1  0  2  2.568587e-01  2.000000e-07
 78  46  0  0  0  2  7.016003e-02  2.000000e-07
 78  79  0 -1  0  2  3.544308e-01  2.000000e-07
 78  69  0 -1  0  2  3.718465e-01  2.000000e-07
 78  38  0  0  0  2  2.507181e-01  2.000000e-07
 78  72  0  0  0  2  1.089816e-01  2.000000e-07
 78  52  0  0  0  2  2.358375e-01  2.000000e-07
 78  73  0  0  0  2  1.588674e-01  2.000000e-07
 78  80  0 -1  0  2  4.347646e-01  2.000000e-07
 78  45  0  0  0  2  4.776145e-01  2.000000e-07
 78  85  0  0  0  2  3.349489e-01  2.000000e-07
 78  89  0  0  0  2  1.773420e-01  2.000000e-07
 78  77  0  0  0  2  6.951622e-02  2.000000e-07
 86  42  0 -1  0  2  1.958878e-01  2.000000e-07
 86  70  0  0  0  2  2.955128e-01  2.000000e-07
 86  40  0  0  0  2  1.775459e-01  2.000000e-07
 86  43  0  0  0  2  2.172924e-01  2.000000e-07
 86  71  0  0  0  2  2.158624e-01  2.000000e-07
 86  49  0 -1  0  2  2.301595e-01  2.000000e-07
 86  37  0  0  0  2  2.525635e-01  2.000000e-07
 86  36  0  0  0  2  2.277957e-01  2.000000e-07
 86  59  0  0  0  2  2.645792e-01  2.000000e-07
 86  53  0 -1  0  2  3.417200e-01  2.000000e-07
 86  75  0  0  0  2  1.611874e-01  2.000000e-07
 86  89  0  0  0  2  1.272937e-01  2.000000e-07
 86  58  0 -1  0  2  3.230039e-01  2.000000e-07
 86  77  0  0  0  2  1.429781e-01  2.000000e-07
 4  2  0  0  0  2  1.229349e-01  2.000000e-07
 4  47  0  0  0  2  1.858948e-01  2.000000e-07
 4  69  0  0  0  2  3.683913e-01  2.000000e-07
 4  5  0  0  0  2  1.864459e-01  2.000000e-07
 4  50  0  0  0  2  3.387743e-02  2.000000e-07
 4  74  0  0  0  2  1.954679e-01  2.000000e-07
 4  55  1  0  0  2  4.055357e-01  2.000000e-07
 4  56  0  0  0  2  2.526920e-01  2.000000e-07
 0  68  0  0  0  2  1.863520e-01  2.000000e-07
 0  69  0  0  0  2  2.389777e-01  2.000000e-07
 0  70  0  0  0  2  1.741568e-01  2.000000e-07
 0  5  0  0  0  2  7.230728e-02  2.000000e-07
 0  48  0  0  0  2  3.587849e-01  2.000000e-07
 0  49  0  0  0  2  3.131608e-01  2.000000e-07
 0  50  0  0  0  2  2.172302e-01  2.000000e-07
 0  51  0  0  0  2  1.412874e-01  2.000000e-07
 0  59  0  0  0  2  2.227599e-01  2.000000e-07
 0  58  0  0  0  2  2.203694e-01  2.000000e-07
 0  57  0  0  0  2  2.331483e-01  2.000000e-07
 2  46  0  0  0  2  2.330374e-01  2.000000e-07
 2  47  0  0  0  2  2.183644e-01  2.000000e-07
 2  5  0  0  0  2  1.592509e-01  2.000000e-07
 2  50  0  0  0  2  1.554423e-01  2.000000e-07
 2  72  0  0  0  2  1.965728e-01  2.000000e-07
 2  59  0  0  0  2  9.911485e-02  2.000000e-07
 2  74  0  0  0  2  1.009408e-01  2.000000e-07
 2  75  0  0  0  2  2.156054e-01  2.000000e-07
 2  55  1  0  0  2  4.843157e-01  2.000000e-07
 42  46  0  1  0  2  3.143214e-01  2.000000e-07
 42  44  0  1  0  2  4.102475e-01  2.000000e-07
 42  79  0  0  0  2  3.356969e-01  2.000000e-07
 42  69  0  0  0  2  1.150601e-01  2.000000e-07
 42  43  0  1  0  2  2.152788e-01  2.000000e-07
 42  50  0  0  0  2  4.015653e-01  2.000000e-07
 42  73  0  1  0  2  1.113247e-01  2.000000e-07
 42  80  0  0  0  2  2.186205e-01  2.000000e-07
 42  53  0  0  0  2  1.522771e-01  2.000000e-07
 42  45  0  1  0  2  4.026232e-01  2.000000e-07
 42  75  0  1  0  2  3.556242e-01  2.000000e-07
 42  55  0  0  0  2  4.934150e-01  2.000000e-07
 42  56  0  0  0  2  3.954222e-01  2.000000e-07
 42  89  0  1  0  2  2.684737e-01  2.000000e-07
 42  58  0  0  0  2  1.346086e-01  2.000000e-07
 42  77  0  1  0  2  2.917922e-01  2.000000e-07
 46  79  0 -1  0  2  3.447465e-01  2.000000e-07
 46  72  0  0  0  2  1.145447e-01  2.000000e-07
 46  52  0  0  0  2  1.690179e-01  2.000000e-07
 46  74  0  0  0  2  1.687713e-01  2.000000e-07
 46  75  0  0  0  2  1.550679e-01  2.000000e-07
 46  85  0  0  0  2  2.836455e-01  2.000000e-07
 46  77  0  0  0  2  3.267904e-02  2.000000e-07
 68  69  0  0  0  2  3.524656e-01  2.000000e-07
 68  70  0  0  0  2  1.566529e-01  2.000000e-07
 68  88  0  0  0  2  1.759008e-01  2.000000e-07
 68  5  0  0  0  2  1.944888e-01  2.000000e-07
 68  48  0  0  0  2  3.004390e-01  2.000000e-07
 68  38  0  0  0  2  3.611484e-01  2.000000e-07
 68  50  0  0  0  2  3.899714e-01  2.000000e-07
 68  37  0  0  0  2  1.980139e-01  2.000000e-07
 68  72  0  0  0  2  3.107056e-01  2.000000e-07
 68  59  0  0  0  2  2.726075e-01  2.000000e-07
 68  80  0  0  0  2  3.547047e-01  2.000000e-07
 68  53  0  0  0  2  3.173427e-01  2.000000e-07
 68  81  0  0  0  2  3.382621e-01  2.000000e-07
 68  45  0  0  0  2  4.776969e-01  2.000000e-07
 68  75  0  0  0  2  2.749638e-01  2.000000e-07
 68  55  0  0  0  2  2.653499e-01  2.000000e-07
 68  89  0  0  0  2  3.202666e-01  2.000000e-07
 68  57  0  0  0  2  7.741724e-02  2.000000e-07
 44  79 -1 -1  0  2  3.039908e-01  2.000000e-07
 44  41  0 -1  0  2  2.130146e-01  2.000000e-07
 44  88  0  0  0  2  3.972578e-01  2.000000e-07
 44  40 -1  0  0  2  4.216307e-01  2.000000e-07
 44  43  0  0  0  2  2.108781e-01  2.000000e-07
 44  71 -1  0  0  2  3.784420e-01  2.000000e-07
 44  37  0  0  0  2  3.327943e-01  2.000000e-07
 44  36  0  0  0  2  2.470959e-01  2.000000e-07
 44  52 -1  0  0  2  3.484709e-01  2.000000e-07
 44  80  0 -1  0  2  2.801751e-01  2.000000e-07
 44  74 -1  0  0  2  4.936281e-01  2.000000e-07
 44  53  0 -1  0  2  4.084061e-01  2.000000e-07
 44  81  0  0  0  2  2.232611e-01  2.000000e-07
 44  45  0  0  0  2  1.706854e-02  2.000000e-07
 44  45  0  0  0  2  1.706854e-02  2.000000e-07
 44  55  0 -1  0  2  4.207106e-01  2.000000e-07
 44  85 -1  0  0  2  2.042538e-01  2.000000e-07
 44  85 -1  0  0  2  2.042538e-01  2.000000e-07
 44  89  0  0  0  2  3.273265e-01  2.000000e-07
 44  76  0 -1  0  2  2.911369e-01  2.000000e-07
 79  35  1  0  0  2  3.099166e-01  2.000000e-07
 79  41  1  0  0  2  2.396867e-01  2.000000e-07
 79  41  1  0  0  2  2.396867e-01  2.000000e-07
 79  69  0  0  0  2  3.909046e-01  2.000000e-07
 79  40  0  1  0  2  2.026361e-01  2.000000e-07
 79  71  0  1  0  2  2.325288e-01  2.000000e-07
 79  49  0  0  0  2  2.892467e-01  2.000000e-07
 79  52  0  1  0  2  3.184059e-01  2.000000e-07
 79  73  0  1  0  2  3.606107e-01  2.000000e-07
 79  45  1  1  0  2  3.201881e-01  2.000000e-07
 79  55  1  0  0  2  3.948040e-01  2.000000e-07
 79  85  0  1  0  2  2.232594e-01  2.000000e-07
 79  56  0  0  0  2  1.621731e-01  2.000000e-07
 79  76  1  0  0  2  2.753374e-01  2.000000e-07
 47  88  1  0  0  2  2.872359e-01  2.000000e-07
 47  71  0  0  0  2  3.719853e-01  2.000000e-07
 47  50  0  0  0  2  2.005114e-01  2.000000e-07
 47  52  0  0  0  2  2.472688e-01  2.000000e-07
 47  74  0  0  0  2  1.946897e-01  2.000000e-07
 47  81  1  0  0  2  2.830692e-01  2.000000e-07
 47  54  1  0  0  2  3.433040e-01  2.000000e-07
 47  55  1  0  0  2  2.774486e-01  2.000000e-07
 47  85  0  0  0  2  3.514677e-01  2.000000e-07
 47  56  0  0  0  2  2.835460e-01  2.000000e-07
 47  76  1  0  0  2  3.442880e-01  2.000000e-07
 47  57  1  0  0  2  4.618664e-01  2.000000e-07
 41  40 -1  1  0  2  4.321331e-01  2.000000e-07
 41  43  0  1  0  2  3.263820e-01  2.000000e-07
 41  71 -1  1  0  2  4.328466e-01  2.000000e-07
 41  49 -1  0  0  2  5.184580e-01  2.000000e-07
 41  50 -1  0  0  2  4.362899e-01  2.000000e-07
 41  53  0  0  0  2  3.663807e-01  2.000000e-07
 41  45  0  1  0  2  2.275535e-01  2.000000e-07
 41  54  0  0  0  2  9.153651e-02  2.000000e-07
 41  55  0  0  0  2  2.169009e-01  2.000000e-07
 41  85 -1  1  0  2  3.171490e-01  2.000000e-07
 41  56 -1  0  0  2  2.239296e-01  2.000000e-07
 41  58 -1  0  0  2  5.228721e-01  2.000000e-07
 41  76  0  0  0  2  7.951095e-02  2.000000e-07
 69  5  0  0  0  2  3.089078e-01  2.000000e-07
 69  50  0  0  0  2  3.461750e-01  2.000000e-07
 69  73  0  1  0  2  2.213733e-01  2.000000e-07
 69  80  0  0  0  2  1.605122e-01  2.000000e-07
 69  53  0  0  0  2  4.038776e-02  2.000000e-07
 69  55  0  0  0  2  3.990035e-01  2.000000e-07
 69  56  0  0  0  2  4.049733e-01  2.000000e-07
 70  5  0  0  0  2  1.212516e-01  2.000000e-07
 70  71  0  0  0  2  3.921016e-01  2.000000e-07
 70  38  0  0  0  2  3.106046e-01  2.000000e-07
 70  37  0  0  0  2  1.773167e-01  2.000000e-07
 70  51  0  0  0  2  1.742367e-01  2.000000e-07
 70  72  0  0  0  2  1.635808e-01  2.000000e-07
 70  59  0  0  0  2  1.180086e-01  2.000000e-07
 70  81  0  0  0  2  4.173276e-01  2.000000e-07
 70  89  0  0  0  2  2.395429e-01  2.000000e-07
 70  57  0  0  0  2  1.328544e-01  2.000000e-07
 70  77  0  0  0  2  3.033457e-01  2.000000e-07
 88  71 -1  0  0  2  5.289887e-01  2.000000e-07
 88  50 -1  0  0  2  4.736837e-01  2.000000e-07
 88  37  0  0  0  2  2.304701e-01  2.000000e-07
 88  36  0  0  0  2  2.862550e-01  2.000000e-07
 88  51  0  0  0  2  2.199896e-01  2.000000e-07
 88  52 -1  0  0  2  4.077535e-01  2.000000e-07
 88  59  0  0  0  2  4.234417e-01  2.000000e-07
 88  74 -1  0  0  2  4.499750e-01  2.000000e-07
 88  81  0  0  0  2  1.938185e-01  2.000000e-07
 88  81  0  0  0  2  1.938185e-01  2.000000e-07
 88  45  0  0  0  2  3.838119e-01  2.000000e-07
 88  54  0  0  0  2  3.194663e-01  2.000000e-07
 88  75  0  0  0  2  3.847015e-01  2.000000e-07
 88  55  0  0  0  2  1.941393e-01  2.000000e-07
 88  89  0  0  0  2  3.612887e-01  2.000000e-07
 88  76  0  0  0  2  3.338891e-01  2.000000e-07
 88  57  0  0  0  2  1.749211e-01  2.000000e-07
 88  77 -1  0  0  2  5.745208e-01  2.000000e-07
 40  42  0 -1  0  2  2.265761e-01  2.000000e-07
 40  43  0  0  0  2  3.677481e-01  2.000000e-07
 40  71  0  0  0  2  8.945471e-02  2.000000e-07
 40  49  0 -1  0  2  2.140093e-01  2.000000e-07
 40  50  0 -1  0  2  4.702288e-01  2.000000e-07
 40  58  0 -1  0  2  2.938424e-01  2.000000e-07
 40  76  1 -1  0  2  4.765879e-01  2.000000e-07
 40  77  0  0  0  2  1.230576e-01  2.000000e-07
 5  50  0  0  0  2  1.973353e-01  2.000000e-07
 5  72  0  0  0  2  2.477798e-01  2.000000e-07
 5  59  0  0  0  2  1.505472e-01  2.000000e-07
 5  53  0  0  0  2  2.916740e-01  2.000000e-07
 5  75  0  0  0  2  2.369863e-01  2.000000e-07
 43  71  0  0  0  2  4.271549e-01  2.000000e-07
 43  38  0  0  0  2  8.732126e-02  2.000000e-07
 43  49  0 -1  0  2  2.736210e-01  2.000000e-07
 43  37  0  0  0  2  2.488973e-01  2.000000e-07
 43  36  0  0  0  2  1.530120e-01  2.000000e-07
 43  73  0  0  0  2  1.765842e-01  2.000000e-07
 43  80  0 -1  0  2  2.018688e-01  2.000000e-07
 43  53  0 -1  0  2  2.725180e-01  2.000000e-07
 43  81  0  0  0  2  3.333149e-01  2.000000e-07
 43  45  0  0  0  2  1.995191e-01  2.000000e-07
 43  54  0 -1  0  2  3.794791e-01  2.000000e-07
 43  89  0  0  0  2  1.624829e-01  2.000000e-07
 43  76  0 -1  0  2  3.805563e-01  2.000000e-07
 48  51  0  0  0  2  2.710125e-01  2.000000e-07
 48  80  0  0  0  2  1.592259e-01  2.000000e-07
 48  81  0  0  0  2  4.841216e-01  2.000000e-07
 48  45  0  1  0  2  3.214029e-01  2.000000e-07
 48  55  0  0  0  2  1.333321e-01  2.000000e-07
 48  56 -1  0  0  2  3.164145e-01  2.000000e-07
 48  76  0  0  0  2  1.105523e-01  2.000000e-07
 48  57  0  0  0  2  3.694522e-01  2.000000e-07
 71  38  0  0  0  2  3.996026e-01  2.000000e-07
 71  49  0 -1  0  2  3.031382e-01  2.000000e-07
 71  50  0  0  0  2  4.578875e-01  2.000000e-07
 71  37  0  0  0  2  4.339872e-01  2.000000e-07
 71  73  0  0  0  2  2.584967e-01  2.000000e-07
 71  59  0  0  0  2  2.964423e-01  2.000000e-07
 71  85  0  0  0  2  1.799960e-01  2.000000e-07
 71  76  1 -1  0  2  4.892608e-01  2.000000e-07
 71  77  0  0  0  2  9.443373e-02  2.000000e-07
 38  37  0  0  0  2  1.631389e-01  2.000000e-07
 38  72  0  0  0  2  2.588973e-01  2.000000e-07
 38  73  0  0  0  2  1.817797e-01  2.000000e-07
 38  80  0 -1  0  2  2.887858e-01  2.000000e-07
 38  81  0  0  0  2  2.992141e-01  2.000000e-07
 38  45  0  0  0  2  2.280860e-01  2.000000e-07
 49  51  0  0  0  2  3.948496e-01  2.000000e-07
 49  73  0  1  0  2  1.542876e-01  2.000000e-07
 49  80  0  0  0  2  2.541907e-01  2.000000e-07
 49  53  0  0  0  2  1.562838e-01  2.000000e-07
 49  56  0  0  0  2  3.381223e-01  2.000000e-07
 49  58  0  0  0  2  9.372024e-02  2.000000e-07
 49  76  0  0  0  2  5.008738e-01  2.000000e-07
 49  76  1  0  0  2  5.324695e-01  2.000000e-07
 50  51  0  0  0  2  3.555081e-01  2.000000e-07
 50  59  0  0  0  2  2.429127e-01  2.000000e-07
 50  74  0  0  0  2  2.290828e-01  2.000000e-07
 50  53  0  0  0  2  3.525355e-01  2.000000e-07
 50  54  1  0  0  2  4.031424e-01  2.000000e-07
 50  55  1  0  0  2  3.980991e-01  2.000000e-07
 50  56  0  0  0  2  2.246763e-01  2.000000e-07
 50  58  0  0  0  2  2.724032e-01  2.000000e-07
 50  77  0  0  0  2  4.150399e-01  2.000000e-07
 37  36  0  0  0  2  1.000916e-01  2.000000e-07
 37  73  0  0  0  2  3.000894e-01  2.000000e-07
 37  81  0  0  0  2  2.625523e-01  2.000000e-07
 37  57  0  0  0  2  1.206061e-01  2.000000e-07
 36  51  0  0  0  2  3.532681e-01  2.000000e-07
 36  81  0  0  0  2  2.440195e-01  2.000000e-07
 36  89  0  0  0  2  1.031829e-01  2.000000e-07
 36  57  0  0  0  2  2.180759e-01  2.000000e-07
 51  59  0  0  0  2  2.794886e-01  2.000000e-07
 51  80  0  0  0  2  3.028646e-01  2.000000e-07
 51  53  0  0  0  2  2.565355e-01  2.000000e-07
 51  75  0  0  0  2  3.061789e-01  2.000000e-07
 51  89  0  0  0  2  3.705947e-01  2.000000e-07
 51  58  0  0  0  2  3.129891e-01  2.000000e-07
 51  76  0  0  0  2  3.645482e-01  2.000000e-07
 51  57  0  0  0  2  1.352563e-01  2.000000e-07
 72  52  0  0  0  2  2.615477e-01  2.000000e-07
 72  73  0  0  0  2  2.419026e-01  2.000000e-07
 72  74  0  0  0  2  1.868002e-01  2.000000e-07
 72  45  0  0  0  2  4.819394e-01  2.000000e-07
 72  75  0  0  0  2  4.322213e-02  2.000000e-07
 52  73  0  0  0  2  3.727427e-01  2.000000e-07
 52  74  0  0  0  2  1.523800e-01  2.000000e-07
 52  81  1  0  0  2  2.647309e-01  2.000000e-07
 52  85  0  0  0  2  1.525320e-01  2.000000e-07
 73  80  0 -1  0  2  2.777000e-01  2.000000e-07
 73  45  0  0  0  2  3.759572e-01  2.000000e-07
 59  74  0  0  0  2  1.419859e-01  2.000000e-07
 59  53  0  0  0  2  4.421359e-01  2.000000e-07
 59  75  0  0  0  2  1.193344e-01  2.000000e-07
 59  89  0  0  0  2  2.636753e-01  2.000000e-07
 59  57  0  0  0  2  2.486027e-01  2.000000e-07
 59  77  0  0  0  2  2.187970e-01  2.000000e-07
 80  45  0  1  0  2  2.814176e-01  2.000000e-07
 80  55  0  0  0  2  2.872759e-01  2.000000e-07
 80  76  0  0  0  2  2.478824e-01  2.000000e-07
 74  81  1  0  0  2  3.638349e-01  2.000000e-07
 74  45  1  0  0  2  4.959291e-01  2.000000e-07
 74  75  0  0  0  2  2.220573e-01  2.000000e-07
 74  55  1  0  0  2  4.720181e-01  2.000000e-07
 74  85  0  0  0  2  3.043721e-01  2.000000e-07
 74  77  0  0  0  2  1.940161e-01  2.000000e-07
 53  54  0  0  0  2  3.511405e-01  2.000000e-07
 53  55  0  0  0  2  3.597390e-01  2.000000e-07
 53  89  0  1  0  2  3.864178e-01  2.000000e-07
 53  58  0  0  0  2  1.158666e-01  2.000000e-07
 53  76  0  0  0  2  3.641426e-01  2.000000e-07
 81  45  0  0  0  2  2.136104e-01  2.000000e-07
 81  55  0  0  0  2  3.599348e-01  2.000000e-07
 81  85 -1  0  0  2  2.147602e-01  2.000000e-07
 81  57  0  0  0  2  2.963078e-01  2.000000e-07
 45  75  0  0  0  2  4.489027e-01  2.000000e-07
 45  55  0 -1  0  2  4.329967e-01  2.000000e-07
 45  85 -1  0  0  2  2.117337e-01  2.000000e-07
 45  56 -1 -1  0  2  4.044821e-01  2.000000e-07
 45  89  0  0  0  2  3.115219e-01  2.000000e-07
 45  76  0 -1  0  2  3.050806e-01  2.000000e-07
 54  55  0  0  0  2  1.254933e-01  2.000000e-07
 54  58 -1  0  0  2  5.377275e-01  2.000000e-07
 54  76  0  0  0  2  1.786944e-02  2.000000e-07
 75  78  0  0  0  2  1.356878e-01  2.000000e-07
 75  89  0  0  0  2  1.452357e-01  2.000000e-07
 75  77  0  0  0  2  1.801312e-01  2.000000e-07
 55  56 -1  0  0  2  2.799735e-01  2.000000e-07
 85  76  1 -1  0  2  3.896930e-01  2.000000e-07
 56  39  0  1  0  2  4.070652e-01  2.000000e-07
 56  76  1  0  0  2  2.071705e-01  2.000000e-07
 89  57  0  0  0  2  2.450476e-01  2.000000e-07
 58  76  1  0  0  2  5.227261e-01  2.000000e-07
 76  6 -1  0  0  2  4.540327e-01  2.000000e-07
 76  57  0  0  0  2  4.424369e-01  2.000000e-07
 3  2  0  0  0  1  5.536383e-02  3.000000e-07
 3  5  0  0  0  1  1.528869e-01  3.000000e-07
 3  74  0  0  0  1  1.096732e-01  3.000000e-07
 87  68  0  0  0  1  6.970458e-02  3.000000e-07
 87  88  0  0  0  1  1.804339e-01  3.000000e-07
 87  48  0  0  0  1  2.318647e-01  3.000000e-07
 87  51  0  0  0  1  5.280469e-02  3.000000e-07
 87  80  0  0  0  1  2.889632e-01  3.000000e-07
 87  55  0  0  0  1  2.124022e-01  3.000000e-07
 39  40  0  0  0  1  7.845792e-02  3.000000e-07
 39  77  0  0  0  1  6.130646e-02  3.000000e-07
 6  0  0  0  0  1  1.802672e-01  3.000000e-07
 6  2  0  0  0  1  1.021669e-01  3.000000e-07
 6  5  0  0  0  1  1.448315e-01  3.000000e-07
 6  50  0  0  0  1  6.233710e-02  3.000000e-07
 35  47 -1  0  0  1  2.751973e-01  3.000000e-07
 35  54  0  0  0  1  6.917819e-02  3.000000e-07
 35  55  0  0  0  1  8.491612e-02  3.000000e-07
 35  56 -1  0  0  1  2.012666e-01  3.000000e-07
 35  76  0  0  0  1  7.459150e-02  3.000000e-07
 78  86  0  0  0  1  7.940806e-02  3.000000e-07
 78  46  0  0  0  1  7.016003e-02  3.000000e-07
 78  40  0  0  0  1  1.522193e-01  3.000000e-07
 78  72  0  0  0  1  1.089816e-01  3.000000e-07
 78  75  0  0  0  1  1.356878e-01  3.000000e-07
 78  77  0  0  0  1  6.951622e-02  3.000000e-07
 86  40  0  0  0  1  1.775459e-01  3.000000e-07
 86  73  0  0  0  1  8.747535e-02  3.000000e-07
 86  89  0  0  0  1  1.272937e-01  3.000000e-07
 4  2  0  0  0  1  1.229349e-01  3.000000e-07
 4  47  0  0  0  1  1.858948e-01  3.000000e-07
 0  5  0  0  0  1  7.230728e-02  3.000000e-07
 0  50  0  0  0  1  2.172302e-01  3.000000e-07
 0  51  0  0  0  1  1.412874e-01  3.000000e-07
 0  53  0  0  0  1  2.198825e-01  3.000000e-07
 0  58  0  0  0  1  2.203694e-01  3.000000e-07
 2  47  0  0  0  1  2.183644e-01  3.000000e-07
 2  5  0  0  0  1  1.592509e-01  3.000000e-07
 2  74  0  0  0  1  1.009408e-01  3.000000e-07
 42  69  0  0  0  1  1.150601e-01  3.000000e-07
 42  43  0  1  0  1  2.152788e-01  3.000000e-07
 42  49  0  0  0  1  5.840033e-02  3.000000e-07
 42  73  0  1  0  1  1.113247e-01  3.000000e-07
 42  80  0  0  0  1  2.186205e-01  3.000000e-07
 46  72  0  0  0  1  1.145447e-01  3.000000e-07
 46  52  0  0  0  1  1.690179e-01  3.000000e-07
 46  74  0  0  0  1  1.687713e-01  3.000000e-07
 68  70  0  0  0  1  1.566529e-01  3.000000e-07
 68  88  0  0  0  1  1.759008e-01  3.000000e-07
 68  51  0  0  0  1  6.133017e-02  3.000000e-07
 68  57  0  0  0  1  7.741724e-02  3.000000e-07
 44  79 -1 -1  0  1  3.039908e-01  3.000000e-07
 44  41  0 -1  0  1  2.130146e-01  3.000000e-07
 44  80  0 -1  0  1  2.801751e-01  3.000000e-07
 44  85 -1  0  0  1  2.042538e-01  3.000000e-07
 79  41  1  0  0  1  2.396867e-01  3.000000e-07
 79  71  0  1  0  1  2.325288e-01  3.000000e-07
 79  49  0  0  0  1  2.892467e-01  3.000000e-07
 79  85  0  1  0  1  2.232594e-01  3.000000e-07
 79  56  0  0  0  1  1.621731e-01  3.000000e-07
 79  58  0  0  0  1  3.160890e-01  3.000000e-07
 47  50  0  0  0  1  2.005114e-01  3.000000e-07
 47  81  1  0  0  1  2.830692e-01  3.000000e-07
 47  55  1  0  0  1  2.774486e-01  3.000000e-07
 47  56  0  0  0  1  2.835460e-01  3.000000e-07
 41  48  0  0  0  1  1.462884e-01  3.000000e-07
 41  80  0  0  0  1  2.346275e-01  3.000000e-07
 41  54  0  0  0  1  9.153651e-02  3.000000e-07
 41  76  0  0  0  1  7.951095e-02  3.000000e-07
 69  49  0  0  0  1  1.159317e-01  3.000000e-07
 69  80  0  0  0  1  1.605122e-01  3.000000e-07
 69  58  0  0  0  1  8.804435e-02  3.000000e-07
 70  5  0  0  0  1  1.212516e-01  3.000000e-07
 70  37  0  0  0  1  1.773167e-01  3.000000e-07
 70  59  0  0  0  1  1.180086e-01  3.000000e-07
 70  75  0  0  0  1  1.368762e-01  3.000000e-07
 70  57  0  0  0  1  1.328544e-01  3.000000e-07
 88  37  0  0  0  1  2.304701e-01  3.000000e-07
 88  81  0  0  0  1  1.938185e-01  3.000000e-07
 88  55  0  0  0  1  1.941393e-01  3.000000e-07
 88  57  0  0  0  1  1.749211e-01  3.000000e-07
 40  71  0  0  0  1  8.945471e-02  3.000000e-07
 40  49  0 -1  0  1  2.140093e-01  3.000000e-07
 40  73  0  0  0  1  1.918336e-01  3.000000e-07
 40  77  0  0  0  1  1.230576e-01  3.000000e-07
 5  51  0  0  0  1  1.697287e-01  3.000000e-07
 5  59  0  0  0  1  1.505472e-01  3.000000e-07
 43  38  0  0  0  1  8.732126e-02  3.000000e-07
 43  80  0 -1  0  1  2.018688e-01  3.000000e-07
 43  45  0  0  0  1  1.995191e-01  3.000000e-07
 48  54  0  0  0  1  9.520427e-02  3.000000e-07
 48  55  0  0  0  1  1.333321e-01  3.000000e-07
 71  52  0  0  0  1  1.298778e-01  3.000000e-07
 71  85  0  0  0  1  1.799960e-01  3.000000e-07
 71  77  0  0  0  1  9.443373e-02  3.000000e-07
 38  36  0  0  0  1  7.423247e-02  3.000000e-07
 38  73  0  0  0  1  1.817797e-01  3.000000e-07
 38  45  0  0  0  1  2.280860e-01  3.000000e-07
 38  89  0  0  0  1  8.662473e-02  3.000000e-07
 49  73  0  1  0  1  1.542876e-01  3.000000e-07
 49  58  0  0  0  1  9.372024e-02  3.000000e-07
 50  56  0  0  0  1  2.246763e-01  3.000000e-07
 37  36  0  0  0  1  1.000916e-01  3.000000e-07
 37  81  0  0  0  1  2.625523e-01  3.000000e-07
 37  75  0  0  0  1  1.755588e-01  3.000000e-07
 37  89  0  0  0  1  1.342322e-01  3.000000e-07
 37  57  0  0  0  1  1.206061e-01  3.000000e-07
 36  81  0  0  0  1  2.440195e-01  3.000000e-07
 36  45  0  0  0  1  2.302294e-01  3.000000e-07
 36  89  0  0  0  1  1.031829e-01  3.000000e-07
 51  53  0  0  0  1  2.565355e-01  3.000000e-07
 72  59  0  0  0  1  1.099149e-01  3.000000e-07
 72  74  0  0  0  1  1.868002e-01  3.000000e-07
 52  74  0  0  0  1  1.523800e-01  3.000000e-07
 52  81  1  0  0  1  2.647309e-01  3.000000e-07
 52  85  0  0  0  1  1.525320e-01  3.000000e-07
 52  77  0  0  0  1  1.685042e-01  3.000000e-07
 73  89  0  0  0  1  1.658748e-01  3.000000e-07
 59  74  0  0  0  1  1.419859e-01  3.000000e-07
 59  75  0  0  0  1  1.193344e-01  3.000000e-07
 80  53  0  0  0  1  1.379002e-01  3.000000e-07
 53  58  0  0  0  1  1.158666e-01  3.000000e-07
 81  85 -1  0  0  1  2.147602e-01  3.000000e-07
 45  85 -1  0  0  1  2.117337e-01  3.000000e-07
 54  55  0  0  0  1  1.254933e-01  3.000000e-07
 75  89  0  0  0  1  1.452357e-01  3.000000e-07
 56  58  0  0  0  1  3.173237e-01  3.000000e-07
 56  76  1  0  0  1  2.071705e-01  3.000000e-07
 6.751236e-03  1.006845e-01  0
 2.183522e-01  9.608424e-02 -2.636842e-01
 1.749150e-01 -4.590505e-02  0
 1.341694e-01 -8.338764e-02  0
 2.216693e-01  6.779205e-02  0
 3.804142e-02  3.549812e-02  0
 1.814066e-01  5.605537e-02  0
 3.317913e-01 -1.053024e-01  1.904801e-01
-1.355965e-01  1.768006e-01  1.033322e-01
 4.333194e-01  3.738632e-01  4.040400e-01
-3.330336e-01 -1.932642e-01  1.229913e-01
-3.437540e-01  1.015367e-01  2.333678e-01
-1.535545e-01 -3.670179e-01  3.046153e-01
 3.244553e-01  2.171953e-01  1.785097e-01
-6.698572e-03  2.169283e-01  3.376826e-01
-5.863483e-02  3.840716e-01  1.956942e-01
 2.206445e-01  3.859970e-01  4.318942e-01
 9.928453e-02 -2.737609e-01 -1.697398e-01
 7.238881e-02 -4.224332e-01 -4.208274e-01
-3.989274e-01  3.647698e-01 -2.602648e-01
-1.587332e-01 -1.830177e-01 -3.213674e-01
-2.435131e-01 -1.149740e-01 -3.508979e-01
-1.430491e-01 -2.197643e-01 -4.450582e-01
-4.356711e-01 -8.594343e-02 -2.101104e-01
-2.041401e-01  1.072782e-01 -2.475033e-01
-2.097632e-01  2.923165e-01 -2.774917e-01
-4.071983e-01 -2.457958e-01 -1.465304e-01
-2.686847e-02  1.620925e-01  3.793407e-01
-2.885347e-01 -7.845833e-02  4.035725e-01
-7.849773e-02 -4.248170e-01  3.035400e-01
 3.071242e-01 -2.015282e-01  4.233071e-01
 3.094935e-01 -6.114344e-03  3.854354e-01
 4.260765e-01 -2.611345e-01 -3.380498e-01
-7.613339e-03 -3.551900e-01 -3.811024e-01
 1.889907e-01 -3.131904e-01  3.171106e-01
-4.400529e-01  2.064201e-01  0
-1.791285e-01 -2.866953e-01  0
-1.499675e-01 -1.909458e-01  0
-1.479714e-01 -3.540726e-01  0
 2.139103e-01 -3.514929e-01  0
 2.003701e-01 -4.287736e-01  0
-4.234435e-01  3.585698e-01  0
 1.327164e-02  4.434340e-01  0
-1.672289e-01 -4.392439e-01  0
-3.780237e-01 -4.333142e-01  0
-3.659362e-01 -4.212632e-01  0
 1.597214e-01 -2.784467e-01  0
 3.903594e-01 -1.031372e-02  0
-3.139406e-01  2.615676e-01  0
 6.057513e-02  4.091852e-01  0
 2.239795e-01  1.015906e-01  0
-1.294344e-01  6.306011e-02  0
 3.261732e-01 -2.491065e-01  0
-6.028304e-02  3.100997e-01  0
-4.089140e-01  2.681938e-01  0
-3.804041e-01  1.459819e-01  0
 3.698335e-01  2.724884e-01  0
-1.516930e-01 -7.035212e-02  0
 5.545268e-02  3.156050e-01  0
 9.462028e-02 -1.040128e-01  0
-6.667060e-02  2.549331e-01  2.073795e-01
 1.778474e-01  1.460143e-01  2.658463e-01
 2.690954e-01 -1.879566e-01 -4.374704e-01
 5.743516e-02  3.337936e-01 -4.463224e-01
-2.230670e-01 -3.949738e-02 -4.073276e-01
 4.000961e-01  4.229718e-01 -1.116991e-01
 3.343262e-02  3.086588e-01 -3.899846e-01
-1.907617e-02 -1.257478e-01 -2.144816e-01
-1.543510e-01  7.019480e-03  0
-2.999757e-02  3.368198e-01  0
-1.884433e-02 -7.158114e-02  0
 2.516288e-01 -3.554614e-01  0
 6.748665e-02 -2.105259e-01  0
 9.250919e-03 -4.453140e-01  0
 2.346932e-01 -1.272415e-01  0
 2.529479e-02 -2.011451e-01  0
-4.231003e-01  2.790596e-01  0
 1.689747e-01 -3.097883e-01  0
 9.962939e-02 -3.146596e-01  0
 3.488153e-01  4.332937e-01  0
-1.888206e-01  3.600454e-01  0
-4.116255e-01 -2.125963e-01  0
-3.047213e-01  3.380837e-01  2.913317e-01
-1.754595e-01 -3.019241e-01 -3.431350e-01
 3.454721e-01 -4.257917e-01 -1.672565e-01
 4.315827e-01 -3.593556e-01  0
 3.586506e-02 -3.619856e-01  0
-1.816123e-01  7.117204e-02  0
-3.239179e-01 -3.975818e-02  0
-7.738351e-02 -3.038611e-01  0