 717  90  1.200000e-05  52 -2 -2
 29  17  0 -1  0  3  5.010454e-01  1.000000e-07
 29  20  0 -1  0  3  4.520953e-01  1.000000e-07
 29  26 -1  0  0  3  2.657621e-01  1.000000e-07
 29  30  0 -1  0  3  4.881758e-01  1.000000e-07
 29  25  0  0  0  3  2.583470e-01  1.000000e-07
 29  24  0  0  0  3  2.990652e-01  1.000000e-07
 29  33  0  0  1  3  3.895939e-01  1.000000e-07
 29  13  0  0  1  3  3.503145e-01  1.000000e-07
 29  38  0  0  1  3  3.028831e-01  1.000000e-07
 84  17  0  0  0  3  3.819935e-01  1.000000e-07
 84  85  0  0  0  3  1.942689e-01  1.000000e-07
 84  86  0  0  0  3  1.282265e-01  1.000000e-07
 84  28  0  0  0  3  4.460612e-01  1.000000e-07
 84  19  0  0  0  3  3.486463e-01  1.000000e-07
 84  0  0  0  0  3  1.175294e-01  1.000000e-07
 84  30  0  0  0  3  2.028296e-01  1.000000e-07
 84  83  0  0  0  3  2.435373e-01  1.000000e-07
 84  27  0  0  1  3  4.149609e-01  1.000000e-07
 17  86  0  0  0  3  2.937344e-01  1.000000e-07
 17  28  0  0  0  3  5.354719e-01  1.000000e-07
 17  19 -1  0  0  3  3.394665e-01  1.000000e-07
 17  18 -1  0  0  3  4.351794e-01  1.000000e-07
 17  30  0  0  0  3  3.200941e-01  1.000000e-07
 21  85  0 -1  0  3  3.511333e-01  1.000000e-07
 21  28  0  0  0  3  2.830135e-01  1.000000e-07
 21  30  0 -1  0  3  4.431480e-01  1.000000e-07
 21  31  0 -1  0  3  3.830929e-01  1.000000e-07
 21  25  0  0  0  3  3.575390e-01  1.000000e-07
 21  24  0  0  0  3  2.889594e-01  1.000000e-07
 21  32  0 -1  1  3  5.812956e-01  1.000000e-07
 21  27  0  0  1  3  3.848756e-01  1.000000e-07
 21  37  0  0  1  3  3.705920e-01  1.000000e-07
 22  86  0  0  0  3  2.891771e-01  1.000000e-07
 22  26 -1  0  0  3  4.043024e-01  1.000000e-07
 22  30  0  0  0  3  2.364136e-01  1.000000e-07
 22  24  0  0  0  3  3.989089e-01  1.000000e-07
 22  23  0  0  0  3  1.540011e-01  1.000000e-07
 22  39  0  0  1  3  3.928293e-01  1.000000e-07
 22  34  0  0  1  3  2.455650e-01  1.000000e-07
 22  36  0  0  1  3  2.663906e-01  1.000000e-07
 85  86  0  0  0  3  1.537305e-01  1.000000e-07
 85  28  0  1  0  3  4.730420e-01  1.000000e-07
 85  20  0  0  0  3  1.934887e-01  1.000000e-07
 85  18  0  0  0  3  3.723603e-01  1.000000e-07
 85  0  0  0  0  3  2.050823e-01  1.000000e-07
 85  30  0  0  0  3  2.057366e-01  1.000000e-07
 85  31  0  0  0  3  1.922870e-01  1.000000e-07
 86  20  0  0  0  3  1.876649e-01  1.000000e-07
 86  0  0  0  0  3  2.094990e-01  1.000000e-07
 86  30  0  0  0  3  9.873108e-02  1.000000e-07
 86  23  0  0  0  3  2.850593e-01  1.000000e-07
 28  18  0 -1  0  3  5.324998e-01  1.000000e-07
 28  24  0  0  0  3  5.576462e-02  1.000000e-07
 19  18  0  0  0  3  3.418613e-01  1.000000e-07
 19  31  0  0  0  3  3.125371e-01  1.000000e-07
 19  25  1  0  0  3  4.627643e-01  1.000000e-07
 19  39  1  0  1  3  6.558150e-01  1.000000e-07
 19  27  0  0  1  3  5.015037e-01  1.000000e-07
 20  24  0  1  0  3  3.932507e-01  1.000000e-07
 26  18  0 -1  0  3  3.634823e-01  1.000000e-07
 26  31  0 -1  0  3  4.832638e-01  1.000000e-07
 26  25  1  0  0  3  3.132207e-01  1.000000e-07
 26  34  1  0  1  3  3.012572e-01  1.000000e-07
 26  35  0  0  1  3  4.545270e-01  1.000000e-07
 26  37  0  0  1  3  5.452610e-01  1.000000e-07
 18  83  0  1  0  3  5.500734e-01  1.000000e-07
 0  83  0  0  0  3  3.245533e-01  1.000000e-07
 30  83  0  0  0  3  3.377614e-01  1.000000e-07
 30  7  0  0  1  3  4.275049e-01  1.000000e-07
 31  10  0  0  1  3  5.906130e-01  1.000000e-07
 31  6  0  1  1  3  5.739941e-01  1.000000e-07
 31  27  0  0  1  3  4.762226e-01  1.000000e-07
 31  14  0  0  1  3  4.297375e-01  1.000000e-07
 25  24  0  0  0  3  3.639275e-01  1.000000e-07
 25  23  0  0  0  3  1.858200e-01  1.000000e-07
 25  34  0  0  1  3  1.664727e-01  1.000000e-07
 25  36  0  0  1  3  2.819145e-01  1.000000e-07
 25  38  0  0  1  3  2.538934e-01  1.000000e-07
 24  23  0  0  0  3  2.993492e-01  1.000000e-07
 23  83  0  0  0  3  1.537727e-01  1.000000e-07
 23  33  0  0  1  3  4.017016e-01  1.000000e-07
 23  27  0  0  1  3  3.613473e-01  1.000000e-07
 23  36  0  0  1  3  3.293828e-01  1.000000e-07
 23  38  0  0  1  3  3.453735e-01  1.000000e-07
 83  27  0  0  1  3  3.079334e-01  1.000000e-07
 10  39  1  0  0  3  3.773399e-01  1.000000e-07
 10  9  0  0  0  3  1.889214e-01  1.000000e-07
 10  34  1  0  0  3  3.955208e-01  1.000000e-07
 10  64  0  0  0  3  2.915079e-01  1.000000e-07
 10  15  0  0  0  3  1.175530e-01  1.000000e-07
 10  35  0  0  0  3  3.227946e-01  1.000000e-07
 32  8  0  0  0  3  4.059480e-01  1.000000e-07
 32  39  0  0  0  3  2.768444e-01  1.000000e-07
 32  16  0  0  0  3  1.882606e-01  1.000000e-07
 32  7  0  0  0  3  2.269736e-01  1.000000e-07
 32  14  0  0  0  3  3.339232e-01  1.000000e-07
 32  11  0  0  0  3  1.918452e-01  1.000000e-07
 32  36  0  0  0  3  2.718534e-01  1.000000e-07
 6  8  0  0  0  3  3.191071e-01  1.000000e-07
 6  16  0  0  0  3  3.261012e-01  1.000000e-07
 6  7  0  0  0  3  2.568772e-01  1.000000e-07
 6  64  0  0  0  3  1.154798e-01  1.000000e-07
 6  35  0  0  0  3  1.271637e-01  1.000000e-07
 6  37  0  0  0  3  1.439915e-01  1.000000e-07
 8  39  0  0  0  3  3.762388e-01  1.000000e-07
 8  33  0  0  0  3  1.822202e-01  1.000000e-07
 8  64  0  0  0  3  3.889029e-01  1.000000e-07
 8  37  0  0  0  3  2.217060e-01  1.000000e-07
 39  31 -1  0 -1  3  7.119721e-01  1.000000e-07
 39  33  0  1  0  3  5.960992e-01  1.000000e-07
 39  11  0  0  0  3  3.937362e-01  1.000000e-07
 16  9  0  0  0  3  2.944869e-01  1.000000e-07
 16  7  0  0  0  3  2.143829e-01  1.000000e-07
 16  64  0  0  0  3  2.524176e-01  1.000000e-07
 16  15  0  0  0  3  2.761776e-01  1.000000e-07
 16  14  0  0  0  3  3.357761e-01  1.000000e-07
 16  11  0  0  0  3  1.936702e-01  1.000000e-07
 16  35  0  0  0  3  2.480544e-01  1.000000e-07
 9  64  0  0  0  3  1.687723e-01  1.000000e-07
 7  33  0  0  0  3  2.799201e-01  1.000000e-07
 7  34  1  0  0  3  4.881949e-01  1.000000e-07
 7  64  0  0  0  3  2.501374e-01  1.000000e-07
 7  35  0  0  0  3  1.780088e-01  1.000000e-07
 7  37  0  0  0  3  2.527981e-01  1.000000e-07
 33  83  0  0 -1  3  4.051492e-01  1.000000e-07
 33  32  0 -1  0  3  5.661948e-01  1.000000e-07
 33  13  0  0  0  3  1.887860e-01  1.000000e-07
 33  11  0 -1  0  3  5.290764e-01  1.000000e-07
 33  38  0  0  0  3  1.964531e-01  1.000000e-07
 34  12  0  0  0  3  2.442792e-01  1.000000e-07
 34  15 -1  0  0  3  4.600423e-01  1.000000e-07
 34  36  0  0  0  3  2.896791e-01  1.000000e-07
 34  38  0  0  0  3  2.412014e-01  1.000000e-07
 64  12  1  0  0  3  3.499640e-01  1.000000e-07
 64  35  0  0  0  3  9.271346e-02  1.000000e-07
 12  13  0  0  0  3  1.978696e-01  1.000000e-07
 12  15 -1 -1  0  3  6.615794e-01  1.000000e-07
 12  14 -1 -1  0  3  5.431225e-01  1.000000e-07
 12  36  0  0  0  3  3.247076e-01  1.000000e-07
 12  38  0  0  0  3  2.214333e-01  1.000000e-07
 13  15 -1 -1  0  3  6.903060e-01  1.000000e-07
 13  14 -1 -1  0  3  6.415324e-01  1.000000e-07
 13  36  0  0  0  3  2.695852e-01  1.000000e-07
 13  38  0  0  0  3  7.739415e-02  1.000000e-07
 15  14  0  0  0  3  2.796355e-01  1.000000e-07
 15  11  0  0  0  3  3.018048e-01  1.000000e-07
 27  35  0  0  0  3  1.809719e-01  1.000000e-07
 27  36  0  0  0  3  3.258619e-01  1.000000e-07
 27  38  0  0  0  3  3.610661e-01  1.000000e-07
 14  11  0  0  0  3  1.981640e-01  1.000000e-07
 14  37  0  1  0  3  3.896909e-01  1.000000e-07
 11  37  0  1  0  3  4.923575e-01  1.000000e-07
 35  12  1  0  0  3  3.816093e-01  1.000000e-07
 35  37  0  0  0  3  2.187452e-01  1.000000e-07
 36  38  0  0  0  3  2.296555e-01  1.000000e-07
 17  79  0  0  0  3  2.054186e-01  1.000000e-07
 77  8  0  0  0  3  3.498775e-01  1.000000e-07
 0  68  0  0  0  3  2.358731e-01  1.000000e-07
 67  15  0  0  0  3  2.085956e-01  1.000000e-07
 18  59  0  0  0  3  1.804408e-01  1.000000e-07
 56  15  0  0  0  3  2.103600e-01  1.000000e-07
 17  54  0  0  0  3  1.802873e-01  1.000000e-07
 66  10 -1  0  0  3  2.154499e-01  1.000000e-07
 24  80  0  0  0  3  2.871002e-01  1.000000e-07
 81  9 -1  0  0  3  2.223465e-01  1.000000e-07
 18  51  0  1  0  3  1.971139e-01  1.000000e-07
 82  12  1  0  0  3  3.676926e-01  1.000000e-07
 0  72  0  0  0  3  1.644408e-01  1.000000e-07
 68  11  0  0  0  3  1.529837e-01  1.000000e-07
 18  65  0  1  0  3  1.590203e-01  1.000000e-07
 63  6  0  0  0  3  3.050453e-01  1.000000e-07
 83  76  0  0  0  3  4.146352e-01  1.000000e-07
 58  9  0  0  0  3  1.467936e-01  1.000000e-07
 28  78  0  0  0  3  1.414939e-01  1.000000e-07
 53  37  0  0  0  3  3.178811e-01  1.000000e-07
 0  67  0  0  0  3  2.816552e-01  1.000000e-07
 52  9  0  0  0  3  1.937064e-01  1.000000e-07
 0  67  0  0  0  3  2.347172e-01  1.000000e-07
 68  10  0  0  0  3  2.114209e-01  1.000000e-07
 20  71  0  0  0  3  2.570024e-01  1.000000e-07
 69  8  0  1  0  3  3.440533e-01  1.000000e-07
 20  71  0  0  0  3  2.116608e-01  1.000000e-07
 69  37  0  1  0  3  4.086856e-01  1.000000e-07
 0  1  0  0  0  3  1.966983e-01  1.000000e-07
 70  39  0  0  0  3  3.220456e-01  1.000000e-07
 20  71  0  0  0  3  2.234594e-01  1.000000e-07
 73  14  0  0  0  3  2.966767e-01  1.000000e-07
 83  76  0  0  0  3  3.368344e-01  1.000000e-07
 3  64  0  0  0  3  2.216678e-01  1.000000e-07
 28  50  0  0  0  3  1.751985e-01  1.000000e-07
 57  6  0  0  0  3  3.093205e-01  1.000000e-07
 22  55 -1  0  0  3  4.895085e-01  1.000000e-07
 58  9  0  0  0  3  1.307967e-01  1.000000e-07
 24  53  0  0  0  3  1.377603e-01  1.000000e-07
 78  13  0  0  0  3  2.836868e-01  1.000000e-07
 26  55  0  0  0  3  3.645988e-01  1.000000e-07
 58  9  0  0  0  3  1.133958e-01  1.000000e-07
 19  55  0  0  0  3  2.886458e-01  1.000000e-07
 67  9  0  0  0  3  1.339779e-01  1.000000e-07
 20  71  0  0  0  3  1.956067e-01  1.000000e-07
 69  33  0  1  0  3  4.375053e-01  1.000000e-07
 19  68  0  0  0  3  2.781061e-01  1.000000e-07
 72  11  0  0  0  3  1.746174e-01  1.000000e-07
 20  69  0  0  0  3  2.151860e-01  1.000000e-07
 71  13  0  1  0  3  4.103446e-01  1.000000e-07
 28  57  0  0  0  3  1.314204e-01  1.000000e-07
 78  8  0  0  0  3  2.047054e-01  1.000000e-07
 45  62 -1 -1  0  2  3.914578e-01  2.000000e-07
 45  78  0  0  0  2  1.216148e-01  2.000000e-07
 45  66  0 -1  0  2  4.315528e-01  2.000000e-07
 45  75  0 -1  0  2  3.598048e-01  2.000000e-07
 45  82 -1  0  0  2  3.589957e-01  2.000000e-07
 45  47  0 -1  0  2  4.370729e-01  2.000000e-07
 45  53  0  0  0  2  1.089468e-01  2.000000e-07
 45  46  0  0  0  2  1.432568e-01  2.000000e-07
 45  89  0 -1  0  2  3.938666e-01  2.000000e-07
 45  69  0 -1  0  2  3.432795e-01  2.000000e-07
 45  71  0 -1  0  2  3.555050e-01  2.000000e-07
 45  49  0  0  0  2  2.173370e-01  2.000000e-07
 45  57  0  0  0  2  1.937300e-01  2.000000e-07
 45  58 -1  0  0  2  3.836473e-01  2.000000e-07
 41  50  0  0  0  2  3.340290e-01  2.000000e-07
 41  74  0  0  0  2  1.135810e-01  2.000000e-07
 41  42  0  0  0  2  1.191656e-01  2.000000e-07
 41  78  0  0  0  2  2.565706e-01  2.000000e-07
 41  79  0  0  0  2  1.585299e-01  2.000000e-07
 41  77  0  0  0  2  2.096650e-01  2.000000e-07
 41  88  0  0  0  2  6.053721e-02  2.000000e-07
 41  60  0  0  0  2  3.966589e-01  2.000000e-07
 41  48  0  0  0  2  2.251500e-01  2.000000e-07
 41  70  0  0  0  2  2.209587e-01  2.000000e-07
 41  61  0  0  0  2  9.394652e-02  2.000000e-07
 41  58  0  0  0  2  5.477672e-01  2.000000e-07
 62  78  1  1  0  2  5.128360e-01  2.000000e-07
 62  66  1  0  0  2  2.230695e-01  2.000000e-07
 62  4  0  1  0  2  3.397916e-01  2.000000e-07
 62  67  0  0  0  2  3.363162e-01  2.000000e-07
 62  75  1  0  0  2  4.541059e-01  2.000000e-07
 62  82  0  1  0  2  1.974952e-01  2.000000e-07
 62  80  1  1  0  2  4.304994e-01  2.000000e-07
 62  53  1  1  0  2  5.002605e-01  2.000000e-07
 62  60  0  1  0  2  3.661077e-01  2.000000e-07
 62  54  1  0  0  2  2.536143e-01  2.000000e-07
 62  69  1  0  0  2  4.642578e-01  2.000000e-07
 62  44  1  0  0  2  3.507743e-01  2.000000e-07
 62  2  0  0  0  2  2.221530e-01  2.000000e-07
 62  65  0  1  0  2  2.011065e-01  2.000000e-07
 62  56  0  0  0  2  3.036018e-02  2.000000e-07
 62  73  0  0  0  2  2.847944e-01  2.000000e-07
 62  70  0  0  0  2  4.942275e-01  2.000000e-07
 62  58  0  1  0  2  3.344806e-01  2.000000e-07
 50  42  0  0  0  2  3.487393e-01  2.000000e-07
 50  78  0  0  0  2  2.072673e-01  2.000000e-07
 50  4  0  0  0  2  1.066891e-01  2.000000e-07
 50  75  0 -1  0  2  4.357744e-01  2.000000e-07
 50  3  0  0  0  2  1.199040e-01  2.000000e-07
 50  53  0  0  0  2  2.154830e-01  2.000000e-07
 50  60  0  0  0  2  1.200169e-01  2.000000e-07
 50  69  0 -1  0  2  4.074483e-01  2.000000e-07
 50  65  0  0  0  2  2.695248e-01  2.000000e-07
 50  73  0 -1  0  2  3.116320e-01  2.000000e-07
 50  61  0  0  0  2  3.034760e-01  2.000000e-07
 50  58  0  0  0  2  3.435188e-01  2.000000e-07
 74  42  0  0  0  2  2.234699e-01  2.000000e-07
 74  78  0  0  0  2  3.670132e-01  2.000000e-07
 74  79  0  0  0  2  1.885561e-01  2.000000e-07
 74  66  0  0  0  2  4.094424e-01  2.000000e-07
 74  52  0  0  0  2  1.677859e-01  2.000000e-07
 74  67  0  0  0  2  4.223796e-01  2.000000e-07
 74  88  0  0  0  2  7.436380e-02  2.000000e-07
 74  87  0  0  0  2  3.093683e-01  2.000000e-07
 74  1  0  0  0  2  7.627692e-02  2.000000e-07
 74  2  0  0  0  2  4.074453e-01  2.000000e-07
 74  71  0  0  0  2  2.999171e-01  2.000000e-07
 74  43  0  0  0  2  1.120401e-01  2.000000e-07
 74  49  0  0  0  2  2.882326e-01  2.000000e-07
 74  72  0  0  0  2  2.281387e-01  2.000000e-07
 74  73  0  0  0  2  3.787253e-01  2.000000e-07
 74  57  0  0  0  2  2.864470e-01  2.000000e-07
 74  70  0  0  0  2  1.193434e-01  2.000000e-07
 74  58  0  0  0  2  5.571271e-01  2.000000e-07
 74  76  0  0  0  2  4.439214e-01  2.000000e-07
 42  78  0  0  0  2  1.991133e-01  2.000000e-07
 42  79  0  0  0  2  1.459097e-01  2.000000e-07
 42  77  0  0  0  2  2.434505e-01  2.000000e-07
 42  80  0  0  0  2  2.322907e-01  2.000000e-07
 42  88  0  0  0  2  1.516940e-01  2.000000e-07
 42  53  0  0  0  2  2.044457e-01  2.000000e-07
 42  81  0  0  0  2  1.860001e-01  2.000000e-07
 42  49  0  0  0  2  6.542533e-02  2.000000e-07
 42  48  0  0  0  2  1.934879e-01  2.000000e-07
 42  40  0  0  0  2  9.397057e-02  2.000000e-07
 42  58 -1  0  0  2  4.161967e-01  2.000000e-07
 51  66  1 -1  0  2  3.686909e-01  2.000000e-07
 51  63  0  0  0  2  1.197085e-01  2.000000e-07
 51  4  0  0  0  2  2.749660e-01  2.000000e-07
 51  82  0  0  0  2  4.155269e-02  2.000000e-07
 51  80  1  0  0  2  2.759565e-01  2.000000e-07
 51  47  1 -1  0  2  4.573492e-01  2.000000e-07
 51  3  0  0  0  2  2.766886e-01  2.000000e-07
 51  68  0 -1  0  2  4.282812e-01  2.000000e-07
 51  53  1  0  0  2  4.300767e-01  2.000000e-07
 51  5  0 -1  0  2  2.925712e-01  2.000000e-07
 51  55  0  0  0  2  3.246795e-01  2.000000e-07
 51  81  1  0  0  2  3.140337e-01  2.000000e-07
 51  56  0 -1  0  2  1.947980e-01  2.000000e-07
 51  59  0 -1  0  2  2.092620e-01  2.000000e-07
 51  76  0  0  0  2  2.444823e-01  2.000000e-07
 78  52  0  0  0  2  3.656571e-01  2.000000e-07
 78  75  0 -1  0  2  4.170875e-01  2.000000e-07
 78  80  0  0  0  2  3.182275e-01  2.000000e-07
 78  88  0  0  0  2  3.140102e-01  2.000000e-07
 78  53  0  0  0  2  1.275944e-02  2.000000e-07
 78  54  0 -1  0  2  5.762475e-01  2.000000e-07
 78  65  0  0  0  2  4.750941e-01  2.000000e-07
 78  71  0 -1  0  2  3.691416e-01  2.000000e-07
 78  73  0 -1  0  2  4.394928e-01  2.000000e-07
 78  40  0  0  0  2  2.790767e-01  2.000000e-07
 78  57  0  0  0  2  8.124693e-02  2.000000e-07
 78  58 -1  0  0  2  4.639167e-01  2.000000e-07
 78  58  0  0  0  2  5.413284e-01  2.000000e-07
 78  76  0  0  0  2  4.060221e-01  2.000000e-07
 79  66  0  0  0  2  2.812264e-01  2.000000e-07
 79  77  0  0  0  2  1.067831e-01  2.000000e-07
 79  88  0  0  0  2  1.277130e-01  2.000000e-07
 79  87  0  0  0  2  1.209481e-01  2.000000e-07
 79  54  0  0  0  2  2.541167e-01  2.000000e-07
 79  44  0  0  0  2  1.731618e-01  2.000000e-07
 79  49  0  0  0  2  1.824879e-01  2.000000e-07
 79  48  0  0  0  2  6.703176e-02  2.000000e-07
 79  40  0  0  0  2  9.692698e-02  2.000000e-07
 66  67 -1  0  0  2  2.609807e-01  2.000000e-07
 66  75  0  0  0  2  2.993568e-01  2.000000e-07
 66  82 -1  1  0  2  4.065705e-01  2.000000e-07
 66  47  0  0  0  2  1.180479e-01  2.000000e-07
 66  68 -1  0  0  2  3.414111e-01  2.000000e-07
 66  87  0  0  0  2  2.370786e-01  2.000000e-07
 66  46  0  1  0  2  4.352709e-01  2.000000e-07
 66  54  0  0  0  2  3.833417e-02  2.000000e-07
 66  1  0  0  0  2  3.658128e-01  2.000000e-07
 66  89  0  0  0  2  2.154591e-01  2.000000e-07
 66  2 -1  0  0  2  3.648289e-01  2.000000e-07
 66  65 -1  1  0  2  4.238281e-01  2.000000e-07
 66  71  0  0  0  2  4.355320e-01  2.000000e-07
 66  43  0  0  0  2  2.993942e-01  2.000000e-07
 66  59 -1  0  0  2  2.089827e-01  2.000000e-07
 52  67  0  0  0  2  2.888158e-01  2.000000e-07
 52  3  0  0  0  2  3.036688e-01  2.000000e-07
 52  68  0  0  0  2  2.639054e-01  2.000000e-07
 52  53  0  0  0  2  3.782708e-01  2.000000e-07
 52  60  0  0  0  2  3.148810e-01  2.000000e-07
 52  87  0  0  0  2  4.580961e-01  2.000000e-07
 52  89  0  0  0  2  3.907260e-01  2.000000e-07
 52  69  0  0  0  2  3.786718e-01  2.000000e-07
 52  49  0  0  0  2  3.719676e-01  2.000000e-07
 52  72  0  0  0  2  2.318973e-01  2.000000e-07
 52  57  0  0  0  2  2.905953e-01  2.000000e-07
 52  70  0  0  0  2  1.404837e-01  2.000000e-07
 52  61  0  0  0  2  2.697489e-01  2.000000e-07
 52  76  0  0  0  2  2.878444e-01  2.000000e-07
 63  82  0  0  0  2  8.722443e-02  2.000000e-07
 63  3  0  0  0  2  1.623472e-01  2.000000e-07
 63  68  0 -1  0  2  4.085920e-01  2.000000e-07
 63  5  0 -1  0  2  2.444784e-01  2.000000e-07
 63  65  0  0  0  2  2.259932e-02  2.000000e-07
 63  71  0 -1  0  2  4.143207e-01  2.000000e-07
 63  76  0  0  0  2  1.600976e-01  2.000000e-07
 4  75  0 -1  0  2  4.526688e-01  2.000000e-07
 4  3  0  0  0  2  7.665463e-02  2.000000e-07
 4  53  0  0  0  2  3.180779e-01  2.000000e-07
 4  60  0  0  0  2  6.677141e-02  2.000000e-07
 4  5  0 -1  0  2  2.497803e-01  2.000000e-07
 4  69  0 -1  0  2  4.240612e-01  2.000000e-07
 4  56  0 -1  0  2  3.464211e-01  2.000000e-07
 4  73  0 -1  0  2  2.546076e-01  2.000000e-07
 4  59  0 -1  0  2  3.498713e-01  2.000000e-07
 4  58  0  0  0  2  2.687425e-01  2.000000e-07
 67  80  1  0  0  2  3.385652e-01  2.000000e-07
 67  68  0  0  0  2  1.743464e-01  2.000000e-07
 67  87  1  0  0  2  2.837246e-01  2.000000e-07
 67  54  1  0  0  2  2.394609e-01  2.000000e-07
 67  2  0  0  0  2  2.932397e-01  2.000000e-07
 67  55  0  0  0  2  2.070056e-01  2.000000e-07
 67  55  0  0  0  2  2.070056e-01  2.000000e-07
 67  49  1  0  0  2  4.586293e-01  2.000000e-07
 67  72  0  0  0  2  2.882647e-01  2.000000e-07
 67  56  0  0  0  2  3.069942e-01  2.000000e-07
 67  40  1  0  0  2  3.881280e-01  2.000000e-07
 67  70  0  0  0  2  3.192608e-01  2.000000e-07
 67  58  0  0  0  2  3.420774e-01  2.000000e-07
 67  76  0  0  0  2  3.446491e-01  2.000000e-07
 75  77  0  0  0  2  1.771534e-01  2.000000e-07
 75  80  0  1  0  2  6.194158e-01  2.000000e-07
 75  53  0  1  0  2  4.086155e-01  2.000000e-07
 75  54  0  0  0  2  3.083490e-01  2.000000e-07
 75  1  0  0  0  2  1.583342e-01  2.000000e-07
 75  69  0  0  0  2  2.870624e-02  2.000000e-07
 75  44  0  0  0  2  1.878873e-01  2.000000e-07
 75  71  0  0  0  2  1.432906e-01  2.000000e-07
 75  43  0  0  0  2  1.939345e-01  2.000000e-07
 75  73  0  0  0  2  2.988552e-01  2.000000e-07
 75  70  0  0  0  2  2.382709e-01  2.000000e-07
 77  47  0  0  0  2  1.190308e-01  2.000000e-07
 77  88  0  0  0  2  1.539921e-01  2.000000e-07
 77  1  0  0  0  2  1.424053e-01  2.000000e-07
 77  89  0  0  0  2  1.047079e-01  2.000000e-07
 77  44  0  0  0  2  9.790289e-02  2.000000e-07
 77  43  0  0  0  2  6.441078e-02  2.000000e-07
 77  48  0  0  0  2  1.209343e-01  2.000000e-07
 77  40  0  0  0  2  2.032234e-01  2.000000e-07
 77  70  0  0  0  2  2.628388e-01  2.000000e-07
 77  61  0  0  0  2  2.636028e-01  2.000000e-07
 82  68  0 -1  0  2  4.404478e-01  2.000000e-07
 82  87  1  0  0  2  4.584461e-01  2.000000e-07
 82  46  1  0  0  2  2.308527e-01  2.000000e-07
 82  65  0  0  0  2  8.652458e-02  2.000000e-07
 82  55  0  0  0  2  3.002151e-01  2.000000e-07
 82  49  1  0  0  2  4.103170e-01  2.000000e-07
 82  58  0  0  0  2  1.374706e-01  2.000000e-07
 82  76  0  0  0  2  2.029674e-01  2.000000e-07
 80  53  0  0  0  2  3.133321e-01  2.000000e-07
 80  60 -1  0  0  2  4.084871e-01  2.000000e-07
 80  54  0  0  0  2  3.773062e-01  2.000000e-07
 80  69  0 -1  0  2  6.078452e-01  2.000000e-07
 80  81  0  0  0  2  4.679039e-02  2.000000e-07
 80  56 -1 -1  0  2  4.605236e-01  2.000000e-07
 80  48  0  0  0  2  2.516285e-01  2.000000e-07
 80  40  0  0  0  2  1.817719e-01  2.000000e-07
 80  70 -1  0  0  2  6.053913e-01  2.000000e-07
 80  58 -1  0  0  2  1.851435e-01  2.000000e-07
 47  68 -1  0  0  2  4.497843e-01  2.000000e-07
 47  87  0  0  0  2  1.923383e-01  2.000000e-07
 47  46  0  1  0  2  4.775299e-01  2.000000e-07
 47  89  0  0  0  2  1.113755e-01  2.000000e-07
 47  44  0  0  0  2  2.277107e-02  2.000000e-07
 47  71  0  0  0  2  3.477175e-01  2.000000e-07
 47  55 -1  0  0  2  3.649228e-01  2.000000e-07
 47  56 -1  0  0  2  3.240101e-01  2.000000e-07
 47  48  0  0  0  2  1.501549e-01  2.000000e-07
 47  59 -1  0  0  2  3.229531e-01  2.000000e-07
 3  53  0  0  0  2  3.309120e-01  2.000000e-07
 3  60  0  0  0  2  1.128189e-02  2.000000e-07
 3  5  0 -1  0  2  3.189277e-01  2.000000e-07
 3  65  0  0  0  2  1.794040e-01  2.000000e-07
 3  71  0 -1  0  2  3.945958e-01  2.000000e-07
 3  55  0  0  0  2  3.459619e-01  2.000000e-07
 3  57  0  0  0  2  3.061388e-01  2.000000e-07
 3  61  0  0  0  2  3.831784e-01  2.000000e-07
 3  76  0  0  0  2  1.002682e-01  2.000000e-07
 68  5  0  0  0  2  1.732387e-01  2.000000e-07
 68  87  1  0  0  2  4.460021e-01  2.000000e-07
 68  69  0  0  0  2  3.597771e-01  2.000000e-07
 68  2  0  0  0  2  1.410640e-01  2.000000e-07
 68  65  0  1  0  2  3.882373e-01  2.000000e-07
 68  55  0  0  0  2  3.766640e-01  2.000000e-07
 68  72  0  0  0  2  1.310246e-01  2.000000e-07
 68  59  0  0  0  2  2.467745e-01  2.000000e-07
 68  70  0  0  0  2  2.108645e-01  2.000000e-07
 88  1  0  0  0  2  1.270963e-01  2.000000e-07
 88  43  0  0  0  2  9.261890e-02  2.000000e-07
 88  49  0  0  0  2  2.154865e-01  2.000000e-07
 88  70  0  0  0  2  1.932785e-01  2.000000e-07
 53  5  0 -1  0  2  4.835753e-01  2.000000e-07
 53  46  0  0  0  2  2.249353e-01  2.000000e-07
 53  89  0 -1  0  2  4.617105e-01  2.000000e-07
 53  69  0 -1  0  2  3.865198e-01  2.000000e-07
 53  71  0 -1  0  2  3.644606e-01  2.000000e-07
 53  81  0  0  0  2  2.842981e-01  2.000000e-07
 53  56 -1 -1  0  2  5.268710e-01  2.000000e-07
 53  59 -1 -1  0  2  5.415398e-01  2.000000e-07
 53  57  0  0  0  2  9.263761e-02  2.000000e-07
 53  61  0  0  0  2  1.837420e-01  2.000000e-07
 60  51  0  0  0  2  2.702131e-01  2.000000e-07
 60  55  0  0  0  2  3.509994e-01  2.000000e-07
 60  56  0 -1  0  2  3.776229e-01  2.000000e-07
 60  70  0  0  0  2  4.553023e-01  2.000000e-07
 60  61  0  0  0  2  3.903933e-01  2.000000e-07
 60  58  0  0  0  2  2.242429e-01  2.000000e-07
 5  69  0  0  0  2  3.493913e-01  2.000000e-07
 5  2  0  0  0  2  3.247324e-02  2.000000e-07
 5  65  0  1  0  2  2.263686e-01  2.000000e-07
 5  71  0  0  0  2  2.353402e-01  2.000000e-07
 5  72  0  0  0  2  2.060586e-01  2.000000e-07
 5  56  0  0  0  2  1.948611e-01  2.000000e-07
 5  73  0  0  0  2  7.317715e-02  2.000000e-07
 5  59  0  0  0  2  1.864305e-01  2.000000e-07
 5  70  0  0  0  2  3.218578e-01  2.000000e-07
 87  46  0  0  0  2  3.393896e-01  2.000000e-07
 87  54  0  0  0  2  2.007262e-01  2.000000e-07
 87  89  0  0  0  2  2.703055e-01  2.000000e-07
 87  71  0  0  0  2  4.963588e-01  2.000000e-07
 87  43  0  0  0  2  2.142640e-01  2.000000e-07
 87  55 -1  0  0  2  2.015063e-01  2.000000e-07
 87  81  0  0  0  2  1.692975e-01  2.000000e-07
 87  49  0  0  0  2  2.035803e-01  2.000000e-07
 87  72  0  0  0  2  5.121890e-01  2.000000e-07
 87  48  0  0  0  2  6.733108e-02  2.000000e-07
 87  40  0  0  0  2  1.129424e-01  2.000000e-07
 87  59 -1  0  0  2  4.257071e-01  2.000000e-07
 87  57  0  0  0  2  3.484713e-01  2.000000e-07
 87  61  0  0  0  2  2.531566e-01  2.000000e-07
 87  76 -1  0  0  2  4.464354e-01  2.000000e-07
 46  51 -1  0  0  2  2.118077e-01  2.000000e-07
 46  89  0 -1  0  2  4.663840e-01  2.000000e-07
 46  69  0 -1  0  2  4.476006e-01  2.000000e-07
 46  55 -1  0  0  2  2.908695e-01  2.000000e-07
 46  81  0  0  0  2  1.716918e-01  2.000000e-07
 46  49  0  0  0  2  2.066606e-01  2.000000e-07
 46  59 -1 -1  0  2  3.670849e-01  2.000000e-07
 46  57  0  0  0  2  2.790439e-01  2.000000e-07
 46  61  0  0  0  2  2.942648e-01  2.000000e-07
 46  76 -1  0  0  2  3.746014e-01  2.000000e-07
 54  45  0  1  0  2  4.667093e-01  2.000000e-07
 54  44  0  0  0  2  1.336796e-01  2.000000e-07
 54  2 -1  0  0  2  3.766103e-01  2.000000e-07
 54  43  0  0  0  2  2.835674e-01  2.000000e-07
 54  55 -1  0  0  2  3.147088e-01  2.000000e-07
 54  56 -1  0  0  2  2.396838e-01  2.000000e-07
 54  48  0  0  0  2  1.953286e-01  2.000000e-07
 54  40  0  0  0  2  3.040176e-01  2.000000e-07
 54  70 -1  0  0  2  5.356541e-01  2.000000e-07
 54  58 -1  0  0  2  4.828872e-01  2.000000e-07
 1  71  0  0  0  2  2.318625e-01  2.000000e-07
 1  73  0  0  0  2  3.321503e-01  2.000000e-07
 1  70  0  0  0  2  1.211237e-01  2.000000e-07
 89  69  0  0  0  2  1.215713e-01  2.000000e-07
 89  44  0  0  0  2  9.341754e-02  2.000000e-07
 89  71  0  0  0  2  2.378830e-01  2.000000e-07
 89  72  0  0  0  2  3.145286e-01  2.000000e-07
 89  56 -1  0  0  2  3.983303e-01  2.000000e-07
 89  48  0  0  0  2  2.098562e-01  2.000000e-07
 89  70  0  0  0  2  2.792164e-01  2.000000e-07
 89  61  0  0  0  2  3.642135e-01  2.000000e-07
 69  44  0  0  0  2  2.142583e-01  2.000000e-07
 69  71  0  0  0  2  1.175981e-01  2.000000e-07
 69  56 -1  0  0  2  4.721828e-01  2.000000e-07
 69  73  0  0  0  2  2.763460e-01  2.000000e-07
 69  59 -1  0  0  2  4.781178e-01  2.000000e-07
 69  70  0  0  0  2  2.434738e-01  2.000000e-07
 69  61  0  0  0  2  4.331974e-01  2.000000e-07
 44  43  0  0  0  2  1.622105e-01  2.000000e-07
 44  56 -1  0  0  2  3.453741e-01  2.000000e-07
 44  48  0  0  0  2  1.445858e-01  2.000000e-07
 2  65  0  1  0  2  2.570127e-01  2.000000e-07
 2  71  0  0  0  2  2.307486e-01  2.000000e-07
 2  72  0  0  0  2  1.794221e-01  2.000000e-07
 2  73  0  0  0  2  7.211529e-02  2.000000e-07
 2  70  0  0  0  2  2.941589e-01  2.000000e-07
 65  71  0 -1  0  2  4.052088e-01  2.000000e-07
 65  73  0 -1  0  2  2.752761e-01  2.000000e-07
 65  57  0  0  0  2  4.756871e-01  2.000000e-07
 65  58  0  0  0  2  1.820051e-01  2.000000e-07
 65  76  0  0  0  2  1.825353e-01  2.000000e-07
 71  73  0  0  0  2  1.622783e-01  2.000000e-07
 71  57  0  1  0  2  4.354389e-01  2.000000e-07
 71  76  0  1  0  2  4.879079e-01  2.000000e-07
 55  80  1  0  0  2  1.392000e-01  2.000000e-07
 55  81  1  0  0  2  1.680770e-01  2.000000e-07
 55  56  0  0  0  2  4.835025e-01  2.000000e-07
 55  48  1  0  0  2  2.688238e-01  2.000000e-07
 55  59  0  0  0  2  4.706047e-01  2.000000e-07
 55  70  0  0  0  2  4.677681e-01  2.000000e-07
 55  58  0  0  0  2  1.681879e-01  2.000000e-07
 55  76  0  0  0  2  2.457016e-01  2.000000e-07
 81  56 -1 -1  0  2  4.928946e-01  2.000000e-07
 81  48  0  0  0  2  2.175277e-01  2.000000e-07
 81  40  0  0  0  2  1.370390e-01  2.000000e-07
 81  61  0  0  0  2  2.318836e-01  2.000000e-07
 49  40  0  0  0  2  9.753079e-02  2.000000e-07
 49  57  0  0  0  2  1.576074e-01  2.000000e-07
 49  76 -1  0  0  2  4.886869e-01  2.000000e-07
 72  69  0  0  0  2  2.328398e-01  2.000000e-07
 72  73  0  0  0  2  1.605513e-01  2.000000e-07
 56  48  1  0  0  2  4.349939e-01  2.000000e-07
 56  73  0  0  0  2  2.676344e-01  2.000000e-07
 56  59  0  0  0  2  1.601953e-02  2.000000e-07
 56  70  0  0  0  2  4.669953e-01  2.000000e-07
 56  58  0  1  0  2  3.603479e-01  2.000000e-07
 48  40  0  0  0  2  1.150846e-01  2.000000e-07
 48  59 -1  0  0  2  4.295980e-01  2.000000e-07
 48  61  0  0  0  2  2.332198e-01  2.000000e-07
 73  70  0  0  0  2  2.753908e-01  2.000000e-07
 73  58  0  1  0  2  4.544367e-01  2.000000e-07
 40  58 -1  0  0  2  3.644285e-01  2.000000e-07
 59  60  0  1  0  2  3.835290e-01  2.000000e-07
 59  89  1  0  0  2  4.008907e-01  2.000000e-07
 59  70  0  0  0  2  4.523062e-01  2.000000e-07
 57  61  0  0  0  2  1.072986e-01  2.000000e-07
 57  76  0  0  0  2  3.766250e-01  2.000000e-07
 70  61  0  0  0  2  3.138484e-01  2.000000e-07
 70  58  0  0  0  2  5.154365e-01  2.000000e-07
 58  49  1  0  0  2  3.563779e-01  2.000000e-07
 58  76  0  0  0  2  1.374231e-01  2.000000e-07
 45  62 -1 -1  0  1  3.914578e-01  3.000000e-07
 45  66  0 -1  0  1  4.315528e-01  3.000000e-07
 45  53  0  0  0  1  1.089468e-01  3.000000e-07
 45  46  0  0  0  1  1.432568e-01  3.000000e-07
 45  69  0 -1  0  1  3.432795e-01  3.000000e-07
 45  49  0  0  0  1  2.173370e-01  3.000000e-07
 41  74  0  0  0  1  1.135810e-01  3.000000e-07
 41  42  0  0  0  1  1.191656e-01  3.000000e-07
 41  52  0  0  0  1  1.985640e-01  3.000000e-07
 41  88  0  0  0  1  6.053721e-02  3.000000e-07
 41  57  0  0  0  1  1.776963e-01  3.000000e-07
 41  61  0  0  0  1  9.394652e-02  3.000000e-07
 62  51  0  1  0  1  1.671589e-01  3.000000e-07
 62  66  1  0  0  1  2.230695e-01  3.000000e-07
 62  46  1  1  0  1  3.211957e-01  3.000000e-07
 62  65  0  1  0  1  2.011065e-01  3.000000e-07
 50  78  0  0  0  1  2.072673e-01  3.000000e-07
 50  52  0  0  0  1  3.178731e-01  3.000000e-07
 50  4  0  0  0  1  1.066891e-01  3.000000e-07
 50  3  0  0  0  1  1.199040e-01  3.000000e-07
 50  60  0  0  0  1  1.200169e-01  3.000000e-07
 50  57  0  0  0  1  2.090713e-01  3.000000e-07
 74  52  0  0  0  1  1.677859e-01  3.000000e-07
 74  88  0  0  0  1  7.436380e-02  3.000000e-07
 74  1  0  0  0  1  7.627692e-02  3.000000e-07
 74  43  0  0  0  1  1.120401e-01  3.000000e-07
 74  70  0  0  0  1  1.193434e-01  3.000000e-07
 42  79  0  0  0  1  1.459097e-01  3.000000e-07
 42  88  0  0  0  1  1.516940e-01  3.000000e-07
 42  49  0  0  0  1  6.542533e-02  3.000000e-07
 42  40  0  0  0  1  9.397057e-02  3.000000e-07
 42  61  0  0  0  1  5.041955e-02  3.000000e-07
 51  46  1  0  0  1  2.118077e-01  3.000000e-07
 51  58  0  0  0  1  1.693855e-01  3.000000e-07
 78  49  0  0  0  1  1.857727e-01  3.000000e-07
 78  57  0  0  0  1  8.124693e-02  3.000000e-07
 79  77  0  0  0  1  1.067831e-01  3.000000e-07
 79  88  0  0  0  1  1.277130e-01  3.000000e-07
 79  48  0  0  0  1  6.703176e-02  3.000000e-07
 79  40  0  0  0  1  9.692698e-02  3.000000e-07
 66  47  0  0  0  1  1.180479e-01  3.000000e-07
 66  56 -1  0  0  1  2.121216e-01  3.000000e-07
 52  3  0  0  0  1  3.036688e-01  3.000000e-07
 52  68  0  0  0  1  2.639054e-01  3.000000e-07
 52  57  0  0  0  1  2.905953e-01  3.000000e-07
 52  70  0  0  0  1  1.404837e-01  3.000000e-07
 63  4  0  0  0  1  1.555305e-01  3.000000e-07
 63  82  0  0  0  1  8.722443e-02  3.000000e-07
 63  60  0  0  0  1  1.544909e-01  3.000000e-07
 63  58  0  0  0  1  1.647514e-01  3.000000e-07
 63  76  0  0  0  1  1.600976e-01  3.000000e-07
 4  60  0  0  0  1  6.677141e-02  3.000000e-07
 4  5  0 -1  0  1  2.497803e-01  3.000000e-07
 4  65  0  0  0  1  1.641599e-01  3.000000e-07
 4  71  0 -1  0  1  3.208336e-01  3.000000e-07
 4  73  0 -1  0  1  2.546076e-01  3.000000e-07
 67  68  0  0  0  1  1.743464e-01  3.000000e-07
 67  87  1  0  0  1  2.837246e-01  3.000000e-07
 67  54  1  0  0  1  2.394609e-01  3.000000e-07
 67  55  0  0  0  1  2.070056e-01  3.000000e-07
 67  59  0  0  0  1  2.919596e-01  3.000000e-07
 67  76  0  0  0  1  3.446491e-01  3.000000e-07
 75  1  0  0  0  1  1.583342e-01  3.000000e-07
 75  89  0  0  0  1  9.460077e-02  3.000000e-07
 77  1  0  0  0  1  1.424053e-01  3.000000e-07
 77  89  0  0  0  1  1.047079e-01  3.000000e-07
 77  44  0  0  0  1  9.790289e-02  3.000000e-07
 77  43  0  0  0  1  6.441078e-02  3.000000e-07
 77  48  0  0  0  1  1.209343e-01  3.000000e-07
 82  65  0  0  0  1  8.652458e-02  3.000000e-07
 82  58  0  0  0  1  1.374706e-01  3.000000e-07
 80  55 -1  0  0  1  1.392000e-01  3.000000e-07
 80  58 -1  0  0  1  1.851435e-01  3.000000e-07
 47  54  0  0  0  1  1.113883e-01  3.000000e-07
 47  89  0  0  0  1  1.113755e-01  3.000000e-07
 47  48  0  0  0  1  1.501549e-01  3.000000e-07
 3  76  0  0  0  1  1.002682e-01  3.000000e-07
 68  2  0  0  0  1  1.410640e-01  3.000000e-07
 68  72  0  0  0  1  1.310246e-01  3.000000e-07
 68  59  0  0  0  1  2.467745e-01  3.000000e-07
 68  70  0  0  0  1  2.108645e-01  3.000000e-07
 88  43  0  0  0  1  9.261890e-02  3.000000e-07
 53  71  0 -1  0  1  3.644606e-01  3.000000e-07
 60  76  0  0  0  1  1.055466e-01  3.000000e-07
 5  65  0  1  0  1  2.263686e-01  3.000000e-07
 5  56  0  0  0  1  1.948611e-01  3.000000e-07
 5  73  0  0  0  1  7.317715e-02  3.000000e-07
 5  59  0  0  0  1  1.864305e-01  3.000000e-07
 87  54  0  0  0  1  2.007262e-01  3.000000e-07
 87  55 -1  0  0  1  2.015063e-01  3.000000e-07
 87  81  0  0  0  1  1.692975e-01  3.000000e-07
 87  48  0  0  0  1  6.733108e-02  3.000000e-07
 87  40  0  0  0  1  1.129424e-01  3.000000e-07
 46  81  0  0  0  1  1.716918e-01  3.000000e-07
 46  58 -1  0  0  1  2.403911e-01  3.000000e-07
 54  48  0  0  0  1  1.953286e-01  3.000000e-07
 54  59 -1  0  0  1  2.346335e-01  3.000000e-07
 1  89  0  0  0  1  1.677125e-01  3.000000e-07
 1  69  0  0  0  1  1.760627e-01  3.000000e-07
 1  71  0  0  0  1  2.318625e-01  3.000000e-07
 1  72  0  0  0  1  1.992155e-01  3.000000e-07
 1  70  0  0  0  1  1.211237e-01  3.000000e-07
 89  69  0  0  0  1  1.215713e-01  3.000000e-07
 89  44  0  0  0  1  9.341754e-02  3.000000e-07
 69  71  0  0  0  1  1.175981e-01  3.000000e-07
 44  48  0  0  0  1  1.445858e-01  3.000000e-07
 2  72  0  0  0  1  1.794221e-01  3.000000e-07
 2  73  0  0  0  1  7.211529e-02  3.000000e-07
 2  59  0  0  0  1  1.912231e-01  3.000000e-07
 71  72  0  0  0  1  1.735821e-01  3.000000e-07
 71  73  0  0  0  1  1.622783e-01  3.000000e-07
 55  81  1  0  0  1  1.680770e-01  3.000000e-07
 55  58  0  0  0  1  1.681879e-01  3.000000e-07
 55  76  0  0  0  1  2.457016e-01  3.000000e-07
 81  49  0  0  0  1  1.317219e-01  3.000000e-07
 81  40  0  0  0  1  1.370390e-01  3.000000e-07
 49  40  0  0  0  1  9.753079e-02  3.000000e-07
 49  61  0  0  0  1  1.028283e-01  3.000000e-07
 72  73  0  0  0  1  1.605513e-01  3.000000e-07
 72  70  0  0  0  1  1.162582e-01  3.000000e-07
 48  40  0  0  0  1  1.150846e-01  3.000000e-07
 59  66  1  0  0  1  2.089827e-01  3.000000e-07
 57  61  0  0  0  1  1.072986e-01  3.000000e-07
 58  76  0  0  0  1  1.374231e-01  3.000000e-07
 8.803275e-02  1.232342e-01  1.533561e-01
-9.571075e-02  1.146133e-01  0
 2.064964e-01  3.312293e-01  0
 1.679861e-01 -3.202008e-01  0
 1.482073e-01 -3.942598e-01  0
 2.094026e-01  3.635722e-01  0
 1.788595e-01 -2.765377e-01 -2.231574e-01
 1.053935e-01 -6.872376e-02 -3.550741e-01
-1.343727e-01 -2.215434e-01 -1.968790e-01
 3.863019e-01 -1.413662e-01 -1.054696e-01
 4.159459e-01  4.233324e-02 -1.381352e-01
 1.303120e-01  2.297166e-01 -1.426713e-01
-3.975740e-01 -2.086203e-01 -2.170037e-01
-2.195962e-01 -2.673711e-01 -2.804437e-01
 2.550276e-01  3.744585e-01 -1.952520e-01
 4.237739e-01  1.595984e-01 -1.356213e-01
 1.771475e-01  4.787959e-02 -1.901042e-01
-3.227345e-01  1.970687e-01  1.155908e-01
 3.146680e-01  4.377004e-01  1.163321e-01
 3.664573e-01  1.184993e-01  2.272268e-01
-1.263707e-01  2.856016e-01  1.470655e-01
-7.134558e-02 -4.036587e-01  3.805442e-01
-2.637646e-01 -3.121113e-02  3.947214e-01
-1.481348e-01 -1.135041e-01  3.349389e-01
-2.066159e-01 -3.295758e-01  1.361854e-01
-3.061372e-01 -1.384956e-01  4.294891e-01
 4.455350e-01 -3.066408e-01  3.391140e-01
 1.157671e-01 -1.335615e-01 -4.190421e-01
-1.548520e-01 -3.112903e-01  1.263959e-01
-3.136207e-01 -3.957953e-01  4.074877e-01
-1.237784e-01  1.566535e-01  3.630646e-01
 1.704298e-01  2.993360e-01  3.901709e-01
 3.852226e-02  1.356452e-01 -2.824205e-01
-4.122371e-02 -3.057373e-01 -3.289353e-01
-4.207762e-01 -1.383374e-01 -4.498004e-01
 2.280957e-01 -1.761246e-01 -2.836852e-01
-1.790081e-01 -1.107737e-02 -3.535349e-01
 5.153535e-02 -3.052596e-01 -2.839616e-01
-2.236540e-01 -2.363396e-01 -3.512281e-01
-2.365416e-01  1.364776e-01 -2.510834e-01
-3.010567e-01 -8.218152e-02  0
-1.230988e-01 -6.429567e-02  0
-2.212762e-01 -1.318357e-01  0
-1.856938e-01  7.354654e-02  0
-3.133219e-01  1.736629e-01  0
-2.513239e-01 -3.913129e-01  0
-3.870707e-01 -3.455382e-01  0
-3.352643e-01  1.797504e-01  0
-3.276487e-01  2.978868e-02  0
-2.705898e-01 -1.748315e-01  0
 5.159277e-02 -3.490029e-01  0
 4.203328e-01 -4.336808e-01  0
 7.279434e-02 -3.183770e-02  0
-1.628398e-01 -3.277521e-01  0
-4.465396e-01  1.847668e-01  0
 4.425883e-01 -1.097650e-01  0
 4.040726e-01  3.722011e-01  0
-1.279765e-01 -2.419251e-01  0
 3.854088e-01 -2.679348e-01  0
 3.957642e-01  3.585045e-01  0
 1.702887e-01 -3.312452e-01  0
-1.724113e-01 -1.442596e-01  0
 4.180032e-01  3.991766e-01  0
 3.028847e-01 -4.105279e-01  0
 2.534548e-01 -1.926541e-01 -1.960526e-01
 3.078322e-01 -4.325790e-01  0
-4.450752e-01  2.230730e-01  0
 3.425123e-01  7.144240e-02  0
 2.150782e-01  1.904265e-01  0
-1.314949e-01  2.870012e-01  0
 2.454014e-02  1.000986e-01  0
-2.421844e-02  3.351787e-01  0
 8.438706e-02  1.997697e-01  0
 1.372502e-01  3.513685e-01  0
-7.871431e-02  4.025412e-02  0
-1.485133e-01  2.638836e-01  0
 2.482118e-01 -2.600549e-01  0
-2.380711e-01  1.110348e-01  0
-1.535001e-01 -3.190588e-01  0
-2.644129e-01  7.551792e-03  0
-4.454953e-01 -1.925379e-01  0
-4.023114e-01 -1.745243e-01  0
 3.899541e-01 -4.053302e-01  0
-4.038172e-03 -1.523773e-01  2.979108e-01
 1.986498e-02  8.302342e-02  2.402435e-01
 1.940483e-02  2.743720e-01  2.737985e-01
-7.931464e-02  1.565319e-01  2.749126e-01
-3.845814e-01 -6.157754e-03  0
-1.373648e-01 -5.463406e-03  0
-2.297524e-01  2.154117e-01  0