 706  90  1.200000e-05  83 -2 -2
 26  31  0  0  0  3  3.932455e-01  1.000000e-07
 26  34  0 -1  0  3  2.671104e-01  1.000000e-07
 26  85  1  0  0  3  6.136384e-01  1.000000e-07
 26  32  0  0  0  3  1.322470e-01  1.000000e-07
 26  28  0 -1  0  3  4.933020e-01  1.000000e-07
 30  52  0  0  0  3  4.073865e-01  1.000000e-07
 30  31  0  0  0  3  3.106857e-01  1.000000e-07
 30  27  0  0  0  3  2.464174e-01  1.000000e-07
 30  25  0  0  0  3  3.351771e-01  1.000000e-07
 30  28  0  0  0  3  2.965776e-01  1.000000e-07
 52  25  0  0  0  3  4.480695e-01  1.000000e-07
 52  28 -1  0  0  3  6.297597e-01  1.000000e-07
 52  33  0  1  0  3  3.975855e-01  1.000000e-07
 52  19  0  0  1  3  4.262759e-01  1.000000e-07
 52  45  0  0  1  3  4.498413e-01  1.000000e-07
 31  29  0  0  0  3  3.458508e-01  1.000000e-07
 31  24  0  0  0  3  1.139430e-01  1.000000e-07
 31  32  0  0  0  3  3.183031e-01  1.000000e-07
 31  23  0  0  0  3  2.487498e-01  1.000000e-07
 31  25  0  0  0  3  9.124059e-02  1.000000e-07
 31  37  0  0  1  3  3.560867e-01  1.000000e-07
 31  40  0  0  1  3  2.979421e-01  1.000000e-07
 29  24  0  0  0  3  3.024991e-01  1.000000e-07
 29  27  0  0  0  3  1.456349e-01  1.000000e-07
 29  85  0  0  0  3  4.462500e-01  1.000000e-07
 29  53  0  0  0  3  1.501306e-01  1.000000e-07
 29  25  0  0  0  3  3.552968e-01  1.000000e-07
 29  28  0  0  0  3  2.090396e-01  1.000000e-07
 29  35  0  0  0  3  4.042946e-01  1.000000e-07
 29  36  0  0  1  3  3.428755e-01  1.000000e-07
 24  32  0  0  0  3  2.912457e-01  1.000000e-07
 24  25  0  0  0  3  1.944387e-01  1.000000e-07
 24  33  0  0  0  3  2.013928e-01  1.000000e-07
 24  36  0  0  1  3  3.805612e-01  1.000000e-07
 24  39  0  0  1  3  3.633813e-01  1.000000e-07
 24  40  0  0  1  3  2.690646e-01  1.000000e-07
 24  43  0  0  1  3  4.071388e-01  1.000000e-07
 27  34  0  0  0  3  3.095440e-01  1.000000e-07
 27  46  0  0  0  3  3.285781e-01  1.000000e-07
 27  28  0  0  0  3  2.333062e-01  1.000000e-07
 20  22  0  1  0  3  2.087761e-01  1.000000e-07
 20  34  0  0  0  3  1.067338e-01  1.000000e-07
 20  53  0  0  0  3  2.960066e-01  1.000000e-07
 20  33  0  1  0  3  3.603649e-01  1.000000e-07
 20  36  0  0  1  3  3.155934e-01  1.000000e-07
 20  38  0  0  1  3  2.778922e-01  1.000000e-07
 20  21  0  1  1  3  3.802896e-01  1.000000e-07
 20  45  0  0  1  3  4.456333e-01  1.000000e-07
 20  42  1  0  1  3  3.491505e-01  1.000000e-07
 22  34  0 -1  0  3  1.971706e-01  1.000000e-07
 22  46  0 -1  0  3  2.016747e-01  1.000000e-07
 22  85  1  0  0  3  4.919766e-01  1.000000e-07
 22  32  0  0  0  3  2.793504e-01  1.000000e-07
 22  33  0  0  0  3  3.964122e-01  1.000000e-07
 22  35  1  0  0  3  5.252938e-01  1.000000e-07
 22  38  0 -1  1  3  3.971326e-01  1.000000e-07
 22  44  1  0  1  3  4.440899e-01  1.000000e-07
 34  46  0  0  0  3  1.112278e-01  1.000000e-07
 34  32  0  1  0  3  1.680704e-01  1.000000e-07
 34  53  0  0  0  3  2.967849e-01  1.000000e-07
 34  28  0  0  0  3  3.342624e-01  1.000000e-07
 34  33  0  1  0  3  3.260999e-01  1.000000e-07
 46  23  1  1  0  3  6.189688e-01  1.000000e-07
 46  53  0  0  0  3  3.240878e-01  1.000000e-07
 46  28  0  0  0  3  2.728969e-01  1.000000e-07
 46  38  0  0  1  3  3.350983e-01  1.000000e-07
 46  41  1  0  1  3  4.823315e-01  1.000000e-07
 85  32 -1  0  0  3  6.121700e-01  1.000000e-07
 85  25  0  0  0  3  2.624103e-01  1.000000e-07
 85  19  0  0  1  3  2.539968e-01  1.000000e-07
 85  39 -1  0  1  3  5.059774e-01  1.000000e-07
 85  41  0  0  1  3  3.574208e-01  1.000000e-07
 32  23  0  0  0  3  3.274175e-01  1.000000e-07
 32  53  0 -1  0  3  3.546269e-01  1.000000e-07
 32  33  0  0  0  3  2.496857e-01  1.000000e-07
 23  53  0 -1  0  3  4.169119e-01  1.000000e-07
 23  35  0  0  0  3  2.952456e-01  1.000000e-07
 23  42  0 -1  1  3  5.293112e-01  1.000000e-07
 53  36  0  0  1  3  3.807295e-01  1.000000e-07
 25  33  0  0  0  3  1.905155e-01  1.000000e-07
 25  36  0  0  1  3  4.694728e-01  1.000000e-07
 25  40  0  0  1  3  3.373607e-01  1.000000e-07
 28  36  0  0  1  3  3.095893e-01  1.000000e-07
 28  39  0  0  1  3  4.434246e-01  1.000000e-07
 33  35  0  0  0  3  2.781493e-01  1.000000e-07
 33  42  0 -1  1  3  5.563938e-01  1.000000e-07
 35  37  0  0  1  3  3.380078e-01  1.000000e-07
 35  19  0  0  1  3  1.740600e-01  1.000000e-07
 35  42  0 -1  1  3  5.495804e-01  1.000000e-07
 35  43  0  0  1  3  2.723734e-01  1.000000e-07
 35  44  0  0  1  3  3.476519e-01  1.000000e-07
 36  17  0  0  0  3  3.410616e-01  1.000000e-07
 36  14  0  0  0  3  1.591367e-01  1.000000e-07
 36  13  0  0  0  3  2.701672e-01  1.000000e-07
 18  15 -1  0  0  3  5.229568e-01  1.000000e-07
 18  10  0  0  0  3  4.289882e-01  1.000000e-07
 18  14 -1  0  0  3  3.419883e-01  1.000000e-07
 18  45  0  0  0  3  4.962417e-01  1.000000e-07
 18  11 -1  0  0  3  2.726191e-01  1.000000e-07
 18  43  0  0  0  3  3.223006e-01  1.000000e-07
 18  44  0  0  0  3  3.111976e-01  1.000000e-07
 37  15  0  0  0  3  3.006362e-01  1.000000e-07
 37  19  0  0  0  3  3.123278e-01  1.000000e-07
 37  21  0  0  0  3  3.374697e-01  1.000000e-07
 37  45  0 -1  0  3  3.774740e-01  1.000000e-07
 37  40  0  0  0  3  2.725380e-01  1.000000e-07
 37  42  0 -1  0  3  4.733755e-01  1.000000e-07
 37  12  0 -1  0  3  4.281386e-01  1.000000e-07
 17  15  0  0  0  3  4.400388e-01  1.000000e-07
 17  10  0  0  0  3  1.325862e-01  1.000000e-07
 17  14  0  0  0  3  3.159512e-01  1.000000e-07
 17  16  0  0  0  3  1.299884e-01  1.000000e-07
 17  45  0  0  0  3  2.417333e-01  1.000000e-07
 17  39  0  0  0  3  4.310335e-01  1.000000e-07
 17  40  0  0  0  3  4.149131e-01  1.000000e-07
 17  41  0  0  0  3  3.211591e-01  1.000000e-07
 15  16  0  0  0  3  4.219795e-01  1.000000e-07
 15  40  0  0  0  3  1.741918e-01  1.000000e-07
 15  44  1  0  0  3  4.633977e-01  1.000000e-07
 10  14  0  0  0  3  2.957618e-01  1.000000e-07
 10  45  0  0  0  3  2.054815e-01  1.000000e-07
 10  13  0  0  0  3  2.161784e-01  1.000000e-07
 10  12  0  0  0  3  2.680878e-01  1.000000e-07
 14  38  0  0  0  3  1.589902e-01  1.000000e-07
 14  39  0  0  0  3  2.530122e-01  1.000000e-07
 14  13  0  0  0  3  1.646257e-01  1.000000e-07
 14  11  0  0  0  3  1.203115e-01  1.000000e-07
 38  21  0  1  0  3  4.144670e-01  1.000000e-07
 38  45  0  0  0  3  2.402277e-01  1.000000e-07
 38  13  0  0  0  3  1.117205e-01  1.000000e-07
 38  11  0  0  0  3  1.738820e-01  1.000000e-07
 38  12  0  0  0  3  2.058324e-01  1.000000e-07
 16  45  0  0  0  3  3.259835e-01  1.000000e-07
 16  41  0  0  0  3  3.311573e-01  1.000000e-07
 16  43  0  0  0  3  2.054828e-01  1.000000e-07
 16  44  0  0  0  3  3.812876e-01  1.000000e-07
 19  39 -1  0  0  3  4.450585e-01  1.000000e-07
 19  41  0  0  0  3  2.208146e-01  1.000000e-07
 19  43  0  0  0  3  1.704402e-01  1.000000e-07
 19  44  0  0  0  3  2.274290e-01  1.000000e-07
 21  45  0 -1  0  3  4.501638e-01  1.000000e-07
 21  39  0  0  0  3  2.129958e-01  1.000000e-07
 21  40  0  0  0  3  1.276614e-01  1.000000e-07
 21  42  1 -1  0  3  4.318742e-01  1.000000e-07
 21  44  1  0  0  3  4.152889e-01  1.000000e-07
 45  13  0  0  0  3  1.741385e-01  1.000000e-07
 45  12  0  0  0  3  1.483888e-01  1.000000e-07
 39  40  0  0  0  3  1.936388e-01  1.000000e-07
 39  41  1  0  0  3  4.079264e-01  1.000000e-07
 40  43  0  0  0  3  3.217032e-01  1.000000e-07
 13  11  0  0  0  3  2.025394e-01  1.000000e-07
 13  12  0  0  0  3  1.364791e-01  1.000000e-07
 11  41  1  0  0  3  3.389444e-01  1.000000e-07
 11  42  1  0  0  3  3.106239e-01  1.000000e-07
 11  12  0  0  0  3  2.887433e-01  1.000000e-07
 41  42  0  0  0  3  3.058511e-01  1.000000e-07
 41  43  0  0  0  3  2.929418e-01  1.000000e-07
 42  12 -1  0  0  3  4.835119e-01  1.000000e-07
 42  44  0  1  0  3  4.043174e-01  1.000000e-07
 43  52  0  0 -1  3  4.543456e-01  1.000000e-07
 43  44  0  0  0  3  2.710335e-01  1.000000e-07
 26  66  0 -1  0  3  1.528277e-01  1.000000e-07
 77  11  0  0  0  3  3.887882e-01  1.000000e-07
 23  64  0 -1  0  3  4.039469e-01  1.000000e-07
 60  16  0  0  0  3  2.987506e-01  1.000000e-07
 30  88  0  0  0  3  1.617319e-01  1.000000e-07
 75  15  0  0  0  3  2.723641e-01  1.000000e-07
 52  49  0  0  0  3  3.991454e-01  1.000000e-07
 63  16  0  0  0  3  1.821040e-01  1.000000e-07
 46  77  0  0  0  3  4.356958e-01  1.000000e-07
 66  18  1  0  0  3  3.193185e-01  1.000000e-07
 30  83  0  0  0  3  1.544301e-01  1.000000e-07
 51  10  0  0  0  3  1.691175e-01  1.000000e-07
 23  57  0 -1  0  3  3.225631e-01  1.000000e-07
 60  12  0  0  0  3  2.104852e-01  1.000000e-07
 30  51  0  0  0  3  1.680034e-01  1.000000e-07
 83  13  0  0  0  3  2.936298e-01  1.000000e-07
 27  58  0  0  0  3  1.990947e-01  1.000000e-07
 47  11  0  0  0  3  3.046477e-01  1.000000e-07
 15  72  0  0  0  3  3.055638e-01  1.000000e-07
 2  85  1  0  0  3  4.327621e-01  1.000000e-07
 26  87  0  0  0  3  1.178717e-01  1.000000e-07
 84  15  0  0  0  3  2.479646e-01  1.000000e-07
 27  67  0  0  0  3  1.912232e-01  1.000000e-07
 47  12  0  0  0  3  1.650399e-01  1.000000e-07
 53  64  0  0  0  3  2.784732e-01  1.000000e-07
 51  10  0  0  0  3  1.461676e-01  1.000000e-07
 30  51  0  0  0  3  1.512527e-01  1.000000e-07
 83  14  0  0  0  3  3.305055e-01  1.000000e-07
 26  87  0  0  0  3  1.294843e-01  1.000000e-07
 84  42  1 -1  0  3  5.121760e-01  1.000000e-07
 23  57  0 -1  0  3  3.806111e-01  1.000000e-07
 60  10  0  0  0  3  2.367826e-01  1.000000e-07
 27  67  0  0  0  3  1.854044e-01  1.000000e-07
 47  45  0  0  0  3  2.193467e-01  1.000000e-07
 52  59  0  0  0  3  4.209177e-01  1.000000e-07
 56  18  0  0  0  3  3.097632e-01  1.000000e-07
 27  58  0  0  0  3  1.748106e-01  1.000000e-07
 47  13  0  0  0  3  2.295636e-01  1.000000e-07
 26  87  0  0  0  3  1.069927e-01  1.000000e-07
 84  21  0  0  0  3  3.676172e-01  1.000000e-07
 53  49  0  0  0  3  3.111424e-01  1.000000e-07
 64  16  0  0  0  3  1.941525e-01  1.000000e-07
 54  79  0  0  0  2  1.391051e-01  2.000000e-07
 54  55  0  0  0  2  1.740064e-01  2.000000e-07
 54  78  0  0  0  2  1.824733e-01  2.000000e-07
 54  70 -1  0  0  2  3.722396e-01  2.000000e-07
 54  69  0  0  0  2  2.635909e-01  2.000000e-07
 54  57  0 -1  0  2  4.304972e-01  2.000000e-07
 54  80  0  0  0  2  1.405851e-01  2.000000e-07
 54  48  0  0  0  2  9.817656e-02  2.000000e-07
 54  4  0 -1  0  2  4.667034e-01  2.000000e-07
 54  62  0  0  0  2  1.383332e-01  2.000000e-07
 54  5  0 -1  0  2  4.742337e-01  2.000000e-07
 54  50  0  0  0  2  2.511324e-01  2.000000e-07
 54  81  0  0  0  2  2.427027e-01  2.000000e-07
 54  63  0  0  0  2  2.969128e-01  2.000000e-07
 54  65  0  0  0  2  9.874174e-02  2.000000e-07
 86  0  0  0  0  2  1.165868e-01  2.000000e-07
 86  73  0  0  0  2  2.881806e-01  2.000000e-07
 86  55  0  0  0  2  3.078244e-01  2.000000e-07
 86  75  0  0  0  2  1.338292e-01  2.000000e-07
 86  76  0  0  0  2  1.400080e-01  2.000000e-07
 86  87  0  0  0  2  1.521853e-01  2.000000e-07
 86  84  0  0  0  2  1.619557e-01  2.000000e-07
 86  89  0  0  0  2  2.557435e-01  2.000000e-07
 86  72  0  0  0  2  2.776201e-01  2.000000e-07
 86  3  0  0  0  2  2.840830e-01  2.000000e-07
 86  50  0  0  0  2  2.780143e-01  2.000000e-07
 86  88  0  0  0  2  9.346751e-02  2.000000e-07
 86  65  0  0  0  2  3.182830e-01  2.000000e-07
 0  73  0  0  0  2  1.888672e-01  2.000000e-07
 0  79  1  0  0  2  4.890978e-01  2.000000e-07
 0  75  0  0  0  2  2.002807e-01  2.000000e-07
 0  76  0  0  0  2  2.541024e-01  2.000000e-07
 0  87  0  0  0  2  2.070739e-01  2.000000e-07
 0  82  1  0  0  2  4.060919e-01  2.000000e-07
 0  72  0  0  0  2  1.610342e-01  2.000000e-07
 0  77  0 -1  0  2  5.158730e-01  2.000000e-07
 0  1  0  0  0  2  1.612349e-02  2.000000e-07
 73  74  0  0  0  2  4.873607e-02  2.000000e-07
 73  66  0  0  0  2  4.254998e-01  2.000000e-07
 73  75  0  0  0  2  2.984954e-01  2.000000e-07
 73  6  1  0  0  2  4.179942e-01  2.000000e-07
 73  89  0  0  0  2  3.579128e-02  2.000000e-07
 73  67  0  0  0  2  3.413462e-01  2.000000e-07
 73  72  0  0  0  2  1.230078e-01  2.000000e-07
 73  51  0  0  0  2  2.609293e-01  2.000000e-07
 73  58  0  0  0  2  3.174727e-01  2.000000e-07
 73  2  0  0  0  2  1.432169e-01  2.000000e-07
 73  77  0  0  0  2  3.431780e-01  2.000000e-07
 73  61  1  0  0  2  4.795795e-01  2.000000e-07
 73  1  0  0  0  2  1.817166e-01  2.000000e-07
 73  68  1  0  0  2  5.513264e-01  2.000000e-07
 73  3  0  0  0  2  6.612954e-02  2.000000e-07
 73  50  0  0  0  2  3.126460e-01  2.000000e-07
 73  81  1  0  0  2  2.959366e-01  2.000000e-07
 73  88  0  0  0  2  2.067290e-01  2.000000e-07
 7  79  0  0  0  2  7.769603e-02  2.000000e-07
 7  75  0  0  0  2  3.836713e-01  2.000000e-07
 7  76  0  0  0  2  4.058990e-01  2.000000e-07
 7  78  0  0  0  2  2.995526e-01  2.000000e-07
 7  56  0 -1  0  2  5.111692e-01  2.000000e-07
 7  82  0  0  0  2  2.882916e-02  2.000000e-07
 7  8  0  0  0  2  2.392156e-01  2.000000e-07
 7  80  0  0  0  2  9.856064e-03  2.000000e-07
 7  9  0 -1  0  2  4.467454e-01  2.000000e-07
 7  60  0 -1  0  2  4.175521e-01  2.000000e-07
 7  77 -1 -1  0  2  5.211604e-01  2.000000e-07
 7  62  0  0  0  2  2.686064e-01  2.000000e-07
 7  68  0 -1  0  2  3.990150e-01  2.000000e-07
 7  81  0  0  0  2  2.469248e-01  2.000000e-07
 83  74  0  0  0  2  2.418366e-01  2.000000e-07
 83  78  0  0  0  2  2.232415e-01  2.000000e-07
 83  49  0  0  0  2  1.128201e-01  2.000000e-07
 83  89  0  0  0  2  2.927488e-01  2.000000e-07
 83  67  0  0  0  2  2.610360e-01  2.000000e-07
 83  57  0  0  0  2  4.085324e-01  2.000000e-07
 83  48  0  0  0  2  2.713195e-01  2.000000e-07
 83  77  0  0  0  2  4.653852e-01  2.000000e-07
 83  62  0  0  0  2  1.844836e-01  2.000000e-07
 83  50  0  0  0  2  8.346758e-02  2.000000e-07
 83  88  0  0  0  2  2.554323e-01  2.000000e-07
 83  63  0  0  0  2  1.012141e-01  2.000000e-07
 83  71  0  0  0  2  3.548604e-01  2.000000e-07
 74  75  0  0  0  2  2.563780e-01  2.000000e-07
 74  6  1  0  0  2  4.604127e-01  2.000000e-07
 74  78  0  0  0  2  3.286901e-01  2.000000e-07
 74  84  0  0  0  2  4.167473e-01  2.000000e-07
 74  8  0  0  0  2  4.835014e-01  2.000000e-07
 74  70  0  0  0  2  2.989262e-01  2.000000e-07
 74  57  0  0  0  2  5.457209e-01  2.000000e-07
 74  51  0  0  0  2  2.260827e-01  2.000000e-07
 74  58  0  0  0  2  3.008928e-01  2.000000e-07
 74  2  0  0  0  2  1.516633e-01  2.000000e-07
 74  47  0  0  0  2  3.181956e-01  2.000000e-07
 74  60  0  0  0  2  5.609745e-01  2.000000e-07
 74  77  0  0  0  2  3.632900e-01  2.000000e-07
 74  61  0  0  0  2  4.838526e-01  2.000000e-07
 74  1  0  0  0  2  1.667565e-01  2.000000e-07
 74  62  0  0  0  2  3.786035e-01  2.000000e-07
 74  81  1  0  0  2  3.446602e-01  2.000000e-07
 74  88  0  0  0  2  1.744805e-01  2.000000e-07
 74  71  0  0  0  2  1.432670e-01  2.000000e-07
 66  79  1  1  0  2  4.419635e-01  2.000000e-07
 66  6  1  0  0  2  2.930242e-01  2.000000e-07
 66  87  0  1  0  2  2.872343e-01  2.000000e-07
 66  84  0  1  0  2  3.209969e-01  2.000000e-07
 66  89  0  0  0  2  4.611239e-01  2.000000e-07
 66  67  0  0  0  2  2.977323e-01  2.000000e-07
 66  70  0  1  0  2  3.370257e-01  2.000000e-07
 66  69  1  0  0  2  4.462635e-01  2.000000e-07
 66  72  0  1  0  2  4.953156e-01  2.000000e-07
 66  57  0  0  0  2  4.335910e-01  2.000000e-07
 66  58  0  0  0  2  2.865833e-01  2.000000e-07
 66  59  1  0  0  2  3.325285e-01  2.000000e-07
 66  9  1  0  0  2  2.191424e-01  2.000000e-07
 66  77  0  0  0  2  8.394615e-02  2.000000e-07
 66  77  0  0  0  2  8.394615e-02  2.000000e-07
 66  4  1  0  0  2  2.614621e-01  2.000000e-07
 66  68  1  0  0  2  2.961530e-01  2.000000e-07
 66  3  0  0  0  2  4.601106e-01  2.000000e-07
 66  71  0  0  0  2  3.413547e-01  2.000000e-07
 79  55  0  0  0  2  1.263546e-01  2.000000e-07
 79  75  0  0  0  2  3.450686e-01  2.000000e-07
 79  76  0  0  0  2  3.383705e-01  2.000000e-07
 79  87 -1  0  0  2  5.281675e-01  2.000000e-07
 79  82  0  0  0  2  1.064137e-01  2.000000e-07
 79  8  0  0  0  2  2.756137e-01  2.000000e-07
 79  70 -1  0  0  2  3.064518e-01  2.000000e-07
 79  69  0  0  0  2  3.182857e-01  2.000000e-07
 79  72 -1  0  0  2  3.902197e-01  2.000000e-07
 79  2 -1  0  0  2  4.346543e-01  2.000000e-07
 79  60  0 -1  0  2  3.398849e-01  2.000000e-07
 79  77 -1 -1  0  2  5.081821e-01  2.000000e-07
 79  4  0 -1  0  2  3.300656e-01  2.000000e-07
 79  68  0 -1  0  2  3.436340e-01  2.000000e-07
 79  65  0  0  0  2  2.256587e-01  2.000000e-07
 55  76  0  0  0  2  2.121735e-01  2.000000e-07
 55  87  0  0  0  2  3.672967e-01  2.000000e-07
 55  84  0  0  0  2  3.125852e-01  2.000000e-07
 55  70 -1  0  0  2  4.316979e-01  2.000000e-07
 55  69  0  0  0  2  4.190147e-01  2.000000e-07
 55  57  0 -1  0  2  2.573387e-01  2.000000e-07
 55  48  0  0  0  2  1.461413e-01  2.000000e-07
 55  4  0 -1  0  2  3.437522e-01  2.000000e-07
 55  68  0 -1  0  2  3.436172e-01  2.000000e-07
 55  5  0 -1  0  2  3.361835e-01  2.000000e-07
 55  50  0  0  0  2  3.274454e-01  2.000000e-07
 55  88  0  0  0  2  3.513880e-01  2.000000e-07
 55  65  0  0  0  2  2.097811e-01  2.000000e-07
 55  64  0 -1  0  2  5.129537e-01  2.000000e-07
 75  76  0  0  0  2  1.937428e-01  2.000000e-07
 75  78  0  0  0  2  8.667807e-02  2.000000e-07
 75  84  0  0  0  2  2.684371e-01  2.000000e-07
 75  8  0  0  0  2  3.146513e-01  2.000000e-07
 75  51  0  0  0  2  3.153500e-01  2.000000e-07
 75  61  0  0  0  2  3.559022e-01  2.000000e-07
 75  1  0  0  0  2  1.879639e-01  2.000000e-07
 75  50  0  0  0  2  1.518122e-01  2.000000e-07
 75  65  0  0  0  2  1.916558e-01  2.000000e-07
 6  56  0  0  0  2  4.122343e-02  2.000000e-07
 6  8  0  0  0  2  2.752768e-01  2.000000e-07
 6  72 -1  0  0  2  4.239639e-01  2.000000e-07
 6  58 -1  0  0  2  4.930246e-01  2.000000e-07
 6  9  0  0  0  2  9.929807e-02  2.000000e-07
 6  77 -1  0  0  2  2.587854e-01  2.000000e-07
 6  61  0  0  0  2  2.094441e-01  2.000000e-07
 6  68  0  0  0  2  1.511683e-01  2.000000e-07
 6  81  0  0  0  2  2.316168e-01  2.000000e-07
 76  78  0  0  0  2  2.184673e-01  2.000000e-07
 76  87  0  0  0  2  1.551950e-01  2.000000e-07
 76  84  0  0  0  2  1.054563e-01  2.000000e-07
 76  67  0 -1  0  2  3.620375e-01  2.000000e-07
 76  47  0 -1  0  2  3.665619e-01  2.000000e-07
 76  60  0 -1  0  2  2.010125e-01  2.000000e-07
 76  77  0 -1  0  2  4.735460e-01  2.000000e-07
 76  1  0  0  0  2  2.538833e-01  2.000000e-07
 76  68  0 -1  0  2  4.459397e-01  2.000000e-07
 76  65  0  0  0  2  3.141109e-01  2.000000e-07
 78  84  0  0  0  2  3.130882e-01  2.000000e-07
 78  8  0  0  0  2  2.399405e-01  2.000000e-07
 78  70  0  0  0  2  4.696975e-01  2.000000e-07
 78  57  0 -1  0  2  3.789563e-01  2.000000e-07
 78  2  0  0  0  2  3.517994e-01  2.000000e-07
 78  80  0  0  0  2  3.073640e-01  2.000000e-07
 78  48  0  0  0  2  8.673574e-02  2.000000e-07
 78  60  0 -1  0  2  3.727049e-01  2.000000e-07
 78  61  0  0  0  2  2.928596e-01  2.000000e-07
 78  1  0  0  0  2  2.746037e-01  2.000000e-07
 78  62  0  0  0  2  1.276388e-01  2.000000e-07
 78  88  0  0  0  2  2.002089e-01  2.000000e-07
 56  79  0  1  0  2  4.589556e-01  2.000000e-07
 56  8  0  0  0  2  2.869330e-01  2.000000e-07
 56  57  0  0  0  2  3.647271e-01  2.000000e-07
 56  80  0  1  0  2  5.035284e-01  2.000000e-07
 56  9  0  0  0  2  9.325091e-02  2.000000e-07
 56  60  0  0  0  2  3.517459e-01  2.000000e-07
 56  77 -1  0  0  2  2.819381e-01  2.000000e-07
 56  61  0  0  0  2  2.139817e-01  2.000000e-07
 56  62  0  0  0  2  3.775284e-01  2.000000e-07
 56  68  0  0  0  2  1.164740e-01  2.000000e-07
 56  81  0  0  0  2  2.649728e-01  2.000000e-07
 56  63  0  0  0  2  2.976930e-01  2.000000e-07
 87  84  0  0  0  2  6.587099e-02  2.000000e-07
 87  84  0  0  0  2  6.587099e-02  2.000000e-07
 87  82  1  0  0  2  4.798657e-01  2.000000e-07
 87  67  0 -1  0  2  3.271120e-01  2.000000e-07
 87  70  0  0  0  2  2.503930e-01  2.000000e-07
 87  72  0  0  0  2  3.385033e-01  2.000000e-07
 87  57  0 -1  0  2  2.714811e-01  2.000000e-07
 87  58  0 -1  0  2  3.394027e-01  2.000000e-07
 87  2  0  0  0  2  2.628364e-01  2.000000e-07
 87  47  0 -1  0  2  3.298055e-01  2.000000e-07
 87  77  0 -1  0  2  3.480299e-01  2.000000e-07
 87  1  0  0  0  2  2.167285e-01  2.000000e-07
 87  3  0  0  0  2  3.682819e-01  2.000000e-07
 87  88  0  0  0  2  2.373632e-01  2.000000e-07
 84  67  0 -1  0  2  2.972868e-01  2.000000e-07
 84  70  0  0  0  2  3.149964e-01  2.000000e-07
 84  57  0 -1  0  2  2.080267e-01  2.000000e-07
 84  2  0  0  0  2  3.113830e-01  2.000000e-07
 84  80  1  0  0  2  5.467732e-01  2.000000e-07
 84  48  0  0  0  2  3.606789e-01  2.000000e-07
 84  47  0 -1  0  2  3.008503e-01  2.000000e-07
 84  60  0 -1  0  2  2.211353e-01  2.000000e-07
 84  77  0 -1  0  2  3.704114e-01  2.000000e-07
 84  1  0  0  0  2  2.531313e-01  2.000000e-07
 84  88  0  0  0  2  2.550037e-01  2.000000e-07
 49  67  0  0  0  2  2.506203e-01  2.000000e-07
 49  69  0  0  0  2  4.120615e-01  2.000000e-07
 49  51  0  0  0  2  1.549530e-01  2.000000e-07
 49  59  0  0  0  2  2.633070e-01  2.000000e-07
 49  61  0  0  0  2  1.760157e-01  2.000000e-07
 49  68  0  0  0  2  3.346093e-01  2.000000e-07
 49  50  0  0  0  2  1.635593e-01  2.000000e-07
 49  63  0  0  0  2  3.646632e-02  2.000000e-07
 49  65  0  0  0  2  2.528012e-01  2.000000e-07
 49  64  0  0  0  2  4.797405e-02  2.000000e-07
 89  67  0  0  0  2  3.701209e-01  2.000000e-07
 89  70  0  0  0  2  2.487464e-01  2.000000e-07
 89  69  1  0  0  2  2.600228e-01  2.000000e-07
 89  51  0  0  0  2  2.795217e-01  2.000000e-07
 89  3  0  0  0  2  5.508269e-02  2.000000e-07
 89  50  0  0  0  2  3.074531e-01  2.000000e-07
 89  88  0  0  0  2  1.782786e-01  2.000000e-07
 89  71  0  0  0  2  1.332596e-01  2.000000e-07
 82  8  0  0  0  2  2.281101e-01  2.000000e-07
 82  72 -1  0  0  2  2.908194e-01  2.000000e-07
 82  2 -1  0  0  2  3.443685e-01  2.000000e-07
 82  80  0  0  0  2  3.244035e-02  2.000000e-07
 82  81  0  0  0  2  2.205471e-01  2.000000e-07
 67  55  0  1  0  2  4.861248e-01  2.000000e-07
 67  57  0  0  0  2  2.311472e-01  2.000000e-07
 67  51  0  0  0  2  1.468717e-01  2.000000e-07
 67  58  0  0  0  2  2.573641e-02  2.000000e-07
 67  47  0  0  0  2  5.591807e-03  2.000000e-07
 67  60  0  0  0  2  2.491187e-01  2.000000e-07
 67  68  0  0  0  2  4.384047e-01  2.000000e-07
 67  3  0  0  0  2  4.047091e-01  2.000000e-07
 67  5  0  0  0  2  4.222175e-01  2.000000e-07
 67  63  0  0  0  2  2.812276e-01  2.000000e-07
 67  71  0  0  0  2  3.298277e-01  2.000000e-07
 67  64  0  0  0  2  2.151986e-01  2.000000e-07
 8  72 -1  0  0  2  3.976699e-01  2.000000e-07
 8  61  0  0  0  2  8.181799e-02  2.000000e-07
 8  62  0  0  0  2  1.185984e-01  2.000000e-07
 8  81  0  0  0  2  1.732030e-01  2.000000e-07
 8  65  0  0  0  2  1.326071e-01  2.000000e-07
 70  72  0  0  0  2  1.622461e-01  2.000000e-07
 70  2  0  0  0  2  1.527866e-01  2.000000e-07
 70  80  1  0  0  2  2.446509e-01  2.000000e-07
 70  9  1 -1  0  2  4.590651e-01  2.000000e-07
 70  77  0 -1  0  2  4.209000e-01  2.000000e-07
 70  4  1 -1  0  2  4.328808e-01  2.000000e-07
 70  3  0  0  0  2  2.179823e-01  2.000000e-07
 70  81  1  0  0  2  3.175249e-01  2.000000e-07
 70  88  0  0  0  2  2.777524e-01  2.000000e-07
 70  71  0  0  0  2  3.265343e-01  2.000000e-07
 69  70 -1  0  0  2  2.768449e-01  2.000000e-07
 69  72 -1  0  0  2  1.927127e-01  2.000000e-07
 69  80  0  0  0  2  2.473936e-01  2.000000e-07
 69  59  0  0  0  2  3.214049e-01  2.000000e-07
 69  9  0  0  0  2  3.471700e-01  2.000000e-07
 69  61  0  0  0  2  2.360626e-01  2.000000e-07
 69  62  0  0  0  2  3.262161e-01  2.000000e-07
 69  68  0  0  0  2  4.151549e-01  2.000000e-07
 69  3 -1  0  0  2  2.073979e-01  2.000000e-07
 69  81  0  0  0  2  4.759853e-02  2.000000e-07
 69  63  0  0  0  2  3.909571e-01  2.000000e-07
 69  65  0  0  0  2  3.214897e-01  2.000000e-07
 69  71 -1  0  0  2  1.977903e-01  2.000000e-07
 72  2  0  0  0  2  8.505767e-02  2.000000e-07
 72  61  1  0  0  2  4.283977e-01  2.000000e-07
 72  68  1  0  0  2  5.708631e-01  2.000000e-07
 72  3  0  0  0  2  5.798506e-02  2.000000e-07
 72  81  1  0  0  2  2.403029e-01  2.000000e-07
 72  65  1  0  0  2  4.819242e-01  2.000000e-07
 57  80  0  1  0  2  4.346927e-01  2.000000e-07
 57  48  0  1  0  2  3.791763e-01  2.000000e-07
 57  60  0  0  0  2  2.085540e-02  2.000000e-07
 57  77  0  0  0  2  4.460700e-01  2.000000e-07
 57  62  0  0  0  2  5.336085e-01  2.000000e-07
 57  5  0  0  0  2  2.745100e-01  2.000000e-07
 57  63  0  0  0  2  3.670450e-01  2.000000e-07
 57  64  0  0  0  2  2.832866e-01  2.000000e-07
 51  58  0  0  0  2  1.387778e-01  2.000000e-07
 51  47  0  0  0  2  1.445998e-01  2.000000e-07
 51  61  0  0  0  2  3.277456e-01  2.000000e-07
 51  50  0  0  0  2  2.002804e-01  2.000000e-07
 51  65  0  0  0  2  3.448155e-01  2.000000e-07
 51  64  0  0  0  2  1.468798e-01  2.000000e-07
 58  47  0  0  0  2  2.014814e-02  2.000000e-07
 58  77  0  0  0  2  2.528786e-01  2.000000e-07
 2  80  1  0  0  2  3.626379e-01  2.000000e-07
 2  77  0 -1  0  2  5.367238e-01  2.000000e-07
 2  1  0  0  0  2  8.177436e-02  2.000000e-07
 2  81  1  0  0  2  3.245311e-01  2.000000e-07
 80  9  0 -1  0  2  4.383025e-01  2.000000e-07
 80  77 -1 -1  0  2  5.113823e-01  2.000000e-07
 80  4  0 -1  0  2  3.723999e-01  2.000000e-07
 80  62  0  0  0  2  2.782213e-01  2.000000e-07
 80  5  0 -1  0  2  3.930291e-01  2.000000e-07
 80  81  0  0  0  2  2.527107e-01  2.000000e-07
 59  9  0  0  0  2  1.147283e-01  2.000000e-07
 59  4  0  0  0  2  1.304234e-01  2.000000e-07
 59  61  0  0  0  2  2.074949e-01  2.000000e-07
 59  62  0  0  0  2  3.671143e-01  2.000000e-07
 59  68  0  0  0  2  1.067281e-01  2.000000e-07
 59  5  0  0  0  2  1.077436e-01  2.000000e-07
 59  81  0  0  0  2  2.832615e-01  2.000000e-07
 59  63  0  0  0  2  2.742970e-01  2.000000e-07
 59  71 -1  0  0  2  3.901416e-01  2.000000e-07
 59  64  0  0  0  2  2.532780e-01  2.000000e-07
 48  62  0  0  0  2  1.115423e-01  2.000000e-07
 48  50  0  0  0  2  1.899537e-01  2.000000e-07
 48  88  0  0  0  2  2.862324e-01  2.000000e-07
 48  63  0  0  0  2  2.771728e-01  2.000000e-07
 48  65  0  0  0  2  6.662995e-02  2.000000e-07
 47  60  0  0  0  2  2.546965e-01  2.000000e-07
 47  77  0  0  0  2  2.663522e-01  2.000000e-07
 47  61  0  0  0  2  4.238499e-01  2.000000e-07
 47  68  0  0  0  2  4.432231e-01  2.000000e-07
 47  64  0  0  0  2  2.169849e-01  2.000000e-07
 9  77 -1  0  0  2  2.108313e-01  2.000000e-07
 9  62  0  0  0  2  4.693902e-01  2.000000e-07
 9  5  0  0  0  2  1.162780e-01  2.000000e-07
 9  81  0  0  0  2  3.210639e-01  2.000000e-07
 9  63  0  0  0  2  3.886897e-01  2.000000e-07
 9  71 -1  0  0  2  3.527719e-01  2.000000e-07
 60  80  0  1  0  2  4.162741e-01  2.000000e-07
 60  77  0  0  0  2  4.669098e-01  2.000000e-07
 60  61  0  0  0  2  4.402815e-01  2.000000e-07
 60  62  0  0  0  2  5.359056e-01  2.000000e-07
 60  68  0  0  0  2  2.735879e-01  2.000000e-07
 60  64  0  0  0  2  2.876670e-01  2.000000e-07
 77  82  1  1  0  2  5.315991e-01  2.000000e-07
 77  1  0  1  0  2  5.303449e-01  2.000000e-07
 77  68  1  0  0  2  3.048554e-01  2.000000e-07
 77  81  1  0  0  2  3.716884e-01  2.000000e-07
 77  71  0  0  0  2  2.574342e-01  2.000000e-07
 4  9  0  0  0  2  8.480030e-02  2.000000e-07
 4  68  0  0  0  2  3.757989e-02  2.000000e-07
 4  5  0  0  0  2  5.260797e-02  2.000000e-07
 4  71 -1  0  0  2  4.375696e-01  2.000000e-07
 61  62  0  0  0  2  1.652560e-01  2.000000e-07
 61  68  0  0  0  2  3.120050e-01  2.000000e-07
 61  81  0  0  0  2  1.887944e-01  2.000000e-07
 61  65  0  0  0  2  1.961802e-01  2.000000e-07
 61  64  0  0  0  2  2.070712e-01  2.000000e-07
 62  81  0  0  0  2  2.884870e-01  2.000000e-07
 62  63  0  0  0  2  1.681758e-01  2.000000e-07
 68  3 -1  0  0  2  5.503369e-01  2.000000e-07
 68  5  0  0  0  2  1.666759e-02  2.000000e-07
 68  64  0  0  0  2  3.113937e-01  2.000000e-07
 3  88  0  0  0  2  2.177352e-01  2.000000e-07
 3  71  0  0  0  2  1.192644e-01  2.000000e-07
 5  63  0  0  0  2  3.441269e-01  2.000000e-07
 5  64  0  0  0  2  2.989594e-01  2.000000e-07
 50  88  0  0  0  2  2.185351e-01  2.000000e-07
 50  63  0  0  0  2  1.349415e-01  2.000000e-07
 50  65  0  0  0  2  1.525435e-01  2.000000e-07
 50  64  0  0  0  2  2.062648e-01  2.000000e-07
 81  71 -1  0  0  2  2.304722e-01  2.000000e-07
 88  71  0  0  0  2  3.094873e-01  2.000000e-07
 63  64  0  0  0  2  8.440315e-02  2.000000e-07
 65  64  0  0  0  2  3.006392e-01  2.000000e-07
 71  57  0  0  0  2  5.604910e-01  2.000000e-07
 54  7  0  0  0  1  1.311646e-01  3.000000e-07
 54  79  0  0  0  1  1.391051e-01  3.000000e-07
 54  8  0  0  0  1  1.436319e-01  3.000000e-07
 54  48  0  0  0  1  9.817656e-02  3.000000e-07
 54  65  0  0  0  1  9.874174e-02  3.000000e-07
 86  0  0  0  0  1  1.165868e-01  3.000000e-07
 86  75  0  0  0  1  1.338292e-01  3.000000e-07
 86  87  0  0  0  1  1.521853e-01  3.000000e-07
 86  84  0  0  0  1  1.619557e-01  3.000000e-07
 86  1  0  0  0  1  1.145072e-01  3.000000e-07
 86  88  0  0  0  1  9.346751e-02  3.000000e-07
 0  87  0  0  0  1  2.070739e-01  3.000000e-07
 0  70  0  0  0  1  1.877697e-01  3.000000e-07
 0  2  0  0  0  1  7.618202e-02  3.000000e-07
 73  3  0  0  0  1  6.612954e-02  3.000000e-07
 73  71  0  0  0  1  1.028192e-01  3.000000e-07
 7  79  0  0  0  1  7.769603e-02  3.000000e-07
 83  74  0  0  0  1  2.418366e-01  3.000000e-07
 83  49  0  0  0  1  1.128201e-01  3.000000e-07
 83  51  0  0  0  1  1.187155e-01  3.000000e-07
 83  50  0  0  0  1  8.346758e-02  3.000000e-07
 74  89  0  0  0  1  5.387118e-02  3.000000e-07
 74  51  0  0  0  1  2.260827e-01  3.000000e-07
 74  50  0  0  0  1  2.639168e-01  3.000000e-07
 74  88  0  0  0  1  1.744805e-01  3.000000e-07
 74  71  0  0  0  1  1.432670e-01  3.000000e-07
 66  67  0  0  0  1  2.977323e-01  3.000000e-07
 66  58  0  0  0  1  2.865833e-01  3.000000e-07
 66  47  0  0  0  1  2.953131e-01  3.000000e-07
 66  9  1  0  0  1  2.191424e-01  3.000000e-07
 66  77  0  0  0  1  8.394615e-02  3.000000e-07
 79  55  0  0  0  1  1.263546e-01  3.000000e-07
 79  80  0  0  0  1  7.716713e-02  3.000000e-07
 79  4  0 -1  0  1  3.300656e-01  3.000000e-07
 55  76  0  0  0  1  2.121735e-01  3.000000e-07
 55  48  0  0  0  1  1.461413e-01  3.000000e-07
 55  60  0 -1  0  1  2.425204e-01  3.000000e-07
 55  4  0 -1  0  1  3.437522e-01  3.000000e-07
 55  5  0 -1  0  1  3.361835e-01  3.000000e-07
 75  76  0  0  0  1  1.937428e-01  3.000000e-07
 75  78  0  0  0  1  8.667807e-02  3.000000e-07
 75  50  0  0  0  1  1.518122e-01  3.000000e-07
 75  88  0  0  0  1  1.136679e-01  3.000000e-07
 6  59  0  0  0  1  7.319768e-02  3.000000e-07
 6  9  0  0  0  1  9.929807e-02  3.000000e-07
 6  77 -1  0  0  1  2.587854e-01  3.000000e-07
 6  61  0  0  0  1  2.094441e-01  3.000000e-07
 6  81  0  0  0  1  2.316168e-01  3.000000e-07
 6  71 -1  0  0  1  3.171457e-01  3.000000e-07
 76  78  0  0  0  1  2.184673e-01  3.000000e-07
 76  84  0  0  0  1  1.054563e-01  3.000000e-07
 76  60  0 -1  0  1  2.010125e-01  3.000000e-07
 78  48  0  0  0  1  8.673574e-02  3.000000e-07
 78  62  0  0  0  1  1.276388e-01  3.000000e-07
 78  50  0  0  0  1  1.405323e-01  3.000000e-07
 78  65  0  0  0  1  1.099722e-01  3.000000e-07
 56  9  0  0  0  1  9.325091e-02  3.000000e-07
 56  68  0  0  0  1  1.164740e-01  3.000000e-07
 87  66  0 -1  0  1  2.872343e-01  3.000000e-07
 87  84  0  0  0  1  6.587099e-02  3.000000e-07
 87  67  0 -1  0  1  3.271120e-01  3.000000e-07
 87  70  0  0  0  1  2.503930e-01  3.000000e-07
 84  67  0 -1  0  1  2.972868e-01  3.000000e-07
 84  57  0 -1  0  1  2.080267e-01  3.000000e-07
 49  51  0  0  0  1  1.549530e-01  3.000000e-07
 49  61  0  0  0  1  1.760157e-01  3.000000e-07
 89  2  0  0  0  1  1.086339e-01  3.000000e-07
 89  1  0  0  0  1  1.470431e-01  3.000000e-07
 89  3  0  0  0  1  5.508269e-02  3.000000e-07
 82  8  0  0  0  1  2.281101e-01  3.000000e-07
 82  69  0  0  0  1  2.150380e-01  3.000000e-07
 82  81  0  0  0  1  2.205471e-01  3.000000e-07
 67  57  0  0  0  1  2.311472e-01  3.000000e-07
 67  51  0  0  0  1  1.468717e-01  3.000000e-07
 67  64  0  0  0  1  2.151986e-01  3.000000e-07
 8  61  0  0  0  1  8.181799e-02  3.000000e-07
 8  62  0  0  0  1  1.185984e-01  3.000000e-07
 8  81  0  0  0  1  1.732030e-01  3.000000e-07
 8  65  0  0  0  1  1.326071e-01  3.000000e-07
 70  82  1  0  0  1  2.368328e-01  3.000000e-07
 70  69  1  0  0  1  2.768449e-01  3.000000e-07
 70  72  0  0  0  1  1.622461e-01  3.000000e-07
 70  80  1  0  0  1  2.446509e-01  3.000000e-07
 70  4  1 -1  0  1  4.328808e-01  3.000000e-07
 69  72 -1  0  0  1  1.927127e-01  3.000000e-07
 69  3 -1  0  0  1  2.073979e-01  3.000000e-07
 69  71 -1  0  0  1  1.977903e-01  3.000000e-07
 72  2  0  0  0  1  8.505767e-02  3.000000e-07
 72  3  0  0  0  1  5.798506e-02  3.000000e-07
 57  76  0  1  0  1  1.974949e-01  3.000000e-07
 57  64  0  0  0  1  2.832866e-01  3.000000e-07
 51  58  0  0  0  1  1.387778e-01  3.000000e-07
 51  47  0  0  0  1  1.445998e-01  3.000000e-07
 51  64  0  0  0  1  1.468798e-01  3.000000e-07
 58  77  0  0  0  1  2.528786e-01  3.000000e-07
 58  71  0  0  0  1  3.041463e-01  3.000000e-07
 2  1  0  0  0  1  8.177436e-02  3.000000e-07
 80  4  0 -1  0  1  3.723999e-01  3.000000e-07
 59  61  0  0  0  1  2.074949e-01  3.000000e-07
 59  68  0  0  0  1  1.067281e-01  3.000000e-07
 59  5  0  0  0  1  1.077436e-01  3.000000e-07
 59  64  0  0  0  1  2.532780e-01  3.000000e-07
 48  65  0  0  0  1  6.662995e-02  3.000000e-07
 9  77 -1  0  0  1  2.108313e-01  3.000000e-07
 9  4  0  0  0  1  8.480030e-02  3.000000e-07
 60  5  0  0  0  1  2.577651e-01  3.000000e-07
 60  64  0  0  0  1  2.876670e-01  3.000000e-07
 77  71  0  0  0  1  2.574342e-01  3.000000e-07
 4  5  0  0  0  1  5.260797e-02  3.000000e-07
 61  62  0  0  0  1  1.652560e-01  3.000000e-07
 1  88  0  0  0  1  7.603127e-02  3.000000e-07
 62  50  0  0  0  1  1.183215e-01  3.000000e-07
 62  63  0  0  0  1  1.681758e-01  3.000000e-07
 3  71  0  0  0  1  1.192644e-01  3.000000e-07
 5  64  0  0  0  1  2.989594e-01  3.000000e-07
 50  88  0  0  0  1  2.185351e-01  3.000000e-07
 50  63  0  0  0  1  1.349415e-01  3.000000e-07
 81  71 -1  0  0  1  2.304722e-01  3.000000e-07
 2.493369e-01 -2.148326e-01  0
 2.380912e-01 -2.032784e-01  0
 3.156259e-01 -1.772897e-01  0
 3.541080e-01 -7.906063e-02  0
-3.265654e-01  3.609804e-01  0
-2.766567e-01  3.443456e-01  0
-3.513256e-01  2.039034e-01  0
-3.268585e-01 -2.589059e-01  0
-2.268252e-01 -4.161019e-02  0
-3.832664e-01  2.979241e-01  0
 1.669246e-02  1.486884e-01 -1.415489e-01
 3.728776e-01  2.099038e-01 -2.632298e-01
 1.638216e-01  3.726888e-01 -1.484722e-01
 1.806276e-01  2.615683e-01 -2.259083e-01
 2.766065e-01  1.403500e-01 -2.824396e-01
 2.080046e-01 -2.442611e-01 -2.176728e-01
-9.530406e-02  4.492829e-02 -1.682762e-01
-3.768798e-02  1.184938e-01 -2.586392e-01
-3.866430e-01  8.174945e-02 -2.714356e-01
-2.416811e-01 -8.380091e-02 -4.445400e-01
 2.649163e-01  3.903433e-01  4.212432e-01
 2.618828e-01 -3.017981e-01 -3.555214e-01
 3.985392e-01 -4.496804e-01  4.330733e-01
-1.173102e-01 -3.748672e-01  2.275297e-01
 1.243165e-01 -1.801845e-01  3.518740e-01
-6.804638e-02 -1.805598e-01  3.802074e-01
 2.295940e-01 -4.181458e-01  1.034723e-01
 1.196533e-01  2.235150e-01  1.720271e-01
 3.100765e-01  1.207833e-01  2.593027e-01
 1.016084e-01  1.057445e-01  2.557769e-01
 8.137977e-02 -1.612495e-02  1.292558e-01
 1.535043e-02 -2.122107e-01  3.610232e-01
 2.048043e-01 -4.333474e-01  2.324825e-01
 1.899187e-02 -3.499996e-01  3.769465e-01
 2.680166e-01  4.448656e-01  3.295382e-01
-1.709096e-01 -1.495840e-01  4.106814e-01
 2.530811e-01  1.088107e-01 -4.366353e-01
-7.205132e-02 -3.071462e-01 -3.070944e-01
 2.288186e-01  2.862891e-01 -3.236220e-01
 3.225801e-01 -9.763445e-02 -3.549997e-01
 1.724055e-01 -2.159299e-01 -3.858181e-01
-3.295137e-01  1.120160e-01 -3.925756e-01
-4.299866e-01  4.004095e-01 -4.092854e-01
-1.123821e-01 -7.563620e-02 -3.337927e-01
-3.350495e-01 -2.244424e-01 -2.921382e-01
 2.899498e-02  3.442155e-01 -2.035203e-01
 3.378360e-01  3.685091e-01  3.703617e-01
 1.418304e-01  2.591948e-01  0
-1.216433e-01 -2.010605e-01  0
-5.771538e-02  1.058751e-01  0
-6.981943e-03 -4.961691e-02  0
 9.640518e-02  1.219154e-01  0
-8.723489e-02  2.669543e-01  3.688367e-01
 5.450016e-02  2.476138e-01  2.696739e-01
-2.184974e-01 -1.850004e-01  0
-1.491482e-01 -3.445902e-01  0
-3.193974e-01  2.299794e-01  0
-1.733583e-02  4.343924e-01  0
 1.574954e-01  2.465239e-01  0
-2.860436e-01  2.370117e-01  0
-3.737078e-02  4.401845e-01  0
-2.209374e-01  3.999568e-02  0
-1.183551e-01 -8.956670e-02  0
-6.781407e-02  7.083497e-02  0
-4.721536e-02  1.526860e-01  0
-1.331038e-01 -1.354236e-01  0
 4.124842e-01  3.773318e-01  0
 1.376277e-01  2.628834e-01  0
-2.933024e-01  3.434926e-01  0
-4.414209e-01 -4.434043e-02  0
 4.231741e-01 -2.858121e-01  0
 3.785894e-01  3.766405e-02  0
 3.850275e-01 -1.281142e-01  0
 3.052958e-01 -3.444579e-02  0
 2.566593e-01 -3.755887e-02  0
 5.059062e-02 -1.900888e-01  0
 5.940249e-02 -3.836311e-01  0
 4.059458e-01  2.936406e-01  0
-3.603635e-02 -1.871130e-01  0
-2.716327e-01 -3.135573e-01  0
-3.329247e-01 -2.666739e-01  0
-3.989987e-01 -2.275406e-02  0
-3.451565e-01 -2.366280e-01  0
 2.386216e-02  2.794260e-02  0
 1.485109e-01 -4.400290e-01  0
-3.000989e-01 -8.137388e-02  3.082843e-01
 1.514093e-01 -2.780992e-01  0
 2.106832e-01 -4.182669e-01  0
 1.641661e-01 -1.855064e-01  0
 2.998070e-01 -6.981370e-02  0