 719  90  1.200000e-05  85 -2 -2
 14  38  0  1  0  3  4.744273e-01  1.000000e-07
 14  17  0  1  0  3  5.181404e-01  1.000000e-07
 14  41  0  0  0  3  2.612467e-01  1.000000e-07
 14  18  0  0  0  3  3.349170e-01  1.000000e-07
 14  31  0  0  1  3  5.087720e-01  1.000000e-07
 14  32  0  0  1  3  3.023066e-01  1.000000e-07
 14  33  0  0  1  3  6.022718e-01  1.000000e-07
 14  34  0  1  1  3  4.794355e-01  1.000000e-07
 9  44 -1  0  0  3  3.351196e-01  1.000000e-07
 9  43  0  0  0  3  2.955824e-01  1.000000e-07
 9  39  0  0  0  3  1.037132e-01  1.000000e-07
 9  8 -1  0  0  3  3.675448e-01  1.000000e-07
 9  41  0  0  0  3  2.322288e-01  1.000000e-07
 9  40 -1  0  0  3  2.956074e-01  1.000000e-07
 10  13  0  0  0  3  7.052433e-02  1.000000e-07
 10  37  0  0  0  3  3.955776e-01  1.000000e-07
 10  38  0  0  0  3  4.401249e-01  1.000000e-07
 10  44  0  0  0  3  1.017663e-01  1.000000e-07
 10  40  0  0  0  3  7.507344e-02  1.000000e-07
 10  18  0  0  0  3  3.437496e-01  1.000000e-07
 10  33  0  0  1  3  3.088237e-01  1.000000e-07
 13  44  0  0  0  3  1.582164e-01  1.000000e-07
 13  12  1  0  0  3  2.600102e-01  1.000000e-07
 13  40  0  0  0  3  1.133268e-01  1.000000e-07
 13  30  0  0  1  3  4.524559e-01  1.000000e-07
 13  34  0  0  1  3  5.157596e-01  1.000000e-07
 13  35  1  0  1  3  3.733399e-01  1.000000e-07
 37  38  0  0  0  3  1.315679e-01  1.000000e-07
 37  44  0  0  0  3  3.742903e-01  1.000000e-07
 37  8  0  0  0  3  3.189252e-01  1.000000e-07
 37  17  0  0  0  3  1.106854e-01  1.000000e-07
 37  15  0  0  0  3  1.290788e-01  1.000000e-07
 37  18  0  0  0  3  1.754837e-01  1.000000e-07
 37  31  0  0  1  3  3.784381e-01  1.000000e-07
 37  33  0  0  1  3  4.632582e-01  1.000000e-07
 38  8  0  0  0  3  4.015426e-01  1.000000e-07
 38  15  0  0  0  3  2.199959e-01  1.000000e-07
 38  16  0  0  1  3  4.881220e-01  1.000000e-07
 38  34  0  0  1  3  5.633609e-01  1.000000e-07
 11  44 -1  0  0  3  4.939638e-01  1.000000e-07
 11  43  0  0  0  3  2.831880e-01  1.000000e-07
 11  39  0  0  0  3  3.367916e-01  1.000000e-07
 11  28  0  0  0  3  3.361974e-01  1.000000e-07
 11  12  0  0  0  3  3.409855e-01  1.000000e-07
 11  40 -1  0  0  3  4.558105e-01  1.000000e-07
 11  18  0  0  0  3  2.379865e-01  1.000000e-07
 11  31  0  0  1  3  3.707200e-01  1.000000e-07
 43  39  0  0  0  3  2.349770e-01  1.000000e-07
 43  28  0  0  0  3  1.749440e-01  1.000000e-07
 43  15  0  0  0  3  2.928859e-01  1.000000e-07
 43  41  0  0  0  3  2.627114e-01  1.000000e-07
 43  18  0  0  0  3  2.636043e-01  1.000000e-07
 43  31  0  0  1  3  4.658754e-01  1.000000e-07
 39  12  0  0  0  3  4.261959e-01  1.000000e-07
 39  41  0  0  0  3  1.524741e-01  1.000000e-07
 39  42 -1  0  0  3  2.626745e-01  1.000000e-07
 39  40 -1  0  0  3  3.263323e-01  1.000000e-07
 39  20  0  0  1  3  5.002369e-01  1.000000e-07
 39  26  0  0  1  3  4.574617e-01  1.000000e-07
 8  42  0  0  0  3  2.908016e-01  1.000000e-07
 8  40  0  0  0  3  2.490251e-01  1.000000e-07
 17  15  0  0  0  3  1.615302e-01  1.000000e-07
 17  41  0 -1  0  3  5.712250e-01  1.000000e-07
 17  16  0  0  1  3  4.251783e-01  1.000000e-07
 17  31  0  0  1  3  3.700821e-01  1.000000e-07
 28  12  0  0  0  3  4.371732e-01  1.000000e-07
 28  41  0  0  0  3  1.533431e-01  1.000000e-07
 28  20  0  0  1  3  4.433474e-01  1.000000e-07
 28  26  0  0  1  3  3.928243e-01  1.000000e-07
 28  31  0  0  1  3  4.244139e-01  1.000000e-07
 28  32  0  0  1  3  2.378503e-01  1.000000e-07
 28  35  0  0  1  3  4.730192e-01  1.000000e-07
 15  18  0  0  0  3  1.886279e-01  1.000000e-07
 12  44 -1  0  0  3  3.780708e-01  1.000000e-07
 12  41  0 -1  0  3  4.767283e-01  1.000000e-07
 12  40 -1  0  0  3  3.137771e-01  1.000000e-07
 12  33 -1  0  1  3  4.502923e-01  1.000000e-07
 12  36  0  0  1  3  2.602611e-01  1.000000e-07
 41  42 -1  0  0  3  2.894509e-01  1.000000e-07
 41  25 -1  1  1  3  6.868775e-01  1.000000e-07
 42  18  0  0  0  3  4.108296e-01  1.000000e-07
 42  25  0  1  1  3  6.402455e-01  1.000000e-07
 42  36  1  1  1  3  6.078003e-01  1.000000e-07
 42  24  0  0  1  3  6.378231e-01  1.000000e-07
 40  19  0  0  1  3  4.383581e-01  1.000000e-07
 40  26  1  0  1  3  5.325972e-01  1.000000e-07
 18  33  0  0  1  3  4.594104e-01  1.000000e-07
 20  76  0  0  0  3  3.330149e-01  1.000000e-07
 20  26  0  0  0  3  2.322665e-01  1.000000e-07
 20  31  0  0  0  3  4.204477e-01  1.000000e-07
 20  86  0  0  0  3  3.769202e-01  1.000000e-07
 20  21  0  0  0  3  3.111983e-01  1.000000e-07
 20  35  0  0  0  3  1.859035e-01  1.000000e-07
 16  29  0  0  0  3  1.991506e-01  1.000000e-07
 16  30  0  0  0  3  3.862651e-01  1.000000e-07
 16  31  0  0  0  3  2.828578e-01  1.000000e-07
 16  32  0 -1  0  3  3.612410e-01  1.000000e-07
 16  36  0  0  0  3  7.442564e-02  1.000000e-07
 16  34  0  0  0  3  3.756721e-01  1.000000e-07
 16  35  0  0  0  3  2.429138e-01  1.000000e-07
 29  76  0  0  0  3  3.295913e-01  1.000000e-07
 29  22  0  0  0  3  1.933620e-01  1.000000e-07
 29  27  0  0  0  3  2.803926e-01  1.000000e-07
 29  23  0  0  0  3  2.495247e-01  1.000000e-07
 29  86  0 -1  0  3  4.299412e-01  1.000000e-07
 29  21  0  0  0  3  1.449446e-01  1.000000e-07
 29  34  0  0  0  3  3.026126e-01  1.000000e-07
 29  35  0  0  0  3  2.702300e-01  1.000000e-07
 19  76  1  0  0  3  3.641480e-01  1.000000e-07
 19  26  1  0  0  3  4.503810e-01  1.000000e-07
 19  30  0  0  0  3  2.750707e-01  1.000000e-07
 19  27  0  0  0  3  2.742149e-01  1.000000e-07
 19  31  0  0  0  3  3.724976e-01  1.000000e-07
 19  75  0  0  0  3  2.370185e-01  1.000000e-07
 76  22  0  0  0  3  1.975076e-01  1.000000e-07
 76  75 -1  0  0  3  3.144097e-01  1.000000e-07
 26  22  0  1  0  3  4.331928e-01  1.000000e-07
 26  25 -1  1  0  3  5.483109e-01  1.000000e-07
 26  24 -1  0  0  3  4.455850e-01  1.000000e-07
 26  86  0  0  0  3  1.927668e-01  1.000000e-07
 22  25 -1  0  0  3  5.004497e-01  1.000000e-07
 22  36  0  0  0  3  6.350027e-02  1.000000e-07
 22  86  0 -1  0  3  3.199861e-01  1.000000e-07
 22  34  0  0  0  3  4.182578e-01  1.000000e-07
 22  35  0  0  0  3  2.109247e-01  1.000000e-07
 30  25  0  0  0  3  1.336063e-01  1.000000e-07
 30  27  0  0  0  3  1.091128e-01  1.000000e-07
 30  31  0  0  0  3  2.813303e-01  1.000000e-07
 30  33  0  0  0  3  2.189043e-01  1.000000e-07
 30  21  0  0  0  3  3.391151e-01  1.000000e-07
 30  34  0  0  0  3  1.054644e-01  1.000000e-07
 25  23  0  0  0  3  2.434799e-01  1.000000e-07
 25  34  0  0  0  3  1.479538e-01  1.000000e-07
 25  75  0  0  0  3  1.276793e-01  1.000000e-07
 25  35  1  0  0  3  4.802725e-01  1.000000e-07
 27  31  0  0  0  3  3.370547e-01  1.000000e-07
 27  23  0  0  0  3  1.648478e-01  1.000000e-07
 27  24  0 -1  0  3  4.032048e-01  1.000000e-07
 27  21  0  0  0  3  3.153218e-01  1.000000e-07
 27  34  0  0  0  3  1.527925e-01  1.000000e-07
 27  75  0  0  0  3  1.466128e-01  1.000000e-07
 23  24  0 -1  0  3  4.827640e-01  1.000000e-07
 23  34  0  0  0  3  2.964595e-01  1.000000e-07
 23  75  0  0  0  3  2.180167e-01  1.000000e-07
 32  33  0  0  0  3  5.999537e-01  1.000000e-07
 32  36  0  1  0  3  3.503264e-01  1.000000e-07
 32  24  0  0  0  3  4.466916e-01  1.000000e-07
 32  86  0  0  0  3  2.459124e-01  1.000000e-07
 32  21  0  0  0  3  4.810366e-01  1.000000e-07
 32  34  0  1  0  3  4.066284e-01  1.000000e-07
 33  24  0  0  0  3  5.162411e-01  1.000000e-07
 33  21  0  0  0  3  3.944839e-01  1.000000e-07
 33  35  1  0  0  3  4.088180e-01  1.000000e-07
 36  86  0 -1  0  3  3.405460e-01  1.000000e-07
 36  34 -1  0  0  3  6.119747e-01  1.000000e-07
 36  34  0  0  0  3  4.006338e-01  1.000000e-07
 36  35  0  0  0  3  2.251973e-01  1.000000e-07
 24  86  0  0  0  3  4.614693e-01  1.000000e-07
 24  75  0  1  0  3  4.264514e-01  1.000000e-07
 21  35  0  0  0  3  2.930221e-01  1.000000e-07
 13  57  0  0  0  3  3.810608e-01  1.000000e-07
 2  75  0  0  0  3  1.614051e-01  1.000000e-07
 15  64  0  0  0  3  1.608660e-01  1.000000e-07
 82  23  0  0  0  3  1.652172e-01  1.000000e-07
 8  60  0  0  0  3  2.348383e-01  1.000000e-07
 56  23  0  0  0  3  2.046149e-01  1.000000e-07
 15  83  0  0  0  3  2.006493e-01  1.000000e-07
 89  76  0  0  0  3  3.295847e-01  1.000000e-07
 9  78  0  1  0  3  3.250478e-01  1.000000e-07
 58  76  0  0  0  3  3.068845e-01  1.000000e-07
 14  66  0  0  0  3  3.517683e-01  1.000000e-07
 61  24  0  0  0  3  1.535629e-01  1.000000e-07
 43  63  0  0  0  3  2.782478e-01  1.000000e-07
 50  86  0  0  0  3  2.146337e-01  1.000000e-07
 9  68  0  0  0  3  2.210052e-01  1.000000e-07
 87  86  0  0  0  3  2.208679e-01  1.000000e-07
 17  78  0  0  0  3  2.675117e-01  1.000000e-07
 83  76  0  0  0  3  2.524389e-01  1.000000e-07
 17  82  0  0  0  3  1.937540e-01  1.000000e-07
 55  21  0  0  0  3  2.195107e-01  1.000000e-07
 44  53  0  0  0  3  2.142963e-01  1.000000e-07
 74  19  0  0  0  3  2.860333e-01  1.000000e-07
 8  74  0  0  0  3  2.081631e-01  1.000000e-07
 67  75  0  0  0  3  2.367818e-01  1.000000e-07
 11  83  0  0  0  3  2.875936e-01  1.000000e-07
 52  76  0  0  0  3  2.554553e-01  1.000000e-07
 15  82  0  0  0  3  1.143442e-01  1.000000e-07
 85  21  0  0  0  3  2.254941e-01  1.000000e-07
 8  80  0  0  0  3  1.756650e-01  1.000000e-07
 81  20  1  0  0  3  3.523251e-01  1.000000e-07
 18  64  0  0  0  3  2.524553e-01  1.000000e-07
 60  23  0  0  0  3  1.561335e-01  1.000000e-07
 38  58  0  0  0  3  2.478413e-01  1.000000e-07
 69  86  0 -1  0  3  3.366498e-01  1.000000e-07
 44  77  0  0  0  3  2.744118e-01  1.000000e-07
 73  76  1  0  0  3  2.348344e-01  1.000000e-07
 42  68  1  0  0  3  3.331528e-01  1.000000e-07
 88  86  0  0  0  3  2.355988e-01  1.000000e-07
 15  84  0  0  0  3  1.973980e-01  1.000000e-07
 89  86  0  0  0  3  3.432213e-01  1.000000e-07
 17  58  0  0  0  3  3.133030e-01  1.000000e-07
 69  86  0 -1  0  3  3.129538e-01  1.000000e-07
 8  74  0  0  0  3  1.394094e-01  1.000000e-07
 79  19  0  0  0  3  3.029993e-01  1.000000e-07
 9  65 -1  0  0  3  3.229474e-01  1.000000e-07
 59  24  0  0  0  3  2.265809e-01  1.000000e-07
 42  54  0  1  0  3  3.827218e-01  1.000000e-07
 71  76  1  0  0  3  2.556882e-01  1.000000e-07
 38  64  0  0  0  3  1.440331e-01  1.000000e-07
 55  23  0  0  0  3  1.155651e-01  1.000000e-07
 44  67  0  0  0  3  2.583087e-01  1.000000e-07
 57  75  0  0  0  3  1.804412e-01  1.000000e-07
 13  78  1  0  0  3  3.849053e-01  1.000000e-07
 52  76  0  0  0  3  1.997280e-01  1.000000e-07
 2  71  0  0  0  2  1.352842e-01  2.000000e-07
 2  5  0  0  0  2  2.165887e-01  2.000000e-07
 2  73  0  0  0  2  1.415412e-01  2.000000e-07
 2  53  0  0  0  2  2.434309e-01  2.000000e-07
 2  6  0  0  0  2  1.158442e-01  2.000000e-07
 2  72  0  0  0  2  1.313533e-01  2.000000e-07
 2  4  0  0  0  2  9.623858e-02  2.000000e-07
 2  57  0  0  0  2  1.182391e-02  2.000000e-07
 2  7  0  0  0  2  2.559253e-01  2.000000e-07
 2  3  0  0  0  2  7.709252e-02  2.000000e-07
 80  64  0  0  0  2  4.445241e-01  2.000000e-07
 80  81  0  0  0  2  9.690115e-02  2.000000e-07
 80  49  1  0  0  2  3.329286e-01  2.000000e-07
 80  73  0  0  0  2  3.865715e-01  2.000000e-07
 80  53  0  0  0  2  1.630638e-01  2.000000e-07
 80  87  1  0  0  2  4.012037e-01  2.000000e-07
 80  78  1  0  0  2  4.400609e-01  2.000000e-07
 80  65  0  0  0  2  1.314216e-01  2.000000e-07
 80  66  0  0  0  2  3.036556e-01  2.000000e-07
 80  67  0  0  0  2  3.252898e-01  2.000000e-07
 80  83  1  0  0  2  3.864380e-01  2.000000e-07
 80  88  1  0  0  2  2.530907e-01  2.000000e-07
 80  0  0  0  0  2  2.022727e-01  2.000000e-07
 80  48  1  0  0  2  2.381257e-01  2.000000e-07
 80  62  0  0  0  2  1.338666e-01  2.000000e-07
 51  52  0  0  0  2  1.435285e-01  2.000000e-07
 51  63  0  0  0  2  3.062181e-01  2.000000e-07
 51  81 -1  0  0  2  2.602348e-01  2.000000e-07
 51  49  0  0  0  2  9.083517e-02  2.000000e-07
 51  53 -1  0  0  2  2.862584e-01  2.000000e-07
 51  59 -1  0  0  2  4.475528e-01  2.000000e-07
 51  82  0  0  0  2  2.825063e-01  2.000000e-07
 51  55  0  0  0  2  4.349708e-01  2.000000e-07
 51  89  0  0  0  2  1.488613e-01  2.000000e-07
 51  47  0  0  0  2  1.195168e-01  2.000000e-07
 51  68  0  0  0  2  2.374115e-01  2.000000e-07
 51  62 -1  0  0  2  4.139529e-01  2.000000e-07
 51  50  0  0  0  2  2.567424e-01  2.000000e-07
 51  85  0  0  0  2  2.970666e-01  2.000000e-07
 71  64  0  0  0  2  3.666014e-01  2.000000e-07
 71  46  0  0  0  2  7.199449e-02  2.000000e-07
 71  59  0 -1  0  2  3.592583e-01  2.000000e-07
 71  87  1 -1  0  2  4.165454e-01  2.000000e-07
 71  72  0  0  0  2  9.495784e-02  2.000000e-07
 71  45  0  0  0  2  7.514880e-02  2.000000e-07
 71  66  0 -1  0  2  3.751051e-01  2.000000e-07
 71  56  0  0  0  2  2.525213e-01  2.000000e-07
 71  68  1 -1  0  2  4.163992e-01  2.000000e-07
 71  77  0  0  0  2  1.988355e-01  2.000000e-07
 71  69  0  0  0  2  4.342460e-01  2.000000e-07
 71  58  0  0  0  2  4.885244e-01  2.000000e-07
 71  58  1  0  0  2  5.304571e-01  2.000000e-07
 71  62  0 -1  0  2  4.576310e-01  2.000000e-07
 71  50  1 -1  0  2  4.618391e-01  2.000000e-07
 71  7  0  0  0  2  2.282772e-01  2.000000e-07
 71  3  0  0  0  2  2.122862e-01  2.000000e-07
 5  63  0 -1  0  2  4.007929e-01  2.000000e-07
 5  6  0  0  0  2  1.464244e-01  2.000000e-07
 5  4  0  0  0  2  1.217234e-01  2.000000e-07
 5  55  0  0  0  2  2.466562e-01  2.000000e-07
 5  56  0  0  0  2  2.196466e-01  2.000000e-07
 5  58  0  0  0  2  2.331890e-01  2.000000e-07
 5  70  0  0  0  2  1.287103e-01  2.000000e-07
 5  60  0  0  0  2  3.156036e-01  2.000000e-07
 5  7  0  0  0  2  1.187159e-01  2.000000e-07
 5  3  0  0  0  2  2.250765e-01  2.000000e-07
 52  64  0  0  0  2  4.286727e-01  2.000000e-07
 52  81 -1  0  0  2  2.391798e-01  2.000000e-07
 52  46 -1  0  0  2  3.304352e-01  2.000000e-07
 52  49  0  0  0  2  2.339457e-01  2.000000e-07
 52  82  0  0  0  2  2.950925e-01  2.000000e-07
 52  72 -1  0  0  2  3.118883e-01  2.000000e-07
 52  55  0  0  0  2  3.462225e-01  2.000000e-07
 52  83  0  0  0  2  7.001827e-02  2.000000e-07
 52  88  0  0  0  2  3.050060e-01  2.000000e-07
 52  47  0  0  0  2  6.537606e-02  2.000000e-07
 52  84  0  0  0  2  3.030976e-01  2.000000e-07
 52  77 -1  0  0  2  2.556546e-01  2.000000e-07
 52  58  0  0  0  2  4.746764e-01  2.000000e-07
 63  49  0  0  0  2  2.168904e-01  2.000000e-07
 63  73 -1  1  0  2  5.253923e-01  2.000000e-07
 63  1  0  0  0  2  2.995063e-01  2.000000e-07
 63  87  0  0  0  2  1.229514e-01  2.000000e-07
 63  72 -1  1  0  2  5.341025e-01  2.000000e-07
 63  61  0  0  0  2  3.560171e-01  2.000000e-07
 63  55  0  1  0  2  3.763906e-01  2.000000e-07
 63  79  0  0  0  2  4.591260e-01  2.000000e-07
 63  89  0  0  0  2  3.370349e-01  2.000000e-07
 63  68  0  0  0  2  1.676618e-01  2.000000e-07
 63  84  0  0  0  2  1.886400e-01  2.000000e-07
 63  69  0  1  0  2  2.502395e-01  2.000000e-07
 63  58  0  1  0  2  2.067584e-01  2.000000e-07
 63  62  0  0  0  2  4.926122e-01  2.000000e-07
 63  50  0  0  0  2  8.565359e-02  2.000000e-07
 63  70  0  1  0  2  3.166006e-01  2.000000e-07
 63  85  0  0  0  2  3.826186e-01  2.000000e-07
 63  7  0  1  0  2  4.146870e-01  2.000000e-07
 64  81  0  0  0  2  4.302907e-01  2.000000e-07
 64  1  0  0  0  2  3.275335e-01  2.000000e-07
 64  82  0  0  0  2  2.175575e-01  2.000000e-07
 64  45  0  0  0  2  3.591412e-01  2.000000e-07
 64  66  0 -1  0  2  4.847592e-01  2.000000e-07
 64  67  0  0  0  2  1.899692e-01  2.000000e-07
 64  55  0  0  0  2  1.607271e-01  2.000000e-07
 64  83  0  0  0  2  3.586586e-01  2.000000e-07
 64  56  0  0  0  2  1.436070e-01  2.000000e-07
 64  0  0  0  0  2  3.980633e-01  2.000000e-07
 64  77  0  0  0  2  3.647925e-01  2.000000e-07
 64  69  0  0  0  2  2.572025e-01  2.000000e-07
 64  58  0  0  0  2  2.976498e-01  2.000000e-07
 64  74  0  0  0  2  2.609349e-01  2.000000e-07
 64  62  0  0  0  2  4.537564e-01  2.000000e-07
 81  46  0  0  0  2  3.253781e-01  2.000000e-07
 81  49  1  0  0  2  3.174488e-01  2.000000e-07
 81  53  0  0  0  2  7.138028e-02  2.000000e-07
 81  78  1  0  0  2  3.431727e-01  2.000000e-07
 81  45  0  0  0  2  3.082957e-01  2.000000e-07
 81  67  0  0  0  2  2.777857e-01  2.000000e-07
 81  83  1  0  0  2  3.091974e-01  2.000000e-07
 81  56  0  0  0  2  3.089050e-01  2.000000e-07
 81  88  1  0  0  2  2.769414e-01  2.000000e-07
 81  47  1  0  0  2  1.826217e-01  2.000000e-07
 81  0  0  0  0  2  2.825493e-01  2.000000e-07
 81  74  0  0  0  2  1.796107e-01  2.000000e-07
 81  62  0  0  0  2  2.275782e-01  2.000000e-07
 46  87  1 -1  0  2  4.260584e-01  2.000000e-07
 46  54  0  0  0  2  8.851594e-02  2.000000e-07
 46  72  0  0  0  2  3.071308e-02  2.000000e-07
 46  78  1  0  0  2  1.660214e-01  2.000000e-07
 46  45  0  0  0  2  3.298377e-02  2.000000e-07
 46  66  0 -1  0  2  4.467875e-01  2.000000e-07
 46  83  1  0  0  2  3.633452e-01  2.000000e-07
 46  88  1 -1  0  2  4.811549e-01  2.000000e-07
 46  77  0  0  0  2  1.415872e-01  2.000000e-07
 46  58  1  0  0  2  4.989977e-01  2.000000e-07
 49  87  0  0  0  2  1.877562e-01  2.000000e-07
 49  88  0  0  0  2  1.339480e-01  2.000000e-07
 49  68  0  0  0  2  1.589453e-01  2.000000e-07
 49  84  0  0  0  2  1.435549e-01  2.000000e-07
 49  62 -1  0  0  2  4.269110e-01  2.000000e-07
 49  50  0  0  0  2  1.665641e-01  2.000000e-07
 49  85  0  0  0  2  3.068117e-01  2.000000e-07
 73  53  0  0  0  2  2.260989e-01  2.000000e-07
 73  54  0  0  0  2  1.158686e-01  2.000000e-07
 73  6  0  0  0  2  1.866611e-01  2.000000e-07
 73  72  0  0  0  2  1.022366e-02  2.000000e-07
 73  78  1  0  0  2  1.586087e-01  2.000000e-07
 73  67  0  0  0  2  2.097408e-01  2.000000e-07
 73  55  1  0  0  2  4.794844e-01  2.000000e-07
 73  89  1  0  0  2  4.790070e-01  2.000000e-07
 73  47  1  0  0  2  3.139169e-01  2.000000e-07
 73  68  1 -1  0  2  4.572229e-01  2.000000e-07
 73  57  0  0  0  2  1.352814e-01  2.000000e-07
 73  48  1  0  0  2  3.225096e-01  2.000000e-07
 73  70  1  0  0  2  5.783357e-01  2.000000e-07
 73  7  0  0  0  2  3.212167e-01  2.000000e-07
 53  59  0  0  0  2  3.741197e-01  2.000000e-07
 53  72  0  0  0  2  2.236137e-01  2.000000e-07
 53  65  0  0  0  2  2.940372e-01  2.000000e-07
 53  67  0  0  0  2  2.278595e-01  2.000000e-07
 53  79  0  0  0  2  2.890325e-01  2.000000e-07
 53  47  1  0  0  2  1.843611e-01  2.000000e-07
 53  57  0  0  0  2  2.317916e-01  2.000000e-07
 53  77  0  0  0  2  1.131329e-01  2.000000e-07
 53  48  1  0  0  2  1.784592e-01  2.000000e-07
 53  74  0  0  0  2  1.739280e-01  2.000000e-07
 53  62  0  0  0  2  2.858504e-01  2.000000e-07
 53  60  0  0  0  2  2.816975e-01  2.000000e-07
 53  3  0  0  0  2  2.372713e-01  2.000000e-07
 1  87  0  0  0  2  3.878328e-01  2.000000e-07
 1  82  0  0  0  2  1.481822e-01  2.000000e-07
 1  61  0  0  0  2  1.993988e-01  2.000000e-07
 1  66  0  0  0  2  2.705603e-01  2.000000e-07
 1  67  0  0  0  2  3.984961e-01  2.000000e-07
 1  83  0  0  0  2  3.482138e-01  2.000000e-07
 1  88  0  0  0  2  4.250627e-01  2.000000e-07
 1  68  0  0  0  2  4.007864e-01  2.000000e-07
 1  0  0  0  0  2  1.956313e-01  2.000000e-07
 1  84  0  0  0  2  1.592358e-01  2.000000e-07
 1  69  0  0  0  2  5.624681e-01  2.000000e-07
 1  69  0  1  0  2  4.411009e-01  2.000000e-07
 1  70  0  0  0  2  5.122687e-01  2.000000e-07
 1  70  0  1  0  2  4.877625e-01  2.000000e-07
 1  85  0  0  0  2  1.225754e-01  2.000000e-07
 1  60  0  0  0  2  2.524119e-01  2.000000e-07
 59  54  0  1  0  2  3.392540e-01  2.000000e-07
 59  6  0  1  0  2  3.326310e-01  2.000000e-07
 59  61  0  0  0  2  1.377041e-01  2.000000e-07
 59  65  0  0  0  2  8.177921e-02  2.000000e-07
 59  79  0  0  0  2  2.796018e-01  2.000000e-07
 59  47  1  0  0  2  4.444342e-01  2.000000e-07
 59  68  1  0  0  2  3.679278e-01  2.000000e-07
 59  48  1  0  0  2  4.255751e-01  2.000000e-07
 59  74  0  0  0  2  3.256018e-01  2.000000e-07
 59  62  0  0  0  2  1.006663e-01  2.000000e-07
 59  50  1  0  0  2  4.496099e-01  2.000000e-07
 59  7  0  1  0  2  2.243523e-01  2.000000e-07
 87  54 -1  1  0  2  4.005793e-01  2.000000e-07
 87  78  0  1  0  2  3.777768e-01  2.000000e-07
 87  66 -1  0  0  2  5.175421e-01  2.000000e-07
 87  66  0  0  0  2  4.839191e-01  2.000000e-07
 87  88  0  0  0  2  1.522423e-01  2.000000e-07
 87  68  0  0  0  2  5.529833e-02  2.000000e-07
 87  84  0  0  0  2  2.430925e-01  2.000000e-07
 87  69  0  1  0  2  3.367012e-01  2.000000e-07
 87  58  0  1  0  2  2.842974e-01  2.000000e-07
 87  62 -1  0  0  2  4.427628e-01  2.000000e-07
 87  50  0  0  0  2  4.644279e-02  2.000000e-07
 87  70  0  1  0  2  4.028831e-01  2.000000e-07
 82  55  0  0  0  2  2.678407e-01  2.000000e-07
 82  79  0  0  0  2  2.192768e-01  2.000000e-07
 82  83  0  0  0  2  2.351271e-01  2.000000e-07
 82  56  0  0  0  2  3.105457e-01  2.000000e-07
 82  89  0  0  0  2  1.347773e-01  2.000000e-07
 82  0  0  0  0  2  3.100227e-01  2.000000e-07
 82  84  0  0  0  2  2.083688e-01  2.000000e-07
 82  74  0  0  0  2  3.097326e-01  2.000000e-07
 82  62  0  0  0  2  3.956501e-01  2.000000e-07
 82  85  0  0  0  2  2.894781e-02  2.000000e-07
 54  6  0  0  0  2  1.115893e-01  2.000000e-07
 54  78  1  0  0  2  2.325730e-01  2.000000e-07
 54  65  0 -1  0  2  3.964638e-01  2.000000e-07
 54  45  0  0  0  2  9.582978e-02  2.000000e-07
 54  66  0 -1  0  2  3.587281e-01  2.000000e-07
 54  67  0  0  0  2  2.374965e-01  2.000000e-07
 54  4  0  0  0  2  1.638703e-01  2.000000e-07
 54  88  1 -1  0  2  4.289014e-01  2.000000e-07
 54  68  1 -1  0  2  3.985940e-01  2.000000e-07
 54  57  0  0  0  2  1.563704e-01  2.000000e-07
 54  69  0  0  0  2  4.329932e-01  2.000000e-07
 6  72  0  0  0  2  1.793116e-01  2.000000e-07
 6  65  0 -1  0  2  4.047634e-01  2.000000e-07
 6  66  0 -1  0  2  3.150394e-01  2.000000e-07
 6  4  0  0  0  2  6.134376e-02  2.000000e-07
 6  68  1 -1  0  2  4.853994e-01  2.000000e-07
 6  57  0  0  0  2  1.260679e-01  2.000000e-07
 6  69  0  0  0  2  3.249105e-01  2.000000e-07
 6  70  0  0  0  2  2.727573e-01  2.000000e-07
 6  7  0  0  0  2  1.443916e-01  2.000000e-07
 72  55  1  0  0  2  4.894953e-01  2.000000e-07
 72  56  0  0  0  2  2.433323e-01  2.000000e-07
 72  47  1  0  0  2  3.175747e-01  2.000000e-07
 72  68  1 -1  0  2  4.638817e-01  2.000000e-07
 72  58  1  0  0  2  5.136421e-01  2.000000e-07
 72  74  0  0  0  2  3.016190e-01  2.000000e-07
 72  50  1 -1  0  2  4.957857e-01  2.000000e-07
 72  7  0  0  0  2  3.154962e-01  2.000000e-07
 72  3  0  0  0  2  1.977623e-01  2.000000e-07
 61  65  0  0  0  2  1.756680e-01  2.000000e-07
 61  66  0  0  0  2  8.233502e-02  2.000000e-07
 61  79  0  0  0  2  2.022055e-01  2.000000e-07
 61  89  0  0  0  2  4.112115e-01  2.000000e-07
 61  0  0  0  0  2  8.299034e-02  2.000000e-07
 61  69  0  1  0  2  3.677634e-01  2.000000e-07
 61  62  0  0  0  2  1.371940e-01  2.000000e-07
 61  70  0  1  0  2  3.900109e-01  2.000000e-07
 61  85  0  0  0  2  3.092794e-01  2.000000e-07
 61  60  0  0  0  2  3.343016e-01  2.000000e-07
 61  7  0  1  0  2  2.586095e-01  2.000000e-07
 78  45 -1  0  0  2  1.917911e-01  2.000000e-07
 78  67 -1  0  0  2  3.606116e-01  2.000000e-07
 78  55  0  0  0  2  3.208767e-01  2.000000e-07
 78  83  0  0  0  2  2.317695e-01  2.000000e-07
 78  89  0  0  0  2  3.685958e-01  2.000000e-07
 78  68  0 -1  0  2  4.071496e-01  2.000000e-07
 78  58  0  0  0  2  3.597107e-01  2.000000e-07
 78  70  0  0  0  2  4.237015e-01  2.000000e-07
 65  66  0  0  0  2  1.850026e-01  2.000000e-07
 65  67  0  0  0  2  4.258888e-01  2.000000e-07
 65  79  0  0  0  2  2.494154e-01  2.000000e-07
 65  88  1  0  0  2  2.648520e-01  2.000000e-07
 65  68  1  0  0  2  3.362109e-01  2.000000e-07
 65  0  0  0  0  2  1.480694e-01  2.000000e-07
 65  48  1  0  0  2  3.469539e-01  2.000000e-07
 65  60  0  0  0  2  3.600972e-01  2.000000e-07
 65  7  0  1  0  2  3.050022e-01  2.000000e-07
 45  66  0 -1  0  2  4.464748e-01  2.000000e-07
 45  67  0  0  0  2  1.853184e-01  2.000000e-07
 45  83  1  0  0  2  3.755357e-01  2.000000e-07
 45  56  0  0  0  2  2.270659e-01  2.000000e-07
 45  77  0  0  0  2  1.240914e-01  2.000000e-07
 66  67  0  1  0  2  4.839007e-01  2.000000e-07
 66  88  1  0  0  2  4.270775e-01  2.000000e-07
 66  0  0  0  0  2  1.555329e-01  2.000000e-07
 66  84  0  0  0  2  3.617874e-01  2.000000e-07
 66  69  0  1  0  2  3.169301e-01  2.000000e-07
 66  58  0  1  0  2  3.414246e-01  2.000000e-07
 66  62  0  0  0  2  1.709833e-01  2.000000e-07
 66  70  0  1  0  2  3.280995e-01  2.000000e-07
 66  7  0  1  0  2  1.765402e-01  2.000000e-07
 67  4  0  0  0  2  1.386743e-01  2.000000e-07
 67  57  0  0  0  2  8.265002e-02  2.000000e-07
 67  0  0  0  0  2  3.708427e-01  2.000000e-07
 67  77  0  0  0  2  1.753897e-01  2.000000e-07
 67  69  0  0  0  2  3.785410e-01  2.000000e-07
 67  70  0  0  0  2  3.120874e-01  2.000000e-07
 67  60  0  0  0  2  1.469896e-01  2.000000e-07
 4  57  0  0  0  2  1.080623e-01  2.000000e-07
 4  69  0  0  0  2  2.947146e-01  2.000000e-07
 4  70  0  0  0  2  2.357980e-01  2.000000e-07
 4  60  0  0  0  2  2.605206e-01  2.000000e-07
 4  3  0  0  0  2  1.269014e-01  2.000000e-07
 55  83  0  0  0  2  2.820806e-01  2.000000e-07
 55  56  0  0  0  2  2.965877e-01  2.000000e-07
 55  89  0  0  0  2  3.181617e-01  2.000000e-07
 55  58  0  0  0  2  1.776800e-01  2.000000e-07
 55  50  0 -1  0  2  4.273931e-01  2.000000e-07
 55  70  0  0  0  2  1.400001e-01  2.000000e-07
 55  85  0  0  0  2  2.899701e-01  2.000000e-07
 55  60  0  0  0  2  3.014900e-01  2.000000e-07
 55  3  0  0  0  2  3.352783e-01  2.000000e-07
 79  56  0  0  0  2  2.422600e-01  2.000000e-07
 79  84  0  0  0  2  3.287858e-01  2.000000e-07
 79  74  0  0  0  2  1.252767e-01  2.000000e-07
 79  62  0  0  0  2  1.933036e-01  2.000000e-07
 79  85  0  0  0  2  1.936242e-01  2.000000e-07
 79  60  0  0  0  2  1.322461e-01  2.000000e-07
 83  88  0  0  0  2  3.453634e-01  2.000000e-07
 83  89  0  0  0  2  1.386077e-01  2.000000e-07
 83  84  0  0  0  2  2.845157e-01  2.000000e-07
 83  48  0  0  0  2  1.496125e-01  2.000000e-07
 83  69  0  0  0  2  4.311943e-01  2.000000e-07
 83  58  0  0  0  2  4.222345e-01  2.000000e-07
 83  70  0  0  0  2  4.215646e-01  2.000000e-07
 83  60  0  0  0  2  4.276281e-01  2.000000e-07
 56  77  0  0  0  2  2.212802e-01  2.000000e-07
 56  58  0  0  0  2  3.963303e-01  2.000000e-07
 56  74  0  0  0  2  1.698765e-01  2.000000e-07
 56  62  0  0  0  2  3.930345e-01  2.000000e-07
 56  85  0  0  0  2  3.052043e-01  2.000000e-07
 56  60  0  0  0  2  1.188159e-01  2.000000e-07
 56  7  0  0  0  2  3.057963e-01  2.000000e-07
 56  3  0  0  0  2  4.568976e-02  2.000000e-07
 88  89  0  0  0  2  3.122509e-01  2.000000e-07
 88  68  0  0  0  2  9.744498e-02  2.000000e-07
 88  84  0  0  0  2  2.659517e-01  2.000000e-07
 88  48  0  0  0  2  2.367180e-01  2.000000e-07
 88  62 -1  0  0  2  3.164045e-01  2.000000e-07
 89  1  0  0  0  2  2.137492e-01  2.000000e-07
 89  47  0  0  0  2  2.101253e-01  2.000000e-07
 89  68  0  0  0  2  3.397451e-01  2.000000e-07
 89  48  0  0  0  2  2.187931e-01  2.000000e-07
 89  85  0  0  0  2  1.525163e-01  2.000000e-07
 89  60  0  0  0  2  3.484240e-01  2.000000e-07
 47  77 -1  0  0  2  2.407041e-01  2.000000e-07
 47  48  0  0  0  2  1.940793e-02  2.000000e-07
 47  62 -1  0  0  2  3.857927e-01  2.000000e-07
 68  48  0  0  0  2  3.194560e-01  2.000000e-07
 68  69  0  1  0  2  3.917595e-01  2.000000e-07
 68  62 -1  0  0  2  3.919454e-01  2.000000e-07
 68  50  0  0  0  2  8.217265e-02  2.000000e-07
 68  70  0  1  0  2  4.580480e-01  2.000000e-07
 68  7 -1  1  0  2  4.857007e-01  2.000000e-07
 57  60  0  0  0  2  2.295820e-01  2.000000e-07
 57  3  0  0  0  2  7.720867e-02  2.000000e-07
 0  84  0  0  0  2  3.399706e-01  2.000000e-07
 0  62  0  0  0  2  9.247229e-02  2.000000e-07
 0  60  0  0  0  2  2.626830e-01  2.000000e-07
 84  69  0  1  0  2  4.049912e-01  2.000000e-07
 84  58  0  1  0  2  3.747169e-01  2.000000e-07
 84  62  0  0  0  2  4.308990e-01  2.000000e-07
 84  50  0  0  0  2  2.001574e-01  2.000000e-07
 84  85  0  0  0  2  2.026477e-01  2.000000e-07
 77  74  0  0  0  2  2.143468e-01  2.000000e-07
 48  78  0  0  0  2  2.821878e-01  2.000000e-07
 48  67 -1  0  0  2  4.003285e-01  2.000000e-07
 69  58  0  0  0  2  5.511367e-02  2.000000e-07
 69  70  0  0  0  2  6.689521e-02  2.000000e-07
 58  62  0 -1  0  2  5.091276e-01  2.000000e-07
 58  50  0 -1  0  2  2.719236e-01  2.000000e-07
 58  7  0  0  0  2  2.974429e-01  2.000000e-07
 74  62  0  0  0  2  2.251234e-01  2.000000e-07
 74  60  0  0  0  2  1.206817e-01  2.000000e-07
 74  3  0  0  0  2  1.745797e-01  2.000000e-07
 62  50  1  0  0  2  4.734788e-01  2.000000e-07
 62  7  0  1  0  2  3.189579e-01  2.000000e-07
 70  85  0  0  0  2  3.970217e-01  2.000000e-07
 70  60  0  0  0  2  3.364570e-01  2.000000e-07
 70  7  0  0  0  2  2.243679e-01  2.000000e-07
 85  60  0  0  0  2  2.016044e-01  2.000000e-07
 60  3  0  0  0  2  1.538965e-01  2.000000e-07
 7  3  0  0  0  2  2.955270e-01  2.000000e-07
 2  71  0  0  0  1  1.352842e-01  3.000000e-07
 2  6  0  0  0  1  1.158442e-01  3.000000e-07
 2  4  0  0  0  1  9.623858e-02  3.000000e-07
 2  3  0  0  0  1  7.709252e-02  3.000000e-07
 80  81  0  0  0  1  9.690115e-02  3.000000e-07
 80  65  0  0  0  1  1.314216e-01  3.000000e-07
 80  88  1  0  0  1  2.530907e-01  3.000000e-07
 80  74  0  0  0  1  1.841151e-01  3.000000e-07
 80  62  0  0  0  1  1.338666e-01  3.000000e-07
 51  52  0  0  0  1  1.435285e-01  3.000000e-07
 51  49  0  0  0  1  9.083517e-02  3.000000e-07
 51  83  0  0  0  1  1.683943e-01  3.000000e-07
 51  89  0  0  0  1  1.488613e-01  3.000000e-07
 51  47  0  0  0  1  1.195168e-01  3.000000e-07
 51  48  0  0  0  1  1.144839e-01  3.000000e-07
 71  46  0  0  0  1  7.199449e-02  3.000000e-07
 71  6  0  0  0  1  1.097084e-01  3.000000e-07
 71  45  0  0  0  1  7.514880e-02  3.000000e-07
 5  64  0  0  0  1  2.135848e-01  3.000000e-07
 5  6  0  0  0  1  1.464244e-01  3.000000e-07
 5  4  0  0  0  1  1.217234e-01  3.000000e-07
 5  69  0  0  0  1  1.785271e-01  3.000000e-07
 5  70  0  0  0  1  1.287103e-01  3.000000e-07
 5  7  0  0  0  1  1.187159e-01  3.000000e-07
 52  78  0  0  0  1  2.266120e-01  3.000000e-07
 52  83  0  0  0  1  7.001827e-02  3.000000e-07
 52  77 -1  0  0  1  2.556546e-01  3.000000e-07
 63  1  0  0  0  1  2.995063e-01  3.000000e-07
 63  87  0  0  0  1  1.229514e-01  3.000000e-07
 63  61  0  0  0  1  3.560171e-01  3.000000e-07
 63  66  0  0  0  1  3.612563e-01  3.000000e-07
 63  84  0  0  0  1  1.886400e-01  3.000000e-07
 63  58  0  1  0  1  2.067584e-01  3.000000e-07
 63  50  0  0  0  1  8.565359e-02  3.000000e-07
 64  82  0  0  0  1  2.175575e-01  3.000000e-07
 64  4  0  0  0  1  2.189612e-01  3.000000e-07
 64  55  0  0  0  1  1.607271e-01  3.000000e-07
 64  56  0  0  0  1  1.436070e-01  3.000000e-07
 64  70  0  0  0  1  1.962825e-01  3.000000e-07
 64  85  0  0  0  1  2.249003e-01  3.000000e-07
 64  60  0  0  0  1  1.465892e-01  3.000000e-07
 81  53  0  0  0  1  7.138028e-02  3.000000e-07
 81  88  1  0  0  1  2.769414e-01  3.000000e-07
 81  48  1  0  0  1  1.699721e-01  3.000000e-07
 81  74  0  0  0  1  1.796107e-01  3.000000e-07
 46  54  0  0  0  1  8.851594e-02  3.000000e-07
 46  78  1  0  0  1  1.660214e-01  3.000000e-07
 49  88  0  0  0  1  1.339480e-01  3.000000e-07
 49  89  0  0  0  1  1.839875e-01  3.000000e-07
 49  68  0  0  0  1  1.589453e-01  3.000000e-07
 49  84  0  0  0  1  1.435549e-01  3.000000e-07
 49  50  0  0  0  1  1.665641e-01  3.000000e-07
 73  78  1  0  0  1  1.586087e-01  3.000000e-07
 73  77  0  0  0  1  1.142957e-01  3.000000e-07
 53  47  1  0  0  1  1.843611e-01  3.000000e-07
 53  77  0  0  0  1  1.131329e-01  3.000000e-07
 53  48  1  0  0  1  1.784592e-01  3.000000e-07
 53  74  0  0  0  1  1.739280e-01  3.000000e-07
 1  79  0  0  0  1  1.703572e-01  3.000000e-07
 1  0  0  0  0  1  1.956313e-01  3.000000e-07
 1  84  0  0  0  1  1.592358e-01  3.000000e-07
 1  85  0  0  0  1  1.225754e-01  3.000000e-07
 59  61  0  0  0  1  1.377041e-01  3.000000e-07
 59  65  0  0  0  1  8.177921e-02  3.000000e-07
 59  66  0  0  0  1  1.147095e-01  3.000000e-07
 59  68  1  0  0  1  3.679278e-01  3.000000e-07
 59  62  0  0  0  1  1.006663e-01  3.000000e-07
 59  7  0  1  0  1  2.243523e-01  3.000000e-07
 87  54 -1  1  0  1  4.005793e-01  3.000000e-07
 87  78  0  1  0  1  3.777768e-01  3.000000e-07
 87  68  0  0  0  1  5.529833e-02  3.000000e-07
 87  58  0  1  0  1  2.842974e-01  3.000000e-07
 82  55  0  0  0  1  2.678407e-01  3.000000e-07
 82  83  0  0  0  1  2.351271e-01  3.000000e-07
 82  89  0  0  0  1  1.347773e-01  3.000000e-07
 54  6  0  0  0  1  1.115893e-01  3.000000e-07
 54  78  1  0  0  1  2.325730e-01  3.000000e-07
 54  68  1 -1  0  1  3.985940e-01  3.000000e-07
 54  7  0  0  0  1  2.179551e-01  3.000000e-07
 6  4  0  0  0  1  6.134376e-02  3.000000e-07
 6  7  0  0  0  1  1.443916e-01  3.000000e-07
 72  77  0  0  0  1  1.109580e-01  3.000000e-07
 61  66  0  0  0  1  8.233502e-02  3.000000e-07
 61  0  0  0  0  1  8.299034e-02  3.000000e-07
 61  62  0  0  0  1  1.371940e-01  3.000000e-07
 78  55  0  0  0  1  3.208767e-01  3.000000e-07
 78  83  0  0  0  1  2.317695e-01  3.000000e-07
 78  58  0  0  0  1  3.597107e-01  3.000000e-07
 65  88  1  0  0  1  2.648520e-01  3.000000e-07
 65  62  0  0  0  1  5.791992e-02  3.000000e-07
 45  57  0  0  0  1  1.065220e-01  3.000000e-07
 45  77  0  0  0  1  1.240914e-01  3.000000e-07
 66  69  0  1  0  1  3.169301e-01  3.000000e-07
 66  7  0  1  0  1  1.765402e-01  3.000000e-07
 67  57  0  0  0  1  8.265002e-02  3.000000e-07
 67  77  0  0  0  1  1.753897e-01  3.000000e-07
 67  74  0  0  0  1  1.628828e-01  3.000000e-07
 67  60  0  0  0  1  1.469896e-01  3.000000e-07
 4  56  0  0  0  1  1.434938e-01  3.000000e-07
 4  3  0  0  0  1  1.269014e-01  3.000000e-07
 55  83  0  0  0  1  2.820806e-01  3.000000e-07
 55  69  0  0  0  1  1.631689e-01  3.000000e-07
 55  58  0  0  0  1  1.776800e-01  3.000000e-07
 79  0  0  0  0  1  1.318842e-01  3.000000e-07
 79  74  0  0  0  1  1.252767e-01  3.000000e-07
 79  62  0  0  0  1  1.933036e-01  3.000000e-07
 79  85  0  0  0  1  1.936242e-01  3.000000e-07
 79  60  0  0  0  1  1.322461e-01  3.000000e-07
 83  89  0  0  0  1  1.386077e-01  3.000000e-07
 56  60  0  0  0  1  1.188159e-01  3.000000e-07
 88  68  0  0  0  1  9.744498e-02  3.000000e-07
 88  48  0  0  0  1  2.367180e-01  3.000000e-07
 89  84  0  0  0  1  1.558706e-01  3.000000e-07
 89  85  0  0  0  1  1.525163e-01  3.000000e-07
 47  77 -1  0  0  1  2.407041e-01  3.000000e-07
 0  62  0  0  0  1  9.247229e-02  3.000000e-07
 84  50  0  0  0  1  2.001574e-01  3.000000e-07
 84  85  0  0  0  1  2.026477e-01  3.000000e-07
 69  58  0  0  0  1  5.511367e-02  3.000000e-07
 69  70  0  0  0  1  6.689521e-02  3.000000e-07
 69  7  0  0  0  1  2.502669e-01  3.000000e-07
 58  66  0 -1  0  1  3.414246e-01  3.000000e-07
 74  62  0  0  0  1  2.251234e-01  3.000000e-07
 1.753458e-01  2.314802e-01  0
-1.316192e-02  1.791691e-01  0
 2.832513e-01 -2.015774e-01  0
 2.292180e-01 -1.465896e-01  0
 2.188192e-01 -2.730643e-01  0
 1.191233e-01 -3.429021e-01  0
 2.629866e-01 -3.156354e-01  0
 1.884283e-01 -4.392881e-01  0
 2.522269e-01  1.298863e-01  1.299305e-01
-4.053110e-01  2.481414e-01  1.917741e-01
 3.624445e-01 -1.188753e-02  3.109951e-01
-1.460525e-01  7.657790e-03  2.038366e-01
-3.631909e-01 -1.343456e-01  4.250989e-01
 4.003085e-01 -5.772727e-02  3.489255e-01
-7.445964e-02  3.864474e-01  3.082136e-01
-8.647907e-02  2.954303e-02  1.102271e-01
-2.386981e-01 -2.630319e-01 -4.370810e-01
-9.923505e-02 -1.092516e-01  1.918688e-01
 6.768774e-02  1.102276e-01  1.830493e-01
 2.890746e-01 -2.616899e-02 -2.823975e-01
-3.961984e-01  7.834023e-02 -2.605971e-01
-1.183639e-01 -5.501702e-02 -2.173749e-01
-2.979090e-01 -2.747121e-01 -3.184210e-01
 4.230800e-02 -1.700079e-01 -1.132086e-01
 1.680979e-01  3.643929e-01 -1.345493e-01
 2.085501e-01 -2.963628e-01 -2.384303e-01
-4.112786e-01  3.098779e-01 -2.711142e-01
 1.329714e-01 -2.451021e-01 -2.286028e-01
-2.324778e-01  2.804224e-01  3.803551e-01
-1.321573e-01 -1.788783e-01 -2.913820e-01
 1.342039e-01 -2.466704e-01 -3.376974e-01
-4.416866e-02 -5.787118e-02 -4.457937e-01
-1.833113e-01  3.810417e-01 -4.098088e-01
 2.202235e-01 -6.281335e-02 -4.196504e-01
 1.130567e-01 -3.499927e-01 -3.379048e-01
-3.769868e-01 -8.215214e-02 -3.524296e-01
-2.799405e-01 -2.836653e-01 -3.786644e-01
-8.222317e-03 -4.789463e-02  1.776114e-01
-9.672625e-03 -1.742855e-01  1.410962e-01
-3.499175e-01  2.653483e-01  2.777504e-01
 4.105211e-01  4.514071e-02  3.024838e-01
-3.312240e-01  3.951014e-01  3.556158e-01
 3.978455e-01  3.383485e-01  2.710131e-01
-1.176779e-01  2.858649e-01  2.484584e-01
 3.600485e-01  9.694408e-03  2.115724e-01
 3.905939e-01 -2.308275e-01  0
 4.183997e-01 -2.485693e-01  0
-4.084457e-01  4.475125e-02  0
-4.189985e-01  6.103948e-02  0
-3.081482e-01  2.261404e-01  0
-2.818147e-01  3.906096e-01  0
-3.357119e-01  1.395882e-01  0
-3.622136e-01 -1.472353e-03  0
 4.114503e-01  5.361346e-03  0
 3.741620e-01 -3.252380e-01  0
-9.699568e-02 -2.240245e-01  0
 1.854415e-01 -1.335064e-01  0
 2.911120e-01 -1.927449e-01  0
-1.065974e-01 -4.014449e-01  0
 2.702524e-01  3.518129e-01  0
 1.316817e-01 -2.754842e-02  0
 1.401666e-01  3.066455e-01  0
 2.656799e-01  2.512505e-01  0
-1.993516e-01  4.137696e-01  0
 4.219337e-02 -1.436528e-01  0
 3.142164e-01  2.828563e-01  0
 1.608616e-01  3.863373e-01  0
 2.319661e-01 -1.350146e-01  0
-3.625814e-01  3.754743e-01  0
-5.513008e-02 -3.817311e-01  0
-9.212044e-03 -3.330844e-01  0
 3.720383e-01 -3.036494e-01  0
 4.135432e-01 -2.182426e-01  0
 4.235335e-01 -2.204144e-01  0
 2.389651e-01  2.771780e-02  0
 2.522047e-01 -2.177418e-01 -1.477936e-01
-4.361369e-01 -2.425607e-01 -1.810580e-01
 4.051998e-01 -1.075987e-01  0
-4.178595e-01 -2.211460e-01  0
 1.399301e-01  1.044402e-01  0
 3.652127e-01  1.617324e-01  0
 4.117562e-01  7.674098e-02  0
-7.041485e-02  4.249398e-02  0
-2.959320e-01 -2.404004e-02  0
-1.646105e-01  2.283562e-01  0
-4.897242e-02  6.194129e-02  0
-2.848400e-01  4.317735e-01 -1.916549e-01
-3.223023e-01  4.133623e-01  0
-4.213504e-01  2.977458e-01  0
-2.007693e-01  7.673768e-02  0