 724  90  1.200000e-05  55 -2 -2
 16  79  0  0  0  3  2.342207e-01  1.000000e-07
 16  83  0  0  0  3  3.258261e-01  1.000000e-07
 16  22  0  0  0  3  2.711708e-01  1.000000e-07
 16  85  0  0  0  3  3.355244e-01  1.000000e-07
 16  21  0  0  1  3  3.338723e-01  1.000000e-07
 16  68  0  0  1  3  3.504254e-01  1.000000e-07
 16  72  0  0  1  3  1.785644e-01  1.000000e-07
 16  77  0 -1  1  3  3.772709e-01  1.000000e-07
 54  15  0  0  0  3  1.899862e-01  1.000000e-07
 54  18  0  0  0  3  1.498673e-01  1.000000e-07
 54  24  0  0  0  3  2.025529e-01  1.000000e-07
 54  20  0  0  0  3  2.837476e-01  1.000000e-07
 54  14  0  0  0  3  1.875847e-01  1.000000e-07
 54  17  0  0  0  3  2.383627e-01  1.000000e-07
 15  23  0  1  0  3  4.238318e-01  1.000000e-07
 15  83 -1  0  0  3  6.209610e-01  1.000000e-07
 15  14  0  0  0  3  3.270241e-01  1.000000e-07
 15  73  0  0  1  3  4.569304e-01  1.000000e-07
 18  19  0  0  0  3  3.594059e-01  1.000000e-07
 18  20  0  0  0  3  2.553145e-01  1.000000e-07
 18  83 -1  0  0  3  5.668903e-01  1.000000e-07
 18  84  0  0  0  3  2.444734e-01  1.000000e-07
 18  22  0  0  0  3  1.501936e-01  1.000000e-07
 18  78 -1  0  0  3  5.585801e-01  1.000000e-07
 18  21  0  0  1  3  4.625769e-01  1.000000e-07
 18  76 -1  0  1  3  5.502822e-01  1.000000e-07
 19  23  0  0  0  3  6.786677e-02  1.000000e-07
 19  75  0  0  0  3  3.960323e-01  1.000000e-07
 19  79  0  0  0  3  1.618485e-01  1.000000e-07
 19  83 -1  0  0  3  4.324541e-01  1.000000e-07
 19  22  0  0  0  3  2.828258e-01  1.000000e-07
 19  85 -1  0  0  3  3.929242e-01  1.000000e-07
 19  76 -1  0  1  3  4.997414e-01  1.000000e-07
 11  23  1  1  0  3  3.569439e-01  1.000000e-07
 11  75  0  1  0  3  4.492949e-01  1.000000e-07
 11  13  0  0  0  3  4.701351e-01  1.000000e-07
 11  84  0  0  0  3  5.915213e-01  1.000000e-07
 11  78  0  0  0  3  3.274357e-01  1.000000e-07
 23  83 -1  0  0  3  4.674902e-01  1.000000e-07
 23  84  0 -1  0  3  4.417030e-01  1.000000e-07
 23  78 -1 -1  0  3  5.095138e-01  1.000000e-07
 23  21  0  0  1  3  2.660327e-01  1.000000e-07
 23  12 -1 -1  1  3  5.708820e-01  1.000000e-07
 23  71  0 -1  1  3  4.884136e-01  1.000000e-07
 24  75  0  1  0  3  2.704930e-01  1.000000e-07
 24  79  0  1  0  3  3.819185e-01  1.000000e-07
 24  84  0  0  0  3  1.323736e-01  1.000000e-07
 75  84  0 -1  0  3  3.239726e-01  1.000000e-07
 75  17  0  0  0  3  3.862177e-01  1.000000e-07
 75  74  0 -1  1  3  4.557347e-01  1.000000e-07
 13  83  0  0  0  3  2.880960e-01  1.000000e-07
 13  78  0  0  0  3  2.090672e-01  1.000000e-07
 13  12  0  0  1  3  2.635182e-01  1.000000e-07
 13  80  0  0  1  3  2.897831e-01  1.000000e-07
 13  76  0  0  1  3  2.717944e-01  1.000000e-07
 13  69  0  0  1  3  4.039205e-01  1.000000e-07
 13  72  0  0  1  3  4.654675e-01  1.000000e-07
 13  77  0  0  1  3  2.849071e-01  1.000000e-07
 20  85  0  0  0  3  3.722714e-01  1.000000e-07
 20  17  0  0  0  3  1.360375e-01  1.000000e-07
 20  73  0  0  1  3  4.863482e-01  1.000000e-07
 79  84  0 -1  0  3  4.130518e-01  1.000000e-07
 79  22  0  0  0  3  3.219614e-01  1.000000e-07
 79  21  0  0  1  3  2.059392e-01  1.000000e-07
 79  74  0 -1  1  3  3.477134e-01  1.000000e-07
 79  3 -1 -1  1  3  5.741925e-01  1.000000e-07
 79  72  0  0  1  3  3.384355e-01  1.000000e-07
 83  14  1  0  0  3  5.977411e-01  1.000000e-07
 83  85  0  0  0  3  2.164141e-01  1.000000e-07
 84  74  0  0  1  3  3.594166e-01  1.000000e-07
 22  14  0  0  0  3  1.606710e-01  1.000000e-07
 22  17  0  0  0  3  1.187969e-01  1.000000e-07
 22  21  0  0  1  3  3.903932e-01  1.000000e-07
 22  68  0  0  1  3  4.469173e-01  1.000000e-07
 22  73  0  0  1  3  4.621423e-01  1.000000e-07
 14  85 -1  0  0  3  5.964366e-01  1.000000e-07
 78  85  0  1  0  3  4.779491e-01  1.000000e-07
 78  0  0  0  1  3  2.261632e-01  1.000000e-07
 78  12  0  0  1  3  1.578873e-01  1.000000e-07
 78  77  0  0  1  3  2.515659e-01  1.000000e-07
 78  73  1  0  1  3  4.509107e-01  1.000000e-07
 0  56  0  0  0  3  3.175758e-01  1.000000e-07
 0  3  0  0  0  3  2.340697e-01  1.000000e-07
 0  69  0  0  0  3  3.763860e-01  1.000000e-07
 0  70  1  0  0  3  5.426667e-01  1.000000e-07
 0  4  0  0  0  3  2.804944e-01  1.000000e-07
 0  77  0  0  0  3  2.807830e-01  1.000000e-07
 0  73  1  0  0  3  4.466427e-01  1.000000e-07
 21  68  0  0  0  3  3.096195e-01  1.000000e-07
 21  70  0  0  0  3  4.208069e-01  1.000000e-07
 21  72  0  0  0  3  3.495328e-01  1.000000e-07
 21  73  0  0  0  3  4.642203e-01  1.000000e-07
 7  74  0  0  0  3  2.446091e-01  1.000000e-07
 7  56  0  0  0  3  2.263802e-01  1.000000e-07
 7  58  0  1  0  3  4.707690e-01  1.000000e-07
 7  72  0  1  0  3  4.764984e-01  1.000000e-07
 74  16  0  1 -1  3  3.941877e-01  1.000000e-07
 74  56  0  0  0  3  1.454561e-01  1.000000e-07
 74  4  0  0  0  3  3.516684e-01  1.000000e-07
 74  77  0  0  0  3  2.426793e-01  1.000000e-07
 74  73  0  0  0  3  2.435442e-01  1.000000e-07
 56  75  0  1 -1  3  4.575894e-01  1.000000e-07
 56  68  0  0  0  3  4.249620e-01  1.000000e-07
 56  5  0  0  0  3  3.136471e-01  1.000000e-07
 56  69  0  0  0  3  3.538250e-01  1.000000e-07
 56  77  0  0  0  3  1.729935e-01  1.000000e-07
 56  73  0  0  0  3  2.798988e-01  1.000000e-07
 58  1  0  0  0  3  4.222228e-01  1.000000e-07
 12  80  0  0  0  3  2.322806e-01  1.000000e-07
 12  76  0  0  0  3  2.209662e-01  1.000000e-07
 12  70  1  0  0  3  5.338103e-01  1.000000e-07
 12  71  1  0  0  3  4.617506e-01  1.000000e-07
 12  77  0  0  0  3  2.713356e-01  1.000000e-07
 12  73  1  0  0  3  3.887115e-01  1.000000e-07
 68  5  0  0  0  3  2.548330e-01  1.000000e-07
 68  69  0  0  0  3  1.274177e-01  1.000000e-07
 68  1  0  0  0  3  1.019535e-01  1.000000e-07
 68  2  0  0  0  3  1.026065e-01  1.000000e-07
 68  73  0  0  0  3  3.908471e-01  1.000000e-07
 80  58  1  0  0  3  5.938130e-01  1.000000e-07
 80  76  0  0  0  3  8.444680e-02  1.000000e-07
 80  1  0  0  0  3  3.402374e-01  1.000000e-07
 80  2  0  0  0  3  3.451746e-01  1.000000e-07
 3  76  0  1  0  3  6.220924e-01  1.000000e-07
 3  70  1  0  0  3  6.007720e-01  1.000000e-07
 3  71  1  0  0  3  4.581420e-01  1.000000e-07
 3  4  0  0  0  3  1.742530e-01  1.000000e-07
 3  72  0  1  0  3  4.255750e-01  1.000000e-07
 3  2  0  1  0  3  5.436333e-01  1.000000e-07
 5  69  0  0  0  3  1.828197e-01  1.000000e-07
 5  70  0  0  0  3  1.230824e-01  1.000000e-07
 5  71  0  0  0  3  2.805471e-01  1.000000e-07
 5  73  0  0  0  3  2.386871e-01  1.000000e-07
 76  70  1  0  0  3  5.054489e-01  1.000000e-07
 76  72  0  0  0  3  4.283154e-01  1.000000e-07
 76  73  1  0  0  3  4.267036e-01  1.000000e-07
 69  1  0  0  0  3  6.480741e-02  1.000000e-07
 69  2  0  0  0  3  1.317855e-01  1.000000e-07
 70  71  0  0  0  3  3.435246e-01  1.000000e-07
 70  1  0  0  0  3  2.717109e-01  1.000000e-07
 71  73  0  0  0  3  2.143061e-01  1.000000e-07
 1  2  0  0  0  3  6.950851e-02  1.000000e-07
 4  77  0  0  0  3  2.657561e-01  1.000000e-07
 4  2  0  1  0  3  5.126290e-01  1.000000e-07
 72  77  0 -1  0  3  3.263065e-01  1.000000e-07
 72  2  0  0  0  3  2.522028e-01  1.000000e-07
 24  49  0  0  0  3  2.083745e-01  1.000000e-07
 57  5  0  0  0  3  2.489469e-01  1.000000e-07
 14  48  0  0  0  3  2.017080e-01  1.000000e-07
 81  58  0  0  0  3  2.352541e-01  1.000000e-07
 85  64  0  0  0  3  3.002558e-01  1.000000e-07
 87  4  0 -1  0  3  2.376757e-01  1.000000e-07
 24  57  0  0  0  3  2.045003e-01  1.000000e-07
 59  7  0  0  0  3  2.334683e-01  1.000000e-07
 20  55  0  0  0  3  3.035874e-01  1.000000e-07
 39  80  0  0  0  3  3.801866e-01  1.000000e-07
 11  53  0  0  0  3  2.247783e-01  1.000000e-07
 27  80  0  0  0  3  4.543136e-01  1.000000e-07
 24  52  0  0  0  3  1.799351e-01  1.000000e-07
 47  71  0  0  0  3  2.752017e-01  1.000000e-07
 15  49  0  0  0  3  1.798365e-01  1.000000e-07
 10  5  0  0  0  3  2.520708e-01  1.000000e-07
 84  59  0  0  0  3  3.388993e-01  1.000000e-07
 57  4  0  0  0  3  2.287986e-01  1.000000e-07
 75  59  0 -1  0  3  2.382735e-01  1.000000e-07
 57  7  0  0  0  3  2.426759e-01  1.000000e-07
 84  57  0  0  0  3  2.896016e-01  1.000000e-07
 59  7  0  0  0  3  2.156973e-01  1.000000e-07
 85  46  0  0  0  3  3.588651e-01  1.000000e-07
 44  58  1  0  0  3  2.279014e-01  1.000000e-07
 20  63  0  0  0  3  3.738891e-01  1.000000e-07
 59  4  0  0  0  3  2.476986e-01  1.000000e-07
 24  59  0  0  0  3  2.519971e-01  1.000000e-07
 57  4  0  0  0  3  2.607765e-01  1.000000e-07
 20  63  0  0  0  3  3.294462e-01  1.000000e-07
 65  7  0  0  0  3  2.407832e-01  1.000000e-07
 15  51 -1  0  0  3  2.039026e-01  1.000000e-07
 61  3  0  0  0  3  3.963696e-01  1.000000e-07
 11  53  0  0  0  3  2.103158e-01  1.000000e-07
 86  4  0  0  0  3  2.248749e-01  1.000000e-07
 83  32  0  0  0  3  3.703660e-01  1.000000e-07
 34  80  0  0  0  3  3.565482e-01  1.000000e-07
 14  50  0  0  0  3  1.835091e-01  1.000000e-07
 66  80 -1  0  0  3  5.042913e-01  1.000000e-07
 14  60  0  0  0  3  1.444643e-01  1.000000e-07
 62  69  0  0  0  3  2.695810e-01  1.000000e-07
 85  28  0  0  0  3  2.934395e-01  1.000000e-07
 89  1  0  0  0  3  2.785319e-01  1.000000e-07
 15  47  0  0  0  3  1.590843e-01  1.000000e-07
 52  71  0  0  0  3  2.854598e-01  1.000000e-07
 17  62  0  0  0  3  1.979408e-01  1.000000e-07
 60  1  0  0  0  3  2.237794e-01  1.000000e-07
 54  57  0  0  0  3  2.418718e-01  1.000000e-07
 63  4  0  0  0  3  2.972032e-01  1.000000e-07
 54  10  0  0  0  3  1.512313e-01  1.000000e-07
 49  5  0  0  0  3  2.145355e-01  1.000000e-07
 11  53  0  0  0  3  1.961886e-01  1.000000e-07
 86  0  0  0  0  3  4.047394e-01  1.000000e-07
 15  52  0  0  0  3  2.394751e-01  1.000000e-07
 47  58  0  1  0  3  2.332588e-01  1.000000e-07
 75  26  0  0  0  3  2.461813e-01  1.000000e-07
 88  2  0  0  0  3  2.834182e-01  1.000000e-07
 17  62  0  0  0  3  2.021756e-01  1.000000e-07
 60  2  0  0  0  3  2.377021e-01  1.000000e-07
 14  60  0  0  0  3  1.478200e-01  1.000000e-07
 62  1  0  0  0  3  2.576843e-01  1.000000e-07
 19  82  0  0  0  3  3.297906e-01  1.000000e-07
 25  58  0  0  0  3  1.512791e-01  1.000000e-07
 24  25  0  1  0  3  2.463985e-01  1.000000e-07
 82  58  0  0  0  3  2.045660e-01  1.000000e-07
 17  63  0  0  0  3  2.669151e-01  1.000000e-07
 9  7  0  0  0  3  2.776232e-01  1.000000e-07
 54  10  0  0  0  3  1.602207e-01  1.000000e-07
 49  70  0  0  0  3  1.526996e-01  1.000000e-07
 17  81  0  0  0  3  2.928238e-01  1.000000e-07
 45  58  0  0  0  3  2.214881e-01  1.000000e-07
 11  61  0  0  0  3  2.199026e-01  1.000000e-07
 51  71  1  0  0  3  3.475054e-01  1.000000e-07
 20  62  0  0  0  3  2.796129e-01  1.000000e-07
 65  69  0  0  0  3  2.377798e-01  1.000000e-07
 17  62  0  0  0  3  1.986632e-01  1.000000e-07
 60  69  0  0  0  3  2.404230e-01  1.000000e-07
 81  42  0  0  0  2  7.792916e-02  2.000000e-07
 81  30 -1  0  0  2  3.728341e-01  2.000000e-07
 81  50  0  0  0  2  3.324736e-01  2.000000e-07
 81  82  0  0  0  2  1.116486e-01  2.000000e-07
 81  26  0  0  0  2  1.900285e-01  2.000000e-07
 81  39  0  0  0  2  3.589545e-01  2.000000e-07
 81  45  0  0  0  2  2.728523e-02  2.000000e-07
 81  35 -1  0  0  2  4.521446e-01  2.000000e-07
 81  40  0  0  0  2  1.700195e-01  2.000000e-07
 37  30  0  0  0  2  2.297533e-01  2.000000e-07
 37  46  0  0  0  2  2.674488e-01  2.000000e-07
 37  43  0  0  0  2  7.524486e-02  2.000000e-07
 37  38  0  0  0  2  1.842834e-01  2.000000e-07
 37  86  0 -1  0  2  4.303765e-01  2.000000e-07
 37  59  0 -1  0  2  4.324989e-01  2.000000e-07
 37  61  0 -1  0  2  3.991035e-01  2.000000e-07
 37  87  0  0  0  2  7.979203e-02  2.000000e-07
 37  33  0  0  0  2  1.030411e-01  2.000000e-07
 37  32  0  0  0  2  1.595267e-01  2.000000e-07
 37  63  0  0  0  2  4.420086e-01  2.000000e-07
 37  89  0  0  0  2  1.430858e-01  2.000000e-07
 37  26  0  0  0  2  3.214926e-01  2.000000e-07
 37  39  0  0  0  2  2.370567e-01  2.000000e-07
 37  45  0  0  0  2  4.859427e-01  2.000000e-07
 37  31  0  0  0  2  2.071957e-01  2.000000e-07
 37  88  0  0  0  2  1.125211e-01  2.000000e-07
 41  64  0  0  0  2  3.387373e-01  2.000000e-07
 41  34  0  0  0  2  1.212884e-01  2.000000e-07
 41  43  0  0  0  2  1.989324e-01  2.000000e-07
 41  38  0  0  0  2  2.019867e-01  2.000000e-07
 41  48  1  0  0  2  2.221320e-01  2.000000e-07
 41  44  0  0  0  2  2.075092e-01  2.000000e-07
 41  25  1  0  0  2  3.067103e-01  2.000000e-07
 41  49  1  0  0  2  4.744085e-01  2.000000e-07
 41  33  0  0  0  2  1.551786e-01  2.000000e-07
 41  29  0  0  0  2  8.031109e-02  2.000000e-07
 41  28  0  0  0  2  3.190685e-01  2.000000e-07
 41  51  0  0  0  2  4.409457e-01  2.000000e-07
 41  66  1  0  0  2  2.185324e-01  2.000000e-07
 41  40  1  0  0  2  1.494021e-01  2.000000e-07
 41  31  0  0  0  2  5.872815e-02  2.000000e-07
 41  88  0  0  0  2  3.431623e-01  2.000000e-07
 41  67  0  0  0  2  1.270477e-01  2.000000e-07
 64  42  0  0  0  2  4.119715e-01  2.000000e-07
 64  60  0  0  0  2  4.087003e-01  2.000000e-07
 64  57  0 -1  0  2  5.079591e-01  2.000000e-07
 64  43  0  0  0  2  1.399020e-01  2.000000e-07
 64  38  0  0  0  2  1.943995e-01  2.000000e-07
 64  86  0 -1  0  2  3.102563e-01  2.000000e-07
 64  44  0  0  0  2  2.659038e-01  2.000000e-07
 64  59  0 -1  0  2  3.018615e-01  2.000000e-07
 64  25  0  0  0  2  5.027699e-01  2.000000e-07
 64  87  0  0  0  2  9.242464e-02  2.000000e-07
 64  28  0  0  0  2  1.978744e-01  2.000000e-07
 64  52  0 -1  0  2  5.635473e-01  2.000000e-07
 64  53  0 -1  0  2  3.148459e-01  2.000000e-07
 64  88  0  0  0  2  1.583593e-01  2.000000e-07
 64  9  0 -1  0  2  5.715586e-01  2.000000e-07
 42  60  0  0  0  2  2.764600e-01  2.000000e-07
 42  57  0 -1  0  2  4.872404e-01  2.000000e-07
 42  48  0  0  0  2  1.905647e-01  2.000000e-07
 42  44 -1  0  0  2  3.254532e-01  2.000000e-07
 42  25  0  0  0  2  9.614871e-02  2.000000e-07
 42  82  0  0  0  2  1.146763e-01  2.000000e-07
 42  26  0  0  0  2  1.811645e-01  2.000000e-07
 42  28  0  0  0  2  3.894938e-01  2.000000e-07
 42  66  0  0  0  2  2.357539e-01  2.000000e-07
 42  40  0  0  0  2  2.470607e-01  2.000000e-07
 42  62  0  0  0  2  3.182788e-01  2.000000e-07
 42  88  0  0  0  2  3.557648e-01  2.000000e-07
 60  48  0  0  0  2  2.379470e-01  2.000000e-07
 60  25  0  0  0  2  3.478260e-01  2.000000e-07
 60  6  0  0  0  2  2.837419e-01  2.000000e-07
 60  87  0  0  0  2  3.288570e-01  2.000000e-07
 60  50  0  0  0  2  3.159548e-01  2.000000e-07
 60  63  0  0  0  2  2.332578e-01  2.000000e-07
 60  89  0  0  0  2  2.350887e-01  2.000000e-07
 60  39  0  0  0  2  1.478114e-01  2.000000e-07
 60  45  0  0  0  2  2.591424e-01  2.000000e-07
 60  66  0  0  0  2  2.303253e-01  2.000000e-07
 60  62  0  0  0  2  4.443091e-02  2.000000e-07
 60  88  0  0  0  2  2.641930e-01  2.000000e-07
 60  55  0  0  0  2  2.096378e-01  2.000000e-07
 60  10  0  0  0  2  2.235672e-01  2.000000e-07
 8  48  0  0  0  2  3.547294e-01  2.000000e-07
 8  49  0  0  0  2  1.497218e-01  2.000000e-07
 8  63  0  0  0  2  8.896242e-02  2.000000e-07
 8  52  0  0  0  2  3.968806e-01  2.000000e-07
 8  66  0  0  0  2  3.245514e-01  2.000000e-07
 8  62  0  0  0  2  1.466171e-01  2.000000e-07
 8  9  0  0  0  2  3.709600e-02  2.000000e-07
 8  55  0  0  0  2  2.542523e-01  2.000000e-07
 8  10  0  0  0  2  1.358722e-01  2.000000e-07
 27  34  0  0  0  2  2.685602e-01  2.000000e-07
 27  57  0  0  0  2  4.142203e-01  2.000000e-07
 27  65  0  0  0  2  3.399687e-01  2.000000e-07
 27  38  0  1  0  2  4.719180e-01  2.000000e-07
 27  47  1  0  0  2  3.813183e-01  2.000000e-07
 27  86  0  0  0  2  1.672771e-01  2.000000e-07
 27  59  0  0  0  2  3.266453e-01  2.000000e-07
 27  61  0  0  0  2  2.988380e-01  2.000000e-07
 27  50  1  0  0  2  3.086964e-01  2.000000e-07
 27  51  0  0  0  2  1.833874e-01  2.000000e-07
 27  53  0  0  0  2  1.555398e-01  2.000000e-07
 27  35  0  0  0  2  1.532001e-01  2.000000e-07
 27  36  0  0  0  2  1.133764e-01  2.000000e-07
 34  65  0  0  0  2  3.865826e-01  2.000000e-07
 34  38  0  0  0  2  2.643685e-01  2.000000e-07
 34  49  1  0  0  2  5.031617e-01  2.000000e-07
 34  33  0  0  0  2  1.032639e-01  2.000000e-07
 34  29  0  0  0  2  6.806315e-02  2.000000e-07
 34  89  0  0  0  2  2.452055e-01  2.000000e-07
 34  28  0  0  0  2  2.421331e-01  2.000000e-07
 34  51  0  0  0  2  3.870357e-01  2.000000e-07
 34  39  0  0  0  2  3.151428e-01  2.000000e-07
 34  53  0  0  0  2  4.224151e-01  2.000000e-07
 34  35  0  0  0  2  1.856016e-01  2.000000e-07
 34  31  0  0  0  2  6.407822e-02  2.000000e-07
 34  36  0  0  0  2  1.767704e-01  2.000000e-07
 34  88  0  0  0  2  2.801998e-01  2.000000e-07
 34  55  0  0  0  2  2.531770e-01  2.000000e-07
 34  67  0  0  0  2  1.451764e-01  2.000000e-07
 30  46  0  0  0  2  2.538606e-01  2.000000e-07
 30  38  0  0  0  2  2.548081e-01  2.000000e-07
 30  82  1  0  0  2  3.784692e-01  2.000000e-07
 30  32  0  0  0  2  1.164322e-01  2.000000e-07
 30  45  1  0  0  2  3.973067e-01  2.000000e-07
 30  35  0  0  0  2  1.786179e-01  2.000000e-07
 30  31  0  0  0  2  3.722259e-02  2.000000e-07
 30  36  0  0  0  2  2.060543e-01  2.000000e-07
 30  67  0  0  0  2  1.085855e-01  2.000000e-07
 57  65  0  0  0  2  1.504014e-01  2.000000e-07
 57  47  0  0  0  2  3.292725e-01  2.000000e-07
 57  59  0  0  0  2  2.105651e-01  2.000000e-07
 57  59  0  0  0  2  2.105651e-01  2.000000e-07
 57  25  0  1  0  2  4.974717e-01  2.000000e-07
 57  49  0  0  0  2  1.324033e-01  2.000000e-07
 57  61 -1  0  0  2  5.033062e-01  2.000000e-07
 57  50  0  0  0  2  3.550754e-01  2.000000e-07
 57  82  0  1  0  2  5.028595e-01  2.000000e-07
 57  26  0  1  0  2  5.911938e-01  2.000000e-07
 57  52  0  0  0  2  3.236164e-01  2.000000e-07
 57  53  0  0  0  2  3.933333e-01  2.000000e-07
 57  88  0  1  0  2  6.057810e-01  2.000000e-07
 57  9  0  0  0  2  7.069002e-02  2.000000e-07
 46  43  0  0  0  2  1.932012e-01  2.000000e-07
 46  38  0  0  0  2  9.968857e-02  2.000000e-07
 46  86  0 -1  0  2  4.127648e-01  2.000000e-07
 46  25  1  0  0  2  2.066913e-01  2.000000e-07
 46  61  0 -1  0  2  2.207914e-01  2.000000e-07
 46  50  1  0  0  2  3.911962e-01  2.000000e-07
 46  33  0  0  0  2  2.462469e-01  2.000000e-07
 46  82  1  0  0  2  1.892236e-01  2.000000e-07
 46  51  0 -1  0  2  3.841951e-01  2.000000e-07
 46  52  1 -1  0  2  3.191965e-01  2.000000e-07
 46  45  1  0  0  2  2.683281e-01  2.000000e-07
 46  53  0 -1  0  2  3.835091e-01  2.000000e-07
 46  66  1  0  0  2  2.837901e-01  2.000000e-07
 46  67  0  0  0  2  2.963486e-01  2.000000e-07
 43  86  0 -1  0  2  3.981696e-01  2.000000e-07
 43  25  1  0  0  2  3.983888e-01  2.000000e-07
 43  87  0  0  0  2  1.369731e-01  2.000000e-07
 43  33  0  0  0  2  1.106980e-01  2.000000e-07
 43  28  0  0  0  2  1.891144e-01  2.000000e-07
 43  51  0 -1  0  2  4.801632e-01  2.000000e-07
 43  52  1 -1  0  2  4.880566e-01  2.000000e-07
 43  53  0 -1  0  2  3.882872e-01  2.000000e-07
 43  66  1  0  0  2  4.051774e-01  2.000000e-07
 43  67  0  0  0  2  3.130650e-01  2.000000e-07
 65  48  0  0  0  2  4.174805e-01  2.000000e-07
 65  59  0  0  0  2  2.832833e-01  2.000000e-07
 65  49  0  0  0  2  2.411804e-01  2.000000e-07
 65  50  0  0  0  2  4.070348e-01  2.000000e-07
 65  63  0  0  0  2  5.190668e-02  2.000000e-07
 65  26  0  0  0  2  3.048424e-01  2.000000e-07
 65  39  0  0  0  2  1.797766e-01  2.000000e-07
 65  53  0  0  0  2  3.775225e-01  2.000000e-07
 65  62  0  0  0  2  1.547418e-01  2.000000e-07
 65  36  0  0  0  2  2.805481e-01  2.000000e-07
 65  88  0  0  0  2  3.261954e-01  2.000000e-07
 65  9  0  0  0  2  1.078360e-01  2.000000e-07
 65  55  0  0  0  2  1.795610e-01  2.000000e-07
 38  57  0 -1  0  2  6.470797e-01  2.000000e-07
 38  47  1 -1  0  2  3.744658e-01  2.000000e-07
 38  86  0 -1  0  2  3.540712e-01  2.000000e-07
 38  44  0  0  0  2  7.513138e-02  2.000000e-07
 38  59  0 -1  0  2  4.374875e-01  2.000000e-07
 38  61  0 -1  0  2  2.297138e-01  2.000000e-07
 38  82  1  0  0  2  2.864306e-01  2.000000e-07
 38  26  0  0  0  2  4.921231e-01  2.000000e-07
 38  39  0  0  0  2  4.210308e-01  2.000000e-07
 38  53  0 -1  0  2  3.330803e-01  2.000000e-07
 38  40  1  0  0  2  2.916225e-01  2.000000e-07
 38  31  0  0  0  2  2.177244e-01  2.000000e-07
 38  88  0  0  0  2  2.898678e-01  2.000000e-07
 47  42  0  1  0  2  3.023853e-01  2.000000e-07
 47  44 -1  1  0  2  3.111665e-01  2.000000e-07
 47  25  0  1  0  2  2.499548e-01  2.000000e-07
 47  49  0  0  0  2  2.546552e-01  2.000000e-07
 47  61 -1  0  0  2  1.804900e-01  2.000000e-07
 47  50  0  0  0  2  3.595731e-01  2.000000e-07
 47  82  0  1  0  2  2.442216e-01  2.000000e-07
 47  51 -1  0  0  2  1.980040e-01  2.000000e-07
 47  52  0  0  0  2  2.514021e-02  2.000000e-07
 47  53 -1  0  0  2  3.669787e-01  2.000000e-07
 47  35 -1  0  0  2  3.742401e-01  2.000000e-07
 48  44 -1  0  0  2  2.945922e-01  2.000000e-07
 48  25  0  0  0  2  1.879845e-01  2.000000e-07
 48  49  0  0  0  2  3.676544e-01  2.000000e-07
 48  26  0  0  0  2  2.365647e-01  2.000000e-07
 48  66  0  0  0  2  4.896138e-02  2.000000e-07
 48  40  0  0  0  2  7.367791e-02  2.000000e-07
 48  62  0  0  0  2  2.797784e-01  2.000000e-07
 48  9  0  0  0  2  3.842026e-01  2.000000e-07
 86  59  0  0  0  2  1.908228e-01  2.000000e-07
 86  61  0  0  0  2  2.613463e-01  2.000000e-07
 86  87  0  1  0  2  4.019405e-01  2.000000e-07
 86  33  0  0  0  2  4.973538e-01  2.000000e-07
 86  63  0  0  0  2  3.199161e-01  2.000000e-07
 86  51  0  0  0  2  2.467938e-01  2.000000e-07
 86  36  0  0  0  2  2.512849e-01  2.000000e-07
 86  55  0  0  0  2  4.206115e-01  2.000000e-07
 86  67  0  0  0  2  4.433265e-01  2.000000e-07
 44  27  0 -1  0  2  4.665898e-01  2.000000e-07
 44  43  0  0  0  2  1.810942e-01  2.000000e-07
 44  25  1  0  0  2  2.315174e-01  2.000000e-07
 44  82  1  0  0  2  2.132824e-01  2.000000e-07
 44  51  0 -1  0  2  3.544136e-01  2.000000e-07
 44  52  1 -1  0  2  3.122077e-01  2.000000e-07
 44  53  0 -1  0  2  3.433779e-01  2.000000e-07
 44  40  1  0  0  2  2.561453e-01  2.000000e-07
 44  88  0  0  0  2  3.641172e-01  2.000000e-07
 59  25  0  1  0  2  4.658095e-01  2.000000e-07
 59  6  0  0  0  2  4.698716e-01  2.000000e-07
 59  61 -1  0  0  2  5.852393e-01  2.000000e-07
 59  87  0  1  0  2  3.733886e-01  2.000000e-07
 59  50  0  0  0  2  5.565725e-01  2.000000e-07
 59  82  0  1  0  2  4.781547e-01  2.000000e-07
 59  63  0  0  0  2  2.385710e-01  2.000000e-07
 59  26  0  1  0  2  4.570933e-01  2.000000e-07
 59  52  0  0  0  2  3.897020e-01  2.000000e-07
 59  39  0  0  0  2  4.555846e-01  2.000000e-07
 59  45  0  1  0  2  4.663490e-01  2.000000e-07
 59  53  0  0  0  2  2.334224e-01  2.000000e-07
 59  36  0  0  0  2  3.640231e-01  2.000000e-07
 59  9  0  0  0  2  2.705925e-01  2.000000e-07
 25  87  0  0  0  2  4.793438e-01  2.000000e-07
 25  52  0 -1  0  2  2.321598e-01  2.000000e-07
 25  45  0  0  0  2  8.913420e-02  2.000000e-07
 25  66  0  0  0  2  2.368467e-01  2.000000e-07
 6  49  0  0  0  2  1.456768e-01  2.000000e-07
 6  61 -1  0  0  2  4.034100e-01  2.000000e-07
 6  50  0  0  0  2  8.684714e-02  2.000000e-07
 6  63  0  0  0  2  3.231843e-01  2.000000e-07
 6  51 -1  0  0  2  2.649346e-01  2.000000e-07
 6  52  0  0  0  2  3.182485e-01  2.000000e-07
 6  66  0  0  0  2  2.137937e-01  2.000000e-07
 6  10  0  0  0  2  1.053947e-01  2.000000e-07
 6  67 -1  0  0  2  2.178017e-01  2.000000e-07
 49  50  0  0  0  2  2.325051e-01  2.000000e-07
 49  29 -1  0  0  2  4.460677e-01  2.000000e-07
 49  26  0  0  0  2  4.049060e-01  2.000000e-07
 49  51 -1  0  0  2  3.175149e-01  2.000000e-07
 49  52  0  0  0  2  2.587655e-01  2.000000e-07
 49  35 -1  0  0  2  3.563328e-01  2.000000e-07
 49  66  0  0  0  2  3.239121e-01  2.000000e-07
 49  40  0  0  0  2  3.834765e-01  2.000000e-07
 49  9  0  0  0  2  1.337525e-01  2.000000e-07
 49  10  0  0  0  2  7.360698e-02  2.000000e-07
 61  50  1  0  0  2  4.269027e-01  2.000000e-07
 61  82  1  1  0  2  2.698150e-01  2.000000e-07
 61  51  0  0  0  2  1.636296e-01  2.000000e-07
 61  52  1  0  0  2  1.957413e-01  2.000000e-07
 61  45  1  1  0  2  3.744453e-01  2.000000e-07
 61  53  0  0  0  2  2.195063e-01  2.000000e-07
 61  35  0  0  0  2  3.656967e-01  2.000000e-07
 87  33  0  0  0  2  1.803508e-01  2.000000e-07
 87  89  0  0  0  2  1.375459e-01  2.000000e-07
 87  28  0  0  0  2  1.057369e-01  2.000000e-07
 87  39  0  0  0  2  2.180583e-01  2.000000e-07
 87  45  0  0  0  2  4.131560e-01  2.000000e-07
 50  30 -1  0  0  2  2.394001e-01  2.000000e-07
 50  63  0  0  0  2  3.997790e-01  2.000000e-07
 50  51 -1  0  0  2  2.707916e-01  2.000000e-07
 50  52  0  0  0  2  3.782711e-01  2.000000e-07
 50  39  0  0  0  2  4.593186e-01  2.000000e-07
 50  45  0  0  0  2  3.592071e-01  2.000000e-07
 50  35 -1  0  0  2  1.642374e-01  2.000000e-07
 50  66  0  0  0  2  1.727342e-01  2.000000e-07
 50  40  0  0  0  2  1.942838e-01  2.000000e-07
 50  36 -1  0  0  2  3.176207e-01  2.000000e-07
 50  67 -1  0  0  2  1.310481e-01  2.000000e-07
 33  32  0  0  0  2  7.456967e-02  2.000000e-07
 33  63  0  0  0  2  4.274780e-01  2.000000e-07
 33  89  0  0  0  2  1.781236e-01  2.000000e-07
 33  28  0  0  0  2  1.638901e-01  2.000000e-07
 33  66  1  0  0  2  3.732560e-01  2.000000e-07
 33  36  0  0  0  2  2.472057e-01  2.000000e-07
 33  55  0  0  0  2  2.166377e-01  2.000000e-07
 33  67  0  0  0  2  2.360641e-01  2.000000e-07
 82  26  0  0  0  2  2.875784e-01  2.000000e-07
 82  52  0 -1  0  2  2.278069e-01  2.000000e-07
 82  45  0  0  0  2  1.047792e-01  2.000000e-07
 82  31 -1  0  0  2  3.529278e-01  2.000000e-07
 32  63  0  0  0  2  3.695737e-01  2.000000e-07
 32  89  0  0  0  2  1.726908e-01  2.000000e-07
 32  39  0  0  0  2  2.425204e-01  2.000000e-07
 32  31  0  0  0  2  1.216528e-01  2.000000e-07
 32  36  0  0  0  2  1.735924e-01  2.000000e-07
 32  55  0  0  0  2  1.820560e-01  2.000000e-07
 32  67  0  0  0  2  2.177529e-01  2.000000e-07
 63  89  0  0  0  2  3.070362e-01  2.000000e-07
 63  52  0  0  0  2  4.261043e-01  2.000000e-07
 63  39  0  0  0  2  2.314175e-01  2.000000e-07
 63  53  0  0  0  2  3.594276e-01  2.000000e-07
 63  62  0  0  0  2  1.928724e-01  2.000000e-07
 63  36  0  0  0  2  3.008031e-01  2.000000e-07
 63  9  0  0  0  2  7.959104e-02  2.000000e-07
 63  55  0  0  0  2  2.301063e-01  2.000000e-07
 63  10  0  0  0  2  2.178278e-01  2.000000e-07
 29  35  0  0  0  2  1.643693e-01  2.000000e-07
 29  40  1  0  0  2  1.919588e-01  2.000000e-07
 29  31  0  0  0  2  5.311700e-02  2.000000e-07
 29  36  0  0  0  2  2.124130e-01  2.000000e-07
 89  28  0  0  0  2  3.234887e-02  2.000000e-07
 89  39  0  0  0  2  9.449204e-02  2.000000e-07
 89  62  0  0  0  2  2.160821e-01  2.000000e-07
 89  88  0  0  0  2  7.849232e-02  2.000000e-07
 89  55  0  0  0  2  7.970874e-02  2.000000e-07
 26  39  0  0  0  2  1.747391e-01  2.000000e-07
 26  45  0  0  0  2  1.848628e-01  2.000000e-07
 26  40  0  0  0  2  3.102032e-01  2.000000e-07
 26  62  0  0  0  2  1.569252e-01  2.000000e-07
 26  88  0  0  0  2  2.090934e-01  2.000000e-07
 28  88  0  0  0  2  5.208688e-02  2.000000e-07
 51  52  1  0  0  2  2.230663e-01  2.000000e-07
 51  53  0  0  0  2  2.052828e-01  2.000000e-07
 51  35  0  0  0  2  2.052715e-01  2.000000e-07
 51  66  1  0  0  2  4.433821e-01  2.000000e-07
 51  36  0  0  0  2  2.835408e-01  2.000000e-07
 51  67  0  0  0  2  3.200853e-01  2.000000e-07
 52  45  0  1  0  2  3.069547e-01  2.000000e-07
 52  53 -1  0  0  2  3.890027e-01  2.000000e-07
 52  9  0  0  0  2  3.691506e-01  2.000000e-07
 52  10  0  0  0  2  3.209982e-01  2.000000e-07
 39  45  0  0  0  2  3.575318e-01  2.000000e-07
 39  31  0  0  0  2  3.604864e-01  2.000000e-07
 39  36  0  0  0  2  3.012859e-01  2.000000e-07
 39  88  0  0  0  2  1.505528e-01  2.000000e-07
 45  66  0  0  0  2  1.865095e-01  2.000000e-07
 45  67 -1  0  0  2  3.562169e-01  2.000000e-07
 53  35  0  0  0  2  2.972207e-01  2.000000e-07
 53  88  0  1  0  2  4.722184e-01  2.000000e-07
 53  9  0  0  0  2  4.271340e-01  2.000000e-07
 53  55  0  0  0  2  4.432767e-01  2.000000e-07
 53  67  0  0  0  2  4.257810e-01  2.000000e-07
 35  40  1  0  0  2  2.856222e-01  2.000000e-07
 35  36  0  0  0  2  1.564884e-01  2.000000e-07
 66  44 -1  0  0  2  3.245985e-01  2.000000e-07
 66  40  0  0  0  2  7.474087e-02  2.000000e-07
 66  62  0  0  0  2  2.685768e-01  2.000000e-07
 66  9  0  0  0  2  3.514692e-01  2.000000e-07
 66  10  0  0  0  2  2.523974e-01  2.000000e-07
 66  67 -1  0  0  2  1.925299e-01  2.000000e-07
 40  30 -1  0  0  2  2.109828e-01  2.000000e-07
 40  31 -1  0  0  2  2.027957e-01  2.000000e-07
 31  81  1  0  0  2  3.566703e-01  2.000000e-07
 31  36  0  0  0  2  2.379562e-01  2.000000e-07
 31  88  0  0  0  2  3.006822e-01  2.000000e-07
 62  88  0  0  0  2  2.574632e-01  2.000000e-07
 62  9  0  0  0  2  1.833293e-01  2.000000e-07
 62  55  0  0  0  2  1.779556e-01  2.000000e-07
 62  10  0  0  0  2  2.195950e-01  2.000000e-07
 36  55  0  0  0  2  2.365343e-01  2.000000e-07
 88  55  0  0  0  2  1.568431e-01  2.000000e-07
 9  55  0  0  0  2  2.784923e-01  2.000000e-07
 9  10  0  0  0  2  1.391240e-01  2.000000e-07
 55  67  0  0  0  2  3.921926e-01  2.000000e-07
 10  51 -1  0  0  2  3.375716e-01  2.000000e-07
 81  48  0  0  0  1  1.132068e-01  3.000000e-07
 81  25  0  0  0  1  9.907536e-02  3.000000e-07
 81  82  0  0  0  1  1.116486e-01  3.000000e-07
 81  26  0  0  0  1  1.900285e-01  3.000000e-07
 37  64  0  0  0  1  1.314785e-01  3.000000e-07
 37  43  0  0  0  1  7.524486e-02  3.000000e-07
 37  87  0  0  0  1  7.979203e-02  3.000000e-07
 37  33  0  0  0  1  1.030411e-01  3.000000e-07
 37  28  0  0  0  1  1.142324e-01  3.000000e-07
 41  46  0  0  0  1  1.781960e-01  3.000000e-07
 41  43  0  0  0  1  1.989324e-01  3.000000e-07
 41  38  0  0  0  1  2.019867e-01  3.000000e-07
 41  29  0  0  0  1  8.031109e-02  3.000000e-07
 41  31  0  0  0  1  5.872815e-02  3.000000e-07
 41  67  0  0  0  1  1.270477e-01  3.000000e-07
 64  42  0  0  0  1  4.119715e-01  3.000000e-07
 64  43  0  0  0  1  1.399020e-01  3.000000e-07
 64  38  0  0  0  1  1.943995e-01  3.000000e-07
 64  59  0 -1  0  1  3.018615e-01  3.000000e-07
 64  87  0  0  0  1  9.242464e-02  3.000000e-07
 64  53  0 -1  0  1  3.148459e-01  3.000000e-07
 42  59  0 -1  0  1  4.156735e-01  3.000000e-07
 42  25  0  0  0  1  9.614871e-02  3.000000e-07
 42  26  0  0  0  1  1.811645e-01  3.000000e-07
 42  52  0 -1  0  1  2.800086e-01  3.000000e-07
 42  45  0  0  0  1  5.071978e-02  3.000000e-07
 60  8  0  0  0  1  1.767558e-01  3.000000e-07
 60  48  0  0  0  1  2.379470e-01  3.000000e-07
 60  26  0  0  0  1  1.259081e-01  3.000000e-07
 60  39  0  0  0  1  1.478114e-01  3.000000e-07
 60  66  0  0  0  1  2.303253e-01  3.000000e-07
 60  10  0  0  0  1  2.235672e-01  3.000000e-07
 8  65  0  0  0  1  9.796230e-02  3.000000e-07
 8  62  0  0  0  1  1.466171e-01  3.000000e-07
 8  10  0  0  0  1  1.358722e-01  3.000000e-07
 27  86  0  0  0  1  1.672771e-01  3.000000e-07
 27  51  0  0  0  1  1.833874e-01  3.000000e-07
 27  53  0  0  0  1  1.555398e-01  3.000000e-07
 27  35  0  0  0  1  1.532001e-01  3.000000e-07
 27  36  0  0  0  1  1.133764e-01  3.000000e-07
 34  33  0  0  0  1  1.032639e-01  3.000000e-07
 34  32  0  0  0  1  7.322338e-02  3.000000e-07
 34  35  0  0  0  1  1.856016e-01  3.000000e-07
 34  31  0  0  0  1  6.407822e-02  3.000000e-07
 34  36  0  0  0  1  1.767704e-01  3.000000e-07
 57  59  0  0  0  1  2.105651e-01  3.000000e-07
 57  49  0  0  0  1  1.324033e-01  3.000000e-07
 57  63  0  0  0  1  1.026666e-01  3.000000e-07
 57  52  0  0  0  1  3.236164e-01  3.000000e-07
 57  9  0  0  0  1  7.069002e-02  3.000000e-07
 46  38  0  0  0  1  9.968857e-02  3.000000e-07
 46  82  1  0  0  1  1.892236e-01  3.000000e-07
 43  33  0  0  0  1  1.106980e-01  3.000000e-07
 43  31  0  0  0  1  1.829470e-01  3.000000e-07
 65  63  0  0  0  1  5.190668e-02  3.000000e-07
 65  39  0  0  0  1  1.797766e-01  3.000000e-07
 65  62  0  0  0  1  1.547418e-01  3.000000e-07
 65  55  0  0  0  1  1.795610e-01  3.000000e-07
 38  44  0  0  0  1  7.513138e-02  3.000000e-07
 38  61  0 -1  0  1  2.297138e-01  3.000000e-07
 38  53  0 -1  0  1  3.330803e-01  3.000000e-07
 47  6  0  0  0  1  3.030715e-01  3.000000e-07
 47  49  0  0  0  1  2.546552e-01  3.000000e-07
 47  51 -1  0  0  1  1.980040e-01  3.000000e-07
 48  82  0  0  0  1  1.917768e-01  3.000000e-07
 48  26  0  0  0  1  2.365647e-01  3.000000e-07
 48  40  0  0  0  1  7.367791e-02  3.000000e-07
 86  64  0  1  0  1  3.102563e-01  3.000000e-07
 86  63  0  0  0  1  3.199161e-01  3.000000e-07
 86  36  0  0  0  1  2.512849e-01  3.000000e-07
 44  61  0 -1  0  1  1.909796e-01  3.000000e-07
 44  82  1  0  0  1  2.132824e-01  3.000000e-07
 59  63  0  0  0  1  2.385710e-01  3.000000e-07
 59  52  0  0  0  1  3.897020e-01  3.000000e-07
 25  52  0 -1  0  1  2.321598e-01  3.000000e-07
 25  45  0  0  0  1  8.913420e-02  3.000000e-07
 6  51 -1  0  0  1  2.649346e-01  3.000000e-07
 6  66  0  0  0  1  2.137937e-01  3.000000e-07
 6  10  0  0  0  1  1.053947e-01  3.000000e-07
 49  52  0  0  0  1  2.587655e-01  3.000000e-07
 49  9  0  0  0  1  1.337525e-01  3.000000e-07
 49  10  0  0  0  1  7.360698e-02  3.000000e-07
 61  47  1  0  0  1  1.804900e-01  3.000000e-07
 61  51  0  0  0  1  1.636296e-01  3.000000e-07
 61  52  1  0  0  1  1.957413e-01  3.000000e-07
 61  53  0  0  0  1  2.195063e-01  3.000000e-07
 87  26  0  0  0  1  2.596441e-01  3.000000e-07
 87  88  0  0  0  1  6.790725e-02  3.000000e-07
 50  51 -1  0  0  1  2.707916e-01  3.000000e-07
 50  35 -1  0  0  1  1.642374e-01  3.000000e-07
 50  66  0  0  0  1  1.727342e-01  3.000000e-07
 50  40  0  0  0  1  1.942838e-01  3.000000e-07
 50  67 -1  0  0  1  1.310481e-01  3.000000e-07
 33  32  0  0  0  1  7.456967e-02  3.000000e-07
 33  28  0  0  0  1  1.638901e-01  3.000000e-07
 33  31  0  0  0  1  1.100476e-01  3.000000e-07
 82  52  0 -1  0  1  2.278069e-01  3.000000e-07
 82  40  0  0  0  1  2.153684e-01  3.000000e-07
 32  89  0  0  0  1  1.726908e-01  3.000000e-07
 32  28  0  0  0  1  1.721154e-01  3.000000e-07
 32  36  0  0  0  1  1.735924e-01  3.000000e-07
 32  55  0  0  0  1  1.820560e-01  3.000000e-07
 63  36  0  0  0  1  3.008031e-01  3.000000e-07
 63  9  0  0  0  1  7.959104e-02  3.000000e-07
 29  35  0  0  0  1  1.643693e-01  3.000000e-07
 29  31  0  0  0  1  5.311700e-02  3.000000e-07
 89  39  0  0  0  1  9.449204e-02  3.000000e-07
 89  88  0  0  0  1  7.849232e-02  3.000000e-07
 89  55  0  0  0  1  7.970874e-02  3.000000e-07
 26  45  0  0  0  1  1.848628e-01  3.000000e-07
 26  88  0  0  0  1  2.090934e-01  3.000000e-07
 28  88  0  0  0  1  5.208688e-02  3.000000e-07
 51  35  0  0  0  1  2.052715e-01  3.000000e-07
 39  62  0  0  0  1  1.229740e-01  3.000000e-07
 39  88  0  0  0  1  1.505528e-01  3.000000e-07
 39  55  0  0  0  1  6.703747e-02  3.000000e-07
 35  67  0  0  0  1  1.295630e-01  3.000000e-07
 66  40  0  0  0  1  7.474087e-02  3.000000e-07
 66  10  0  0  0  1  2.523974e-01  3.000000e-07
 40  46 -1  0  0  1  2.154587e-01  3.000000e-07
 36  55  0  0  0  1  2.365343e-01  3.000000e-07
 9  10  0  0  0  1  1.391240e-01  3.000000e-07
 67  40  1  0  0  1  1.598634e-01  3.000000e-07
 2.152769e-01  1.828275e-01 -3.562363e-01
-7.477390e-02 -7.326343e-02 -2.213954e-01
-5.616815e-02 -1.396484e-01 -2.302439e-01
 2.378458e-01  4.077818e-01 -2.956158e-01
 1.071797e-01  3.765898e-01 -1.846314e-01
-2.201490e-01  1.090578e-01 -2.131545e-01
-3.815166e-01  9.093688e-02  0
-4.494849e-02  2.942850e-01 -2.036885e-01
-1.418927e-01  9.370877e-02  0
-1.403023e-01  1.307707e-01  0
-2.772063e-01  1.060165e-01  0
 3.486617e-01  4.349642e-01  1.726778e-01
 2.728996e-01  2.371587e-01 -4.092114e-01
 8.635249e-02  1.422796e-01  4.306637e-01
-2.796172e-01 -4.022479e-02  1.270030e-01
-3.877312e-01  2.673913e-01  1.520723e-01
-9.698743e-02 -2.935840e-01  4.039311e-01
-1.355334e-01 -6.446242e-02  1.958320e-01
-2.913962e-01  3.482253e-02  2.432741e-01
-4.256281e-01 -2.889241e-01  3.229142e-01
-4.251807e-02 -9.794836e-03  2.786922e-01
-3.747047e-01 -2.635492e-01 -4.131981e-01
-2.248882e-01 -9.779596e-02  2.666649e-01
-4.172713e-01 -3.540008e-01  3.402659e-01
-2.533796e-01  3.429626e-01  1.784155e-01
-3.675924e-01 -3.591493e-01  0
-1.437736e-01 -2.076341e-01  0
 2.791210e-01  1.839151e-01  0
 8.224154e-02 -1.777073e-01  0
 3.733018e-01 -8.269196e-02  0
 3.492756e-01 -9.279268e-02  0
 3.491786e-01 -1.300151e-01  0
 2.328546e-01 -9.440414e-02  0
 2.458340e-01 -1.678355e-01  0
 3.052421e-01 -8.337177e-02  0
 3.922271e-01  8.058417e-02  0
 2.357451e-01  7.916424e-02  0
 1.757287e-01 -2.433518e-01  0
 3.282817e-01 -3.467344e-01  0
-9.662812e-03 -9.561600e-02  0
-4.498878e-01 -1.574333e-01  0
 4.007120e-01 -1.581807e-01  0
-2.752888e-01 -3.322307e-01  0
 2.422724e-01 -2.784762e-01  0
 4.009826e-01 -3.656898e-01  0
-3.076527e-01 -2.931786e-01  0
 4.272038e-01 -3.343965e-01  0
-4.021932e-01  3.933023e-01  0
-3.775514e-01 -1.714288e-01  0
-2.651964e-01  1.786371e-01  0
-4.494655e-01  3.685006e-02  0
 4.344041e-01  2.814759e-01  0
-3.827041e-01  4.091832e-01  0
 2.357681e-01  3.332910e-01  0
-2.445119e-01  1.425725e-01  1.502579e-01
 5.240362e-02 -7.028263e-02  0
-7.615844e-02  2.867566e-01 -4.277806e-01
-1.347369e-01  2.012413e-01  0
-3.681383e-01 -3.679511e-01 -1.481248e-01
 3.852214e-03  3.597681e-01  0
-1.568831e-01 -8.241027e-02  0
 4.248269e-01  4.448250e-01  0
-1.245984e-01 -5.188479e-02  0
-6.071405e-02  1.301002e-01  0
 1.350925e-01 -3.683931e-01  0
-4.479884e-02  8.069365e-02  0
-3.836312e-01 -1.228464e-01  0
 4.433052e-01 -3.848559e-02  0
-1.297867e-01 -1.139941e-01 -2.969541e-01
-8.445032e-02 -1.111070e-02 -2.369968e-01
-3.032830e-01  5.122187e-02 -1.432044e-01
-3.061962e-01  3.693186e-01 -2.728775e-01
-2.653522e-02 -2.879288e-01 -4.320880e-01
-3.403950e-01  1.991714e-01 -3.986052e-01
-1.792866e-01  3.815359e-01 -3.885511e-01
-8.404718e-02 -4.472104e-01  1.999933e-01
 2.745583e-01  1.641449e-02 -4.189743e-01
 5.631996e-02  3.967112e-01 -4.446981e-01
 2.456711e-01  2.772954e-01  4.405352e-01
-3.192342e-01 -3.663179e-01  4.171771e-01
 2.272818e-01  1.750202e-02 -3.490099e-01
-3.230487e-01 -2.706520e-01  0
-3.857516e-01 -3.630302e-01  0
 1.771973e-01 -1.224940e-01  3.625355e-01
-2.081705e-01  2.627006e-01  2.734782e-01
 1.918714e-01 -2.954206e-01  2.332449e-01
 1.917651e-01  3.265705e-01  0
 1.053206e-01 -2.808948e-01  0
 6.445219e-02 -2.266622e-01  0
 6.878609e-02 -1.482897e-01  0