 709  90  1.200000e-05  5 -2 -2
 16  18  0  0  0  3  2.954447e-01  1.000000e-07
 16  14  0  0  0  3  3.325842e-01  1.000000e-07
 16  38  1  1  0  3  4.781191e-01  1.000000e-07
 16  17  0  0  0  3  3.226157e-01  1.000000e-07
 16  15  0  1  0  3  5.423742e-01  1.000000e-07
 16  54  1  1  0  3  4.461591e-01  1.000000e-07
 16  24  0  0  0  3  3.022406e-01  1.000000e-07
 16  39  1  0  0  3  2.559936e-01  1.000000e-07
 16  43  0  0  1  3  3.153972e-01  1.000000e-07
 19  23  0  0  0  3  2.219133e-01  1.000000e-07
 19  22  0  0  0  3  3.900141e-01  1.000000e-07
 19  24  0  0  0  3  5.511271e-02  1.000000e-07
 19  40  0  0  1  3  5.374717e-01  1.000000e-07
 19  41  0  0  1  3  5.263241e-01  1.000000e-07
 19  55  0  0  1  3  5.162995e-01  1.000000e-07
 19  44  0  1  1  3  6.008876e-01  1.000000e-07
 19  45  0  0  1  3  2.995188e-01  1.000000e-07
 23  18  0  0  0  3  2.784987e-01  1.000000e-07
 23  17  0  0  0  3  3.401802e-01  1.000000e-07
 23  15  0  0  0  3  5.826396e-01  1.000000e-07
 23  24  0  0  0  3  2.482224e-01  1.000000e-07
 23  39  1  0  0  3  3.111382e-01  1.000000e-07
 23  40  0  1  1  3  6.821498e-01  1.000000e-07
 23  41  0  1  1  3  7.497118e-01  1.000000e-07
 23  43  0  0  1  3  2.380002e-01  1.000000e-07
 18  48  1  0  0  3  5.351439e-01  1.000000e-07
 18  14  0  0  0  3  6.894352e-02  1.000000e-07
 18  13  0  1  0  3  4.291384e-01  1.000000e-07
 18  17  0  0  0  3  3.958845e-01  1.000000e-07
 18  24  0  0  0  3  1.280506e-01  1.000000e-07
 18  40  0  1  1  3  6.858007e-01  1.000000e-07
 18  44  0  1  1  3  5.811366e-01  1.000000e-07
 48  13 -1  1  0  3  5.501474e-01  1.000000e-07
 48  27  0  1  0  3  3.803837e-01  1.000000e-07
 48  25  0  0  0  3  4.019047e-01  1.000000e-07
 48  20  0  0  0  3  4.743451e-01  1.000000e-07
 48  39  0  0  0  3  2.474374e-01  1.000000e-07
 14  17  0  0  0  3  3.713841e-01  1.000000e-07
 14  15  0  1  0  3  4.066142e-01  1.000000e-07
 14  27  0  1  0  3  4.057734e-01  1.000000e-07
 14  25  0  0  0  3  1.467246e-01  1.000000e-07
 14  26  0  0  0  3  3.697507e-01  1.000000e-07
 13  38  1  0  0  3  4.247167e-01  1.000000e-07
 13  17  0  0  0  3  3.630324e-01  1.000000e-07
 13  25  0 -1  0  3  5.631336e-01  1.000000e-07
 13  54  1  0  0  3  3.705535e-01  1.000000e-07
 38  22  0 -1  0  3  3.008198e-01  1.000000e-07
 38  27  0  0  0  3  2.165497e-01  1.000000e-07
 38  54  0  0  0  3  1.786279e-01  1.000000e-07
 38  40 -1  0  1  3  3.961283e-01  1.000000e-07
 38  89  0 -1  1  3  4.205717e-01  1.000000e-07
 38  44  0  0  1  3  2.579879e-01  1.000000e-07
 38  35  0  0  1  3  2.840480e-01  1.000000e-07
 22  25  0  0  0  3  4.278810e-01  1.000000e-07
 22  24  0  0  0  3  3.869073e-01  1.000000e-07
 22  39  0  0  0  3  2.313630e-01  1.000000e-07
 22  89  0  0  1  3  3.663294e-01  1.000000e-07
 22  44  0  1  1  3  3.739772e-01  1.000000e-07
 22  45  0  0  1  3  3.552218e-01  1.000000e-07
 17  24  0  0  0  3  3.663782e-01  1.000000e-07
 17  39  1  0  0  3  4.279807e-01  1.000000e-07
 15  25  0 -1  0  3  5.096933e-01  1.000000e-07
 15  25  0  0  0  3  5.260751e-01  1.000000e-07
 15  24  0  0  0  3  5.394990e-01  1.000000e-07
 15  43  0  0  1  3  6.210607e-01  1.000000e-07
 27  21  0  0  0  3  1.466399e-01  1.000000e-07
 27  20  0  0  0  3  3.170942e-01  1.000000e-07
 27  54  0  0  0  3  1.811382e-01  1.000000e-07
 21  22  0 -1  0  3  3.346452e-01  1.000000e-07
 21  25  0  0  0  3  6.403812e-01  1.000000e-07
 21  20  0  0  0  3  2.410910e-01  1.000000e-07
 21  54  0  0  0  3  1.987807e-01  1.000000e-07
 21  26  0  0  0  3  4.986108e-01  1.000000e-07
 21  46  0  0  1  3  4.457217e-01  1.000000e-07
 21  42  0  0  1  3  3.344687e-01  1.000000e-07
 21  44  0  0  1  3  2.635894e-01  1.000000e-07
 25  24  0  0  0  3  1.973259e-01  1.000000e-07
 20  54  0  0  0  3  2.372190e-01  1.000000e-07
 20  26  0  0  0  3  4.510564e-01  1.000000e-07
 20  39  0  0  0  3  4.574442e-01  1.000000e-07
 20  46  0  0  1  3  4.875960e-01  1.000000e-07
 54  48  0 -1  0  3  3.036854e-01  1.000000e-07
 26  24  0  0  0  3  3.235235e-01  1.000000e-07
 26  39  0  0  0  3  2.002329e-01  1.000000e-07
 26  42  0  0  1  3  4.735112e-01  1.000000e-07
 26  45  0  0  1  3  2.865013e-01  1.000000e-07
 39  55 -1  0  1  3  4.627932e-01  1.000000e-07
 39  36 -1  0  1  3  3.627011e-01  1.000000e-07
 40  28  0  0  0  3  1.933252e-01  1.000000e-07
 40  46  1  0  0  3  3.192516e-01  1.000000e-07
 40  29  0  0  0  3  1.233649e-01  1.000000e-07
 40  36  0  0  0  3  1.133474e-01  1.000000e-07
 40  35  1  0  0  3  3.984980e-01  1.000000e-07
 49  41  0  0  0  3  3.476985e-01  1.000000e-07
 49  55  0  0  0  3  4.128227e-01  1.000000e-07
 49  89  0  0  0  3  3.854008e-01  1.000000e-07
 49  31  0  0  0  3  2.783644e-01  1.000000e-07
 49  43  0  0  0  3  4.295405e-01  1.000000e-07
 49  44  0  1  0  3  5.933837e-01  1.000000e-07
 49  66  0  0  0  3  3.050069e-01  1.000000e-07
 49  32  0  0  0  3  2.887551e-01  1.000000e-07
 28  41  0  0  0  3  1.554921e-01  1.000000e-07
 28  37  1 -1  0  3  6.764180e-01  1.000000e-07
 28  55  0 -1  0  3  7.147539e-01  1.000000e-07
 28  55  0  0  0  3  3.069488e-01  1.000000e-07
 28  89  1 -1  0  3  6.279367e-01  1.000000e-07
 28  36  0  0  0  3  1.924928e-01  1.000000e-07
 30  37  1  0  0  3  3.189303e-01  1.000000e-07
 30  34  1  0  0  3  3.543277e-01  1.000000e-07
 30  46  1  0  0  3  3.775586e-01  1.000000e-07
 30  55  0  0  0  3  6.963969e-02  1.000000e-07
 30  43  0  0  0  3  2.351623e-01  1.000000e-07
 30  36  0  0  0  3  2.640894e-01  1.000000e-07
 41  89  0 -1  0  3  5.970455e-01  1.000000e-07
 41  31  0  0  0  3  1.674557e-01  1.000000e-07
 41  44  0  0  0  3  4.069660e-01  1.000000e-07
 41  32  0  0  0  3  1.317478e-01  1.000000e-07
 41  45  0  0  0  3  3.666784e-01  1.000000e-07
 37  34  0  0  0  3  3.423309e-01  1.000000e-07
 37  46  0  0  0  3  3.541098e-01  1.000000e-07
 37  89  0  0  0  3  1.382438e-01  1.000000e-07
 37  66  0  0  0  3  4.865557e-01  1.000000e-07
 37  45  0  0  0  3  4.239242e-01  1.000000e-07
 34  46  0  0  0  3  6.426957e-02  1.000000e-07
 34  33  0  0  0  3  2.864345e-01  1.000000e-07
 34  42  0  0  0  3  2.839680e-01  1.000000e-07
 34  31  0  0  0  3  3.073765e-01  1.000000e-07
 34  36 -1  0  0  3  2.606617e-01  1.000000e-07
 34  35  0  0  0  3  3.667281e-01  1.000000e-07
 34  45  0  0  0  3  2.843471e-01  1.000000e-07
 46  42  0  0  0  3  2.944438e-01  1.000000e-07
 46  36 -1  0  0  3  2.679894e-01  1.000000e-07
 46  35  0  0  0  3  3.886378e-01  1.000000e-07
 55  43  0  0  0  3  1.936827e-01  1.000000e-07
 55  36  0  0  0  3  2.732015e-01  1.000000e-07
 55  32  0  1  0  3  7.630318e-01  1.000000e-07
 29  89  1 -1  0  3  5.811010e-01  1.000000e-07
 29  43  0  0  0  3  2.348854e-01  1.000000e-07
 29  36  0  0  0  3  9.824397e-02  1.000000e-07
 29  66  1  0  0  3  4.377025e-01  1.000000e-07
 29  35  1  0  0  3  4.594611e-01  1.000000e-07
 33  89  0 -1  0  3  4.128500e-01  1.000000e-07
 33  42  0  0  0  3  1.624792e-01  1.000000e-07
 33  31  0  0  0  3  1.381559e-01  1.000000e-07
 33  44  0  0  0  3  2.384015e-01  1.000000e-07
 33  66  0  0  0  3  1.367095e-01  1.000000e-07
 33  32  0  0  0  3  1.556639e-01  1.000000e-07
 33  35  0  0  0  3  2.133243e-01  1.000000e-07
 89  32  0  1  0  3  5.208589e-01  1.000000e-07
 89  35  0  1  0  3  2.585499e-01  1.000000e-07
 42  19  0  0 -1  3  5.099040e-01  1.000000e-07
 42  31  0  0  0  3  1.237495e-01  1.000000e-07
 42  32  0  0  0  3  2.040371e-01  1.000000e-07
 42  35  0  0  0  3  2.195032e-01  1.000000e-07
 31  66  0  0  0  3  2.386771e-01  1.000000e-07
 31  32  0  0  0  3  9.299626e-02  1.000000e-07
 31  45  0  0  0  3  2.821781e-01  1.000000e-07
 43  36  0  0  0  3  1.982034e-01  1.000000e-07
 43  45  0  0  0  3  3.761000e-01  1.000000e-07
 44  32  0  0  0  3  3.432052e-01  1.000000e-07
 44  45  0 -1  0  3  5.521287e-01  1.000000e-07
 66  30 -1  0  0  3  4.841033e-01  1.000000e-07
 66  32  0  0  0  3  2.354234e-01  1.000000e-07
 66  35  0  0  0  3  3.059809e-01  1.000000e-07
 27  68  0  0  0  3  3.194249e-01  1.000000e-07
 73  66  0  0  0  3  1.499034e-01  1.000000e-07
 17  53  0  0  0  3  1.260354e-01  1.000000e-07
 59  55  0  0  0  3  2.090507e-01  1.000000e-07
 48  58  0  0  0  3  2.740565e-01  1.000000e-07
 47  30 -1  0  0  3  2.105591e-01  1.000000e-07
 14  70  0  0  0  3  2.371116e-01  1.000000e-07
 9  55  0  0  0  3  2.344544e-01  1.000000e-07
 25  65  0  0  0  3  2.247210e-01  1.000000e-07
 5  66  0  0  0  3  2.730574e-01  1.000000e-07
 15  57  0  0  0  3  1.824893e-01  1.000000e-07
 75  28  0  0  0  3  2.959880e-01  1.000000e-07
 17  53  0  0  0  3  1.264656e-01  1.000000e-07
 59  29  0  0  0  3  3.078982e-01  1.000000e-07
 15  69  0  0  0  3  2.629610e-01  1.000000e-07
 86  89  0 -1  0  3  4.292410e-01  1.000000e-07
 13  62  1  0  0  3  2.492588e-01  1.000000e-07
 51  66  0  0  0  3  2.764164e-01  1.000000e-07
 13  83  0  0  0  3  1.252957e-01  1.000000e-07
 79  29  0  0  0  3  3.233834e-01  1.000000e-07
 54  8  0  0  0  3  2.271971e-01  1.000000e-07
 74  89  0 -1  0  3  2.834120e-01  1.000000e-07
 20  62  0  0  0  3  2.253527e-01  1.000000e-07
 51  66  0  0  0  3  1.428519e-01  1.000000e-07
 48  12  0  0  0  3  2.198962e-01  1.000000e-07
 84  37  0  0  0  3  1.857726e-01  1.000000e-07
 13  83  0  0  0  3  1.244460e-01  1.000000e-07
 76  28  0  0  0  3  3.008886e-01  1.000000e-07
 14  70  0  0  0  3  2.635805e-01  1.000000e-07
 50  30  0  0  0  3  2.226744e-01  1.000000e-07
 26  65  0  0  0  3  3.394593e-01  1.000000e-07
 11  49  0  0  0  3  1.636069e-01  1.000000e-07
 27  74  0  0  0  3  2.847278e-01  1.000000e-07
 0  89  0 -1  0  3  2.931954e-01  1.000000e-07
 27  68  0  0  0  3  2.854230e-01  1.000000e-07
 73  33  0  0  0  3  2.487924e-01  1.000000e-07
 26  64  0  0  0  3  4.020819e-01  1.000000e-07
 60  66  0  0  0  3  1.536371e-01  1.000000e-07
 54  84  0 -1  0  3  2.538172e-01  1.000000e-07
 88  37  0  0  0  3  2.149442e-01  1.000000e-07
 20  62  0  0  0  3  2.192838e-01  1.000000e-07
 51  29 -1  0  0  3  3.235178e-01  1.000000e-07
 56  67  0  0  0  2  3.710575e-01  2.000000e-07
 56  9  0  0  0  2  3.383741e-01  2.000000e-07
 56  69  0  0  0  2  2.552791e-01  2.000000e-07
 56  79  0  0  0  2  3.045384e-01  2.000000e-07
 56  50  0  0  0  2  4.101448e-01  2.000000e-07
 56  57  0  0  0  2  7.209956e-02  2.000000e-07
 56  78  0  0  0  2  1.096803e-01  2.000000e-07
 56  5  0  0  0  2  1.197975e-01  2.000000e-07
 56  73  0  0  0  2  3.710863e-01  2.000000e-07
 56  59  0  0  0  2  3.347691e-01  2.000000e-07
 56  60  0  0  0  2  2.810001e-01  2.000000e-07
 56  6  0  0  0  2  7.852416e-02  2.000000e-07
 56  61  0  0  0  2  3.129554e-01  2.000000e-07
 56  7  0  0  0  2  8.997748e-02  2.000000e-07
 56  53  0  0  0  2  3.961500e-01  2.000000e-07
 67  68  1  0  0  2  5.517097e-01  2.000000e-07
 67  79  0  0  0  2  1.132183e-01  2.000000e-07
 67  70  0 -1  0  2  3.380477e-01  2.000000e-07
 67  78  0  0  0  2  3.394312e-01  2.000000e-07
 67  71  0 -1  0  2  3.358721e-01  2.000000e-07
 67  72  1 -1  0  2  5.816213e-01  2.000000e-07
 67  82  0 -1  0  2  1.434481e-01  2.000000e-07
 67  8  1  0  0  2  3.132479e-01  2.000000e-07
 67  58  1 -1  0  2  5.025362e-01  2.000000e-07
 67  58  1  0  0  2  5.796830e-01  2.000000e-07
 67  84  1 -1  0  2  2.565864e-01  2.000000e-07
 67  10  0 -1  0  2  3.262880e-01  2.000000e-07
 67  73  1  0  0  2  4.263386e-01  2.000000e-07
 67  59  0  0  0  2  5.504616e-01  2.000000e-07
 67  86  0  0  0  2  3.511686e-01  2.000000e-07
 67  7  0  0  0  2  3.993790e-01  2.000000e-07
 67  4  0 -1  0  2  4.475052e-01  2.000000e-07
 67  4  1 -1  0  2  5.875379e-01  2.000000e-07
 67  88  1 -1  0  2  4.338488e-01  2.000000e-07
 67  76  0  0  0  2  1.223096e-01  2.000000e-07
 77  69  0  0  0  2  1.144681e-01  2.000000e-07
 77  79  0  0  0  2  2.738588e-01  2.000000e-07
 77  57  0  0  0  2  1.521364e-01  2.000000e-07
 77  82  0 -1  0  2  3.015717e-01  2.000000e-07
 77  83  0  0  0  2  2.404067e-01  2.000000e-07
 77  1  0 -1  0  2  3.268305e-01  2.000000e-07
 77  6  0  0  0  2  1.174157e-01  2.000000e-07
 77  3  0 -1  0  2  2.708501e-01  2.000000e-07
 77  2  0 -1  0  2  2.471971e-01  2.000000e-07
 77  75  0  0  0  2  1.960016e-01  2.000000e-07
 77  76  0  0  0  2  2.104192e-01  2.000000e-07
 68  78  0  0  0  2  1.973307e-01  2.000000e-07
 68  72  0  0  0  2  5.195038e-01  2.000000e-07
 68  5  0  0  0  2  2.012751e-01  2.000000e-07
 68  51  0  0  0  2  2.105411e-01  2.000000e-07
 68  84  0 -1  0  2  4.600202e-01  2.000000e-07
 68  73  0  0  0  2  1.307362e-01  2.000000e-07
 68  0  0  0  0  2  1.816763e-01  2.000000e-07
 68  74  0  0  0  2  1.562248e-01  2.000000e-07
 68  6  0  0  0  2  1.750098e-01  2.000000e-07
 68  7  0  0  0  2  3.209423e-01  2.000000e-07
 68  3  0 -1  0  2  4.395777e-01  2.000000e-07
 68  64  0  0  0  2  2.282568e-01  2.000000e-07
 68  65  0  0  0  2  4.219722e-01  2.000000e-07
 68  4  0 -1  0  2  3.420884e-01  2.000000e-07
 68  88  0 -1  0  2  3.459304e-01  2.000000e-07
 68  75  0  0  0  2  3.373931e-01  2.000000e-07
 68  76 -1  0  0  2  5.763453e-01  2.000000e-07
 68  76  0  0  0  2  4.421737e-01  2.000000e-07
 9  50  0  0  0  2  1.520090e-01  2.000000e-07
 9  57  0  0  0  2  3.550848e-01  2.000000e-07
 9  81  0  0  0  2  2.142931e-01  2.000000e-07
 9  71  0  0  0  2  1.971032e-01  2.000000e-07
 9  82  0  0  0  2  2.936476e-01  2.000000e-07
 9  10  0  0  0  2  2.162919e-01  2.000000e-07
 9  85  0  0  0  2  1.426001e-01  2.000000e-07
 9  52  0  0  0  2  2.340688e-01  2.000000e-07
 9  61  0  0  0  2  5.168055e-02  2.000000e-07
 9  53  0  0  0  2  2.253836e-01  2.000000e-07
 9  87  0  0  0  2  2.461498e-01  2.000000e-07
 9  63  0  0  0  2  1.148144e-01  2.000000e-07
 69  79  0  0  0  2  3.624569e-01  2.000000e-07
 69  78  0  0  0  2  1.456038e-01  2.000000e-07
 69  81  0 -1  0  2  2.649536e-01  2.000000e-07
 69  82  0 -1  0  2  3.089030e-01  2.000000e-07
 69  8  0  0  0  2  3.786759e-01  2.000000e-07
 69  73  0  0  0  2  2.631581e-01  2.000000e-07
 69  1  0 -1  0  2  2.569779e-01  2.000000e-07
 69  60  0  0  0  2  3.475846e-01  2.000000e-07
 69  74  0  0  0  2  1.601156e-01  2.000000e-07
 69  86  0  0  0  2  3.111872e-02  2.000000e-07
 69  6  0  0  0  2  1.917530e-01  2.000000e-07
 69  2  0 -1  0  2  2.142655e-01  2.000000e-07
 80  12  0  0  0  2  1.469706e-01  2.000000e-07
 80  81  0  0  0  2  1.597082e-01  2.000000e-07
 80  11  0  0  0  2  1.721389e-01  2.000000e-07
 80  72  0  0  0  2  7.655602e-02  2.000000e-07
 80  84  0  0  0  2  4.037197e-01  2.000000e-07
 80  85  0  0  0  2  1.471062e-01  2.000000e-07
 80  1  0  0  0  2  1.832410e-01  2.000000e-07
 80  60  0  0  0  2  3.691138e-01  2.000000e-07
 80  74  0  1  0  2  3.721876e-01  2.000000e-07
 80  86  0  1  0  2  3.253783e-01  2.000000e-07
 80  61  0  0  0  2  2.291930e-01  2.000000e-07
 80  63  0  0  0  2  3.196169e-01  2.000000e-07
 80  64  0  0  0  2  3.493118e-01  2.000000e-07
 80  65  0  0  0  2  6.754336e-02  2.000000e-07
 80  4  0  0  0  2  1.808320e-01  2.000000e-07
 12  81  0  0  0  2  2.868540e-01  2.000000e-07
 12  11  0  0  0  2  9.720120e-02  2.000000e-07
 12  47  0  0  0  2  2.750721e-01  2.000000e-07
 12  72  0  0  0  2  8.094281e-02  2.000000e-07
 12  58  0  0  0  2  2.798597e-01  2.000000e-07
 12  84  0  0  0  2  2.672541e-01  2.000000e-07
 12  52 -1  0  0  2  3.776784e-01  2.000000e-07
 12  74  0  1  0  2  3.492571e-01  2.000000e-07
 12  86  0  1  0  2  3.689608e-01  2.000000e-07
 12  64  0  0  0  2  3.136301e-01  2.000000e-07
 12  65  0  0  0  2  1.450518e-01  2.000000e-07
 12  88  0  0  0  2  1.682162e-01  2.000000e-07
 79  50  0  0  0  2  4.957647e-01  2.000000e-07
 79  57  0  0  0  2  2.337890e-01  2.000000e-07
 79  78  0  0  0  2  3.063437e-01  2.000000e-07
 79  82  0 -1  0  2  2.482012e-01  2.000000e-07
 79  51  1  0  0  2  3.052767e-01  2.000000e-07
 79  8  1  0  0  2  2.788873e-01  2.000000e-07
 79  58  1  0  0  2  4.725571e-01  2.000000e-07
 79  83  0  0  0  2  3.579499e-02  2.000000e-07
 79  84  1 -1  0  2  3.285878e-01  2.000000e-07
 79  10  0 -1  0  2  4.382114e-01  2.000000e-07
 79  52  0  0  0  2  5.082655e-01  2.000000e-07
 79  59  0  0  0  2  4.394596e-01  2.000000e-07
 79  86  0  0  0  2  3.746959e-01  2.000000e-07
 79  53  0  0  0  2  4.214391e-01  2.000000e-07
 79  62  1  0  0  2  3.114115e-01  2.000000e-07
 70  71  0  0  0  2  1.532555e-01  2.000000e-07
 70  72  0  0  0  2  3.609217e-01  2.000000e-07
 70  58  1  0  0  2  3.655202e-01  2.000000e-07
 70  84  1  0  0  2  3.805208e-01  2.000000e-07
 70  10  0  0  0  2  1.645876e-01  2.000000e-07
 70  85  0  0  0  2  1.453623e-01  2.000000e-07
 70  59  0  0  0  2  1.563212e-01  2.000000e-07
 70  7  0  0  0  2  3.487452e-01  2.000000e-07
 70  3  0  0  0  2  1.900499e-01  2.000000e-07
 70  53  0  0  0  2  2.347153e-01  2.000000e-07
 70  87  0  0  0  2  1.513688e-01  2.000000e-07
 70  2  0  0  0  2  2.043399e-01  2.000000e-07
 70  63  0  0  0  2  2.064872e-01  2.000000e-07
 70  4  0  0  0  2  3.488004e-01  2.000000e-07
 70  76  0  1  0  2  4.275356e-01  2.000000e-07
 50  71  0  0  0  2  2.914434e-01  2.000000e-07
 50  58  1  0  0  2  2.317535e-01  2.000000e-07
 50  10  0  0  0  2  8.454987e-02  2.000000e-07
 50  52  0  0  0  2  8.218098e-02  2.000000e-07
 50  59  0  0  0  2  7.538651e-02  2.000000e-07
 50  61  0  0  0  2  2.021833e-01  2.000000e-07
 50  53  0  0  0  2  9.851156e-02  2.000000e-07
 50  62  1  0  0  2  4.168140e-01  2.000000e-07
 57  83  0  0  0  2  1.992900e-01  2.000000e-07
 57  60  0  0  0  2  3.523175e-01  2.000000e-07
 57  6  0  0  0  2  1.306985e-01  2.000000e-07
 57  61  0  0  0  2  3.393587e-01  2.000000e-07
 57  53  0  0  0  2  3.689416e-01  2.000000e-07
 57  62  1  0  0  2  4.474667e-01  2.000000e-07
 57  63  0  0  0  2  2.402713e-01  2.000000e-07
 57  75  0  0  0  2  4.392716e-02  2.000000e-07
 78  71  0 -1  0  2  3.948772e-01  2.000000e-07
 78  5  0  0  0  2  1.836231e-01  2.000000e-07
 78  73  0  0  0  2  3.031683e-01  2.000000e-07
 78  0  0  0  0  2  2.110909e-01  2.000000e-07
 78  86  0  0  0  2  1.760751e-01  2.000000e-07
 78  7  0  0  0  2  1.983440e-01  2.000000e-07
 78  4  0 -1  0  2  3.317697e-01  2.000000e-07
 78  76  0  0  0  2  2.452548e-01  2.000000e-07
 81  71  0  0  0  2  3.665234e-02  2.000000e-07
 81  82  0  0  0  2  2.337841e-01  2.000000e-07
 81  10  0  0  0  2  3.396908e-01  2.000000e-07
 81  85  0  0  0  2  8.311619e-02  2.000000e-07
 81  1  0  0  0  2  2.353361e-02  2.000000e-07
 81  74  0  1  0  2  3.482948e-01  2.000000e-07
 81  86  0  1  0  2  2.361944e-01  2.000000e-07
 81  61  0  0  0  2  2.065280e-01  2.000000e-07
 81  87  0  0  0  2  2.421305e-01  2.000000e-07
 81  2  0  0  0  2  1.351315e-01  2.000000e-07
 81  65  0  0  0  2  2.191855e-01  2.000000e-07
 81  88  0  0  0  2  3.113343e-01  2.000000e-07
 71  72  0  0  0  2  2.418155e-01  2.000000e-07
 71  5  0  0  0  2  4.411909e-01  2.000000e-07
 71  82  0  0  0  2  2.009029e-01  2.000000e-07
 71  10  0  0  0  2  3.053821e-01  2.000000e-07
 71  0  0  1  0  2  3.164444e-01  2.000000e-07
 71  59  0  0  0  2  3.007039e-01  2.000000e-07
 71  86  0  1  0  2  2.471162e-01  2.000000e-07
 71  61  0  0  0  2  1.980098e-01  2.000000e-07
 71  7  0  0  0  2  4.355989e-01  2.000000e-07
 71  3  0  0  0  2  7.423093e-02  2.000000e-07
 71  65  0  0  0  2  2.476551e-01  2.000000e-07
 71  4  0  0  0  2  1.966813e-01  2.000000e-07
 71  88  0  0  0  2  3.459996e-01  2.000000e-07
 71  76  0  1  0  2  3.843801e-01  2.000000e-07
 11  47  0  0  0  2  2.181124e-01  2.000000e-07
 11  58  0  0  0  2  2.295134e-01  2.000000e-07
 11  52 -1  0  0  2  3.601121e-01  2.000000e-07
 11  60  0  0  0  2  2.795041e-01  2.000000e-07
 11  61  0  0  0  2  3.585833e-01  2.000000e-07
 11  64  0  0  0  2  2.167924e-01  2.000000e-07
 11  65  0  0  0  2  1.287207e-01  2.000000e-07
 11  88  0  0  0  2  2.643524e-01  2.000000e-07
 47  58  0  0  0  2  2.192998e-02  2.000000e-07
 47  84  0  0  0  2  3.282469e-01  2.000000e-07
 47  52 -1  0  0  2  1.813175e-01  2.000000e-07
 47  60  0  0  0  2  3.173737e-01  2.000000e-07
 47  53 -1  0  0  2  1.759405e-01  2.000000e-07
 47  62  0  0  0  2  2.351712e-01  2.000000e-07
 47  64  0  0  0  2  2.106876e-01  2.000000e-07
 47  65  0  0  0  2  3.442051e-01  2.000000e-07
 72  58  0  0  0  2  3.559707e-01  2.000000e-07
 72  84  0  0  0  2  3.274139e-01  2.000000e-07
 72  85  0  0  0  2  2.158430e-01  2.000000e-07
 72  1  0  0  0  2  2.282088e-01  2.000000e-07
 72  7  0  0  0  2  4.755828e-01  2.000000e-07
 72  3  0  0  0  2  2.872698e-01  2.000000e-07
 72  63  0  0  0  2  3.952034e-01  2.000000e-07
 72  64  0  0  0  2  3.517389e-01  2.000000e-07
 72  65  0  0  0  2  1.078732e-01  2.000000e-07
 72  4  0  0  0  2  1.559291e-01  2.000000e-07
 72  88  0  0  0  2  1.776178e-01  2.000000e-07
 5  73  0  0  0  2  3.310541e-01  2.000000e-07
 5  59  0  0  0  2  3.485842e-01  2.000000e-07
 5  60  0  0  0  2  1.810727e-01  2.000000e-07
 5  61  0  0  0  2  2.694407e-01  2.000000e-07
 5  7  0  0  0  2  1.460198e-01  2.000000e-07
 5  62  0  0  0  2  3.979268e-01  2.000000e-07
 5  65  0  0  0  2  2.951902e-01  2.000000e-07
 82  83  0  1  0  2  2.506729e-01  2.000000e-07
 82  84  1  0  0  2  2.926967e-01  2.000000e-07
 82  10  0  0  0  2  2.347503e-01  2.000000e-07
 82  1  0  0  0  2  2.105363e-01  2.000000e-07
 82  86  0  1  0  2  2.988789e-01  2.000000e-07
 82  87  0  0  0  2  7.013227e-02  2.000000e-07
 82  2  0  0  0  2  1.209638e-01  2.000000e-07
 51  8  0  0  0  2  6.777224e-02  2.000000e-07
 51  58  0  0  0  2  3.613787e-01  2.000000e-07
 51  83 -1  0  0  2  3.350223e-01  2.000000e-07
 51  84  0 -1  0  2  3.491771e-01  2.000000e-07
 51  73  0  0  0  2  1.237545e-01  2.000000e-07
 51  60  0  0  0  2  2.215657e-01  2.000000e-07
 51  74  0  0  0  2  2.398192e-01  2.000000e-07
 51  53 -1  0  0  2  4.242501e-01  2.000000e-07
 51  62  0  0  0  2  1.106053e-01  2.000000e-07
 51  64  0  0  0  2  2.190711e-01  2.000000e-07
 51  75 -1  0  0  2  4.695585e-01  2.000000e-07
 51  76 -1  0  0  2  3.679344e-01  2.000000e-07
 8  58  0  0  0  2  4.219142e-01  2.000000e-07
 8  84  0 -1  0  2  2.814250e-01  2.000000e-07
 8  10 -1 -1  0  2  5.168392e-01  2.000000e-07
 8  73  0  0  0  2  1.207232e-01  2.000000e-07
 8  60  0  0  0  2  2.785891e-01  2.000000e-07
 8  74  0  0  0  2  2.220208e-01  2.000000e-07
 8  86  0  0  0  2  3.828772e-01  2.000000e-07
 8  62  0  0  0  2  1.701146e-01  2.000000e-07
 8  88  0 -1  0  2  2.853867e-01  2.000000e-07
 58  84  0  0  0  2  3.142102e-01  2.000000e-07
 58  10 -1  0  0  2  2.172035e-01  2.000000e-07
 58  73  0  0  0  2  4.603733e-01  2.000000e-07
 58  52 -1  0  0  2  1.597365e-01  2.000000e-07
 58  59 -1  0  0  2  2.663831e-01  2.000000e-07
 58  60  0  0  0  2  3.392960e-01  2.000000e-07
 58  7 -1  0  0  2  4.505288e-01  2.000000e-07
 58  53 -1  0  0  2  1.591937e-01  2.000000e-07
 58  62  0  0  0  2  2.519805e-01  2.000000e-07
 58  63 -1  0  0  2  3.831387e-01  2.000000e-07
 58  64  0  0  0  2  2.326171e-01  2.000000e-07
 58  65  0  0  0  2  3.570254e-01  2.000000e-07
 58  75 -1  0  0  2  4.486307e-01  2.000000e-07
 58  76 -1  0  0  2  5.061858e-01  2.000000e-07
 83  84  1 -1  0  2  3.597099e-01  2.000000e-07
 83  53  0  0  0  2  4.136491e-01  2.000000e-07
 83  87  0 -1  0  2  3.096141e-01  2.000000e-07
 83  62  1  0  0  2  3.326289e-01  2.000000e-07
 83  2  0 -1  0  2  3.019032e-01  2.000000e-07
 83  75  0  0  0  2  2.050741e-01  2.000000e-07
 83  76  0  0  0  2  3.432696e-02  2.000000e-07
 84  10 -1  0  0  2  2.526982e-01  2.000000e-07
 84  52 -1  0  0  2  2.794661e-01  2.000000e-07
 84  74  0  1  0  2  3.417691e-01  2.000000e-07
 84  53 -1  0  0  2  3.630174e-01  2.000000e-07
 84  87 -1  0  0  2  2.653427e-01  2.000000e-07
 84  64  0  0  0  2  4.926205e-01  2.000000e-07
 84  4  0  0  0  2  3.603672e-01  2.000000e-07
 84  88  0  0  0  2  2.031475e-01  2.000000e-07
 84  88  0  0  0  2  2.031475e-01  2.000000e-07
 84  76 -1  1  0  2  3.686417e-01  2.000000e-07
 10  52  0  0  0  2  6.535233e-02  2.000000e-07
 10  59  0  0  0  2  1.599290e-01  2.000000e-07
 10  87  0  0  0  2  1.649388e-01  2.000000e-07
 10  88  1  0  0  2  4.276458e-01  2.000000e-07
 85  1  0  0  0  2  9.529066e-02  2.000000e-07
 85  61  0  0  0  2  1.256069e-01  2.000000e-07
 85  3  0  0  0  2  1.600781e-01  2.000000e-07
 85  53  0  0  0  2  3.602643e-01  2.000000e-07
 85  87  0  0  0  2  2.547963e-01  2.000000e-07
 85  63  0  0  0  2  2.327290e-01  2.000000e-07
 73  0  0  0  0  2  1.765396e-01  2.000000e-07
 73  60  0  0  0  2  2.165167e-01  2.000000e-07
 73  74  0  0  0  2  1.169115e-01  2.000000e-07
 73  86  0  0  0  2  2.712379e-01  2.000000e-07
 73  62  0  0  0  2  2.233311e-01  2.000000e-07
 73  88  0 -1  0  2  2.548017e-01  2.000000e-07
 52  53  0  0  0  2  8.733933e-02  2.000000e-07
 52  87  0  0  0  2  2.302168e-01  2.000000e-07
 52  62  1  0  0  2  3.762525e-01  2.000000e-07
 52  88  1  0  0  2  4.320514e-01  2.000000e-07
 1  74  0  1  0  2  3.506357e-01  2.000000e-07
 1  3  0  0  0  2  7.107149e-02  2.000000e-07
 1  87  0  0  0  2  2.210847e-01  2.000000e-07
 1  2  0  0  0  2  1.124694e-01  2.000000e-07
 1  4  0  0  0  2  1.758191e-01  2.000000e-07
 0  86  0  0  0  2  9.912116e-02  2.000000e-07
 0  4  0 -1  0  2  1.608051e-01  2.000000e-07
 0  88  0 -1  0  2  2.069718e-01  2.000000e-07
 0  76  0  0  0  2  4.001102e-01  2.000000e-07
 59  61  0  0  0  2  1.605826e-01  2.000000e-07
 59  7  0  0  0  2  2.447966e-01  2.000000e-07
 59  63  0  0  0  2  1.283591e-01  2.000000e-07
 59  65  0  0  0  2  3.940407e-01  2.000000e-07
 59  76  0  0  0  2  4.384287e-01  2.000000e-07
 60  74  0  0  0  2  2.845267e-01  2.000000e-07
 60  6  0  0  0  2  2.384996e-01  2.000000e-07
 60  61  0  0  0  2  3.981873e-01  2.000000e-07
 60  62  0  0  0  2  2.173250e-01  2.000000e-07
 60  63  0  0  0  2  3.848071e-01  2.000000e-07
 60  64  0  0  0  2  1.068160e-01  2.000000e-07
 60  65  0  0  0  2  3.019660e-01  2.000000e-07
 74  86  0  0  0  2  1.611482e-01  2.000000e-07
 74  6  0  0  0  2  2.600772e-01  2.000000e-07
 74  3  0 -1  0  2  3.417363e-01  2.000000e-07
 74  2  0 -1  0  2  3.499969e-01  2.000000e-07
 74  4  0 -1  0  2  1.978583e-01  2.000000e-07
 74  88  0 -1  0  2  1.936819e-01  2.000000e-07
 74  75  0  0  0  2  4.173204e-01  2.000000e-07
 74  76 -1  0  0  2  5.531333e-01  2.000000e-07
 86  65  0 -1  0  2  3.921118e-01  2.000000e-07
 86  88  0 -1  0  2  2.688507e-01  2.000000e-07
 6  61  0  0  0  2  3.719985e-01  2.000000e-07
 6  7  0  0  0  2  1.666999e-01  2.000000e-07
 6  63  0  0  0  2  2.967739e-01  2.000000e-07
 6  64  0  0  0  2  3.445214e-01  2.000000e-07
 6  75  0  0  0  2  1.647695e-01  2.000000e-07
 61  63  0  0  0  2  1.072159e-01  2.000000e-07
 61  65  0  0  0  2  2.335920e-01  2.000000e-07
 7  63  0  0  0  2  1.422836e-01  2.000000e-07
 7  64  0  0  0  2  4.164318e-01  2.000000e-07
 7  75  0  0  0  2  7.620465e-02  2.000000e-07
 7  76  0  0  0  2  2.772724e-01  2.000000e-07
 3  87  0  0  0  2  1.820001e-01  2.000000e-07
 3  2  0  0  0  2  4.174496e-02  2.000000e-07
 3  4  0  0  0  2  1.991511e-01  2.000000e-07
 3  75  0  1  0  2  4.381289e-01  2.000000e-07
 3  76  0  1  0  2  3.123615e-01  2.000000e-07
 53  87  0  0  0  2  3.004755e-01  2.000000e-07
 53  62  1  0  0  2  3.183509e-01  2.000000e-07
 53  63  0  0  0  2  2.250155e-01  2.000000e-07
 53  64  1  0  0  2  3.663294e-01  2.000000e-07
 53  75  0  0  0  2  3.250914e-01  2.000000e-07
 87  2  0  0  0  2  1.625561e-01  2.000000e-07
 87  63  0  0  0  2  3.530067e-01  2.000000e-07
 87  76  0  1  0  2  2.920732e-01  2.000000e-07
 62  64  0  0  0  2  1.615566e-01  2.000000e-07
 62  65  0  0  0  2  4.409776e-01  2.000000e-07
 2  76  0  1  0  2  2.713805e-01  2.000000e-07
 63  64  0  0  0  2  4.494448e-01  2.000000e-07
 63  75  0  0  0  2  2.048018e-01  2.000000e-07
 65  88  0  0  0  2  2.843574e-01  2.000000e-07
 4  88  0  0  0  2  1.577952e-01  2.000000e-07
 4  76  0  1  0  2  4.428822e-01  2.000000e-07
 75  76  0  0  0  2  2.010794e-01  2.000000e-07
 56  78  0  0  0  1  1.096803e-01  3.000000e-07
 56  5  0  0  0  1  1.197975e-01  3.000000e-07
 56  6  0  0  0  1  7.852416e-02  3.000000e-07
 56  7  0  0  0  1  8.997748e-02  3.000000e-07
 56  75  0  0  0  1  9.299745e-02  3.000000e-07
 67  79  0  0  0  1  1.132183e-01  3.000000e-07
 67  82  0 -1  0  1  1.434481e-01  3.000000e-07
 67  8  1  0  0  1  3.132479e-01  3.000000e-07
 67  84  1 -1  0  1  2.565864e-01  3.000000e-07
 67  87  0 -1  0  1  1.899857e-01  3.000000e-07
 67  76  0  0  0  1  1.223096e-01  3.000000e-07
 77  69  0  0  0  1  1.144681e-01  3.000000e-07
 77  57  0  0  0  1  1.521364e-01  3.000000e-07
 77  78  0  0  0  1  6.025339e-02  3.000000e-07
 77  86  0  0  0  1  1.408521e-01  3.000000e-07
 77  2  0 -1  0  1  2.471971e-01  3.000000e-07
 77  76  0  0  0  1  2.104192e-01  3.000000e-07
 68  69  0  0  0  1  2.201194e-01  3.000000e-07
 68  78  0  0  0  1  1.973307e-01  3.000000e-07
 68  51  0  0  0  1  2.105411e-01  3.000000e-07
 68  73  0  0  0  1  1.307362e-01  3.000000e-07
 68  0  0  0  0  1  1.816763e-01  3.000000e-07
 68  60  0  0  0  1  1.343009e-01  3.000000e-07
 68  74  0  0  0  1  1.562248e-01  3.000000e-07
 68  6  0  0  0  1  1.750098e-01  3.000000e-07
 9  70  0  0  0  1  9.527405e-02  3.000000e-07
 9  50  0  0  0  1  1.520090e-01  3.000000e-07
 9  85  0  0  0  1  1.426001e-01  3.000000e-07
 9  59  0  0  0  1  1.199753e-01  3.000000e-07
 9  61  0  0  0  1  5.168055e-02  3.000000e-07
 9  63  0  0  0  1  1.148144e-01  3.000000e-07
 69  78  0  0  0  1  1.456038e-01  3.000000e-07
 69  0  0  0  0  1  1.015383e-01  3.000000e-07
 80  81  0  0  0  1  1.597082e-01  3.000000e-07
 80  72  0  0  0  1  7.655602e-02  3.000000e-07
 80  85  0  0  0  1  1.471062e-01  3.000000e-07
 80  65  0  0  0  1  6.754336e-02  3.000000e-07
 80  4  0  0  0  1  1.808320e-01  3.000000e-07
 12  11  0  0  0  1  9.720120e-02  3.000000e-07
 12  72  0  0  0  1  8.094281e-02  3.000000e-07
 12  58  0  0  0  1  2.798597e-01  3.000000e-07
 12  65  0  0  0  1  1.450518e-01  3.000000e-07
 12  88  0  0  0  1  1.682162e-01  3.000000e-07
 79  62  1  0  0  1  3.114115e-01  3.000000e-07
 79  76  0  0  0  1  6.371495e-02  3.000000e-07
 70  50  0  0  0  1  1.382073e-01  3.000000e-07
 70  71  0  0  0  1  1.532555e-01  3.000000e-07
 70  10  0  0  0  1  1.645876e-01  3.000000e-07
 70  3  0  0  0  1  1.900499e-01  3.000000e-07
 70  87  0  0  0  1  1.513688e-01  3.000000e-07
 50  10  0  0  0  1  8.454987e-02  3.000000e-07
 50  52  0  0  0  1  8.218098e-02  3.000000e-07
 50  59  0  0  0  1  7.538651e-02  3.000000e-07
 50  53  0  0  0  1  9.851156e-02  3.000000e-07
 57  78  0  0  0  1  1.315700e-01  3.000000e-07
 57  76  0  0  0  1  1.880555e-01  3.000000e-07
 78  6  0  0  0  1  5.729646e-02  3.000000e-07
 81  85  0  0  0  1  8.311619e-02  3.000000e-07
 81  4  0  0  0  1  1.656417e-01  3.000000e-07
 71  85  0  0  0  1  8.591996e-02  3.000000e-07
 71  3  0  0  0  1  7.423093e-02  3.000000e-07
 11  47  0  0  0  1  2.181124e-01  3.000000e-07
 11  58  0  0  0  1  2.295134e-01  3.000000e-07
 11  64  0  0  0  1  2.167924e-01  3.000000e-07
 11  65  0  0  0  1  1.287207e-01  3.000000e-07
 47  53 -1  0  0  1  1.759405e-01  3.000000e-07
 47  62  0  0  0  1  2.351712e-01  3.000000e-07
 47  64  0  0  0  1  2.106876e-01  3.000000e-07
 72  65  0  0  0  1  1.078732e-01  3.000000e-07
 72  4  0  0  0  1  1.559291e-01  3.000000e-07
 72  88  0  0  0  1  1.776178e-01  3.000000e-07
 5  60  0  0  0  1  1.810727e-01  3.000000e-07
 5  6  0  0  0  1  1.265846e-01  3.000000e-07
 5  61  0  0  0  1  2.694407e-01  3.000000e-07
 5  7  0  0  0  1  1.460198e-01  3.000000e-07
 5  63  0  0  0  1  2.214957e-01  3.000000e-07
 82  87  0  0  0  1  7.013227e-02  3.000000e-07
 82  2  0  0  0  1  1.209638e-01  3.000000e-07
 82  76  0  1  0  1  2.294591e-01  3.000000e-07
 51  8  0  0  0  1  6.777224e-02  3.000000e-07
 51  73  0  0  0  1  1.237545e-01  3.000000e-07
 51  60  0  0  0  1  2.215657e-01  3.000000e-07
 8  79 -1  0  0  1  2.788873e-01  3.000000e-07
 8  73  0  0  0  1  1.207232e-01  3.000000e-07
 8  62  0  0  0  1  1.701146e-01  3.000000e-07
 8  88  0 -1  0  1  2.853867e-01  3.000000e-07
 58  84  0  0  0  1  3.142102e-01  3.000000e-07
 58  52 -1  0  0  1  1.597365e-01  3.000000e-07
 58  53 -1  0  0  1  1.591937e-01  3.000000e-07
 83  53  0  0  0  1  4.136491e-01  3.000000e-07
 83  62  1  0  0  1  3.326289e-01  3.000000e-07
 83  75  0  0  0  1  2.050741e-01  3.000000e-07
 84  10 -1  0  0  1  2.526982e-01  3.000000e-07
 84  52 -1  0  0  1  2.794661e-01  3.000000e-07
 84  87 -1  0  0  1  2.653427e-01  3.000000e-07
 84  88  0  0  0  1  2.031475e-01  3.000000e-07
 10  52  0  0  0  1  6.535233e-02  3.000000e-07
 10  87  0  0  0  1  1.649388e-01  3.000000e-07
 85  61  0  0  0  1  1.256069e-01  3.000000e-07
 85  65  0  0  0  1  1.862888e-01  3.000000e-07
 73  74  0  0  0  1  1.169115e-01  3.000000e-07
 73  88  0 -1  0  1  2.548017e-01  3.000000e-07
 52  53  0  0  0  1  8.733933e-02  3.000000e-07
 1  3  0  0  0  1  7.107149e-02  3.000000e-07
 1  4  0  0  0  1  1.758191e-01  3.000000e-07
 0  74  0  0  0  1  6.236841e-02  3.000000e-07
 0  86  0  0  0  1  9.912116e-02  3.000000e-07
 0  88  0 -1  0  1  2.069718e-01  3.000000e-07
 59  53  0  0  0  1  1.083957e-01  3.000000e-07
 59  63  0  0  0  1  1.283591e-01  3.000000e-07
 59  75  0  0  0  1  2.836419e-01  3.000000e-07
 60  62  0  0  0  1  2.173250e-01  3.000000e-07
 60  64  0  0  0  1  1.068160e-01  3.000000e-07
 60  65  0  0  0  1  3.019660e-01  3.000000e-07
 74  88  0 -1  0  1  1.936819e-01  3.000000e-07
 86  3  0 -1  0  1  1.979260e-01  3.000000e-07
 86  2  0 -1  0  1  1.964622e-01  3.000000e-07
 86  4  0 -1  0  1  1.569323e-01  3.000000e-07
 61  63  0  0  0  1  1.072159e-01  3.000000e-07
 61  65  0  0  0  1  2.335920e-01  3.000000e-07
 7  63  0  0  0  1  1.422836e-01  3.000000e-07
 7  75  0  0  0  1  7.620465e-02  3.000000e-07
 3  87  0  0  0  1  1.820001e-01  3.000000e-07
 3  4  0  0  0  1  1.991511e-01  3.000000e-07
 87  2  0  0  0  1  1.625561e-01  3.000000e-07
 62  64  0  0  0  1  1.615566e-01  3.000000e-07
 2  76  0  1  0  1  2.713805e-01  3.000000e-07
 63  75  0  0  0  1  2.048018e-01  3.000000e-07
 64  65  0  0  0  1  2.833587e-01  3.000000e-07
 4  0  0  1  0  1  1.608051e-01  3.000000e-07
 75  76  0  0  0  1  2.010794e-01  3.000000e-07
-9.855348e-02 -4.044588e-01  0
 7.947439e-02  3.586306e-01  0
 1.488100e-01  4.471853e-01  0
 1.198491e-01  4.171203e-01  0
-7.840471e-02  4.360034e-01  0
 3.601779e-03 -8.467272e-02  0
 3.537067e-02 -2.072059e-01  0
 1.496172e-01 -8.581160e-02  0
-3.647316e-01 -3.043273e-01  0
 1.815490e-01  1.686321e-01  0
 3.843480e-01  2.438301e-01  0
-2.250427e-01  1.767869e-01  0
-2.176589e-01  2.737072e-01  0
 3.321320e-01 -2.911664e-01  1.111915e-01
 1.059791e-01  3.165773e-01  1.977298e-01
 1.596935e-01 -2.816426e-01  1.657524e-01
 3.865266e-01  2.701205e-01  3.702033e-01
 3.716390e-01  6.964801e-02  1.178741e-01
 1.310974e-01  3.555365e-01  2.487636e-01
 1.008637e-01  2.217015e-01  3.424080e-01
-4.019603e-01 -1.897447e-01  1.945188e-01
-2.430739e-01 -2.937042e-01  3.430867e-01
-2.574299e-01  3.731156e-01  3.708762e-01
 3.104198e-01  2.227550e-01  4.154191e-01
 9.662771e-02  2.394557e-01  2.904055e-01
 4.108466e-02  2.268413e-01  1.014787e-01
-2.233320e-01  2.040985e-01  3.227033e-01
-1.628352e-01 -3.864996e-01  2.627497e-01
 2.659382e-01 -1.119943e-01 -2.688417e-01
 3.691776e-01 -8.769876e-02 -2.869811e-01
 3.888242e-01  1.636618e-01 -1.670433e-01
-5.316514e-02 -1.056306e-01 -2.855938e-01
-8.002302e-03 -1.350696e-01 -2.098180e-01
-1.564092e-01 -1.779364e-01 -2.290290e-01
-3.251130e-01  3.100829e-02 -3.286576e-01
-2.437983e-01 -3.255574e-01 -3.558297e-01
 4.216453e-01 -2.847916e-02 -3.452225e-01
-3.462196e-01  3.404046e-01 -1.836788e-01
-3.400691e-01 -3.377076e-01  3.772104e-01
-3.813541e-01  1.923952e-01  4.451174e-01
 4.113298e-01 -1.297806e-01 -3.950145e-01
 1.114067e-01 -1.288488e-01 -2.651378e-01
-1.139443e-01 -1.507587e-01 -3.834880e-01
 2.877208e-01  1.148366e-01 -3.736723e-01
-2.125646e-01 -3.359074e-01 -3.985194e-01
-8.230761e-02  1.291122e-01 -4.394476e-01
-3.267492e-01  5.265994e-02 -3.891482e-01
-4.276593e-01  9.604318e-02  0
-3.400469e-01  2.799846e-01  2.174178e-01
-8.152613e-02  1.388404e-01 -1.555311e-01
 3.333601e-01  1.763845e-01  0
-3.487308e-01 -2.384710e-01  0
 4.149656e-01  1.860937e-01  0
 3.964629e-01  1.007368e-01  0
-3.355104e-01 -4.163644e-01  2.168974e-01
 3.273214e-01  1.796780e-01 -1.955139e-01
 9.745383e-02 -1.591255e-01  0
 1.643433e-01 -1.860356e-01  0
-4.446106e-01  1.099564e-01  0
 2.890617e-01  1.153863e-01  0
-1.769386e-01 -9.854667e-02  0
 1.326719e-01  1.518420e-01  0
-3.909685e-01 -1.362482e-01  0
 1.763685e-01  5.393460e-02  0
-2.638845e-01 -3.649760e-02  0
-9.731340e-02  1.927320e-01  0
-2.268196e-01 -1.273937e-01 -1.233062e-01
 3.491253e-01 -4.317885e-01  0
-1.384902e-01 -2.272263e-01  0
 2.643953e-03 -3.961456e-01  0
 2.201903e-01  2.557182e-01  0
 9.676685e-02  3.465693e-01  0
-1.388750e-01  2.922773e-01  0
-2.440084e-01 -3.044134e-01  0
-1.568775e-01 -3.823653e-01  0
 1.900420e-01 -1.504102e-01  0
 2.931816e-01 -3.230230e-01  0
 8.293276e-02 -3.145572e-01  0
 5.598672e-02 -2.606649e-01  0
 3.567583e-01 -3.188278e-01  0
-7.184672e-02  2.552904e-01  0
 6.013957e-02  3.452143e-01  0
 2.697640e-01  4.487160e-01  0
 3.232001e-01 -3.063727e-01  0
-4.385755e-01  4.241086e-01  0
 7.503340e-02  2.634435e-01  0
-2.009448e-03 -4.269144e-01  0
 2.989855e-01  3.849615e-01  0
-2.361238e-01  4.409069e-01  0
-2.977680e-01  4.363984e-01 -2.705637e-01