 725  90  1.200000e-05  65 -2 -2
 29  45  0  0  0  3  1.651836e-01  1.000000e-07
 29  46 -1  0  0  3  6.031739e-01  1.000000e-07
 29  34  0  0  0  3  9.260125e-02  1.000000e-07
 29  30  0  0  0  3  2.142407e-01  1.000000e-07
 29  32  0  0  0  3  4.114951e-01  1.000000e-07
 29  31  0  0  0  3  3.112332e-01  1.000000e-07
 29  38 -1  0  0  3  7.084570e-01  1.000000e-07
 29  38  0  0  0  3  3.061298e-01  1.000000e-07
 29  88  0  0  1  3  4.359375e-01  1.000000e-07
 17  15  0  0  0  3  3.192166e-01  1.000000e-07
 17  42  0  0  0  3  2.788533e-01  1.000000e-07
 17  13  0  0  0  3  2.306425e-01  1.000000e-07
 17  38 -1  0  0  3  6.719963e-01  1.000000e-07
 17  88  0  0  1  3  5.624891e-01  1.000000e-07
 17  39  0  0  1  3  3.106247e-01  1.000000e-07
 17  14  0  0  1  3  2.287366e-01  1.000000e-07
 17  41  0  0  1  3  2.613515e-01  1.000000e-07
 45  46 -1  0  0  3  6.281940e-01  1.000000e-07
 45  18  0  0  0  3  3.299590e-01  1.000000e-07
 45  16  0  0  0  3  3.111895e-01  1.000000e-07
 45  13  0  0  0  3  1.771244e-01  1.000000e-07
 45  31  0  0  0  3  3.716682e-01  1.000000e-07
 46  18  0  0  0  3  3.846561e-01  1.000000e-07
 46  27  1 -1  0  3  5.908666e-01  1.000000e-07
 46  30  1  0  0  3  6.278852e-01  1.000000e-07
 46  19  1  0  0  3  6.905730e-01  1.000000e-07
 46  43  0 -1  0  3  4.893176e-01  1.000000e-07
 46  31  1  0  0  3  3.945625e-01  1.000000e-07
 34  30  0  0  0  3  2.861598e-01  1.000000e-07
 34  88  0  0  1  3  4.114805e-01  1.000000e-07
 34  28  0  0  1  3  3.932242e-01  1.000000e-07
 34  35  0  0  1  3  4.122050e-01  1.000000e-07
 34  20  0  0  1  3  4.077206e-01  1.000000e-07
 34  63  0  0  1  3  3.975384e-01  1.000000e-07
 34  22  0  0  1  3  3.422062e-01  1.000000e-07
 34  41  0  0  1  3  2.325451e-01  1.000000e-07
 15  16  0  0  0  3  1.287416e-01  1.000000e-07
 15  43  0  0  0  3  1.473659e-01  1.000000e-07
 15  42  0  0  0  3  1.589019e-01  1.000000e-07
 15  38  0  0  0  3  2.970452e-01  1.000000e-07
 18  16  0  0  0  3  1.529882e-01  1.000000e-07
 18  19  1  0  0  3  6.979948e-01  1.000000e-07
 18  13  1  0  0  3  6.952189e-01  1.000000e-07
 18  38  0  0  0  3  1.313087e-01  1.000000e-07
 27  33  0  1  0  3  4.399905e-01  1.000000e-07
 27  32  0  1  0  3  3.947511e-01  1.000000e-07
 27  43 -1  0  0  3  5.298196e-01  1.000000e-07
 27  88  0  0  1  3  5.913101e-01  1.000000e-07
 27  39  0  0  1  3  3.100384e-01  1.000000e-07
 27  40  0  0  1  3  1.955588e-01  1.000000e-07
 16  19  0  0  0  3  2.078769e-01  1.000000e-07
 16  44  0  0  0  3  1.882233e-01  1.000000e-07
 16  43  0  0  0  3  2.006612e-01  1.000000e-07
 30  44  0 -1  0  3  6.037408e-01  1.000000e-07
 30  32  0  0  0  3  3.833919e-01  1.000000e-07
 30  38  0  0  0  3  3.311956e-01  1.000000e-07
 19  44  0  0  0  3  1.539629e-01  1.000000e-07
 19  13  0  0  0  3  1.569600e-01  1.000000e-07
 19  38  0  0  0  3  3.228383e-01  1.000000e-07
 33  44  0 -1  0  3  4.074104e-01  1.000000e-07
 33  32  0  0  0  3  9.601061e-02  1.000000e-07
 33  43  0 -1  0  3  3.544865e-01  1.000000e-07
 33  42  0 -1  0  3  2.106024e-01  1.000000e-07
 33  31  0  0  0  3  4.155783e-01  1.000000e-07
 33  38  0  0  0  3  4.427158e-01  1.000000e-07
 33  28  0  0  1  3  2.705307e-01  1.000000e-07
 44  13  0  0  0  3  2.640360e-01  1.000000e-07
 32  42  0 -1  0  3  1.956042e-01  1.000000e-07
 32  31  0  0  0  3  3.684356e-01  1.000000e-07
 32  28  0  0  1  3  2.155030e-01  1.000000e-07
 32  35  0  0  1  3  2.884262e-01  1.000000e-07
 32  71  0 -1  1  3  3.499728e-01  1.000000e-07
 43  24  1  0  1  3  6.486201e-01  1.000000e-07
 43  21  0  0  1  3  5.233419e-01  1.000000e-07
 43  22  0  0  1  3  4.655271e-01  1.000000e-07
 42  13  0  0  0  3  3.767370e-01  1.000000e-07
 42  28  0  1  1  3  3.565726e-01  1.000000e-07
 42  37  0  0  1  3  4.839694e-01  1.000000e-07
 42  14  0  0  1  3  3.113350e-01  1.000000e-07
 42  71  0  0  1  3  2.767287e-01  1.000000e-07
 13  38 -1  0  0  3  7.100930e-01  1.000000e-07
 13  38  0  0  0  3  2.920526e-01  1.000000e-07
 13  14  0  0  1  3  3.256784e-01  1.000000e-07
 31  44  0 -1  0  3  5.471249e-01  1.000000e-07
 31  35  0  0  1  3  5.218175e-01  1.000000e-07
 31  40  0 -1  1  3  4.117658e-01  1.000000e-07
 38  14  0  0  1  3  4.594530e-01  1.000000e-07
 88  35  0  0  0  3  5.819360e-01  1.000000e-07
 88  39  0  0  0  3  4.061295e-01  1.000000e-07
 88  24  0  0  0  3  3.652826e-01  1.000000e-07
 88  26  0  0  0  3  5.876749e-01  1.000000e-07
 28  35  0  0  0  3  8.052202e-02  1.000000e-07
 28  36  0  0  0  3  1.850803e-01  1.000000e-07
 28  37  0 -1  0  3  4.035541e-01  1.000000e-07
 28  71  0 -1  0  3  3.648367e-01  1.000000e-07
 28  40  0 -1  0  3  4.893800e-01  1.000000e-07
 35  20  0  0  0  3  4.032000e-01  1.000000e-07
 35  36  0  0  0  3  1.407782e-01  1.000000e-07
 35  37  0 -1  0  3  3.900841e-01  1.000000e-07
 35  40  0 -1  0  3  5.111446e-01  1.000000e-07
 62  4  0  0  0  3  2.101714e-01  1.000000e-07
 62  39  0  0  0  3  2.729896e-01  1.000000e-07
 62  36 -1  1  0  3  4.062407e-01  1.000000e-07
 62  37 -1  0  0  3  2.111700e-01  1.000000e-07
 62  26  0  1  0  3  6.682635e-01  1.000000e-07
 62  40  0  0  0  3  3.107143e-01  1.000000e-07
 62  23  0  0  0  3  9.738253e-02  1.000000e-07
 4  63  0  0  0  3  2.083907e-01  1.000000e-07
 4  64 -1  0  0  3  4.464970e-01  1.000000e-07
 39  63  0  0  0  3  1.754181e-01  1.000000e-07
 39  24  0  0  0  3  8.021785e-02  1.000000e-07
 39  14  0  0  0  3  1.648414e-01  1.000000e-07
 39  40  0  0  0  3  1.709591e-01  1.000000e-07
 39  41  0  0  0  3  1.689276e-01  1.000000e-07
 20  63  0  0  0  3  2.063399e-01  1.000000e-07
 20  25  0  0  0  3  3.707299e-01  1.000000e-07
 20  64  0  0  0  3  3.411331e-01  1.000000e-07
 20  26  0  0  0  3  3.582435e-01  1.000000e-07
 20  41  0  0  0  3  3.183382e-01  1.000000e-07
 36  37  0 -1  0  3  3.203489e-01  1.000000e-07
 36  64  0  0  0  3  3.036672e-01  1.000000e-07
 36  26  0  0  0  3  1.849281e-01  1.000000e-07
 36  22  0  0  0  3  2.714577e-01  1.000000e-07
 36  23  1 -1  0  3  4.331570e-01  1.000000e-07
 63  14  0  0  0  3  2.711727e-01  1.000000e-07
 63  71  0  0  0  3  3.737972e-01  1.000000e-07
 63  41  0  0  0  3  2.219632e-01  1.000000e-07
 25  38  0  0 -1  3  4.807367e-01  1.000000e-07
 25  37  0  0  0  3  1.812184e-01  1.000000e-07
 25  21  0  0  0  3  1.439962e-01  1.000000e-07
 25  26  0  1  0  3  4.550949e-01  1.000000e-07
 25  22  0  0  0  3  3.343867e-01  1.000000e-07
 25  71  0  0  0  3  2.250895e-01  1.000000e-07
 25  41  0  0  0  3  3.975066e-01  1.000000e-07
 24  37 -1  0  0  3  4.208249e-01  1.000000e-07
 24  21 -1  0  0  3  4.467422e-01  1.000000e-07
 24  64 -1  0  0  3  4.797709e-01  1.000000e-07
 24  22 -1  0  0  3  5.687284e-01  1.000000e-07
 24  23  0  0  0  3  2.845866e-01  1.000000e-07
 24  41  0  0  0  3  2.194636e-01  1.000000e-07
 37  23  1  0  0  3  1.933120e-01  1.000000e-07
 21  62  1  0  0  3  3.787720e-01  1.000000e-07
 21  64  0  0  0  3  1.549690e-01  1.000000e-07
 21  22  0  0  0  3  2.659064e-01  1.000000e-07
 21  23  1  0  0  3  3.238931e-01  1.000000e-07
 64  26  0  0  0  3  3.203455e-01  1.000000e-07
 64  22  0  0  0  3  2.201293e-01  1.000000e-07
 26  22  0  0  0  3  3.210224e-01  1.000000e-07
 26  23  1 -1  0  3  5.027663e-01  1.000000e-07
 22  71  0  0  0  3  4.357134e-01  1.000000e-07
 14  71  0  0  0  3  1.928491e-01  1.000000e-07
 14  40  0  0  0  3  1.349025e-01  1.000000e-07
 14  41  0  0  0  3  1.212790e-01  1.000000e-07
 71  40  0  0  0  3  2.743953e-01  1.000000e-07
 71  41  0  0  0  3  2.709105e-01  1.000000e-07
 40  17  0  0 -1  3  2.227068e-01  1.000000e-07
 19  53  0  0  0  3  1.763438e-01  1.000000e-07
 48  63  0  0  0  3  2.236226e-01  1.000000e-07
 30  57  0  0  0  3  3.054385e-01  1.000000e-07
 77  62  0 -1  0  3  4.427592e-01  1.000000e-07
 27  87  0  0  0  3  4.140696e-01  1.000000e-07
 69  23  0  0  0  3  1.721011e-01  1.000000e-07
 44  47  0  0  0  3  1.599618e-01  1.000000e-07
 5  71  0  0  0  3  3.855229e-01  1.000000e-07
 44  50  0  0  0  3  2.126613e-01  1.000000e-07
 61  4  0  0  0  3  1.805766e-01  1.000000e-07
 16  58  0  0  0  3  2.045931e-01  1.000000e-07
 86  37  0  0  0  3  3.007663e-01  1.000000e-07
 44  49  0  0  0  3  2.547511e-01  1.000000e-07
 47  26  0  1  0  3  3.278510e-01  1.000000e-07
 43  85  1  0  0  3  4.225206e-01  1.000000e-07
 60  4  0  0  0  3  1.839509e-01  1.000000e-07
 33  81  0  0  0  3  3.158104e-01  1.000000e-07
 76  26  0  0  0  3  2.010001e-01  1.000000e-07
 46  84  0  0  0  3  2.746806e-01  1.000000e-07
 55  36  0  0  0  3  3.095604e-01  1.000000e-07
 31  89  0  0  0  3  3.971522e-01  1.000000e-07
 3  88  0  0  0  3  3.587304e-01  1.000000e-07
 30  54  0  0  0  3  2.978933e-01  1.000000e-07
 53  4  0  0  0  3  2.393816e-01  1.000000e-07
 15  66  0  0  0  3  2.652720e-01  1.000000e-07
 58  37  0  0  0  3  2.743256e-01  1.000000e-07
 18  86  0  0  0  3  2.078679e-01  1.000000e-07
 75  21  0  0  0  3  2.074116e-01  1.000000e-07
 15  80  0  1  0  3  3.107188e-01  1.000000e-07
 52  26  0  0  0  3  2.598990e-01  1.000000e-07
 16  86  0  0  0  3  1.902265e-01  1.000000e-07
 75  21  0  0  0  3  2.335952e-01  1.000000e-07
 27  59  0  0  0  3  3.942248e-01  1.000000e-07
 6  4  0  0  0  3  1.364942e-01  1.000000e-07
 16  66  0  0  0  3  2.777818e-01  1.000000e-07
 86  23  1  0  0  3  2.616114e-01  1.000000e-07
 18  51  0  0  0  3  2.579492e-01  1.000000e-07
 75  20  0  0  0  3  2.015596e-01  1.000000e-07
 45  54  0  0  0  3  2.966205e-01  1.000000e-07
 53  4  0  0  0  3  2.049406e-01  1.000000e-07
 45  68  0  0  0  3  3.673781e-01  1.000000e-07
 73  64 -1  0  0  3  3.600616e-01  1.000000e-07
 19  50  0  0  0  3  2.302768e-01  1.000000e-07
 54  4  0  0  0  3  1.767644e-01  1.000000e-07
 45  65  0  0  0  3  2.108137e-01  1.000000e-07
 9  63  0  0  0  3  2.406229e-01  1.000000e-07
 15  58  0  0  0  3  2.463775e-01  1.000000e-07
 86  25  0  0  0  3  2.612703e-01  1.000000e-07
 19  48  0  0  0  3  1.857704e-01  1.000000e-07
 65  20  0  0  0  3  1.747934e-01  1.000000e-07
 15  66  0  0  0  3  3.400839e-01  1.000000e-07
 86  23  1  0  0  3  2.253076e-01  1.000000e-07
 30  78  0  0  0  3  1.950529e-01  1.000000e-07
 0  88  0  0  0  3  4.199715e-01  1.000000e-07
 18  79  0  0  0  3  2.245634e-01  1.000000e-07
 74  64  0  0  0  3  2.030678e-01  1.000000e-07
 72  9  0  0  0  2  1.417722e-01  2.000000e-07
 72  10  0  0  0  2  2.547835e-01  2.000000e-07
 72  76  0  0  0  2  3.645766e-01  2.000000e-07
 72  55 -1  0  0  2  5.336549e-01  2.000000e-07
 72  56  0 -1  0  2  5.741410e-01  2.000000e-07
 72  84 -1  0  0  2  4.973557e-01  2.000000e-07
 72  78  0  0  0  2  1.152013e-01  2.000000e-07
 72  48  0  0  0  2  2.851648e-01  2.000000e-07
 72  50  0  0  0  2  2.823445e-01  2.000000e-07
 72  73  0  0  0  2  1.586947e-01  2.000000e-07
 72  82  0  0  0  2  2.239791e-01  2.000000e-07
 72  83 -1  0  0  2  4.412043e-01  2.000000e-07
 72  67 -1  0  0  2  4.357521e-01  2.000000e-07
 72  89  0  0  0  2  2.112929e-01  2.000000e-07
 72  68  0  0  0  2  7.650391e-02  2.000000e-07
 72  54  0  0  0  2  1.841492e-01  2.000000e-07
 72  3  0  0  0  2  2.770664e-01  2.000000e-07
 72  1  0  0  0  2  3.653628e-01  2.000000e-07
 72  12 -1  0  0  2  4.923907e-01  2.000000e-07
 60  65  0  0  0  2  4.401907e-01  2.000000e-07
 60  66 -1  0  0  2  2.698090e-01  2.000000e-07
 60  5  0  0  0  2  3.161061e-01  2.000000e-07
 60  79 -1  0  0  2  3.782697e-01  2.000000e-07
 60  73  0  0  0  2  1.840397e-01  2.000000e-07
 60  87  0  0  0  2  1.095328e-01  2.000000e-07
 60  61  0  0  0  2  2.597533e-01  2.000000e-07
 60  67 -1  0  0  2  2.188836e-01  2.000000e-07
 60  89  0  0  0  2  4.609679e-01  2.000000e-07
 60  68  0  0  0  2  2.678492e-01  2.000000e-07
 60  69  0  0  0  2  7.723628e-02  2.000000e-07
 60  3  0  0  0  2  4.677655e-01  2.000000e-07
 60  6  0  0  0  2  9.439703e-02  2.000000e-07
 60  70  0  0  0  2  2.802140e-01  2.000000e-07
 9  76  0  0  0  2  2.463260e-01  2.000000e-07
 9  77  0  0  0  2  4.111070e-01  2.000000e-07
 9  65  0  0  0  2  1.780990e-02  2.000000e-07
 9  58  0  0  0  2  3.748891e-01  2.000000e-07
 9  78  0  0  0  2  8.944819e-02  2.000000e-07
 9  75  0  0  0  2  3.466689e-01  2.000000e-07
 9  48  0  0  0  2  2.258259e-01  2.000000e-07
 9  7  0  0  0  2  2.309003e-01  2.000000e-07
 9  73  0  0  0  2  2.662758e-01  2.000000e-07
 9  82  0  0  0  2  1.375785e-01  2.000000e-07
 9  74  0  0  0  2  3.900298e-01  2.000000e-07
 9  61  0  0  0  2  3.493854e-01  2.000000e-07
 9  54  0  0  0  2  2.267578e-01  2.000000e-07
 9  53  0  0  0  2  2.043108e-01  2.000000e-07
 10  56  0  0  0  2  2.670410e-01  2.000000e-07
 10  85  0  0  0  2  1.684287e-01  2.000000e-07
 10  50  0  0  0  2  9.732408e-02  2.000000e-07
 10  73  0  0  0  2  1.036653e-01  2.000000e-07
 10  74 -1  0  0  2  4.006777e-01  2.000000e-07
 10  83 -1  0  0  2  4.274705e-01  2.000000e-07
 10  87  0  0  0  2  1.606763e-01  2.000000e-07
 10  61  0  0  0  2  2.043192e-01  2.000000e-07
 10  54  0  0  0  2  1.216966e-01  2.000000e-07
 10  12 -1  0  0  2  3.699238e-01  2.000000e-07
 10  53  0  0  0  2  1.984837e-01  2.000000e-07
 76  55  0  0  0  2  2.925230e-01  2.000000e-07
 76  11  0  0  0  2  1.477600e-01  2.000000e-07
 76  47  0 -1  0  2  4.763610e-01  2.000000e-07
 76  77  0  0  0  2  4.220700e-01  2.000000e-07
 76  84  0  0  0  2  2.114451e-01  2.000000e-07
 76  81  0  0  0  2  1.342423e-01  2.000000e-07
 76  75  0  0  0  2  3.233208e-01  2.000000e-07
 76  48  0  0  0  2  4.141130e-01  2.000000e-07
 76  49  0 -1  0  2  3.959502e-01  2.000000e-07
 76  7  0  0  0  2  5.895063e-02  2.000000e-07
 76  79  0  0  0  2  2.811371e-01  2.000000e-07
 76  82  0  0  0  2  1.481094e-01  2.000000e-07
 76  74  0  0  0  2  3.015530e-01  2.000000e-07
 76  83  0  0  0  2  2.606440e-01  2.000000e-07
 76  8  0 -1  0  2  4.100652e-01  2.000000e-07
 55  11  0  0  0  2  2.107005e-01  2.000000e-07
 55  56  1 -1  0  2  2.921032e-01  2.000000e-07
 55  47  0 -1  0  2  4.593784e-01  2.000000e-07
 55  57  1  0  0  2  4.921242e-01  2.000000e-07
 55  84  0  0  0  2  1.380350e-01  2.000000e-07
 55  66  0 -1  0  2  2.870999e-01  2.000000e-07
 55  81  0  0  0  2  1.584302e-01  2.000000e-07
 55  2  1  0  0  2  1.544079e-01  2.000000e-07
 55  49  0 -1  0  2  4.798384e-01  2.000000e-07
 55  82  0  0  0  2  4.331605e-01  2.000000e-07
 55  82  1  0  0  2  6.405739e-01  2.000000e-07
 55  80  0  0  0  2  9.530959e-02  2.000000e-07
 55  83  0  0  0  2  2.825612e-01  2.000000e-07
 55  89  1  0  0  2  3.377233e-01  2.000000e-07
 55  68  1  0  0  2  5.284740e-01  2.000000e-07
 55  3  1  0  0  2  2.582017e-01  2.000000e-07
 55  6  1 -1  0  2  4.294627e-01  2.000000e-07
 55  52  0  0  0  2  3.702019e-01  2.000000e-07
 11  84  0  0  0  2  8.286460e-02  2.000000e-07
 11  81  0  0  0  2  1.000653e-01  2.000000e-07
 11  49  0 -1  0  2  5.041400e-01  2.000000e-07
 11  79  0  0  0  2  1.966198e-01  2.000000e-07
 11  82  0  0  0  2  2.909972e-01  2.000000e-07
 11  80  0  0  0  2  2.190026e-01  2.000000e-07
 11  83  0  0  0  2  1.283483e-01  2.000000e-07
 11  67  0  0  0  2  3.557869e-01  2.000000e-07
 11  51  0  0  0  2  1.928476e-01  2.000000e-07
 11  52  0  0  0  2  3.649018e-01  2.000000e-07
 11  12  0  0  0  2  2.905563e-01  2.000000e-07
 56  47 -1  0  0  2  5.568056e-01  2.000000e-07
 56  77  0  1  0  2  2.469584e-01  2.000000e-07
 56  66 -1  0  0  2  2.262409e-01  2.000000e-07
 56  81 -1  1  0  2  4.488368e-01  2.000000e-07
 56  2  0  1  0  2  2.023129e-01  2.000000e-07
 56  85  0  0  0  2  1.641822e-01  2.000000e-07
 56  49  0  0  0  2  3.521934e-01  2.000000e-07
 56  59  0  0  0  2  1.653973e-01  2.000000e-07
 56  50  0  0  0  2  2.761789e-01  2.000000e-07
 56  82  0  1  0  2  5.715813e-01  2.000000e-07
 56  83 -1  1  0  2  5.369299e-01  2.000000e-07
 56  87  0  0  0  2  1.139088e-01  2.000000e-07
 56  67 -1  0  0  2  3.210177e-01  2.000000e-07
 56  8  0  0  0  2  3.221646e-01  2.000000e-07
 56  6  0  0  0  2  1.377537e-01  2.000000e-07
 56  1  0  1  0  2  2.550620e-01  2.000000e-07
 56  86 -1  0  0  2  3.700283e-01  2.000000e-07
 47  58  0  0  0  2  9.174417e-02  2.000000e-07
 47  66  0  0  0  2  3.367245e-01  2.000000e-07
 47  75  0  0  0  2  3.346468e-01  2.000000e-07
 47  48  0  0  0  2  1.603790e-01  2.000000e-07
 47  49  0  0  0  2  1.601827e-01  2.000000e-07
 47  50  0  0  0  2  2.684790e-01  2.000000e-07
 47  61  0  0  0  2  1.668907e-01  2.000000e-07
 47  8  0  0  0  2  1.827030e-01  2.000000e-07
 47  86  0  0  0  2  3.173172e-01  2.000000e-07
 47  12  0  0  0  2  3.787832e-01  2.000000e-07
 47  53  0  0  0  2  2.245972e-01  2.000000e-07
 77  57  0  0  0  2  1.320277e-01  2.000000e-07
 77  78  0  0  0  2  3.230059e-01  2.000000e-07
 77  2  0  0  0  2  2.392686e-01  2.000000e-07
 77  49  0 -1  0  2  2.094006e-01  2.000000e-07
 77  0  0  0  0  2  2.933488e-01  2.000000e-07
 77  7  0  0  0  2  3.631742e-01  2.000000e-07
 77  59  0 -1  0  2  2.476876e-01  2.000000e-07
 77  82  0  0  0  2  3.255202e-01  2.000000e-07
 77  87  0 -1  0  2  2.697632e-01  2.000000e-07
 77  89  0  0  0  2  2.148160e-01  2.000000e-07
 77  8  0 -1  0  2  1.846450e-01  2.000000e-07
 77  1  0  0  0  2  2.246043e-01  2.000000e-07
 77  70  0 -1  0  2  1.550953e-01  2.000000e-07
 65  57  0  0  0  2  3.085861e-01  2.000000e-07
 65  58  0  0  0  2  3.594235e-01  2.000000e-07
 65  78  0  0  0  2  1.062547e-01  2.000000e-07
 65  0  0  0  0  2  1.434810e-01  2.000000e-07
 65  7  0  0  0  2  2.311212e-01  2.000000e-07
 65  5  0  0  0  2  2.812008e-01  2.000000e-07
 65  79  0  0  0  2  3.526903e-01  2.000000e-07
 65  73  0  0  0  2  2.749735e-01  2.000000e-07
 65  61  0  0  0  2  3.432868e-01  2.000000e-07
 65  68  0  0  0  2  2.143386e-01  2.000000e-07
 65  70  0  0  0  2  4.941576e-01  2.000000e-07
 65  51  0  0  0  2  1.575724e-01  2.000000e-07
 65  52  0  0  0  2  3.972444e-01  2.000000e-07
 57  78  0  0  0  2  2.122814e-01  2.000000e-07
 57  49  0 -1  0  2  2.256638e-01  2.000000e-07
 57  0  0  0  0  2  1.924446e-01  2.000000e-07
 57  7  0  0  0  2  2.345839e-01  2.000000e-07
 57  82  0  0  0  2  1.949468e-01  2.000000e-07
 57  89  0  0  0  2  2.172698e-01  2.000000e-07
 57  8  0 -1  0  2  2.163096e-01  2.000000e-07
 57  68  0  0  0  2  3.552478e-01  2.000000e-07
 57  69  0 -1  0  2  4.393364e-01  2.000000e-07
 57  3  0  0  0  2  2.895307e-01  2.000000e-07
 57  6  0 -1  0  2  4.073644e-01  2.000000e-07
 57  70  0 -1  0  2  2.409070e-01  2.000000e-07
 57  51  0  0  0  2  3.369037e-01  2.000000e-07
 57  52  0  0  0  2  1.755054e-01  2.000000e-07
 84  81  0  0  0  2  1.041889e-01  2.000000e-07
 84  79  0  0  0  2  2.491870e-01  2.000000e-07
 84  83  0  0  0  2  1.500863e-01  2.000000e-07
 84  67  0  0  0  2  3.883837e-01  2.000000e-07
 84  89  1  0  0  2  3.375821e-01  2.000000e-07
 84  68  1  0  0  2  4.729361e-01  2.000000e-07
 84  3  1  0  0  2  2.525361e-01  2.000000e-07
 84  12  0  0  0  2  3.378505e-01  2.000000e-07
 58  66  0  0  0  2  2.596376e-01  2.000000e-07
 58  81  0  1  0  2  4.544048e-01  2.000000e-07
 58  75  0  0  0  2  2.504990e-01  2.000000e-07
 58  2  1  1  0  2  5.308349e-01  2.000000e-07
 58  7  0  1  0  2  4.788314e-01  2.000000e-07
 58  5  0  0  0  2  1.888118e-01  2.000000e-07
 58  79  0  0  0  2  3.387499e-01  2.000000e-07
 58  80  0  1  0  2  3.553441e-01  2.000000e-07
 58  87  1  0  0  2  5.445506e-01  2.000000e-07
 58  61  0  0  0  2  2.462079e-01  2.000000e-07
 58  8  0  0  0  2  2.711946e-01  2.000000e-07
 58  69  1  0  0  2  4.967186e-01  2.000000e-07
 58  86  0  0  0  2  2.258786e-01  2.000000e-07
 58  70  0  0  0  2  3.355567e-01  2.000000e-07
 58  51  0  0  0  2  3.827397e-01  2.000000e-07
 58  52  0  1  0  2  2.992034e-01  2.000000e-07
 58  53  0  0  0  2  2.601467e-01  2.000000e-07
 78  0  0  0  0  2  3.995978e-02  2.000000e-07
 78  7  0  0  0  2  2.178026e-01  2.000000e-07
 78  73  0  0  0  2  2.712159e-01  2.000000e-07
 78  89  0  0  0  2  2.373761e-01  2.000000e-07
 66  85  1  0  0  2  1.991265e-01  2.000000e-07
 66  49  0  0  0  2  4.499931e-01  2.000000e-07
 66  5  0  0  0  2  4.484122e-01  2.000000e-07
 66  79  0  0  0  2  3.371865e-01  2.000000e-07
 66  80  0  1  0  2  2.673229e-01  2.000000e-07
 66  67  0  0  0  2  2.032129e-01  2.000000e-07
 66  69  1  0  0  2  2.445330e-01  2.000000e-07
 66  6  1  0  0  2  3.005760e-01  2.000000e-07
 66  86  0  0  0  2  1.826997e-01  2.000000e-07
 66  51  0  0  0  2  5.099857e-01  2.000000e-07
 66  52  0  1  0  2  4.214640e-01  2.000000e-07
 66  12  0  0  0  2  2.435310e-01  2.000000e-07
 81  47  0 -1  0  2  4.500488e-01  2.000000e-07
 81  75  0  0  0  2  3.661164e-01  2.000000e-07
 81  2  1  0  0  2  3.018740e-01  2.000000e-07
 81  49  0 -1  0  2  4.158537e-01  2.000000e-07
 81  7  0  0  0  2  1.719995e-01  2.000000e-07
 81  79  0  0  0  2  2.958196e-01  2.000000e-07
 81  74  0  0  0  2  3.102648e-01  2.000000e-07
 81  80  0  0  0  2  1.300164e-01  2.000000e-07
 81  83  0  0  0  2  2.237040e-01  2.000000e-07
 81  8  0 -1  0  2  4.377768e-01  2.000000e-07
 81  3  1  0  0  2  3.507988e-01  2.000000e-07
 81  1  1  0  0  2  3.187657e-01  2.000000e-07
 81  86  0 -1  0  2  5.544420e-01  2.000000e-07
 75  48  0  0  0  2  3.011514e-01  2.000000e-07
 75  85  1  0  0  2  3.315579e-01  2.000000e-07
 75  7  0  0  0  2  3.713677e-01  2.000000e-07
 75  79  0  0  0  2  8.870274e-02  2.000000e-07
 75  74  0  0  0  2  9.284788e-02  2.000000e-07
 75  86  0  0  0  2  9.332547e-02  2.000000e-07
 75  53  0  0  0  2  3.769719e-01  2.000000e-07
 2  85  0 -1  0  2  3.576183e-01  2.000000e-07
 2  59  0 -1  0  2  3.389727e-01  2.000000e-07
 2  80 -1  0  0  2  2.442805e-01  2.000000e-07
 2  83 -1  0  0  2  3.389732e-01  2.000000e-07
 2  87  0 -1  0  2  3.077158e-01  2.000000e-07
 2  89  0  0  0  2  2.202346e-01  2.000000e-07
 2  69  0 -1  0  2  3.151665e-01  2.000000e-07
 2  3  0  0  0  2  1.640081e-01  2.000000e-07
 2  1  0  0  0  2  6.673022e-02  2.000000e-07
 2  86 -1 -1  0  2  4.987311e-01  2.000000e-07
 2  70  0 -1  0  2  3.360372e-01  2.000000e-07
 48  49  0  0  0  2  2.796937e-01  2.000000e-07
 48  5  0  0  0  2  8.070880e-02  2.000000e-07
 48  50  0  0  0  2  2.040407e-01  2.000000e-07
 48  82  0  0  0  2  3.547944e-01  2.000000e-07
 48  74  0  0  0  2  3.851661e-01  2.000000e-07
 48  68  0  0  0  2  2.849503e-01  2.000000e-07
 48  54  0  0  0  2  1.731365e-01  2.000000e-07
 48  86  0  0  0  2  3.302824e-01  2.000000e-07
 48  51  0  0  0  2  3.008170e-01  2.000000e-07
 48  12  0  0  0  2  3.662305e-01  2.000000e-07
 48  53  0  0  0  2  8.792554e-02  2.000000e-07
 85  59  0  0  0  2  1.920027e-01  2.000000e-07
 85  50  0  0  0  2  2.340189e-01  2.000000e-07
 85  79 -1  0  0  2  3.446252e-01  2.000000e-07
 85  73  0  0  0  2  2.438121e-01  2.000000e-07
 85  74 -1  0  0  2  3.237307e-01  2.000000e-07
 85  83 -1  0  0  2  3.929790e-01  2.000000e-07
 85  87  0  0  0  2  1.323418e-01  2.000000e-07
 85  67 -1  0  0  2  1.756380e-01  2.000000e-07
 85  86 -1  0  0  2  2.568902e-01  2.000000e-07
 85  12 -1  0  0  2  2.648559e-01  2.000000e-07
 49  55 -1  1  0  2  5.824463e-01  2.000000e-07
 49  5  0  0  0  2  2.098252e-01  2.000000e-07
 49  50  0  0  0  2  2.673348e-01  2.000000e-07
 49  82  0  1  0  2  3.738652e-01  2.000000e-07
 49  8  0  0  0  2  3.055641e-02  2.000000e-07
 49  68  0  1  0  2  5.807497e-01  2.000000e-07
 49  6  0  0  0  2  2.981976e-01  2.000000e-07
 49  52  0  1  0  2  1.416605e-01  2.000000e-07
 0  73  0  0  0  2  2.632170e-01  2.000000e-07
 0  89  0  0  0  2  1.974464e-01  2.000000e-07
 0  68  0  0  0  2  1.800736e-01  2.000000e-07
 7  79  0  0  0  2  3.360349e-01  2.000000e-07
 7  80  0  0  0  2  2.652231e-01  2.000000e-07
 7  8  0 -1  0  2  3.590169e-01  2.000000e-07
 7  51  0  0  0  2  1.421079e-01  2.000000e-07
 7  52  0  0  0  2  2.084962e-01  2.000000e-07
 5  50  0  0  0  2  1.505481e-01  2.000000e-07
 5  67  0  0  0  2  4.936741e-01  2.000000e-07
 5  68  0  0  0  2  2.989674e-01  2.000000e-07
 5  69  0  0  0  2  3.281358e-01  2.000000e-07
 5  6  0  0  0  2  2.735463e-01  2.000000e-07
 5  70  0  0  0  2  2.254756e-01  2.000000e-07
 5  51  0  0  0  2  3.806489e-01  2.000000e-07
 5  52  0  1  0  2  3.362310e-01  2.000000e-07
 59  50  0  0  0  2  1.217446e-01  2.000000e-07
 59  73  0  0  0  2  2.606567e-01  2.000000e-07
 59  87  0  0  0  2  6.717244e-02  2.000000e-07
 59  61  0  0  0  2  1.513110e-01  2.000000e-07
 59  8  0  0  0  2  2.117513e-01  2.000000e-07
 59  54  0  0  0  2  2.220743e-01  2.000000e-07
 59  70  0  0  0  2  1.301837e-01  2.000000e-07
 50  61  0  0  0  2  1.071524e-01  2.000000e-07
 50  67 -1  0  0  2  3.755372e-01  2.000000e-07
 50  8  0  0  0  2  2.538850e-01  2.000000e-07
 50  68  0  0  0  2  2.290681e-01  2.000000e-07
 50  54  0  0  0  2  1.014476e-01  2.000000e-07
 50  6  0  0  0  2  1.408158e-01  2.000000e-07
 50  12 -1  0  0  2  4.631894e-01  2.000000e-07
 50  53  0  0  0  2  1.387056e-01  2.000000e-07
 79  73  1  0  0  2  4.067139e-01  2.000000e-07
 79  74  0  0  0  2  2.226831e-02  2.000000e-07
 79  80  0  0  0  2  4.136534e-01  2.000000e-07
 79  83  0  0  0  2  1.126315e-01  2.000000e-07
 79  87  1  0  0  2  4.752413e-01  2.000000e-07
 79  67  0  0  0  2  1.707248e-01  2.000000e-07
 79  68  1  0  0  2  4.404120e-01  2.000000e-07
 79  69  1  0  0  2  4.251861e-01  2.000000e-07
 79  3  1  0  0  2  3.750280e-01  2.000000e-07
 79  86  0  0  0  2  1.597203e-01  2.000000e-07
 79  51  0  0  0  2  2.288601e-01  2.000000e-07
 73  74 -1  0  0  2  3.854888e-01  2.000000e-07
 73  83 -1  0  0  2  3.841045e-01  2.000000e-07
 73  87  0  0  0  2  2.638652e-01  2.000000e-07
 73  61  0  0  0  2  2.661696e-01  2.000000e-07
 73  89  0  0  0  2  3.010992e-01  2.000000e-07
 73  68  0  0  0  2  8.392912e-02  2.000000e-07
 73  54  0  0  0  2  1.129466e-01  2.000000e-07
 73  69  0  0  0  2  2.547668e-01  2.000000e-07
 73  3  0  0  0  2  3.314172e-01  2.000000e-07
 73  1  0  0  0  2  4.292354e-01  2.000000e-07
 73  53  0  0  0  2  1.959084e-01  2.000000e-07
 82  74  0  0  0  2  3.959005e-01  2.000000e-07
 82  83  0  0  0  2  3.874301e-01  2.000000e-07
 82  8  0 -1  0  2  3.770322e-01  2.000000e-07
 82  68  0  0  0  2  2.995471e-01  2.000000e-07
 82  51  0  0  0  2  1.455365e-01  2.000000e-07
 82  52  0  0  0  2  2.540321e-01  2.000000e-07
 82  12  0  0  0  2  4.468512e-01  2.000000e-07
 74  83  0  0  0  2  1.139076e-01  2.000000e-07
 74  3  1  0  0  2  3.669341e-01  2.000000e-07
 74  86  0  0  0  2  1.513826e-01  2.000000e-07
 74  12  0  0  0  2  8.100718e-02  2.000000e-07
 80  87  1 -1  0  2  4.529887e-01  2.000000e-07
 80  69  1 -1  0  2  4.317367e-01  2.000000e-07
 80  3  1  0  0  2  3.518795e-01  2.000000e-07
 80  1  1  0  0  2  2.864796e-01  2.000000e-07
 80  51  0  0  0  2  3.554823e-01  2.000000e-07
 80  52  0  0  0  2  2.768889e-01  2.000000e-07
 83  68  1  0  0  2  3.964598e-01  2.000000e-07
 83  3  1  0  0  2  2.724427e-01  2.000000e-07
 83  1  1  0  0  2  3.091305e-01  2.000000e-07
 83  12  0  0  0  2  1.914390e-01  2.000000e-07
 87  61  0  0  0  2  2.158492e-01  2.000000e-07
 87  69  0  0  0  2  5.219922e-02  2.000000e-07
 87  86 -1  0  0  2  3.862328e-01  2.000000e-07
 87  70  0  0  0  2  1.837622e-01  2.000000e-07
 61  8  0  0  0  2  1.648758e-01  2.000000e-07
 61  54  0  0  0  2  1.698864e-01  2.000000e-07
 61  70  0  0  0  2  1.514417e-01  2.000000e-07
 61  53  0  0  0  2  1.453801e-01  2.000000e-07
 67  68  1  0  0  2  3.640172e-01  2.000000e-07
 67  6  1  0  0  2  3.027860e-01  2.000000e-07
 67  51  0  0  0  2  3.907851e-01  2.000000e-07
 67  12  0  0  0  2  9.043099e-02  2.000000e-07
 89  68  0  0  0  2  2.359992e-01  2.000000e-07
 89  69  0 -1  0  2  4.717287e-01  2.000000e-07
 89  3  0  0  0  2  8.546839e-02  2.000000e-07
 89  1  0  0  0  2  1.562452e-01  2.000000e-07
 89  70  0 -1  0  2  3.692276e-01  2.000000e-07
 8  70  0  0  0  2  9.085206e-02  2.000000e-07
 8  52  0  1  0  2  1.589447e-01  2.000000e-07
 68  3  0  0  0  2  2.826367e-01  2.000000e-07
 68  6  0  0  0  2  3.208923e-01  2.000000e-07
 68  51  0  0  0  2  3.704281e-01  2.000000e-07
 54  53  0  0  0  2  8.547473e-02  2.000000e-07
 69  55 -1  1  0  2  3.947803e-01  2.000000e-07
 69  3  0  1  0  2  4.557961e-01  2.000000e-07
 69  6  0  0  0  2  5.661347e-02  2.000000e-07
 69  86 -1  0  0  2  3.340799e-01  2.000000e-07
 69  70  0  0  0  2  2.358373e-01  2.000000e-07
 3  1  0  0  0  2  9.783164e-02  2.000000e-07
 3  70  0 -1  0  2  3.980751e-01  2.000000e-07
 6  70  0  0  0  2  1.885762e-01  2.000000e-07
 6  52  0  1  0  2  4.286585e-01  2.000000e-07
 1  70  0 -1  0  2  3.471827e-01  2.000000e-07
 86  12  0  0  0  2  7.455680e-02  2.000000e-07
 70  52  0  1  0  2  2.405748e-01  2.000000e-07
 51  52  0  0  0  2  3.496182e-01  2.000000e-07
 51  12  0  0  0  2  3.018200e-01  2.000000e-07
 12  68  1  0  0  2  4.258128e-01  2.000000e-07
 72  9  0  0  0  1  1.417722e-01  3.000000e-07
 72  78  0  0  0  1  1.152013e-01  3.000000e-07
 72  0  0  0  0  1  1.046735e-01  3.000000e-07
 72  68  0  0  0  1  7.650391e-02  3.000000e-07
 72  54  0  0  0  1  1.841492e-01  3.000000e-07
 72  53  0  0  0  1  2.193534e-01  3.000000e-07
 60  10  0  0  0  1  9.862321e-02  3.000000e-07
 60  85  0  0  0  1  7.082792e-02  3.000000e-07
 60  73  0  0  0  1  1.840397e-01  3.000000e-07
 60  67 -1  0  0  1  2.188836e-01  3.000000e-07
 60  69  0  0  0  1  7.723628e-02  3.000000e-07
 60  6  0  0  0  1  9.439703e-02  3.000000e-07
 9  78  0  0  0  1  8.944819e-02  3.000000e-07
 9  82  0  0  0  1  1.375785e-01  3.000000e-07
 9  53  0  0  0  1  2.043108e-01  3.000000e-07
 10  50  0  0  0  1  9.732408e-02  3.000000e-07
 10  73  0  0  0  1  1.036653e-01  3.000000e-07
 10  54  0  0  0  1  1.216966e-01  3.000000e-07
 76  11  0  0  0  1  1.477600e-01  3.000000e-07
 76  81  0  0  0  1  1.342423e-01  3.000000e-07
 76  7  0  0  0  1  5.895063e-02  3.000000e-07
 76  51  0  0  0  1  1.153091e-01  3.000000e-07
 55  56  1 -1  0  1  2.921032e-01  3.000000e-07
 55  84  0  0  0  1  1.380350e-01  3.000000e-07
 55  81  0  0  0  1  1.584302e-01  3.000000e-07
 55  2  1  0  0  1  1.544079e-01  3.000000e-07
 55  80  0  0  0  1  9.530959e-02  3.000000e-07
 55  1  1  0  0  1  1.915320e-01  3.000000e-07
 11  84  0  0  0  1  8.286460e-02  3.000000e-07
 11  81  0  0  0  1  1.000653e-01  3.000000e-07
 11  79  0  0  0  1  1.966198e-01  3.000000e-07
 11  83  0  0  0  1  1.283483e-01  3.000000e-07
 11  51  0  0  0  1  1.928476e-01  3.000000e-07
 56  66 -1  0  0  1  2.262409e-01  3.000000e-07
 56  59  0  0  0  1  1.653973e-01  3.000000e-07
 56  87  0  0  0  1  1.139088e-01  3.000000e-07
 56  69  0  0  0  1  1.128683e-01  3.000000e-07
 56  70  0  0  0  1  2.323148e-01  3.000000e-07
 47  58  0  0  0  1  9.174417e-02  3.000000e-07
 47  48  0  0  0  1  1.603790e-01  3.000000e-07
 47  49  0  0  0  1  1.601827e-01  3.000000e-07
 47  5  0  0  0  1  1.316160e-01  3.000000e-07
 47  61  0  0  0  1  1.668907e-01  3.000000e-07
 47  52  0  1  0  1  2.422714e-01  3.000000e-07
 77  57  0  0  0  1  1.320277e-01  3.000000e-07
 77  2  0  0  0  1  2.392686e-01  3.000000e-07
 77  89  0  0  0  1  2.148160e-01  3.000000e-07
 77  8  0 -1  0  1  1.846450e-01  3.000000e-07
 77  1  0  0  0  1  2.246043e-01  3.000000e-07
 77  70  0 -1  0  1  1.550953e-01  3.000000e-07
 65  48  0  0  0  1  2.142510e-01  3.000000e-07
 65  82  0  0  0  1  1.436544e-01  3.000000e-07
 65  51  0  0  0  1  1.575724e-01  3.000000e-07
 65  53  0  0  0  1  1.991101e-01  3.000000e-07
 57  0  0  0  0  1  1.924446e-01  3.000000e-07
 57  7  0  0  0  1  2.345839e-01  3.000000e-07
 57  89  0  0  0  1  2.172698e-01  3.000000e-07
 57  8  0 -1  0  1  2.163096e-01  3.000000e-07
 57  52  0  0  0  1  1.755054e-01  3.000000e-07
 84  81  0  0  0  1  1.041889e-01  3.000000e-07
 84  83  0  0  0  1  1.500863e-01  3.000000e-07
 84  3  1  0  0  1  2.525361e-01  3.000000e-07
 84  1  1  0  0  1  2.372492e-01  3.000000e-07
 58  66  0  0  0  1  2.596376e-01  3.000000e-07
 58  75  0  0  0  1  2.504990e-01  3.000000e-07
 58  48  0  0  0  1  1.764543e-01  3.000000e-07
 58  80  0  1  0  1  3.553441e-01  3.000000e-07
 58  86  0  0  0  1  2.258786e-01  3.000000e-07
 78  82  0  0  0  1  1.090982e-01  3.000000e-07
 66  85  1  0  0  1  1.991265e-01  3.000000e-07
 66  67  0  0  0  1  2.032129e-01  3.000000e-07
 66  86  0  0  0  1  1.826997e-01  3.000000e-07
 81  7  0  0  0  1  1.719995e-01  3.000000e-07
 81  80  0  0  0  1  1.300164e-01  3.000000e-07
 75  48  0  0  0  1  3.011514e-01  3.000000e-07
 75  79  0  0  0  1  8.870274e-02  3.000000e-07
 75  74  0  0  0  1  9.284788e-02  3.000000e-07
 75  51  0  0  0  1  2.415553e-01  3.000000e-07
 75  12  0  0  0  1  7.217085e-02  3.000000e-07
 2  56  0 -1  0  1  2.023129e-01  3.000000e-07
 2  1  0  0  0  1  6.673022e-02  3.000000e-07
 48  51  0  0  0  1  3.008170e-01  3.000000e-07
 48  53  0  0  0  1  8.792554e-02  3.000000e-07
 85  67 -1  0  0  1  1.756380e-01  3.000000e-07
 85  69  0  0  0  1  8.091324e-02  3.000000e-07
 49  61  0  0  0  1  1.709436e-01  3.000000e-07
 49  52  0  1  0  1  1.416605e-01  3.000000e-07
 0  82  0  0  0  1  1.342570e-01  3.000000e-07
 0  89  0  0  0  1  1.974464e-01  3.000000e-07
 7  82  0  0  0  1  1.087067e-01  3.000000e-07
 7  51  0  0  0  1  1.421079e-01  3.000000e-07
 7  52  0  0  0  1  2.084962e-01  3.000000e-07
 5  61  0  0  0  1  8.090798e-02  3.000000e-07
 5  53  0  0  0  1  9.955363e-02  3.000000e-07
 59  50  0  0  0  1  1.217446e-01  3.000000e-07
 59  87  0  0  0  1  6.717244e-02  3.000000e-07
 59  61  0  0  0  1  1.513110e-01  3.000000e-07
 59  6  0  0  0  1  6.194440e-02  3.000000e-07
 59  70  0  0  0  1  1.301837e-01  3.000000e-07
 50  54  0  0  0  1  1.014476e-01  3.000000e-07
 50  6  0  0  0  1  1.408158e-01  3.000000e-07
 50  53  0  0  0  1  1.387056e-01  3.000000e-07
 79  83  0  0  0  1  1.126315e-01  3.000000e-07
 79  51  0  0  0  1  2.288601e-01  3.000000e-07
 73  83 -1  0  0  1  3.841045e-01  3.000000e-07
 73  68  0  0  0  1  8.392912e-02  3.000000e-07
 73  54  0  0  0  1  1.129466e-01  3.000000e-07
 73  3  0  0  0  1  3.314172e-01  3.000000e-07
 74  83  0  0  0  1  1.139076e-01  3.000000e-07
 74  67  0  0  0  1  1.509125e-01  3.000000e-07
 74  12  0  0  0  1  8.100718e-02  3.000000e-07
 80  66  0 -1  0  1  2.673229e-01  3.000000e-07
 80  52  0  0  0  1  2.768889e-01  3.000000e-07
 83  3  1  0  0  1  2.724427e-01  3.000000e-07
 87  69  0  0  0  1  5.219922e-02  3.000000e-07
 61  8  0  0  0  1  1.648758e-01  3.000000e-07
 61  70  0  0  0  1  1.514417e-01  3.000000e-07
 67  86  0  0  0  1  1.103875e-01  3.000000e-07
 67  12  0  0  0  1  9.043099e-02  3.000000e-07
 89  68  0  0  0  1  2.359992e-01  3.000000e-07
 89  3  0  0  0  1  8.546839e-02  3.000000e-07
 89  1  0  0  0  1  1.562452e-01  3.000000e-07
 8  70  0  0  0  1  9.085206e-02  3.000000e-07
 8  52  0  1  0  1  1.589447e-01  3.000000e-07
 68  54  0  0  0  1  1.425876e-01  3.000000e-07
 68  3  0  0  0  1  2.826367e-01  3.000000e-07
 54  53  0  0  0  1  8.547473e-02  3.000000e-07
 69  6  0  0  0  1  5.661347e-02  3.000000e-07
 3  1  0  0  0  1  9.783164e-02  3.000000e-07
 86  12  0  0  0  1  7.455680e-02  3.000000e-07
-1.067415e-01 -1.479335e-01  0
-4.035424e-01 -3.333261e-01  0
-4.358582e-01 -3.917094e-01  0
-3.710649e-01 -2.410426e-01  0
-2.700183e-01  2.356897e-01 -1.306611e-01
-3.539173e-02  2.335107e-01  0
-2.994074e-01  3.050878e-01  0
 1.146449e-01 -2.434603e-01  0
-6.562735e-02  4.460641e-01  0
-2.036610e-02 -5.614510e-02  0
-2.689691e-01  1.721891e-01  0
 3.126223e-01 -1.917235e-01  0
 3.696424e-01  9.318288e-02  0
-2.929453e-02  7.707216e-02  3.173761e-01
-3.853528e-02  2.729170e-01 -4.225742e-01
 1.786984e-01  3.231442e-01  2.367538e-01
 1.726436e-01  2.154010e-01  1.665459e-01
-1.129099e-01  2.874247e-01  3.616056e-01
 2.859850e-01  1.200960e-01  2.049656e-01
-1.695981e-02  1.302546e-01  1.702166e-01
 3.614537e-02 -4.052188e-03 -1.601586e-01
 3.550994e-01  1.224066e-01 -2.045157e-01
 2.925889e-01 -6.059777e-02 -3.870206e-01
-4.160973e-01  3.466471e-01 -1.568508e-01
-2.098921e-01  1.925447e-01 -2.781825e-01
 2.953839e-01  2.448898e-01 -2.510649e-01
 2.193766e-01 -3.095524e-01 -1.980314e-01
-1.750510e-01  3.562728e-01  3.773778e-01
 2.368180e-01 -3.119283e-01 -4.360896e-01
-3.466523e-02 -2.096782e-02  3.495044e-01
 1.366527e-02 -1.138624e-01  1.625985e-01
-2.160483e-01 -2.709994e-01  3.875901e-01
 1.308440e-01 -3.948803e-01  3.955952e-01
 1.757549e-01 -3.865498e-01  3.111460e-01
 3.352333e-03 -2.345355e-02  4.339051e-01
 2.394978e-01 -2.901090e-01 -3.586265e-01
 3.690471e-01 -3.083522e-01 -3.066393e-01
 4.151799e-01  3.807213e-01 -2.448341e-01
 2.612368e-01  4.783448e-02  3.117727e-01
-1.742863e-01  2.304206e-01 -3.392771e-01
-1.335517e-01  3.682257e-01 -4.318915e-01
-5.053535e-02  1.522375e-01 -4.235958e-01
 1.362283e-01  4.126799e-01  3.609691e-01
 3.058174e-01  2.838705e-01  3.001183e-01
-2.687224e-03  2.826812e-01  1.538770e-01
-1.098611e-03 -4.178246e-02  1.891122e-01
 4.080809e-01 -2.384390e-01  2.720887e-01
 6.513488e-02  3.184646e-01  0
 1.102910e-02  1.674879e-01  0
-3.519298e-02  4.433358e-01  0
-1.855197e-01  2.222708e-01  0
 1.409772e-01 -1.038134e-01  0
 4.527819e-02 -4.400791e-01  0
-7.290443e-02  1.412951e-01  0
-1.568060e-01  1.249715e-01  0
 4.103076e-01 -3.784112e-01  0
-3.860088e-01  4.122153e-01  0
-9.905195e-02 -3.402243e-01  0
 1.478922e-01  2.788639e-01  0
-2.426065e-01  3.298014e-01  0
-3.514158e-01  2.263101e-01  0
-9.825234e-02  2.844484e-01  0
-3.738949e-01  3.851835e-01 -2.357004e-01
-1.207382e-01  1.178572e-01 -2.158527e-01
 3.753538e-01 -3.003244e-02 -1.853460e-01
-5.650538e-03 -4.611291e-02  0
 4.014714e-01  3.346249e-01  0
 4.487547e-01  1.369895e-01  0
-2.159632e-01 -4.765279e-03  0
-3.559961e-01  3.034104e-01  0
-1.540590e-01  4.252327e-01  0
 1.329138e-01  3.444810e-01 -3.708579e-01
-1.621075e-01 -5.910135e-02  0
-2.551625e-01  6.944733e-02  0
 3.635929e-01  1.240190e-02  0
 2.988820e-01  7.898441e-02  0
 1.668988e-01 -2.161711e-01  0
-1.991119e-01 -4.263598e-01  0
-7.114025e-02 -1.297859e-01  0
 3.436835e-01  2.427231e-03  0
 3.205914e-01 -4.105811e-01  0
 2.811203e-01 -2.867009e-01  0
 2.166110e-02 -1.871472e-01  0
 3.982429e-01 -9.610766e-02  0
 3.764241e-01 -2.445995e-01  0
-4.177521e-01  2.511310e-01  0
 3.412680e-01  1.621293e-01  0
-3.097430e-01  3.276058e-01  0
-3.244455e-01 -1.467749e-01 -3.500934e-01
-2.863081e-01 -2.300367e-01  0