 712  90  1.200000e-05  50 -2 -2
 25  22  0  0  0  3  2.683994e-01  1.000000e-07
 25  16  0  0  0  3  3.643334e-01  1.000000e-07
 25  15  0  0  0  3  2.806394e-01  1.000000e-07
 25  63  0  1  0  3  4.645405e-01  1.000000e-07
 25  27  0  0  0  3  1.450294e-01  1.000000e-07
 25  13  0  0  0  3  3.316268e-01  1.000000e-07
 24  17 -1  0  0  3  4.546736e-01  1.000000e-07
 24  14  0  0  0  3  3.185914e-01  1.000000e-07
 24  22 -1  0  0  3  3.577869e-01  1.000000e-07
 24  16 -1  0  0  3  3.306884e-01  1.000000e-07
 24  15 -1  0  0  3  3.680948e-01  1.000000e-07
 24  23  0  0  0  3  3.765429e-01  1.000000e-07
 24  76  0  1  0  3  5.111246e-01  1.000000e-07
 24  13  0  0  0  3  3.187118e-01  1.000000e-07
 17  20  0  0  0  3  2.398302e-01  1.000000e-07
 17  22  0 -1  0  3  5.946179e-01  1.000000e-07
 17  21  1  0  0  3  4.788084e-01  1.000000e-07
 17  63  0  0  0  3  2.881577e-01  1.000000e-07
 17  88  0  0  0  3  3.230591e-01  1.000000e-07
 17  69  0  0  1  3  4.424857e-01  1.000000e-07
 20  18  0  0  0  3  2.022696e-01  1.000000e-07
 20  87  0  0  0  3  3.157280e-01  1.000000e-07
 20  63  0  0  0  3  1.938687e-01  1.000000e-07
 20  27  0  0  0  3  2.925505e-01  1.000000e-07
 20  88  0  0  0  3  1.940584e-01  1.000000e-07
 20  19  0  0  0  3  1.695719e-01  1.000000e-07
 20  66  0  0  1  3  4.195493e-01  1.000000e-07
 14  27  0  0  0  3  1.883988e-01  1.000000e-07
 14  23  0  0  0  3  2.481782e-01  1.000000e-07
 14  26  0  0  0  3  1.364901e-01  1.000000e-07
 14  13  0  0  0  3  1.808393e-01  1.000000e-07
 14  65  0  0  1  3  5.180800e-01  1.000000e-07
 14  66  0  0  1  3  3.584711e-01  1.000000e-07
 14  67  0  0  1  3  4.147621e-01  1.000000e-07
 14  77  0  0  1  3  4.248500e-01  1.000000e-07
 22  87  0  0  0  3  1.591171e-01  1.000000e-07
 22  16  0  0  0  3  2.426402e-01  1.000000e-07
 22  15  0  0  0  3  4.106312e-02  1.000000e-07
 22  63  0  1  0  3  4.332104e-01  1.000000e-07
 22  27  0  0  0  3  2.800988e-01  1.000000e-07
 22  76  1  1  0  3  6.062847e-01  1.000000e-07
 21  25  0 -1  0  3  5.651579e-01  1.000000e-07
 21  26  0  0  0  3  2.315129e-01  1.000000e-07
 21  65  0 -1  1  3  5.049359e-01  1.000000e-07
 21  66  0  0  1  3  4.630236e-01  1.000000e-07
 18  87  0  0  0  3  4.052700e-01  1.000000e-07
 18  63  0  0  0  3  2.770818e-01  1.000000e-07
 18  27  0  0  0  3  2.504712e-01  1.000000e-07
 18  26  0  0  0  3  2.138004e-01  1.000000e-07
 18  19  0  0  0  3  1.008178e-01  1.000000e-07
 87  16  0  0  0  3  3.213895e-01  1.000000e-07
 87  15  0  0  0  3  1.462205e-01  1.000000e-07
 87  13  1  0  0  3  3.951595e-01  1.000000e-07
 16  27  0  0  0  3  3.837117e-01  1.000000e-07
 16  64  0  0  1  3  4.776658e-01  1.000000e-07
 16  65  0  0  1  3  3.061532e-01  1.000000e-07
 16  66  0  0  1  3  3.204100e-01  1.000000e-07
 16  69  0  1  1  3  4.590252e-01  1.000000e-07
 15  63  0  1  0  3  4.518019e-01  1.000000e-07
 15  76  1  1  0  3  6.203688e-01  1.000000e-07
 63  19  0  0  0  3  2.276973e-01  1.000000e-07
 63  5  0  0  1  3  4.404242e-01  1.000000e-07
 27  19  0  0  0  3  2.847400e-01  1.000000e-07
 88  19  0  0  0  3  3.261533e-01  1.000000e-07
 88  0  0  0  1  3  4.581235e-01  1.000000e-07
 88  72  0  0  1  3  3.526753e-01  1.000000e-07
 88  67  1  0  1  3  5.697346e-01  1.000000e-07
 88  68  0  0  1  3  1.999385e-01  1.000000e-07
 88  78  0  0  1  3  3.926403e-01  1.000000e-07
 88  69  0  0  1  3  2.517233e-01  1.000000e-07
 23  76  0  0  0  3  2.462955e-01  1.000000e-07
 23  26  0  0  0  3  1.729250e-01  1.000000e-07
 23  19  0  0  0  3  2.633496e-01  1.000000e-07
 23  13  0  0  0  3  2.744740e-01  1.000000e-07
 23  66  0  0  1  3  4.270931e-01  1.000000e-07
 23  77  0  0  1  3  3.826608e-01  1.000000e-07
 76  0 -1  0  1  3  6.112672e-01  1.000000e-07
 76  9  0 -1  1  3  5.376161e-01  1.000000e-07
 76  69 -1  0  1  3  3.903061e-01  1.000000e-07
 76  7 -1 -1  1  3  4.793646e-01  1.000000e-07
 26  19  0  0  0  3  2.217201e-01  1.000000e-07
 26  66  0  0  1  3  4.274235e-01  1.000000e-07
 19  66  0  0  1  3  4.468679e-01  1.000000e-07
 19  68  0  0  1  3  3.999883e-01  1.000000e-07
 10  4  0  0  0  3  1.076137e-01  1.000000e-07
 10  64  0  0  0  3  2.407188e-01  1.000000e-07
 10  2  0  1  0  3  4.743426e-01  1.000000e-07
 10  65  0  0  0  3  3.750625e-01  1.000000e-07
 10  67  0  0  0  3  2.176294e-01  1.000000e-07
 10  3  0  0  0  3  2.704736e-01  1.000000e-07
 10  9  0  0  0  3  1.567218e-01  1.000000e-07
 10  6  0  0  0  3  2.314630e-01  1.000000e-07
 0  72  0  0  0  3  3.146510e-01  1.000000e-07
 0  78  0  0  0  3  3.135889e-01  1.000000e-07
 0  77  1  0  0  3  4.773434e-01  1.000000e-07
 0  71  1  0  0  3  3.090072e-01  1.000000e-07
 4  64  0  0  0  3  2.189000e-01  1.000000e-07
 4  67  0  0  0  3  2.442466e-01  1.000000e-07
 4  3  0  0  0  3  3.285316e-01  1.000000e-07
 4  8  0  0  0  3  1.452124e-01  1.000000e-07
 4  11  0  0  0  3  2.012948e-01  1.000000e-07
 4  9  0  0  0  3  2.100348e-01  1.000000e-07
 64  78  0  0  0  3  3.171622e-01  1.000000e-07
 64  8  0  0  0  3  1.500270e-01  1.000000e-07
 64  71  1  0  0  3  4.806129e-01  1.000000e-07
 2  65  0 -1  0  3  4.947918e-01  1.000000e-07
 2  67  0 -1  0  3  4.171979e-01  1.000000e-07
 2  9  0 -1  0  3  3.889513e-01  1.000000e-07
 2  69 -1  0  0  3  3.607183e-01  1.000000e-07
 2  71  0 -1  0  3  3.614174e-01  1.000000e-07
 72  5  0  0  0  3  2.253087e-01  1.000000e-07
 72  68  0  0  0  3  1.923156e-01  1.000000e-07
 72  69  0  0  0  3  1.713968e-01  1.000000e-07
 72  7  0 -1  0  3  2.601110e-01  1.000000e-07
 72  6  0 -1  0  3  5.480926e-01  1.000000e-07
 65  68  0  1  0  3  3.850313e-01  1.000000e-07
 65  8  0  0  0  3  3.173925e-01  1.000000e-07
 65  69  0  1  0  3  3.667683e-01  1.000000e-07
 65  7  0  0  0  3  3.176669e-01  1.000000e-07
 5  68  0  0  0  3  1.861273e-01  1.000000e-07
 5  78  0  0  0  3  1.709731e-01  1.000000e-07
 5  8  0  0  0  3  3.953201e-01  1.000000e-07
 5  11  0  0  0  3  3.085612e-01  1.000000e-07
 5  69  0  0  0  3  2.339189e-01  1.000000e-07
 5  7  0 -1  0  3  3.745737e-01  1.000000e-07
 5  6  0 -1  0  3  5.016919e-01  1.000000e-07
 66  68  0  0  0  3  4.036184e-01  1.000000e-07
 66  77  0  0  0  3  2.427758e-01  1.000000e-07
 66  8  0  0  0  3  1.548662e-01  1.000000e-07
 67  77  0  0  0  3  2.292801e-01  1.000000e-07
 67  9  0  0  0  3  7.792310e-02  1.000000e-07
 67  71  0  0  0  3  2.961364e-01  1.000000e-07
 67  7 -1  0  0  3  4.654454e-01  1.000000e-07
 3  77  0  0  0  3  3.858405e-01  1.000000e-07
 3  71  0  0  0  3  8.956165e-02  1.000000e-07
 68  20  0  0 -1  3  3.168144e-01  1.000000e-07
 68  21  0  0 -1  3  4.512439e-01  1.000000e-07
 68  78  0  0  0  3  2.699831e-01  1.000000e-07
 78  11  0  0  0  3  3.152368e-01  1.000000e-07
 78  6  0 -1  0  3  5.762200e-01  1.000000e-07
 77  8  0  0  0  3  1.873412e-01  1.000000e-07
 77  11  0  0  0  3  1.801323e-01  1.000000e-07
 77  9  0  0  0  3  2.367116e-01  1.000000e-07
 8  11  0  0  0  3  2.812212e-01  1.000000e-07
 8  9  0  0  0  3  2.604936e-01  1.000000e-07
 8  6  0  0  0  3  2.263890e-01  1.000000e-07
 9  71  0  0  0  3  2.896025e-01  1.000000e-07
 9  6  0  0  0  3  3.435526e-01  1.000000e-07
 69  7  0 -1  0  3  2.666264e-01  1.000000e-07
 71  7 -1  0  0  3  2.597349e-01  1.000000e-07
 71  6 -1  0  0  3  4.854020e-01  1.000000e-07
 7  6  0  0  0  3  4.120496e-01  1.000000e-07
 21  81  0 -1  0  3  4.924868e-01  1.000000e-07
 59  3  0  0  0  3  2.787084e-01  1.000000e-07
 15  75  0  0  0  3  1.687373e-01  1.000000e-07
 73  7  0  0  0  3  3.340256e-01  1.000000e-07
 24  86  0  0  0  3  3.597694e-01  1.000000e-07
 59  3  0  0  0  3  1.695373e-01  1.000000e-07
 15  73  0  0  0  3  2.004411e-01  1.000000e-07
 52  6  0  0  0  3  1.985724e-01  1.000000e-07
 27  48  0  0  0  3  2.144933e-01  1.000000e-07
 50  78  0  0  0  3  2.418043e-01  1.000000e-07
 21  51  0  0  0  3  3.267197e-01  1.000000e-07
 53  2  0  0  0  3  3.625491e-01  1.000000e-07
 27  85  0  0  0  3  2.615318e-01  1.000000e-07
 73  0  0  0  0  3  2.150490e-01  1.000000e-07
 26  62  0  0  0  3  1.929046e-01  1.000000e-07
 58  4  0  0  0  3  2.522174e-01  1.000000e-07
 17  44  0  0  0  3  1.726681e-01  1.000000e-07
 89  72  0  0  0  3  2.737639e-01  1.000000e-07
 63  31  0  0  0  3  2.678210e-01  1.000000e-07
 79  72  0  0  0  3  2.688919e-01  1.000000e-07
 18  61  0  0  0  3  1.464304e-01  1.000000e-07
 62  11  0  0  0  3  2.609454e-01  1.000000e-07
 18  61  0  0  0  3  1.813896e-01  1.000000e-07
 55  2  0  0  0  3  4.797557e-01  1.000000e-07
 15  75  0  0  0  3  1.710872e-01  1.000000e-07
 1  71  1  0  0  3  2.410335e-01  1.000000e-07
 13  83  0  0  0  3  1.850567e-01  1.000000e-07
 74  0 -1  0  0  3  2.442872e-01  1.000000e-07
 87  80  0  0  0  3  1.690589e-01  1.000000e-07
 1  0  0  0  0  3  1.493410e-01  1.000000e-07
 26  62  0  0  0  3  1.876850e-01  1.000000e-07
 60  11  0  0  0  3  2.269983e-01  1.000000e-07
 18  46  0  0  0  3  1.313140e-01  1.000000e-07
 30  78  0  0  0  3  2.043921e-01  1.000000e-07
 87  1  0  0  0  3  1.991480e-01  1.000000e-07
 75  3  1  0  0  3  2.090129e-01  1.000000e-07
 76  86  0 -1  0  3  5.088295e-01  1.000000e-07
 59  3  0  0  0  3  2.219017e-01  1.000000e-07
 21  43  0 -1  0  3  4.571311e-01  1.000000e-07
 56  6  0  0  0  3  2.206821e-01  1.000000e-07
 26  50  0  0  0  3  2.256551e-01  1.000000e-07
 12  64  0  0  0  3  2.134247e-01  1.000000e-07
 17  49  1  0  0  3  1.926401e-01  1.000000e-07
 57  2  0  0  0  3  3.879340e-01  1.000000e-07
 13  58  0  0  0  3  1.237454e-01  1.000000e-07
 74  11  0  0  0  3  2.564057e-01  1.000000e-07
 87  73  0  0  0  3  2.174310e-01  1.000000e-07
 85  64  0  0  0  3  2.357608e-01  1.000000e-07
 25  47  0  0  0  3  1.953309e-01  1.000000e-07
 70  10  0  0  0  3  2.453854e-01  1.000000e-07
 25  45  0  0  0  3  1.808475e-01  1.000000e-07
 33  64  0  0  0  3  1.810952e-01  1.000000e-07
 13  83  0  0  0  3  1.453085e-01  1.000000e-07
 74  3  0  0  0  3  2.278992e-01  1.000000e-07
 23  60  0  0  0  3  3.019489e-01  1.000000e-07
 61  11  0  0  0  3  2.240127e-01  1.000000e-07
 13  58  0  0  0  3  1.127924e-01  1.000000e-07
 54  4  0  0  0  3  2.526490e-01  1.000000e-07
 52  80  0  0  0  2  3.232062e-01  2.000000e-07
 52  12  0  0  0  2  1.666398e-01  2.000000e-07
 52  43  0  0  0  2  2.519904e-01  2.000000e-07
 52  56  0  0  0  2  2.710974e-01  2.000000e-07
 52  82  0  0  0  2  3.685557e-01  2.000000e-07
 52  70  0  0  0  2  2.318143e-01  2.000000e-07
 52  42  0  1  0  2  4.827734e-01  2.000000e-07
 52  28  1  0  0  2  5.145442e-01  2.000000e-07
 52  59  0  0  0  2  4.030510e-01  2.000000e-07
 52  45  0  0  0  2  6.164722e-02  2.000000e-07
 52  33  0  0  0  2  1.976693e-02  2.000000e-07
 52  46  0  0  0  2  3.815913e-01  2.000000e-07
 52  31  0  0  0  2  4.813773e-01  2.000000e-07
 52  61  0  0  0  2  3.487142e-01  2.000000e-07
 52  75  0  0  0  2  3.270380e-01  2.000000e-07
 52  86  1  0  0  2  5.469308e-01  2.000000e-07
 52  41  0  0  0  2  3.504678e-01  2.000000e-07
 52  50  0  0  0  2  1.026170e-01  2.000000e-07
 40  81  1 -1  0  2  4.961597e-01  2.000000e-07
 40  44  0  0  0  2  1.317727e-01  2.000000e-07
 40  44  0  0  0  2  1.317727e-01  2.000000e-07
 40  56  0 -1  0  2  3.084846e-01  2.000000e-07
 40  57  1  0  0  2  3.417144e-01  2.000000e-07
 40  82  0  0  0  2  3.528824e-01  2.000000e-07
 40  36  1  0  0  2  3.654187e-01  2.000000e-07
 40  42  0  0  0  2  3.507594e-01  2.000000e-07
 40  79  0  0  0  2  1.375183e-01  2.000000e-07
 40  46  0  0  0  2  2.178967e-01  2.000000e-07
 40  35  0 -1  0  2  3.032169e-01  2.000000e-07
 40  30  0  0  0  2  2.068244e-01  2.000000e-07
 40  31  0  0  0  2  1.138568e-01  2.000000e-07
 40  75  0 -1  0  2  3.630222e-01  2.000000e-07
 40  84  1  0  0  2  4.482086e-01  2.000000e-07
 40  51  1  0  0  2  4.340048e-01  2.000000e-07
 40  86  1 -1  0  2  4.207551e-01  2.000000e-07
 40  41  0 -1  0  2  1.874789e-01  2.000000e-07
 40  39  0 -1  0  2  2.768108e-01  2.000000e-07
 40  49  1  0  0  2  3.188806e-01  2.000000e-07
 40  89  0  0  0  2  2.360845e-01  2.000000e-07
 53  81  0 -1  0  2  3.131092e-01  2.000000e-07
 53  55  0  0  0  2  7.157544e-02  2.000000e-07
 53  56  0 -1  0  2  3.474699e-01  2.000000e-07
 53  36  0  0  0  2  1.546058e-01  2.000000e-07
 53  42  0  0  0  2  1.485643e-01  2.000000e-07
 53  79  0  0  0  2  3.740339e-01  2.000000e-07
 53  30  0  0  0  2  3.632728e-01  2.000000e-07
 53  61  0  0  0  2  1.937242e-01  2.000000e-07
 53  51  0  0  0  2  9.912889e-02  2.000000e-07
 53  49  0  0  0  2  2.479555e-01  2.000000e-07
 53  37  0 -1  0  2  1.914853e-01  2.000000e-07
 54  80 -1  0  0  2  5.169194e-01  2.000000e-07
 54  43  0  0  0  2  2.663479e-01  2.000000e-07
 54  81  0  0  0  2  2.743992e-01  2.000000e-07
 54  33  0  0  0  2  1.585255e-01  2.000000e-07
 54  83  0  0  0  2  2.803399e-01  2.000000e-07
 54  38  0  0  0  2  2.741753e-01  2.000000e-07
 54  34  0  0  0  2  2.815726e-02  2.000000e-07
 54  32  0  0  0  2  2.830069e-02  2.000000e-07
 54  47  0  0  0  2  3.265721e-02  2.000000e-07
 54  84  0  0  0  2  3.470410e-01  2.000000e-07
 54  62  0  0  0  2  1.547093e-01  2.000000e-07
 80  73  0  0  0  2  1.865202e-01  2.000000e-07
 80  81  1  0  0  2  4.710369e-01  2.000000e-07
 80  44  0  0  0  2  3.627079e-01  2.000000e-07
 80  58  1  0  0  2  4.607536e-01  2.000000e-07
 80  59  1  0  0  2  3.924706e-01  2.000000e-07
 80  33  0  0  0  2  3.427948e-01  2.000000e-07
 80  74  1  0  0  2  2.882227e-01  2.000000e-07
 80  31  0  0  0  2  3.817671e-01  2.000000e-07
 80  34  1  0  0  2  5.417934e-01  2.000000e-07
 80  1  0  0  0  2  6.268462e-02  2.000000e-07
 80  29  0  0  0  2  3.308800e-01  2.000000e-07
 80  75  0  0  0  2  1.860588e-01  2.000000e-07
 80  84  1  0  0  2  2.909638e-01  2.000000e-07
 80  85  0  0  0  2  9.560016e-02  2.000000e-07
 80  48  0  0  0  2  2.597027e-01  2.000000e-07
 80  86  1  0  0  2  3.200746e-01  2.000000e-07
 80  41  0  0  0  2  4.833183e-01  2.000000e-07
 80  39  0  0  0  2  4.202591e-01  2.000000e-07
 80  50  0  0  0  2  3.820837e-01  2.000000e-07
 80  89  0  0  0  2  2.528260e-01  2.000000e-07
 73  56  0  0  0  2  3.079570e-01  2.000000e-07
 73  82  0  0  0  2  2.642022e-01  2.000000e-07
 73  45  0  0  0  2  2.146350e-01  2.000000e-07
 73  33  0  0  0  2  1.734279e-01  2.000000e-07
 73  46  0  0  0  2  3.776398e-01  2.000000e-07
 73  35  0  0  0  2  2.815974e-01  2.000000e-07
 73  38  0  0  0  2  2.642439e-01  2.000000e-07
 73  1  0  0  0  2  1.454440e-01  2.000000e-07
 73  47  0  0  0  2  3.003723e-01  2.000000e-07
 73  75  0  0  0  2  1.802307e-01  2.000000e-07
 73  85  0  0  0  2  9.351780e-02  2.000000e-07
 73  62  0  0  0  2  3.738876e-01  2.000000e-07
 73  48  0  0  0  2  2.014194e-01  2.000000e-07
 73  41  0  0  0  2  3.345800e-01  2.000000e-07
 73  39  0  0  0  2  2.527655e-01  2.000000e-07
 73  89  0  0  0  2  3.287370e-01  2.000000e-07
 12  43  0  0  0  2  3.048089e-01  2.000000e-07
 12  58  0  0  0  2  7.374891e-02  2.000000e-07
 12  70  0  0  0  2  1.436113e-01  2.000000e-07
 12  59  0  0  0  2  3.007953e-01  2.000000e-07
 12  45  0  0  0  2  1.162930e-01  2.000000e-07
 12  83  0  0  0  2  2.884902e-01  2.000000e-07
 12  74  0  0  0  2  2.798757e-01  2.000000e-07
 12  60  0  0  0  2  2.388076e-01  2.000000e-07
 12  47  0  0  0  2  5.794405e-02  2.000000e-07
 12  61  0  0  0  2  2.491892e-01  2.000000e-07
 12  50  0  0  0  2  8.692761e-02  2.000000e-07
 43  81  0  0  0  2  2.466204e-01  2.000000e-07
 43  55  0  1  0  2  3.140700e-01  2.000000e-07
 43  58  0  0  0  2  3.432699e-01  2.000000e-07
 43  42  0  1  0  2  2.331681e-01  2.000000e-07
 43  59  0  0  0  2  3.047278e-01  2.000000e-07
 43  33  0  0  0  2  2.436204e-01  2.000000e-07
 43  35  0  0  0  2  9.186222e-02  2.000000e-07
 43  38  0  0  0  2  6.918749e-02  2.000000e-07
 43  34  0  0  0  2  2.676308e-01  2.000000e-07
 43  32  0  0  0  2  2.695870e-01  2.000000e-07
 43  41  0  0  0  2  1.973346e-01  2.000000e-07
 43  39  0  0  0  2  1.367922e-01  2.000000e-07
 43  50  0  0  0  2  3.123984e-01  2.000000e-07
 43  37  0  0  0  2  1.722033e-01  2.000000e-07
 81  44 -1  1  0  2  4.808810e-01  2.000000e-07
 81  55  0  1  0  2  3.493472e-01  2.000000e-07
 81  56  0  0  0  2  3.197556e-01  2.000000e-07
 81  36  0  1  0  2  2.617983e-01  2.000000e-07
 81  70  0  0  0  2  1.827930e-01  2.000000e-07
 81  59  0  0  0  2  8.256678e-02  2.000000e-07
 81  83  0  0  0  2  3.453517e-01  2.000000e-07
 81  35  0  0  0  2  3.382588e-01  2.000000e-07
 81  38  0  0  0  2  3.101558e-01  2.000000e-07
 81  34  0  0  0  2  2.975944e-01  2.000000e-07
 81  1 -1  0  0  2  4.493308e-01  2.000000e-07
 81  47  0  0  0  2  2.846859e-01  2.000000e-07
 81  75 -1  0  0  2  3.779106e-01  2.000000e-07
 81  84  0  0  0  2  4.686913e-01  2.000000e-07
 81  51  0  1  0  2  3.452268e-01  2.000000e-07
 81  86  0  0  0  2  1.595050e-01  2.000000e-07
 81  41 -1  0  0  2  5.982045e-01  2.000000e-07
 81  37  0  0  0  2  1.530019e-01  2.000000e-07
 44  55  1  0  0  2  4.916193e-01  2.000000e-07
 44  57  1  0  0  2  2.316004e-01  2.000000e-07
 44  82  0  0  0  2  2.487233e-01  2.000000e-07
 44  36  1  0  0  2  2.873522e-01  2.000000e-07
 44  79  0  0  0  2  2.060419e-01  2.000000e-07
 44  28  1  0  0  2  2.943630e-01  2.000000e-07
 44  46  0  0  0  2  2.247477e-01  2.000000e-07
 44  31  0  0  0  2  1.431327e-01  2.000000e-07
 44  29  0  0  0  2  2.032992e-01  2.000000e-07
 44  75  0 -1  0  2  4.516202e-01  2.000000e-07
 44  84  1  0  0  2  3.168473e-01  2.000000e-07
 44  51  1  0  0  2  3.309911e-01  2.000000e-07
 44  86  1 -1  0  2  4.482996e-01  2.000000e-07
 44  41  0 -1  0  2  3.180757e-01  2.000000e-07
 44  39  0 -1  0  2  4.085389e-01  2.000000e-07
 44  49  1  0  0  2  1.979453e-01  2.000000e-07
 44  89  0  0  0  2  1.857585e-01  2.000000e-07
 55  56  0 -1  0  2  3.146172e-01  2.000000e-07
 55  57  0  0  0  2  2.638252e-01  2.000000e-07
 55  79  0  0  0  2  3.038267e-01  2.000000e-07
 55  35  0 -1  0  2  3.411662e-01  2.000000e-07
 55  30  0  0  0  2  2.917997e-01  2.000000e-07
 55  31  0  0  0  2  3.660115e-01  2.000000e-07
 55  34  0  0  0  2  4.449579e-01  2.000000e-07
 55  60  0  0  0  2  2.077417e-01  2.000000e-07
 55  32  0  0  0  2  4.430541e-01  2.000000e-07
 55  61  0  0  0  2  1.588344e-01  2.000000e-07
 55  29  0  0  0  2  3.361289e-01  2.000000e-07
 55  84  0  0  0  2  3.414308e-01  2.000000e-07
 55  51  0  0  0  2  1.628298e-01  2.000000e-07
 55  62  0  0  0  2  2.988959e-01  2.000000e-07
 55  48  0  0  0  2  3.874378e-01  2.000000e-07
 55  41  0 -1  0  2  3.330862e-01  2.000000e-07
 55  50  0  0  0  2  4.068381e-01  2.000000e-07
 55  37  0 -1  0  2  2.079761e-01  2.000000e-07
 56  36  0  1  0  2  4.342646e-01  2.000000e-07
 56  70  0  0  0  2  2.884946e-01  2.000000e-07
 56  42  0  1  0  2  2.225892e-01  2.000000e-07
 56  79  0  1  0  2  2.898652e-01  2.000000e-07
 56  45  0  0  0  2  2.662390e-01  2.000000e-07
 56  35  0  0  0  2  2.766075e-02  2.000000e-07
 56  38  0  0  0  2  5.859061e-02  2.000000e-07
 56  30  0  1  0  2  3.558617e-01  2.000000e-07
 56  47  0  0  0  2  3.024301e-01  2.000000e-07
 56  75  0  0  0  2  3.684648e-01  2.000000e-07
 56  86  1  0  0  2  5.533734e-01  2.000000e-07
 56  37  0  0  0  2  2.223208e-01  2.000000e-07
 57  36  0  0  0  2  1.140555e-01  2.000000e-07
 57  42  0  0  0  2  3.460526e-01  2.000000e-07
 57  28  0  0  0  2  2.422749e-01  2.000000e-07
 57  59  0 -1  0  2  4.313962e-01  2.000000e-07
 57  74  0  0  0  2  2.583726e-01  2.000000e-07
 57  60  0  0  0  2  2.395300e-01  2.000000e-07
 57  84  0  0  0  2  1.880289e-01  2.000000e-07
 57  86  0 -1  0  2  4.246331e-01  2.000000e-07
 57  49  0  0  0  2  5.405804e-02  2.000000e-07
 57  37  0 -1  0  2  3.256175e-01  2.000000e-07
 82  28  1  0  0  2  1.667031e-01  2.000000e-07
 82  45  0  0  0  2  4.251972e-01  2.000000e-07
 82  83  1  0  0  2  2.676308e-01  2.000000e-07
 82  46  0  0  0  2  2.512233e-01  2.000000e-07
 82  31  0  0  0  2  2.759339e-01  2.000000e-07
 82  1  0  0  0  2  1.750260e-01  2.000000e-07
 82  47  0  0  0  2  4.972239e-01  2.000000e-07
 82  75  0  0  0  2  3.003101e-01  2.000000e-07
 82  84  1  0  0  2  2.539941e-01  2.000000e-07
 82  86  1  0  0  2  4.133443e-01  2.000000e-07
 82  49  1  0  0  2  2.790130e-01  2.000000e-07
 82  89  0  0  0  2  1.573070e-01  2.000000e-07
 58  70  0  0  0  2  1.434861e-01  2.000000e-07
 58  59  0  0  0  2  2.657819e-01  2.000000e-07
 58  74  0  0  0  2  2.081648e-01  2.000000e-07
 58  34  0  0  0  2  9.325086e-02  2.000000e-07
 58  60  0  0  0  2  2.015637e-01  2.000000e-07
 58  84  0  0  0  2  2.684084e-01  2.000000e-07
 58  50  0  0  0  2  1.575886e-01  2.000000e-07
 36  70  0 -1  0  2  4.376933e-01  2.000000e-07
 36  42  0  0  0  2  2.844827e-01  2.000000e-07
 36  59  0 -1  0  2  3.218566e-01  2.000000e-07
 36  60  0  0  0  2  2.933524e-01  2.000000e-07
 36  75 -1 -1  0  2  4.689362e-01  2.000000e-07
 36  51  0  0  0  2  1.080418e-01  2.000000e-07
 36  86  0 -1  0  2  3.273623e-01  2.000000e-07
 36  49  0  0  0  2  1.642417e-01  2.000000e-07
 70  53  0  1  0  2  4.527109e-01  2.000000e-07
 70  42  0  1  0  2  4.124931e-01  2.000000e-07
 70  59  0  0  0  2  1.725977e-01  2.000000e-07
 70  45  0  0  0  2  1.712994e-01  2.000000e-07
 70  83  0  0  0  2  2.832686e-01  2.000000e-07
 70  74  0  0  0  2  3.069661e-01  2.000000e-07
 70  47  0  0  0  2  1.029195e-01  2.000000e-07
 70  61  0  0  0  2  3.813028e-01  2.000000e-07
 70  75 -1  0  0  2  4.680565e-01  2.000000e-07
 70  86  0  0  0  2  2.654041e-01  2.000000e-07
 42  55  0  0  0  2  9.559238e-02  2.000000e-07
 42  59  0 -1  0  2  4.119558e-01  2.000000e-07
 42  45  0 -1  0  2  4.632435e-01  2.000000e-07
 42  46  0  0  0  2  2.867454e-01  2.000000e-07
 42  30  0  0  0  2  2.554054e-01  2.000000e-07
 42  31  0  0  0  2  3.087897e-01  2.000000e-07
 42  60  0  0  0  2  2.975979e-01  2.000000e-07
 42  61  0  0  0  2  2.292475e-01  2.000000e-07
 42  48  0  0  0  2  4.054942e-01  2.000000e-07
 42  41  0 -1  0  2  2.388484e-01  2.000000e-07
 42  50  0  0  0  2  4.592024e-01  2.000000e-07
 42  37  0 -1  0  2  1.769218e-01  2.000000e-07
 79  30  0  0  0  2  8.316118e-02  2.000000e-07
 79  29  0  0  0  2  1.045382e-01  2.000000e-07
 79  62  0  0  0  2  4.240162e-01  2.000000e-07
 79  41  0 -1  0  2  1.912787e-01  2.000000e-07
 79  39  0 -1  0  2  2.914332e-01  2.000000e-07
 79  89  0  0  0  2  1.769953e-01  2.000000e-07
 28  80 -1  0  0  2  1.974881e-01  2.000000e-07
 28  59  0  0  0  2  3.766053e-01  2.000000e-07
 28  83  0  0  0  2  1.216791e-01  2.000000e-07
 28  74  0  0  0  2  1.153374e-01  2.000000e-07
 28  31 -1  0  0  2  3.854670e-01  2.000000e-07
 28  60  0  0  0  2  2.729786e-01  2.000000e-07
 28  84  0  0  0  2  9.409270e-02  2.000000e-07
 28  86  0  0  0  2  3.510015e-01  2.000000e-07
 28  49  0  0  0  2  1.977401e-01  2.000000e-07
 28  50 -1  0  0  2  5.595537e-01  2.000000e-07
 59  83  0  0  0  2  2.663494e-01  2.000000e-07
 59  74  0  0  0  2  3.204505e-01  2.000000e-07
 59  34  0  0  0  2  2.806674e-01  2.000000e-07
 59  86  0  0  0  2  9.923532e-02  2.000000e-07
 59  37  0  0  0  2  2.350389e-01  2.000000e-07
 45  46  0  0  0  2  4.122147e-01  2.000000e-07
 45  47  0  0  0  2  8.602695e-02  2.000000e-07
 45  61  0  0  0  2  3.325952e-01  2.000000e-07
 45  75  0  0  0  2  3.835385e-01  2.000000e-07
 33  38  0  0  0  2  2.097009e-01  2.000000e-07
 33  34  0  0  0  2  1.336278e-01  2.000000e-07
 33  47  0  0  0  2  1.269692e-01  2.000000e-07
 33  85  0  0  0  2  2.483876e-01  2.000000e-07
 33  62  0  0  0  2  2.294232e-01  2.000000e-07
 33  48  0  0  0  2  1.903876e-01  2.000000e-07
 33  41  0  0  0  2  3.531966e-01  2.000000e-07
 33  39  0  0  0  2  2.523677e-01  2.000000e-07
 33  50  0  0  0  2  9.245794e-02  2.000000e-07
 83  74  0  0  0  2  6.580654e-02  2.000000e-07
 83  1 -1  0  0  2  2.791786e-01  2.000000e-07
 83  60  0  0  0  2  2.404733e-01  2.000000e-07
 83  47  0  0  0  2  3.129765e-01  2.000000e-07
 83  61  0  0  0  2  3.385774e-01  2.000000e-07
 83  75 -1  0  0  2  3.244776e-01  2.000000e-07
 83  84  0  0  0  2  1.282398e-01  2.000000e-07
 83  51  0  0  0  2  3.413485e-01  2.000000e-07
 83  62  0  0  0  2  2.708749e-01  2.000000e-07
 83  86  0  0  0  2  2.623597e-01  2.000000e-07
 83  49  0  0  0  2  2.851843e-01  2.000000e-07
 46  30  0  0  0  2  3.371535e-02  2.000000e-07
 46  31  0  0  0  2  1.048360e-01  2.000000e-07
 46  47  0  0  0  2  4.475869e-01  2.000000e-07
 46  61  0  0  0  2  2.866790e-01  2.000000e-07
 46  62  0  0  0  2  3.517970e-01  2.000000e-07
 46  50  0  0  0  2  3.442767e-01  2.000000e-07
 46  89  0  0  0  2  9.561423e-02  2.000000e-07
 35  79  0  1  0  2  2.972318e-01  2.000000e-07
 35  38  0  0  0  2  4.827698e-02  2.000000e-07
 35  47  0  0  0  2  2.968561e-01  2.000000e-07
 35  75  0  0  0  2  3.414948e-01  2.000000e-07
 35  41  0  0  0  2  1.170192e-01  2.000000e-07
 35  39  0  0  0  2  4.681543e-02  2.000000e-07
 35  37  0  0  0  2  2.477979e-01  2.000000e-07
 74  60  0  0  0  2  1.818500e-01  2.000000e-07
 74  84  0  0  0  2  7.360560e-02  2.000000e-07
 74  49  0  0  0  2  2.334697e-01  2.000000e-07
 38  32  0  0  0  2  2.701781e-01  2.000000e-07
 38  47  0  0  0  2  2.486067e-01  2.000000e-07
 38  39  0  0  0  2  7.902482e-02  2.000000e-07
 38  37  0  0  0  2  2.403924e-01  2.000000e-07
 30  31  0  0  0  2  9.952517e-02  2.000000e-07
 30  61  0  0  0  2  2.755360e-01  2.000000e-07
 30  29  0  0  0  2  4.567429e-02  2.000000e-07
 30  62  0  0  0  2  3.535901e-01  2.000000e-07
 30  41  0 -1  0  2  2.689272e-01  2.000000e-07
 30  89  0  0  0  2  1.270407e-01  2.000000e-07
 31  29  0  0  0  2  8.861444e-02  2.000000e-07
 31  48  0  0  0  2  3.013253e-01  2.000000e-07
 31  41  0 -1  0  2  2.343120e-01  2.000000e-07
 31  50  0  0  0  2  4.488099e-01  2.000000e-07
 34  60  0  0  0  2  2.745164e-01  2.000000e-07
 34  32  0  0  0  2  1.959596e-03  2.000000e-07
 34  84  0  0  0  2  3.615100e-01  2.000000e-07
 34  48  0  0  0  2  2.608053e-01  2.000000e-07
 34  50  0  0  0  2  9.636808e-02  2.000000e-07
 1  75  0  0  0  2  1.272308e-01  2.000000e-07
 1  84  1  0  0  2  3.399197e-01  2.000000e-07
 1  85  0  0  0  2  7.402211e-02  2.000000e-07
 1  89  0  0  0  2  3.017162e-01  2.000000e-07
 60  61  0  0  0  2  1.037039e-01  2.000000e-07
 60  84  0  0  0  2  1.810277e-01  2.000000e-07
 60  48  0  0  0  2  3.428558e-01  2.000000e-07
 60  49  0  0  0  2  2.543190e-01  2.000000e-07
 60  50  0  0  0  2  2.754054e-01  2.000000e-07
 32  47  0  0  0  2  2.253461e-02  2.000000e-07
 32  84  0  0  0  2  3.599079e-01  2.000000e-07
 32  62  0  0  0  2  1.449597e-01  2.000000e-07
 32  48  0  0  0  2  2.602631e-01  2.000000e-07
 47  61  0  0  0  2  3.067245e-01  2.000000e-07
 47  62  0  0  0  2  1.674460e-01  2.000000e-07
 61  84  0  0  0  2  2.839146e-01  2.000000e-07
 61  51  0  0  0  2  2.229410e-01  2.000000e-07
 61  49  0  0  0  2  3.330166e-01  2.000000e-07
 61  50  0  0  0  2  2.512251e-01  2.000000e-07
 29  85  0  0  0  2  3.301206e-01  2.000000e-07
 29  62  0  0  0  2  3.723094e-01  2.000000e-07
 29  48  0  0  0  2  2.135436e-01  2.000000e-07
 29  41  0 -1  0  2  2.958168e-01  2.000000e-07
 29  89  0  0  0  2  8.212040e-02  2.000000e-07
 75  84  1  0  0  2  4.185604e-01  2.000000e-07
 75  85  0  0  0  2  1.732256e-01  2.000000e-07
 75  86  1  0  0  2  2.202319e-01  2.000000e-07
 75  86  1  0  0  2  2.202319e-01  2.000000e-07
 75  41  0  0  0  2  3.308936e-01  2.000000e-07
 75  39  0  0  0  2  2.968558e-01  2.000000e-07
 84  51  0  0  0  2  2.210993e-01  2.000000e-07
 84  62  0  0  0  2  2.748583e-01  2.000000e-07
 84  49  0  0  0  2  1.600440e-01  2.000000e-07
 84  89 -1  0  0  2  3.696796e-01  2.000000e-07
 51  75 -1 -1  0  2  5.762918e-01  2.000000e-07
 51  62  0  0  0  2  3.208809e-01  2.000000e-07
 51  49  0  0  0  2  1.491531e-01  2.000000e-07
 51  37  0 -1  0  2  2.584799e-01  2.000000e-07
 85  48  0  0  0  2  1.978548e-01  2.000000e-07
 85  39  0  0  0  2  3.400112e-01  2.000000e-07
 85  89  0  0  0  2  2.644496e-01  2.000000e-07
 62  48  0  0  0  2  2.393152e-01  2.000000e-07
 62  89  0  0  0  2  4.007672e-01  2.000000e-07
 48  50  0  0  0  2  1.644529e-01  2.000000e-07
 48  89  0  0  0  2  1.971740e-01  2.000000e-07
 86  41 -1  0  0  2  4.798937e-01  2.000000e-07
 86  37  0  0  0  2  3.058842e-01  2.000000e-07
 41  56  0  0  0  2  1.210697e-01  2.000000e-07
 41  39  0  0  0  2  1.008671e-01  2.000000e-07
 41  37  0  0  0  2  3.132626e-01  2.000000e-07
 49  46 -1  0  0  2  3.975958e-01  2.000000e-07
 49  89 -1  0  0  2  3.246792e-01  2.000000e-07
 37  44 -1  1  0  2  4.986410e-01  2.000000e-07
 52  73  0  0  0  1  1.540676e-01  3.000000e-07
 52  38  0  0  0  1  2.132279e-01  3.000000e-07
 52  48  0  0  0  1  1.801061e-01  3.000000e-07
 52  39  0  0  0  1  2.500410e-01  3.000000e-07
 52  50  0  0  0  1  1.026170e-01  3.000000e-07
 40  44  0  0  0  1  1.317727e-01  3.000000e-07
 40  36  1  0  0  1  3.654187e-01  3.000000e-07
 40  79  0  0  0  1  1.375183e-01  3.000000e-07
 40  31  0  0  0  1  1.138568e-01  3.000000e-07
 40  75  0 -1  0  1  3.630222e-01  3.000000e-07
 40  41  0 -1  0  1  1.874789e-01  3.000000e-07
 53  55  0  0  0  1  7.157544e-02  3.000000e-07
 53  42  0  0  0  1  1.485643e-01  3.000000e-07
 53  60  0  0  0  1  2.067115e-01  3.000000e-07
 53  61  0  0  0  1  1.937242e-01  3.000000e-07
 53  51  0  0  0  1  9.912889e-02  3.000000e-07
 53  37  0 -1  0  1  1.914853e-01  3.000000e-07
 54  12  0  0  0  1  5.146046e-02  3.000000e-07
 54  58  0  0  0  1  8.017481e-02  3.000000e-07
 54  70  0  0  0  1  9.221846e-02  3.000000e-07
 80  82  0  0  0  1  1.142652e-01  3.000000e-07
 80  28  1  0  0  1  1.974881e-01  3.000000e-07
 80  83  1  0  0  1  2.499461e-01  3.000000e-07
 80  1  0  0  0  1  6.268462e-02  3.000000e-07
 80  85  0  0  0  1  9.560016e-02  3.000000e-07
 73  1  0  0  0  1  1.454440e-01  3.000000e-07
 73  75  0  0  0  1  1.802307e-01  3.000000e-07
 73  48  0  0  0  1  2.014194e-01  3.000000e-07
 73  39  0  0  0  1  2.527655e-01  3.000000e-07
 12  62  0  0  0  1  1.095026e-01  3.000000e-07
 12  50  0  0  0  1  8.692761e-02  3.000000e-07
 43  81  0  0  0  1  2.466204e-01  3.000000e-07
 43  56  0  0  0  1  7.690534e-02  3.000000e-07
 43  70  0  0  0  1  2.170817e-01  3.000000e-07
 43  45  0  0  0  1  2.301749e-01  3.000000e-07
 43  38  0  0  0  1  6.918749e-02  3.000000e-07
 43  37  0  0  0  1  1.722033e-01  3.000000e-07
 81  36  0  1  0  1  2.617983e-01  3.000000e-07
 81  70  0  0  0  1  1.827930e-01  3.000000e-07
 81  59  0  0  0  1  8.256678e-02  3.000000e-07
 81  86  0  0  0  1  1.595050e-01  3.000000e-07
 81  37  0  0  0  1  1.530019e-01  3.000000e-07
 44  57  1  0  0  1  2.316004e-01  3.000000e-07
 44  36  1  0  0  1  2.873522e-01  3.000000e-07
 44  31  0  0  0  1  1.431327e-01  3.000000e-07
 44  49  1  0  0  1  1.979453e-01  3.000000e-07
 44  89  0  0  0  1  1.857585e-01  3.000000e-07
 55  42  0  0  0  1  9.559238e-02  3.000000e-07
 56  42  0  1  0  1  2.225892e-01  3.000000e-07
 56  38  0  0  0  1  5.859061e-02  3.000000e-07
 56  41  0  0  0  1  1.210697e-01  3.000000e-07
 57  36  0  0  0  1  1.140555e-01  3.000000e-07
 57  84  0  0  0  1  1.880289e-01  3.000000e-07
 57  51  0  0  0  1  1.010692e-01  3.000000e-07
 57  49  0  0  0  1  5.405804e-02  3.000000e-07
 82  85  0  0  0  1  1.738941e-01  3.000000e-07
 82  48  0  0  0  1  2.464277e-01  3.000000e-07
 82  49  1  0  0  1  2.790130e-01  3.000000e-07
 82  89  0  0  0  1  1.573070e-01  3.000000e-07
 58  70  0  0  0  1  1.434861e-01  3.000000e-07
 58  83  0  0  0  1  2.147788e-01  3.000000e-07
 58  74  0  0  0  1  2.081648e-01  3.000000e-07
 58  60  0  0  0  1  2.015637e-01  3.000000e-07
 58  62  0  0  0  1  1.069151e-01  3.000000e-07
 36  51  0  0  0  1  1.080418e-01  3.000000e-07
 36  86  0 -1  0  1  3.273623e-01  3.000000e-07
 36  37  0 -1  0  1  2.205496e-01  3.000000e-07
 70  59  0  0  0  1  1.725977e-01  3.000000e-07
 70  45  0  0  0  1  1.712994e-01  3.000000e-07
 70  47  0  0  0  1  1.029195e-01  3.000000e-07
 42  79  0  0  0  1  2.424468e-01  3.000000e-07
 42  61  0  0  0  1  2.292475e-01  3.000000e-07
 42  37  0 -1  0  1  1.769218e-01  3.000000e-07
 79  30  0  0  0  1  8.316118e-02  3.000000e-07
 79  31  0  0  0  1  6.689690e-02  3.000000e-07
 79  41  0 -1  0  1  1.912787e-01  3.000000e-07
 28  82 -1  0  0  1  1.667031e-01  3.000000e-07
 28  83  0  0  0  1  1.216791e-01  3.000000e-07
 28  74  0  0  0  1  1.153374e-01  3.000000e-07
 28  84  0  0  0  1  9.409270e-02  3.000000e-07
 28  49  0  0  0  1  1.977401e-01  3.000000e-07
 59  86  0  0  0  1  9.923532e-02  3.000000e-07
 45  38  0  0  0  1  2.079530e-01  3.000000e-07
 45  34  0  0  0  1  9.486142e-02  3.000000e-07
 45  47  0  0  0  1  8.602695e-02  3.000000e-07
 45  50  0  0  0  1  8.361986e-02  3.000000e-07
 33  38  0  0  0  1  2.097009e-01  3.000000e-07
 33  50  0  0  0  1  9.245794e-02  3.000000e-07
 83  74  0  0  0  1  6.580654e-02  3.000000e-07
 83  1 -1  0  0  1  2.791786e-01  3.000000e-07
 83  86  0  0  0  1  2.623597e-01  3.000000e-07
 46  61  0  0  0  1  2.866790e-01  3.000000e-07
 46  48  0  0  0  1  2.020123e-01  3.000000e-07
 46  89  0  0  0  1  9.561423e-02  3.000000e-07
 35  41  0  0  0  1  1.170192e-01  3.000000e-07
 74  60  0  0  0  1  1.818500e-01  3.000000e-07
 74  84  0  0  0  1  7.360560e-02  3.000000e-07
 38  39  0  0  0  1  7.902482e-02  3.000000e-07
 30  31  0  0  0  1  9.952517e-02  3.000000e-07
 30  61  0  0  0  1  2.755360e-01  3.000000e-07
 31  29  0  0  0  1  8.861444e-02  3.000000e-07
 31  89  0  0  0  1  1.338947e-01  3.000000e-07
 34  50  0  0  0  1  9.636808e-02  3.000000e-07
 1  75  0  0  0  1  1.272308e-01  3.000000e-07
 1  85  0  0  0  1  7.402211e-02  3.000000e-07
 1  86  1  0  0  1  2.922654e-01  3.000000e-07
 60  84  0  0  0  1  1.810277e-01  3.000000e-07
 60  51  0  0  0  1  1.854855e-01  3.000000e-07
 60  62  0  0  0  1  1.373960e-01  3.000000e-07
 32  50  0  0  0  1  9.586465e-02  3.000000e-07
 61  62  0  0  0  1  1.415299e-01  3.000000e-07
 61  48  0  0  0  1  2.680757e-01  3.000000e-07
 29  89  0  0  0  1  8.212040e-02  3.000000e-07
 75  86  1  0  0  1  2.202319e-01  3.000000e-07
 75  41  0  0  0  1  3.308936e-01  3.000000e-07
 75  39  0  0  0  1  2.968558e-01  3.000000e-07
 84  51  0  0  0  1  2.210993e-01  3.000000e-07
 84  49  0  0  0  1  1.600440e-01  3.000000e-07
 85  48  0  0  0  1  1.978548e-01  3.000000e-07
 62  48  0  0  0  1  2.393152e-01  3.000000e-07
 62  50  0  0  0  1  1.388862e-01  3.000000e-07
 41  39  0  0  0  1  1.008671e-01  3.000000e-07
 4.414437e-01 -3.355956e-02 -1.419492e-01
 4.085329e-01  7.502458e-02  0
-3.342661e-01 -4.328027e-01 -3.306930e-01
-3.986646e-01  1.843951e-01 -1.686510e-01
-1.077397e-01  4.993060e-02 -2.408658e-01
 1.250624e-01 -3.029702e-01 -3.222638e-01
 6.914949e-02  2.314732e-01 -1.438666e-01
 3.946628e-01  4.393272e-01 -2.874727e-01
 2.058443e-02  7.779973e-02 -3.028567e-01
-2.038172e-01  2.012977e-01 -3.502812e-01
-1.348642e-01  1.516589e-01 -2.185876e-01
-1.237208e-01 -1.499149e-01 -2.228105e-01
-4.109108e-02  4.387137e-02  0
-2.126471e-01  1.585875e-02  1.075319e-01
-8.574297e-02  4.741536e-02  2.324413e-01
 3.408809e-01  1.890179e-01  1.452204e-01
 3.236426e-01  2.220364e-01  4.252003e-01
 4.487799e-01 -2.205222e-01  1.642153e-01
 8.292023e-02 -1.974638e-01  1.250309e-01
 7.212732e-02 -2.319020e-01  2.191677e-01
 2.315564e-01 -1.933135e-01  2.621551e-01
-9.556832e-02 -2.816568e-01  2.980118e-01
 3.298380e-01  1.972104e-01  1.839130e-01
-1.719043e-01 -1.752054e-01  3.003284e-01
-3.619601e-01  1.447167e-01  3.578886e-01
 6.172227e-02  1.898699e-01  1.739994e-01
-8.582044e-02 -8.027365e-02  1.842225e-01
 9.290811e-02  4.823976e-02  1.726315e-01
-4.097729e-01 -9.510551e-02  0
 2.524163e-01 -2.666859e-01  0
 2.126922e-01 -2.892278e-01  0
 2.958324e-01 -3.439359e-01  0
-3.665391e-02  7.907969e-02  0
 9.542407e-02  1.048513e-01  0
-3.604757e-02  8.094312e-02  0
 1.220544e-01  3.550781e-01  0
-2.854423e-01 -4.288074e-01  0
-1.128997e-01  4.338203e-01  0
 9.581911e-02  3.145518e-01  0
 1.680834e-01  3.465330e-01  0
 3.494704e-01 -4.443666e-01  0
 2.002526e-01  4.421328e-01  0
-9.598287e-04 -4.291733e-01  0
 3.145103e-02  3.399223e-01  0
 4.389181e-01 -3.476033e-01  0
 5.397542e-02  1.108521e-01  0
 2.314404e-01 -2.612058e-01  0
-3.148713e-02  1.010140e-01  0
 1.794172e-01 -6.600708e-02  0
-3.719502e-01 -2.891946e-01  0
 4.433603e-02  2.778973e-02  0
-2.302978e-01 -3.358983e-01  0
 1.150109e-01  1.021894e-01  0
-1.399146e-01 -3.766096e-01  0
-6.246692e-02  9.068218e-02  0
-6.969565e-02 -3.627407e-01  0
 1.009173e-01  3.729202e-01  0
-3.306766e-01 -3.241053e-01  0
-1.132503e-01  2.864147e-02  0
-2.598173e-01  2.503577e-01  0
-1.472776e-01 -1.700293e-01  0
-4.970853e-02 -2.051688e-01  0
-5.988966e-02 -6.400561e-02  0
 2.337809e-01 -3.871488e-01  2.593253e-01
 9.536300e-02  9.712400e-02 -1.742377e-01
 1.102659e-01  3.638267e-01 -4.071821e-01
 7.462628e-02  6.569194e-02 -4.474818e-01
-2.472936e-01  1.658750e-01 -4.043834e-01
 2.701776e-01 -2.872568e-01 -4.377542e-01
 3.300141e-01 -3.432336e-01 -4.275811e-01
-1.060585e-01  1.719473e-01  0
-4.495710e-01  2.487233e-01 -2.045915e-01
 3.416541e-01 -3.074677e-01 -2.603622e-01
 2.685776e-01  1.146035e-01  0
-2.977032e-01 -6.784536e-02  0
 4.267838e-01  2.009395e-01  0
-3.266970e-01 -3.461925e-01  3.867235e-01
-1.295210e-01 -2.345098e-02 -3.509545e-01
 1.851321e-01 -2.063859e-01 -1.946123e-01
 2.340536e-01 -3.695987e-01  0
 4.262016e-01  1.488161e-02  0
-2.143011e-01  3.192457e-01  0
 4.235782e-01 -9.935351e-02  0
-3.248944e-01 -7.919240e-03  0
-3.251085e-01 -1.361589e-01  0
 3.381473e-01  5.210843e-02  0
-3.590354e-01  2.522096e-01  0
 3.977676e-01  5.520839e-02  1.606912e-01
 2.959396e-01 -1.347123e-01  4.355891e-01
 3.128944e-01 -2.111327e-01  0