 731  90  1.200000e-05  48 -2 -2
 34  26  0  0  0  3  2.647423e-02  1.000000e-07
 34  81  0  0  0  3  2.818198e-01  1.000000e-07
 34  36  0  0  0  3  4.015893e-01  1.000000e-07
 34  27  0  0  0  3  1.861356e-01  1.000000e-07
 34  69  0  0  0  3  2.720130e-01  1.000000e-07
 34  31  0  0  0  3  2.614776e-01  1.000000e-07
 34  83  0  0  0  3  2.191541e-01  1.000000e-07
 34  39  0  0  1  3  4.477847e-01  1.000000e-07
 26  35  0  0  0  3  2.084900e-01  1.000000e-07
 26  59  0  0  0  3  1.683679e-01  1.000000e-07
 26  80  0  0  0  3  3.384343e-01  1.000000e-07
 26  82  0  0  0  3  2.208888e-01  1.000000e-07
 26  69  0  0  0  3  2.722661e-01  1.000000e-07
 26  83  0  0  0  3  2.253099e-01  1.000000e-07
 35  36  0  1  0  3  4.926519e-01  1.000000e-07
 35  33  0  1  0  3  4.760786e-01  1.000000e-07
 35  25  0  0  0  3  3.743227e-01  1.000000e-07
 35  27  0  0  0  3  1.040652e-01  1.000000e-07
 35  31  0  0  0  3  6.904597e-02  1.000000e-07
 35  83  0  0  0  3  1.437429e-01  1.000000e-07
 35  84 -1  1  0  3  5.870560e-01  1.000000e-07
 59  81  0  0  0  3  2.887288e-01  1.000000e-07
 59  23  0  0  0  3  3.699261e-01  1.000000e-07
 59  25  0  0  0  3  1.167662e-01  1.000000e-07
 59  82  0  0  0  3  1.574609e-01  1.000000e-07
 59  12  0  0  0  3  3.177446e-01  1.000000e-07
 59  69  0  0  0  3  2.646041e-01  1.000000e-07
 59  3  0  0  0  3  2.729139e-01  1.000000e-07
 80  25 -1  0  0  3  5.010460e-01  1.000000e-07
 80  12 -1  0  0  3  2.988217e-01  1.000000e-07
 80  84 -1  0  0  3  4.695793e-01  1.000000e-07
 80  24  0  0  1  3  4.505238e-01  1.000000e-07
 81  23  0  0  0  3  3.413886e-01  1.000000e-07
 81  25  0  0  0  3  2.605284e-01  1.000000e-07
 81  12  0  0  0  3  3.876624e-01  1.000000e-07
 81  27  0  0  0  3  3.790740e-01  1.000000e-07
 81  69  0  0  0  3  2.752682e-01  1.000000e-07
 81  24  0  0  1  3  4.102366e-01  1.000000e-07
 23  36  1  0  0  3  4.887638e-01  1.000000e-07
 23  25  0  0  0  3  3.276363e-01  1.000000e-07
 23  69  0  0  0  3  4.778807e-01  1.000000e-07
 23  84  0  0  0  3  2.264543e-01  1.000000e-07
 23  24  1  0  1  3  5.793422e-01  1.000000e-07
 28  36  0  1  0  3  4.252772e-01  1.000000e-07
 28  33  0  1  0  3  4.165971e-01  1.000000e-07
 28  31  0  0  0  3  4.689745e-02  1.000000e-07
 28  83  0  0  0  3  2.238498e-01  1.000000e-07
 28  29  0  0  1  3  3.623086e-01  1.000000e-07
 28  30  0  0  1  3  1.528355e-01  1.000000e-07
 28  37  0  0  1  3  2.020683e-01  1.000000e-07
 28  39  0  0  1  3  4.380817e-01  1.000000e-07
 36  33  0  0  0  3  2.342673e-01  1.000000e-07
 36  83  0  0  0  3  4.241035e-01  1.000000e-07
 36  89  0  0  1  3  2.860931e-01  1.000000e-07
 33  69  0  0  0  3  3.615580e-01  1.000000e-07
 33  29  0 -1  1  3  4.208166e-01  1.000000e-07
 33  40  0 -1  1  3  4.457663e-01  1.000000e-07
 33  89  0  0  1  3  3.128688e-01  1.000000e-07
 25  82  0  0  0  3  2.309035e-01  1.000000e-07
 25  83  1  0  0  3  6.020533e-01  1.000000e-07
 25  40  0  0  1  3  4.473166e-01  1.000000e-07
 25  39  0  0  1  3  4.379580e-01  1.000000e-07
 82  12  0  0  0  3  4.134147e-01  1.000000e-07
 82  31  0  0  0  3  4.166281e-01  1.000000e-07
 82  84  0  1  0  3  6.383767e-01  1.000000e-07
 27  31  0  0  0  3  1.280867e-01  1.000000e-07
 27  83  0  0  0  3  1.146766e-01  1.000000e-07
 27  85  0  0  1  3  4.476836e-01  1.000000e-07
 27  30  0  0  1  3  2.823682e-01  1.000000e-07
 27  37  0  0  1  3  3.214557e-01  1.000000e-07
 69  3  0  0  0  3  2.699917e-02  1.000000e-07
 31  36  0  1  0  3  4.448278e-01  1.000000e-07
 31  84 -1  1  0  3  5.526515e-01  1.000000e-07
 31  40  0  0  1  3  4.292598e-01  1.000000e-07
 83  22 -1  0  1  3  5.248019e-01  1.000000e-07
 84  24  1  0  1  3  5.508924e-01  1.000000e-07
 84  32  1  0  1  3  4.679272e-01  1.000000e-07
 84  22  0 -1  1  3  5.700442e-01  1.000000e-07
 85  19  0  0  0  3  3.254941e-01  1.000000e-07
 85  24  0  0  0  3  2.092058e-01  1.000000e-07
 85  86  0  0  0  3  5.171090e-02  1.000000e-07
 85  30  0  0  0  3  4.250437e-01  1.000000e-07
 85  88  0  0  0  3  1.526165e-01  1.000000e-07
 85  20  0  0  0  3  4.317468e-01  1.000000e-07
 29  86  0  0  0  3  4.697206e-01  1.000000e-07
 29  30  0  0  0  3  2.560854e-01  1.000000e-07
 29  32  0  1  0  3  3.381093e-01  1.000000e-07
 29  40  0  0  0  3  1.139538e-01  1.000000e-07
 29  67  0  1  0  3  3.099451e-01  1.000000e-07
 29  37  0  0  0  3  3.066508e-01  1.000000e-07
 29  39  0  0  0  3  3.041879e-01  1.000000e-07
 19  65 -1  0  0  3  4.449961e-01  1.000000e-07
 19  66  0  0  0  3  7.453659e-02  1.000000e-07
 19  38  0  0  0  3  2.013590e-01  1.000000e-07
 19  68  0  1  0  3  2.694184e-01  1.000000e-07
 24  88  0  0  0  3  2.764967e-01  1.000000e-07
 24  89  0  0  0  3  2.804360e-01  1.000000e-07
 24  39  0  0  0  3  3.115550e-01  1.000000e-07
 65  20  0  0  0  3  2.341951e-01  1.000000e-07
 65  38  1  0  0  3  3.573706e-01  1.000000e-07
 65  89  0  1  0  3  4.749697e-01  1.000000e-07
 65  67  0  1  0  3  2.366785e-01  1.000000e-07
 65  21  1  0  0  3  3.828399e-01  1.000000e-07
 86  30  0  0  0  3  4.426083e-01  1.000000e-07
 86  88  0  0  0  3  1.934239e-01  1.000000e-07
 86  20  0  0  0  3  4.151545e-01  1.000000e-07
 86  66  0  0  0  3  3.742242e-01  1.000000e-07
 86  68  0  0  0  3  4.560630e-01  1.000000e-07
 86  39  0  0  0  3  3.265412e-01  1.000000e-07
 30  40  0  0  0  3  3.314286e-01  1.000000e-07
 30  37  0  0  0  3  8.988116e-02  1.000000e-07
 30  39  0  0  0  3  4.128904e-01  1.000000e-07
 32  28  0 -1 -1  3  2.918631e-01  1.000000e-07
 32  30  0 -1  0  3  1.709605e-01  1.000000e-07
 32  66  0 -1  0  3  2.966182e-01  1.000000e-07
 32  38  0 -1  0  3  2.573038e-01  1.000000e-07
 32  89  0  0  0  3  1.817796e-01  1.000000e-07
 32  37  0 -1  0  3  1.505681e-01  1.000000e-07
 32  68  0  0  0  3  3.768879e-01  1.000000e-07
 17  81  0  0 -1  3  4.061397e-01  1.000000e-07
 17  88  1  0  0  3  3.043529e-01  1.000000e-07
 17  40  0  0  0  3  4.041542e-01  1.000000e-07
 17  89  0  0  0  3  5.008312e-01  1.000000e-07
 17  67  0  0  0  3  3.708394e-01  1.000000e-07
 17  39  0  0  0  3  3.073831e-01  1.000000e-07
 88  22 -1  0  0  3  1.692329e-01  1.000000e-07
 88  37  0  0  0  3  4.227057e-01  1.000000e-07
 88  68  0  0  0  3  4.558835e-01  1.000000e-07
 20  22  0  0  0  3  3.642752e-01  1.000000e-07
 20  89  0  1  0  3  5.074864e-01  1.000000e-07
 20  21  1  0  0  3  4.851770e-01  1.000000e-07
 66  37  0  0  0  3  2.594396e-01  1.000000e-07
 66  68  0  1  0  3  2.930905e-01  1.000000e-07
 66  21  0  0  0  3  2.445261e-01  1.000000e-07
 40  34  0  0 -1  3  4.865787e-01  1.000000e-07
 40  27  0  0 -1  3  4.537876e-01  1.000000e-07
 40  38  1  0  0  3  4.499027e-01  1.000000e-07
 40  67  0  1  0  3  2.873497e-01  1.000000e-07
 38  22 -1  0  0  3  3.713964e-01  1.000000e-07
 38  67 -1  1  0  3  3.570471e-01  1.000000e-07
 38  37  0  0  0  3  2.131470e-01  1.000000e-07
 38  68  0  1  0  3  2.536038e-01  1.000000e-07
 38  21  0  0  0  3  2.677938e-01  1.000000e-07
 22  37  1  0  0  3  4.818565e-01  1.000000e-07
 22  39  0  0  0  3  3.632611e-01  1.000000e-07
 22  21  1  0  0  3  2.535128e-01  1.000000e-07
 89  67  0  0  0  3  4.100398e-01  1.000000e-07
 67  68  1  0  0  3  3.672455e-01  1.000000e-07
 68  21  0 -1  0  3  4.070676e-01  1.000000e-07
 23  87  1  0  0  3  3.493660e-01  1.000000e-07
 71  68  0  0  0  3  1.590519e-01  1.000000e-07
 3  57  0  0  0  3  1.751472e-01  1.000000e-07
 10  86  0  0  0  3  2.117597e-01  1.000000e-07
 80  14  0  0  0  3  3.216215e-01  1.000000e-07
 78  21  0  0  0  3  1.513191e-01  1.000000e-07
 3  7  0  0  0  3  1.494393e-01  1.000000e-07
 61  89  0  0  0  3  3.216265e-01  1.000000e-07
 3  49  0  0  0  3  2.826953e-01  1.000000e-07
 6  66  0 -1  0  3  2.547425e-01  1.000000e-07
 12  62  0  0  0  3  2.378253e-01  1.000000e-07
 54  22  0  0  0  3  3.066033e-01  1.000000e-07
 80  71  0  0  0  3  3.488498e-01  1.000000e-07
 43  68  0  0  0  3  1.837243e-01  1.000000e-07
 80  14  0  0  0  3  2.771020e-01  1.000000e-07
 60  88  0  0  0  3  2.151741e-01  1.000000e-07
 26  52  0  0  0  3  3.981921e-01  1.000000e-07
 51  19  0  0  0  3  1.601839e-01  1.000000e-07
 59  1  0  0  0  3  2.176180e-01  1.000000e-07
 64  17  0  0  0  3  3.697491e-01  1.000000e-07
 3  6  0  0  0  3  3.204890e-01  1.000000e-07
 49  19  0 -1  0  3  2.473337e-01  1.000000e-07
 88  62 -1  0  0  3  2.501252e-01  1.000000e-07
 79  12  0  0  0  3  2.548693e-01  1.000000e-07
 82  41  0  0  0  3  1.128902e-01  1.000000e-07
 50  20  0  0  0  3  1.298261e-01  1.000000e-07
 69  55  0  0  0  3  2.096867e-01  1.000000e-07
 8  67  0  0  0  3  5.067843e-01  1.000000e-07
 12  73  0  0  0  3  2.368760e-01  1.000000e-07
 2  67  0  0  0  3  4.336754e-01  1.000000e-07
 3  48  0  0  0  3  1.894875e-01  1.000000e-07
 58  17  0  0  0  3  4.573142e-01  1.000000e-07
 69  74  0  0  0  3  2.776874e-01  1.000000e-07
 4  65  0 -1  0  3  4.424144e-01  1.000000e-07
 80  70  0  0  0  3  2.758333e-01  1.000000e-07
 11  85  0  0  0  3  1.789139e-01  1.000000e-07
 82  47  0  0  0  3  1.301833e-01  1.000000e-07
 18  17  0  0  0  3  4.164756e-01  1.000000e-07
 33  45  0 -1  0  3  5.392973e-01  1.000000e-07
 50  20  0  0  0  3  1.498722e-01  1.000000e-07
 12  14  1  0  0  3  3.370674e-01  1.000000e-07
 78  21  0  0  0  3  2.004265e-01  1.000000e-07
 23  53  0 -1  0  3  5.285631e-01  1.000000e-07
 50  20  0  0  0  3  2.072037e-01  1.000000e-07
 83  11  0  0  0  3  3.342340e-01  1.000000e-07
 16  85  0  0  0  3  1.730629e-01  1.000000e-07
 82  18  0  0  0  3  2.479705e-01  1.000000e-07
 77  21  1  0  0  3  2.958586e-01  1.000000e-07
 33  63  0 -1  0  3  5.295007e-01  1.000000e-07
 56  66  0  0  0  3  1.528399e-01  1.000000e-07
 31  56  0  0  0  3  4.317630e-01  1.000000e-07
 51  19  0  0  0  3  1.144234e-01  1.000000e-07
 36  43  0  0  0  3  4.844402e-01  1.000000e-07
 87  68  0  0  0  3  1.571881e-01  1.000000e-07
 35  56  0  0  0  3  3.883505e-01  1.000000e-07
 51  19  0  0  0  3  1.191653e-01  1.000000e-07
 26  52  0  0  0  3  3.736580e-01  1.000000e-07
 63  66  0  0  0  3  1.755146e-01  1.000000e-07
 3  61  0  0  0  3  1.456127e-01  1.000000e-07
 57  24  0  0  0  3  3.187125e-01  1.000000e-07
 12  73  0  0  0  3  3.119001e-01  1.000000e-07
 72  65  0 -1  0  3  3.764262e-01  1.000000e-07
 84  13  0 -1  0  3  4.755756e-01  1.000000e-07
 76  65  0  0  0  3  2.724344e-01  1.000000e-07
 3  43  0  0  0  3  2.482091e-01  1.000000e-07
 5  68  0  0  0  3  2.500811e-01  1.000000e-07
 13  41  0  0  0  2  3.577036e-01  2.000000e-07
 13  43  1  1  0  2  3.681321e-01  2.000000e-07
 13  76  0  0  0  2  9.748605e-02  2.000000e-07
 13  14  1  0  0  2  3.397281e-01  2.000000e-07
 13  71  1  1  0  2  4.246398e-01  2.000000e-07
 13  72  0  1  0  2  3.269395e-01  2.000000e-07
 13  45  0  0  0  2  3.694100e-01  2.000000e-07
 13  73  0  1  0  2  3.412237e-01  2.000000e-07
 13  16  1  0  0  2  3.751368e-01  2.000000e-07
 13  78  1  0  0  2  3.509427e-01  2.000000e-07
 13  53  0  0  0  2  2.359049e-01  2.000000e-07
 13  15  1  0  0  2  2.618513e-01  2.000000e-07
 13  56  1  0  0  2  2.983570e-01  2.000000e-07
 13  74  0  1  0  2  4.226244e-01  2.000000e-07
 13  75  1  0  0  2  2.883404e-01  2.000000e-07
 13  87  1  1  0  2  3.153151e-01  2.000000e-07
 41  10  0  0  0  2  3.642301e-01  2.000000e-07
 41  44  0  0  0  2  1.896448e-01  2.000000e-07
 41  76  0  0  0  2  2.751133e-01  2.000000e-07
 41  14  0  0  0  2  4.526457e-01  2.000000e-07
 41  77  0  0  0  2  2.752479e-01  2.000000e-07
 41  70  0  0  0  2  4.378084e-01  2.000000e-07
 41  63  0  0  0  2  2.734056e-01  2.000000e-07
 41  45  0  0  0  2  9.724084e-02  2.000000e-07
 41  46  0  0  0  2  1.530361e-01  2.000000e-07
 41  47  0  0  0  2  1.103889e-01  2.000000e-07
 41  48  0  0  0  2  3.283352e-01  2.000000e-07
 41  16  0  0  0  2  3.989780e-01  2.000000e-07
 41  78  0  0  0  2  4.318563e-01  2.000000e-07
 41  18  0  0  0  2  2.057220e-01  2.000000e-07
 41  52  0  0  0  2  2.503324e-01  2.000000e-07
 41  53  0  0  0  2  1.360172e-01  2.000000e-07
 41  54  0  0  0  2  3.518095e-01  2.000000e-07
 41  9  0  0  0  2  3.292479e-01  2.000000e-07
 41  75  0  0  0  2  4.442133e-01  2.000000e-07
 41  58  0  0  0  2  3.575226e-01  2.000000e-07
 41  64  0  0  0  2  2.849463e-01  2.000000e-07
 10  61  0  0  0  2  1.175184e-01  2.000000e-07
 10  44  0  0  0  2  1.766976e-01  2.000000e-07
 10  60  0  0  0  2  2.155109e-01  2.000000e-07
 10  70  0  0  0  2  8.174853e-02  2.000000e-07
 10  47  0  0  0  2  2.839251e-01  2.000000e-07
 10  48  0  0  0  2  2.044073e-01  2.000000e-07
 10  11  0  0  0  2  2.220276e-01  2.000000e-07
 10  51  0  0  0  2  3.452672e-01  2.000000e-07
 10  52  0  0  0  2  3.566794e-01  2.000000e-07
 10  15  0  0  0  2  3.361393e-01  2.000000e-07
 10  57  0  0  0  2  8.628174e-02  2.000000e-07
 42  1  0  0  0  2  2.135954e-01  2.000000e-07
 42  60  1  0  0  2  3.279283e-01  2.000000e-07
 42  70  1  0  0  2  4.032344e-01  2.000000e-07
 42  0  0  0  0  2  1.764013e-01  2.000000e-07
 42  73  0  0  0  2  3.319770e-01  2.000000e-07
 42  62  0  0  0  2  1.027345e-01  2.000000e-07
 42  47  0  0  0  2  2.836781e-01  2.000000e-07
 42  50  0  0  0  2  2.817598e-01  2.000000e-07
 42  53  0  0  0  2  2.109405e-01  2.000000e-07
 42  15  1  0  0  2  3.163566e-01  2.000000e-07
 42  9  0  0  0  2  1.296430e-01  2.000000e-07
 42  2  0  0  0  2  2.110014e-01  2.000000e-07
 42  79  0  0  0  2  3.140392e-02  2.000000e-07
 61  43  0  0  0  2  2.955089e-01  2.000000e-07
 61  7  0  0  0  2  7.292677e-02  2.000000e-07
 61  44  0  0  0  2  2.480781e-01  2.000000e-07
 61  1  0  0  0  2  3.213051e-01  2.000000e-07
 61  60  0  0  0  2  2.439628e-01  2.000000e-07
 61  0  0  0  0  2  3.917426e-01  2.000000e-07
 61  4  0  0  0  2  2.996694e-01  2.000000e-07
 61  47  0  0  0  2  3.138816e-01  2.000000e-07
 61  16  0  0  0  2  3.410822e-01  2.000000e-07
 61  11  0  0  0  2  3.371678e-01  2.000000e-07
 61  55  0  0  0  2  2.078542e-01  2.000000e-07
 61  6  0  0  0  2  2.750838e-01  2.000000e-07
 61  57  0  0  0  2  3.133048e-02  2.000000e-07
 61  8  0  0  0  2  2.311462e-01  2.000000e-07
 61  58  0  0  0  2  2.589237e-01  2.000000e-07
 43  7  0  0  0  2  2.539152e-01  2.000000e-07
 43  76 -1 -1  0  2  4.643086e-01  2.000000e-07
 43  60  0  0  0  2  2.200591e-01  2.000000e-07
 43  72 -1  0  0  2  5.035937e-01  2.000000e-07
 43  4  0  0  0  2  3.656292e-01  2.000000e-07
 43  73 -1  0  0  2  2.739656e-01  2.000000e-07
 43  62 -1  0  0  2  4.255108e-01  2.000000e-07
 43  49  0  0  0  2  2.150193e-01  2.000000e-07
 43  16  0  0  0  2  5.000779e-01  2.000000e-07
 43  11  0  0  0  2  4.841854e-01  2.000000e-07
 43  5  0  0  0  2  1.649580e-01  2.000000e-07
 43  51  0 -1  0  2  3.945978e-01  2.000000e-07
 43  52  0 -1  0  2  4.016119e-01  2.000000e-07
 43  55  0  0  0  2  4.190101e-01  2.000000e-07
 43  6  0  0  0  2  2.172600e-01  2.000000e-07
 43  56  0 -1  0  2  2.519033e-01  2.000000e-07
 43  79 -1  0  0  2  4.727704e-01  2.000000e-07
 43  58  0  0  0  2  5.122124e-01  2.000000e-07
 43  87  0  0  0  2  5.771576e-02  2.000000e-07
 43  64 -1  0  0  2  5.006997e-01  2.000000e-07
 7  1  0  0  0  2  3.415972e-01  2.000000e-07
 7  60  0  0  0  2  2.619979e-01  2.000000e-07
 7  63  0 -1  0  2  3.867411e-01  2.000000e-07
 7  0  0  0  0  2  4.045600e-01  2.000000e-07
 7  48  0  0  0  2  1.722356e-01  2.000000e-07
 7  49  0  0  0  2  1.810559e-01  2.000000e-07
 7  5  0  0  0  2  2.342189e-01  2.000000e-07
 7  55  0  0  0  2  1.855801e-01  2.000000e-07
 7  6  0  0  0  2  2.024768e-01  2.000000e-07
 7  2  0  0  0  2  4.149548e-01  2.000000e-07
 7  57  0  0  0  2  1.020803e-01  2.000000e-07
 7  8  0  0  0  2  2.085779e-01  2.000000e-07
 44  1  0  0  0  2  2.958420e-01  2.000000e-07
 44  47  0  0  0  2  1.322562e-01  2.000000e-07
 44  16  0  0  0  2  2.477476e-01  2.000000e-07
 44  50  0  0  0  2  2.310983e-01  2.000000e-07
 44  11  0  0  0  2  2.608253e-01  2.000000e-07
 44  18  0  0  0  2  3.471448e-01  2.000000e-07
 44  51  0  0  0  2  3.397707e-01  2.000000e-07
 44  52  0  0  0  2  2.329004e-01  2.000000e-07
 44  15  0  0  0  2  3.513091e-01  2.000000e-07
 44  58  0  0  0  2  3.098343e-01  2.000000e-07
 44  64  0  0  0  2  3.557175e-01  2.000000e-07
 1  0  0  0  0  2  7.715499e-02  2.000000e-07
 1  62  0  0  0  2  1.688170e-01  2.000000e-07
 1  47  0  0  0  2  2.031787e-01  2.000000e-07
 1  50  0  0  0  2  3.057305e-01  2.000000e-07
 1  2  0  0  0  2  1.195769e-01  2.000000e-07
 1  8  0  0  0  2  1.945295e-01  2.000000e-07
 1  58  0  0  0  2  9.509011e-02  2.000000e-07
 1  64  0  0  0  2  1.138507e-01  2.000000e-07
 76  14  1  0  0  2  3.326406e-01  2.000000e-07
 76  77  0  0  0  2  2.376309e-01  2.000000e-07
 76  72  0  1  0  2  3.537766e-01  2.000000e-07
 76  45  0  0  0  2  3.053352e-01  2.000000e-07
 76  46  0  0  0  2  3.611871e-01  2.000000e-07
 76  16  1  0  0  2  3.776657e-01  2.000000e-07
 76  50  0  0  0  2  2.347414e-01  2.000000e-07
 76  78  1  0  0  2  3.483805e-01  2.000000e-07
 76  18  0  0  0  2  1.864712e-01  2.000000e-07
 76  51  1  0  0  2  2.941368e-01  2.000000e-07
 76  53  0  0  0  2  1.444869e-01  2.000000e-07
 76  15  1  0  0  2  2.733700e-01  2.000000e-07
 76  56  1  0  0  2  3.649643e-01  2.000000e-07
 76  74  0  1  0  2  4.465271e-01  2.000000e-07
 76  79  0  0  0  2  2.774736e-01  2.000000e-07
 76  75  1  0  0  2  3.066066e-01  2.000000e-07
 14  77 -1  0  0  2  3.240925e-01  2.000000e-07
 14  70  0  0  0  2  2.211569e-01  2.000000e-07
 14  71  0  0  0  2  3.757086e-01  2.000000e-07
 14  48  0  0  0  2  4.467937e-01  2.000000e-07
 14  78  0  0  0  2  2.095896e-02  2.000000e-07
 14  54 -1  0  0  2  3.779408e-01  2.000000e-07
 14  79 -1  0  0  2  3.118182e-01  2.000000e-07
 14  75  0  0  0  2  9.121787e-02  2.000000e-07
 77  71  1  0  0  2  3.598013e-01  2.000000e-07
 77  48  0  0  0  2  3.677485e-01  2.000000e-07
 77  78  1  0  0  2  3.450515e-01  2.000000e-07
 77  18  0  0  0  2  7.795516e-02  2.000000e-07
 77  53  0  0  0  2  1.911409e-01  2.000000e-07
 77  54  0  0  0  2  1.238424e-01  2.000000e-07
 77  55  0  0  0  2  4.046211e-01  2.000000e-07
 77  79  0  0  0  2  4.857496e-02  2.000000e-07
 77  75  1  0  0  2  3.629562e-01  2.000000e-07
 77  64  0  0  0  2  9.432503e-02  2.000000e-07
 60  70  0  0  0  2  1.367505e-01  2.000000e-07
 60  73 -1  0  0  2  2.791727e-01  2.000000e-07
 60  62 -1  0  0  2  2.872218e-01  2.000000e-07
 60  11  0  0  0  2  2.711297e-01  2.000000e-07
 60  5  0  0  0  2  5.585405e-02  2.000000e-07
 60  15  0  0  0  2  3.578461e-01  2.000000e-07
 60  9 -1  0  0  2  3.404036e-01  2.000000e-07
 60  2 -1  0  0  2  3.453887e-01  2.000000e-07
 60  57  0  0  0  2  2.290267e-01  2.000000e-07
 70  71  0  0  0  2  2.494042e-01  2.000000e-07
 70  48  0  0  0  2  2.754507e-01  2.000000e-07
 70  5  0  0  0  2  1.620482e-01  2.000000e-07
 70  52  0  0  0  2  3.932921e-01  2.000000e-07
 70  15  0  0  0  2  3.108305e-01  2.000000e-07
 70  9 -1  0  0  2  4.491721e-01  2.000000e-07
 70  57  0  0  0  2  1.288298e-01  2.000000e-07
 70  75  0  0  0  2  3.040765e-01  2.000000e-07
 71  73 -1  0  0  2  1.743543e-01  2.000000e-07
 71  48  0  0  0  2  4.684113e-01  2.000000e-07
 71  49  0  0  0  2  3.563367e-01  2.000000e-07
 71  78  0  0  0  2  3.862251e-01  2.000000e-07
 71  5  0  0  0  2  9.450564e-02  2.000000e-07
 71  54 -1  0  0  2  2.763519e-01  2.000000e-07
 71  55 -1  0  0  2  4.970189e-01  2.000000e-07
 71  9 -1  0  0  2  3.063889e-01  2.000000e-07
 71  74 -1  0  0  2  4.900193e-01  2.000000e-07
 71  2 -1  0  0  2  2.834199e-01  2.000000e-07
 71  79 -1  0  0  2  3.114196e-01  2.000000e-07
 71  75  0 -1  0  2  5.534544e-01  2.000000e-07
 71  75  0  0  0  2  4.656884e-01  2.000000e-07
 71  87  0  0  0  2  1.588635e-01  2.000000e-07
 63  71  0  1  0  2  5.178267e-01  2.000000e-07
 63  72  0  1  0  2  3.186391e-01  2.000000e-07
 63  45  0  0  0  2  1.814364e-01  2.000000e-07
 63  46  0  0  0  2  1.206113e-01  2.000000e-07
 63  73 -1  1  0  2  6.085579e-01  2.000000e-07
 63  73  0  1  0  2  5.858889e-01  2.000000e-07
 63  49  0  1  0  2  2.086226e-01  2.000000e-07
 63  50  0  0  0  2  2.847604e-01  2.000000e-07
 63  5  0  1  0  2  4.954564e-01  2.000000e-07
 63  52  0  0  0  2  8.701434e-02  2.000000e-07
 63  53  0  0  0  2  3.695166e-01  2.000000e-07
 63  55  0  1  0  2  4.006237e-01  2.000000e-07
 63  6  0  1  0  2  1.887404e-01  2.000000e-07
 63  74  0  1  0  2  3.127524e-01  2.000000e-07
 63  2  0  1  0  2  5.942429e-01  2.000000e-07
 63  75  0  0  0  2  2.983180e-01  2.000000e-07
 63  8  0  1  0  2  4.034647e-01  2.000000e-07
 63  87  0  1  0  2  3.795906e-01  2.000000e-07
 72  4  0  0  0  2  1.393183e-01  2.000000e-07
 72  45  0 -1  0  2  3.236091e-01  2.000000e-07
 72  46  0 -1  0  2  3.215879e-01  2.000000e-07
 72  73  0  0  0  2  2.690168e-01  2.000000e-07
 72  62  0  0  0  2  4.080469e-01  2.000000e-07
 72  50  0 -1  0  2  3.684487e-01  2.000000e-07
 72  51  1 -1  0  2  5.928740e-01  2.000000e-07
 72  54  0  0  0  2  3.880317e-01  2.000000e-07
 72  15  1 -1  0  2  5.884086e-01  2.000000e-07
 72  6  0  0  0  2  2.955111e-01  2.000000e-07
 72  56  1 -1  0  2  5.788434e-01  2.000000e-07
 72  74  0  0  0  2  9.568529e-02  2.000000e-07
 72  8  0  0  0  2  1.823842e-01  2.000000e-07
 72  58  0  0  0  2  2.550789e-01  2.000000e-07
 72  87  1  0  0  2  4.492460e-01  2.000000e-07
 72  64  0  0  0  2  4.119089e-01  2.000000e-07
 0  62  0  0  0  2  1.027303e-01  2.000000e-07
 0  47  0  0  0  2  2.651539e-01  2.000000e-07
 0  48  0  0  0  2  2.482279e-01  2.000000e-07
 0  9  0  0  0  2  4.835672e-02  2.000000e-07
 0  2  0  0  0  2  5.481496e-02  2.000000e-07
 0  57  0  0  0  2  4.038866e-01  2.000000e-07
 0  8  0  0  0  2  2.301165e-01  2.000000e-07
 4  45  0 -1  0  2  3.076121e-01  2.000000e-07
 4  46  0 -1  0  2  2.788504e-01  2.000000e-07
 4  49  0  0  0  2  1.521467e-01  2.000000e-07
 4  55  0  0  0  2  1.784638e-01  2.000000e-07
 4  6  0  0  0  2  1.564532e-01  2.000000e-07
 4  56  0 -1  0  2  3.647922e-01  2.000000e-07
 4  74  0  0  0  2  8.976955e-02  2.000000e-07
 4  8  0  0  0  2  1.785405e-01  2.000000e-07
 4  58  0  0  0  2  2.777014e-01  2.000000e-07
 45  46  0  0  0  2  6.241192e-02  2.000000e-07
 45  49  0  1  0  2  3.645200e-01  2.000000e-07
 45  16  0  0  0  2  3.736090e-01  2.000000e-07
 45  78  0  0  0  2  4.050216e-01  2.000000e-07
 45  18  0  0  0  2  2.881423e-01  2.000000e-07
 45  52  0  0  0  2  1.778906e-01  2.000000e-07
 45  53  0  0  0  2  1.926940e-01  2.000000e-07
 45  56  0  0  0  2  3.653282e-01  2.000000e-07
 45  74  0  1  0  2  3.683595e-01  2.000000e-07
 45  75  0  0  0  2  3.986945e-01  2.000000e-07
 46  16  0  0  0  2  3.350972e-01  2.000000e-07
 46  50  0  0  0  2  1.651049e-01  2.000000e-07
 46  11  0  0  0  2  3.565791e-01  2.000000e-07
 46  18  0  0  0  2  3.501186e-01  2.000000e-07
 46  51  0  0  0  2  3.525223e-01  2.000000e-07
 46  52  0  0  0  2  1.198417e-01  2.000000e-07
 46  6  0  1  0  2  2.965401e-01  2.000000e-07
 46  56  0  0  0  2  3.035988e-01  2.000000e-07
 46  64  0  0  0  2  4.379019e-01  2.000000e-07
 73  62  0  0  0  2  2.307077e-01  2.000000e-07
 73  50  0 -1  0  2  5.616494e-01  2.000000e-07
 73  5  1  0  0  2  2.686630e-01  2.000000e-07
 73  51  1 -1  0  2  5.299172e-01  2.000000e-07
 73  52  1 -1  0  2  6.317879e-01  2.000000e-07
 73  53  0 -1  0  2  5.241747e-01  2.000000e-07
 73  54  0  0  0  2  2.243454e-01  2.000000e-07
 73  15  1 -1  0  2  5.441055e-01  2.000000e-07
 73  55  0  0  0  2  3.346477e-01  2.000000e-07
 73  6  1  0  0  2  4.908281e-01  2.000000e-07
 73  9  0  0  0  2  2.363293e-01  2.000000e-07
 73  74  0  0  0  2  3.163308e-01  2.000000e-07
 73  2  0  0  0  2  1.705504e-01  2.000000e-07
 73  75  1 -1  0  2  5.545780e-01  2.000000e-07
 73  8  0  0  0  2  3.115416e-01  2.000000e-07
 62  11  1  0  0  2  3.813808e-01  2.000000e-07
 62  15  1  0  0  2  3.852784e-01  2.000000e-07
 62  2  0  0  0  2  1.178521e-01  2.000000e-07
 62  79  0  0  0  2  7.240004e-02  2.000000e-07
 62  8  0  0  0  2  3.310844e-01  2.000000e-07
 62  58  0  0  0  2  2.450016e-01  2.000000e-07
 62  64  0  0  0  2  7.858711e-02  2.000000e-07
 47  48  0  0  0  2  2.181980e-01  2.000000e-07
 47  50  0  0  0  2  1.426669e-01  2.000000e-07
 47  52  0  0  0  2  2.986711e-01  2.000000e-07
 47  53  0  0  0  2  2.034658e-01  2.000000e-07
 47  9  0  0  0  2  2.692564e-01  2.000000e-07
 47  57  0  0  0  2  3.037143e-01  2.000000e-07
 47  64  0  0  0  2  2.338683e-01  2.000000e-07
 48  49  0  0  0  2  3.199023e-01  2.000000e-07
 48  16  0  0  0  2  4.090732e-01  2.000000e-07
 48  78  0  0  0  2  4.336009e-01  2.000000e-07
 48  18  0  0  0  2  3.655643e-01  2.000000e-07
 48  53  0  0  0  2  4.033702e-01  2.000000e-07
 48  54  0  0  0  2  3.225664e-01  2.000000e-07
 48  55  0  0  0  2  1.277598e-01  2.000000e-07
 48  9  0  0  0  2  2.868869e-01  2.000000e-07
 48  2  0  0  0  2  2.720961e-01  2.000000e-07
 48  57  0  0  0  2  1.558534e-01  2.000000e-07
 48  75  0  0  0  2  5.008067e-01  2.000000e-07
 48  58  0  0  0  2  1.238626e-01  2.000000e-07
 48  87  0  0  0  2  4.828359e-01  2.000000e-07
 48  64  0  0  0  2  2.867479e-01  2.000000e-07
 49  70  0  0  0  2  3.636429e-01  2.000000e-07
 49  16  0  0  0  2  5.731474e-01  2.000000e-07
 49  5  0  0  0  2  3.095542e-01  2.000000e-07
 49  55  0  0  0  2  2.550125e-01  2.000000e-07
 49  56  0 -1  0  2  2.536064e-01  2.000000e-07
 49  74  0  0  0  2  2.240280e-01  2.000000e-07
 49  57  0  0  0  2  2.814399e-01  2.000000e-07
 49  75  0 -1  0  2  4.227591e-01  2.000000e-07
 49  87  0  0  0  2  2.622804e-01  2.000000e-07
 16  11  0  0  0  2  2.197974e-02  2.000000e-07
 16  78  0  0  0  2  3.297114e-02  2.000000e-07
 16  51  0  0  0  2  1.211739e-01  2.000000e-07
 16  15  0  0  0  2  1.139314e-01  2.000000e-07
 16  55  0  0  0  2  5.253023e-01  2.000000e-07
 16  56  0  0  0  2  2.546754e-01  2.000000e-07
 16  79 -1  0  0  2  3.638224e-01  2.000000e-07
 16  58  0  0  0  2  5.257908e-01  2.000000e-07
 16  87  0  0  0  2  5.317991e-01  2.000000e-07
 50  18  0  0  0  2  1.850179e-01  2.000000e-07
 50  52  0  0  0  2  2.735574e-01  2.000000e-07
 50  53  0  0  0  2  9.950204e-02  2.000000e-07
 50  15  1  0  0  2  4.865298e-01  2.000000e-07
 50  79  0  0  0  2  3.059015e-01  2.000000e-07
 50  64  0  0  0  2  2.826835e-01  2.000000e-07
 11  78  0  0  0  2  2.107009e-02  2.000000e-07
 11  51  0  0  0  2  1.284576e-01  2.000000e-07
 11  15  0  0  0  2  1.141965e-01  2.000000e-07
 11  56  0  0  0  2  2.700031e-01  2.000000e-07
 11  79 -1  0  0  2  3.434348e-01  2.000000e-07
 11  87  0  0  0  2  5.145250e-01  2.000000e-07
 78  55  0  0  0  2  5.470731e-01  2.000000e-07
 78  56  0  0  0  2  2.587669e-01  2.000000e-07
 78  79 -1  0  0  2  3.325676e-01  2.000000e-07
 78  75  0  0  0  2  8.697646e-02  2.000000e-07
 78  87  0  0  0  2  5.250623e-01  2.000000e-07
 5  52  0 -1  0  2  5.524434e-01  2.000000e-07
 5  6  0  0  0  2  3.219694e-01  2.000000e-07
 5  9 -1  0  0  2  3.690673e-01  2.000000e-07
 5  57  0  0  0  2  2.236526e-01  2.000000e-07
 5  75  0 -1  0  2  5.824758e-01  2.000000e-07
 18  53  0  0  0  2  1.135058e-01  2.000000e-07
 18  54  0  0  0  2  1.911618e-01  2.000000e-07
 18  55  0  0  0  2  4.258463e-01  2.000000e-07
 18  79  0  0  0  2  1.264797e-01  2.000000e-07
 18  64  0  0  0  2  1.406860e-01  2.000000e-07
 51  52  0  0  0  2  2.351041e-01  2.000000e-07
 51  53 -1  0  0  2  4.156484e-01  2.000000e-07
 51  15  0  0  0  2  4.016458e-02  2.000000e-07
 51  6  0  1  0  2  3.871103e-01  2.000000e-07
 51  56  0  0  0  2  1.581878e-01  2.000000e-07
 51  75  0  0  0  2  2.494636e-02  2.000000e-07
 52  53  0  0  0  2  3.691816e-01  2.000000e-07
 52  15  0  0  0  2  2.695672e-01  2.000000e-07
 52  6  0  1  0  2  2.651586e-01  2.000000e-07
 52  56  0  0  0  2  1.923964e-01  2.000000e-07
 52  75  0  0  0  2  2.339104e-01  2.000000e-07
 53  72  0  1  0  2  3.763060e-01  2.000000e-07
 53  54  0  0  0  2  3.015426e-01  2.000000e-07
 53  15  1  0  0  2  3.870481e-01  2.000000e-07
 53  9  0  0  0  2  2.920564e-01  2.000000e-07
 53  74  0  1  0  2  4.550381e-01  2.000000e-07
 53  75  1  0  0  2  4.228216e-01  2.000000e-07
 54  70  1  0  0  2  4.129916e-01  2.000000e-07
 54  55  0  0  0  2  3.216541e-01  2.000000e-07
 54  9  0  0  0  2  3.618046e-02  2.000000e-07
 54  74  0  0  0  2  3.779718e-01  2.000000e-07
 54  2  0  0  0  2  9.670464e-02  2.000000e-07
 54  79  0  0  0  2  8.860918e-02  2.000000e-07
 54  75  1  0  0  2  4.383170e-01  2.000000e-07
 54  87  1  0  0  2  4.141019e-01  2.000000e-07
 54  64  0  0  0  2  6.724203e-02  2.000000e-07
 15  56  0  0  0  2  1.961957e-01  2.000000e-07
 15  79 -1  0  0  2  3.299107e-01  2.000000e-07
 15  75  0  0  0  2  3.617711e-02  2.000000e-07
 55  74  0  0  0  2  1.146696e-01  2.000000e-07
 55  2  0  0  0  2  2.405932e-01  2.000000e-07
 55  58  0  0  0  2  1.069801e-01  2.000000e-07
 55  87  0  0  0  2  4.760016e-01  2.000000e-07
 55  64  0  0  0  2  3.116682e-01  2.000000e-07
 6  56  0 -1  0  2  2.348918e-01  2.000000e-07
 6  8  0  0  0  2  2.844194e-01  2.000000e-07
 56  75  0  0  0  2  1.776763e-01  2.000000e-07
 56  87  0  1  0  2  2.439728e-01  2.000000e-07
 9  2  0  0  0  2  8.455073e-02  2.000000e-07
 9  75  1  0  0  2  4.659221e-01  2.000000e-07
 74  58  0  0  0  2  1.982585e-01  2.000000e-07
 74  87  1  0  0  2  5.219393e-01  2.000000e-07
 74  64  0  0  0  2  3.861525e-01  2.000000e-07
 2  8  0  0  0  2  2.228450e-01  2.000000e-07
 79  64  0  0  0  2  8.807442e-02  2.000000e-07
 75  87  0  1  0  2  3.963769e-01  2.000000e-07
 8  58  0  0  0  2  9.973595e-02  2.000000e-07
 58  64  0  0  0  2  2.050735e-01  2.000000e-07
 87  79 -1  0  0  2  4.630229e-01  2.000000e-07
 87  64 -1  0  0  2  4.810531e-01  2.000000e-07
 13  76  0  0  0  1  9.748605e-02  3.000000e-07
 13  73  0  1  0  1  3.412237e-01  3.000000e-07
 13  51  1  0  0  1  2.695395e-01  3.000000e-07
 13  15  1  0  0  1  2.618513e-01  3.000000e-07
 13  56  1  0  0  1  2.983570e-01  3.000000e-07
 13  87  1  1  0  1  3.153151e-01  3.000000e-07
 41  44  0  0  0  1  1.896448e-01  3.000000e-07
 41  45  0  0  0  1  9.724084e-02  3.000000e-07
 41  47  0  0  0  1  1.103889e-01  3.000000e-07
 10  44  0  0  0  1  1.766976e-01  3.000000e-07
 10  70  0  0  0  1  8.174853e-02  3.000000e-07
 10  48  0  0  0  1  2.044073e-01  3.000000e-07
 10  16  0  0  0  1  2.244437e-01  3.000000e-07
 10  11  0  0  0  1  2.220276e-01  3.000000e-07
 10  57  0  0  0  1  8.628174e-02  3.000000e-07
 42  76  0  0  0  1  2.465352e-01  3.000000e-07
 42  14  1  0  0  1  3.066948e-01  3.000000e-07
 42  18  0  0  0  1  9.881089e-02  3.000000e-07
 42  15  1  0  0  1  3.163566e-01  3.000000e-07
 61  7  0  0  0  1  7.292677e-02  3.000000e-07
 61  48  0  0  0  1  1.442938e-01  3.000000e-07
 61  5  0  0  0  1  2.316652e-01  3.000000e-07
 43  7  0  0  0  1  2.539152e-01  3.000000e-07
 43  71  0  0  0  1  1.613562e-01  3.000000e-07
 43  5  0  0  0  1  1.649580e-01  3.000000e-07
 43  6  0  0  0  1  2.172600e-01  3.000000e-07
 43  87  0  0  0  1  5.771576e-02  3.000000e-07
 7  4  0  0  0  1  2.367354e-01  3.000000e-07
 7  49  0  0  0  1  1.810559e-01  3.000000e-07
 7  5  0  0  0  1  2.342189e-01  3.000000e-07
 7  55  0  0  0  1  1.855801e-01  3.000000e-07
 44  45  0  0  0  1  2.218154e-01  3.000000e-07
 44  46  0  0  0  1  2.281001e-01  3.000000e-07
 44  47  0  0  0  1  1.322562e-01  3.000000e-07
 44  16  0  0  0  1  2.477476e-01  3.000000e-07
 44  52  0  0  0  1  2.329004e-01  3.000000e-07
 1  0  0  0  0  1  7.715499e-02  3.000000e-07
 1  47  0  0  0  1  2.031787e-01  3.000000e-07
 1  48  0  0  0  1  1.770162e-01  3.000000e-07
 1  64  0  0  0  1  1.138507e-01  3.000000e-07
 76  72  0  1  0  1  3.537766e-01  3.000000e-07
 76  18  0  0  0  1  1.864712e-01  3.000000e-07
 76  53  0  0  0  1  1.444869e-01  3.000000e-07
 76  15  1  0  0  1  2.733700e-01  3.000000e-07
 14  60  0  0  0  1  2.735195e-01  3.000000e-07
 14  70  0  0  0  1  2.211569e-01  3.000000e-07
 14  15  0  0  0  1  9.004240e-02  3.000000e-07
 14  79 -1  0  0  1  3.118182e-01  3.000000e-07
 14  75  0  0  0  1  9.121787e-02  3.000000e-07
 77  18  0  0  0  1  7.795516e-02  3.000000e-07
 77  64  0  0  0  1  9.432503e-02  3.000000e-07
 60  70  0  0  0  1  1.367505e-01  3.000000e-07
 60  71  0  0  0  1  1.162941e-01  3.000000e-07
 60  62 -1  0  0  1  2.872218e-01  3.000000e-07
 60  5  0  0  0  1  5.585405e-02  3.000000e-07
 60  79 -1  0  0  1  3.067691e-01  3.000000e-07
 70  11  0  0  0  1  2.005511e-01  3.000000e-07
 70  5  0  0  0  1  1.620482e-01  3.000000e-07
 70  57  0  0  0  1  1.288298e-01  3.000000e-07
 71  73 -1  0  0  1  1.743543e-01  3.000000e-07
 71  62 -1  0  0  1  2.663060e-01  3.000000e-07
 71  5  0  0  0  1  9.450564e-02  3.000000e-07
 71  87  0  0  0  1  1.588635e-01  3.000000e-07
 63  4  0  1  0  1  2.259739e-01  3.000000e-07
 63  46  0  0  0  1  1.206113e-01  3.000000e-07
 63  52  0  0  0  1  8.701434e-02  3.000000e-07
 63  6  0  1  0  1  1.887404e-01  3.000000e-07
 63  56  0  0  0  1  2.011892e-01  3.000000e-07
 72  45  0 -1  0  1  3.236091e-01  3.000000e-07
 72  46  0 -1  0  1  3.215879e-01  3.000000e-07
 72  73  0  0  0  1  2.690168e-01  3.000000e-07
 72  53  0 -1  0  1  3.763060e-01  3.000000e-07
 72  74  0  0  0  1  9.568529e-02  3.000000e-07
 72  2  0  0  0  1  2.914744e-01  3.000000e-07
 72  8  0  0  0  1  1.823842e-01  3.000000e-07
 0  2  0  0  0  1  5.481496e-02  3.000000e-07
 0  58  0  0  0  1  1.423173e-01  3.000000e-07
 0  64  0  0  0  1  8.303023e-02  3.000000e-07
 4  46  0 -1  0  1  2.788504e-01  3.000000e-07
 4  49  0  0  0  1  1.521467e-01  3.000000e-07
 4  55  0  0  0  1  1.784638e-01  3.000000e-07
 4  6  0  0  0  1  1.564532e-01  3.000000e-07
 4  74  0  0  0  1  8.976955e-02  3.000000e-07
 45  46  0  0  0  1  6.241192e-02  3.000000e-07
 45  50  0  0  0  1  1.033244e-01  3.000000e-07
 45  53  0  0  0  1  1.926940e-01  3.000000e-07
 46  52  0  0  0  1  1.198417e-01  3.000000e-07
 73  62  0  0  0  1  2.307077e-01  3.000000e-07
 73  87  1  0  0  1  2.329442e-01  3.000000e-07
 62  2  0  0  0  1  1.178521e-01  3.000000e-07
 62  79  0  0  0  1  7.240004e-02  3.000000e-07
 62  64  0  0  0  1  7.858711e-02  3.000000e-07
 47  48  0  0  0  1  2.181980e-01  3.000000e-07
 47  50  0  0  0  1  1.426669e-01  3.000000e-07
 47  18  0  0  0  1  2.156210e-01  3.000000e-07
 48  55  0  0  0  1  1.277598e-01  3.000000e-07
 48  57  0  0  0  1  1.558534e-01  3.000000e-07
 48  58  0  0  0  1  1.238626e-01  3.000000e-07
 16  75  0  0  0  1  9.650522e-02  3.000000e-07
 50  18  0  0  0  1  1.850179e-01  3.000000e-07
 50  53  0  0  0  1  9.950204e-02  3.000000e-07
 78  75  0  0  0  1  8.697646e-02  3.000000e-07
 18  53  0  0  0  1  1.135058e-01  3.000000e-07
 51  52  0  0  0  1  2.351041e-01  3.000000e-07
 52  56  0  0  0  1  1.923964e-01  3.000000e-07
 52  75  0  0  0  1  2.339104e-01  3.000000e-07
 54  64  0  0  0  1  6.724203e-02  3.000000e-07
 55  74  0  0  0  1  1.146696e-01  3.000000e-07
 6  56  0 -1  0  1  2.348918e-01  3.000000e-07
 56  43  0  1  0  1  2.519033e-01  3.000000e-07
 56  87  0  1  0  1  2.439728e-01  3.000000e-07
 9  2  0  0  0  1  8.455073e-02  3.000000e-07
 74  8  0  0  0  1  1.052686e-01  3.000000e-07
 2  8  0  0  0  1  2.228450e-01  3.000000e-07
 2  58  0  0  0  1  1.530124e-01  3.000000e-07
 79  64  0  0  0  1  8.807442e-02  3.000000e-07
 8  58  0  0  0  1  9.973595e-02  3.000000e-07
 2.606085e-01 -6.479747e-02  0
 1.858714e-01 -4.563368e-02  0
 2.835791e-01 -1.145673e-01  0
-8.979935e-02 -1.302097e-01  1.382292e-01
 1.728476e-02 -3.765963e-01  0
-3.565265e-01 -1.523106e-01  0
-1.386469e-01 -3.893607e-01  0
-1.249432e-01 -1.873482e-01  0
 8.236370e-02 -2.103392e-01  0
 2.949863e-01 -3.078956e-02  0
-1.761374e-01 -7.290540e-03  0
-3.142407e-01  1.665592e-01  0
 3.867875e-01 -1.236249e-01  2.092403e-01
 4.069023e-01  4.127379e-01  0
-3.511105e-01  1.742900e-01  0
-3.809525e-01  2.592435e-01  0
-2.978967e-01  1.812556e-01  0
 3.471379e-01 -6.085736e-02 -3.336061e-01
 2.885595e-01  1.559731e-01  0
-3.108930e-01  4.076633e-01 -1.066768e-01
 1.171665e-01  2.611521e-01 -1.199238e-01
-3.981934e-01  2.387818e-01 -1.244181e-01
 4.232955e-01  1.325711e-01 -2.697516e-01
 3.760838e-01 -1.975775e-01  3.059177e-01
-2.189448e-01 -6.215424e-02 -3.025517e-01
 1.693668e-01  5.650496e-02  2.984561e-01
-2.422436e-02  1.054613e-01  2.651818e-01
-1.517576e-01  1.682429e-01  4.054690e-01
-1.464110e-01  3.153169e-01  4.453497e-01
 9.738065e-02  3.574795e-01 -2.899704e-01
-1.170473e-01  3.918849e-01 -4.256782e-01
-1.477684e-01  2.962338e-01  4.025318e-01
-1.643095e-01 -4.495426e-01 -3.826834e-01
 6.893529e-02 -3.283292e-01  4.315314e-01
-2.706530e-02  9.402860e-02  2.888906e-01
-1.444959e-01  2.544633e-01  3.476514e-01
-1.550728e-01 -2.598001e-01  4.292234e-01
-1.927398e-01  4.026592e-01 -3.784217e-01
-3.817005e-01  4.479516e-01 -2.908196e-01
 6.845300e-02  5.502217e-02 -2.753733e-01
 1.916686e-01  3.121941e-01 -3.351864e-01
 9.773374e-02  2.328306e-01  0
 3.558928e-01  8.365563e-02  0
-3.434128e-01 -3.167466e-01  0
-5.703840e-02  1.232370e-01  0
 4.997128e-02  3.175332e-01  0
-5.817932e-03  3.455119e-01  0
 7.520902e-02  1.247642e-01  0
 1.315774e-02 -8.442470e-02  0
-1.346270e-01 -3.681449e-01  0
 1.325328e-01  2.554081e-01  0
-3.537471e-01  2.887910e-01  0
-1.256593e-01  3.457989e-01  0
 2.320297e-01  2.544006e-01  0
 3.311645e-01 -3.038043e-02  0
 5.994938e-02 -2.033074e-01  0
-2.956427e-01  4.359211e-01  0
-1.426773e-01 -8.682013e-02  0
 1.308081e-01 -1.231589e-01  0
 1.150311e-01  4.052085e-02  1.963458e-01
-3.714072e-01 -9.847533e-02  0
-1.279703e-01 -1.144843e-01  0
 3.525782e-01 -1.902536e-02  0
-9.464702e-02  4.270992e-01  0
 2.819531e-01  1.544235e-02  0
 2.696330e-01  3.795473e-01 -2.525280e-01
-2.408955e-01  4.259992e-01 -1.245612e-01
 2.976172e-01 -4.250303e-01 -3.830794e-01
-4.365003e-01 -3.562294e-01 -1.392717e-01
-7.481408e-02 -1.398733e-01  1.585026e-01
-2.558750e-01 -2.531098e-02  0
-4.432111e-01 -1.899549e-01  0
 1.566027e-01 -3.769303e-01  0
 3.918145e-01 -2.463721e-01  0
 8.315292e-02 -3.156049e-01  0
-3.452897e-01  2.653220e-01  0
 3.550440e-01  3.301894e-01  0
 3.350537e-01  9.340085e-02  0
-3.308241e-01  1.795569e-01  0
 3.617140e-01  5.279596e-02  0
-3.371690e-01 -2.339093e-02  2.644447e-01
 5.193256e-02 -1.514430e-01  4.025806e-01
 1.134696e-01  1.682523e-01  1.042796e-01
-2.359976e-01  1.448228e-01  3.312675e-01
 4.085157e-01 -3.765454e-01  4.408260e-01
-2.760942e-01  9.059882e-02 -1.715269e-01
-2.396227e-01  5.420560e-02 -1.671244e-01
-3.955506e-01 -3.415005e-01  0
-4.248603e-01  9.469031e-02 -2.053455e-01
-8.629407e-02 -3.091817e-01 -2.974998e-01