 705  90  1.200000e-05  58 -2 -2
 37  21  0  0  0  3  4.949789e-01  1.000000e-07
 37  20  0  0  0  3  1.926786e-01  1.000000e-07
 37  17  0  0  0  3  1.315398e-01  1.000000e-07
 37  38  0  0  0  3  5.051321e-01  1.000000e-07
 37  19  0  0  0  3  1.432155e-01  1.000000e-07
 37  40  0 -1  0  3  5.696628e-01  1.000000e-07
 37  68  0  0  0  3  3.230031e-01  1.000000e-07
 37  43  0  0  1  3  2.445857e-01  1.000000e-07
 37  28  0  0  1  3  3.246457e-01  1.000000e-07
 88  18  0 -1  0  3  3.269002e-01  1.000000e-07
 88  20  0  0  0  3  2.445037e-01  1.000000e-07
 88  17  0  0  0  3  8.291831e-02  1.000000e-07
 88  66 -1 -1  0  3  5.928006e-01  1.000000e-07
 88  19  0  0  0  3  1.021467e-01  1.000000e-07
 88  68  0  0  0  3  2.870467e-01  1.000000e-07
 65  20  1  0  0  3  3.645544e-01  1.000000e-07
 65  5  1  0  0  3  4.183009e-01  1.000000e-07
 65  16  0  0  0  3  2.800167e-01  1.000000e-07
 65  17  1  0  0  3  3.559893e-01  1.000000e-07
 65  42  0  0  1  3  4.160336e-01  1.000000e-07
 65  43  1  0  1  3  4.073334e-01  1.000000e-07
 21  38  0  0  0  3  2.463584e-01  1.000000e-07
 21  63  0  0  0  3  3.314148e-01  1.000000e-07
 21  39  1 -1  0  3  5.667156e-01  1.000000e-07
 21  68  0  0  0  3  4.971896e-01  1.000000e-07
 21  41  0 -1  1  3  5.756966e-01  1.000000e-07
 21  42  0  0  1  3  3.635393e-01  1.000000e-07
 21  36  0  0  1  3  3.792093e-01  1.000000e-07
 21  43  1  0  1  3  3.968619e-01  1.000000e-07
 18  66 -1  0  0  3  3.685159e-01  1.000000e-07
 18  39  0  0  0  3  1.428561e-01  1.000000e-07
 18  19  0  1  0  3  3.512886e-01  1.000000e-07
 18  68  0  1  0  3  4.110022e-01  1.000000e-07
 18  43  0  1  1  3  5.099516e-01  1.000000e-07
 18  69  0  0  1  3  4.367192e-01  1.000000e-07
 15  20  0  0  0  3  5.502943e-01  1.000000e-07
 15  16  0  0  0  3  1.809329e-01  1.000000e-07
 15  63  0  0  0  3  3.082886e-01  1.000000e-07
 15  39  1  0  0  3  3.736478e-01  1.000000e-07
 15  40  0  0  0  3  2.975108e-01  1.000000e-07
 15  68  0  1  0  3  5.573376e-01  1.000000e-07
 15  41  0  0  1  3  2.593673e-01  1.000000e-07
 20  44  0  0  0  3  1.665783e-01  1.000000e-07
 20  17  0  0  0  3  1.938045e-01  1.000000e-07
 20  19  0  0  0  3  2.155232e-01  1.000000e-07
 5  66 -1  0  0  3  3.104906e-01  1.000000e-07
 5  63 -1  0  0  3  3.711968e-01  1.000000e-07
 44  65 -1  0  0  3  3.822974e-01  1.000000e-07
 44  16 -1  0  0  3  4.936286e-01  1.000000e-07
 44  17  0  0  0  3  2.546216e-01  1.000000e-07
 44  39  0  0  0  3  4.057763e-01  1.000000e-07
 44  22  0  0  0  3  2.295215e-01  1.000000e-07
 44  25  0  0  1  3  3.709755e-01  1.000000e-07
 44  28  0  0  1  3  2.310778e-01  1.000000e-07
 44  34  0  0  1  3  3.758902e-01  1.000000e-07
 16  66  0  0  0  3  2.605242e-01  1.000000e-07
 16  38  0  0  0  3  8.557048e-02  1.000000e-07
 16  63  0  0  0  3  2.643999e-01  1.000000e-07
 16  39  1  0  0  3  3.656302e-01  1.000000e-07
 16  41  0  0  1  3  2.644274e-01  1.000000e-07
 16  42  0  0  1  3  3.027929e-01  1.000000e-07
 17  19  0  0  0  3  4.776967e-02  1.000000e-07
 17  43  0  0  1  3  3.063666e-01  1.000000e-07
 66  63  0  0  0  3  2.024453e-01  1.000000e-07
 38  40  0  0  0  3  3.756625e-01  1.000000e-07
 38  22  0  0  0  3  5.091423e-01  1.000000e-07
 38  70  0  0  1  3  3.554860e-01  1.000000e-07
 38  41  0  0  1  3  2.822819e-01  1.000000e-07
 38  25  0  0  1  3  3.066595e-01  1.000000e-07
 38  26  0  0  1  3  3.334355e-01  1.000000e-07
 63  22  0  0  0  3  5.947792e-01  1.000000e-07
 39  22  0  0  0  3  2.711153e-01  1.000000e-07
 39  89  0  0  1  3  4.884003e-01  1.000000e-07
 39  42 -1  0  1  3  4.689694e-01  1.000000e-07
 39  69  0  0  1  3  4.143935e-01  1.000000e-07
 19  40  0 -1  0  3  5.147186e-01  1.000000e-07
 19  68  0  0  0  3  2.252596e-01  1.000000e-07
 19  43  0  0  1  3  3.331550e-01  1.000000e-07
 19  69  0 -1  1  3  4.641771e-01  1.000000e-07
 40  22  0  0  0  3  2.306548e-01  1.000000e-07
 40  41  0  0  1  3  2.935246e-01  1.000000e-07
 40  35  0  0  1  3  2.227777e-01  1.000000e-07
 40  32  0  0  1  3  3.593850e-01  1.000000e-07
 40  26  0  0  1  3  3.317369e-01  1.000000e-07
 22  35  0  0  1  3  3.224392e-01  1.000000e-07
 70  27  1  0  0  3  3.198272e-01  1.000000e-07
 70  42  0  0  0  3  1.393583e-01  1.000000e-07
 70  36  0  0  0  3  2.075994e-01  1.000000e-07
 70  33  1  0  0  3  3.119648e-01  1.000000e-07
 70  25  0  0  0  3  3.855682e-01  1.000000e-07
 70  34  0  0  0  3  3.986128e-01  1.000000e-07
 27  42 -1  0  0  3  3.109149e-01  1.000000e-07
 27  36 -1  0  0  3  4.460068e-01  1.000000e-07
 27  33  0  0  0  3  5.169671e-02  1.000000e-07
 27  31  0  0  0  3  1.650455e-01  1.000000e-07
 41  35  0  0  0  3  3.770734e-01  1.000000e-07
 41  24  0  0  0  3  3.037657e-01  1.000000e-07
 41  25  0  0  0  3  2.050664e-01  1.000000e-07
 41  26  0  0  0  3  1.317617e-01  1.000000e-07
 35  23  0  0  0  3  3.941642e-01  1.000000e-07
 35  29  0  0  0  3  3.223855e-01  1.000000e-07
 35  25  0  0  0  3  2.798461e-01  1.000000e-07
 35  30  0  0  0  3  3.835940e-01  1.000000e-07
 35  28  0  0  0  3  2.627637e-01  1.000000e-07
 35  26  0  0  0  3  3.390512e-01  1.000000e-07
 89  29  0  0  0  3  9.514116e-02  1.000000e-07
 89  32  0  0  0  3  4.158956e-01  1.000000e-07
 89  33  0  0  0  3  3.484744e-01  1.000000e-07
 89  28  0  0  0  3  3.970837e-01  1.000000e-07
 23  36  0  0  0  3  3.796703e-01  1.000000e-07
 23  32  0  0  0  3  3.120150e-01  1.000000e-07
 23  26  0  0  0  3  1.102663e-01  1.000000e-07
 42  33  1  0  0  3  2.859085e-01  1.000000e-07
 42  28  1  0  0  3  3.239464e-01  1.000000e-07
 42  31  1  0  0  3  3.641684e-01  1.000000e-07
 36  29  1 -1  0  3  6.191650e-01  1.000000e-07
 36  24  0  0  0  3  2.809046e-01  1.000000e-07
 43  70 -1  0  0  3  4.063237e-01  1.000000e-07
 43  29  0 -1  0  3  4.473738e-01  1.000000e-07
 43  32  0  0  0  3  3.127334e-01  1.000000e-07
 43  28  0  0  0  3  2.517146e-01  1.000000e-07
 29  30  0  0  0  3  4.064719e-01  1.000000e-07
 29  45  0  0  0  3  3.748625e-01  1.000000e-07
 29  31  0  1  0  3  4.099436e-01  1.000000e-07
 29  69  0  0  0  3  2.208020e-01  1.000000e-07
 32  25  0  0  0  3  2.087126e-01  1.000000e-07
 32  30  0  0  0  3  2.434861e-01  1.000000e-07
 32  28  0  0  0  3  1.010276e-01  1.000000e-07
 32  31  0  0  0  3  2.810152e-01  1.000000e-07
 32  34  0  0  0  3  2.512056e-01  1.000000e-07
 33  24 -1  0  0  3  4.042392e-01  1.000000e-07
 33  30  0  0  0  3  7.483023e-02  1.000000e-07
 33  31  0  0  0  3  1.965355e-01  1.000000e-07
 24  25  0  0  0  3  2.844288e-01  1.000000e-07
 24  45  0  0  0  3  3.118246e-01  1.000000e-07
 24  26  0  0  0  3  2.315533e-01  1.000000e-07
 24  34  0  0  0  3  3.950914e-01  1.000000e-07
 25  26  0  0  0  3  1.266970e-01  1.000000e-07
 25  34  0  0  0  3  3.215741e-01  1.000000e-07
 30  45  0  0  0  3  5.013649e-01  1.000000e-07
 30  31  0  0  0  3  1.942440e-01  1.000000e-07
 30  34  0  0  0  3  4.028615e-01  1.000000e-07
 45  89  1  0  0  3  5.790968e-01  1.000000e-07
 45  26  0  0  0  3  1.718553e-01  1.000000e-07
 45  69  0  0  0  3  3.221369e-01  1.000000e-07
 45  34  0  1  0  3  4.936046e-01  1.000000e-07
 28  31  0  0  0  3  2.479223e-01  1.000000e-07
 31  69  0 -1  0  3  4.082231e-01  1.000000e-07
 31  34  0  0  0  3  3.297637e-01  1.000000e-07
 26  69  0  0  0  3  3.756310e-01  1.000000e-07
 69  34  0  1  0  3  3.840931e-01  1.000000e-07
 5  61  0  0  0  3  1.915628e-01  1.000000e-07
 60  29  0  0  0  3  1.949688e-01  1.000000e-07
 15  85  0  0  0  3  3.361473e-01  1.000000e-07
 84  23  0  0  0  3  2.390341e-01  1.000000e-07
 18  61  0  0  0  3  2.434962e-01  1.000000e-07
 57  89  0  0  0  3  1.840017e-01  1.000000e-07
 66  56  0  0  0  3  2.440671e-01  1.000000e-07
 1  89  1  0  0  3  2.479919e-01  1.000000e-07
 69  11  0  1  0  3  3.998917e-01  1.000000e-07
 77  68  0  0  0  3  1.228979e-01  1.000000e-07
 20  14  0  0  0  3  2.473783e-01  1.000000e-07
 47  30  0  0  0  3  1.550510e-01  1.000000e-07
 65  47  1  0  0  3  3.198834e-01  1.000000e-07
 83  27  0  0  0  3  1.351099e-01  1.000000e-07
 88  47  0  0  0  3  2.850797e-01  1.000000e-07
 83  27  0  0  0  3  1.401563e-01  1.000000e-07
 5  7  0  0  0  3  2.514818e-01  1.000000e-07
 46  45  0  0  0  3  3.244208e-01  1.000000e-07
 63  76  0  0  0  3  1.777379e-01  1.000000e-07
 73  24  0  0  0  3  2.185094e-01  1.000000e-07
 5  62  0  0  0  3  2.273964e-01  1.000000e-07
 53  27  0  0  0  3  1.625451e-01  1.000000e-07
 33  53  0  0  0  3  2.084732e-01  1.000000e-07
 6  66 -1  0  0  3  2.751238e-01  1.000000e-07
 66  73  0  0  0  3  1.979189e-01  1.000000e-07
 64  24  0  0  0  3  2.302520e-01  1.000000e-07
 22  46  0  0  0  3  3.264515e-01  1.000000e-07
 13  45  0  0  0  3  2.658770e-01  1.000000e-07
 5  61  0  0  0  3  1.725514e-01  1.000000e-07
 60  89  0  0  0  3  1.936731e-01  1.000000e-07
 63  3  0  0  0  3  1.718897e-01  1.000000e-07
 8  70  0  0  0  3  2.489812e-01  1.000000e-07
 5  7  0  0  0  3  2.467113e-01  1.000000e-07
 46  23  0  0  0  3  3.488652e-01  1.000000e-07
 22  52  0  0  0  3  3.110163e-01  1.000000e-07
 46  23  0  0  0  3  2.776590e-01  1.000000e-07
 88  77  0  0  0  3  2.441640e-01  1.000000e-07
 83  31  0  0  0  3  2.112251e-01  1.000000e-07
 18  49  0  0  0  3  3.271691e-01  1.000000e-07
 48  45  0  0  0  3  2.841537e-01  1.000000e-07
 20  52  0  0  0  3  3.123715e-01  1.000000e-07
 75  23  0  0  0  3  2.994913e-01  1.000000e-07
 68  9  0  0  0  3  1.946077e-01  1.000000e-07
 75  23  0  0  0  3  4.115446e-01  1.000000e-07
 66  71  0  0  0  3  3.262838e-01  1.000000e-07
 86  36  0  1  0  3  3.754735e-01  1.000000e-07
 63  53  1  0  0  3  2.468597e-01  1.000000e-07
 47  27  0  0  0  3  1.688075e-01  1.000000e-07
 5  6  0  0  0  3  2.037212e-01  1.000000e-07
 53  33  0  0  0  3  1.705222e-01  1.000000e-07
 65  67  0  0  0  3  3.009151e-01  1.000000e-07
 72  36  0  0  0  3  2.260245e-01  1.000000e-07
 88  2 -1  0  0  3  3.379176e-01  1.000000e-07
 78  36  0  0  0  3  2.954427e-01  1.000000e-07
 22  51  0  0  0  3  2.756212e-01  1.000000e-07
 62  30  0  0  0  3  1.608576e-01  1.000000e-07
 15  85  0  0  0  3  3.381846e-01  1.000000e-07
 74  45  0  0  0  3  2.193904e-01  1.000000e-07
 68  11  0  0  0  3  1.439120e-01  1.000000e-07
 77  31  0  0  0  3  2.707031e-01  1.000000e-07
 11  12  0  0  0  2  3.550294e-01  2.000000e-07
 11  9  0  0  0  2  2.326896e-01  2.000000e-07
 11  47  0  0  0  2  2.519911e-01  2.000000e-07
 11  48  0 -1  0  2  3.725533e-01  2.000000e-07
 11  49  0 -1  0  2  3.200270e-01  2.000000e-07
 11  50  0 -1  0  2  3.337809e-01  2.000000e-07
 11  57  0 -1  0  2  3.852414e-01  2.000000e-07
 11  58  0  0  0  2  4.210997e-01  2.000000e-07
 11  10 -1  0  0  2  4.918447e-01  2.000000e-07
 11  10  0  0  0  2  5.081591e-01  2.000000e-07
 11  79  0  0  0  2  4.818012e-01  2.000000e-07
 11  75  0  0  0  2  2.947138e-01  2.000000e-07
 11  55  0  0  0  2  1.867025e-01  2.000000e-07
 11  82  0  0  0  2  5.122232e-01  2.000000e-07
 11  77  0  0  0  2  1.596070e-01  2.000000e-07
 2  72  0  0  0  2  1.435555e-01  2.000000e-07
 2  83  1  0  0  2  2.297093e-01  2.000000e-07
 2  74  0 -1  0  2  4.275514e-01  2.000000e-07
 2  61  1 -1  0  2  4.520076e-01  2.000000e-07
 2  4  0  0  0  2  3.595505e-01  2.000000e-07
 2  3  0  0  0  2  2.935732e-01  2.000000e-07
 2  78  0  0  0  2  3.063755e-02  2.000000e-07
 2  86  0 -1  0  2  3.594942e-01  2.000000e-07
 2  79  0  0  0  2  3.142138e-01  2.000000e-07
 2  87  0  0  0  2  1.991989e-01  2.000000e-07
 2  82  0  0  0  2  7.556388e-02  2.000000e-07
 2  81  0  0  0  2  1.817712e-01  2.000000e-07
 2  77  1  0  0  2  2.862655e-01  2.000000e-07
 12  9  0  0  0  2  2.527430e-01  2.000000e-07
 12  72  0  0  0  2  2.121889e-01  2.000000e-07
 12  67  0  0  0  2  1.447928e-01  2.000000e-07
 12  50  0 -1  0  2  3.055461e-01  2.000000e-07
 12  78  0  0  0  2  2.510514e-01  2.000000e-07
 12  58  0  0  0  2  3.055135e-01  2.000000e-07
 12  8  0  0  0  2  2.270017e-01  2.000000e-07
 12  10  0  0  0  2  1.874120e-01  2.000000e-07
 12  79  0  0  0  2  1.885242e-01  2.000000e-07
 12  80  0  0  0  2  1.601389e-01  2.000000e-07
 12  76  0  0  0  2  2.707575e-01  2.000000e-07
 12  81  0  0  0  2  6.223789e-02  2.000000e-07
 54  46  0  0  0  2  1.956726e-01  2.000000e-07
 54  13  0  0  0  2  3.307189e-01  2.000000e-07
 54  47  0  0  0  2  1.522303e-01  2.000000e-07
 54  60  0  0  0  2  2.353156e-01  2.000000e-07
 54  49  0  0  0  2  3.805728e-01  2.000000e-07
 54  83  0  0  0  2  3.170245e-01  2.000000e-07
 54  61  0  0  0  2  3.577620e-01  2.000000e-07
 54  14  0  0  0  2  1.276336e-01  2.000000e-07
 54  84  0  0  0  2  3.640846e-01  2.000000e-07
 54  58  0  0  0  2  2.320481e-01  2.000000e-07
 54  51  0  0  0  2  1.275438e-01  2.000000e-07
 54  62  0  0  0  2  1.349947e-01  2.000000e-07
 54  75  0  0  0  2  1.003634e-01  2.000000e-07
 54  55  0  0  0  2  1.565946e-01  2.000000e-07
 9  46  0  0  0  2  2.991621e-01  2.000000e-07
 9  47  0  0  0  2  2.489950e-01  2.000000e-07
 9  50  0 -1  0  2  4.320426e-01  2.000000e-07
 9  58  0  0  0  2  1.884113e-01  2.000000e-07
 9  51  0  0  0  2  2.989792e-01  2.000000e-07
 9  80  0  0  0  2  2.156968e-01  2.000000e-07
 9  75  0  0  0  2  9.008103e-02  2.000000e-07
 9  52  0  0  0  2  1.773890e-01  2.000000e-07
 9  55  0  0  0  2  1.975089e-01  2.000000e-07
 9  81  0  0  0  2  3.088539e-01  2.000000e-07
 46  13  0  0  0  2  1.480767e-01  2.000000e-07
 46  48  0  0  0  2  1.715586e-01  2.000000e-07
 46  49  0  0  0  2  1.911383e-01  2.000000e-07
 46  50  0  0  0  2  3.653760e-01  2.000000e-07
 46  6  0  0  0  2  2.684883e-01  2.000000e-07
 46  51  0  0  0  2  2.242913e-01  2.000000e-07
 46  7  0  0  0  2  5.495896e-02  2.000000e-07
 46  75  0  0  0  2  2.121431e-01  2.000000e-07
 46  52  0  0  0  2  1.349360e-01  2.000000e-07
 13  48  0  0  0  2  8.314381e-02  2.000000e-07
 13  49  0  0  0  2  1.551180e-01  2.000000e-07
 13  73  0  0  0  2  3.597761e-01  2.000000e-07
 13  50  0  0  0  2  2.308229e-01  2.000000e-07
 13  84  0  0  0  2  7.160765e-02  2.000000e-07
 13  59  0  0  0  2  4.019546e-01  2.000000e-07
 13  85  0  0  0  2  1.382251e-01  2.000000e-07
 13  86  0  0  0  2  3.316387e-01  2.000000e-07
 13  75  0  0  0  2  3.134616e-01  2.000000e-07
 13  52  0  0  0  2  2.095085e-01  2.000000e-07
 13  76  0  0  0  2  3.588219e-01  2.000000e-07
 47  72 -1  0  0  2  3.265858e-01  2.000000e-07
 47  60  0  0  0  2  2.602736e-01  2.000000e-07
 47  56 -1  0  0  2  3.545993e-01  2.000000e-07
 47  14  0  0  0  2  4.326490e-02  2.000000e-07
 47  58  0  0  0  2  3.737931e-01  2.000000e-07
 47  53  0  0  0  2  1.897723e-01  2.000000e-07
 47  7  0  0  0  2  3.197274e-01  2.000000e-07
 47  10 -1  0  0  2  4.178107e-01  2.000000e-07
 47  87 -1  0  0  2  3.037610e-01  2.000000e-07
 47  52  0  0  0  2  3.057268e-01  2.000000e-07
 47  55  0  0  0  2  7.017311e-02  2.000000e-07
 48  60  0  0  0  2  3.712416e-01  2.000000e-07
 48  49  0  0  0  2  7.660009e-02  2.000000e-07
 48  74  0  0  0  2  1.931905e-01  2.000000e-07
 48  50  0  0  0  2  1.983995e-01  2.000000e-07
 48  71  0  0  0  2  3.929852e-01  2.000000e-07
 48  61  0  0  0  2  3.588516e-01  2.000000e-07
 48  57  0  0  0  2  3.865512e-01  2.000000e-07
 48  84  0  0  0  2  1.445115e-01  2.000000e-07
 48  58  0  0  0  2  2.963979e-01  2.000000e-07
 48  7  0  0  0  2  1.929937e-01  2.000000e-07
 48  85  0  0  0  2  2.037624e-01  2.000000e-07
 48  10  0  1  0  2  5.170473e-01  2.000000e-07
 48  52  0  0  0  2  2.716293e-01  2.000000e-07
 48  82  0  1  0  2  4.783637e-01  2.000000e-07
 48  77  0  1  0  2  4.692511e-01  2.000000e-07
 72  67  0  0  0  2  6.752875e-02  2.000000e-07
 72  56  0  0  0  2  2.962924e-01  2.000000e-07
 72  53  1  0  0  2  3.257893e-01  2.000000e-07
 72  8  0  0  0  2  1.862931e-01  2.000000e-07
 72  10  0  0  0  2  1.469454e-01  2.000000e-07
 72  79  0  0  0  2  1.977183e-01  2.000000e-07
 72  87  0  0  0  2  5.774111e-02  2.000000e-07
 72  55  1  0  0  2  3.733469e-01  2.000000e-07
 72  76  0  0  0  2  2.261497e-01  2.000000e-07
 72  82  0  0  0  2  2.058881e-01  2.000000e-07
 72  77  1  0  0  2  3.167826e-01  2.000000e-07
 60  56 -1  0  0  2  2.172255e-01  2.000000e-07
 60  71 -1  0  0  2  3.805550e-01  2.000000e-07
 60  61  0  0  0  2  1.390552e-01  2.000000e-07
 60  57  0  0  0  2  2.497018e-01  2.000000e-07
 60  14  0  0  0  2  2.791747e-01  2.000000e-07
 60  84  0  0  0  2  4.509518e-01  2.000000e-07
 60  4 -1  0  0  2  4.088445e-01  2.000000e-07
 60  1 -1  0  0  2  3.161495e-01  2.000000e-07
 60  58  0  0  0  2  4.166385e-01  2.000000e-07
 60  53  0  0  0  2  9.399810e-02  2.000000e-07
 60  7  0  0  0  2  2.001556e-01  2.000000e-07
 60  64 -1  0  0  2  2.967971e-01  2.000000e-07
 60  62  0  0  0  2  1.194538e-01  2.000000e-07
 60  87 -1  0  0  2  3.613857e-01  2.000000e-07
 49  83  0  1  0  2  4.848232e-01  2.000000e-07
 49  74  0  0  0  2  2.645670e-01  2.000000e-07
 49  50  0  0  0  2  2.308835e-01  2.000000e-07
 49  61  0  0  0  2  2.995724e-01  2.000000e-07
 49  57  0  0  0  2  3.149582e-01  2.000000e-07
 49  6  0  0  0  2  3.732927e-01  2.000000e-07
 49  78 -1  1  0  2  5.726271e-01  2.000000e-07
 49  51  0  0  0  2  3.686059e-01  2.000000e-07
 49  62  0  0  0  2  3.851313e-01  2.000000e-07
 49  86  0  0  0  2  4.431296e-01  2.000000e-07
 49  55  0  1  0  2  5.032272e-01  2.000000e-07
 49  81  0  1  0  2  4.763341e-01  2.000000e-07
 49  77  0  1  0  2  4.009946e-01  2.000000e-07
 83  67 -1  0  0  2  2.922484e-01  2.000000e-07
 83  61  0 -1  0  2  4.736942e-01  2.000000e-07
 83  14  0  0  0  2  1.908411e-01  2.000000e-07
 83  3 -1  0  0  2  3.513371e-01  2.000000e-07
 83  78 -1  0  0  2  2.354736e-01  2.000000e-07
 83  62  0  0  0  2  2.951902e-01  2.000000e-07
 83  87 -1  0  0  2  2.418724e-01  2.000000e-07
 83  75  0  0  0  2  3.702560e-01  2.000000e-07
 83  55  0  0  0  2  1.752912e-01  2.000000e-07
 73  67  0  0  0  2  2.470400e-01  2.000000e-07
 73  84  0  0  0  2  2.952675e-01  2.000000e-07
 73  4  0  0  0  2  5.915792e-02  2.000000e-07
 73  3  0  0  0  2  8.728765e-02  2.000000e-07
 73  59  0  0  0  2  5.916617e-02  2.000000e-07
 73  8  0  0  0  2  7.776045e-02  2.000000e-07
 73  64  0  0  0  2  1.526751e-01  2.000000e-07
 73  62  1  0  0  2  3.908391e-01  2.000000e-07
 73  80  0  0  0  2  1.833839e-01  2.000000e-07
 73  75  0  0  0  2  3.956696e-01  2.000000e-07
 73  52  0  0  0  2  3.406039e-01  2.000000e-07
 73  81  0  0  0  2  3.403521e-01  2.000000e-07
 0  74  0  0  0  2  1.552133e-01  2.000000e-07
 0  56  0  0  0  2  1.842675e-01  2.000000e-07
 0  84  0  0  0  2  2.048580e-01  2.000000e-07
 0  4  0  0  0  2  2.255509e-01  2.000000e-07
 0  1  0  0  0  2  6.554542e-02  2.000000e-07
 0  58  0  0  0  2  3.066516e-01  2.000000e-07
 0  85  0  0  0  2  1.375688e-01  2.000000e-07
 0  64  0  0  0  2  7.455904e-02  2.000000e-07
 0  86  0  0  0  2  1.025160e-01  2.000000e-07
 0  79  0  0  0  2  2.891424e-01  2.000000e-07
 67  3  0  0  0  2  1.628011e-01  2.000000e-07
 67  78  0  0  0  2  1.723423e-01  2.000000e-07
 67  53  1  0  0  2  3.860596e-01  2.000000e-07
 67  59  0  0  0  2  2.610473e-01  2.000000e-07
 67  8  0  0  0  2  1.775365e-01  2.000000e-07
 67  62  1  0  0  2  4.409122e-01  2.000000e-07
 67  10  0  0  0  2  1.235202e-01  2.000000e-07
 67  80  0  0  0  2  2.028022e-01  2.000000e-07
 67  55  1  0  0  2  4.393982e-01  2.000000e-07
 67  81  0  0  0  2  1.338476e-01  2.000000e-07
 74  11  0  1  0  2  4.812322e-01  2.000000e-07
 74  71  0  0  0  2  2.077445e-01  2.000000e-07
 74  84  0  0  0  2  1.075907e-01  2.000000e-07
 74  1  0  0  0  2  1.986906e-01  2.000000e-07
 74  58  0  0  0  2  2.985437e-01  2.000000e-07
 74  85  0  0  0  2  7.877651e-02  2.000000e-07
 74  86  0  0  0  2  1.802375e-01  2.000000e-07
 74  75  0  1  0  2  6.859574e-01  2.000000e-07
 74  82  0  1  0  2  3.524672e-01  2.000000e-07
 74  81  0  1  0  2  4.019810e-01  2.000000e-07
 74  77  0  1  0  2  6.118674e-01  2.000000e-07
 56  71  0  0  0  2  2.882517e-01  2.000000e-07
 56  61  1  0  0  2  2.468279e-01  2.000000e-07
 56  57  1  0  0  2  3.152018e-01  2.000000e-07
 56  4  0  0  0  2  2.000437e-01  2.000000e-07
 56  1  0  0  0  2  1.655969e-01  2.000000e-07
 56  53  1  0  0  2  1.911208e-01  2.000000e-07
 56  59  0  0  0  2  8.667260e-02  2.000000e-07
 56  85  0  0  0  2  3.056882e-01  2.000000e-07
 56  79  0  0  0  2  2.533561e-01  2.000000e-07
 56  87  0  0  0  2  2.391212e-01  2.000000e-07
 56  76  0  0  0  2  1.749002e-01  2.000000e-07
 50  71  0  0  0  2  2.652038e-01  2.000000e-07
 50  57  0  0  0  2  5.242326e-01  2.000000e-07
 50  57  1  0  0  2  4.903597e-01  2.000000e-07
 50  78  0  1  0  2  3.461110e-01  2.000000e-07
 50  59  0  0  0  2  4.895983e-01  2.000000e-07
 50  7  0  0  0  2  3.913266e-01  2.000000e-07
 50  85  0  0  0  2  2.369823e-01  2.000000e-07
 50  64  0  0  0  2  3.754624e-01  2.000000e-07
 50  10  0  1  0  2  3.195379e-01  2.000000e-07
 50  86  0  0  0  2  2.821907e-01  2.000000e-07
 50  52  0  0  0  2  4.391532e-01  2.000000e-07
 50  55  0  1  0  2  5.069562e-01  2.000000e-07
 50  76  0  0  0  2  4.873419e-01  2.000000e-07
 50  81  0  1  0  2  2.702408e-01  2.000000e-07
 71  61  1  0  0  2  2.800281e-01  2.000000e-07
 71  57  1  0  0  2  2.303680e-01  2.000000e-07
 71  1  0  0  0  2  1.336469e-01  2.000000e-07
 71  59  0  0  0  2  3.337842e-01  2.000000e-07
 71  85  0  0  0  2  2.530781e-01  2.000000e-07
 71  10  0  1  0  2  2.871259e-01  2.000000e-07
 71  86  0  0  0  2  7.197287e-02  2.000000e-07
 71  76  0  0  0  2  3.792651e-01  2.000000e-07
 71  82  0  1  0  2  2.263706e-01  2.000000e-07
 71  77  1  1  0  2  4.478296e-01  2.000000e-07
 61  57  0  0  0  2  1.106469e-01  2.000000e-07
 61  57  0  0  0  2  1.106469e-01  2.000000e-07
 61  84  0  0  0  2  4.741838e-01  2.000000e-07
 61  1 -1  0  0  2  2.631862e-01  2.000000e-07
 61  6  0  0  0  2  1.841248e-01  2.000000e-07
 61  78 -1  1  0  2  4.226682e-01  2.000000e-07
 61  51  0  0  0  2  2.511574e-01  2.000000e-07
 61  64 -1  0  0  2  2.748138e-01  2.000000e-07
 61  62  0  0  0  2  2.571829e-01  2.000000e-07
 61  86 -1  0  0  2  2.742964e-01  2.000000e-07
 61  82 -1  1  0  2  4.292003e-01  2.000000e-07
 61  77  0  1  0  2  4.251261e-01  2.000000e-07
 57  6  0  0  0  2  2.944210e-01  2.000000e-07
 57  78 -1  1  0  2  3.177754e-01  2.000000e-07
 57  53  0  0  0  2  3.318866e-01  2.000000e-07
 57  59 -1  0  0  2  3.974274e-01  2.000000e-07
 57  7  0  0  0  2  3.280140e-01  2.000000e-07
 57  64 -1  0  0  2  3.049370e-01  2.000000e-07
 57  10 -1  1  0  2  3.766634e-01  2.000000e-07
 57  86 -1  0  0  2  2.535400e-01  2.000000e-07
 57  55  0  1  0  2  4.916455e-01  2.000000e-07
 57  76 -1  0  0  2  4.767654e-01  2.000000e-07
 57  82 -1  1  0  2  3.314226e-01  2.000000e-07
 57  77  0  1  0  2  3.262474e-01  2.000000e-07
 14  58  0  0  0  2  3.377569e-01  2.000000e-07
 14  62  0  0  0  2  1.600456e-01  2.000000e-07
 14  87 -1  0  0  2  3.463329e-01  2.000000e-07
 14  75  0  0  0  2  1.850673e-01  2.000000e-07
 14  77  0  0  0  2  1.987893e-01  2.000000e-07
 84  49  0  0  0  2  2.205882e-01  2.000000e-07
 84  4  0  0  0  2  2.916643e-01  2.000000e-07
 84  58  0  0  0  2  2.036934e-01  2.000000e-07
 84  85  0  0  0  2  6.731127e-02  2.000000e-07
 84  64  0  0  0  2  2.718076e-01  2.000000e-07
 84  86  0  0  0  2  2.677691e-01  2.000000e-07
 84  75  0  0  0  2  3.272594e-01  2.000000e-07
 4  1  0  0  0  2  2.651139e-01  2.000000e-07
 4  3  0  0  0  2  8.476606e-02  2.000000e-07
 4  58  0  0  0  2  2.129189e-01  2.000000e-07
 4  64  0  0  0  2  2.047515e-01  2.000000e-07
 4  79  0  0  0  2  6.461151e-02  2.000000e-07
 4  87  0  0  0  2  1.966603e-01  2.000000e-07
 4  75  0  0  0  2  3.437630e-01  2.000000e-07
 4  81  0  0  0  2  2.947663e-01  2.000000e-07
 1  85  0  0  0  2  1.983918e-01  2.000000e-07
 1  64  0  0  0  2  6.657634e-02  2.000000e-07
 1  86  0  0  0  2  6.364323e-02  2.000000e-07
 1  87  0  0  0  2  3.863608e-01  2.000000e-07
 6  53  0  0  0  2  4.823451e-02  2.000000e-07
 6  59 -1  0  0  2  2.774525e-01  2.000000e-07
 6  7  0  0  0  2  2.205623e-01  2.000000e-07
 6  62  0  0  0  2  8.411931e-02  2.000000e-07
 3  78  0  0  0  2  3.242096e-01  2.000000e-07
 3  59  0  0  0  2  1.009558e-01  2.000000e-07
 3  64  0  0  0  2  2.300429e-01  2.000000e-07
 3  62  1  0  0  2  3.731868e-01  2.000000e-07
 3  80  0  0  0  2  1.680794e-01  2.000000e-07
 3  87  0  0  0  2  1.139315e-01  2.000000e-07
 3  75  0  0  0  2  4.113076e-01  2.000000e-07
 3  81  0  0  0  2  2.696169e-01  2.000000e-07
 78  64  0 -1  0  2  4.577566e-01  2.000000e-07
 78  62  1  0  0  2  4.879839e-01  2.000000e-07
 78  10  0  0  0  2  6.366574e-02  2.000000e-07
 78  86  0 -1  0  2  3.311137e-01  2.000000e-07
 78  87  0  0  0  2  2.289705e-01  2.000000e-07
 78  55  1  0  0  2  4.103517e-01  2.000000e-07
 78  81  0  0  0  2  1.968417e-01  2.000000e-07
 58  7  0  0  0  2  2.496577e-01  2.000000e-07
 58  85  0  0  0  2  2.237562e-01  2.000000e-07
 58  79  0  0  0  2  2.112064e-01  2.000000e-07
 58  80  0  0  0  2  1.642965e-01  2.000000e-07
 58  75  0  0  0  2  1.535089e-01  2.000000e-07
 58  52  0  0  0  2  8.527227e-02  2.000000e-07
 58  76  0  0  0  2  2.344618e-01  2.000000e-07
 53  59 -1  0  0  2  2.492736e-01  2.000000e-07
 53  51  0  0  0  2  9.684420e-02  2.000000e-07
 53  7  0  0  0  2  2.612274e-01  2.000000e-07
 53  62  0  0  0  2  8.578151e-02  2.000000e-07
 53  52  0  0  0  2  3.522750e-01  2.000000e-07
 53  55  0  0  0  2  2.567734e-01  2.000000e-07
 53  76 -1  0  0  2  3.322265e-01  2.000000e-07
 59  8  0  0  0  2  1.185744e-01  2.000000e-07
 59  85  0  0  0  2  2.792117e-01  2.000000e-07
 59  64  0  0  0  2  1.340983e-01  2.000000e-07
 59  62  1  0  0  2  3.334188e-01  2.000000e-07
 59  80  0  0  0  2  2.368333e-01  2.000000e-07
 59  52  0  0  0  2  3.984620e-01  2.000000e-07
 59  76  0  0  0  2  8.957469e-02  2.000000e-07
 51  7  0  0  0  2  1.884622e-01  2.000000e-07
 51  62  0  0  0  2  1.729959e-02  2.000000e-07
 51  75  0  0  0  2  2.270887e-01  2.000000e-07
 51  52  0  0  0  2  2.559310e-01  2.000000e-07
 51  55  0  0  0  2  2.077511e-01  2.000000e-07
 8  53  1  0  0  2  3.417018e-01  2.000000e-07
 8  80  0  0  0  2  1.239578e-01  2.000000e-07
 8  52  0  0  0  2  3.274029e-01  2.000000e-07
 8  76  0  0  0  2  4.730749e-02  2.000000e-07
 7  52  0  0  0  2  1.758931e-01  2.000000e-07
 7  55  0  0  0  2  3.446463e-01  2.000000e-07
 85  79  0  0  0  2  3.051324e-01  2.000000e-07
 85  52  0  0  0  2  2.634219e-01  2.000000e-07
 85  76  0  0  0  2  2.567249e-01  2.000000e-07
 64  6  1  0  0  2  3.010623e-01  2.000000e-07
 64  62  1  0  0  2  3.773580e-01  2.000000e-07
 64  86  0  0  0  2  1.300248e-01  2.000000e-07
 64  87  0  0  0  2  3.202665e-01  2.000000e-07
 62  87 -1  0  0  2  3.336874e-01  2.000000e-07
 62  55  0  0  0  2  2.005608e-01  2.000000e-07
 10  79  0  0  0  2  2.908445e-01  2.000000e-07
 10  55  1  0  0  2  4.460633e-01  2.000000e-07
 10  82  0  0  0  2  6.076809e-02  2.000000e-07
 10  77  1  0  0  2  3.343633e-01  2.000000e-07
 86  82  0  1  0  2  2.968261e-01  2.000000e-07
 86  81  0  1  0  2  4.144093e-01  2.000000e-07
 79  80  0  0  0  2  7.501702e-02  2.000000e-07
 79  87  0  0  0  2  1.809273e-01  2.000000e-07
 79  75  0  0  0  2  3.193056e-01  2.000000e-07
 79  76  0  0  0  2  8.417696e-02  2.000000e-07
 79  82  0  0  0  2  3.480750e-01  2.000000e-07
 79  81  0  0  0  2  2.317825e-01  2.000000e-07
 80  52  0  0  0  2  2.388814e-01  2.000000e-07
 80  76  0  0  0  2  1.487121e-01  2.000000e-07
 80  81  0  0  0  2  2.165368e-01  2.000000e-07
 87  82  0  0  0  2  2.635168e-01  2.000000e-07
 87  81  0  0  0  2  2.435112e-01  2.000000e-07
 87  77  1  0  0  2  3.289297e-01  2.000000e-07
 75  49  0 -1  0  2  5.983194e-01  2.000000e-07
 75  62  0  0  0  2  2.352811e-01  2.000000e-07
 75  52  0  0  0  2  1.054525e-01  2.000000e-07
 75  55  0  0  0  2  1.951618e-01  2.000000e-07
 75  82  0  0  0  2  5.496020e-01  2.000000e-07
 75  81  0  0  0  2  3.866079e-01  2.000000e-07
 75  77  0  0  0  2  3.536436e-01  2.000000e-07
 52  55  0  0  0  2  2.923321e-01  2.000000e-07
 52  76  0  0  0  2  3.196184e-01  2.000000e-07
 55  81  0  0  0  2  4.759308e-01  2.000000e-07
 82  81  0  0  0  2  1.630431e-01  2.000000e-07
 82  77  0  0  0  2  6.718031e-01  2.000000e-07
 82  77  1  0  0  2  3.428816e-01  2.000000e-07
 11  12  0  0  0  1  3.550294e-01  3.000000e-07
 11  9  0  0  0  1  2.326896e-01  3.000000e-07
 11  49  0 -1  0  1  3.200270e-01  3.000000e-07
 11  50  0 -1  0  1  3.337809e-01  3.000000e-07
 11  55  0  0  0  1  1.867025e-01  3.000000e-07
 11  77  0  0  0  1  1.596070e-01  3.000000e-07
 2  72  0  0  0  1  1.435555e-01  3.000000e-07
 2  83  1  0  0  1  2.297093e-01  3.000000e-07
 12  9  0  0  0  1  2.527430e-01  3.000000e-07
 12  67  0  0  0  1  1.447928e-01  3.000000e-07
 12  79  0  0  0  1  1.885242e-01  3.000000e-07
 12  80  0  0  0  1  1.601389e-01  3.000000e-07
 12  81  0  0  0  1  6.223789e-02  3.000000e-07
 54  46  0  0  0  1  1.956726e-01  3.000000e-07
 54  14  0  0  0  1  1.276336e-01  3.000000e-07
 54  51  0  0  0  1  1.275438e-01  3.000000e-07
 54  7  0  0  0  1  1.921789e-01  3.000000e-07
 54  62  0  0  0  1  1.349947e-01  3.000000e-07
 54  75  0  0  0  1  1.003634e-01  3.000000e-07
 54  52  0  0  0  1  1.563541e-01  3.000000e-07
 9  58  0  0  0  1  1.884113e-01  3.000000e-07
 9  80  0  0  0  1  2.156968e-01  3.000000e-07
 9  75  0  0  0  1  9.008103e-02  3.000000e-07
 9  55  0  0  0  1  1.975089e-01  3.000000e-07
 46  13  0  0  0  1  1.480767e-01  3.000000e-07
 46  48  0  0  0  1  1.715586e-01  3.000000e-07
 46  49  0  0  0  1  1.911383e-01  3.000000e-07
 46  7  0  0  0  1  5.495896e-02  3.000000e-07
 46  52  0  0  0  1  1.349360e-01  3.000000e-07
 13  74  0  0  0  1  1.574517e-01  3.000000e-07
 13  84  0  0  0  1  7.160765e-02  3.000000e-07
 13  58  0  0  0  1  2.193977e-01  3.000000e-07
 13  52  0  0  0  1  2.095085e-01  3.000000e-07
 47  83  0  0  0  1  1.676045e-01  3.000000e-07
 47  53  0  0  0  1  1.897723e-01  3.000000e-07
 47  62  0  0  0  1  1.451669e-01  3.000000e-07
 47  87 -1  0  0  1  3.037610e-01  3.000000e-07
 47  55  0  0  0  1  7.017311e-02  3.000000e-07
 48  49  0  0  0  1  7.660009e-02  3.000000e-07
 48  74  0  0  0  1  1.931905e-01  3.000000e-07
 72  83  1  0  0  1  2.336531e-01  3.000000e-07
 72  67  0  0  0  1  6.752875e-02  3.000000e-07
 72  87  0  0  0  1  5.774111e-02  3.000000e-07
 60  56 -1  0  0  1  2.172255e-01  3.000000e-07
 60  61  0  0  0  1  1.390552e-01  3.000000e-07
 60  51  0  0  0  1  1.159040e-01  3.000000e-07
 60  7  0  0  0  1  2.001556e-01  3.000000e-07
 49  50  0  0  0  1  2.308835e-01  3.000000e-07
 49  57  0  0  0  1  3.149582e-01  3.000000e-07
 49  7  0  0  0  1  1.905634e-01  3.000000e-07
 83  77  0  0  0  1  8.766032e-02  3.000000e-07
 73  0  0  0  0  1  1.869375e-01  3.000000e-07
 73  4  0  0  0  1  5.915792e-02  3.000000e-07
 73  3  0  0  0  1  8.728765e-02  3.000000e-07
 73  85  0  0  0  1  2.475687e-01  3.000000e-07
 73  64  0  0  0  1  1.526751e-01  3.000000e-07
 0  74  0  0  0  1  1.552133e-01  3.000000e-07
 0  1  0  0  0  1  6.554542e-02  3.000000e-07
 0  85  0  0  0  1  1.375688e-01  3.000000e-07
 0  64  0  0  0  1  7.455904e-02  3.000000e-07
 0  86  0  0  0  1  1.025160e-01  3.000000e-07
 67  3  0  0  0  1  1.628011e-01  3.000000e-07
 67  10  0  0  0  1  1.235202e-01  3.000000e-07
 67  87  0  0  0  1  1.099152e-01  3.000000e-07
 67  81  0  0  0  1  1.338476e-01  3.000000e-07
 74  50  0  0  0  1  1.640276e-01  3.000000e-07
 74  71  0  0  0  1  2.077445e-01  3.000000e-07
 74  84  0  0  0  1  1.075907e-01  3.000000e-07
 74  86  0  0  0  1  1.802375e-01  3.000000e-07
 56  61  1  0  0  1  2.468279e-01  3.000000e-07
 56  1  0  0  0  1  1.655969e-01  3.000000e-07
 56  53  1  0  0  1  1.911208e-01  3.000000e-07
 56  59  0  0  0  1  8.667260e-02  3.000000e-07
 50  71  0  0  0  1  2.652038e-01  3.000000e-07
 50  82  0  1  0  1  2.847361e-01  3.000000e-07
 50  81  0  1  0  1  2.702408e-01  3.000000e-07
 71  57  1  0  0  1  2.303680e-01  3.000000e-07
 71  78  0  1  0  1  2.591533e-01  3.000000e-07
 71  82  0  1  0  1  2.263706e-01  3.000000e-07
 61  57  0  0  0  1  1.106469e-01  3.000000e-07
 61  7  0  0  0  1  2.494308e-01  3.000000e-07
 57  1 -1  0  0  1  2.689295e-01  3.000000e-07
 57  78 -1  1  0  1  3.177754e-01  3.000000e-07
 57  86 -1  0  0  1  2.535400e-01  3.000000e-07
 57  77  0  1  0  1  3.262474e-01  3.000000e-07
 14  62  0  0  0  1  1.600456e-01  3.000000e-07
 14  75  0  0  0  1  1.850673e-01  3.000000e-07
 84  58  0  0  0  1  2.036934e-01  3.000000e-07
 84  85  0  0  0  1  6.731127e-02  3.000000e-07
 4  58  0  0  0  1  2.129189e-01  3.000000e-07
 4  85  0  0  0  1  2.553702e-01  3.000000e-07
 4  80  0  0  0  1  1.242586e-01  3.000000e-07
 1  61  1  0  0  1  2.631862e-01  3.000000e-07
 1  64  0  0  0  1  6.657634e-02  3.000000e-07
 1  86  0  0  0  1  6.364323e-02  3.000000e-07
 6  56 -1  0  0  1  2.084440e-01  3.000000e-07
 6  51  0  0  0  1  8.660823e-02  3.000000e-07
 6  62  0  0  0  1  8.411931e-02  3.000000e-07
 3  59  0  0  0  1  1.009558e-01  3.000000e-07
 3  79  0  0  0  1  9.340102e-02  3.000000e-07
 3  87  0  0  0  1  1.139315e-01  3.000000e-07
 3  76  0  0  0  1  7.439562e-02  3.000000e-07
 78  83  1  0  0  1  2.354736e-01  3.000000e-07
 78  82  0  0  0  1  6.143773e-02  3.000000e-07
 78  77  1  0  0  1  2.836851e-01  3.000000e-07
 58  85  0  0  0  1  2.237562e-01  3.000000e-07
 58  80  0  0  0  1  1.642965e-01  3.000000e-07
 58  75  0  0  0  1  1.535089e-01  3.000000e-07
 58  52  0  0  0  1  8.527227e-02  3.000000e-07
 53  62  0  0  0  1  8.578151e-02  3.000000e-07
 53  87 -1  0  0  1  2.762248e-01  3.000000e-07
 59  64  0  0  0  1  1.340983e-01  3.000000e-07
 59  87  0  0  0  1  1.868670e-01  3.000000e-07
 10  82  0  0  0  1  6.076809e-02  3.000000e-07
 79  80  0  0  0  1  7.501702e-02  3.000000e-07
 87  83  1  0  0  1  2.418724e-01  3.000000e-07
 75  52  0  0  0  1  1.054525e-01  3.000000e-07
 75  55  0  0  0  1  1.951618e-01  3.000000e-07
 55  77  0  0  0  1  1.675645e-01  3.000000e-07
 82  81  0  0  0  1  1.630431e-01  3.000000e-07
 2.745458e-01  1.903625e-01  0
 3.348821e-01  2.159699e-01  0
 3.807864e-01 -3.656983e-01  0
 3.150372e-01 -7.958253e-02  0
 2.441336e-01 -3.312867e-02  0
-3.495317e-01  1.445495e-01  1.628751e-01
-3.772274e-01  5.512458e-02  0
-1.734325e-01  1.394772e-01  0
 2.661767e-01 -6.990425e-02  0
-5.948550e-02 -1.633163e-01  0
 3.324166e-01 -3.634927e-01  0
-1.757407e-01 -3.648831e-01  0
 1.675553e-01 -2.743636e-01  0
 2.350192e-04  2.171502e-01  0
-2.652975e-01 -1.564451e-01  0
 2.080086e-01  1.782930e-01  3.238865e-01
 2.856954e-01  4.018352e-02  4.112206e-01
-2.727111e-01 -3.237613e-01  2.781820e-01
-3.361446e-01  3.122748e-01  2.419222e-01
-2.363891e-01 -3.516632e-01  2.646124e-01
-2.347999e-01 -1.375306e-01  2.402207e-01
 2.868196e-01 -2.675681e-01  4.196705e-01
-2.361816e-01  7.355715e-02  2.579851e-01
 9.259315e-02  7.644497e-02 -2.303155e-01
 2.386127e-01  3.459792e-04 -2.093116e-01
 1.374779e-02  4.933161e-02 -3.764519e-01
 8.932151e-02  1.359107e-01 -3.231152e-01
-3.698230e-01 -1.268068e-01 -1.164246e-01
-2.577091e-01 -7.361354e-02 -3.682268e-01
-2.919122e-01  3.396865e-01 -1.657710e-01
-2.994593e-01 -6.643077e-02 -1.505648e-01
-3.099430e-01 -2.526365e-01 -2.048625e-01
-1.588507e-01 -6.484262e-02 -3.493414e-01
-3.718162e-01 -7.913858e-02 -1.363325e-01
-1.369514e-02 -2.698638e-01 -3.486838e-01
-2.271834e-01  1.781109e-01 -4.371304e-01
 2.212285e-01 -2.800110e-01 -2.070432e-01
-2.063889e-01 -2.693166e-01  3.778808e-01
 2.343140e-01 -2.692062e-02  4.246104e-01
-4.257373e-01  2.514065e-01  3.350677e-01
-8.089205e-02  1.752761e-01  3.948794e-01
 1.492541e-01  1.956908e-01 -4.240884e-01
 4.222225e-01 -4.046607e-02 -3.308268e-01
-3.490797e-01 -3.009320e-01 -4.260020e-01
-2.422878e-01 -1.040575e-01  4.032293e-01
 7.260610e-02  2.643076e-01 -2.101148e-01
-1.193325e-01  1.297986e-01  0
-3.081496e-01 -1.504830e-01  0
-4.718183e-02  2.854476e-01  0
-1.150894e-01  3.208897e-01  0
 8.805527e-02  4.306141e-01  0
-3.061360e-01  5.657327e-03  0
-5.033578e-02  1.383661e-02  0
-4.026107e-01  1.410929e-02  0
-1.922561e-01 -5.177761e-02  0
-2.543488e-01 -1.955356e-01  0
 4.149347e-01  7.100818e-02  0
-4.291283e-01  3.449348e-01  0
 3.386240e-02  3.448872e-04  0
 3.481214e-01  1.579835e-02  0
-3.701067e-01  1.023087e-01  0
-4.028109e-01  2.374633e-01  0
-3.191558e-01 -5.733915e-03  0
 3.377915e-01 -5.536488e-02  1.702563e-01
 3.368595e-01  1.494229e-01  0
 4.042326e-01 -1.742399e-01  2.756445e-01
 3.404542e-01  1.468321e-01  1.799191e-01
 3.087446e-01 -2.422620e-01  0
-7.960765e-02 -3.954594e-01  1.089096e-01
-1.876377e-01  3.877342e-01 -3.543759e-01
 3.383622e-01 -1.132439e-01 -2.466153e-01
 3.405488e-01  3.494966e-01  0
 3.732678e-01 -2.223399e-01  0
 2.901282e-01  4.075557e-03  0
 1.458281e-01  2.770975e-01  0
-9.626768e-02 -8.108697e-02  0
 2.671980e-01 -2.260779e-02  0
-3.338461e-01 -3.430417e-01  0
 3.873833e-01 -3.956172e-01  0
 2.227724e-01 -9.410693e-02  0
 1.507551e-01 -1.151083e-01  0
 2.036079e-01 -3.250958e-01  0
 3.330297e-01 -4.242577e-01  0
-4.027430e-01 -2.888425e-01  0
 6.995463e-02  2.008153e-01  0
 1.372355e-01  1.987910e-01  0
 3.260557e-01  2.789981e-01  0
 3.885200e-01 -1.666496e-01  0
-3.342469e-01 -3.608705e-01  2.368092e-01
-3.489423e-01  2.654638e-01 -1.828123e-01