 702  90  1.200000e-05  59 -2 -2
 20  81  1  0  0  3  2.349912e-01  1.000000e-07
 20  43  0 -1  0  3  3.371649e-01  1.000000e-07
 20  24  0  0  0  3  1.430511e-01  1.000000e-07
 20  21  0  0  0  3  1.535518e-01  1.000000e-07
 20  46  1  0  0  3  3.142744e-01  1.000000e-07
 20  38  0  0  0  3  3.006538e-01  1.000000e-07
 81  43 -1 -1  0  3  4.090342e-01  1.000000e-07
 81  13  0  0  0  3  4.092331e-01  1.000000e-07
 81  21 -1  0  0  3  2.063557e-01  1.000000e-07
 81  18 -1  0  0  3  5.448022e-01  1.000000e-07
 43  22  0  0  0  3  5.372414e-01  1.000000e-07
 43  22  1  0  0  3  4.689352e-01  1.000000e-07
 43  24  0  1  0  3  3.684926e-01  1.000000e-07
 43  21  0  1  0  3  2.331418e-01  1.000000e-07
 43  42  0  0  0  3  1.861628e-01  1.000000e-07
 43  18  0  0  0  3  2.602096e-01  1.000000e-07
 13  48  0  0  0  3  4.761710e-01  1.000000e-07
 13  45  0  0  0  3  1.566743e-01  1.000000e-07
 13  46  0  0  0  3  3.856239e-01  1.000000e-07
 13  47  0  0  0  3  3.233960e-01  1.000000e-07
 22  23  0  0  0  3  2.743109e-01  1.000000e-07
 22  41 -1  0  0  3  4.284077e-01  1.000000e-07
 22  48  0  0  0  3  3.388619e-01  1.000000e-07
 22  42 -1  0  0  3  4.648734e-01  1.000000e-07
 22  37  0  0  0  3  3.337741e-01  1.000000e-07
 22  40  0  0  1  3  3.650915e-01  1.000000e-07
 23  24  0  1  0  3  5.478912e-01  1.000000e-07
 23  48  0  0  0  3  1.083179e-01  1.000000e-07
 23  45  0  0  0  3  3.607811e-01  1.000000e-07
 23  38  0  1  0  3  4.724826e-01  1.000000e-07
 23  47  0  0  0  3  3.983585e-01  1.000000e-07
 23  62  0  1  1  3  4.524146e-01  1.000000e-07
 23  40  0  0  1  3  4.520522e-01  1.000000e-07
 23  63  0  0  1  3  3.732469e-01  1.000000e-07
 24  19  0  0  0  3  4.793116e-01  1.000000e-07
 24  48  0 -1  0  3  5.244990e-01  1.000000e-07
 24  45  0  0  0  3  4.861524e-01  1.000000e-07
 19  61  0  0  0  3  1.748555e-01  1.000000e-07
 19  45  0  0  0  3  2.555990e-01  1.000000e-07
 19  37  0  0  0  3  2.601292e-01  1.000000e-07
 19  38  0  0  0  3  5.028072e-01  1.000000e-07
 19  39  0  0  1  3  5.185937e-01  1.000000e-07
 19  62  0  0  1  3  5.034882e-01  1.000000e-07
 61  48  0 -1  0  3  5.059876e-01  1.000000e-07
 61  21 -1  0  0  3  3.250773e-01  1.000000e-07
 61  42 -1 -1  0  3  4.533070e-01  1.000000e-07
 61  46  0  0  0  3  3.335559e-01  1.000000e-07
 61  39  0  0  1  3  4.998880e-01  1.000000e-07
 61  40  0 -1  1  3  4.581682e-01  1.000000e-07
 41  48  0  0  0  3  3.765891e-01  1.000000e-07
 41  42  0  0  0  3  3.523899e-01  1.000000e-07
 41  46  1  0  0  3  2.798366e-01  1.000000e-07
 41  38  0  0  0  3  4.600813e-01  1.000000e-07
 41  40  1  0  1  3  3.028719e-01  1.000000e-07
 41  35  0  0  1  3  3.687974e-01  1.000000e-07
 41  30  0  0  1  3  4.328405e-01  1.000000e-07
 41  34  1  0  1  3  3.814367e-01  1.000000e-07
 48  28  0  0  1  3  5.210640e-01  1.000000e-07
 48  30  0  0  1  3  3.367204e-01  1.000000e-07
 45  37  0  0  0  3  1.443241e-01  1.000000e-07
 45  38  0  0  0  3  5.063471e-01  1.000000e-07
 45  18  0  0  0  3  5.177566e-01  1.000000e-07
 45  28  0  0  1  3  5.950640e-01  1.000000e-07
 45  64  0  0  1  3  3.825346e-01  1.000000e-07
 21  42  0 -1  0  3  2.417669e-01  1.000000e-07
 21  46  1  0  0  3  3.281414e-01  1.000000e-07
 21  38  0  0  0  3  3.311334e-01  1.000000e-07
 42  46  1  1  0  3  4.565939e-01  1.000000e-07
 42  18  0  0  0  3  3.599802e-01  1.000000e-07
 42  29  0  1  1  3  4.197409e-01  1.000000e-07
 42  30  0  0  1  3  2.311772e-01  1.000000e-07
 37  46  0  0  0  3  2.276345e-01  1.000000e-07
 37  47  0  0  0  3  9.457370e-02  1.000000e-07
 37  39  0  0  1  3  5.403710e-01  1.000000e-07
 37  62  0  0  1  3  5.188487e-01  1.000000e-07
 37  26  0  0  1  3  4.133749e-01  1.000000e-07
 37  64  0  0  1  3  3.121691e-01  1.000000e-07
 46  47  0  0  0  3  2.433914e-01  1.000000e-07
 46  26  0  0  1  3  4.995451e-01  1.000000e-07
 38  28  0  0  1  3  3.219809e-01  1.000000e-07
 38  32  0  0  1  3  2.930250e-01  1.000000e-07
 38  35  0  0  1  3  4.499882e-01  1.000000e-07
 47  25  0  0  1  3  4.038062e-01  1.000000e-07
 47  69 -1  0  1  3  5.259143e-01  1.000000e-07
 47  64  0  0  1  3  3.001249e-01  1.000000e-07
 47  34  0  0  1  3  3.739438e-01  1.000000e-07
 25  40  0  0  0  3  2.061869e-01  1.000000e-07
 25  69 -1  0  0  3  4.660161e-01  1.000000e-07
 25  36  0  0  0  3  9.272580e-02  1.000000e-07
 25  26  0  0  0  3  2.662230e-01  1.000000e-07
 25  64  0  0  0  3  2.781953e-01  1.000000e-07
 25  35 -1  0  0  3  3.673280e-01  1.000000e-07
 25  34  0  0  0  3  8.095080e-02  1.000000e-07
 39  66  0  0  0  3  2.434754e-01  1.000000e-07
 39  28  0  0  0  3  2.172741e-01  1.000000e-07
 39  64  0  0  0  3  5.350067e-01  1.000000e-07
 39  32  0  0  0  3  2.127241e-01  1.000000e-07
 39  30  0 -1  0  3  3.209548e-01  1.000000e-07
 39  33  0 -1  0  3  3.230767e-01  1.000000e-07
 66  28  0  0  0  3  9.084331e-02  1.000000e-07
 66  2  0  0  0  3  2.758849e-01  1.000000e-07
 66  26  0  0  0  3  3.646200e-01  1.000000e-07
 66  32  0  0  0  3  2.419251e-01  1.000000e-07
 66  65  0  0  0  3  3.274686e-01  1.000000e-07
 62  28  0  0  0  3  2.454163e-01  1.000000e-07
 62  2  0  0  0  3  4.131016e-01  1.000000e-07
 62  26  0  0  0  3  4.504004e-01  1.000000e-07
 62  32  0  0  0  3  2.655190e-01  1.000000e-07
 62  33  0 -1  0  3  3.286687e-01  1.000000e-07
 40  47  0  0 -1  3  3.228071e-01  1.000000e-07
 40  35 -1  0  0  3  4.276036e-01  1.000000e-07
 40  30 -1  0  0  3  3.270385e-01  1.000000e-07
 40  34  0  0  0  3  1.352620e-01  1.000000e-07
 28  69  0  0  0  3  2.403868e-01  1.000000e-07
 28  32  0  0  0  3  1.736591e-01  1.000000e-07
 28  35  0  0  0  3  2.141112e-01  1.000000e-07
 69  2  1  0  0  3  5.207718e-01  1.000000e-07
 69  26  1  0  0  3  4.363906e-01  1.000000e-07
 69  32  0  0  0  3  1.628015e-01  1.000000e-07
 69  34  1 -1  0  3  5.603852e-01  1.000000e-07
 29  36  1 -1  0  3  4.264305e-01  1.000000e-07
 29  32  0  0  0  3  2.041983e-01  1.000000e-07
 29  33  0 -1  0  3  1.965470e-01  1.000000e-07
 29  31  0 -1  0  3  2.383961e-01  1.000000e-07
 36  26  0  0  0  3  2.649914e-01  1.000000e-07
 36  27  0  0  0  3  4.071217e-01  1.000000e-07
 36  64  0  0  0  3  2.699135e-01  1.000000e-07
 36  65  0  0  0  3  2.918982e-01  1.000000e-07
 36  34  0  0  0  3  1.184467e-01  1.000000e-07
 36  31 -1  0  0  3  2.216458e-01  1.000000e-07
 2  63  0  0  0  3  3.189011e-01  1.000000e-07
 2  64  0  0  0  3  2.950228e-01  1.000000e-07
 2  65  0  0  0  3  8.886783e-02  1.000000e-07
 26  64  0  0  0  3  2.011712e-01  1.000000e-07
 26  65  0  0  0  3  1.426748e-01  1.000000e-07
 27  63  0  0  0  3  1.414233e-01  1.000000e-07
 27  64  0  0  0  3  3.419896e-01  1.000000e-07
 27  65  0  0  0  3  3.194568e-01  1.000000e-07
 27  34  0  0  0  3  4.703900e-01  1.000000e-07
 27  33  0  0  0  3  1.682926e-01  1.000000e-07
 63  35  0  0  0  3  2.347055e-01  1.000000e-07
 63  65  0  0  0  3  2.729482e-01  1.000000e-07
 63  33  0  0  0  3  2.508657e-01  1.000000e-07
 63  31  0  0  0  3  3.723400e-01  1.000000e-07
 64  65  0  0  0  3  2.564022e-01  1.000000e-07
 64  34  0  0  0  3  2.640237e-01  1.000000e-07
 32  30  0 -1  0  3  3.093376e-01  1.000000e-07
 32  33  0 -1  0  3  2.936404e-01  1.000000e-07
 35  30  0  0  0  3  3.791748e-01  1.000000e-07
 35  31  0  0  0  3  3.562627e-01  1.000000e-07
 30  33  0  0  0  3  1.647463e-01  1.000000e-07
 30  31  0  0  0  3  2.538911e-01  1.000000e-07
 34  31 -1  0  0  3  1.982550e-01  1.000000e-07
 33  31  0  0  0  3  2.707917e-01  1.000000e-07
 20  74  0  0  0  3  2.221692e-01  1.000000e-07
 80  35  0  0  0  3  3.588303e-01  1.000000e-07
 21  78  0 -1  0  3  2.615639e-01  1.000000e-07
 82  31  0  0  0  3  2.435286e-01  1.000000e-07
 24  77  0  0  0  3  2.275552e-01  1.000000e-07
 50  33  0 -1  0  3  2.691350e-01  1.000000e-07
 18  86  0  0  0  3  3.136901e-01  1.000000e-07
 88  25  1  0  0  3  2.908570e-01  1.000000e-07
 13  79  0  0  0  3  1.506804e-01  1.000000e-07
 51  36  0  0  0  3  3.064410e-01  1.000000e-07
 81  74 -1  0  0  3  1.498148e-01  1.000000e-07
 77  29  0  0  0  3  2.305006e-01  1.000000e-07
 13  16  0  0  0  3  1.407593e-01  1.000000e-07
 59  66  0  0  0  3  3.177660e-01  1.000000e-07
 61  4  0 -1  0  3  3.333006e-01  1.000000e-07
 57  27  0  0  0  3  2.861139e-01  1.000000e-07
 19  68  0  0  0  3  3.004008e-01  1.000000e-07
 60  66  0  0  0  3  3.021922e-01  1.000000e-07
 22  51  0  0  0  3  3.108766e-01  1.000000e-07
 76  65  0  0  0  3  1.661899e-01  1.000000e-07
 18  84  0  0  0  3  3.263977e-01  1.000000e-07
 1  69  0  0  0  3  2.935106e-01  1.000000e-07
 18  44  0  0  0  3  4.225204e-01  1.000000e-07
 59  2  0  0  0  3  2.105581e-01  1.000000e-07
 13  49  0  0  0  3  1.081169e-01  1.000000e-07
 51  2  0  0  0  3  1.431593e-01  1.000000e-07
 61  68  0  0  0  3  3.390624e-01  1.000000e-07
 58  66  0  0  0  3  3.196767e-01  1.000000e-07
 13  51  0  0  0  3  1.575126e-01  1.000000e-07
 44  63  0  0  0  3  3.301721e-01  1.000000e-07
 48  76  0  0  0  3  4.367583e-01  1.000000e-07
 51  65  0  0  0  3  1.596903e-01  1.000000e-07
 81  54  0  0  0  3  2.331669e-01  1.000000e-07
 3  2  0  0  0  3  2.886593e-01  1.000000e-07
 43  17  0  0  0  3  2.937511e-01  1.000000e-07
 55  27  0  0  0  3  2.454251e-01  1.000000e-07
 20  74  0  0  0  3  1.887432e-01  1.000000e-07
 77  29  0  0  0  3  1.862197e-01  1.000000e-07
 21  74  0  0  0  3  2.384951e-01  1.000000e-07
 77  29  0  0  0  3  1.764253e-01  1.000000e-07
 81  52  0  0  0  3  2.280832e-01  1.000000e-07
 56  27  0 -1  0  3  4.383163e-01  1.000000e-07
 18  89  0  0  0  3  3.333516e-01  1.000000e-07
 85  66  0  0  0  3  2.832245e-01  1.000000e-07
 20  74  0  0  0  3  1.811363e-01  1.000000e-07
 77  69  0  0  0  3  2.594858e-01  1.000000e-07
 24  77  0  0  0  3  1.987489e-01  1.000000e-07
 80  62  0  0  0  3  3.806801e-01  1.000000e-07
 81  8  0  0  0  3  1.586715e-01  1.000000e-07
 52  31 -1 -1  0  3  3.072608e-01  1.000000e-07
 19  68  0  0  0  3  2.631019e-01  1.000000e-07
 7  62  0  0  0  3  4.008709e-01  1.000000e-07
 18  75  0  0  0  3  3.105349e-01  1.000000e-07
 83  63  0  0  0  3  2.449817e-01  1.000000e-07
 24  77  0  0  0  3  2.162473e-01  1.000000e-07
 80  29  0  0  0  3  1.993435e-01  1.000000e-07
 58  57  0 -1  0  2  3.450304e-01  2.000000e-07
 58  80  0  0  0  2  2.735274e-01  2.000000e-07
 58  60  0  0  0  2  1.254044e-01  2.000000e-07
 58  15  0  0  0  2  2.829068e-01  2.000000e-07
 58  74  0  0  0  2  4.547189e-01  2.000000e-07
 58  50  0  0  0  2  1.113052e-01  2.000000e-07
 58  17  0 -1  0  2  3.654434e-01  2.000000e-07
 58  52  0  0  0  2  2.955092e-01  2.000000e-07
 58  54  0  0  0  2  2.959938e-01  2.000000e-07
 58  5  0  0  0  2  8.003436e-02  2.000000e-07
 58  89  0  0  0  2  3.542861e-01  2.000000e-07
 58  78  0 -1  0  2  4.136936e-01  2.000000e-07
 58  76  0 -1  0  2  4.644818e-01  2.000000e-07
 58  68  0  0  0  2  1.155398e-01  2.000000e-07
 58  56  0  0  0  2  3.078044e-01  2.000000e-07
 58  16  0  0  0  2  2.627190e-01  2.000000e-07
 70  7  0  1  0  2  3.499597e-01  2.000000e-07
 70  57  0  0  0  2  2.014746e-01  2.000000e-07
 70  49  0  0  0  2  3.894776e-01  2.000000e-07
 70  72  0  0  0  2  2.168595e-01  2.000000e-07
 70  82 -1  0  0  2  3.630489e-01  2.000000e-07
 70  73  0  1  0  2  3.793002e-01  2.000000e-07
 70  52  0  1  0  2  2.490259e-01  2.000000e-07
 70  53  0  0  0  2  2.531426e-01  2.000000e-07
 70  10 -1  0  0  2  3.613194e-01  2.000000e-07
 70  8  0  1  0  2  2.401040e-01  2.000000e-07
 70  75 -1  0  0  2  4.321706e-01  2.000000e-07
 70  4  0  0  0  2  2.090757e-01  2.000000e-07
 70  9  0  0  0  2  1.212467e-01  2.000000e-07
 70  55 -1  0  0  2  4.302553e-01  2.000000e-07
 70  12  0  0  0  2  1.274893e-01  2.000000e-07
 70  88 -1  0  0  2  3.324890e-01  2.000000e-07
 70  11  0  0  0  2  1.589423e-01  2.000000e-07
 67  59  0  0  0  2  3.903804e-02  2.000000e-07
 67  7  0  0  0  2  4.047109e-01  2.000000e-07
 67  57  0  0  0  2  4.488438e-01  2.000000e-07
 67  60  0  0  0  2  1.823951e-01  2.000000e-07
 67  49  0  0  0  2  3.239252e-01  2.000000e-07
 67  1  0  0  0  2  2.622694e-01  2.000000e-07
 67  53  0  0  0  2  3.970815e-01  2.000000e-07
 67  85  0  0  0  2  5.621924e-02  2.000000e-07
 67  75  0  0  0  2  2.955713e-01  2.000000e-07
 67  6  0  0  0  2  4.062250e-01  2.000000e-07
 67  76  0  0  0  2  2.992845e-01  2.000000e-07
 67  77  0  0  0  2  2.452823e-01  2.000000e-07
 67  68  0  0  0  2  2.298139e-01  2.000000e-07
 79  49  0  0  0  2  7.801476e-02  2.000000e-07
 79  72  0  0  0  2  1.483654e-01  2.000000e-07
 79  74 -1  0  0  2  4.040378e-01  2.000000e-07
 79  51  0  0  0  2  1.240069e-01  2.000000e-07
 79  73  0  0  0  2  3.364060e-01  2.000000e-07
 79  54  0  0  0  2  1.741327e-01  2.000000e-07
 79  76  0  0  0  2  2.379430e-01  2.000000e-07
 79  87 -1  0  0  2  2.844287e-01  2.000000e-07
 79  68  0  0  0  2  3.385741e-01  2.000000e-07
 79  9  0  0  0  2  1.953799e-01  2.000000e-07
 79  12  0  0  0  2  2.007544e-01  2.000000e-07
 79  16  0  0  0  2  3.021463e-01  2.000000e-07
 79  11  0  0  0  2  2.131076e-01  2.000000e-07
 79  71  0  0  0  2  2.952829e-01  2.000000e-07
 59  60  0  0  0  2  2.033737e-01  2.000000e-07
 59  49  0  0  0  2  2.949516e-01  2.000000e-07
 59  15  0  0  0  2  1.739363e-01  2.000000e-07
 59  83  0  0  0  2  1.741485e-01  2.000000e-07
 59  17  0  0  0  2  3.516235e-01  2.000000e-07
 59  51  0  0  0  2  2.202022e-01  2.000000e-07
 59  53  0  0  0  2  3.613618e-01  2.000000e-07
 59  85  0  0  0  2  9.388216e-02  2.000000e-07
 59  44  0  0  0  2  6.643074e-02  2.000000e-07
 59  54  0  0  0  2  2.961366e-01  2.000000e-07
 59  75  0  0  0  2  2.931330e-01  2.000000e-07
 59  14  0  0  0  2  1.562223e-01  2.000000e-07
 59  71  0  0  0  2  4.785834e-01  2.000000e-07
 7  57  0 -1  0  2  2.557040e-01  2.000000e-07
 7  60  0  0  0  2  2.318148e-01  2.000000e-07
 7  49  0  0  0  2  3.914771e-01  2.000000e-07
 7  3  0  0  0  2  2.674329e-01  2.000000e-07
 7  50  0  0  0  2  1.441215e-01  2.000000e-07
 7  73  0  0  0  2  2.780916e-01  2.000000e-07
 7  52  0  0  0  2  1.898720e-01  2.000000e-07
 7  5  0  0  0  2  3.980038e-02  2.000000e-07
 7  4  0 -1  0  2  2.196999e-01  2.000000e-07
 7  68  0  0  0  2  1.807062e-01  2.000000e-07
 7  71  0  0  0  2  3.221478e-01  2.000000e-07
 57  49  0  0  0  2  3.923545e-01  2.000000e-07
 57  72  0  0  0  2  3.212148e-01  2.000000e-07
 57  73  0  1  0  2  4.318555e-01  2.000000e-07
 57  53  0  0  0  2  5.942790e-02  2.000000e-07
 57  5  0  1  0  2  2.729996e-01  2.000000e-07
 57  75  0  0  0  2  4.151610e-01  2.000000e-07
 57  6  0  1  0  2  2.454710e-01  2.000000e-07
 57  76  0  0  0  2  1.514354e-01  2.000000e-07
 57  4  0  0  0  2  3.602964e-02  2.000000e-07
 57  9  0  0  0  2  2.311306e-01  2.000000e-07
 57  56  0  1  0  2  3.396276e-01  2.000000e-07
 80  60  0  0  0  2  1.906826e-01  2.000000e-07
 80  82  0 -1  0  2  4.206959e-01  2.000000e-07
 80  74  0  0  0  2  1.974080e-01  2.000000e-07
 80  84  0  0  0  2  2.123785e-01  2.000000e-07
 80  50  0  0  0  2  3.055799e-01  2.000000e-07
 80  8  1  0  0  2  4.585208e-01  2.000000e-07
 80  78  0 -1  0  2  4.080513e-01  2.000000e-07
 80  87  0  0  0  2  3.088665e-01  2.000000e-07
 80  77  0  0  0  2  4.358089e-02  2.000000e-07
 80  55  0 -1  0  2  3.657680e-01  2.000000e-07
 80  14  0  0  0  2  1.011921e-01  2.000000e-07
 80  71  1  0  0  2  3.951507e-01  2.000000e-07
 60  49  0  0  0  2  3.363580e-01  2.000000e-07
 60  15  0  0  0  2  1.712496e-01  2.000000e-07
 60  3  0  0  0  2  3.860957e-01  2.000000e-07
 60  50  0  0  0  2  2.176800e-01  2.000000e-07
 60  52  0  0  0  2  3.862083e-01  2.000000e-07
 60  85  0  0  0  2  1.835746e-01  2.000000e-07
 60  44  0  0  0  2  2.680363e-01  2.000000e-07
 60  54  0  0  0  2  2.761265e-01  2.000000e-07
 60  6  0  0  0  2  2.249601e-01  2.000000e-07
 60  77  0  0  0  2  1.839196e-01  2.000000e-07
 60  14  0  0  0  2  1.348633e-01  2.000000e-07
 60  16  0  0  0  2  1.463929e-01  2.000000e-07
 60  71  0  0  0  2  4.158075e-01  2.000000e-07
 0  1  0  0  0  2  8.591784e-02  2.000000e-07
 0  86  0  0  0  2  1.958966e-01  2.000000e-07
 0  89  0  0  0  2  1.501980e-01  2.000000e-07
 0  75  0  0  0  2  1.353046e-01  2.000000e-07
 0  78  0  0  0  2  3.245788e-01  2.000000e-07
 0  76  0  0  0  2  3.932396e-01  2.000000e-07
 0  68  0  0  0  2  4.537519e-01  2.000000e-07
 0  88  0  0  0  2  1.718753e-01  2.000000e-07
 49  72  0  0  0  2  2.118535e-01  2.000000e-07
 49  3  0  0  0  2  2.639801e-01  2.000000e-07
 49  51  0  0  0  2  1.570828e-01  2.000000e-07
 49  73  0  0  0  2  2.704052e-01  2.000000e-07
 49  53  0  0  0  2  3.784154e-01  2.000000e-07
 49  10 -1  0  0  2  2.935155e-01  2.000000e-07
 49  54  0  0  0  2  9.611978e-02  2.000000e-07
 49  76  0  0  0  2  2.869902e-01  2.000000e-07
 49  68  0  0  0  2  2.702558e-01  2.000000e-07
 49  9  0  0  0  2  2.720170e-01  2.000000e-07
 49  12  0  0  0  2  2.756218e-01  2.000000e-07
 49  88 -1  0  0  2  3.197753e-01  2.000000e-07
 49  11  0  0  0  2  2.818820e-01  2.000000e-07
 49  71  0  0  0  2  2.360610e-01  2.000000e-07
 15  83  0  0  0  2  2.269031e-01  2.000000e-07
 15  74  0  0  0  2  2.530861e-01  2.000000e-07
 15  84  0  0  0  2  2.168773e-01  2.000000e-07
 15  44  0  0  0  2  2.299256e-01  2.000000e-07
 15  89  0  0  0  2  8.095926e-02  2.000000e-07
 15  87  0  0  0  2  3.063578e-01  2.000000e-07
 15  14  0  0  0  2  3.817640e-02  2.000000e-07
 15  16  0  0  0  2  1.725359e-01  2.000000e-07
 72  73  0  0  0  2  4.074387e-01  2.000000e-07
 72  53  0  0  0  2  3.412863e-01  2.000000e-07
 72  10 -1  0  0  2  1.780750e-01  2.000000e-07
 72  86 -1  0  0  2  1.573657e-01  2.000000e-07
 72  76  0  0  0  2  3.045870e-01  2.000000e-07
 72  4  0  0  0  2  3.491478e-01  2.000000e-07
 72  9  0  0  0  2  1.018761e-01  2.000000e-07
 72  88 -1  0  0  2  1.720722e-01  2.000000e-07
 82  83  0  0  0  2  3.065458e-01  2.000000e-07
 82  50  0  1  0  2  3.180365e-01  2.000000e-07
 82  17  0  0  0  2  1.766892e-01  2.000000e-07
 82  8  1  1  0  2  3.913110e-01  2.000000e-07
 82  78  0  0  0  2  1.708411e-02  2.000000e-07
 82  87  0  0  0  2  4.169887e-01  2.000000e-07
 82  55  0  0  0  2  7.782790e-02  2.000000e-07
 82  12  1  0  0  2  3.835726e-01  2.000000e-07
 82  11  1  0  0  2  3.526198e-01  2.000000e-07
 83  84  0  0  0  2  2.634811e-01  2.000000e-07
 83  17  0  0  0  2  2.372076e-01  2.000000e-07
 83  85  0  0  0  2  1.675518e-01  2.000000e-07
 83  10  0  0  0  2  2.943900e-01  2.000000e-07
 83  44  0  0  0  2  1.529007e-01  2.000000e-07
 83  86  0  0  0  2  2.858893e-01  2.000000e-07
 83  89  0  0  0  2  1.485530e-01  2.000000e-07
 83  75  0  0  0  2  1.229354e-01  2.000000e-07
 83  78  0  0  0  2  3.233211e-01  2.000000e-07
 83  76  0  0  0  2  2.905902e-01  2.000000e-07
 83  87  0  0  0  2  2.930292e-01  2.000000e-07
 83  55  0  0  0  2  3.393877e-01  2.000000e-07
 83  14  0  0  0  2  2.402351e-01  2.000000e-07
 83  11  1  0  0  2  4.213207e-01  2.000000e-07
 74  3  1  0  0  2  2.413367e-01  2.000000e-07
 74  73  1  0  0  2  2.296851e-01  2.000000e-07
 74  1  0  0  0  2  2.299946e-01  2.000000e-07
 74  86  0  0  0  2  3.600341e-01  2.000000e-07
 74  54  1  0  0  2  3.613680e-01  2.000000e-07
 74  5  0  0  0  2  5.264607e-01  2.000000e-07
 74  89  0  0  0  2  2.734673e-01  2.000000e-07
 74  8  1  0  0  2  2.957771e-01  2.000000e-07
 74  75  0 -1  0  2  6.165339e-01  2.000000e-07
 74  78  0 -1  0  2  4.138865e-01  2.000000e-07
 74  87  0  0  0  2  2.105781e-01  2.000000e-07
 74  77  0  0  0  2  2.084898e-01  2.000000e-07
 74  68  0  0  0  2  4.799847e-01  2.000000e-07
 74  56  1  0  0  2  3.004305e-01  2.000000e-07
 74  71  1  0  0  2  1.980027e-01  2.000000e-07
 3  52  0  0  0  2  1.443220e-01  2.000000e-07
 3  54  0  0  0  2  1.926928e-01  2.000000e-07
 3  56  0  0  0  2  8.949614e-02  2.000000e-07
 3  71  0  0  0  2  6.076651e-02  2.000000e-07
 84  73  1  0  0  2  3.294168e-01  2.000000e-07
 84  1  0  0  0  2  8.941083e-02  2.000000e-07
 84  85  0  0  0  2  2.574650e-01  2.000000e-07
 84  10  0  0  0  2  1.266252e-01  2.000000e-07
 84  87  0  0  0  2  9.665602e-02  2.000000e-07
 84  77  0  0  0  2  2.472835e-01  2.000000e-07
 84  14  0  0  0  2  2.550465e-01  2.000000e-07
 84  88  0  0  0  2  1.566310e-01  2.000000e-07
 84  71  1  0  0  2  2.809723e-01  2.000000e-07
 50  17  0 -1  0  2  2.541626e-01  2.000000e-07
 50  51  0 -1  0  2  5.064517e-01  2.000000e-07
 50  52  0  0  0  2  3.297520e-01  2.000000e-07
 50  53  0 -1  0  2  2.784524e-01  2.000000e-07
 50  54  0  0  0  2  4.012329e-01  2.000000e-07
 50  8  0  0  0  2  4.012094e-01  2.000000e-07
 50  6  0  0  0  2  8.117611e-02  2.000000e-07
 50  78  0 -1  0  2  3.178409e-01  2.000000e-07
 50  76  0 -1  0  2  3.752016e-01  2.000000e-07
 50  4  0 -1  0  2  2.494197e-01  2.000000e-07
 50  77  0  0  0  2  2.685066e-01  2.000000e-07
 50  55  0 -1  0  2  2.406188e-01  2.000000e-07
 50  12  0 -1  0  2  5.238633e-01  2.000000e-07
 50  56  0  0  0  2  3.583344e-01  2.000000e-07
 17  51  0  0  0  2  3.601190e-01  2.000000e-07
 17  53  0  0  0  2  2.203364e-01  2.000000e-07
 17  44  0  0  0  2  2.919094e-01  2.000000e-07
 17  75  0  0  0  2  1.722945e-01  2.000000e-07
 17  78  0  0  0  2  1.902213e-01  2.000000e-07
 17  76  0  0  0  2  2.436174e-01  2.000000e-07
 17  55  0  0  0  2  1.507159e-01  2.000000e-07
 51  53  0  0  0  2  2.321109e-01  2.000000e-07
 51  44  0  0  0  2  1.852771e-01  2.000000e-07
 51  54  0  0  0  2  2.294577e-01  2.000000e-07
 51  12  0  0  0  2  2.530538e-01  2.000000e-07
 51  56  0  1  0  2  5.774384e-01  2.000000e-07
 51  16  0  0  0  2  2.292473e-01  2.000000e-07
 51  11  0  0  0  2  2.857203e-01  2.000000e-07
 51  71  0  0  0  2  3.928292e-01  2.000000e-07
 73  1 -1  0  0  2  4.166278e-01  2.000000e-07
 73  86 -1 -1  0  2  5.980674e-01  2.000000e-07
 73  86 -1  0  0  2  4.646819e-01  2.000000e-07
 73  54  0  0  0  2  2.019838e-01  2.000000e-07
 73  5  0  0  0  2  3.097460e-01  2.000000e-07
 73  75 -1 -1  0  2  6.531768e-01  2.000000e-07
 73  78 -1 -1  0  2  4.696171e-01  2.000000e-07
 73  77 -1  0  0  2  4.247056e-01  2.000000e-07
 73  68  0  0  0  2  3.063566e-01  2.000000e-07
 73  9  0 -1  0  2  5.005182e-01  2.000000e-07
 73  55 -1 -1  0  2  5.006335e-01  2.000000e-07
 73  56  0  0  0  2  9.266608e-02  2.000000e-07
 73  88 -1  0  0  2  4.001258e-01  2.000000e-07
 73  71  0  0  0  2  5.602813e-02  2.000000e-07
 1  85  0  0  0  2  2.167708e-01  2.000000e-07
 1  86  0  0  0  2  1.916059e-01  2.000000e-07
 1  89  0  0  0  2  1.499807e-01  2.000000e-07
 1  75  0  0  0  2  2.172557e-01  2.000000e-07
 1  77  0  0  0  2  2.779620e-01  2.000000e-07
 1  68  0  0  0  2  4.579580e-01  2.000000e-07
 1  88  0  0  0  2  1.368033e-01  2.000000e-07
 52  53  0 -1  0  2  3.399973e-01  2.000000e-07
 52  54  0  0  0  2  2.951752e-01  2.000000e-07
 52  8  0  0  0  2  7.209872e-02  2.000000e-07
 52  6  0  0  0  2  2.486942e-01  2.000000e-07
 52  77 -1  0  0  2  5.121777e-01  2.000000e-07
 52  55 -1 -1  0  2  4.937443e-01  2.000000e-07
 52  12  0 -1  0  2  3.762864e-01  2.000000e-07
 52  56  0  0  0  2  5.502571e-02  2.000000e-07
 52  71  0  0  0  2  2.036874e-01  2.000000e-07
 53  44  0  0  0  2  2.968434e-01  2.000000e-07
 53  75  0  0  0  2  3.573128e-01  2.000000e-07
 53  6  0  1  0  2  2.621111e-01  2.000000e-07
 53  55  0  0  0  2  3.482792e-01  2.000000e-07
 53  12  0  0  0  2  2.845346e-01  2.000000e-07
 53  11  0  0  0  2  3.348658e-01  2.000000e-07
 85  10  0  0  0  2  3.506375e-01  2.000000e-07
 85  75  0  0  0  2  2.887133e-01  2.000000e-07
 85  77  0  0  0  2  2.012294e-01  2.000000e-07
 85  14  0  0  0  2  7.875838e-02  2.000000e-07
 85  88  0  0  0  2  3.517816e-01  2.000000e-07
 10  75  0  0  0  2  2.826622e-01  2.000000e-07
 10  87  0  0  0  2  3.285379e-02  2.000000e-07
 10  55  0  0  0  2  4.654725e-01  2.000000e-07
 10  88  0  0  0  2  4.641000e-02  2.000000e-07
 10  11  1  0  0  2  2.049771e-01  2.000000e-07
 10  71  1  0  0  2  2.988933e-01  2.000000e-07
 44  89  0  0  0  2  1.895006e-01  2.000000e-07
 44  76  0  0  0  2  2.007954e-01  2.000000e-07
 44  16  0  0  0  2  1.240251e-01  2.000000e-07
 86  79  1  0  0  2  2.973309e-01  2.000000e-07
 86  89  0  0  0  2  3.326326e-01  2.000000e-07
 86  75  0  0  0  2  2.246829e-01  2.000000e-07
 86  78  0  0  0  2  2.945406e-01  2.000000e-07
 86  87  0  0  0  2  1.503815e-01  2.000000e-07
 86  9  1  0  0  2  2.095987e-01  2.000000e-07
 86  12  1  0  0  2  1.867548e-01  2.000000e-07
 86  56  1  1  0  2  5.328726e-01  2.000000e-07
 86  88  0  0  0  2  7.544266e-02  2.000000e-07
 54  87 -1  0  0  2  3.412633e-01  2.000000e-07
 54  68  0  0  0  2  1.956351e-01  2.000000e-07
 54  56  0  0  0  2  2.538175e-01  2.000000e-07
 54  16  0  0  0  2  2.490086e-01  2.000000e-07
 54  11  0  0  0  2  3.719409e-01  2.000000e-07
 54  71  0  0  0  2  1.843811e-01  2.000000e-07
 5  75  0 -1  0  2  5.136590e-01  2.000000e-07
 5  6  0  0  0  2  4.143689e-02  2.000000e-07
 5  78  0 -1  0  2  4.279468e-01  2.000000e-07
 5  76  0 -1  0  2  4.026114e-01  2.000000e-07
 5  77  0  0  0  2  3.232191e-01  2.000000e-07
 5  68  0  0  0  2  1.641324e-01  2.000000e-07
 5  55  0 -1  0  2  3.505190e-01  2.000000e-07
 5  56  0  0  0  2  2.513839e-01  2.000000e-07
 89  78  0  0  0  2  4.598510e-01  2.000000e-07
 89  76  0  0  0  2  3.842422e-01  2.000000e-07
 89  87  0  0  0  2  2.655390e-01  2.000000e-07
 89  68  0  0  0  2  3.103036e-01  2.000000e-07
 89  16  0  0  0  2  1.812804e-01  2.000000e-07
 8  78 -1 -1  0  2  3.761945e-01  2.000000e-07
 8  77 -1  0  0  2  4.469692e-01  2.000000e-07
 8  55 -1 -1  0  2  4.241268e-01  2.000000e-07
 8  12  0 -1  0  2  3.655812e-01  2.000000e-07
 8  56  0  0  0  2  7.524878e-02  2.000000e-07
 8  71  0  0  0  2  1.922454e-01  2.000000e-07
 75  72  1  0  0  2  3.816598e-01  2.000000e-07
 75  6  0  1  0  2  4.727376e-01  2.000000e-07
 75  78  0  0  0  2  2.026551e-01  2.000000e-07
 75  76  0  0  0  2  3.312714e-01  2.000000e-07
 75  4  0  0  0  2  4.253586e-01  2.000000e-07
 75  77  0  1  0  2  5.530199e-01  2.000000e-07
 75  9  1  0  0  2  4.162896e-01  2.000000e-07
 75  55  0  0  0  2  2.298798e-01  2.000000e-07
 75  88  0  0  0  2  2.459260e-01  2.000000e-07
 6  4  0 -1  0  2  2.112021e-01  2.000000e-07
 6  77  0  0  0  2  3.243035e-01  2.000000e-07
 6  68  0  0  0  2  1.998729e-01  2.000000e-07
 6  55  0 -1  0  2  3.155908e-01  2.000000e-07
 78  76  0  0  0  2  4.328103e-01  2.000000e-07
 78  87  0  0  0  2  4.268196e-01  2.000000e-07
 78  12  1  0  0  2  3.820074e-01  2.000000e-07
 78  56  1  1  0  2  4.481037e-01  2.000000e-07
 78  11  1  0  0  2  3.529350e-01  2.000000e-07
 76  51  0  0  0  2  1.320721e-01  2.000000e-07
 76  68  0  0  0  2  4.352168e-01  2.000000e-07
 76  9  0  0  0  2  2.533186e-01  2.000000e-07
 76  12  0  0  0  2  2.753488e-01  2.000000e-07
 76  56  0  1  0  2  4.899577e-01  2.000000e-07
 76  16  0  0  0  2  2.997682e-01  2.000000e-07
 4  52  0  1  0  2  2.580574e-01  2.000000e-07
 4  55  0  0  0  2  3.773105e-01  2.000000e-07
 87  12  1  0  0  2  2.801868e-01  2.000000e-07
 87  11  1  0  0  2  2.363957e-01  2.000000e-07
 87  71  1  0  0  2  2.782746e-01  2.000000e-07
 77  68  0  0  0  2  2.750333e-01  2.000000e-07
 77  55  0 -1  0  2  3.231422e-01  2.000000e-07
 77  14  0  0  0  2  1.271218e-01  2.000000e-07
 77  88  0  0  0  2  3.986742e-01  2.000000e-07
 77  71  1  0  0  2  4.024993e-01  2.000000e-07
 68  56  0  0  0  2  2.959534e-01  2.000000e-07
 68  16  0  0  0  2  1.710147e-01  2.000000e-07
 9  55 -1  0  0  2  4.768529e-01  2.000000e-07
 9  12  0  0  0  2  2.297861e-02  2.000000e-07
 9  56  0  1  0  2  4.164327e-01  2.000000e-07
 9  88 -1  0  0  2  2.517929e-01  2.000000e-07
 55  11  1  0  0  2  4.298811e-01  2.000000e-07
 12  56  0  1  0  2  4.235591e-01  2.000000e-07
 12  11  0  0  0  2  5.039224e-02  2.000000e-07
 56  71  0  0  0  2  1.486645e-01  2.000000e-07
 88  71  1  0  0  2  3.443884e-01  2.000000e-07
 11  71  0  0  0  2  4.235326e-01  2.000000e-07
 58  60  0  0  0  1  1.254044e-01  3.000000e-07
 58  50  0  0  0  1  1.113052e-01  3.000000e-07
 58  5  0  0  0  1  8.003436e-02  3.000000e-07
 58  6  0  0  0  1  9.957463e-02  3.000000e-07
 58  77  0  0  0  1  2.482531e-01  3.000000e-07
 58  68  0  0  0  1  1.155398e-01  3.000000e-07
 70  57  0  0  0  1  2.014746e-01  3.000000e-07
 70  52  0  1  0  1  2.490259e-01  3.000000e-07
 70  8  0  1  0  1  2.401040e-01  3.000000e-07
 70  78 -1  0  0  1  3.559073e-01  3.000000e-07
 70  9  0  0  0  1  1.212467e-01  3.000000e-07
 70  12  0  0  0  1  1.274893e-01  3.000000e-07
 70  11  0  0  0  1  1.589423e-01  3.000000e-07
 67  83  0  0  0  1  1.730417e-01  3.000000e-07
 67  85  0  0  0  1  5.621924e-02  3.000000e-07
 67  44  0  0  0  1  1.002649e-01  3.000000e-07
 67  14  0  0  0  1  1.181725e-01  3.000000e-07
 67  16  0  0  0  1  6.850006e-02  3.000000e-07
 79  72  0  0  0  1  1.483654e-01  3.000000e-07
 79  51  0  0  0  1  1.240069e-01  3.000000e-07
 79  10 -1  0  0  1  2.710946e-01  3.000000e-07
 79  9  0  0  0  1  1.953799e-01  3.000000e-07
 59  44  0  0  0  1  6.643074e-02  3.000000e-07
 59  16  0  0  0  1  6.549360e-02  3.000000e-07
 7  52  0  0  0  1  1.898720e-01  3.000000e-07
 7  6  0  0  0  1  6.464947e-02  3.000000e-07
 7  68  0  0  0  1  1.807062e-01  3.000000e-07
 7  56  0  0  0  1  2.144725e-01  3.000000e-07
 57  53  0  0  0  1  5.942790e-02  3.000000e-07
 57  76  0  0  0  1  1.514354e-01  3.000000e-07
 57  9  0  0  0  1  2.311306e-01  3.000000e-07
 80  15  0  0  0  1  8.406589e-02  3.000000e-07
 80  74  0  0  0  1  1.974080e-01  3.000000e-07
 60  77  0  0  0  1  1.839196e-01  3.000000e-07
 60  16  0  0  0  1  1.463929e-01  3.000000e-07
 0  83  0  0  0  1  1.035945e-01  3.000000e-07
 0  1  0  0  0  1  8.591784e-02  3.000000e-07
 0  86  0  0  0  1  1.958966e-01  3.000000e-07
 0  89  0  0  0  1  1.501980e-01  3.000000e-07
 0  75  0  0  0  1  1.353046e-01  3.000000e-07
 0  88  0  0  0  1  1.718753e-01  3.000000e-07
 49  51  0  0  0  1  1.570828e-01  3.000000e-07
 49  10 -1  0  0  1  2.935155e-01  3.000000e-07
 49  54  0  0  0  1  9.611978e-02  3.000000e-07
 49  16  0  0  0  1  2.662143e-01  3.000000e-07
 49  71  0  0  0  1  2.360610e-01  3.000000e-07
 15  84  0  0  0  1  2.168773e-01  3.000000e-07
 15  85  0  0  0  1  8.381512e-02  3.000000e-07
 15  89  0  0  0  1  8.095926e-02  3.000000e-07
 72  86 -1  0  0  1  1.573657e-01  3.000000e-07
 72  9  0  0  0  1  1.018761e-01  3.000000e-07
 72  12  0  0  0  1  8.960775e-02  3.000000e-07
 72  88 -1  0  0  1  1.720722e-01  3.000000e-07
 72  11  0  0  0  1  7.281311e-02  3.000000e-07
 82  17  0  0  0  1  1.766892e-01  3.000000e-07
 82  86  0  0  0  1  2.878774e-01  3.000000e-07
 82  75  0  0  0  1  1.862821e-01  3.000000e-07
 82  55  0  0  0  1  7.782790e-02  3.000000e-07
 83  85  0  0  0  1  1.675518e-01  3.000000e-07
 83  44  0  0  0  1  1.529007e-01  3.000000e-07
 83  89  0  0  0  1  1.485530e-01  3.000000e-07
 83  75  0  0  0  1  1.229354e-01  3.000000e-07
 74  84  0  0  0  1  1.446716e-01  3.000000e-07
 74  73  1  0  0  1  2.296851e-01  3.000000e-07
 74  8  1  0  0  1  2.957771e-01  3.000000e-07
 74  78  0 -1  0  1  4.138865e-01  3.000000e-07
 74  87  0  0  0  1  2.105781e-01  3.000000e-07
 74  55  0 -1  0  1  4.076892e-01  3.000000e-07
 74  71  1  0  0  1  1.980027e-01  3.000000e-07
 3  54  0  0  0  1  1.926928e-01  3.000000e-07
 3  68  0  0  0  1  2.936319e-01  3.000000e-07
 3  56  0  0  0  1  8.949614e-02  3.000000e-07
 3  71  0  0  0  1  6.076651e-02  3.000000e-07
 84  1  0  0  0  1  8.941083e-02  3.000000e-07
 84  89  0  0  0  1  1.913112e-01  3.000000e-07
 84  87  0  0  0  1  9.665602e-02  3.000000e-07
 50  17  0 -1  0  1  2.541626e-01  3.000000e-07
 50  53  0 -1  0  1  2.784524e-01  3.000000e-07
 50  4  0 -1  0  1  2.494197e-01  3.000000e-07
 50  77  0  0  0  1  2.685066e-01  3.000000e-07
 50  55  0 -1  0  1  2.406188e-01  3.000000e-07
 17  44  0  0  0  1  2.919094e-01  3.000000e-07
 17  75  0  0  0  1  1.722945e-01  3.000000e-07
 17  76  0  0  0  1  2.436174e-01  3.000000e-07
 17  55  0  0  0  1  1.507159e-01  3.000000e-07
 51  44  0  0  0  1  1.852771e-01  3.000000e-07
 51  76  0  0  0  1  1.320721e-01  3.000000e-07
 51  9  0  0  0  1  2.371742e-01  3.000000e-07
 51  16  0  0  0  1  2.292473e-01  3.000000e-07
 73  8  0  0  0  1  1.406498e-01  3.000000e-07
 73  71  0  0  0  1  5.602813e-02  3.000000e-07
 1  89  0  0  0  1  1.499807e-01  3.000000e-07
 1  87  0  0  0  1  1.220359e-01  3.000000e-07
 1  88  0  0  0  1  1.368033e-01  3.000000e-07
 52  8  0  0  0  1  7.209872e-02  3.000000e-07
 52  4  0 -1  0  1  2.580574e-01  3.000000e-07
 52  56  0  0  0  1  5.502571e-02  3.000000e-07
 53  76  0  0  0  1  1.081455e-01  3.000000e-07
 53  4  0  0  0  1  8.203438e-02  3.000000e-07
 85  89  0  0  0  1  6.784267e-02  3.000000e-07
 85  14  0  0  0  1  7.875838e-02  3.000000e-07
 10  72  1  0  0  1  1.780750e-01  3.000000e-07
 44  76  0  0  0  1  2.007954e-01  3.000000e-07
 86  75  0  0  0  1  2.246829e-01  3.000000e-07
 86  78  0  0  0  1  2.945406e-01  3.000000e-07
 86  11  1  0  0  1  1.364481e-01  3.000000e-07
 54  68  0  0  0  1  1.956351e-01  3.000000e-07
 54  16  0  0  0  1  2.490086e-01  3.000000e-07
 54  71  0  0  0  1  1.843811e-01  3.000000e-07
 5  68  0  0  0  1  1.641324e-01  3.000000e-07
 8  78 -1 -1  0  1  3.761945e-01  3.000000e-07
 8  56  0  0  0  1  7.524878e-02  3.000000e-07
 6  4  0 -1  0  1  2.112021e-01  3.000000e-07
 78  55  0  0  0  1  7.752822e-02  3.000000e-07
 78  11  1  0  0  1  3.529350e-01  3.000000e-07
 76  9  0  0  0  1  2.533186e-01  3.000000e-07
 4  7  0  1  0  1  2.196999e-01  3.000000e-07
 87  49  1  0  0  1  2.985099e-01  3.000000e-07
 87  71  1  0  0  1  2.782746e-01  3.000000e-07
 77  55  0 -1  0  1  3.231422e-01  3.000000e-07
 77  14  0  0  0  1  1.271218e-01  3.000000e-07
 68  16  0  0  0  1  1.710147e-01  3.000000e-07
 14  16  0  0  0  1  1.428758e-01  3.000000e-07
 12  11  0  0  0  1  5.039224e-02  3.000000e-07
 2.615804e-01  8.477476e-02  0
 3.155527e-01  1.792514e-02  0
-1.308876e-01 -2.332544e-03 -1.388046e-01
-3.675977e-01 -2.653369e-01  0
-1.628390e-01  3.937046e-01  0
-9.179533e-02 -3.795942e-01  0
-7.163961e-02 -4.157986e-01  0
-1.304700e-01 -3.889931e-01  0
-3.918233e-01 -4.069406e-01  0
-3.612328e-01  2.330767e-01  0
 4.477967e-01  4.320824e-02  0
-4.298277e-01  2.076462e-01  0
-3.835423e-01  2.275721e-01  0
-1.907364e-01 -1.650872e-02  1.048281e-01
 1.235757e-01 -1.289648e-01  0
 1.602955e-01 -1.185201e-01  0
-2.880520e-03 -6.246432e-02  0
 1.034132e-01  3.385659e-01  0
 3.309541e-01  1.130728e-01  2.785349e-01
-2.676455e-01 -2.275201e-01  2.352480e-01
 3.469691e-01 -3.037712e-01  1.748430e-01
 4.209326e-01 -4.250249e-01  2.331961e-01
-2.246914e-01  3.166254e-01  2.657988e-01
-1.045833e-02  2.789224e-01  4.329190e-01
 2.061325e-01 -2.819164e-01  1.871333e-01
-4.148793e-01  2.258868e-01 -2.582607e-01
-2.322569e-01  3.405856e-02 -2.313235e-01
 5.429998e-02  3.338213e-01 -2.154664e-01
 1.700400e-01 -1.459172e-01 -2.831547e-01
 3.361828e-01 -4.445901e-01 -1.725053e-01
 2.529830e-01  4.138876e-01 -3.710084e-01
 4.436356e-01  3.473320e-01 -2.171168e-01
 2.683275e-01 -2.890550e-01 -2.860899e-01
 1.878342e-01  4.360791e-01 -2.213270e-01
-4.011324e-01  2.777136e-01 -3.189076e-01
 2.660775e-01  4.544582e-02 -2.823927e-01
-3.480512e-01  2.717208e-01 -2.131905e-01
-2.789771e-01  8.459314e-04  3.592953e-01
 1.905874e-01 -2.935052e-01  4.314206e-01
 8.837507e-02 -3.118331e-01 -3.972195e-01
-4.432433e-01  3.155469e-01 -4.417535e-01
 4.287011e-01  9.806531e-02  3.908103e-01
 3.563728e-01  4.413468e-01  4.240540e-01
 3.096726e-01  3.715879e-01  2.578933e-01
 1.560972e-02  6.017475e-02  0
-1.760368e-01  9.957680e-03  2.585495e-01
-4.483806e-01 -1.512023e-01  3.581716e-01
-3.435229e-01  6.762135e-02  3.771577e-01
 8.391221e-02  2.495092e-01  3.886264e-01
-2.659567e-01 -2.170888e-02  0
 8.957733e-03 -4.254748e-01  0
-1.655359e-01  9.908302e-02  0
-3.199258e-01 -4.015581e-01  0
-1.165628e-01  3.259687e-01  0
-2.461190e-01 -1.157593e-01  0
 2.111032e-01  4.440085e-01  0
-3.415427e-01 -3.509564e-01  0
-1.666948e-01  3.578819e-01  0
-3.499103e-02 -3.232136e-01  0
 2.852063e-02 -4.989287e-03  0
 1.419557e-02 -2.078579e-01  0
-2.553514e-01 -4.012300e-01  2.510017e-01
 1.478917e-02 -3.204443e-01 -3.584318e-01
 1.014544e-01  2.005592e-01 -2.197368e-01
-1.792718e-01  1.512773e-01 -3.859916e-01
-1.340114e-01  8.641950e-02 -1.420920e-01
 9.388216e-02 -1.288915e-01 -2.366508e-01
 5.784194e-02 -3.076193e-02  0
-7.813498e-02 -2.160312e-01  0
 4.014183e-01 -2.023232e-01 -2.504704e-01
-3.681345e-01  3.541269e-01  0
-4.015516e-01 -2.149414e-01  0
-4.027630e-01  1.400500e-01  0
-3.802613e-01 -2.667669e-01  0
 4.014081e-01 -1.954439e-01  0
 2.228954e-01  2.144313e-01  0
-1.083552e-01  2.181351e-01  0
 1.963628e-01 -2.331857e-01  0
 2.801857e-01  4.088199e-01  0
-2.813554e-01  5.477106e-02  0
 2.040673e-01 -1.902912e-01  0
-4.308844e-01 -3.477903e-01  1.121205e-01
 2.710551e-01  3.943804e-01  0
 1.607118e-01  1.083827e-01  0
 3.675945e-01 -5.477933e-02  0
 1.101523e-01 -5.135880e-02  0
 4.414601e-01  1.623555e-01  0
 4.374460e-01  1.202759e-02  0
 4.334366e-01  8.734071e-02  0
 1.769118e-01 -3.928435e-02  0