 724  90  1.200000e-05  59 -2 -2
 15  85  0  0  0  3  2.370737e-01  1.000000e-07
 15  19 -1  0  0  3  3.824568e-01  1.000000e-07
 15  20  0  0  0  3  3.607130e-01  1.000000e-07
 15  55  0  0  0  3  1.944417e-01  1.000000e-07
 15  72  0  0  0  3  3.857424e-01  1.000000e-07
 15  21  0  1  0  3  3.104413e-01  1.000000e-07
 15  22  0  0  0  3  1.544203e-01  1.000000e-07
 85  20  0  0  0  3  2.259891e-01  1.000000e-07
 85  55  0  0  0  3  3.306459e-01  1.000000e-07
 85  12  0  0  0  3  3.823030e-01  1.000000e-07
 85  87  0  0  0  3  2.697373e-01  1.000000e-07
 85  16  0  0  0  3  1.259370e-01  1.000000e-07
 85  24  0  0  0  3  4.196395e-01  1.000000e-07
 19  18  0  0  0  3  2.912679e-01  1.000000e-07
 19  17  0  1  0  3  4.642144e-01  1.000000e-07
 19  21  1  1  0  3  4.308341e-01  1.000000e-07
 19  22  1  0  0  3  4.007843e-01  1.000000e-07
 19  87  0  0  0  3  1.956336e-01  1.000000e-07
 19  75  1  1  1  3  5.780088e-01  1.000000e-07
 18  17  0  1  0  3  2.998501e-01  1.000000e-07
 18  86  0  1  0  3  3.408843e-01  1.000000e-07
 18  23  0  0  0  3  1.824335e-01  1.000000e-07
 18  87  0  0  0  3  2.273490e-01  1.000000e-07
 18  16  0  0  0  3  1.888369e-01  1.000000e-07
 14  20  0  0  0  3  2.068660e-01  1.000000e-07
 14  55  0  0  0  3  3.529759e-01  1.000000e-07
 14  86  0  0  0  3  3.193579e-01  1.000000e-07
 14  21  0  0  0  3  3.070805e-01  1.000000e-07
 14  22  0 -1  0  3  4.419120e-01  1.000000e-07
 14  73  0  0  1  3  4.331214e-01  1.000000e-07
 20  55  0  0  0  3  3.454055e-01  1.000000e-07
 20  17  0  0  0  3  3.528826e-01  1.000000e-07
 20  72  0  0  0  3  2.781948e-01  1.000000e-07
 20  87  0  0  0  3  3.646838e-01  1.000000e-07
 55  87 -1  0  0  3  4.756212e-01  1.000000e-07
 55  24 -1  0  0  3  5.160749e-01  1.000000e-07
 55  71  0  0  1  3  3.727258e-01  1.000000e-07
 55  73  0  0  1  3  4.803590e-01  1.000000e-07
 55  6  0  1  1  3  5.119066e-01  1.000000e-07
 17  86  0  0  0  3  1.186242e-01  1.000000e-07
 17  23  0 -1  0  3  3.963869e-01  1.000000e-07
 17  77  0 -1  0  3  2.898468e-01  1.000000e-07
 17  56  0  0  1  3  5.038569e-01  1.000000e-07
 86  23  0 -1  0  3  4.206800e-01  1.000000e-07
 86  21  0  0  0  3  3.730427e-01  1.000000e-07
 86  22  0 -1  0  3  3.690746e-01  1.000000e-07
 86  24  0  0  0  3  3.613753e-01  1.000000e-07
 86  73  0  0  1  3  3.908747e-01  1.000000e-07
 86  58  0  0  1  3  4.978190e-01  1.000000e-07
 23  12  0  0  0  3  1.135641e-01  1.000000e-07
 23  87  0  0  0  3  1.146781e-01  1.000000e-07
 23  77  0  0  0  3  3.280110e-01  1.000000e-07
 23  58  0  0  1  3  4.054571e-01  1.000000e-07
 23  74  0  0  1  3  2.929769e-01  1.000000e-07
 23  76  0  0  1  3  5.852205e-01  1.000000e-07
 72  21  0  0  0  3  3.417712e-01  1.000000e-07
 72  13  0  0  0  3  2.940793e-01  1.000000e-07
 72  73  0  0  1  3  4.624752e-01  1.000000e-07
 72  56 -1  0  1  3  6.291626e-01  1.000000e-07
 72  2  0  0  1  3  5.764006e-01  1.000000e-07
 72  75  0  0  1  3  5.862272e-01  1.000000e-07
 12  13  1  1  0  3  5.532579e-01  1.000000e-07
 12  87  0  0  0  3  1.717318e-01  1.000000e-07
 12  71  1  0  1  3  4.240764e-01  1.000000e-07
 12  57  0  0  1  3  4.446224e-01  1.000000e-07
 12  58  0  0  1  3  3.469192e-01  1.000000e-07
 12  74  0  0  1  3  2.113967e-01  1.000000e-07
 12  76  0  0  1  3  5.579260e-01  1.000000e-07
 21  16  0 -1  0  3  3.439061e-01  1.000000e-07
 22  13  0  1  0  3  3.264416e-01  1.000000e-07
 22  77  0  0  0  3  1.823292e-01  1.000000e-07
 22  16  0  0  0  3  2.340689e-01  1.000000e-07
 22  71  0  0  1  3  4.903750e-01  1.000000e-07
 22  75  0  1  1  3  4.566603e-01  1.000000e-07
 13  73  0  0  1  3  5.734754e-01  1.000000e-07
 13  74 -1 -1  1  3  6.041484e-01  1.000000e-07
 13  75  0  0  1  3  5.598847e-01  1.000000e-07
 87  24  0  0  0  3  3.078342e-01  1.000000e-07
 87  58  0  0  1  3  3.660718e-01  1.000000e-07
 77  16  0  0  0  3  1.278372e-01  1.000000e-07
 77  6  0  1  1  3  4.527991e-01  1.000000e-07
 77  57  0  0  1  3  5.861483e-01  1.000000e-07
 77  74  0  0  1  3  4.737117e-01  1.000000e-07
 77  76  0  0  1  3  5.500758e-01  1.000000e-07
 24  56  0  0  1  3  5.048839e-01  1.000000e-07
 24  58  0  0  1  3  4.552264e-01  1.000000e-07
 71  3 -1  0  0  3  5.077468e-01  1.000000e-07
 71  7  0  0  0  3  3.582108e-01  1.000000e-07
 71  2  0  0  0  3  2.519235e-01  1.000000e-07
 71  75  0  1  0  3  3.270757e-01  1.000000e-07
 1  8  0  0  0  3  2.496301e-01  1.000000e-07
 1  57  0  0  0  3  3.762100e-01  1.000000e-07
 1  3  0  0  0  3  1.055063e-01  1.000000e-07
 1  58  0  0  0  3  2.797770e-01  1.000000e-07
 1  10  0  0  0  3  6.959456e-02  1.000000e-07
 9  73  0  0  0  3  2.420007e-01  1.000000e-07
 9  5  0  0  0  3  3.106390e-01  1.000000e-07
 9  8  0  0  0  3  2.507153e-01  1.000000e-07
 9  70  0  0  0  3  4.661790e-01  1.000000e-07
 9  4  0  0  0  3  2.752938e-01  1.000000e-07
 9  3 -1  0  0  3  5.470511e-01  1.000000e-07
 9  2  0  0  0  3  2.220821e-01  1.000000e-07
 9  10  0  0  0  3  4.135926e-01  1.000000e-07
 73  2  0  0  0  3  3.352657e-01  1.000000e-07
 73  58  0  0  0  3  4.141575e-01  1.000000e-07
 5  56  0  0  0  3  3.106609e-01  1.000000e-07
 5  8  0  0  0  3  3.591976e-01  1.000000e-07
 5  6  0  0  0  3  2.098189e-01  1.000000e-07
 5  70  0  0  0  3  2.813691e-01  1.000000e-07
 5  57  0 -1  0  3  4.157799e-01  1.000000e-07
 5  58  0  0  0  3  3.682906e-01  1.000000e-07
 5  74  0 -1  0  3  3.770923e-01  1.000000e-07
 5  10  0  0  0  3  3.523512e-01  1.000000e-07
 56  73  1  0  0  3  5.420318e-01  1.000000e-07
 56  70  0  0  0  3  2.301842e-01  1.000000e-07
 56  2  1  0  0  3  5.498857e-01  1.000000e-07
 56  11  1  0  0  3  3.772764e-01  1.000000e-07
 56  10  0  0  0  3  3.362418e-01  1.000000e-07
 8  4  0  0  0  3  2.808030e-01  1.000000e-07
 8  2  0  0  0  3  2.494285e-01  1.000000e-07
 8  58  0  0  0  3  2.757240e-01  1.000000e-07
 8  10  0  0  0  3  2.730912e-01  1.000000e-07
 6  70  0  0  0  3  3.971148e-01  1.000000e-07
 6  57  0 -1  0  3  3.458923e-01  1.000000e-07
 6  7  0 -1  0  3  3.951451e-01  1.000000e-07
 6  11  0  0  0  3  2.417348e-01  1.000000e-07
 6  76  0 -1  0  3  4.059874e-01  1.000000e-07
 70  57  0 -1  0  3  3.346627e-01  1.000000e-07
 70  3  0  0  0  3  2.960304e-01  1.000000e-07
 70  0  0  0  0  3  8.039470e-02  1.000000e-07
 70  10  0  0  0  3  3.035056e-01  1.000000e-07
 57  7  0  0  0  3  1.604492e-01  1.000000e-07
 57  11  0  1  0  3  4.974292e-01  1.000000e-07
 57  74  0  0  0  3  3.272262e-01  1.000000e-07
 57  76  0  0  0  3  2.933926e-01  1.000000e-07
 4  7  0  0  0  3  2.762610e-01  1.000000e-07
 4  76  0  0  0  3  1.767379e-01  1.000000e-07
 3  2  1  0  0  3  4.837909e-01  1.000000e-07
 3  11  1  0  0  3  4.993128e-01  1.000000e-07
 3  10  0  0  0  3  5.172927e-02  1.000000e-07
 7  58  0  0  0  3  3.507726e-01  1.000000e-07
 7  11  0  1  0  3  5.008473e-01  1.000000e-07
 7  76  0  0  0  3  1.599055e-01  1.000000e-07
 0  11  1  0  0  3  4.193138e-01  1.000000e-07
 0  74  0 -1  0  3  3.341957e-01  1.000000e-07
 0  75  1  0  0  3  3.979699e-01  1.000000e-07
 0  10  0  0  0  3  3.443939e-01  1.000000e-07
 2  11  0  0  0  3  4.214970e-01  1.000000e-07
 2  75  0  0  0  3  4.806294e-01  1.000000e-07
 2  76  0  0  0  3  1.733611e-01  1.000000e-07
 58  74  0  0  0  3  4.193888e-01  1.000000e-07
 58  76  0  0  0  3  3.742963e-01  1.000000e-07
 58  10  0  0  0  3  2.646470e-01  1.000000e-07
 11  75  0  0  0  3  1.361731e-01  1.000000e-07
 74  75  1  1  0  3  3.665794e-01  1.000000e-07
 18  48  0  0  0  3  3.066329e-01  1.000000e-07
 68  1  0  0  0  3  1.924931e-01  1.000000e-07
 13  53  0  0  0  3  1.130510e-01  1.000000e-07
 47  11  0  0  0  3  2.287454e-01  1.000000e-07
 17  52  0 -1  0  3  2.374436e-01  1.000000e-07
 88  57  0  0  0  3  2.706676e-01  1.000000e-07
 13  83 -1  0  0  3  1.956194e-01  1.000000e-07
 51  0  0  0  0  3  2.161299e-01  1.000000e-07
 13  51 -1  0  0  3  2.003418e-01  1.000000e-07
 69  3  0  0  0  3  3.052745e-01  1.000000e-07
 19  84  0  0  0  3  2.196270e-01  1.000000e-07
 89  71  1  0  0  3  3.241081e-01  1.000000e-07
 20  59  0  0  0  3  2.478138e-01  1.000000e-07
 67  1  0  0  0  3  1.479494e-01  1.000000e-07
 24  27  0  0  0  3  2.008562e-01  1.000000e-07
 62  1  0  0  0  3  1.337116e-01  1.000000e-07
 21  53  0  0  0  3  1.319086e-01  1.000000e-07
 54  6  0  0  0  3  3.658670e-01  1.000000e-07
 24  64  0  0  0  3  2.731801e-01  1.000000e-07
 65  4  1  0  0  3  3.109740e-01  1.000000e-07
 20  80  0  0  0  3  2.080469e-01  1.000000e-07
 59  8  0  0  0  3  2.148496e-01  1.000000e-07
 21  54  0  0  0  3  2.418625e-01  1.000000e-07
 36  70  0  0  0  3  3.326580e-01  1.000000e-07
 16  82  0  0  0  3  1.683386e-01  1.000000e-07
 66  7  0  0  0  3  2.017251e-01  1.000000e-07
 72  69 -1  0  0  3  3.048196e-01  1.000000e-07
 64  3  0  0  0  3  2.673124e-01  1.000000e-07
 15  49  0  0  0  3  2.488698e-01  1.000000e-07
 50  4  0  0  0  3  2.335840e-01  1.000000e-07
 14  80  0  0  0  3  2.166531e-01  1.000000e-07
 63  8  0  0  0  3  2.472604e-01  1.000000e-07
 17  78  0  0  0  3  2.046184e-01  1.000000e-07
 61  0  0  0  0  3  1.396542e-01  1.000000e-07
 19  79  1  0  0  3  2.668860e-01  1.000000e-07
 49  4  0  0  0  3  2.772413e-01  1.000000e-07
 24  61  0  0  0  3  2.729323e-01  1.000000e-07
 60  0  0  0  0  3  1.795289e-01  1.000000e-07
 15  79  0  0  0  3  2.371222e-01  1.000000e-07
 50  71  0  0  0  3  3.161658e-01  1.000000e-07
 85  68  0  0  0  3  2.607826e-01  1.000000e-07
 48  1  0  0  0  3  1.691088e-01  1.000000e-07
 14  47  0  0  0  3  2.226842e-01  1.000000e-07
 63  4  0  0  0  3  2.512375e-01  1.000000e-07
 21  81  0 -1  0  3  2.055765e-01  1.000000e-07
 29  57  0  0  0  3  3.295953e-01  1.000000e-07
 16  46  0  0  0  3  1.713683e-01  1.000000e-07
 66  57  0  0  0  3  2.146913e-01  1.000000e-07
 18  46  0  0  0  3  1.988347e-01  1.000000e-07
 88  57  0  0  0  3  2.059923e-01  1.000000e-07
 18  88  0  0  0  3  2.573523e-01  1.000000e-07
 52  0  0  1  0  3  1.596321e-01  1.000000e-07
 77  66  0  0  0  3  2.416008e-01  1.000000e-07
 46  57  0  0  0  3  2.145260e-01  1.000000e-07
 16  50  0  0  0  3  2.140926e-01  1.000000e-07
 49  4  0  0  0  3  2.779166e-01  1.000000e-07
 85  82  0  0  0  3  1.920768e-01  1.000000e-07
 46  7  0  0  0  3  1.966153e-01  1.000000e-07
 14  47  0  0  0  3  1.868829e-01  1.000000e-07
 53  9  0  0  0  3  1.707880e-01  1.000000e-07
 34  78  0  0  0  2  1.216164e-01  2.000000e-07
 34  79  1 -1  0  2  4.193182e-01  2.000000e-07
 34  60  0  0  0  2  2.094564e-01  2.000000e-07
 34  40  0  0  0  2  7.563396e-02  2.000000e-07
 34  31  0  0  0  2  2.633744e-01  2.000000e-07
 34  37  1 -1  0  2  3.793384e-01  2.000000e-07
 34  42  0 -1  0  2  3.021632e-01  2.000000e-07
 34  51  0  0  0  2  2.002977e-01  2.000000e-07
 34  35  0  0  0  2  5.597176e-02  2.000000e-07
 34  32  0  0  0  2  3.219892e-01  2.000000e-07
 34  53  1  0  0  2  4.841553e-01  2.000000e-07
 34  88  0 -1  0  2  2.319293e-01  2.000000e-07
 34  43  0  0  0  2  2.689420e-01  2.000000e-07
 34  33  0  0  0  2  1.941750e-01  2.000000e-07
 34  84  0 -1  0  2  1.677386e-01  2.000000e-07
 78  39  0  0  0  2  3.495085e-01  2.000000e-07
 78  40  0  0  0  2  4.620611e-02  2.000000e-07
 78  31  0  0  0  2  1.479265e-01  2.000000e-07
 78  37  1 -1  0  2  4.970889e-01  2.000000e-07
 78  26  0  0  0  2  3.272427e-01  2.000000e-07
 78  66  0 -1  0  2  3.571095e-01  2.000000e-07
 78  81  0 -1  0  2  3.402486e-01  2.000000e-07
 78  32  0  0  0  2  2.022145e-01  2.000000e-07
 78  88  0 -1  0  2  2.389644e-01  2.000000e-07
 78  43  0  0  0  2  2.159381e-01  2.000000e-07
 78  67  0  0  0  2  3.234884e-01  2.000000e-07
 78  33  0  0  0  2  1.567673e-01  2.000000e-07
 78  54  0  0  0  2  2.568893e-01  2.000000e-07
 46  79  0  0  0  2  3.601078e-01  2.000000e-07
 46  89  0  0  0  2  3.440145e-01  2.000000e-07
 46  48  0  0  0  2  2.676682e-01  2.000000e-07
 46  40  0  1  0  2  3.359069e-01  2.000000e-07
 46  49  0  0  0  2  3.425523e-01  2.000000e-07
 46  25  0  0  0  2  3.044377e-01  2.000000e-07
 46  50  0  0  0  2  2.844780e-01  2.000000e-07
 46  36  0  1  0  2  3.133359e-01  2.000000e-07
 46  42  0  0  0  2  1.913531e-01  2.000000e-07
 46  42  0  0  0  2  1.913531e-01  2.000000e-07
 46  66  0  0  0  2  6.617330e-02  2.000000e-07
 46  35  0  1  0  2  3.081855e-01  2.000000e-07
 46  81  0  0  0  2  1.138925e-01  2.000000e-07
 46  52  0  0  0  2  8.343352e-02  2.000000e-07
 46  88  0  0  0  2  1.197794e-01  2.000000e-07
 46  88  0  0  0  2  1.197794e-01  2.000000e-07
 46  29  0  0  0  2  3.235323e-01  2.000000e-07
 46  82  0  0  0  2  2.213451e-01  2.000000e-07
 46  84  0  0  0  2  3.559589e-01  2.000000e-07
 46  54  0  1  0  2  2.709318e-01  2.000000e-07
 79  47  0  1  0  2  5.856773e-01  2.000000e-07
 79  39  0  1  0  2  5.804753e-01  2.000000e-07
 79  38  0  1  0  2  5.239496e-01  2.000000e-07
 79  89 -1  0  0  2  3.123093e-01  2.000000e-07
 79  49  0  0  0  2  1.577899e-01  2.000000e-07
 79  37  0  0  0  2  7.378300e-02  2.000000e-07
 79  50  0  0  0  2  1.219764e-01  2.000000e-07
 79  36  0  1  0  2  4.358682e-01  2.000000e-07
 79  42 -1  0  0  2  4.697515e-01  2.000000e-07
 79  51 -1  1  0  2  4.577679e-01  2.000000e-07
 79  65 -1  0  0  2  3.433371e-01  2.000000e-07
 79  66  0  0  0  2  3.045770e-01  2.000000e-07
 79  35 -1  1  0  2  4.685692e-01  2.000000e-07
 79  52  0  0  0  2  3.867245e-01  2.000000e-07
 79  53  0  1  0  2  3.875232e-01  2.000000e-07
 79  29  0  0  0  2  1.092914e-01  2.000000e-07
 79  83 -1  1  0  2  4.428622e-01  2.000000e-07
 79  84 -1  0  0  2  2.966153e-01  2.000000e-07
 47  39  0  0  0  2  2.977207e-01  2.000000e-07
 47  38  0  0  0  2  3.502594e-01  2.000000e-07
 47  49  0  0  0  2  2.804704e-01  2.000000e-07
 47  50  0  0  0  2  3.542994e-01  2.000000e-07
 47  51 -1  0  0  2  2.962298e-01  2.000000e-07
 47  26 -1  0  0  2  3.318522e-01  2.000000e-07
 47  63  0  0  0  2  1.994604e-01  2.000000e-07
 47  64 -1  0  0  2  2.628129e-01  2.000000e-07
 47  28  0  0  0  2  9.416082e-02  2.000000e-07
 47  53  0  0  0  2  2.469612e-01  2.000000e-07
 47  29  0 -1  0  2  4.892844e-01  2.000000e-07
 47  43 -1  0  0  2  3.398688e-01  2.000000e-07
 47  82  0  0  0  2  3.741363e-01  2.000000e-07
 47  83 -1  0  0  2  3.303005e-01  2.000000e-07
 47  44 -1  0  0  2  3.645210e-01  2.000000e-07
 47  69 -1  0  0  2  2.479660e-01  2.000000e-07
 39  38  0  0  0  2  8.561332e-02  2.000000e-07
 39  40  0  0  0  2  3.952791e-01  2.000000e-07
 39  49  0  0  0  2  4.022864e-01  2.000000e-07
 39  61  0  0  0  2  3.047593e-01  2.000000e-07
 39  41  0  0  0  2  3.514472e-01  2.000000e-07
 39  31  0  0  0  2  2.307906e-01  2.000000e-07
 39  80  0  0  0  2  1.240830e-01  2.000000e-07
 39  51 -1  0  0  2  5.259633e-01  2.000000e-07
 39  63  0  0  0  2  1.994157e-01  2.000000e-07
 39  81  0 -1  0  2  4.067265e-01  2.000000e-07
 39  32  0  0  0  2  1.527083e-01  2.000000e-07
 39  45  0  0  0  2  2.084422e-01  2.000000e-07
 39  52  0 -1  0  2  4.161719e-01  2.000000e-07
 39  28  0  0  0  2  3.794129e-01  2.000000e-07
 39  53  0  0  0  2  2.161179e-01  2.000000e-07
 39  29  0 -1  0  2  4.715275e-01  2.000000e-07
 39  43  0  0  0  2  3.842258e-01  2.000000e-07
 39  82  0  0  0  2  3.082524e-01  2.000000e-07
 39  67  0  0  0  2  1.905942e-01  2.000000e-07
 38  60  0  0  0  2  3.446775e-01  2.000000e-07
 38  30  0  0  0  2  2.053626e-01  2.000000e-07
 38  61  0  0  0  2  2.442664e-01  2.000000e-07
 38  80  0  0  0  2  2.094129e-01  2.000000e-07
 38  36  0  0  0  2  1.016978e-01  2.000000e-07
 38  51 -1  0  0  2  5.387426e-01  2.000000e-07
 38  35  0  0  0  2  3.554778e-01  2.000000e-07
 38  32  0  0  0  2  8.298437e-02  2.000000e-07
 38  45  0  0  0  2  2.117984e-01  2.000000e-07
 38  52  0 -1  0  2  3.307830e-01  2.000000e-07
 38  28  0  0  0  2  4.389626e-01  2.000000e-07
 38  53  0  0  0  2  1.987913e-01  2.000000e-07
 38  59  0  0  0  2  2.249262e-01  2.000000e-07
 38  69 -1  0  0  2  5.413849e-01  2.000000e-07
 60  30  0  0  0  2  1.434028e-01  2.000000e-07
 60  61  0  0  0  2  1.482645e-01  2.000000e-07
 60  41  0  0  0  2  2.094648e-01  2.000000e-07
 60  31  0  0  0  2  1.514375e-01  2.000000e-07
 60  62  0  0  0  2  2.317635e-01  2.000000e-07
 60  51  0  0  0  2  1.263809e-01  2.000000e-07
 60  63  1  0  0  2  5.718528e-01  2.000000e-07
 60  35  0  0  0  2  2.134548e-01  2.000000e-07
 60  45  0  0  0  2  1.945988e-01  2.000000e-07
 60  53  1  0  0  2  4.697156e-01  2.000000e-07
 60  68  0  0  0  2  3.355348e-01  2.000000e-07
 60  33  0  0  0  2  2.365798e-02  2.000000e-07
 60  59  0  0  0  2  3.300611e-01  2.000000e-07
 60  44  0  0  0  2  2.071493e-01  2.000000e-07
 60  69  0  0  0  2  1.248715e-01  2.000000e-07
 89  48  0  0  0  2  3.840103e-01  2.000000e-07
 89  40  0  1  0  2  2.208292e-01  2.000000e-07
 89  61  0  1  0  2  3.132544e-01  2.000000e-07
 89  25  0  0  0  2  3.069361e-01  2.000000e-07
 89  42  0  0  0  2  2.137809e-01  2.000000e-07
 89  51  0  1  0  2  3.151078e-01  2.000000e-07
 89  65  0  0  0  2  3.002842e-01  2.000000e-07
 89  35  0  1  0  2  1.820356e-01  2.000000e-07
 89  52  0  0  0  2  3.282774e-01  2.000000e-07
 89  83  0  1  0  2  2.820765e-01  2.000000e-07
 89  84  0  0  0  2  1.694739e-02  2.000000e-07
 48  49  0  0  0  2  4.079524e-01  2.000000e-07
 48  25  0  0  0  2  1.082523e-01  2.000000e-07
 48  27  0  0  0  2  1.453769e-01  2.000000e-07
 48  62  0  0  0  2  1.699729e-01  2.000000e-07
 48  42  0  0  0  2  1.817185e-01  2.000000e-07
 48  66  0  0  0  2  3.203687e-01  2.000000e-07
 48  45  0  0  0  2  2.384608e-01  2.000000e-07
 48  88  0  0  0  2  3.049836e-01  2.000000e-07
 48  82  0  0  0  2  1.921098e-01  2.000000e-07
 48  67  0  0  0  2  1.734461e-01  2.000000e-07
 48  68  0  0  0  2  6.832162e-02  2.000000e-07
 48  59  0  0  0  2  1.607504e-01  2.000000e-07
 40  61  0  0  0  2  9.338429e-02  2.000000e-07
 40  37  1 -1  0  2  4.531180e-01  2.000000e-07
 40  26  0  0  0  2  3.506737e-01  2.000000e-07
 40  81  0 -1  0  2  3.507486e-01  2.000000e-07
 40  52  0 -1  0  2  2.711175e-01  2.000000e-07
 40  88  0 -1  0  2  2.252904e-01  2.000000e-07
 40  29  1 -1  0  2  4.888072e-01  2.000000e-07
 40  43  0  0  0  2  2.332578e-01  2.000000e-07
 40  83  0  0  0  2  1.788071e-01  2.000000e-07
 40  67  0  0  0  2  3.661136e-01  2.000000e-07
 40  84  0 -1  0  2  2.365339e-01  2.000000e-07
 49  38  0  0  0  2  4.857308e-01  2.000000e-07
 49  37  0  0  0  2  2.289183e-01  2.000000e-07
 49  80  0  0  0  2  2.800151e-01  2.000000e-07
 49  50  0  0  0  2  7.460080e-02  2.000000e-07
 49  62 -1  0  0  2  5.161269e-01  2.000000e-07
 49  42 -1  0  0  2  5.365378e-01  2.000000e-07
 49  63  0  0  0  2  2.032306e-01  2.000000e-07
 49  65 -1  0  0  2  3.362423e-01  2.000000e-07
 49  66  0  0  0  2  3.101825e-01  2.000000e-07
 49  45  0  0  0  2  5.223798e-01  2.000000e-07
 49  28  0  0  0  2  2.437178e-01  2.000000e-07
 49  82  0  0  0  2  2.160275e-01  2.000000e-07
 49  67  0  0  0  2  4.506842e-01  2.000000e-07
 49  59  0  0  0  2  3.869883e-01  2.000000e-07
 49  44 -1  0  0  2  4.870136e-01  2.000000e-07
 30  41  0  0  0  2  2.058522e-01  2.000000e-07
 30  31  0  0  0  2  2.306716e-02  2.000000e-07
 30  80  0  0  0  2  3.242163e-01  2.000000e-07
 30  36  0  0  0  2  2.527527e-01  2.000000e-07
 30  35  0  0  0  2  2.477565e-01  2.000000e-07
 30  32  0  0  0  2  1.404477e-01  2.000000e-07
 30  45  0  0  0  2  8.405033e-02  2.000000e-07
 30  43  0  0  0  2  1.589056e-01  2.000000e-07
 30  68  0  0  0  2  2.563941e-01  2.000000e-07
 30  33  0  0  0  2  1.639411e-01  2.000000e-07
 30  59  0  0  0  2  2.149239e-01  2.000000e-07
 61  36  0  0  0  2  2.421994e-01  2.000000e-07
 61  51  0  0  0  2  2.391196e-01  2.000000e-07
 61  26  0  0  0  2  3.010296e-01  2.000000e-07
 61  35  0  0  0  2  1.318045e-01  2.000000e-07
 61  45  0  0  0  2  2.026656e-01  2.000000e-07
 61  52  0 -1  0  2  2.823376e-01  2.000000e-07
 61  83  0  0  0  2  2.164800e-01  2.000000e-07
 61  67  0  0  0  2  2.776681e-01  2.000000e-07
 61  69  0  0  0  2  2.701715e-01  2.000000e-07
 25  41  0  0  0  2  1.664966e-01  2.000000e-07
 25  27  0  0  0  2  1.604744e-01  2.000000e-07
 25  62  0  0  0  2  1.451229e-01  2.000000e-07
 25  42  0  0  0  2  1.463451e-01  2.000000e-07
 25  42  0  0  0  2  1.463451e-01  2.000000e-07
 25  26  0  0  0  2  2.061272e-01  2.000000e-07
 25  64  0  0  0  2  2.138225e-01  2.000000e-07
 25  65  0  0  0  2  1.666901e-01  2.000000e-07
 25  82  0  0  0  2  2.931968e-01  2.000000e-07
 25  67  0  0  0  2  2.358923e-01  2.000000e-07
 25  84  0  0  0  2  3.039837e-01  2.000000e-07
 25  44  0  0  0  2  1.715372e-01  2.000000e-07
 41  31  0  0  0  2  2.288960e-01  2.000000e-07
 41  80  0  0  0  2  3.768578e-01  2.000000e-07
 41  62  0  0  0  2  2.485786e-02  2.000000e-07
 41  42  0  0  0  2  3.127593e-01  2.000000e-07
 41  26  0  0  0  2  5.891126e-02  2.000000e-07
 41  43  0  0  0  2  1.562798e-01  2.000000e-07
 41  82  0  0  0  2  3.713187e-01  2.000000e-07
 41  67  0  0  0  2  1.652124e-01  2.000000e-07
 41  84  0  0  0  2  4.453791e-01  2.000000e-07
 41  59  0  0  0  2  2.169251e-01  2.000000e-07
 41  44  0  0  0  2  2.408256e-02  2.000000e-07
 31  80  0  0  0  2  3.270617e-01  2.000000e-07
 31  35  0  0  0  2  2.326121e-01  2.000000e-07
 31  32  0  0  0  2  1.232413e-01  2.000000e-07
 31  43  0  0  0  2  1.742346e-01  2.000000e-07
 31  67  0  0  0  2  1.762237e-01  2.000000e-07
 31  33  0  0  0  2  1.701368e-01  2.000000e-07
 37  50  0  0  0  2  1.812208e-01  2.000000e-07
 37  36  0  1  0  2  3.875857e-01  2.000000e-07
 37  42 -1  0  0  2  4.781304e-01  2.000000e-07
 37  51 -1  1  0  2  3.933975e-01  2.000000e-07
 37  64 -1  0  0  2  4.777666e-01  2.000000e-07
 37  66  0  0  0  2  3.061149e-01  2.000000e-07
 37  81  0  0  0  2  2.859846e-01  2.000000e-07
 37  53  0  1  0  2  3.196175e-01  2.000000e-07
 37  29  0  0  0  2  5.667157e-02  2.000000e-07
 37  43 -1  1  0  2  5.398011e-01  2.000000e-07
 37  33 -1  1  0  2  4.806657e-01  2.000000e-07
 37  84 -1  0  0  2  2.820289e-01  2.000000e-07
 37  44 -1  0  0  2  5.685854e-01  2.000000e-07
 37  54  0  1  0  2  3.724306e-01  2.000000e-07
 27  62  0  0  0  2  5.754322e-02  2.000000e-07
 27  26  0  0  0  2  1.300834e-01  2.000000e-07
 27  64  0  0  0  2  2.094154e-01  2.000000e-07
 27  65  0  0  0  2  2.459760e-01  2.000000e-07
 27  45  0  0  0  2  1.182333e-01  2.000000e-07
 27  67  0  0  0  2  9.870316e-02  2.000000e-07
 27  68  0  0  0  2  9.849659e-02  2.000000e-07
 27  69  0  0  0  2  2.858932e-01  2.000000e-07
 80  42  0  0  0  2  4.453519e-01  2.000000e-07
 80  63  0  0  0  2  8.075152e-02  2.000000e-07
 80  66  0  0  0  2  4.348908e-01  2.000000e-07
 80  32  0  0  0  2  2.731930e-01  2.000000e-07
 80  28  0  0  0  2  3.033399e-01  2.000000e-07
 80  53  0  0  0  2  2.789601e-01  2.000000e-07
 80  82  0  0  0  2  2.011889e-01  2.000000e-07
 80  67  0  0  0  2  2.156942e-01  2.000000e-07
 80  59  0  0  0  2  1.601770e-01  2.000000e-07
 50  63  0  0  0  2  2.538519e-01  2.000000e-07
 50  64 -1  0  0  2  4.371512e-01  2.000000e-07
 50  65 -1  0  0  2  3.863464e-01  2.000000e-07
 50  66  0  0  0  2  2.443480e-01  2.000000e-07
 50  81  0  0  0  2  2.599249e-01  2.000000e-07
 50  28  0  0  0  2  3.174827e-01  2.000000e-07
 50  29  0  0  0  2  1.843642e-01  2.000000e-07
 50  82  0  0  0  2  2.079176e-01  2.000000e-07
 50  84 -1  0  0  2  4.100367e-01  2.000000e-07
 50  44 -1  0  0  2  5.472456e-01  2.000000e-07
 62  42  0  0  0  2  2.908743e-01  2.000000e-07
 62  64  0  0  0  2  1.521572e-01  2.000000e-07
 62  65  0  0  0  2  1.938771e-01  2.000000e-07
 62  45  0  0  0  2  1.586242e-01  2.000000e-07
 62  28  1  0  0  2  3.373714e-01  2.000000e-07
 62  68  0  0  0  2  1.421430e-01  2.000000e-07
 62  59  0  0  0  2  2.021625e-01  2.000000e-07
 62  44  0  0  0  2  4.370398e-02  2.000000e-07
 62  69  0  0  0  2  2.502571e-01  2.000000e-07
 36  51 -1  0  0  2  5.272312e-01  2.000000e-07
 36  35  0  0  0  2  3.223221e-01  2.000000e-07
 36  32  0  0  0  2  1.136333e-01  2.000000e-07
 36  52  0 -1  0  2  2.380927e-01  2.000000e-07
 36  53  0  0  0  2  1.814019e-01  2.000000e-07
 36  88  0 -1  0  2  3.043840e-01  2.000000e-07
 36  54  0  0  0  2  4.251408e-02  2.000000e-07
 42  65  0  0  0  2  2.578838e-01  2.000000e-07
 42  66  0  0  0  2  2.575111e-01  2.000000e-07
 42  35  0  1  0  2  2.882820e-01  2.000000e-07
 42  81  0  0  0  2  3.007837e-01  2.000000e-07
 42  88  0  0  0  2  1.540434e-01  2.000000e-07
 42  82  0  0  0  2  2.869092e-01  2.000000e-07
 42  68  0  0  0  2  2.486558e-01  2.000000e-07
 42  84  0  0  0  2  2.184611e-01  2.000000e-07
 42  59  0  0  0  2  3.418577e-01  2.000000e-07
 42  44  0  0  0  2  3.175375e-01  2.000000e-07
 51  35  0  0  0  2  2.350284e-01  2.000000e-07
 51  28  1  0  0  2  3.099302e-01  2.000000e-07
 51  53  1  0  0  2  3.477888e-01  2.000000e-07
 51  83  0  0  0  2  3.548547e-02  2.000000e-07
 51  33  0  0  0  2  1.046167e-01  2.000000e-07
 51  69  0  0  0  2  9.041474e-02  2.000000e-07
 26  64  0  0  0  2  9.881801e-02  2.000000e-07
 26  45  0  0  0  2  1.902624e-01  2.000000e-07
 26  43  0  0  0  2  1.216765e-01  2.000000e-07
 26  82  0  0  0  2  4.300415e-01  2.000000e-07
 26  83  0  0  0  2  2.710690e-01  2.000000e-07
 26  67  0  0  0  2  2.157559e-01  2.000000e-07
 26  44  0  0  0  2  3.904657e-02  2.000000e-07
 26  69  0  0  0  2  1.717950e-01  2.000000e-07
 63  64 -1  0  0  2  4.252926e-01  2.000000e-07
 63  66  0  0  0  2  4.014174e-01  2.000000e-07
 63  28  0  0  0  2  2.405880e-01  2.000000e-07
 63  53  0  0  0  2  3.100433e-01  2.000000e-07
 63  43 -1  0  0  2  5.365596e-01  2.000000e-07
 63  82  0  0  0  2  1.829635e-01  2.000000e-07
 63  44 -1  0  0  2  5.382603e-01  2.000000e-07
 64  65  0  0  0  2  1.119811e-01  2.000000e-07
 64  43  0  0  0  2  1.936335e-01  2.000000e-07
 64  83  0  0  0  2  3.112500e-01  2.000000e-07
 64  84  0  0  0  2  4.007669e-01  2.000000e-07
 64  44  0  0  0  2  1.157070e-01  2.000000e-07
 65  28  1  0  0  2  2.274097e-01  2.000000e-07
 65  84  0  0  0  2  2.888943e-01  2.000000e-07
 65  69  0  0  0  2  3.036512e-01  2.000000e-07
 66  81  0  0  0  2  5.555452e-02  2.000000e-07
 66  88  0  0  0  2  1.668023e-01  2.000000e-07
 66  82  0  0  0  2  2.350336e-01  2.000000e-07
 66  68  0  0  0  2  3.753475e-01  2.000000e-07
 66  59  0  0  0  2  4.236725e-01  2.000000e-07
 66  54  0  1  0  2  2.349590e-01  2.000000e-07
 35  32  0  0  0  2  2.749176e-01  2.000000e-07
 35  52  0 -1  0  2  2.505469e-01  2.000000e-07
 35  88  0 -1  0  2  1.927620e-01  2.000000e-07
 35  54  0  0  0  2  2.994127e-01  2.000000e-07
 81  32  0  1  0  2  3.088448e-01  2.000000e-07
 81  52  0  0  0  2  9.301878e-02  2.000000e-07
 81  53  0  1  0  2  3.159196e-01  2.000000e-07
 81  88  0  0  0  2  1.868491e-01  2.000000e-07
 81  29  0  0  0  2  2.340662e-01  2.000000e-07
 81  82  0  0  0  2  2.850830e-01  2.000000e-07
 81  84  0  0  0  2  4.351297e-01  2.000000e-07
 81  54  0  1  0  2  1.846774e-01  2.000000e-07
 32  53  0  0  0  2  2.679989e-01  2.000000e-07
 32  88  0 -1  0  2  3.275565e-01  2.000000e-07
 32  59  0  0  0  2  2.402009e-01  2.000000e-07
 45  83  0  0  0  2  3.190549e-01  2.000000e-07
 45  67  0  0  0  2  7.785847e-02  2.000000e-07
 45  68  0  0  0  2  1.726786e-01  2.000000e-07
 45  59  0  0  0  2  1.374965e-01  2.000000e-07
 45  69  0  0  0  2  2.863469e-01  2.000000e-07
 52  88  0  0  0  2  9.570775e-02  2.000000e-07
 52  29  0  0  0  2  3.270850e-01  2.000000e-07
 52  84  0  0  0  2  3.427410e-01  2.000000e-07
 28  60 -1  0  0  2  3.550580e-01  2.000000e-07
 28  64 -1  0  0  2  1.863229e-01  2.000000e-07
 28  53  0  0  0  2  3.397451e-01  2.000000e-07
 28  44 -1  0  0  2  2.978007e-01  2.000000e-07
 28  69 -1  0  0  2  2.384558e-01  2.000000e-07
 53  66  0 -1  0  2  3.707642e-01  2.000000e-07
 53  29  0 -1  0  2  2.795961e-01  2.000000e-07
 53  43 -1  0  0  2  4.681961e-01  2.000000e-07
 53  33 -1  0  0  2  4.502857e-01  2.000000e-07
 53  44 -1  0  0  2  5.544292e-01  2.000000e-07
 53  54  0  0  0  2  2.065335e-01  2.000000e-07
 53  69 -1  0  0  2  3.656865e-01  2.000000e-07
 88  84  0  0  0  2  2.485413e-01  2.000000e-07
 88  54  0  1  0  2  2.644028e-01  2.000000e-07
 29  43 -1  1  0  2  5.534251e-01  2.000000e-07
 29  83 -1  1  0  2  3.986505e-01  2.000000e-07
 29  84 -1  0  0  2  3.334075e-01  2.000000e-07
 43  83  0  0  0  2  1.595741e-01  2.000000e-07
 43  67  0  0  0  2  2.454184e-01  2.000000e-07
 43  33  0  0  0  2  7.519355e-02  2.000000e-07
 43  44  0  0  0  2  1.505072e-01  2.000000e-07
 82  67  0  0  0  2  2.687453e-01  2.000000e-07
 82  84  0  0  0  2  5.038002e-01  2.000000e-07
 83  84  0 -1  0  2  2.903621e-01  2.000000e-07
 83  69  0  0  0  2  1.217637e-01  2.000000e-07
 68  49  0  0  0  2  4.153856e-01  2.000000e-07
 68  59  0  0  0  2  9.960475e-02  2.000000e-07
 68  44  0  0  0  2  1.858030e-01  2.000000e-07
 33  44  0  0  0  2  2.250247e-01  2.000000e-07
 84  44  0  0  0  2  4.386953e-01  2.000000e-07
 44  69  0  0  0  2  2.101775e-01  2.000000e-07
 34  89  0 -1  0  1  1.533518e-01  3.000000e-07
 34  40  0  0  0  1  7.563396e-02  3.000000e-07
 34  35  0  0  0  1  5.597176e-02  3.000000e-07
 34  83  0  0  0  1  1.648763e-01  3.000000e-07
 34  84  0 -1  0  1  1.677386e-01  3.000000e-07
 78  52  0 -1  0  1  2.686943e-01  3.000000e-07
 78  88  0 -1  0  1  2.389644e-01  3.000000e-07
 78  33  0  0  0  1  1.567673e-01  3.000000e-07
 78  54  0  0  0  1  2.568893e-01  3.000000e-07
 46  48  0  0  0  1  2.676682e-01  3.000000e-07
 46  42  0  0  0  1  1.913531e-01  3.000000e-07
 46  66  0  0  0  1  6.617330e-02  3.000000e-07
 46  52  0  0  0  1  8.343352e-02  3.000000e-07
 46  88  0  0  0  1  1.197794e-01  3.000000e-07
 46  82  0  0  0  1  2.213451e-01  3.000000e-07
 79  49  0  0  0  1  1.577899e-01  3.000000e-07
 79  37  0  0  0  1  7.378300e-02  3.000000e-07
 79  50  0  0  0  1  1.219764e-01  3.000000e-07
 79  65 -1  0  0  1  3.433371e-01  3.000000e-07
 79  84 -1  0  0  1  2.966153e-01  3.000000e-07
 47  80  0  0  0  1  2.426669e-01  3.000000e-07
 47  51 -1  0  0  1  2.962298e-01  3.000000e-07
 47  28  0  0  0  1  9.416082e-02  3.000000e-07
 47  53  0  0  0  1  2.469612e-01  3.000000e-07
 47  69 -1  0  0  1  2.479660e-01  3.000000e-07
 39  38  0  0  0  1  8.561332e-02  3.000000e-07
 39  80  0  0  0  1  1.240830e-01  3.000000e-07
 39  32  0  0  0  1  1.527083e-01  3.000000e-07
 39  53  0  0  0  1  2.161179e-01  3.000000e-07
 39  67  0  0  0  1  1.905942e-01  3.000000e-07
 39  59  0  0  0  1  1.679506e-01  3.000000e-07
 38  36  0  0  0  1  1.016978e-01  3.000000e-07
 38  32  0  0  0  1  8.298437e-02  3.000000e-07
 38  53  0  0  0  1  1.987913e-01  3.000000e-07
 60  30  0  0  0  1  1.434028e-01  3.000000e-07
 60  61  0  0  0  1  1.482645e-01  3.000000e-07
 60  31  0  0  0  1  1.514375e-01  3.000000e-07
 60  43  0  0  0  1  6.087965e-02  3.000000e-07
 89  42  0  0  0  1  2.137809e-01  3.000000e-07
 89  35  0  1  0  1  1.820356e-01  3.000000e-07
 89  88  0  0  0  1  2.346808e-01  3.000000e-07
 48  25  0  0  0  1  1.082523e-01  3.000000e-07
 48  42  0  0  0  1  1.817185e-01  3.000000e-07
 48  82  0  0  0  1  1.921098e-01  3.000000e-07
 48  68  0  0  0  1  6.832162e-02  3.000000e-07
 40  83  0  0  0  1  1.788071e-01  3.000000e-07
 40  33  0  0  0  1  1.649320e-01  3.000000e-07
 49  50  0  0  0  1  7.460080e-02  3.000000e-07
 49  63  0  0  0  1  2.032306e-01  3.000000e-07
 49  65 -1  0  0  1  3.362423e-01  3.000000e-07
 49  82  0  0  0  1  2.160275e-01  3.000000e-07
 30  45  0  0  0  1  8.405033e-02  3.000000e-07
 30  43  0  0  0  1  1.589056e-01  3.000000e-07
 61  31  0  0  0  1  1.015089e-01  3.000000e-07
 61  32  0  0  0  1  1.613318e-01  3.000000e-07
 61  33  0  0  0  1  1.541368e-01  3.000000e-07
 61  54  0  0  0  1  2.353610e-01  3.000000e-07
 25  27  0  0  0  1  1.604744e-01  3.000000e-07
 25  62  0  0  0  1  1.451229e-01  3.000000e-07
 25  42  0  0  0  1  1.463451e-01  3.000000e-07
 25  68  0  0  0  1  1.487349e-01  3.000000e-07
 25  44  0  0  0  1  1.715372e-01  3.000000e-07
 41  27  0  0  0  1  7.272550e-02  3.000000e-07
 41  26  0  0  0  1  5.891126e-02  3.000000e-07
 41  45  0  0  0  1  1.566439e-01  3.000000e-07
 41  43  0  0  0  1  1.562798e-01  3.000000e-07
 31  32  0  0  0  1  1.232413e-01  3.000000e-07
 31  45  0  0  0  1  1.025260e-01  3.000000e-07
 37  29  0  0  0  1  5.667157e-02  3.000000e-07
 37  83 -1  1  0  1  3.815258e-01  3.000000e-07
 37  84 -1  0  0  1  2.820289e-01  3.000000e-07
 27  62  0  0  0  1  5.754322e-02  3.000000e-07
 27  45  0  0  0  1  1.182333e-01  3.000000e-07
 27  67  0  0  0  1  9.870316e-02  3.000000e-07
 27  68  0  0  0  1  9.849659e-02  3.000000e-07
 80  63  0  0  0  1  8.075152e-02  3.000000e-07
 80  53  0  0  0  1  2.789601e-01  3.000000e-07
 80  82  0  0  0  1  2.011889e-01  3.000000e-07
 80  59  0  0  0  1  1.601770e-01  3.000000e-07
 50  66  0  0  0  1  2.443480e-01  3.000000e-07
 50  81  0  0  0  1  2.599249e-01  3.000000e-07
 50  29  0  0  0  1  1.843642e-01  3.000000e-07
 50  82  0  0  0  1  2.079176e-01  3.000000e-07
 36  32  0  0  0  1  1.136333e-01  3.000000e-07
 42  88  0  0  0  1  1.540434e-01  3.000000e-07
 42  84  0  0  0  1  2.184611e-01  3.000000e-07
 51  53  1  0  0  1  3.477888e-01  3.000000e-07
 51  29  1 -1  0  1  4.057843e-01  3.000000e-07
 51  33  0  0  0  1  1.046167e-01  3.000000e-07
 51  69  0  0  0  1  9.041474e-02  3.000000e-07
 26  64  0  0  0  1  9.881801e-02  3.000000e-07
 26  43  0  0  0  1  1.216765e-01  3.000000e-07
 63  28  0  0  0  1  2.405880e-01  3.000000e-07
 63  82  0  0  0  1  1.829635e-01  3.000000e-07
 64  65  0  0  0  1  1.119811e-01  3.000000e-07
 64  28  1  0  0  1  1.863229e-01  3.000000e-07
 64  44  0  0  0  1  1.157070e-01  3.000000e-07
 64  69  0  0  0  1  1.920254e-01  3.000000e-07
 65  28  1  0  0  1  2.274097e-01  3.000000e-07
 65  84  0  0  0  1  2.888943e-01  3.000000e-07
 65  44  0  0  0  1  1.789664e-01  3.000000e-07
 66  81  0  0  0  1  5.555452e-02  3.000000e-07
 66  52  0  0  0  1  8.950146e-02  3.000000e-07
 66  82  0  0  0  1  2.350336e-01  3.000000e-07
 35  88  0 -1  0  1  1.927620e-01  3.000000e-07
 81  52  0  0  0  1  9.301878e-02  3.000000e-07
 81  29  0  0  0  1  2.340662e-01  3.000000e-07
 32  45  0  0  0  1  1.760085e-01  3.000000e-07
 45  67  0  0  0  1  7.785847e-02  3.000000e-07
 52  88  0  0  0  1  9.570775e-02  3.000000e-07
 52  54  0  1  0  1  1.956886e-01  3.000000e-07
 53  54  0  0  0  1  2.065335e-01  3.000000e-07
 29  83 -1  1  0  1  3.986505e-01  3.000000e-07
 29  54  0  1  0  1  3.163635e-01  3.000000e-07
 43  33  0  0  0  1  7.519355e-02  3.000000e-07
 43  69  0  0  0  1  1.036452e-01  3.000000e-07
 82  68  0  0  0  1  2.075932e-01  3.000000e-07
 82  59  0  0  0  1  2.111992e-01  3.000000e-07
 83  33  0  0  0  1  1.011142e-01  3.000000e-07
 83  84  0 -1  0  1  2.903621e-01  3.000000e-07
 67  68  0  0  0  1  1.051486e-01  3.000000e-07
 67  59  0  0  0  1  6.381337e-02  3.000000e-07
 68  59  0  0  0  1  9.960475e-02  3.000000e-07
 54  81  0 -1  0  1  1.846774e-01  3.000000e-07
 69  28  1  0  0  1  2.384558e-01  3.000000e-07
 2.336455e-01 -4.211078e-01 -1.217177e-01
 1.680841e-01 -2.562844e-02 -1.231850e-01
-3.052744e-01  3.455823e-02 -2.472136e-01
 2.350717e-01 -9.380175e-02 -1.678687e-01
-3.317633e-01  9.272728e-02 -2.106441e-01
-1.443422e-02 -2.985366e-01 -3.533969e-01
-1.660304e-01 -4.435871e-01 -3.516921e-01
-7.958042e-02  2.043595e-01 -1.944521e-01
-5.825045e-02  2.920478e-02 -2.130805e-01
-2.214672e-01 -1.563106e-01 -1.706246e-01
 1.852977e-01 -8.225712e-02 -1.597949e-01
-3.612702e-01 -3.824951e-01 -2.229096e-01
 2.677975e-01  2.973711e-01  4.187023e-01
-4.326925e-01 -3.544998e-01  1.101668e-01
-2.211285e-01 -1.406739e-01  1.867042e-01
-2.421153e-01  2.809733e-01  2.244287e-01
-8.877238e-02  3.024032e-01  1.622693e-01
 8.017980e-02 -3.508338e-01  1.783382e-01
 9.077451e-02  3.500379e-01  1.962282e-01
 3.762132e-01  2.924282e-01  2.027762e-01
-5.110673e-02 -2.448079e-02  2.063337e-01
-3.026302e-01 -4.306173e-01  1.267981e-01
-2.529250e-01  4.271149e-01  2.731257e-01
 2.214689e-01  3.050729e-01  3.153042e-01
 2.801326e-01 -9.177882e-02  1.850436e-01
 2.316119e-01  1.330857e-01  0
 3.174444e-01 -5.432080e-02  0
 1.913733e-01 -2.226196e-02  0
-4.148228e-01 -1.509883e-02  0
-2.921113e-01  4.290329e-01  0
 1.653001e-01 -2.111350e-01  0
 1.552524e-01 -2.318989e-01  0
 3.869745e-02 -2.719408e-01  0
 3.243080e-01 -2.510494e-01  0
 3.104003e-01 -4.447256e-01  0
 2.544818e-01 -4.422840e-01  0
-5.152239e-02 -3.410270e-01  0
-3.422957e-01  4.027044e-01  0
-3.799058e-02 -2.402335e-01  0
-6.356530e-02 -1.585293e-01  0
 2.505012e-01 -3.985455e-01  0
 2.636534e-01 -3.029872e-02  0
 1.968750e-01  2.752483e-01  0
 3.202647e-01 -1.759646e-01  0
 2.877021e-01 -2.902206e-02  0
 1.429312e-01 -1.301159e-01  0
 2.273373e-02  3.545630e-01  0
-3.521602e-01 -8.538148e-02  0
 1.263617e-01  1.077685e-01  0
-2.743877e-01  1.840904e-01  0
-2.424158e-01  2.514927e-01  0
 4.247575e-01 -2.802823e-01  0
 3.487395e-02  4.371085e-01  0
-2.279488e-01 -2.988326e-01  0
-3.870944e-02 -3.815644e-01  0
-3.023214e-01  1.556896e-01  3.603948e-01
 2.949303e-01 -3.235850e-01 -3.666767e-01
 3.451175e-02  3.168263e-01 -2.032920e-01
 1.474271e-01  2.943092e-02 -3.967118e-01
 4.673401e-02 -3.187436e-02  0
 3.066517e-01 -2.353028e-01  0
 1.902804e-01 -3.271727e-01  0
 2.478292e-01 -1.112825e-02  0
-1.752239e-01  6.694735e-03  0
 3.995256e-01  7.035711e-04  0
 3.970454e-01  1.126572e-01  0
-3.678478e-02  3.834845e-01  0
 1.019033e-01 -6.394449e-02  0
 1.153326e-01  4.034299e-02  0
 4.229708e-01 -1.898852e-01  0
 1.845156e-01 -3.854102e-01 -1.743982e-01
-4.185834e-01  2.534638e-01 -2.992409e-01
-3.196846e-01 -9.544514e-02  1.914228e-01
-1.709317e-01 -2.354555e-01 -3.936640e-01
 2.444869e-01  4.365283e-01 -4.238795e-01
-4.297173e-01 -4.215012e-01 -3.339799e-01
-1.910915e-01  1.548007e-01 -2.977911e-01
-7.678143e-02  4.108117e-01  2.289489e-01
 2.177076e-01 -3.659943e-01  0
-3.364764e-01  3.291513e-01  0
-1.129296e-01 -4.468832e-02  0
-5.811570e-02  4.347807e-01  0
-6.111306e-02  1.497134e-01  0
 4.061156e-01 -3.104767e-01  0
 3.756821e-01  4.007605e-01  0
-2.232478e-02  1.990694e-01  1.899635e-01
 2.178731e-02 -3.264741e-01  2.786807e-01
 2.293619e-01  1.942592e-01  2.868598e-01
 1.274301e-01  4.127502e-01  0
 3.621036e-01  4.109015e-01  0