 714  90  1.200000e-05  30 -2 -2
 9  6  0 -1  0  3  2.250132e-01  1.000000e-07
 9  24  0  0  0  3  2.744016e-01  1.000000e-07
 9  4  0  0  0  3  1.669064e-01  1.000000e-07
 9  3  0  0  0  3  1.818859e-01  1.000000e-07
 9  2  0  0  0  3  1.404348e-01  1.000000e-07
 9  17  0 -1  0  3  1.890576e-01  1.000000e-07
 9  7  0 -1  1  3  4.383021e-01  1.000000e-07
 9  82  0  0  1  3  4.247944e-01  1.000000e-07
 9  83  0  0  1  3  3.779369e-01  1.000000e-07
 25  23  1  0  0  3  4.713273e-01  1.000000e-07
 25  8  0 -1  0  3  4.992483e-01  1.000000e-07
 25  5  0  0  0  3  1.562803e-01  1.000000e-07
 25  3  0  0  0  3  2.977527e-01  1.000000e-07
 25  0  1  0  0  3  4.123306e-01  1.000000e-07
 25  88  0  0  0  3  2.787142e-01  1.000000e-07
 25  13  0  0  1  3  2.216339e-01  1.000000e-07
 25  15  0  0  1  3  3.218985e-01  1.000000e-07
 25  82  0  0  1  3  3.883269e-01  1.000000e-07
 6  85  0  0  0  3  2.861063e-01  1.000000e-07
 6  8  0  0  0  3  2.156579e-01  1.000000e-07
 6  26  0  0  0  3  3.558819e-01  1.000000e-07
 6  17  0  0  0  3  1.413338e-01  1.000000e-07
 6  7  0  0  1  3  4.722389e-01  1.000000e-07
 6  82  0  1  1  3  4.537511e-01  1.000000e-07
 22  24  1  1  0  3  4.599747e-01  1.000000e-07
 22  5  0  0  0  3  4.124925e-01  1.000000e-07
 22  0  1  1  0  3  4.664395e-01  1.000000e-07
 22  11  1  0  0  3  3.138485e-01  1.000000e-07
 22  13  0  1  1  3  5.075906e-01  1.000000e-07
 22  19  1  0  1  3  3.793398e-01  1.000000e-07
 22  21  0  0  1  3  2.677988e-01  1.000000e-07
 22  76  0  0  1  3  3.500292e-01  1.000000e-07
 23  85  0  0  0  3  4.495095e-01  1.000000e-07
 23  4  0  0  0  3  2.645952e-01  1.000000e-07
 23  0  0  0  0  3  4.274109e-01  1.000000e-07
 23  10  0  0  0  3  3.423355e-01  1.000000e-07
 23  17  0  0  0  3  5.212334e-01  1.000000e-07
 23  16  0  0  1  3  3.061503e-01  1.000000e-07
 23  18  0  0  1  3  3.052061e-01  1.000000e-07
 23  84  0  0  1  3  3.965202e-01  1.000000e-07
 24  0  0  0  0  3  1.619449e-01  1.000000e-07
 24  10  0 -1  0  3  3.453952e-01  1.000000e-07
 24  17  0 -1  0  3  3.189926e-01  1.000000e-07
 24  11  0 -1  0  3  3.353601e-01  1.000000e-07
 24  13 -1  0  1  3  4.907944e-01  1.000000e-07
 24  83  0  0  1  3  5.329076e-01  1.000000e-07
 85  66  0  0  0  3  3.983708e-01  1.000000e-07
 85  5  0  0  0  3  3.670652e-01  1.000000e-07
 85  17  0  0  0  3  3.063514e-01  1.000000e-07
 85  11  0  0  0  3  4.926218e-01  1.000000e-07
 66  4  0  0  0  3  1.336183e-01  1.000000e-07
 66  3  0  0  0  3  2.672562e-01  1.000000e-07
 66  2  0  0  0  3  2.235714e-01  1.000000e-07
 66  11  0  0  0  3  4.451526e-01  1.000000e-07
 66  88 -1  0  0  3  5.445268e-01  1.000000e-07
 8  5  0  0  0  3  3.921325e-01  1.000000e-07
 8  26  0  0  0  3  3.192907e-01  1.000000e-07
 8  7  0  0  1  3  4.787491e-01  1.000000e-07
 8  20  0  0  1  3  4.226688e-01  1.000000e-07
 8  21  0  0  1  3  1.824884e-01  1.000000e-07
 8  82  0  1  1  3  4.462910e-01  1.000000e-07
 8  84  0  0  1  3  4.660924e-01  1.000000e-07
 4  3  0  0  0  3  1.886962e-01  1.000000e-07
 4  2  0  0  0  3  1.257937e-01  1.000000e-07
 4  18  0  0  1  3  4.765327e-01  1.000000e-07
 5  26  0  0  0  3  3.244145e-01  1.000000e-07
 5  88  0  0  0  3  1.895870e-01  1.000000e-07
 5  69  0  0  1  3  4.573203e-01  1.000000e-07
 5  83  0  0  1  3  3.788165e-01  1.000000e-07
 5  84  0  0  1  3  5.323503e-01  1.000000e-07
 26  0  1  1  0  3  5.774101e-01  1.000000e-07
 26  10  1  0  0  3  4.333191e-01  1.000000e-07
 26  88  0  0  0  3  1.904218e-01  1.000000e-07
 3  2  0  0  0  3  1.352271e-01  1.000000e-07
 3  88  0  0  0  3  3.524706e-01  1.000000e-07
 3  82  0  0  1  3  3.767616e-01  1.000000e-07
 3  83  0  0  1  3  3.051343e-01  1.000000e-07
 3  84  0  0  1  3  5.327240e-01  1.000000e-07
 2  17  0 -1  0  3  3.026960e-01  1.000000e-07
 2  88  0  0  0  3  3.916875e-01  1.000000e-07
 10  17  0  0  0  3  3.854367e-01  1.000000e-07
 10  11  0  0  0  3  8.019644e-02  1.000000e-07
 10  19  0  0  1  3  2.347798e-01  1.000000e-07
 10  16  0  0  1  3  3.729395e-01  1.000000e-07
 10  20  0  0  1  3  2.549718e-01  1.000000e-07
 10  18  0  0  1  3  4.552764e-01  1.000000e-07
 17  7  0  0  1  3  4.353026e-01  1.000000e-07
 11  88 -1  0  0  3  4.429290e-01  1.000000e-07
 11  20  0  0  1  3  3.113031e-01  1.000000e-07
 12  14  0  0  0  3  2.184211e-01  1.000000e-07
 12  69  0  0  0  3  3.360392e-01  1.000000e-07
 12  15  0  0  0  3  2.928419e-01  1.000000e-07
 12  21  0 -1  0  3  4.531455e-01  1.000000e-07
 12  76  0 -1  0  3  4.687990e-01  1.000000e-07
 13  14  0  0  0  3  2.424093e-01  1.000000e-07
 13  81  1 -1  0  3  3.971315e-01  1.000000e-07
 13  56  1  0  0  3  3.173538e-01  1.000000e-07
 13  15  0  0  0  3  1.384500e-01  1.000000e-07
 13  16  1  0  0  3  3.120469e-01  1.000000e-07
 13  82  0  0  0  3  3.888950e-01  1.000000e-07
 14  81  1 -1  0  3  3.990911e-01  1.000000e-07
 14  56  1  0  0  3  3.961109e-01  1.000000e-07
 14  69  0  0  0  3  3.102061e-01  1.000000e-07
 14  21  0 -1  0  3  4.507045e-01  1.000000e-07
 14  82  0  0  0  3  2.870106e-01  1.000000e-07
 19  81  0  0  0  3  2.202409e-01  1.000000e-07
 19  7  0  0  0  3  1.604183e-01  1.000000e-07
 19  16  0  0  0  3  3.322550e-01  1.000000e-07
 19  20  0  0  0  3  8.484307e-02  1.000000e-07
 19  1  0  0  0  3  2.550539e-01  1.000000e-07
 19  76 -1  0  0  3  3.451595e-01  1.000000e-07
 19  84  0  0  0  3  2.871386e-01  1.000000e-07
 81  56  0  1  0  3  4.025890e-01  1.000000e-07
 81  31  0  0  0  3  1.362702e-01  1.000000e-07
 81  15 -1  1  0  3  4.025961e-01  1.000000e-07
 81  18  0  1  0  3  4.552003e-01  1.000000e-07
 81  1  0  0  0  3  1.967648e-01  1.000000e-07
 81  76 -1  0  0  3  2.466244e-01  1.000000e-07
 56  18  0  0  0  3  2.783314e-01  1.000000e-07
 31  56  0  1  0  3  3.738167e-01  1.000000e-07
 31  53  0  0  0  3  4.233078e-01  1.000000e-07
 31  32  0  1  0  3  4.217391e-01  1.000000e-07
 69  18  1  0  0  3  4.343079e-01  1.000000e-07
 69  53  0  0  0  3  4.058476e-01  1.000000e-07
 69  32  0  0  0  3  3.161638e-01  1.000000e-07
 69  84  0  0  0  3  4.598265e-01  1.000000e-07
 15  16  1  0  0  3  3.930980e-01  1.000000e-07
 15  82  0  0  0  3  3.242996e-01  1.000000e-07
 15  76  0 -1  0  3  4.078445e-01  1.000000e-07
 15  83  0  0  0  3  3.653681e-01  1.000000e-07
 7  20  0  0  0  3  1.904298e-01  1.000000e-07
 7  18  0  1  0  3  4.870562e-01  1.000000e-07
 7  53  0  0  0  3  4.133636e-01  1.000000e-07
 7  84  0  0  0  3  3.465218e-01  1.000000e-07
 16  22 -1  0 -1  3  4.579320e-01  1.000000e-07
 16  20  0  0  0  3  3.149555e-01  1.000000e-07
 16  18  0  0  0  3  1.689198e-01  1.000000e-07
 16  53  0  0  0  3  3.222366e-01  1.000000e-07
 20  1  0  0  0  3  2.750459e-01  1.000000e-07
 20  21  0  0  0  3  4.060404e-01  1.000000e-07
 20  84  0  0  0  3  2.299254e-01  1.000000e-07
 18  83  0  0  0  3  4.909575e-01  1.000000e-07
 1  21  0  0  0  3  5.173556e-01  1.000000e-07
 1  53  0  0  0  3  2.638361e-01  1.000000e-07
 1  76 -1  0  0  3  2.886086e-01  1.000000e-07
 1  84  0  0  0  3  2.647660e-01  1.000000e-07
 21  53  0  0  0  3  4.339894e-01  1.000000e-07
 21  76  0  0  0  3  2.896567e-01  1.000000e-07
 21  84  0  0  0  3  3.893989e-01  1.000000e-07
 53  32  0  0  0  3  3.090515e-01  1.000000e-07
 53  84  0  0  0  3  1.399254e-01  1.000000e-07
 82  32  0  0  0  3  2.196341e-01  1.000000e-07
 82  83  0  0  0  3  1.076126e-01  1.000000e-07
 32  83  0  0  0  3  2.092984e-01  1.000000e-07
 32  84  0  0  0  3  3.666139e-01  1.000000e-07
 83  84  0  0  0  3  4.205939e-01  1.000000e-07
 26  63  0  0  0  3  2.063345e-01  1.000000e-07
 52  69  0  0  0  3  1.484838e-01  1.000000e-07
 66  64  0  0  0  3  2.324192e-01  1.000000e-07
 67  32  0  0  0  3  1.700138e-01  1.000000e-07
 66  29  0  0  0  3  2.422208e-01  1.000000e-07
 30  53  0  0  0  3  1.797197e-01  1.000000e-07
 26  57  0  0  0  3  3.193331e-01  1.000000e-07
 40  56  1  0  0  3  3.070496e-01  1.000000e-07
 2  59  0  0  0  3  2.368998e-01  1.000000e-07
 55  12  0  0  0  3  1.367231e-01  1.000000e-07
 4  73  0  0  0  3  3.183060e-01  1.000000e-07
 49  31  0 -1  0  3  1.854602e-01  1.000000e-07
 4  65  0  0  0  3  2.799865e-01  1.000000e-07
 27  56  0  0  0  3  1.989926e-01  1.000000e-07
 24  74  0 -1  0  3  2.736850e-01  1.000000e-07
 35  31  0  0  0  3  1.493364e-01  1.000000e-07
 85  33  0  0  0  3  3.431515e-01  1.000000e-07
 45  31  0  0  0  3  2.557829e-01  1.000000e-07
 85  68  0  0  0  3  2.888804e-01  1.000000e-07
 78  32  0  0  0  3  2.318645e-01  1.000000e-07
 26  72  0  0  0  3  2.180001e-01  1.000000e-07
 40  76  0  0  0  3  2.675411e-01  1.000000e-07
 4  64  0  0  0  3  2.565902e-01  1.000000e-07
 55  32  0  0  0  3  1.609818e-01  1.000000e-07
 11  58  0  0  0  3  3.922808e-01  1.000000e-07
 50  56  0  0  0  3  2.334215e-01  1.000000e-07
 85  70  0  0  0  3  3.557158e-01  1.000000e-07
 77  12  0  1  0  3  2.411844e-01  1.000000e-07
 0  87  0  0  0  3  1.898051e-01  1.000000e-07
 49  31  0 -1  0  3  1.756919e-01  1.000000e-07
 88  36  0  0  0  3  3.004237e-01  1.000000e-07
 62  14  0  0  0  3  2.044876e-01  1.000000e-07
 31  73  0  1  0  3  2.038034e-01  1.000000e-07
 54  2  0  0  0  3  3.212140e-01  1.000000e-07
 0  87  0  0  0  3  1.803799e-01  1.000000e-07
 60  15 -1  0  0  3  2.747310e-01  1.000000e-07
 6  86  0  1  0  3  3.506550e-01  1.000000e-07
 55  12  0  0  0  3  1.488745e-01  1.000000e-07
 0  74  0 -1  0  3  2.010522e-01  1.000000e-07
 35  76 -1  0  0  3  2.897448e-01  1.000000e-07
 88  42  1  0  0  3  3.877134e-01  1.000000e-07
 61  1  0  0  0  3  2.658948e-01  1.000000e-07
 2  59  0  0  0  3  3.194462e-01  1.000000e-07
 78  69  0  0  0  3  1.850338e-01  1.000000e-07
 0  89 -1  0  0  3  1.964813e-01  1.000000e-07
 62  14  0  0  0  3  2.095544e-01  1.000000e-07
 66  46  0  0  0  3  2.303443e-01  1.000000e-07
 28  56  0  0  0  3  1.908767e-01  1.000000e-07
 11  71  0  0  0  3  2.974810e-01  1.000000e-07
 61  1  0  0  0  3  1.684640e-01  1.000000e-07
 6  75  0  0  0  3  3.671383e-01  1.000000e-07
 39  76  0  0  0  3  2.667919e-01  1.000000e-07
 17  55  0  1  0  3  3.284939e-01  1.000000e-07
 86  12  0  0  0  3  1.615879e-01  1.000000e-07
 30  52  0  0  0  2  2.941100e-01  2.000000e-07
 30  64  0  0  0  2  1.670792e-01  2.000000e-07
 30  67  0  0  0  2  1.933208e-01  2.000000e-07
 30  44  0  0  0  2  1.713818e-01  2.000000e-07
 30  27  0  0  0  2  2.318171e-01  2.000000e-07
 30  45  0  0  0  2  2.529278e-01  2.000000e-07
 30  65  0  0  0  2  2.799673e-01  2.000000e-07
 30  58  0  0  0  2  2.071218e-01  2.000000e-07
 30  63  0  0  0  2  3.570743e-01  2.000000e-07
 30  59  0  0  0  2  2.681217e-01  2.000000e-07
 30  46  0  0  0  2  1.796080e-01  2.000000e-07
 30  47  0  0  0  2  2.029018e-01  2.000000e-07
 30  60  0  0  0  2  3.717566e-01  2.000000e-07
 30  61  0  0  0  2  2.819643e-01  2.000000e-07
 30  29  0  0  0  2  5.173317e-02  2.000000e-07
 30  51  0  0  0  2  4.180110e-01  2.000000e-07
 71  35  0  0  0  2  7.323703e-02  2.000000e-07
 71  44  0  0  0  2  2.071742e-01  2.000000e-07
 71  72 -1  0  0  2  4.488530e-01  2.000000e-07
 71  41 -1  0  0  2  3.803612e-01  2.000000e-07
 71  34  0  0  0  2  2.900663e-01  2.000000e-07
 71  73  0  1  0  2  2.769271e-01  2.000000e-07
 71  87  0  1  0  2  3.017346e-01  2.000000e-07
 71  79 -1  0  0  2  3.138163e-01  2.000000e-07
 71  61  0  0  0  2  9.028448e-02  2.000000e-07
 71  42  0  0  0  2  2.152529e-01  2.000000e-07
 71  49  0  1  0  2  3.609307e-01  2.000000e-07
 71  51  0  0  0  2  4.183095e-01  2.000000e-07
 71  50  0  0  0  2  3.742127e-01  2.000000e-07
 71  89 -1  1  0  2  5.064461e-01  2.000000e-07
 57  52  0  0  0  2  1.444922e-01  2.000000e-07
 57  78  0  0  0  2  2.411128e-01  2.000000e-07
 57  64  0  0  0  2  3.803940e-01  2.000000e-07
 57  68  0  0  0  2  2.898334e-01  2.000000e-07
 57  72  0  0  0  2  2.926733e-01  2.000000e-07
 57  58  1  0  0  2  3.721066e-01  2.000000e-07
 57  63  0  0  0  2  1.050529e-01  2.000000e-07
 57  40  0  0  0  2  1.713406e-01  2.000000e-07
 57  28  1  0  0  2  4.386286e-01  2.000000e-07
 57  59  0  0  0  2  3.160590e-01  2.000000e-07
 57  60  1  0  0  2  3.070797e-01  2.000000e-07
 57  42  1  0  0  2  3.105779e-01  2.000000e-07
 57  36  0  0  0  2  1.198198e-01  2.000000e-07
 57  50  1  0  0  2  4.065354e-01  2.000000e-07
 57  86  0  0  0  2  3.865937e-01  2.000000e-07
 57  89  0  0  0  2  3.461122e-01  2.000000e-07
 57  62  0  0  0  2  2.745627e-01  2.000000e-07
 52  78  0  0  0  2  1.158433e-01  2.000000e-07
 52  64  0  0  0  2  2.991239e-01  2.000000e-07
 52  45  0  0  0  2  3.399732e-01  2.000000e-07
 52  72  0  0  0  2  2.397300e-01  2.000000e-07
 52  63  0  0  0  2  6.334505e-02  2.000000e-07
 52  40  0  0  0  2  1.845764e-01  2.000000e-07
 52  59  0  0  0  2  2.798750e-01  2.000000e-07
 52  46  1  0  0  2  5.549393e-01  2.000000e-07
 52  39  0  0  0  2  3.210459e-01  2.000000e-07
 52  37  0  0  0  2  3.121356e-01  2.000000e-07
 52  77  0  0  0  2  3.440645e-01  2.000000e-07
 52  47  0  0  0  2  9.153421e-02  2.000000e-07
 52  79  0  0  0  2  3.921263e-01  2.000000e-07
 52  60  1  0  0  2  4.505361e-01  2.000000e-07
 52  36  0  0  0  2  1.970024e-01  2.000000e-07
 52  75  0  0  0  2  3.439507e-01  2.000000e-07
 78  68  0  0  0  2  4.954486e-02  2.000000e-07
 78  72  0  0  0  2  3.248028e-01  2.000000e-07
 78  63  0  0  0  2  1.790991e-01  2.000000e-07
 78  34  0  0  0  2  3.543562e-01  2.000000e-07
 78  59  0  0  0  2  2.140856e-01  2.000000e-07
 78  46  0  0  0  2  3.554713e-01  2.000000e-07
 78  70  0 -1  0  2  5.481411e-01  2.000000e-07
 78  47  0  0  0  2  2.712153e-02  2.000000e-07
 78  36  0  0  0  2  2.423248e-01  2.000000e-07
 78  51  0  0  0  2  3.449312e-01  2.000000e-07
 78  86  0  0  0  2  3.958682e-01  2.000000e-07
 78  62  0  0  0  2  3.828333e-01  2.000000e-07
 35  44  0  0  0  2  2.571385e-01  2.000000e-07
 35  45  0  0  0  2  2.355324e-01  2.000000e-07
 35  72 -1  0  0  2  4.783453e-01  2.000000e-07
 35  33  0  0  0  2  1.661757e-01  2.000000e-07
 35  34  0  0  0  2  2.746208e-01  2.000000e-07
 35  73  0  1  0  2  2.036947e-01  2.000000e-07
 35  46  0  0  0  2  4.605522e-01  2.000000e-07
 35  70  0  0  0  2  3.136339e-01  2.000000e-07
 35  74  0  0  0  2  3.653904e-02  2.000000e-07
 35  47  0  0  0  2  5.212738e-01  2.000000e-07
 35  79 -1  0  0  2  3.267858e-01  2.000000e-07
 35  49  0  1  0  2  2.899401e-01  2.000000e-07
 35  50  0  0  0  2  4.453680e-01  2.000000e-07
 64  55  0  0  0  2  1.717498e-01  2.000000e-07
 64  67  0  0  0  2  1.472826e-01  2.000000e-07
 64  27  0  0  0  2  1.656406e-01  2.000000e-07
 64  68  0  0  0  2  1.676050e-01  2.000000e-07
 64  65  0  0  0  2  2.345017e-01  2.000000e-07
 64  63  0  0  0  2  3.572304e-01  2.000000e-07
 64  59  0  0  0  2  1.166047e-01  2.000000e-07
 64  77  0 -1  0  2  4.897837e-01  2.000000e-07
 64  47  0  0  0  2  2.231928e-01  2.000000e-07
 64  54  0  0  0  2  1.960248e-01  2.000000e-07
 64  29  0  0  0  2  1.999726e-01  2.000000e-07
 64  86  0  0  0  2  3.101090e-01  2.000000e-07
 64  89  0  0  0  2  4.104767e-01  2.000000e-07
 64  62  0  0  0  2  3.818864e-01  2.000000e-07
 55  33  0 -1  0  2  2.444659e-01  2.000000e-07
 55  65  0  0  0  2  2.083773e-01  2.000000e-07
 55  73  0  0  0  2  1.777767e-01  2.000000e-07
 55  59  0  0  0  2  1.766612e-01  2.000000e-07
 55  46  0  0  0  2  3.240173e-01  2.000000e-07
 55  87  0  0  0  2  3.241313e-01  2.000000e-07
 55  77  0 -1  0  2  3.491612e-01  2.000000e-07
 55  74  0 -1  0  2  3.430143e-01  2.000000e-07
 55  48  0  0  0  2  2.386113e-01  2.000000e-07
 55  49  0  0  0  2  2.172629e-01  2.000000e-07
 55  54  0  0  0  2  8.838921e-02  2.000000e-07
 55  43  0 -1  0  2  4.317670e-01  2.000000e-07
 55  80  0 -1  0  2  4.008800e-01  2.000000e-07
 67  68  0  0  0  2  2.757637e-01  2.000000e-07
 67  65  0  0  0  2  9.431691e-02  2.000000e-07
 67  58  0  0  0  2  2.039105e-01  2.000000e-07
 67  28  0  0  0  2  1.219553e-01  2.000000e-07
 67  73  0  0  0  2  2.370618e-01  2.000000e-07
 67  60  0  0  0  2  2.435144e-01  2.000000e-07
 67  49  0  0  0  2  1.751651e-01  2.000000e-07
 67  54  0  0  0  2  1.354123e-01  2.000000e-07
 67  29  0  0  0  2  1.870778e-01  2.000000e-07
 67  50  0  0  0  2  1.555839e-01  2.000000e-07
 44  45  0  0  0  2  1.129234e-01  2.000000e-07
 44  68  0  0  0  2  2.442417e-01  2.000000e-07
 44  58  0  0  0  2  2.397526e-01  2.000000e-07
 44  63  0  0  0  2  4.140542e-01  2.000000e-07
 44  28  0  0  0  2  2.550802e-01  2.000000e-07
 44  34  0  0  0  2  2.423619e-01  2.000000e-07
 44  46  0  0  0  2  2.599069e-01  2.000000e-07
 44  61  0  0  0  2  1.269976e-01  2.000000e-07
 44  42  0  0  0  2  2.672084e-01  2.000000e-07
 44  29  0  0  0  2  1.555453e-01  2.000000e-07
 44  51  0  0  0  2  3.365065e-01  2.000000e-07
 44  50  0  0  0  2  2.500482e-01  2.000000e-07
 38  72  0  0  0  2  7.312614e-02  2.000000e-07
 38  41  0  0  0  2  1.000898e-01  2.000000e-07
 38  63  0  0  0  2  2.813295e-01  2.000000e-07
 38  40  0  0  0  2  2.072644e-01  2.000000e-07
 38  39  0  0  0  2  2.434701e-02  2.000000e-07
 38  77  0  0  0  2  1.402519e-01  2.000000e-07
 38  43  0  0  0  2  1.579501e-01  2.000000e-07
 38  51  0  0  0  2  1.228690e-01  2.000000e-07
 38  89  0  1  0  2  3.011254e-01  2.000000e-07
 27  65  0  0  0  2  6.909178e-02  2.000000e-07
 27  59  0  0  0  2  2.570851e-01  2.000000e-07
 27  46  0  0  0  2  1.663547e-01  2.000000e-07
 27  47  0  0  0  2  3.749851e-01  2.000000e-07
 27  60  0  0  0  2  2.368296e-01  2.000000e-07
 27  48  0  0  0  2  1.370141e-01  2.000000e-07
 45  33  0  0  0  2  1.876161e-01  2.000000e-07
 45  63  0  0  0  2  3.812688e-01  2.000000e-07
 45  40  0  0  0  2  4.298070e-01  2.000000e-07
 45  73  0  1  0  2  3.657260e-01  2.000000e-07
 45  46  0  0  0  2  3.710559e-01  2.000000e-07
 45  39  0  0  0  2  3.372416e-01  2.000000e-07
 45  77  0  0  0  2  2.377924e-01  2.000000e-07
 45  74  0  0  0  2  2.710964e-01  2.000000e-07
 45  47  0  0  0  2  2.902319e-01  2.000000e-07
 45  61  0  0  0  2  1.761083e-01  2.000000e-07
 45  75  0  0  0  2  3.821393e-01  2.000000e-07
 45  51  0  0  0  2  2.319254e-01  2.000000e-07
 68  63  0  0  0  2  2.277859e-01  2.000000e-07
 68  28  0  0  0  2  2.855486e-01  2.000000e-07
 68  34  0  0  0  2  3.520990e-01  2.000000e-07
 68  59  0  0  0  2  2.118656e-01  2.000000e-07
 68  46  0  0  0  2  3.062432e-01  2.000000e-07
 68  70  0 -1  0  2  5.411788e-01  2.000000e-07
 68  49  0  0  0  2  4.477780e-01  2.000000e-07
 68  54  0  0  0  2  3.608527e-01  2.000000e-07
 68  29  0  0  0  2  1.833793e-01  2.000000e-07
 68  51  0  0  0  2  3.606272e-01  2.000000e-07
 68  50  0  0  0  2  3.105758e-01  2.000000e-07
 68  86  0  0  0  2  4.061971e-01  2.000000e-07
 68  62  0  0  0  2  4.119035e-01  2.000000e-07
 72  41  0  0  0  2  1.423655e-01  2.000000e-07
 72  63  0  0  0  2  2.101624e-01  2.000000e-07
 72  34  0  0  0  2  2.773641e-01  2.000000e-07
 72  46  1  0  0  2  5.760224e-01  2.000000e-07
 72  70  0  0  0  2  2.979225e-01  2.000000e-07
 72  47  0  0  0  2  2.983368e-01  2.000000e-07
 72  79  0  0  0  2  1.701730e-01  2.000000e-07
 72  42  1  0  0  2  3.370695e-01  2.000000e-07
 72  36  0  0  0  2  4.012957e-01  2.000000e-07
 72  75  0  0  0  2  1.057480e-01  2.000000e-07
 72  51  0  0  0  2  1.560728e-01  2.000000e-07
 72  50  1  0  0  2  5.610187e-01  2.000000e-07
 72  86  0  1  0  2  3.623879e-01  2.000000e-07
 72  89  0  1  0  2  3.695125e-01  2.000000e-07
 72  62  0  1  0  2  4.408522e-01  2.000000e-07
 33  34  0  0  0  2  1.406481e-01  2.000000e-07
 33  73  0  1  0  2  1.884840e-01  2.000000e-07
 33  70  0  0  0  2  1.480467e-01  2.000000e-07
 33  77  0  0  0  2  2.353540e-01  2.000000e-07
 33  74  0  0  0  2  1.838087e-01  2.000000e-07
 33  47  0  0  0  2  4.629320e-01  2.000000e-07
 33  48  0  1  0  2  3.332893e-01  2.000000e-07
 33  49  0  1  0  2  2.997847e-01  2.000000e-07
 33  75  0  0  0  2  3.954320e-01  2.000000e-07
 33  80  0  0  0  2  3.665758e-01  2.000000e-07
 41  63  0  0  0  2  3.437850e-01  2.000000e-07
 41  40  0  0  0  2  2.398419e-01  2.000000e-07
 41  73  1  1  0  2  4.809574e-01  2.000000e-07
 41  39  0  0  0  2  1.067150e-01  2.000000e-07
 41  87  1  1  0  2  3.498013e-01  2.000000e-07
 41  37  0  0  0  2  7.216101e-02  2.000000e-07
 41  74  1  0  0  2  3.678968e-01  2.000000e-07
 41  79  0  0  0  2  6.716753e-02  2.000000e-07
 41  61  1  0  0  2  4.337333e-01  2.000000e-07
 41  42  1  0  0  2  3.430261e-01  2.000000e-07
 41  49  1  1  0  2  4.739414e-01  2.000000e-07
 41  43  0  0  0  2  9.452244e-02  2.000000e-07
 41  86  0  1  0  2  2.797553e-01  2.000000e-07
 41  89  0  1  0  2  2.446576e-01  2.000000e-07
 65  58  0  0  0  2  2.230603e-01  2.000000e-07
 65  46  0  0  0  2  1.662504e-01  2.000000e-07
 65  87  0  0  0  2  2.036540e-01  2.000000e-07
 65  60  0  0  0  2  1.755508e-01  2.000000e-07
 65  48  0  0  0  2  7.405989e-02  2.000000e-07
 65  54  0  0  0  2  1.262309e-01  2.000000e-07
 65  29  0  0  0  2  2.633678e-01  2.000000e-07
 58  28  0  0  0  2  8.398241e-02  2.000000e-07
 58  60  0  0  0  2  2.040802e-01  2.000000e-07
 58  61  0  0  0  2  2.587040e-01  2.000000e-07
 58  42  0  0  0  2  2.008464e-01  2.000000e-07
 58  29  0  0  0  2  1.575005e-01  2.000000e-07
 58  50  0  0  0  2  4.846685e-02  2.000000e-07
 58  62 -1  0  0  2  4.607508e-01  2.000000e-07
 63  40  0  0  0  2  1.272026e-01  2.000000e-07
 63  59  0  0  0  2  3.251833e-01  2.000000e-07
 63  77  0  0  0  2  3.455533e-01  2.000000e-07
 63  42  1  0  0  2  3.433980e-01  2.000000e-07
 63  29  0  0  0  2  4.062196e-01  2.000000e-07
 63  51  0  0  0  2  3.091966e-01  2.000000e-07
 40  46  1  0  0  2  4.527585e-01  2.000000e-07
 40  39  0  0  0  2  2.308206e-01  2.000000e-07
 40  37  0  0  0  2  1.906485e-01  2.000000e-07
 40  77  0  0  0  2  3.160480e-01  2.000000e-07
 40  74  1  0  0  2  4.552266e-01  2.000000e-07
 40  79  0  0  0  2  2.286411e-01  2.000000e-07
 40  60  1  0  0  2  4.147878e-01  2.000000e-07
 40  61  1  0  0  2  4.143262e-01  2.000000e-07
 40  42  1  0  0  2  2.439436e-01  2.000000e-07
 40  51  0  0  0  2  2.833159e-01  2.000000e-07
 28  60  0  0  0  2  2.110050e-01  2.000000e-07
 28  49  0  0  0  2  2.480075e-01  2.000000e-07
 28  29  0  0  0  2  1.233919e-01  2.000000e-07
 28  50  0  0  0  2  3.611750e-02  2.000000e-07
 28  62 -1  0  0  2  4.852416e-01  2.000000e-07
 34  73  0  1  0  2  3.257533e-01  2.000000e-07
 34  46  0  0  0  2  4.992582e-01  2.000000e-07
 34  70  0  0  0  2  1.133417e-01  2.000000e-07
 34  47  0  0  0  2  3.416262e-01  2.000000e-07
 34  75  0  0  0  2  2.800560e-01  2.000000e-07
 34  51  0  0  0  2  1.291451e-01  2.000000e-07
 73  87  0  0  0  2  1.627262e-01  2.000000e-07
 73  70  0 -1  0  2  2.880840e-01  2.000000e-07
 73  77  0 -1  0  2  3.981648e-01  2.000000e-07
 73  74  0 -1  0  2  1.841492e-01  2.000000e-07
 73  60  0  0  0  2  3.028585e-01  2.000000e-07
 73  61  0 -1  0  2  3.556294e-01  2.000000e-07
 73  49  0  0  0  2  1.113304e-01  2.000000e-07
 73  54  0  0  0  2  1.211080e-01  2.000000e-07
 73  51  0 -1  0  2  4.270500e-01  2.000000e-07
 73  86  0  0  0  2  4.020523e-01  2.000000e-07
 73  89 -1  0  0  2  4.636255e-01  2.000000e-07
 73  62 -1  0  0  2  4.733751e-01  2.000000e-07
 59  46  0  0  0  2  3.635759e-01  2.000000e-07
 59  70  0 -1  0  2  3.341645e-01  2.000000e-07
 59  77  0 -1  0  2  4.138550e-01  2.000000e-07
 59  47  0  0  0  2  2.342915e-01  2.000000e-07
 59  60  1  0  0  2  5.084890e-01  2.000000e-07
 59  36  0  0  0  2  2.262204e-01  2.000000e-07
 59  49  0  0  0  2  3.686637e-01  2.000000e-07
 59  43  0 -1  0  2  3.968443e-01  2.000000e-07
 59  80  0 -1  0  2  3.994843e-01  2.000000e-07
 59  86  0  0  0  2  2.028108e-01  2.000000e-07
 59  89  0  0  0  2  2.940819e-01  2.000000e-07
 46  74  0  0  0  2  4.895007e-01  2.000000e-07
 46  47  0  0  0  2  3.790777e-01  2.000000e-07
 46  79 -1  0  0  2  5.500769e-01  2.000000e-07
 46  60  0  0  0  2  1.951445e-01  2.000000e-07
 46  61  0  0  0  2  3.045669e-01  2.000000e-07
 46  48  0  0  0  2  2.252081e-01  2.000000e-07
 46  36 -1  0  0  2  4.558690e-01  2.000000e-07
 46  49  0  0  0  2  2.503282e-01  2.000000e-07
 46  50  0  0  0  2  1.697492e-02  2.000000e-07
 39  37  0  0  0  2  5.930437e-02  2.000000e-07
 39  77  0  0  0  2  1.210244e-01  2.000000e-07
 39  75  0  0  0  2  4.489977e-02  2.000000e-07
 39  43  0  0  0  2  1.491355e-01  2.000000e-07
 39  80  0  0  0  2  8.019516e-02  2.000000e-07
 87  74  0 -1  0  2  2.068738e-01  2.000000e-07
 87  79 -1 -1  0  2  3.168289e-01  2.000000e-07
 87  60  0  0  0  2  2.116073e-01  2.000000e-07
 87  61  0 -1  0  2  3.920003e-01  2.000000e-07
 87  48  0  0  0  2  1.296256e-01  2.000000e-07
 87  36 -1  0  0  2  4.277294e-01  2.000000e-07
 87  43 -1 -1  0  2  3.202981e-01  2.000000e-07
 87  80 -1 -1  0  2  3.975173e-01  2.000000e-07
 87  89 -1  0  0  2  3.008999e-01  2.000000e-07
 37  74  1  0  0  2  4.220223e-01  2.000000e-07
 37  79  0  0  0  2  1.160199e-01  2.000000e-07
 37  61  1  0  0  2  4.628560e-01  2.000000e-07
 37  43  0  0  0  2  1.497175e-01  2.000000e-07
 37  80  0  0  0  2  1.072697e-01  2.000000e-07
 70  55  0  1  0  2  2.409676e-01  2.000000e-07
 70  48  0  1  0  2  4.209528e-01  2.000000e-07
 70  36  0  1  0  2  4.777319e-01  2.000000e-07
 70  49  0  1  0  2  3.893171e-01  2.000000e-07
 70  75  0  0  0  2  2.582305e-01  2.000000e-07
 70  54  0  1  0  2  2.990569e-01  2.000000e-07
 70  80  0  0  0  2  2.211087e-01  2.000000e-07
 70  51  0  0  0  2  1.468627e-01  2.000000e-07
 70  86  0  1  0  2  2.175341e-01  2.000000e-07
 77  74  0  0  0  2  4.135442e-01  2.000000e-07
 77  61  0  0  0  2  4.020374e-01  2.000000e-07
 77  54  0  1  0  2  4.119441e-01  2.000000e-07
 77  43  0  0  0  2  2.274999e-01  2.000000e-07
 77  80  0  0  0  2  1.497719e-01  2.000000e-07
 77  51  0  0  0  2  3.640912e-02  2.000000e-07
 77  86  0  1  0  2  2.491630e-01  2.000000e-07
 77  89  0  1  0  2  3.243286e-01  2.000000e-07
 74  79 -1  0  0  2  3.068123e-01  2.000000e-07
 74  61  0  0  0  2  1.881900e-01  2.000000e-07
 74  48  0  1  0  2  2.888594e-01  2.000000e-07
 74  43 -1  0  0  2  3.918558e-01  2.000000e-07
 47  36  0  0  0  2  2.375819e-01  2.000000e-07
 47  75  0  0  0  2  3.956066e-01  2.000000e-07
 79  48  1  1  0  2  4.461807e-01  2.000000e-07
 79  36  0  0  0  2  5.173979e-01  2.000000e-07
 79  36  0  1  0  2  5.125926e-01  2.000000e-07
 79  75  0  0  0  2  1.231970e-01  2.000000e-07
 79  43  0  0  0  2  1.406644e-01  2.000000e-07
 79  80  0  0  0  2  1.619402e-01  2.000000e-07
 79  50  1  0  0  2  5.333845e-01  2.000000e-07
 79  86  0  1  0  2  3.358775e-01  2.000000e-07
 79  89  0  1  0  2  2.781502e-01  2.000000e-07
 79  62  0  1  0  2  3.461710e-01  2.000000e-07
 60  61  0  0  0  2  4.536568e-01  2.000000e-07
 60  48  0  0  0  2  1.604387e-01  2.000000e-07
 60  42  0  0  0  2  3.360359e-01  2.000000e-07
 60  36 -1  0  0  2  3.009027e-01  2.000000e-07
 60  49  0  0  0  2  1.931483e-01  2.000000e-07
 60  43 -1 -1  0  2  4.158432e-01  2.000000e-07
 60  89 -1  0  0  2  3.129226e-01  2.000000e-07
 60  62 -1  0  0  2  2.759490e-01  2.000000e-07
 61  42  0  0  0  2  1.833624e-01  2.000000e-07
 61  43 -1  0  0  2  4.918360e-01  2.000000e-07
 61  29  0  0  0  2  2.498501e-01  2.000000e-07
 61  51  0  0  0  2  4.025181e-01  2.000000e-07
 48  35  0 -1  0  2  3.186984e-01  2.000000e-07
 48  36 -1  0  0  2  4.467960e-01  2.000000e-07
 48  49  0  0  0  2  3.350472e-02  2.000000e-07
 48  80 -1 -1  0  2  5.161880e-01  2.000000e-07
 42  38 -1  0  0  2  3.806711e-01  2.000000e-07
 42  37 -1  0  0  2  3.451562e-01  2.000000e-07
 42  43 -1  0  0  2  4.254238e-01  2.000000e-07
 42  50  0  0  0  2  2.488033e-01  2.000000e-07
 36  49  1  0  0  2  4.750582e-01  2.000000e-07
 36  43  0 -1  0  2  3.861788e-01  2.000000e-07
 36  80  0 -1  0  2  4.308935e-01  2.000000e-07
 36  50  1  0  0  2  4.507316e-01  2.000000e-07
 36  86  0  0  0  2  2.668850e-01  2.000000e-07
 36  62  0  0  0  2  1.664232e-01  2.000000e-07
 49  79 -1 -1  0  2  4.394616e-01  2.000000e-07
 49  54  0  0  0  2  1.300859e-01  2.000000e-07
 49  50  0  0  0  2  2.651709e-01  2.000000e-07
 49  89 -1  0  0  2  4.008517e-01  2.000000e-07
 49  62 -1  0  0  2  3.962868e-01  2.000000e-07
 75  43  0  0  0  2  1.170058e-01  2.000000e-07
 75  80  0  0  0  2  6.823102e-02  2.000000e-07
 54  51  0 -1  0  2  4.459147e-01  2.000000e-07
 54  50  0  0  0  2  2.834961e-01  2.000000e-07
 54  86  0  0  0  2  3.404035e-01  2.000000e-07
 43  80  0  0  0  2  7.900635e-02  2.000000e-07
 43  86  0  1  0  2  1.963534e-01  2.000000e-07
 43  89  0  1  0  2  1.511708e-01  2.000000e-07
 51  86  0  1  0  2  2.802009e-01  2.000000e-07
 50  62 -1  0  0  2  4.684027e-01  2.000000e-07
 86  38  0 -1  0  2  2.894067e-01  2.000000e-07
 86  89  0  0  0  2  1.389064e-01  2.000000e-07
 86  62  0  0  0  2  1.652563e-01  2.000000e-07
 89  62  0  0  0  2  7.161312e-02  2.000000e-07
 30  64  0  0  0  1  1.670792e-01  3.000000e-07
 30  67  0  0  0  1  1.933208e-01  3.000000e-07
 30  44  0  0  0  1  1.713818e-01  3.000000e-07
 30  68  0  0  0  1  1.321976e-01  3.000000e-07
 30  29  0  0  0  1  5.173317e-02  3.000000e-07
 71  35  0  0  0  1  7.323703e-02  3.000000e-07
 71  45  0  0  0  1  2.172507e-01  3.000000e-07
 71  74  0  0  0  1  9.979951e-02  3.000000e-07
 71  79 -1  0  0  1  3.138163e-01  3.000000e-07
 71  61  0  0  0  1  9.028448e-02  3.000000e-07
 71  42  0  0  0  1  2.152529e-01  3.000000e-07
 57  52  0  0  0  1  1.444922e-01  3.000000e-07
 57  63  0  0  0  1  1.050529e-01  3.000000e-07
 57  40  0  0  0  1  1.713406e-01  3.000000e-07
 57  60  1  0  0  1  3.070797e-01  3.000000e-07
 57  42  1  0  0  1  3.105779e-01  3.000000e-07
 57  36  0  0  0  1  1.198198e-01  3.000000e-07
 52  78  0  0  0  1  1.158433e-01  3.000000e-07
 52  72  0  0  0  1  2.397300e-01  3.000000e-07
 52  63  0  0  0  1  6.334505e-02  3.000000e-07
 52  47  0  0  0  1  9.153421e-02  3.000000e-07
 52  36  0  0  0  1  1.970024e-01  3.000000e-07
 78  59  0  0  0  1  2.140856e-01  3.000000e-07
 35  45  0  0  0  1  2.355324e-01  3.000000e-07
 35  33  0  0  0  1  1.661757e-01  3.000000e-07
 64  55  0  0  0  1  1.717498e-01  3.000000e-07
 64  67  0  0  0  1  1.472826e-01  3.000000e-07
 64  59  0  0  0  1  1.166047e-01  3.000000e-07
 55  27  0  0  0  1  1.629026e-01  3.000000e-07
 55  73  0  0  0  1  1.777767e-01  3.000000e-07
 55  70  0 -1  0  1  2.409676e-01  3.000000e-07
 55  54  0  0  0  1  8.838921e-02  3.000000e-07
 55  86  0  0  0  1  2.521849e-01  3.000000e-07
 67  65  0  0  0  1  9.431691e-02  3.000000e-07
 67  28  0  0  0  1  1.219553e-01  3.000000e-07
 67  29  0  0  0  1  1.870778e-01  3.000000e-07
 44  45  0  0  0  1  1.129234e-01  3.000000e-07
 44  68  0  0  0  1  2.442417e-01  3.000000e-07
 44  58  0  0  0  1  2.397526e-01  3.000000e-07
 44  61  0  0  0  1  1.269976e-01  3.000000e-07
 44  29  0  0  0  1  1.555453e-01  3.000000e-07
 38  72  0  0  0  1  7.312614e-02  3.000000e-07
 38  51  0  0  0  1  1.228690e-01  3.000000e-07
 27  54  0  0  0  1  1.007699e-01  3.000000e-07
 45  68  0  0  0  1  2.745502e-01  3.000000e-07
 45  33  0  0  0  1  1.876161e-01  3.000000e-07
 45  34  0  0  0  1  1.294434e-01  3.000000e-07
 45  47  0  0  0  1  2.902319e-01  3.000000e-07
 45  61  0  0  0  1  1.761083e-01  3.000000e-07
 45  51  0  0  0  1  2.319254e-01  3.000000e-07
 68  59  0  0  0  1  2.118656e-01  3.000000e-07
 68  47  0  0  0  1  7.313457e-02  3.000000e-07
 72  63  0  0  0  1  2.101624e-01  3.000000e-07
 72  40  0  0  0  1  1.371239e-01  3.000000e-07
 72  79  0  0  0  1  1.701730e-01  3.000000e-07
 72  51  0  0  0  1  1.560728e-01  3.000000e-07
 33  34  0  0  0  1  1.406481e-01  3.000000e-07
 33  73  0  1  0  1  1.884840e-01  3.000000e-07
 33  70  0  0  0  1  1.480467e-01  3.000000e-07
 33  74  0  0  0  1  1.838087e-01  3.000000e-07
 41  37  0  0  0  1  7.216101e-02  3.000000e-07
 41  79  0  0  0  1  6.716753e-02  3.000000e-07
 41  75  0  0  0  1  6.183265e-02  3.000000e-07
 41  43  0  0  0  1  9.452244e-02  3.000000e-07
 41  80  0  0  0  1  9.548654e-02  3.000000e-07
 65  28  0  0  0  1  1.612827e-01  3.000000e-07
 65  46  0  0  0  1  1.662504e-01  3.000000e-07
 65  48  0  0  0  1  7.405989e-02  3.000000e-07
 65  49  0  0  0  1  8.870698e-02  3.000000e-07
 65  54  0  0  0  1  1.262309e-01  3.000000e-07
 58  60  0  0  0  1  2.040802e-01  3.000000e-07
 58  61  0  0  0  1  2.587040e-01  3.000000e-07
 58  42  0  0  0  1  2.008464e-01  3.000000e-07
 58  29  0  0  0  1  1.575005e-01  3.000000e-07
 63  40  0  0  0  1  1.272026e-01  3.000000e-07
 40  42  1  0  0  1  2.439436e-01  3.000000e-07
 28  29  0  0  0  1  1.233919e-01  3.000000e-07
 34  70  0  0  0  1  1.133417e-01  3.000000e-07
 34  77  0  0  0  1  1.207034e-01  3.000000e-07
 34  51  0  0  0  1  1.291451e-01  3.000000e-07
 73  74  0 -1  0  1  1.841492e-01  3.000000e-07
 73  49  0  0  0  1  1.113304e-01  3.000000e-07
 73  54  0  0  0  1  1.211080e-01  3.000000e-07
 59  36  0  0  0  1  2.262204e-01  3.000000e-07
 59  86  0  0  0  1  2.028108e-01  3.000000e-07
 59  62  0  0  0  1  2.663930e-01  3.000000e-07
 46  60  0  0  0  1  1.951445e-01  3.000000e-07
 39  77  0  0  0  1  1.210244e-01  3.000000e-07
 39  80  0  0  0  1  8.019516e-02  3.000000e-07
 39  51  0  0  0  1  1.083452e-01  3.000000e-07
 87  74  0 -1  0  1  2.068738e-01  3.000000e-07
 87  48  0  0  0  1  1.296256e-01  3.000000e-07
 87  49  0  0  0  1  1.241430e-01  3.000000e-07
 87  89 -1  0  0  1  3.008999e-01  3.000000e-07
 37  79  0  0  0  1  1.160199e-01  3.000000e-07
 70  77  0  0  0  1  1.135112e-01  3.000000e-07
 70  80  0  0  0  1  2.211087e-01  3.000000e-07
 70  86  0  1  0  1  2.175341e-01  3.000000e-07
 77  80  0  0  0  1  1.497719e-01  3.000000e-07
 74  79 -1  0  0  1  3.068123e-01  3.000000e-07
 47  51  0  0  0  1  3.242473e-01  3.000000e-07
 79  42  1  0  0  1  2.848427e-01  3.000000e-07
 79  43  0  0  0  1  1.406644e-01  3.000000e-07
 60  36 -1  0  0  1  3.009027e-01  3.000000e-07
 60  50  0  0  0  1  1.989492e-01  3.000000e-07
 60  62 -1  0  0  1  2.759490e-01  3.000000e-07
 61  42  0  0  0  1  1.833624e-01  3.000000e-07
 36  62  0  0  0  1  1.664232e-01  3.000000e-07
 49  54  0  0  0  1  1.300859e-01  3.000000e-07
 75  80  0  0  0  1  6.823102e-02  3.000000e-07
 43  87  1  1  0  1  3.202981e-01  3.000000e-07
 43  86  0  1  0  1  1.963534e-01  3.000000e-07
 43  89  0  1  0  1  1.511708e-01  3.000000e-07
 80  86  0  1  0  1  1.984274e-01  3.000000e-07
 29  50  0  0  0  1  1.372115e-01  3.000000e-07
 86  89  0  0  0  1  1.389064e-01  3.000000e-07
 89  62  0  0  0  1  7.161312e-02  3.000000e-07
 62  87  1  0  0  1  3.133919e-01  3.000000e-07
-4.181516e-01 -4.076943e-01  1.548087e-01
-2.808843e-01  2.574673e-01 -1.663555e-01
 1.899107e-02 -3.099905e-01  2.258512e-01
 5.680925e-02 -2.687227e-01  3.489492e-01
-1.010149e-01 -2.780693e-01  2.459423e-01
 2.655601e-01 -1.157849e-01  4.155021e-01
 1.052693e-01  4.005779e-01  3.070147e-01
-2.047987e-01  4.117117e-01 -3.369748e-01
 1.994532e-01  2.692126e-01  4.497763e-01
-3.025348e-02 -4.200314e-01  2.978783e-01
-3.658968e-01  2.387724e-01  3.715934e-01
-3.488906e-01  2.296150e-01  2.937577e-01
 1.207573e-01 -3.585799e-01 -1.303466e-01
 4.435030e-01 -2.602690e-01 -3.583119e-01
 3.363892e-01 -3.600766e-01 -1.651091e-01
 3.836194e-01 -2.841296e-01 -2.357843e-01
-3.498940e-01 -2.656864e-02 -3.668309e-01
-2.949934e-02  3.937964e-01  2.649831e-01
-4.275121e-01 -1.644005e-01 -4.260906e-01
-2.748780e-01  2.928972e-01 -4.188652e-01
-2.052433e-01  2.458542e-01 -4.305408e-01
 1.955741e-01  2.628471e-01 -3.678876e-01
 3.754326e-01  2.813482e-01  4.345653e-01
-2.347812e-01 -7.696905e-02  3.539974e-01
-3.016590e-01 -4.398311e-01  2.626179e-01
 3.372484e-01 -2.509377e-01  4.474087e-01
 2.667438e-01  1.092078e-01  1.817893e-01
-1.505896e-01 -2.537870e-01  0
-2.069705e-01 -1.121397e-01  0
-1.144454e-01 -3.050233e-02  0
-6.341258e-02 -3.898624e-02  0
-2.644581e-01  4.470508e-01 -1.432977e-01
 8.660525e-03 -2.317811e-01 -1.543014e-01
-7.174249e-02  3.983650e-01  0
 3.998780e-02  3.129353e-01  0
-2.316643e-01  3.532057e-01  0
 3.187486e-01 -1.685088e-01  0
 3.310862e-01  3.003086e-01  0
 2.918577e-01  3.044178e-01  0
 2.763844e-01  3.232156e-01  0
 3.761228e-01  1.150560e-01  0
 3.782910e-01  3.548881e-01  0
-3.799591e-01  1.115284e-01  0
 3.589496e-01  4.474105e-01  0
-1.130924e-01  1.250371e-01  0
-4.236084e-02  2.130639e-01  0
-2.295047e-01 -1.073415e-01  0
 1.379859e-01 -1.433347e-02  0
-2.645842e-01 -3.298007e-01  0
-2.452629e-01 -3.571732e-01  0
-2.370384e-01 -9.212989e-02  0
 1.690540e-01  3.084220e-01  0
 2.272439e-01  5.952725e-03  0
-1.181006e-01  5.006914e-02 -1.565100e-01
-1.154837e-01 -3.482441e-01  0
-2.803562e-02 -3.611079e-01  0
-3.093290e-01 -1.831745e-01 -1.747966e-01
 3.580949e-01 -5.533354e-02  0
-2.698000e-01 -5.641277e-02  0
 1.063918e-01 -2.464849e-01  0
-3.855964e-01 -2.244602e-01  0
-2.177347e-01  1.969979e-01  0
 3.593904e-01 -3.298932e-01  0
 2.882206e-01  2.311188e-02  0
 3.183809e-03 -1.922194e-01  0
-2.169228e-01 -2.731151e-01  0
-1.423210e-01 -1.559118e-01  2.109394e-01
-1.422468e-01 -2.155029e-01  0
 6.878120e-02 -3.798442e-02  0
 2.720973e-01 -5.854934e-02 -1.308205e-01
 7.458404e-02  4.208679e-01  0
-2.484145e-01  2.819099e-01  0
 3.054529e-01  2.325666e-01  0
-1.824957e-01 -4.491229e-01  0
-2.547765e-01  3.815064e-01  0
 3.189690e-01  3.374473e-01  0
 4.415150e-01  3.123553e-01 -2.231013e-01
 1.569485e-01  3.427597e-01  0
 1.180452e-01 -3.271676e-02  0
 4.421168e-01  3.339659e-01  0
 2.948219e-01  4.012625e-01  0
-3.403994e-01  4.233147e-01 -2.539281e-01
 8.101012e-02 -3.853840e-01 -2.936242e-01
 3.670324e-02 -3.042114e-01 -3.486549e-01
-1.370386e-01  7.474536e-02 -2.929341e-01
 1.246061e-01  1.392148e-01  1.922444e-01
 2.181662e-01 -4.157148e-01  0
-3.443188e-01 -4.320024e-01  0
 3.221513e-01 -6.253655e-02  2.425706e-01
 3.563373e-01 -4.014412e-01  0