 697  90  1.200000e-05  56 -2 -2
 39  4  0  0  0  3  2.161394e-01  1.000000e-07
 39  11  0  0  0  3  4.409850e-01  1.000000e-07
 39  36  0  0  0  3  4.971060e-01  1.000000e-07
 39  34  0  0  0  3  3.210133e-01  1.000000e-07
 39  25  0  0  1  3  4.189327e-01  1.000000e-07
 39  30  0  0  1  3  3.701148e-01  1.000000e-07
 39  29  0  0  1  3  3.633108e-01  1.000000e-07
 39  33  0  0  1  3  4.820627e-01  1.000000e-07
 4  61  1  0  0  3  5.212012e-01  1.000000e-07
 4  36  0  0  0  3  4.959881e-01  1.000000e-07
 4  37  0  0  0  3  3.155586e-01  1.000000e-07
 4  38  0  0  0  3  1.492628e-01  1.000000e-07
 11  15  0  0  0  3  4.194074e-01  1.000000e-07
 11  34  0 -1  0  3  4.609523e-01  1.000000e-07
 11  16  0  0  0  3  3.342802e-01  1.000000e-07
 7  36  0  0  0  3  2.670848e-01  1.000000e-07
 7  68  0  0  0  3  1.756974e-01  1.000000e-07
 7  8  0 -1  0  3  1.612557e-01  1.000000e-07
 7  34  0 -1  0  3  3.260430e-01  1.000000e-07
 7  9  0 -1  0  3  2.748695e-01  1.000000e-07
 7  35  0 -1  1  3  4.194146e-01  1.000000e-07
 7  31  0  0  1  3  3.158581e-01  1.000000e-07
 7  69  0  0  1  3  4.782114e-01  1.000000e-07
 15  61  0  0  0  3  2.347922e-01  1.000000e-07
 15  12  0  0  0  3  2.638237e-01  1.000000e-07
 15  38  0  0  0  3  2.120190e-01  1.000000e-07
 15  34  0  0  0  3  3.041735e-01  1.000000e-07
 15  16  0  0  0  3  2.502533e-01  1.000000e-07
 15  25  0  0  1  3  4.111861e-01  1.000000e-07
 15  30  0  0  1  3  4.619672e-01  1.000000e-07
 61  12  0  0  0  3  3.852078e-01  1.000000e-07
 61  68 -1  0  0  3  5.249622e-01  1.000000e-07
 61  13 -1  0  0  3  4.503384e-01  1.000000e-07
 36  12  0 -1  0  3  3.824222e-01  1.000000e-07
 36  13  0  0  0  3  3.648278e-01  1.000000e-07
 36  10  0  0  0  3  4.824868e-01  1.000000e-07
 36  9  0 -1  0  3  2.119225e-01  1.000000e-07
 36  31  0  0  1  3  4.683989e-01  1.000000e-07
 12  14  0  1  0  3  2.761457e-01  1.000000e-07
 12  16  0  0  0  3  4.417911e-01  1.000000e-07
 12  25  0  0  1  3  5.403329e-01  1.000000e-07
 12  30  0  0  1  3  5.476736e-01  1.000000e-07
 12  33  0  1  1  3  5.207585e-01  1.000000e-07
 37  8  0  0  0  3  1.245266e-01  1.000000e-07
 37  38  0  0  0  3  2.304527e-01  1.000000e-07
 37  34  0  0  0  3  2.557811e-01  1.000000e-07
 37  9  0  0  0  3  2.326143e-01  1.000000e-07
 37  6  0  0  0  3  2.142566e-01  1.000000e-07
 37  35  0  0  1  3  3.403186e-01  1.000000e-07
 37  29  0  0  1  3  2.389327e-01  1.000000e-07
 37  76  0  0  1  3  3.534983e-01  1.000000e-07
 68  8  0 -1  0  3  2.824946e-01  1.000000e-07
 68  13  0  0  0  3  1.917541e-01  1.000000e-07
 68  9  0 -1  0  3  3.739564e-01  1.000000e-07
 68  6  0 -1  0  3  3.599653e-01  1.000000e-07
 68  14  1  0  0  3  2.010866e-01  1.000000e-07
 8  34  0  0  0  3  2.357717e-01  1.000000e-07
 8  9  0  0  0  3  1.937102e-01  1.000000e-07
 8  30  0  0  1  3  4.023620e-01  1.000000e-07
 8  35  0  0  1  3  3.608641e-01  1.000000e-07
 8  76  0  0  1  3  3.835802e-01  1.000000e-07
 8  33  0  1  1  3  4.377259e-01  1.000000e-07
 38  10  0  0  0  3  3.003428e-01  1.000000e-07
 38  34  0  0  0  3  2.405902e-01  1.000000e-07
 38  9  0  0  0  3  2.549168e-01  1.000000e-07
 38  6  0  0  0  3  3.275504e-01  1.000000e-07
 38  30  0  0  1  3  3.959431e-01  1.000000e-07
 38  29  0  0  1  3  3.545914e-01  1.000000e-07
 13  14  1  0  0  3  3.198883e-01  1.000000e-07
 13  16  1  0  0  3  4.025757e-01  1.000000e-07
 13  26  0  0  1  3  2.983596e-01  1.000000e-07
 13  27  1  0  1  3  3.631321e-01  1.000000e-07
 13  28  1  0  1  3  4.653233e-01  1.000000e-07
 13  31  0  0  1  3  2.742344e-01  1.000000e-07
 10  16  1  0  0  3  4.578826e-01  1.000000e-07
 10  30  0  0  1  3  3.777442e-01  1.000000e-07
 10  29  0  0  1  3  1.810565e-01  1.000000e-07
 10  26  0  0  1  3  3.347620e-01  1.000000e-07
 10  31  0  0  1  3  2.801600e-01  1.000000e-07
 10  32  0  0  1  3  2.995277e-01  1.000000e-07
 10  33  0  0  1  3  4.456567e-01  1.000000e-07
 34  14  0  1  0  3  4.417757e-01  1.000000e-07
 34  33  0  1  1  3  4.211044e-01  1.000000e-07
 9  6  0  0  0  3  3.384563e-01  1.000000e-07
 6  35  0  0  1  3  4.506429e-01  1.000000e-07
 6  32  0  0  1  3  4.277613e-01  1.000000e-07
 14  16  0  0  0  3  4.410353e-01  1.000000e-07
 14  25  0 -1  1  3  6.206989e-01  1.000000e-07
 14  35 -1 -1  1  3  6.121515e-01  1.000000e-07
 14  33  0  0  1  3  4.926107e-01  1.000000e-07
 16  26 -1  0  1  3  3.940481e-01  1.000000e-07
 16  27  0  0  1  3  2.970761e-01  1.000000e-07
 16  32 -1  0  1  3  3.892970e-01  1.000000e-07
 25  35 -1  0  0  3  4.262997e-01  1.000000e-07
 25  27  0  0  0  3  1.689646e-01  1.000000e-07
 25  18  0  1  0  3  6.735952e-01  1.000000e-07
 25  24  0  1  0  3  6.126664e-01  1.000000e-07
 25  21  0  0  0  3  1.273683e-01  1.000000e-07
 30  33  0  1  0  3  4.877058e-01  1.000000e-07
 30  21  0  0  0  3  2.962421e-01  1.000000e-07
 30  20  0  0  0  3  1.731995e-01  1.000000e-07
 35  24  1  1  0  3  6.101496e-01  1.000000e-07
 35  20  1  0  0  3  5.918133e-01  1.000000e-07
 29  19  0  0  0  3  2.894983e-01  1.000000e-07
 29  76  0  0  0  3  2.179357e-01  1.000000e-07
 29  77  0  0  0  3  3.686525e-01  1.000000e-07
 29  31  0  0  0  3  3.516414e-01  1.000000e-07
 29  32  0  0  0  3  2.385436e-01  1.000000e-07
 19  39  0  0 -1  3  4.749632e-01  1.000000e-07
 19  26  0  0  0  3  3.460039e-01  1.000000e-07
 19  28  0  0  0  3  4.373994e-01  1.000000e-07
 19  31  0  0  0  3  1.808816e-01  1.000000e-07
 19  22  0  0  0  3  3.305055e-01  1.000000e-07
 19  33  0  0  0  3  3.055172e-01  1.000000e-07
 19  21  0  0  0  3  3.916764e-01  1.000000e-07
 19  20  0  0  0  3  3.085746e-01  1.000000e-07
 26  17  0  0  0  3  3.554695e-01  1.000000e-07
 26  27  1  0  0  3  1.609121e-01  1.000000e-07
 26  18  1  0  0  3  2.353626e-01  1.000000e-07
 26  31  0  0  0  3  2.831438e-01  1.000000e-07
 26  32  0  0  0  3  1.876675e-01  1.000000e-07
 17  76  0 -1  0  3  3.515598e-01  1.000000e-07
 17  18  1  0  0  3  2.578418e-01  1.000000e-07
 17  77  0  0  0  3  3.122207e-01  1.000000e-07
 17  31  0  0  0  3  3.150747e-01  1.000000e-07
 17  24  1  0  0  3  5.047660e-01  1.000000e-07
 17  23  0  0  0  3  3.041381e-01  1.000000e-07
 17  69  0  0  0  3  7.530544e-02  1.000000e-07
 27  28  0  0  0  3  2.197916e-01  1.000000e-07
 27  18  0  0  0  3  2.519324e-01  1.000000e-07
 27  32 -1  0  0  3  2.460068e-01  1.000000e-07
 27  33  0  0  0  3  3.958281e-01  1.000000e-07
 27  21  0  0  0  3  1.860495e-01  1.000000e-07
 28  24  0  0  0  3  2.748533e-01  1.000000e-07
 28  23  0  0  0  3  4.334845e-01  1.000000e-07
 28  22  0  0  0  3  5.114578e-01  1.000000e-07
 28  21  0  0  0  3  3.000919e-01  1.000000e-07
 28  20  0  0  0  3  3.973230e-01  1.000000e-07
 76  77  0  0  0  3  3.959585e-01  1.000000e-07
 76  22  0  0  0  3  3.367246e-01  1.000000e-07
 18  77 -1  0  0  3  3.889969e-01  1.000000e-07
 18  31 -1  0  0  3  4.044357e-01  1.000000e-07
 18  24  0  0  0  3  3.317682e-01  1.000000e-07
 77  32  0  0  0  3  3.373550e-01  1.000000e-07
 77  69  0  0  0  3  3.145591e-01  1.000000e-07
 31  23  0  0  0  3  3.215602e-01  1.000000e-07
 24  23  0  0  0  3  3.223777e-01  1.000000e-07
 24  20  0 -1  0  3  4.963479e-01  1.000000e-07
 32  21  1  0  0  3  3.248524e-01  1.000000e-07
 32  20  1  0  0  3  4.514272e-01  1.000000e-07
 23  22  0  0  0  3  4.090313e-01  1.000000e-07
 23  69  0  0  0  3  2.610756e-01  1.000000e-07
 23  33  0  0  0  3  3.651036e-01  1.000000e-07
 23  20  0  0  0  3  4.458592e-01  1.000000e-07
 22  20  0  0  0  3  1.902206e-01  1.000000e-07
 69  33  0  0  0  3  4.555211e-01  1.000000e-07
 33  7  0  0 -1  3  3.912152e-01  1.000000e-07
 33  36  0  0 -1  3  4.443016e-01  1.000000e-07
 33  21  0  0  0  3  3.877645e-01  1.000000e-07
 21  20  0  0  0  3  1.617178e-01  1.000000e-07
 11  53  0  0  0  3  2.688883e-01  1.000000e-07
 59  22  0  0  0  3  2.549010e-01  1.000000e-07
 11  59  0  0  0  3  1.526376e-01  1.000000e-07
 73  21  0  0  0  3  4.206778e-01  1.000000e-07
 61  80 -1  0  0  3  2.382723e-01  1.000000e-07
 2  76  0  0  0  3  3.889313e-01  1.000000e-07
 61  88  0  0  0  3  2.202515e-01  1.000000e-07
 71  18  0  0  0  3  3.325999e-01  1.000000e-07
 11  58  0  0  0  3  1.464726e-01  1.000000e-07
 73  18  0  0  0  3  2.774454e-01  1.000000e-07
 4  74  0  0  0  3  2.610488e-01  1.000000e-07
 65  69  0  1  0  3  3.041326e-01  1.000000e-07
 6  70  0  0  0  3  2.548395e-01  1.000000e-07
 81  76  0  0  0  3  2.830891e-01  1.000000e-07
 4  66  0  0  0  3  1.658499e-01  1.000000e-07
 89  77  0  0  0  3  2.211394e-01  1.000000e-07
 6  74  0  0  0  3  3.304604e-01  1.000000e-07
 78  69  0  1  0  3  1.941137e-01  1.000000e-07
 9  65  0  0  0  3  2.479293e-01  1.000000e-07
 74  76  0  0  0  3  2.988894e-01  1.000000e-07
 68  45  0  0  0  3  2.940833e-01  1.000000e-07
 42  69  0  0  0  3  1.507268e-01  1.000000e-07
 61  63  0  0  0  3  2.588164e-01  1.000000e-07
 64  22  0  0  0  3  1.956020e-01  1.000000e-07
 9  54  0  1  0  3  2.885568e-01  1.000000e-07
 55  24  0  0  0  3  1.680710e-01  1.000000e-07
 11  73  0  0  0  3  1.341547e-01  1.000000e-07
 58  28  0  0  0  3  3.138313e-01  1.000000e-07
 4  5  0  0  0  3  1.451579e-01  1.000000e-07
 72  22  0  0  0  3  1.480757e-01  1.000000e-07
 68  44  0  0  0  3  3.544986e-01  1.000000e-07
 85  77  0  0  0  3  2.079431e-01  1.000000e-07
 11  75  0  0  0  3  2.176967e-01  1.000000e-07
 58  17 -1  0  0  3  3.157461e-01  1.000000e-07
 61  46  0  0  0  3  2.164028e-01  1.000000e-07
 62  35 -1  0  0  3  3.960802e-01  1.000000e-07
 15  64  0  0  0  3  2.166762e-01  1.000000e-07
 63  22  0  0  0  3  1.354949e-01  1.000000e-07
 12  75  0  1  0  3  3.288492e-01  1.000000e-07
 58  69 -1  0  0  3  2.901999e-01  1.000000e-07
 6  67  0  0  0  3  3.340312e-01  1.000000e-07
 1  77  0  0  0  3  2.245606e-01  1.000000e-07
 4  66  0  0  0  3  2.337160e-01  1.000000e-07
 53  23  0  0  0  3  1.908022e-01  1.000000e-07
 14  75  0  0  0  3  2.821898e-01  1.000000e-07
 58  24  0  0  0  3  1.582733e-01  1.000000e-07
 78  87  1  0  0  2  3.261823e-01  2.000000e-07
 78  70  0  0  0  2  1.299329e-01  2.000000e-07
 78  43  0  1  0  2  4.258857e-01  2.000000e-07
 78  89  0  0  0  2  2.827514e-01  2.000000e-07
 78  0  0  0  0  2  3.383547e-02  2.000000e-07
 78  45  0  1  0  2  2.792139e-01  2.000000e-07
 78  82  0  1  0  2  3.554601e-01  2.000000e-07
 78  57  0  0  0  2  4.943609e-01  2.000000e-07
 78  80  0  0  0  2  2.405010e-01  2.000000e-07
 78  51  1  0  0  2  4.521881e-01  2.000000e-07
 78  3  0  0  0  2  1.868682e-01  2.000000e-07
 78  42  0  1  0  2  3.456262e-01  2.000000e-07
 78  65  0  0  0  2  1.812315e-01  2.000000e-07
 78  63  0  0  0  2  5.069682e-01  2.000000e-07
 78  47  1  0  0  2  4.693075e-01  2.000000e-07
 78  88  1  0  0  2  4.588137e-01  2.000000e-07
 78  84  0  1  0  2  4.382086e-01  2.000000e-07
 78  58  1  1  0  2  5.206486e-01  2.000000e-07
 78  83  1  0  0  2  3.852880e-01  2.000000e-07
 52  5  0  0  0  2  3.087408e-01  2.000000e-07
 52  71  0  0  0  2  4.296811e-01  2.000000e-07
 52  59  0  0  0  2  3.087026e-01  2.000000e-07
 52  40  0  0  0  2  3.386496e-01  2.000000e-07
 52  44  0  0  0  2  2.565732e-01  2.000000e-07
 52  53  0  0  0  2  1.774862e-01  2.000000e-07
 52  54  0  0  0  2  1.650651e-01  2.000000e-07
 52  55  0  0  0  2  2.364657e-01  2.000000e-07
 52  56  0  0  0  2  2.235144e-01  2.000000e-07
 52  75  0  0  0  2  4.354177e-01  2.000000e-07
 52  82  0  0  0  2  4.095031e-01  2.000000e-07
 52  66  0  0  0  2  2.489150e-01  2.000000e-07
 52  73  0  0  0  2  3.321722e-01  2.000000e-07
 52  41  0  0  0  2  7.883983e-02  2.000000e-07
 52  49  0 -1  0  2  4.454600e-01  2.000000e-07
 52  64  0  0  0  2  3.656251e-01  2.000000e-07
 5  71  0  0  0  2  3.828953e-01  2.000000e-07
 5  59  0  0  0  2  3.618319e-01  2.000000e-07
 5  56  0  0  0  2  8.552298e-02  2.000000e-07
 5  60  0  0  0  2  2.072807e-01  2.000000e-07
 5  72  0  0  0  2  1.660231e-01  2.000000e-07
 5  66  0  0  0  2  1.807375e-01  2.000000e-07
 5  64  0  0  0  2  1.082720e-01  2.000000e-07
 87  46  0  0  0  2  1.090476e-01  2.000000e-07
 87  0 -1  0  0  2  3.562817e-01  2.000000e-07
 87  60  0  0  0  2  1.844692e-01  2.000000e-07
 87  79  0  0  0  2  9.162780e-02  2.000000e-07
 87  82 -1  1  0  2  4.818157e-01  2.000000e-07
 87  80 -1  0  0  2  3.295517e-01  2.000000e-07
 87  51  0  0  0  2  1.267712e-01  2.000000e-07
 87  3 -1  0  0  2  3.921771e-01  2.000000e-07
 87  49  0  0  0  2  1.777385e-01  2.000000e-07
 87  88  0  0  0  2  3.153884e-01  2.000000e-07
 87  64  0  0  0  2  2.767652e-01  2.000000e-07
 87  83  0  0  0  2  1.698774e-01  2.000000e-07
 87  81 -1  0  0  2  3.224388e-01  2.000000e-07
 70  89  0  0  0  2  1.596028e-01  2.000000e-07
 70  50  0  0  0  2  5.200919e-01  2.000000e-07
 70  54  0  1  0  2  5.186028e-01  2.000000e-07
 70  79  1  0  0  2  2.702613e-01  2.000000e-07
 70  45  0  1  0  2  4.049801e-01  2.000000e-07
 70  86  0  0  0  2  3.946376e-01  2.000000e-07
 70  57  0  0  0  2  4.755616e-01  2.000000e-07
 70  67  0  0  0  2  2.436428e-01  2.000000e-07
 70  72  0  0  0  2  1.786766e-01  2.000000e-07
 70  80  0  0  0  2  1.260135e-01  2.000000e-07
 70  51  1  0  0  2  4.635652e-01  2.000000e-07
 70  62  1  0  0  2  3.937254e-01  2.000000e-07
 70  3  0  0  0  2  5.999381e-02  2.000000e-07
 70  63  0  0  0  2  4.446341e-01  2.000000e-07
 70  47  1  0  0  2  4.719970e-01  2.000000e-07
 70  88  1  0  0  2  3.792619e-01  2.000000e-07
 70  74  0  0  0  2  2.085380e-01  2.000000e-07
 70  83  1  0  0  2  4.554770e-01  2.000000e-07
 70  81  0  0  0  2  8.605857e-02  2.000000e-07
 70  2  0  0  0  2  1.607108e-01  2.000000e-07
 43  44  0  0  0  2  9.814836e-02  2.000000e-07
 43  53  0  0  0  2  2.808045e-01  2.000000e-07
 43  54  0  0  0  2  2.150115e-01  2.000000e-07
 43  45  0  0  0  2  1.773638e-01  2.000000e-07
 43  86  0  0  0  2  2.378277e-01  2.000000e-07
 43  57  0 -1  0  2  5.414603e-01  2.000000e-07
 43  67  0  0  0  2  2.601194e-01  2.000000e-07
 43  73  0  0  0  2  4.921104e-01  2.000000e-07
 43  42  0  0  0  2  2.109127e-01  2.000000e-07
 43  85  0  0  0  2  1.751592e-01  2.000000e-07
 43  41  0  0  0  2  9.615873e-02  2.000000e-07
 43  84  0  0  0  2  1.811174e-02  2.000000e-07
 43  83  0 -1  0  2  5.484178e-01  2.000000e-07
 71  59  0  0  0  2  1.426710e-01  2.000000e-07
 71  46  0  0  0  2  1.962334e-01  2.000000e-07
 71  56  0  0  0  2  3.776082e-01  2.000000e-07
 71  75  0  0  0  2  3.389910e-01  2.000000e-07
 71  60  0  0  0  2  3.240117e-01  2.000000e-07
 71  79  0  0  0  2  3.337557e-01  2.000000e-07
 71  82 -1  0  0  2  3.553977e-01  2.000000e-07
 71  73  0  0  0  2  1.771959e-01  2.000000e-07
 71  80 -1  0  0  2  2.881990e-01  2.000000e-07
 71  1 -1  0  0  2  3.576739e-01  2.000000e-07
 71  62  0  0  0  2  1.563206e-01  2.000000e-07
 71  64  0  0  0  2  3.042336e-01  2.000000e-07
 71  2 -1  0  0  2  2.745064e-01  2.000000e-07
 48  50  0  0  0  2  8.778364e-02  2.000000e-07
 48  75  0  1  0  2  2.928576e-01  2.000000e-07
 48  60  0  0  0  2  1.768859e-01  2.000000e-07
 48  79  0  0  0  2  1.975643e-01  2.000000e-07
 48  57  0  0  0  2  1.223767e-01  2.000000e-07
 48  62  0  0  0  2  2.703207e-01  2.000000e-07
 48  49  0  0  0  2  4.211873e-02  2.000000e-07
 48  83  0  0  0  2  6.677343e-02  2.000000e-07
 89  50  0  0  0  2  5.062503e-01  2.000000e-07
 89  53  0  0  0  2  2.488416e-01  2.000000e-07
 89  56  0  0  0  2  2.274377e-01  2.000000e-07
 89  86  0  0  0  2  3.096781e-01  2.000000e-07
 89  57  0  0  0  2  4.312813e-01  2.000000e-07
 89  67  0  0  0  2  1.215678e-01  2.000000e-07
 89  72  0  0  0  2  1.143872e-01  2.000000e-07
 89  66  0  0  0  2  1.165848e-01  2.000000e-07
 89  80  0  0  0  2  1.560684e-01  2.000000e-07
 89  3  0  0  0  2  9.972536e-02  2.000000e-07
 89  63  0  0  0  2  3.466409e-01  2.000000e-07
 89  47  0  0  0  2  4.484112e-01  2.000000e-07
 89  84  0  0  0  2  3.519300e-01  2.000000e-07
 89  2  0  0  0  2  1.541214e-01  2.000000e-07
 59  46  0  0  0  2  3.222578e-01  2.000000e-07
 59  54  0  0  0  2  3.625292e-01  2.000000e-07
 59  55  0  0  0  2  4.919958e-01  2.000000e-07
 59  75  0  0  0  2  2.501636e-01  2.000000e-07
 59  82 -1  0  0  2  3.461485e-01  2.000000e-07
 59  66  0  0  0  2  4.513014e-01  2.000000e-07
 59  80 -1  0  0  2  4.215895e-01  2.000000e-07
 59  63  0  0  0  2  3.186520e-01  2.000000e-07
 59  88  0  0  0  2  1.588374e-01  2.000000e-07
 59  64  0  0  0  2  3.204899e-01  2.000000e-07
 59  84  0  0  0  2  4.535750e-01  2.000000e-07
 59  58  0  0  0  2  1.203036e-01  2.000000e-07
 50  54  0  1  0  2  2.604503e-01  2.000000e-07
 50  55  0  1  0  2  3.207928e-01  2.000000e-07
 50  75  0  1  0  2  3.161538e-01  2.000000e-07
 50  60  0  0  0  2  1.889915e-01  2.000000e-07
 50  57  0  0  0  2  1.114201e-01  2.000000e-07
 50  72  0  0  0  2  3.928023e-01  2.000000e-07
 50  73  0  1  0  2  4.181215e-01  2.000000e-07
 50  65  0  0  0  2  3.368080e-01  2.000000e-07
 50  49  0  0  0  2  7.634040e-02  2.000000e-07
 50  47  0  0  0  2  2.193822e-01  2.000000e-07
 50  74  0  0  0  2  3.898060e-01  2.000000e-07
 50  83  0  0  0  2  1.213683e-01  2.000000e-07
 40  71  1  0  0  2  3.205335e-01  2.000000e-07
 40  44  0  0  0  2  1.078411e-01  2.000000e-07
 40  53  0  0  0  2  3.795106e-01  2.000000e-07
 40  56  0  0  0  2  3.985622e-01  2.000000e-07
 40  75  1  0  0  2  3.086991e-01  2.000000e-07
 40  45  0  0  0  2  1.961432e-01  2.000000e-07
 40  82  0  0  0  2  1.354715e-01  2.000000e-07
 40  72  0  0  0  2  4.170650e-01  2.000000e-07
 40  66  0  0  0  2  2.764639e-01  2.000000e-07
 40  73  1  0  0  2  3.310149e-01  2.000000e-07
 40  80  0  0  0  2  2.948415e-01  2.000000e-07
 40  85  0  0  0  2  5.988834e-02  2.000000e-07
 44  53  0  0  0  2  3.423454e-01  2.000000e-07
 44  54  0  0  0  2  3.057144e-01  2.000000e-07
 44  55  0  0  0  2  2.350921e-01  2.000000e-07
 44  56  0  0  0  2  3.721979e-01  2.000000e-07
 44  75  1  0  0  2  3.545301e-01  2.000000e-07
 44  45  0  0  0  2  1.287485e-01  2.000000e-07
 44  82  0  0  0  2  1.547711e-01  2.000000e-07
 44  67  0  0  0  2  2.323504e-01  2.000000e-07
 44  85  0  0  0  2  7.701687e-02  2.000000e-07
 44  41  0  0  0  2  1.942265e-01  2.000000e-07
 44  74  0 -1  0  2  3.439041e-01  2.000000e-07
 53  56  0  0  0  2  4.620576e-02  2.000000e-07
 53  67  0  0  0  2  2.651588e-01  2.000000e-07
 53  73  0  0  0  2  3.564668e-01  2.000000e-07
 53  62  0  0  0  2  3.469616e-01  2.000000e-07
 53  63  0  0  0  2  2.169164e-01  2.000000e-07
 53  41  0  0  0  2  2.394913e-01  2.000000e-07
 53  47  0  0  0  2  3.238977e-01  2.000000e-07
 53  84  0  0  0  2  2.660950e-01  2.000000e-07
 46  60  0  0  0  2  2.144837e-01  2.000000e-07
 46  79  0  0  0  2  1.441150e-01  2.000000e-07
 46  80 -1  0  0  2  2.612528e-01  2.000000e-07
 46  51  0  0  0  2  1.616093e-01  2.000000e-07
 46  88  0  0  0  2  2.069464e-01  2.000000e-07
 46  64  0  0  0  2  2.678413e-01  2.000000e-07
 46  81 -1  0  0  2  3.192499e-01  2.000000e-07
 54  55  0  0  0  2  1.343537e-01  2.000000e-07
 54  75  0  0  0  2  3.829843e-01  2.000000e-07
 54  45  0  0  0  2  3.176832e-01  2.000000e-07
 54  57  0 -1  0  2  3.491239e-01  2.000000e-07
 54  73  0  0  0  2  3.560340e-01  2.000000e-07
 54  41  0  0  0  2  1.406532e-01  2.000000e-07
 54  49  0 -1  0  2  3.065711e-01  2.000000e-07
 54  84  0  0  0  2  2.041059e-01  2.000000e-07
 54  74  0 -1  0  2  3.183888e-01  2.000000e-07
 54  83  0 -1  0  2  3.334716e-01  2.000000e-07
 55  82  0  0  0  2  3.254295e-01  2.000000e-07
 55  57  0 -1  0  2  3.767696e-01  2.000000e-07
 55  66  0  0  0  2  4.284843e-01  2.000000e-07
 55  65  0 -1  0  2  1.702565e-01  2.000000e-07
 55  41  0  0  0  2  1.681912e-01  2.000000e-07
 55  49  0 -1  0  2  3.856317e-01  2.000000e-07
 55  84  0  0  0  2  1.776872e-01  2.000000e-07
 55  74  0 -1  0  2  1.976210e-01  2.000000e-07
 56  60  0  0  0  2  2.766899e-01  2.000000e-07
 56  67  0  0  0  2  2.649175e-01  2.000000e-07
 56  72  0  0  0  2  2.112092e-01  2.000000e-07
 56  66  0  0  0  2  1.413201e-01  2.000000e-07
 56  62  0  0  0  2  3.304850e-01  2.000000e-07
 56  63  0  0  0  2  1.829519e-01  2.000000e-07
 56  47  0  0  0  2  2.928548e-01  2.000000e-07
 0  75  1  1  0  2  4.255674e-01  2.000000e-07
 0  79  1  0  0  2  2.657285e-01  2.000000e-07
 0  82  0  1  0  2  3.728694e-01  2.000000e-07
 0  72  0  0  0  2  2.327350e-01  2.000000e-07
 0  80  0  0  0  2  2.383148e-01  2.000000e-07
 0  3  0  0  0  2  1.700668e-01  2.000000e-07
 0  65  0  0  0  2  1.555412e-01  2.000000e-07
 0  74  0  0  0  2  1.090622e-01  2.000000e-07
 0  81  0  0  0  2  4.587789e-02  2.000000e-07
 75  79  0 -1  0  2  3.356334e-01  2.000000e-07
 75  45 -1  0  0  2  2.999247e-01  2.000000e-07
 75  82 -1  0  0  2  1.999731e-01  2.000000e-07
 75  73  0  0  0  2  1.864153e-01  2.000000e-07
 75  42 -1  0  0  2  2.356308e-01  2.000000e-07
 75  85 -1  0  0  2  2.858496e-01  2.000000e-07
 75  49  0 -1  0  2  2.603761e-01  2.000000e-07
 75  58  0  0  0  2  1.391691e-01  2.000000e-07
 75  83  0 -1  0  2  2.264676e-01  2.000000e-07
 75  81 -1 -1  0  2  4.316558e-01  2.000000e-07
 60  79  0  0  0  2  2.760760e-01  2.000000e-07
 60  72  0  0  0  2  3.105713e-01  2.000000e-07
 60  62  0  0  0  2  1.777117e-01  2.000000e-07
 60  65  0  0  0  2  3.809852e-01  2.000000e-07
 60  49  0  0  0  2  2.125326e-01  2.000000e-07
 60  47  0  0  0  2  5.584441e-02  2.000000e-07
 60  64  0  0  0  2  1.121966e-01  2.000000e-07
 60  74  0  0  0  2  4.263902e-01  2.000000e-07
 79  82 -1  1  0  2  4.189370e-01  2.000000e-07
 79  80 -1  0  0  2  2.767583e-01  2.000000e-07
 79  1 -1  0  0  2  3.291683e-01  2.000000e-07
 79  62  0  0  0  2  2.234352e-01  2.000000e-07
 79  49  0  0  0  2  2.221043e-01  2.000000e-07
 79  83  0  0  0  2  1.956119e-01  2.000000e-07
 79  81 -1  0  0  2  2.339771e-01  2.000000e-07
 79  2 -1  0  0  2  3.072696e-01  2.000000e-07
 45  79  1 -1  0  2  4.134984e-01  2.000000e-07
 45  82  0  0  0  2  1.281451e-01  2.000000e-07
 45  57  0 -1  0  2  5.603922e-01  2.000000e-07
 45  42  0  0  0  2  9.604188e-02  2.000000e-07
 45  85  0  0  0  2  1.368016e-01  2.000000e-07
 45  41  0  0  0  2  2.570547e-01  2.000000e-07
 45  84  0  0  0  2  1.943562e-01  2.000000e-07
 45  74  0 -1  0  2  2.336543e-01  2.000000e-07
 45  83  1 -1  0  2  4.461940e-01  2.000000e-07
 45  81  0 -1  0  2  3.231136e-01  2.000000e-07
 86  82  0  0  0  2  1.403840e-01  2.000000e-07
 86  67  0  0  0  2  1.906448e-01  2.000000e-07
 86  66  0  0  0  2  2.947387e-01  2.000000e-07
 86  73  1  0  0  2  2.951639e-01  2.000000e-07
 86  80  0  0  0  2  2.771873e-01  2.000000e-07
 86  3  0  0  0  2  3.543929e-01  2.000000e-07
 86  42  0  0  0  2  1.425840e-01  2.000000e-07
 86  85  0  0  0  2  8.865507e-02  2.000000e-07
 86  88  1  0  0  2  2.477471e-01  2.000000e-07
 86  84  0  0  0  2  2.515598e-01  2.000000e-07
 86  2  0  0  0  2  2.381311e-01  2.000000e-07
 82  66  0  0  0  2  4.056072e-01  2.000000e-07
 82  80  0  0  0  2  4.169340e-01  2.000000e-07
 82  1  0  0  0  2  4.365580e-01  2.000000e-07
 82  42  0  0  0  2  3.794163e-02  2.000000e-07
 82  65  0 -1  0  2  3.748784e-01  2.000000e-07
 82  49  1 -1  0  2  4.346809e-01  2.000000e-07
 82  88  1  0  0  2  3.294140e-01  2.000000e-07
 82  84  0  0  0  2  2.650452e-01  2.000000e-07
 82  74  0 -1  0  2  3.459735e-01  2.000000e-07
 82  58  1  0  0  2  2.347908e-01  2.000000e-07
 82  83  1 -1  0  2  3.927482e-01  2.000000e-07
 57  51  0  0  0  2  9.915955e-02  2.000000e-07
 57  65  0  0  0  2  3.397004e-01  2.000000e-07
 57  63  0  0  0  2  1.698067e-01  2.000000e-07
 57  49  0  0  0  2  1.489661e-01  2.000000e-07
 57  47  0  0  0  2  1.201521e-01  2.000000e-07
 57  64  0  0  0  2  1.808890e-01  2.000000e-07
 57  84  0  1  0  2  5.361174e-01  2.000000e-07
 57  83  0  0  0  2  1.874887e-01  2.000000e-07
 67  72  0  0  0  2  2.327094e-01  2.000000e-07
 67  66  0  0  0  2  1.237690e-01  2.000000e-07
 67  85  0  0  0  2  2.369594e-01  2.000000e-07
 67  41  0  0  0  2  3.116790e-01  2.000000e-07
 67  88  1  0  0  2  3.282747e-01  2.000000e-07
 67  2  0  0  0  2  1.364566e-01  2.000000e-07
 72  66  0  0  0  2  1.748229e-01  2.000000e-07
 72  1  0  0  0  2  1.701509e-01  2.000000e-07
 72  3  0  0  0  2  1.398271e-01  2.000000e-07
 72  65  0  0  0  2  2.390162e-01  2.000000e-07
 72  47  0  0  0  2  3.567676e-01  2.000000e-07
 72  64  0  0  0  2  2.520659e-01  2.000000e-07
 72  74  0  0  0  2  2.469236e-01  2.000000e-07
 72  81  0  0  0  2  2.338410e-01  2.000000e-07
 72  2  0  0  0  2  2.535580e-01  2.000000e-07
 66  80  0  0  0  2  2.523935e-01  2.000000e-07
 66  1  0  0  0  2  1.926880e-01  2.000000e-07
 66  3  0  0  0  2  2.163089e-01  2.000000e-07
 66  64  0  0  0  2  2.873238e-01  2.000000e-07
 66  84  0  0  0  2  2.544394e-01  2.000000e-07
 73  62  0  0  0  2  3.114947e-01  2.000000e-07
 73  63  0  0  0  2  3.826348e-01  2.000000e-07
 73  85 -1  0  0  2  3.424752e-01  2.000000e-07
 73  41  0  0  0  2  3.977175e-01  2.000000e-07
 73  47  0  0  0  2  4.072523e-01  2.000000e-07
 73  88  0  0  0  2  1.822500e-01  2.000000e-07
 73  84  0  0  0  2  4.743334e-01  2.000000e-07
 73  58  0  0  0  2  5.939619e-02  2.000000e-07
 73  83  0 -1  0  2  3.706934e-01  2.000000e-07
 73  2 -1  0  0  2  4.076198e-01  2.000000e-07
 80  1  0  0  0  2  7.392909e-02  2.000000e-07
 80  3  0  0  0  2  1.114613e-01  2.000000e-07
 80  88  1  0  0  2  2.639988e-01  2.000000e-07
 80  81  0  0  0  2  1.972211e-01  2.000000e-07
 1  3  0  0  0  2  5.745374e-02  2.000000e-07
 1  2  0  0  0  2  8.478143e-02  2.000000e-07
 51  63  0  0  0  2  1.381777e-01  2.000000e-07
 51  49  0  0  0  2  1.912763e-01  2.000000e-07
 51  47  0  0  0  2  3.365458e-02  2.000000e-07
 51  88  0  0  0  2  3.215966e-01  2.000000e-07
 51  64  0  0  0  2  1.552592e-01  2.000000e-07
 51  83  0  0  0  2  2.129983e-01  2.000000e-07
 62  47  0  0  0  2  1.232834e-01  2.000000e-07
 62  88  0  0  0  2  1.794561e-01  2.000000e-07
 62  83  0  0  0  2  3.195928e-01  2.000000e-07
 3  65  0  0  0  2  2.661465e-01  2.000000e-07
 3  63  0  0  0  2  4.054996e-01  2.000000e-07
 3  64  0  0  0  2  3.901061e-01  2.000000e-07
 3  81  0  0  0  2  1.442692e-01  2.000000e-07
 42  85  0  0  0  2  7.212893e-02  2.000000e-07
 42  84  0  0  0  2  2.289429e-01  2.000000e-07
 42  58  1  0  0  2  2.716947e-01  2.000000e-07
 42  83  1 -1  0  2  4.198822e-01  2.000000e-07
 65  63  0  0  0  2  3.996035e-01  2.000000e-07
 65  49  0  0  0  2  4.128708e-01  2.000000e-07
 65  64  0  0  0  2  3.934178e-01  2.000000e-07
 65  84  0  1  0  2  3.339441e-01  2.000000e-07
 65  74  0  0  0  2  5.308298e-02  2.000000e-07
 63  66  0  0  0  2  3.052017e-01  2.000000e-07
 63  47  0  0  0  2  1.108969e-01  2.000000e-07
 63  88  0  0  0  2  3.268872e-01  2.000000e-07
 63  64  0  0  0  2  1.788575e-02  2.000000e-07
 63  84  0  0  0  2  4.829308e-01  2.000000e-07
 63  58  0  0  0  2  4.368301e-01  2.000000e-07
 85  84  0  0  0  2  1.917963e-01  2.000000e-07
 85  58  1  0  0  2  2.898487e-01  2.000000e-07
 85  2  0  0  0  2  3.153067e-01  2.000000e-07
 49  59  0  1  0  2  4.396298e-01  2.000000e-07
 49  64  0  0  0  2  3.238183e-01  2.000000e-07
 49  84  0  1  0  2  5.103109e-01  2.000000e-07
 49  58  0  1  0  2  3.697740e-01  2.000000e-07
 49  83  0  0  0  2  4.547809e-02  2.000000e-07
 47  88  0  0  0  2  3.002713e-01  2.000000e-07
 47  83  0  0  0  2  2.466130e-01  2.000000e-07
 88  64  0  0  0  2  3.368995e-01  2.000000e-07
 88  2 -1  0  0  2  2.473315e-01  2.000000e-07
 84  58  0  0  0  2  5.201777e-01  2.000000e-07
 84  83  0 -1  0  2  5.374888e-01  2.000000e-07
 74  75  1  1  0  2  4.492336e-01  2.000000e-07
 74  81  0  0  0  2  1.544467e-01  2.000000e-07
 58  86 -1  0  0  2  2.516147e-01  2.000000e-07
 58  83  0 -1  0  2  3.451977e-01  2.000000e-07
 81  2  0  0  0  2  2.355318e-01  2.000000e-07
 2  62  1  0  0  2  3.259843e-01  2.000000e-07
 78  75  1  1  0  1  3.962382e-01  3.000000e-07
 78  79  1  0  0  1  2.350346e-01  3.000000e-07
 78  45  0  1  0  1  2.792139e-01  3.000000e-07
 78  74  0  0  0  1  1.311014e-01  3.000000e-07
 52  59  0  0  0  1  3.087026e-01  3.000000e-07
 52  53  0  0  0  1  1.774862e-01  3.000000e-07
 52  54  0  0  0  1  1.650651e-01  3.000000e-07
 52  73  0  0  0  1  3.321722e-01  3.000000e-07
 52  41  0  0  0  1  7.883983e-02  3.000000e-07
 52  84  0  0  0  1  1.450022e-01  3.000000e-07
 5  56  0  0  0  1  8.552298e-02  3.000000e-07
 5  57  0  0  0  1  2.579057e-01  3.000000e-07
 5  72  0  0  0  1  1.660231e-01  3.000000e-07
 5  66  0  0  0  1  1.807375e-01  3.000000e-07
 87  46  0  0  0  1  1.090476e-01  3.000000e-07
 87  79  0  0  0  1  9.162780e-02  3.000000e-07
 87  51  0  0  0  1  1.267712e-01  3.000000e-07
 87  83  0  0  0  1  1.698774e-01  3.000000e-07
 70  0  0  0  0  1  1.182248e-01  3.000000e-07
 70  79  1  0  0  1  2.702613e-01  3.000000e-07
 70  72  0  0  0  1  1.786766e-01  3.000000e-07
 70  80  0  0  0  1  1.260135e-01  3.000000e-07
 70  3  0  0  0  1  5.999381e-02  3.000000e-07
 70  81  0  0  0  1  8.605857e-02  3.000000e-07
 43  44  0  0  0  1  9.814836e-02  3.000000e-07
 43  55  0  0  0  1  1.768884e-01  3.000000e-07
 43  45  0  0  0  1  1.773638e-01  3.000000e-07
 43  67  0  0  0  1  2.601194e-01  3.000000e-07
 71  59  0  0  0  1  1.426710e-01  3.000000e-07
 71  46  0  0  0  1  1.962334e-01  3.000000e-07
 71  62  0  0  0  1  1.563206e-01  3.000000e-07
 48  57  0  0  0  1  1.223767e-01  3.000000e-07
 48  51  0  0  0  1  1.506292e-01  3.000000e-07
 48  83  0  0  0  1  6.677343e-02  3.000000e-07
 89  67  0  0  0  1  1.215678e-01  3.000000e-07
 89  72  0  0  0  1  1.143872e-01  3.000000e-07
 89  66  0  0  0  1  1.165848e-01  3.000000e-07
 89  1  0  0  0  1  8.505575e-02  3.000000e-07
 89  3  0  0  0  1  9.972536e-02  3.000000e-07
 59  53  0  0  0  1  3.052656e-01  3.000000e-07
 59  73  0  0  0  1  6.398359e-02  3.000000e-07
 59  62  0  0  0  1  2.570938e-01  3.000000e-07
 59  63  0  0  0  1  3.186520e-01  3.000000e-07
 59  64  0  0  0  1  3.204899e-01  3.000000e-07
 50  54  0  1  0  1  2.604503e-01  3.000000e-07
 50  55  0  1  0  1  3.207928e-01  3.000000e-07
 50  57  0  0  0  1  1.114201e-01  3.000000e-07
 50  65  0  0  0  1  3.368080e-01  3.000000e-07
 50  49  0  0  0  1  7.634040e-02  3.000000e-07
 40  44  0  0  0  1  1.078411e-01  3.000000e-07
 40  67  0  0  0  1  1.850308e-01  3.000000e-07
 40  85  0  0  0  1  5.988834e-02  3.000000e-07
 44  45  0  0  0  1  1.287485e-01  3.000000e-07
 44  67  0  0  0  1  2.323504e-01  3.000000e-07
 44  42  0  0  0  1  1.217282e-01  3.000000e-07
 44  85  0  0  0  1  7.701687e-02  3.000000e-07
 53  66  0  0  0  1  1.465418e-01  3.000000e-07
 53  64  0  0  0  1  2.012881e-01  3.000000e-07
 46  80 -1  0  0  1  2.612528e-01  3.000000e-07
 46  51  0  0  0  1  1.616093e-01  3.000000e-07
 46  62  0  0  0  1  8.548751e-02  3.000000e-07
 46  88  0  0  0  1  2.069464e-01  3.000000e-07
 54  75  0  0  0  1  3.829843e-01  3.000000e-07
 54  73  0  0  0  1  3.560340e-01  3.000000e-07
 54  41  0  0  0  1  1.406532e-01  3.000000e-07
 54  49  0 -1  0  1  3.065711e-01  3.000000e-07
 55  65  0 -1  0  1  1.702565e-01  3.000000e-07
 55  41  0  0  0  1  1.681912e-01  3.000000e-07
 55  84  0  0  0  1  1.776872e-01  3.000000e-07
 55  74  0 -1  0  1  1.976210e-01  3.000000e-07
 56  66  0  0  0  1  1.413201e-01  3.000000e-07
 56  64  0  0  0  1  1.661324e-01  3.000000e-07
 0  72  0  0  0  1  2.327350e-01  3.000000e-07
 0  74  0  0  0  1  1.090622e-01  3.000000e-07
 75  79  0 -1  0  1  3.356334e-01  3.000000e-07
 75  82 -1  0  0  1  1.999731e-01  3.000000e-07
 75  73  0  0  0  1  1.864153e-01  3.000000e-07
 75  49  0 -1  0  1  2.603761e-01  3.000000e-07
 75  58  0  0  0  1  1.391691e-01  3.000000e-07
 75  83  0 -1  0  1  2.264676e-01  3.000000e-07
 60  57  0  0  0  1  7.914593e-02  3.000000e-07
 60  51  0  0  0  1  5.864997e-02  3.000000e-07
 60  63  0  0  0  1  9.779955e-02  3.000000e-07
 60  47  0  0  0  1  5.584441e-02  3.000000e-07
 60  64  0  0  0  1  1.121966e-01  3.000000e-07
 79  80 -1  0  0  1  2.767583e-01  3.000000e-07
 45  82  0  0  0  1  1.281451e-01  3.000000e-07
 45  42  0  0  0  1  9.604188e-02  3.000000e-07
 45  74  0 -1  0  1  2.336543e-01  3.000000e-07
 86  82  0  0  0  1  1.403840e-01  3.000000e-07
 86  67  0  0  0  1  1.906448e-01  3.000000e-07
 86  85  0  0  0  1  8.865507e-02  3.000000e-07
 86  88  1  0  0  1  2.477471e-01  3.000000e-07
 86  58  1  0  0  1  2.516147e-01  3.000000e-07
 86  2  0  0  0  1  2.381311e-01  3.000000e-07
 82  85  0  0  0  1  9.216729e-02  3.000000e-07
 82  58  1  0  0  1  2.347908e-01  3.000000e-07
 57  51  0  0  0  1  9.915955e-02  3.000000e-07
 57  65  0  0  0  1  3.397004e-01  3.000000e-07
 57  64  0  0  0  1  1.808890e-01  3.000000e-07
 67  1  0  0  0  1  1.392339e-01  3.000000e-07
 67  84  0  0  0  1  2.617427e-01  3.000000e-07
 67  2  0  0  0  1  1.364566e-01  3.000000e-07
 72  66  0  0  0  1  1.748229e-01  3.000000e-07
 72  3  0  0  0  1  1.398271e-01  3.000000e-07
 72  65  0  0  0  1  2.390162e-01  3.000000e-07
 72  74  0  0  0  1  2.469236e-01  3.000000e-07
 66  84  0  0  0  1  2.544394e-01  3.000000e-07
 73  88  0  0  0  1  1.822500e-01  3.000000e-07
 73  58  0  0  0  1  5.939619e-02  3.000000e-07
 80  1  0  0  0  1  7.392909e-02  3.000000e-07
 80  3  0  0  0  1  1.114613e-01  3.000000e-07
 80  88  1  0  0  1  2.639988e-01  3.000000e-07
 1  3  0  0  0  1  5.745374e-02  3.000000e-07
 62  63  0  0  0  1  1.829567e-01  3.000000e-07
 62  47  0  0  0  1  1.232834e-01  3.000000e-07
 42  85  0  0  0  1  7.212893e-02  3.000000e-07
 63  47  0  0  0  1  1.108969e-01  3.000000e-07
 41  84  0  0  0  1  7.947470e-02  3.000000e-07
 88  58  0  0  0  1  1.970558e-01  3.000000e-07
 88  2 -1  0  0  1  2.473315e-01  3.000000e-07
 81  79  1  0  0  1  2.339771e-01  3.000000e-07
 2.936196e-01  3.438424e-01  0
 2.881632e-01  1.219061e-01  0
 3.595681e-01  7.619803e-02  0
 2.680206e-01  1.757133e-01  0
 1.020392e-01  1.180995e-01  1.245176e-01
-1.815072e-02  1.017913e-01  0
 3.571300e-01  2.448538e-01  2.469649e-01
 2.507700e-01 -4.334300e-01  3.776544e-01
 2.022246e-01  4.130363e-01  3.690446e-01
 7.032329e-02  4.235108e-01  2.275668e-01
 2.171951e-01  1.086004e-02  4.278414e-01
-2.794397e-01 -2.445963e-01  1.339906e-01
-2.173854e-01  4.102708e-01  1.643885e-01
 3.590610e-01 -2.382639e-01  3.813668e-01
-4.097606e-01 -4.051382e-01  2.363220e-01
-1.685121e-01  1.539236e-01  2.031244e-01
-3.351228e-01  1.886037e-02  3.320643e-01
 3.295481e-01 -3.990961e-01 -1.943393e-01
-4.445886e-01 -2.898611e-01 -2.538023e-01
 1.114447e-01 -9.254316e-02 -2.940704e-01
-1.303364e-01  9.916700e-02 -2.913489e-01
-2.533019e-01  2.875398e-02 -3.692857e-01
-4.623966e-02  1.450781e-01 -1.270205e-01
 8.693140e-02 -2.408347e-01 -1.016543e-01
-1.705840e-01 -4.322997e-01 -1.325472e-01
-3.520742e-01  6.910078e-02 -4.388476e-01
 4.497116e-01 -1.110276e-01 -3.644446e-01
-3.943537e-01 -8.921019e-02 -3.976272e-01
-2.905978e-01 -2.637290e-01 -3.134475e-01
 2.076369e-01  1.367292e-01 -4.423623e-01
-2.248671e-02  2.143379e-01 -3.627783e-01
 1.885475e-01 -2.124441e-01 -4.054126e-01
 4.251701e-01  7.501825e-02 -3.663748e-01
-6.336210e-02 -3.041116e-01 -4.283170e-01
-1.197752e-02  4.057954e-01  2.707933e-01
 3.118322e-01  2.961502e-01 -3.076186e-01
 9.990146e-02 -3.762447e-01  1.648098e-01
 1.907063e-01  2.891603e-01  3.744248e-01
 3.789860e-02  1.715128e-01  2.482608e-01
-3.300441e-02  8.606030e-02  2.902070e-01
 3.410709e-01 -1.786180e-01  0
 6.311350e-02 -2.578325e-01  0
 3.645222e-01 -3.031890e-01  0
 1.592257e-01 -2.548411e-01  0
 2.569880e-01 -2.461440e-01  0
 2.947809e-01 -3.692208e-01  0
-3.848527e-01  1.793288e-01  0
-2.273289e-01  2.090276e-01  0
-2.614292e-01  3.900374e-01  0
-2.560478e-01  4.318110e-01  0
-1.801851e-01  4.232844e-01  0
-2.357293e-01  2.416169e-01  0
 3.545303e-03 -2.061862e-01  0
-7.727265e-03 -2.905828e-02  0
-2.290225e-02 -3.691187e-01  0
 1.007055e-01 -4.217689e-01  0
-6.115890e-03  1.711938e-02  0
-1.665899e-01  3.126968e-01  0
-3.772115e-01 -2.188294e-01  0
-2.956976e-01 -1.303509e-01  0
-1.775361e-01  2.343115e-01  0
-3.816368e-01  6.185589e-02  1.680708e-01
-3.182362e-01  1.257531e-01  0
-1.363595e-01  1.456028e-01  0
-1.202433e-01  1.378460e-01  0
 1.565715e-01  4.174012e-01  0
 1.347144e-01  5.363707e-03  0
 2.569918e-01 -1.379361e-02  0
 3.947529e-01 -3.989750e-01  2.830427e-01
 2.752728e-01 -4.163432e-01 -1.450681e-01
 3.009738e-01  2.258465e-01  0
-3.821897e-01 -1.688658e-02  0
 1.282614e-01  1.800675e-01  0
-3.279877e-01 -1.855890e-01  0
 2.094917e-01  4.132475e-01  0
-4.056286e-01 -3.550663e-01  0
 2.276964e-01  2.740704e-01 -2.743416e-01
 2.236138e-01 -1.067637e-01 -1.660282e-01
 3.260985e-01  3.533272e-01  0
-4.426462e-01  3.113479e-01  0
 3.618136e-01  1.154929e-01  0
 3.233892e-01  3.089346e-01  0
 4.022814e-01 -2.994725e-01  0
-2.996304e-01  4.448038e-01  0
 1.420924e-01 -2.489687e-01  0
 3.335768e-01 -2.380356e-01  0
 3.778554e-01 -1.612298e-01  0
-3.551188e-01  2.842443e-01  0
-4.149394e-01 -2.541892e-02  0
 2.068504e-01  9.695194e-02  0