 719  90  1.200000e-05  66 -2 -2
 33  26  1  0  0  3  6.591231e-01  1.000000e-07
 33  64  0  0  0  3  3.284824e-01  1.000000e-07
 33  83  0  0  0  3  1.971641e-01  1.000000e-07
 33  84  0  0  0  3  1.105822e-01  1.000000e-07
 33  28  0  0  0  3  2.478713e-01  1.000000e-07
 33  37  0  0  0  3  3.429068e-01  1.000000e-07
 33  35  0  0  0  3  7.258336e-02  1.000000e-07
 33  38  1  0  0  3  5.709766e-01  1.000000e-07
 33  39  0  0  0  3  1.601640e-01  1.000000e-07
 26  64  0  0  0  3  4.091355e-01  1.000000e-07
 26  40  0  0  0  3  1.122495e-01  1.000000e-07
 26  37 -1  0  0  3  6.838206e-01  1.000000e-07
 26  38  0  0  0  3  2.514095e-01  1.000000e-07
 17  83  0  0  0  3  3.334577e-01  1.000000e-07
 17  84  0  0  0  3  3.936129e-01  1.000000e-07
 17  37 -1  0  0  3  4.726840e-01  1.000000e-07
 17  43  0  0  0  3  3.736948e-01  1.000000e-07
 17  38  0  0  0  3  4.816697e-01  1.000000e-07
 17  39  0  0  0  3  3.546963e-01  1.000000e-07
 17  44  0  0  1  3  5.237383e-01  1.000000e-07
 34  83  0  0  0  3  2.617834e-01  1.000000e-07
 34  37  0  0  0  3  3.108064e-01  1.000000e-07
 34  21  0  0  1  3  2.901529e-01  1.000000e-07
 34  18  0  0  1  3  5.061034e-01  1.000000e-07
 34  25  0  0  1  3  4.805085e-01  1.000000e-07
 34  24  0  0  1  3  3.284250e-01  1.000000e-07
 34  29  0  0  1  3  3.131228e-01  1.000000e-07
 34  22  0  0  1  3  3.032178e-01  1.000000e-07
 34  19  0  0  1  3  3.431645e-01  1.000000e-07
 64  84  0  0  0  3  3.295295e-01  1.000000e-07
 64  40  0  0  0  3  3.473211e-01  1.000000e-07
 64  43  1 -1  0  3  4.717053e-01  1.000000e-07
 64  27  0 -1  0  3  3.778440e-01  1.000000e-07
 83  37  0  0  0  3  3.489906e-01  1.000000e-07
 83  30  0  0  0  3  4.426369e-01  1.000000e-07
 83  35  0  0  0  3  2.062694e-01  1.000000e-07
 83  27  0  0  0  3  2.763986e-01  1.000000e-07
 83  32  0  0  0  3  3.894558e-01  1.000000e-07
 31  40  0  1  0  3  3.461615e-01  1.000000e-07
 31  30  0  0  0  3  3.320858e-01  1.000000e-07
 31  43  0  0  0  3  3.818893e-01  1.000000e-07
 31  27  0  0  0  3  3.787347e-01  1.000000e-07
 31  32 -1  0  0  3  5.020742e-01  1.000000e-07
 31  44  0  0  1  3  4.993232e-01  1.000000e-07
 31  36  0  1  1  3  4.455332e-01  1.000000e-07
 31  48  0  0  1  3  4.486098e-01  1.000000e-07
 31  29  0  0  1  3  3.681250e-01  1.000000e-07
 84  28  0  0  0  3  3.115260e-01  1.000000e-07
 84  30  0 -1  0  3  4.371288e-01  1.000000e-07
 84  35  0  0  0  3  8.328715e-02  1.000000e-07
 84  39  0  0  0  3  1.186714e-01  1.000000e-07
 84  24  0  0  1  3  3.082100e-01  1.000000e-07
 20  40  0  0  0  3  3.167325e-01  1.000000e-07
 20  37 -1  0  0  3  5.861004e-01  1.000000e-07
 20  35  0  0  0  3  2.884049e-01  1.000000e-07
 20  38  0  0  0  3  1.796585e-01  1.000000e-07
 20  39  0  0  0  3  2.665302e-01  1.000000e-07
 20  24  0  0  1  3  1.948583e-01  1.000000e-07
 20  44  0  0  1  3  4.779711e-01  1.000000e-07
 20  36  0  0  1  3  2.989622e-01  1.000000e-07
 40  38  0  0  0  3  2.523821e-01  1.000000e-07
 40  27  0 -1  0  3  5.057896e-01  1.000000e-07
 28  30  0 -1  0  3  2.680538e-01  1.000000e-07
 28  35  0  0  0  3  2.934775e-01  1.000000e-07
 28  43  1 -1  0  3  4.288622e-01  1.000000e-07
 28  32  0 -1  0  3  4.296135e-01  1.000000e-07
 28  42  0 -1  1  3  3.857848e-01  1.000000e-07
 28  36  0  0  1  3  3.746248e-01  1.000000e-07
 28  41  1  0  1  3  5.240297e-01  1.000000e-07
 37  39  0  0  0  3  3.663285e-01  1.000000e-07
 37  21  0  0  1  3  4.052140e-01  1.000000e-07
 37  46  0  0  1  3  2.987506e-01  1.000000e-07
 30  43  1  0  0  3  4.416477e-01  1.000000e-07
 30  32  0  0  0  3  3.180884e-01  1.000000e-07
 30  42  0  0  1  3  4.307685e-01  1.000000e-07
 30  36  0  1  1  3  4.130801e-01  1.000000e-07
 30  29  0  0  1  3  4.007742e-01  1.000000e-07
 35  39  0  0  0  3  1.004884e-01  1.000000e-07
 35  24  0  0  1  3  3.028938e-01  1.000000e-07
 35  36  0  0  1  3  3.651331e-01  1.000000e-07
 35  19  0  0  1  3  3.317218e-01  1.000000e-07
 43  38  0  1  0  3  3.463348e-01  1.000000e-07
 38  21 -1  0  1  3  4.505820e-01  1.000000e-07
 38  48  0 -1  1  3  4.139656e-01  1.000000e-07
 38  19  0  0  1  3  3.305062e-01  1.000000e-07
 27  32  0  0  0  3  3.097726e-01  1.000000e-07
 32  46  0  0  1  3  3.663717e-01  1.000000e-07
 32  29  0  0  1  3  3.256909e-01  1.000000e-07
 39  24  0  0  1  3  2.659307e-01  1.000000e-07
 39  49  0  0  1  3  3.252561e-01  1.000000e-07
 39  29  0  0  1  3  3.113615e-01  1.000000e-07
 21  25  0  0  0  3  4.051144e-01  1.000000e-07
 21  42  0 -1  0  3  4.068654e-01  1.000000e-07
 21  44  1  0  0  3  3.389806e-01  1.000000e-07
 21  36  0  0  0  3  4.374363e-01  1.000000e-07
 21  23  1  0  0  3  2.599459e-01  1.000000e-07
 21  22  0  0  0  3  2.871633e-01  1.000000e-07
 13  44  0  0  0  3  1.083097e-01  1.000000e-07
 13  49  0  0  0  3  3.040572e-01  1.000000e-07
 13  45  0  0  0  3  3.368519e-01  1.000000e-07
 13  46 -1  0  0  3  3.393438e-01  1.000000e-07
 13  47 -1  0  0  3  3.289926e-01  1.000000e-07
 13  48  0  0  0  3  3.288480e-01  1.000000e-07
 18  89  0  0  0  3  3.116126e-01  1.000000e-07
 18  25  0  0  0  3  1.963612e-01  1.000000e-07
 18  24  0  0  0  3  3.306323e-01  1.000000e-07
 18  63  0  0  0  3  4.925227e-01  1.000000e-07
 89  25  0  1  0  3  5.851870e-01  1.000000e-07
 89  42  0  0  0  3  5.042692e-01  1.000000e-07
 89  24  0  0  0  3  3.410288e-01  1.000000e-07
 89  45  0  0  0  3  3.400995e-01  1.000000e-07
 89  29  0  0  0  3  4.179243e-01  1.000000e-07
 89  23  0  0  0  3  3.362793e-01  1.000000e-07
 25  41  0  0  0  3  4.131577e-01  1.000000e-07
 25  19  0  0  0  3  2.671708e-01  1.000000e-07
 42  16  1  0  0  3  4.913281e-01  1.000000e-07
 42  49  0  0  0  3  4.818450e-01  1.000000e-07
 42  46  0  0  0  3  2.695800e-01  1.000000e-07
 24  22  0  0  0  3  4.381388e-01  1.000000e-07
 24  19  0  0  0  3  2.252055e-01  1.000000e-07
 44  46 -1  0  0  3  2.852693e-01  1.000000e-07
 44  47 -1  0  0  3  3.033482e-01  1.000000e-07
 44  23  0  0  0  3  1.393840e-01  1.000000e-07
 44  22 -1  0  0  3  3.127296e-01  1.000000e-07
 16  45  0  0  0  3  6.983783e-02  1.000000e-07
 16  46 -1  0  0  3  4.474581e-01  1.000000e-07
 16  47 -1  0  0  3  4.420101e-01  1.000000e-07
 16  48  0  0  0  3  1.053382e-01  1.000000e-07
 16  41  0  1  0  3  2.761601e-01  1.000000e-07
 16  63 -1  1  0  3  4.585463e-01  1.000000e-07
 36  45  0 -1  0  3  3.618266e-01  1.000000e-07
 36  48  0 -1  0  3  3.609756e-01  1.000000e-07
 36  19  0  0  0  3  7.194144e-02  1.000000e-07
 49  45  0  0  0  3  4.143335e-01  1.000000e-07
 49  47  0  0  0  3  4.321275e-01  1.000000e-07
 49  48  0  0  0  3  4.083883e-01  1.000000e-07
 49  29  0  0  0  3  3.017257e-01  1.000000e-07
 49  23  0  0  0  3  3.452037e-01  1.000000e-07
 49  22  0  0  0  3  3.478665e-01  1.000000e-07
 45  29  0  0  0  3  5.396100e-01  1.000000e-07
 45  41  0  1  0  3  2.757419e-01  1.000000e-07
 45  19  0  1  0  3  3.810592e-01  1.000000e-07
 46  48  1  0  0  3  4.537136e-01  1.000000e-07
 46  29  0  0  0  3  1.861349e-01  1.000000e-07
 46  22  0  0  0  3  1.302191e-01  1.000000e-07
 47  29  0  0  0  3  2.609973e-01  1.000000e-07
 47  23  1  0  0  3  3.722607e-01  1.000000e-07
 47  22  0  0  0  3  1.619949e-01  1.000000e-07
 47  63  0  0  0  3  3.993277e-01  1.000000e-07
 48  41  0  1  0  3  2.814607e-01  1.000000e-07
 48  19  0  1  0  3  3.807660e-01  1.000000e-07
 41  23  0  0  0  3  2.759633e-01  1.000000e-07
 41  63 -1  0  0  3  2.497059e-01  1.000000e-07
 41  19  0  0  0  3  3.471496e-01  1.000000e-07
 23  20  0  0 -1  3  4.162574e-01  1.000000e-07
 23  22 -1  0  0  3  3.526146e-01  1.000000e-07
 23  63 -1  0  0  3  2.272277e-01  1.000000e-07
 22  63  0  0  0  3  3.374565e-01  1.000000e-07
 32  53  0  0  0  3  4.224911e-01  1.000000e-07
 6  63  0  0  0  3  2.982148e-01  1.000000e-07
 43  50 -1  0  0  3  2.191477e-01  1.000000e-07
 62  42  0  0  0  3  4.033681e-01  1.000000e-07
 27  59  0  0  0  3  1.088406e-01  1.000000e-07
 69  47  0  0  0  3  2.264436e-01  1.000000e-07
 27  59  0  0  0  3  1.134907e-01  1.000000e-07
 69  42  0  0  0  3  3.506994e-01  1.000000e-07
 26  52  0  0  0  3  1.968926e-01  1.000000e-07
 60  63 -1  0  0  3  3.298338e-01  1.000000e-07
 63  51  1  0  0  3  3.534584e-01  1.000000e-07
 55  17  0  0  0  3  2.920295e-01  1.000000e-07
 83  9  0  0  0  3  2.688666e-01  1.000000e-07
 72  18  0  0  0  3  1.275422e-01  1.000000e-07
 43  88  0  0  0  3  1.739244e-01  1.000000e-07
 70  16  0  0  0  3  1.956933e-01  1.000000e-07
 27  75  0  0  0  3  2.071969e-01  1.000000e-07
 71  25  0  1  0  3  3.114787e-01  1.000000e-07
 26  60  0  0  0  3  1.731841e-01  1.000000e-07
 52  16  0 -1  0  3  2.324070e-01  1.000000e-07
 64  3  0  0  0  3  1.842755e-01  1.000000e-07
 5  63  0  0  0  3  3.155682e-01  1.000000e-07
 17  82  0  0  0  3  1.993311e-01  1.000000e-07
 87  89  0  0  0  3  1.746979e-01  1.000000e-07
 26  60  0  0  0  3  1.481184e-01  1.000000e-07
 52  41  0  0  0  3  2.628565e-01  1.000000e-07
 84  12  0  0  0  3  3.413717e-01  1.000000e-07
 72  18  0  0  0  3  1.072903e-01  1.000000e-07
 40  81  0  0  0  3  2.710571e-01  1.000000e-07
 85  18  0  0  0  3  1.473609e-01  1.000000e-07
 40  60  0  0  0  3  2.058129e-01  1.000000e-07
 52  45  0 -1  0  3  2.605531e-01  1.000000e-07
 27  80  0  0  0  3  1.684906e-01  1.000000e-07
 1  89  0  0  0  3  2.876911e-01  1.000000e-07
 64  67  0  0  0  3  2.217811e-01  1.000000e-07
 68  18  0  0  0  3  1.659734e-01  1.000000e-07
 40  68  0  0  0  3  2.365270e-01  1.000000e-07
 67  25  0  0  0  3  1.875898e-01  1.000000e-07
 64  67  0  0  0  3  1.513472e-01  1.000000e-07
 68  25  0  0  0  3  1.652325e-01  1.000000e-07
 26  57  0  0  0  3  2.296290e-01  1.000000e-07
 60  13  0  0  0  3  3.814566e-01  1.000000e-07
 43  61  0  0  0  3  2.183081e-01  1.000000e-07
 15  13  0  0  0  3  3.040623e-01  1.000000e-07
 32  55  1  0  0  3  3.719581e-01  1.000000e-07
 61  13  0  0  0  3  2.603505e-01  1.000000e-07
 65  73  0  0  0  2  2.366056e-01  2.000000e-07
 65  67  0  0  0  2  2.346307e-01  2.000000e-07
 65  66  0  0  0  2  3.411824e-01  2.000000e-07
 65  81  0  0  0  2  4.131536e-01  2.000000e-07
 65  12  0  0  0  2  2.964352e-01  2.000000e-07
 65  68  0  0  0  2  2.607060e-01  2.000000e-07
 65  50  0 -1  0  2  4.680181e-01  2.000000e-07
 65  50  0  0  0  2  5.397694e-01  2.000000e-07
 65  7  0 -1  0  2  5.539492e-01  2.000000e-07
 65  3  0  0  0  2  9.714867e-02  2.000000e-07
 65  8  0  0  0  2  3.465237e-01  2.000000e-07
 65  53  0  0  0  2  2.436765e-01  2.000000e-07
 65  54  0  0  0  2  5.288391e-02  2.000000e-07
 65  5  0  0  0  2  1.491002e-01  2.000000e-07
 65  56  0  0  0  2  2.379269e-01  2.000000e-07
 65  11  0  0  0  2  3.253247e-01  2.000000e-07
 65  58  0  0  0  2  2.414999e-01  2.000000e-07
 65  2  0  0  0  2  7.100208e-02  2.000000e-07
 65  71  0 -1  0  2  4.195480e-01  2.000000e-07
 4  65  0  0  0  2  1.593061e-01  2.000000e-07
 4  50  0 -1  0  2  3.916979e-01  2.000000e-07
 4  3  0  0  0  2  1.126234e-01  2.000000e-07
 4  60  1  0  0  2  3.324811e-01  2.000000e-07
 4  51  1  0  0  2  4.193459e-01  2.000000e-07
 4  52  1  0  0  2  2.449991e-01  2.000000e-07
 4  53  0  0  0  2  2.469568e-01  2.000000e-07
 4  57  1  0  0  2  3.994520e-01  2.000000e-07
 4  54  0  0  0  2  1.339110e-01  2.000000e-07
 4  5  0  0  0  2  8.797965e-02  2.000000e-07
 4  56  0  0  0  2  8.037801e-02  2.000000e-07
 4  56  0  0  0  2  8.037801e-02  2.000000e-07
 4  58  0  0  0  2  2.765187e-01  2.000000e-07
 4  2  0  0  0  2  1.355930e-01  2.000000e-07
 4  59  0 -1  0  2  4.710600e-01  2.000000e-07
 85  67  0  0  0  2  2.346076e-01  2.000000e-07
 85  81  0  0  0  2  5.375413e-02  2.000000e-07
 85  12  0  0  0  2  8.695132e-02  2.000000e-07
 85  60  0  0  0  2  2.009673e-01  2.000000e-07
 85  51  0  0  0  2  2.486803e-01  2.000000e-07
 85  57  0  0  0  2  9.345704e-02  2.000000e-07
 85  9  0  0  0  2  1.145767e-01  2.000000e-07
 85  78  0  0  0  2  2.336873e-01  2.000000e-07
 85  79  0 -1  0  2  4.756897e-01  2.000000e-07
 85  11  0  0  0  2  1.935463e-01  2.000000e-07
 85  71  0 -1  0  2  4.265913e-01  2.000000e-07
 73  67  0  0  0  2  2.547093e-01  2.000000e-07
 73  72  0  0  0  2  9.905900e-02  2.000000e-07
 73  12  0  0  0  2  1.406648e-01  2.000000e-07
 73  1  0  0  0  2  3.205757e-01  2.000000e-07
 73  87  0  0  0  2  2.959411e-01  2.000000e-07
 73  3  0  0  0  2  3.133516e-01  2.000000e-07
 73  54  0  0  0  2  2.721306e-01  2.000000e-07
 73  5  0  0  0  2  3.705472e-01  2.000000e-07
 73  9  0  0  0  2  1.004711e-01  2.000000e-07
 73  78  0  0  0  2  1.997700e-01  2.000000e-07
 73  11  0  0  0  2  8.873770e-02  2.000000e-07
 73  2  0  0  0  2  2.810469e-01  2.000000e-07
 73  74  0  0  0  2  1.861775e-01  2.000000e-07
 67  72  0  0  0  2  1.729014e-01  2.000000e-07
 67  12  0  0  0  2  1.809554e-01  2.000000e-07
 67  68  0  0  0  2  2.611872e-02  2.000000e-07
 67  3  0  0  0  2  2.211755e-01  2.000000e-07
 67  60  0  0  0  2  3.433332e-01  2.000000e-07
 67  57  0  0  0  2  3.221680e-01  2.000000e-07
 67  5  0  0  0  2  2.585979e-01  2.000000e-07
 67  9  0  0  0  2  2.343998e-01  2.000000e-07
 67  0  0 -1  0  2  3.583004e-01  2.000000e-07
 67  58  0  0  0  2  1.225290e-01  2.000000e-07
 67  71  0 -1  0  2  2.414949e-01  2.000000e-07
 10  66  0  0  0  2  2.193777e-01  2.000000e-07
 10  72  0  0  0  2  2.782793e-01  2.000000e-07
 10  81  0  0  0  2  2.443427e-01  2.000000e-07
 10  68  0  0  0  2  4.305293e-01  2.000000e-07
 10  87  0  0  0  2  5.528230e-02  2.000000e-07
 10  51  0  0  0  2  6.849347e-02  2.000000e-07
 10  52  0  0  0  2  3.870372e-01  2.000000e-07
 10  53 -1  0  0  2  3.481891e-01  2.000000e-07
 10  82  0  0  0  2  1.292596e-01  2.000000e-07
 10  57  0  0  0  2  1.726308e-01  2.000000e-07
 10  55  0  0  0  2  1.667860e-01  2.000000e-07
 10  56 -1  0  0  2  4.648312e-01  2.000000e-07
 10  86  0  0  0  2  2.403260e-01  2.000000e-07
 10  70  0  0  0  2  3.073682e-01  2.000000e-07
 66  72  0  0  0  2  1.987796e-01  2.000000e-07
 66  81  0  0  0  2  3.137743e-01  2.000000e-07
 66  12  0  0  0  2  2.191899e-01  2.000000e-07
 66  68  0  0  0  2  3.815375e-01  2.000000e-07
 66  50  0  0  0  2  4.447720e-01  2.000000e-07
 66  8  0  0  0  2  4.288111e-02  2.000000e-07
 66  51  0  0  0  2  2.869607e-01  2.000000e-07
 66  53  0  0  0  2  4.407893e-01  2.000000e-07
 66  82  0  0  0  2  2.417196e-01  2.000000e-07
 66  54  0  0  0  2  3.674549e-01  2.000000e-07
 66  69  0  0  0  2  2.455912e-01  2.000000e-07
 66  86  0  0  0  2  9.743068e-02  2.000000e-07
 66  6  0  0  0  2  3.608738e-01  2.000000e-07
 66  2  0  0  0  2  3.722565e-01  2.000000e-07
 66  80  0  0  0  2  1.572135e-01  2.000000e-07
 66  74  0  0  0  2  1.755858e-01  2.000000e-07
 72  81  0  0  0  2  1.807107e-01  2.000000e-07
 72  1  0  0  0  2  4.130522e-01  2.000000e-07
 72  68  0  0  0  2  1.836970e-01  2.000000e-07
 72  87  0  0  0  2  3.140995e-01  2.000000e-07
 72  3  0  0  0  2  2.976194e-01  2.000000e-07
 72  57  0  0  0  2  2.285782e-01  2.000000e-07
 72  9  0  0  0  2  6.751503e-02  2.000000e-07
 72  86  0  0  0  2  2.957854e-01  2.000000e-07
 72  78  0  0  0  2  2.389724e-01  2.000000e-07
 72  2  0  0  0  2  3.086266e-01  2.000000e-07
 72  74  0  0  0  2  2.824563e-01  2.000000e-07
 75  1  0  0  0  2  1.396579e-01  2.000000e-07
 75  68  0  1  0  2  2.851226e-01  2.000000e-07
 75  50  0  0  0  2  2.172399e-01  2.000000e-07
 75  69  0  0  0  2  1.204947e-01  2.000000e-07
 75  86  0  0  0  2  2.733926e-01  2.000000e-07
 75  70  1  0  0  2  5.732454e-01  2.000000e-07
 75  0  0  0  0  2  1.144966e-01  2.000000e-07
 75  79  0  0  0  2  2.045150e-01  2.000000e-07
 75  58  0  1  0  2  2.190670e-01  2.000000e-07
 75  71  0  0  0  2  6.158977e-02  2.000000e-07
 81  12  0  0  0  2  1.278913e-01  2.000000e-07
 81  68  0  0  0  2  2.258077e-01  2.000000e-07
 81  7  0 -1  0  2  4.663295e-01  2.000000e-07
 81  60  0  0  0  2  1.505908e-01  2.000000e-07
 81  8  0  0  0  2  3.562591e-01  2.000000e-07
 81  51  0  0  0  2  2.710470e-01  2.000000e-07
 81  52  0  0  0  2  2.501367e-01  2.000000e-07
 81  56 -1  0  0  2  4.041764e-01  2.000000e-07
 81  70  0 -1  0  2  5.100562e-01  2.000000e-07
 81  79  0 -1  0  2  4.327627e-01  2.000000e-07
 81  15  0 -1  0  2  5.418248e-01  2.000000e-07
 81  71  0 -1  0  2  4.019391e-01  2.000000e-07
 12  7  0 -1  0  2  5.004586e-01  2.000000e-07
 12  8  0  0  0  2  2.580741e-01  2.000000e-07
 12  51  0  0  0  2  3.035730e-01  2.000000e-07
 12  9  0  0  0  2  6.276276e-02  2.000000e-07
 12  11  0  0  0  2  1.539834e-01  2.000000e-07
 12  71  0 -1  0  2  4.047839e-01  2.000000e-07
 1  87  0  0  0  2  3.309357e-01  2.000000e-07
 1  76  0  0  0  2  1.714804e-01  2.000000e-07
 1  69  0  0  0  2  5.545335e-02  2.000000e-07
 1  86  0  0  0  2  1.344170e-01  2.000000e-07
 1  77  0  0  0  2  8.694943e-03  2.000000e-07
 1  0  0  0  0  2  8.597081e-02  2.000000e-07
 1  78  0  0  0  2  2.640012e-01  2.000000e-07
 1  88  0  0  0  2  3.503218e-01  2.000000e-07
 1  59  0  0  0  2  1.938430e-01  2.000000e-07
 1  74  0  0  0  2  2.169558e-01  2.000000e-07
 1  71  0  0  0  2  1.852507e-01  2.000000e-07
 68  50  0 -1  0  2  4.136252e-01  2.000000e-07
 68  7  0 -1  0  2  3.393514e-01  2.000000e-07
 68  3  0  0  0  2  2.445707e-01  2.000000e-07
 68  60  0  0  0  2  3.236578e-01  2.000000e-07
 68  52  0  0  0  2  4.211779e-01  2.000000e-07
 68  57  0  0  0  2  3.131045e-01  2.000000e-07
 68  70  0 -1  0  2  5.296064e-01  2.000000e-07
 68  0  0 -1  0  2  3.390356e-01  2.000000e-07
 68  79  0 -1  0  2  3.527396e-01  2.000000e-07
 68  88  0 -1  0  2  3.562378e-01  2.000000e-07
 68  58  0  0  0  2  1.289175e-01  2.000000e-07
 68  2  0  0  0  2  3.311502e-01  2.000000e-07
 87  76  0  0  0  2  1.632660e-01  2.000000e-07
 87  57  0  0  0  2  2.279029e-01  2.000000e-07
 87  9  0  0  0  2  2.465967e-01  2.000000e-07
 87  55  0  0  0  2  1.450232e-01  2.000000e-07
 87  86  0  0  0  2  2.153378e-01  2.000000e-07
 87  70  0  0  0  2  2.566437e-01  2.000000e-07
 87  0  0  0  0  2  3.460385e-01  2.000000e-07
 87  78  0  0  0  2  1.042963e-01  2.000000e-07
 87  88  0  0  0  2  3.895639e-01  2.000000e-07
 50  7  0  0  0  2  3.234969e-01  2.000000e-07
 50  8  0  0  0  2  4.023431e-01  2.000000e-07
 50  52  1  1  0  2  4.283678e-01  2.000000e-07
 50  53  0  0  0  2  3.906675e-01  2.000000e-07
 50  54  0  0  0  2  5.159980e-01  2.000000e-07
 50  5  0  1  0  2  3.311777e-01  2.000000e-07
 50  56  0  1  0  2  3.537207e-01  2.000000e-07
 50  69  0  0  0  2  2.303202e-01  2.000000e-07
 50  86  0  0  0  2  3.972598e-01  2.000000e-07
 50  70  1  0  0  2  3.560683e-01  2.000000e-07
 50  77  0  0  0  2  2.906073e-01  2.000000e-07
 50  62  0  0  0  2  1.800582e-01  2.000000e-07
 50  15  1  0  0  2  3.021205e-01  2.000000e-07
 50  58  0  1  0  2  2.934170e-01  2.000000e-07
 50  80  0  0  0  2  3.037305e-01  2.000000e-07
 50  71  0  0  0  2  2.586935e-01  2.000000e-07
 7  75  0  0  0  2  1.215647e-01  2.000000e-07
 7  76  0  0  0  2  1.801408e-01  2.000000e-07
 7  82  0  0  0  2  2.921541e-01  2.000000e-07
 7  69  0  0  0  2  1.272570e-01  2.000000e-07
 7  86  0  0  0  2  1.896543e-01  2.000000e-07
 7  77  0  0  0  2  8.385108e-02  2.000000e-07
 7  79  0  0  0  2  9.301899e-02  2.000000e-07
 7  80  0  0  0  2  1.581069e-01  2.000000e-07
 7  71  0  0  0  2  1.358390e-01  2.000000e-07
 3  5  0  0  0  2  5.720180e-02  2.000000e-07
 3  56  0  0  0  2  1.741891e-01  2.000000e-07
 3  58  0  0  0  2  1.787349e-01  2.000000e-07
 3  2  0  0  0  2  1.319020e-01  2.000000e-07
 3  59  0 -1  0  2  4.336216e-01  2.000000e-07
 76  8  0  0  0  2  1.615598e-01  2.000000e-07
 76  51  0  0  0  2  2.496638e-01  2.000000e-07
 76  82  0  0  0  2  1.291879e-01  2.000000e-07
 76  61  0  0  0  2  3.273378e-01  2.000000e-07
 76  55  0  0  0  2  2.703460e-01  2.000000e-07
 76  14  0  0  0  2  1.846594e-01  2.000000e-07
 76  77  0  0  0  2  1.665082e-01  2.000000e-07
 76  0  0  0  0  2  1.841886e-01  2.000000e-07
 76  78  0  0  0  2  1.280005e-01  2.000000e-07
 76  79  0  0  0  2  1.646080e-01  2.000000e-07
 76  11  0  0  0  2  2.097589e-01  2.000000e-07
 76  88  0  0  0  2  3.071425e-01  2.000000e-07
 76  80  0  0  0  2  1.661711e-01  2.000000e-07
 76  71  0  0  0  2  3.158898e-01  2.000000e-07
 60  51  0  0  0  2  3.238495e-01  2.000000e-07
 60  52  0  0  0  2  1.024913e-01  2.000000e-07
 60  53 -1  0  0  2  4.124095e-01  2.000000e-07
 60  57  0  0  0  2  1.613749e-01  2.000000e-07
 60  5 -1  0  0  2  3.981166e-01  2.000000e-07
 60  61  0 -1  0  2  4.229023e-01  2.000000e-07
 60  55  0  0  0  2  4.177457e-01  2.000000e-07
 60  56 -1  0  0  2  2.708672e-01  2.000000e-07
 60  14  0 -1  0  2  4.517687e-01  2.000000e-07
 60  79  0 -1  0  2  3.878659e-01  2.000000e-07
 60  15  0 -1  0  2  4.174554e-01  2.000000e-07
 60  88  0 -1  0  2  2.364102e-01  2.000000e-07
 60  71  0 -1  0  2  4.287055e-01  2.000000e-07
 8  51  0  0  0  2  3.186779e-01  2.000000e-07
 8  82  0  0  0  2  2.564216e-01  2.000000e-07
 8  54  0  0  0  2  3.670868e-01  2.000000e-07
 8  86  0  0  0  2  7.523236e-02  2.000000e-07
 8  79  0  0  0  2  2.911807e-01  2.000000e-07
 8  11  0  0  0  2  1.090776e-01  2.000000e-07
 8  80  0  0  0  2  1.159249e-01  2.000000e-07
 8  74  0  0  0  2  1.462617e-01  2.000000e-07
 51  53 -1  0  0  2  2.800436e-01  2.000000e-07
 51  53 -1  0  0  2  2.800436e-01  2.000000e-07
 51  82  0  0  0  2  1.417592e-01  2.000000e-07
 51  57  0  0  0  2  1.862068e-01  2.000000e-07
 51  54 -1  0  0  2  4.441385e-01  2.000000e-07
 51  61  0  0  0  2  3.022222e-01  2.000000e-07
 51  55  0  0  0  2  1.132876e-01  2.000000e-07
 51  56 -1  0  0  2  4.195697e-01  2.000000e-07
 51  14  0  0  0  2  2.245856e-01  2.000000e-07
 51  70  0  0  0  2  2.876153e-01  2.000000e-07
 51  6 -1  0  0  2  3.591437e-01  2.000000e-07
 51  78  0  0  0  2  1.763806e-01  2.000000e-07
 51  62 -1  0  0  2  3.470164e-01  2.000000e-07
 51  15  0  0  0  2  2.925853e-01  2.000000e-07
 51  11  0  0  0  2  2.607776e-01  2.000000e-07
 52  53 -1  0  0  2  3.774950e-01  2.000000e-07
 52  57  0  0  0  2  2.393238e-01  2.000000e-07
 52  5 -1  0  0  2  3.017380e-01  2.000000e-07
 52  61  0 -1  0  2  3.730728e-01  2.000000e-07
 52  56 -1  0  0  2  1.750921e-01  2.000000e-07
 52  56 -1  0  0  2  1.750921e-01  2.000000e-07
 52  70  0 -1  0  2  3.650599e-01  2.000000e-07
 52  88  0 -1  0  2  2.445931e-01  2.000000e-07
 52  58 -1  0  0  2  4.717472e-01  2.000000e-07
 52  59 -1 -1  0  2  5.262642e-01  2.000000e-07
 53  57  1  0  0  2  3.756266e-01  2.000000e-07
 53  54  0  0  0  2  1.946712e-01  2.000000e-07
 53  54  0  0  0  2  1.946712e-01  2.000000e-07
 53  55  1  0  0  2  2.340411e-01  2.000000e-07
 53  56  0  0  0  2  3.001455e-01  2.000000e-07
 53  69  0  0  0  2  4.353419e-01  2.000000e-07
 53  70  1  0  0  2  3.876209e-01  2.000000e-07
 53  6  0  0  0  2  1.113802e-01  2.000000e-07
 53  15  1  0  0  2  3.473496e-01  2.000000e-07
 53  2  0  0  0  2  1.757563e-01  2.000000e-07
 82  86  0  0  0  2  2.074196e-01  2.000000e-07
 82  14  0  0  0  2  1.105594e-01  2.000000e-07
 82  70  0  0  0  2  1.895962e-01  2.000000e-07
 82  78  0  0  0  2  1.398218e-01  2.000000e-07
 82  79  0  0  0  2  2.418000e-01  2.000000e-07
 82  15  0  0  0  2  2.201688e-01  2.000000e-07
 82  11  0  0  0  2  2.511871e-01  2.000000e-07
 82  80  0  0  0  2  2.927954e-01  2.000000e-07
 57  81  0  0  0  2  9.015682e-02  2.000000e-07
 57  9  0  0  0  2  1.875057e-01  2.000000e-07
 57  55  0  0  0  2  2.954159e-01  2.000000e-07
 57  78  0  0  0  2  2.395907e-01  2.000000e-07
 54  5  0  0  0  2  1.542409e-01  2.000000e-07
 54  56  0  0  0  2  2.141918e-01  2.000000e-07
 54  6  0  0  0  2  2.315211e-01  2.000000e-07
 54  62  0  0  0  2  4.148246e-01  2.000000e-07
 54  15  1  0  0  2  5.391728e-01  2.000000e-07
 54  11  0  0  0  2  3.598033e-01  2.000000e-07
 54  2  0  0  0  2  1.898354e-02  2.000000e-07
 54  80  0  0  0  2  4.229883e-01  2.000000e-07
 54  74  0  0  0  2  2.721369e-01  2.000000e-07
 5  61  1 -1  0  2  4.820982e-01  2.000000e-07
 5  56  0  0  0  2  1.273008e-01  2.000000e-07
 5  62  0 -1  0  2  4.734599e-01  2.000000e-07
 5  58  0  0  0  2  1.894300e-01  2.000000e-07
 5  2  0  0  0  2  1.660354e-01  2.000000e-07
 5  59  0 -1  0  2  4.010685e-01  2.000000e-07
 61  55  0  0  0  2  1.957020e-01  2.000000e-07
 61  56 -1  1  0  2  4.224163e-01  2.000000e-07
 61  14  0  0  0  2  1.427977e-01  2.000000e-07
 61  70  0  0  0  2  8.020026e-02  2.000000e-07
 61  6 -1  0  0  2  3.172621e-01  2.000000e-07
 61  62 -1  0  0  2  1.525121e-01  2.000000e-07
 61  15  0  0  0  2  2.241562e-02  2.000000e-07
 61  88  0  0  0  2  2.397613e-01  2.000000e-07
 61  59 -1  0  0  2  3.478420e-01  2.000000e-07
 9  78  0  0  0  2  1.751283e-01  2.000000e-07
 9  11  0  0  0  2  9.158900e-02  2.000000e-07
 55  14  0  0  0  2  1.603823e-01  2.000000e-07
 55  70  0  0  0  2  1.995675e-01  2.000000e-07
 55  6 -1  0  0  2  2.830638e-01  2.000000e-07
 55  78  0  0  0  2  2.489921e-01  2.000000e-07
 55  62 -1  0  0  2  2.363553e-01  2.000000e-07
 55  88  0  0  0  2  3.758837e-01  2.000000e-07
 55  59 -1  0  0  2  4.466856e-01  2.000000e-07
 56  85  1  0  0  2  4.432190e-01  2.000000e-07
 56  62  0 -1  0  2  4.539321e-01  2.000000e-07
 56  15  1 -1  0  2  4.312564e-01  2.000000e-07
 56  71  0 -1  0  2  4.480047e-01  2.000000e-07
 69  86  0  0  0  2  1.749715e-01  2.000000e-07
 69  70  1  0  0  2  5.636381e-01  2.000000e-07
 69  6  0  0  0  2  3.248640e-01  2.000000e-07
 69  0  0  0  0  2  1.195155e-01  2.000000e-07
 69  79  0  0  0  2  2.162178e-01  2.000000e-07
 69  80  0  0  0  2  8.846699e-02  2.000000e-07
 69  59  0  0  0  2  1.384162e-01  2.000000e-07
 69  74  0  0  0  2  2.003515e-01  2.000000e-07
 86  70  0  0  0  2  3.499034e-01  2.000000e-07
 86  0  0  0  0  2  1.895591e-01  2.000000e-07
 86  79  0  0  0  2  2.172804e-01  2.000000e-07
 86  80  0  0  0  2  9.364626e-02  2.000000e-07
 86  74  0  0  0  2  1.989573e-01  2.000000e-07
 14  77  0  0  0  2  3.216965e-01  2.000000e-07
 14  78  0  0  0  2  2.454754e-01  2.000000e-07
 14  79  0  0  0  2  2.111049e-01  2.000000e-07
 14  62 -1  0  0  2  2.760650e-01  2.000000e-07
 14  15  0  0  0  2  1.216548e-01  2.000000e-07
 14  88  0  0  0  2  2.215915e-01  2.000000e-07
 14  71  0  0  0  2  4.079645e-01  2.000000e-07
 70  56 -1  1  0  2  4.467223e-01  2.000000e-07
 70  6 -1  0  0  2  3.841697e-01  2.000000e-07
 70  0  0  0  0  2  3.373814e-01  2.000000e-07
 70  79  0  0  0  2  2.399337e-01  2.000000e-07
 70  15  0  0  0  2  5.819323e-02  2.000000e-07
 70  88  0  0  0  2  1.833294e-01  2.000000e-07
 70  58 -1  1  0  2  5.977921e-01  2.000000e-07
 70  59 -1  0  0  2  4.273753e-01  2.000000e-07
 77  79  0  0  0  2  1.618656e-01  2.000000e-07
 77  62  0  0  0  2  4.046993e-01  2.000000e-07
 77  11  0  0  0  2  2.869333e-01  2.000000e-07
 77  80  0  0  0  2  7.627467e-02  2.000000e-07
 77  59  0  0  0  2  2.008198e-01  2.000000e-07
 77  74  0  0  0  2  2.245623e-01  2.000000e-07
 77  71  0  0  0  2  1.825563e-01  2.000000e-07
 6  62  0  0  0  2  1.862959e-01  2.000000e-07
 6  2  0  0  0  2  2.159055e-01  2.000000e-07
 6  59  0  0  0  2  2.585697e-01  2.000000e-07
 6  74  0  0  0  2  1.882665e-01  2.000000e-07
 0  79  0  0  0  2  1.015843e-01  2.000000e-07
 0  88  0  0  0  2  2.733820e-01  2.000000e-07
 0  58  0  1  0  2  3.096819e-01  2.000000e-07
 0  71  0  0  0  2  1.317963e-01  2.000000e-07
 78  11  0  0  0  2  1.113661e-01  2.000000e-07
 78  74  0  0  0  2  2.871039e-01  2.000000e-07
 79  15  0  0  0  2  2.981034e-01  2.000000e-07
 79  88  0  0  0  2  1.804747e-01  2.000000e-07
 79  80  0  0  0  2  2.235482e-01  2.000000e-07
 79  71  0  0  0  2  1.968801e-01  2.000000e-07
 62  15  1  0  0  2  1.732612e-01  2.000000e-07
 62  80  0  0  0  2  3.841901e-01  2.000000e-07
 62  59  0  0  0  2  2.152828e-01  2.000000e-07
 62  74  0  0  0  2  3.136086e-01  2.000000e-07
 62  71  0  0  0  2  4.286075e-01  2.000000e-07
 11  80  0  0  0  2  2.243449e-01  2.000000e-07
 11  74  0  0  0  2  2.194198e-01  2.000000e-07
 88  67  0  1  0  2  3.823372e-01  2.000000e-07
 88  71  0  0  0  2  3.143234e-01  2.000000e-07
 58  56  0  0  0  2  3.071605e-01  2.000000e-07
 58  59  0 -1  0  2  3.174103e-01  2.000000e-07
 58  71  0 -1  0  2  1.781563e-01  2.000000e-07
 2  74  0  0  0  2  2.682617e-01  2.000000e-07
 80  74  0  0  0  2  1.542814e-01  2.000000e-07
 59  74  0  0  0  2  2.273430e-01  2.000000e-07
 59  71  0  0  0  2  2.227601e-01  2.000000e-07
 71  5  0  1  0  2  3.501114e-01  2.000000e-07
 65  73  0  0  0  1  2.366056e-01  3.000000e-07
 65  67  0  0  0  1  2.346307e-01  3.000000e-07
 65  72  0  0  0  1  2.473049e-01  3.000000e-07
 65  3  0  0  0  1  9.714867e-02  3.000000e-07
 65  54  0  0  0  1  5.288391e-02  3.000000e-07
 65  2  0  0  0  1  7.100208e-02  3.000000e-07
 65  74  0  0  0  1  2.713158e-01  3.000000e-07
 4  3  0  0  0  1  1.126234e-01  3.000000e-07
 4  53  0  0  0  1  2.469568e-01  3.000000e-07
 4  54  0  0  0  1  1.339110e-01  3.000000e-07
 4  56  0  0  0  1  8.037801e-02  3.000000e-07
 4  2  0  0  0  1  1.355930e-01  3.000000e-07
 85  10  0  0  0  1  2.106205e-01  3.000000e-07
 85  81  0  0  0  1  5.375413e-02  3.000000e-07
 85  12  0  0  0  1  8.695132e-02  3.000000e-07
 85  57  0  0  0  1  9.345704e-02  3.000000e-07
 85  9  0  0  0  1  1.145767e-01  3.000000e-07
 73  66  0  0  0  1  1.193472e-01  3.000000e-07
 73  72  0  0  0  1  9.905900e-02  3.000000e-07
 73  8  0  0  0  1  1.440456e-01  3.000000e-07
 73  11  0  0  0  1  8.873770e-02  3.000000e-07
 73  74  0  0  0  1  1.861775e-01  3.000000e-07
 67  72  0  0  0  1  1.729014e-01  3.000000e-07
 67  12  0  0  0  1  1.809554e-01  3.000000e-07
 67  3  0  0  0  1  2.211755e-01  3.000000e-07
 67  58  0  0  0  1  1.225290e-01  3.000000e-07
 10  87  0  0  0  1  5.528230e-02  3.000000e-07
 10  51  0  0  0  1  6.849347e-02  3.000000e-07
 10  57  0  0  0  1  1.726308e-01  3.000000e-07
 10  9  0  0  0  1  2.114657e-01  3.000000e-07
 10  78  0  0  0  1  1.114870e-01  3.000000e-07
 66  86  0  0  0  1  9.743068e-02  3.000000e-07
 66  78  0  0  0  1  1.135044e-01  3.000000e-07
 66  11  0  0  0  1  6.716685e-02  3.000000e-07
 72  12  0  0  0  1  5.320877e-02  3.000000e-07
 72  9  0  0  0  1  6.751503e-02  3.000000e-07
 75  50  0  0  0  1  2.172399e-01  3.000000e-07
 75  69  0  0  0  1  1.204947e-01  3.000000e-07
 75  0  0  0  0  1  1.144966e-01  3.000000e-07
 75  58  0  1  0  1  2.190670e-01  3.000000e-07
 75  71  0  0  0  1  6.158977e-02  3.000000e-07
 81  12  0  0  0  1  1.278913e-01  3.000000e-07
 81  68  0  0  0  1  2.258077e-01  3.000000e-07
 81  57  0  0  0  1  9.015682e-02  3.000000e-07
 12  68  0  0  0  1  1.843708e-01  3.000000e-07
 12  9  0  0  0  1  6.276276e-02  3.000000e-07
 1  69  0  0  0  1  5.545335e-02  3.000000e-07
 1  80  0  0  0  1  7.065098e-02  3.000000e-07
 68  60  0  0  0  1  3.236578e-01  3.000000e-07
 68  88  0 -1  0  1  3.562378e-01  3.000000e-07
 68  58  0  0  0  1  1.289175e-01  3.000000e-07
 87  51  0  0  0  1  8.673348e-02  3.000000e-07
 87  82  0  0  0  1  7.407077e-02  3.000000e-07
 87  55  0  0  0  1  1.450232e-01  3.000000e-07
 87  78  0  0  0  1  1.042963e-01  3.000000e-07
 50  5  0  1  0  1  3.311777e-01  3.000000e-07
 50  61  1  0  0  1  2.801590e-01  3.000000e-07
 50  56  0  1  0  1  3.537207e-01  3.000000e-07
 50  62  0  0  0  1  1.800582e-01  3.000000e-07
 50  59  0  0  0  1  9.830929e-02  3.000000e-07
 7  76  0  0  0  1  1.801408e-01  3.000000e-07
 7  77  0  0  0  1  8.385108e-02  3.000000e-07
 7  79  0  0  0  1  9.301899e-02  3.000000e-07
 7  71  0  0  0  1  1.358390e-01  3.000000e-07
 3  54  0  0  0  1  1.160678e-01  3.000000e-07
 3  5  0  0  0  1  5.720180e-02  3.000000e-07
 3  58  0  0  0  1  1.787349e-01  3.000000e-07
 76  82  0  0  0  1  1.291879e-01  3.000000e-07
 76  14  0  0  0  1  1.846594e-01  3.000000e-07
 76  77  0  0  0  1  1.665082e-01  3.000000e-07
 76  78  0  0  0  1  1.280005e-01  3.000000e-07
 76  79  0  0  0  1  1.646080e-01  3.000000e-07
 60  52  0  0  0  1  1.024913e-01  3.000000e-07
 60  57  0  0  0  1  1.613749e-01  3.000000e-07
 60  88  0 -1  0  1  2.364102e-01  3.000000e-07
 8  86  0  0  0  1  7.523236e-02  3.000000e-07
 8  80  0  0  0  1  1.159249e-01  3.000000e-07
 8  74  0  0  0  1  1.462617e-01  3.000000e-07
 51  53 -1  0  0  1  2.800436e-01  3.000000e-07
 51  57  0  0  0  1  1.862068e-01  3.000000e-07
 51  55  0  0  0  1  1.132876e-01  3.000000e-07
 52  53 -1  0  0  1  3.774950e-01  3.000000e-07
 52  57  0  0  0  1  2.393238e-01  3.000000e-07
 52  61  0 -1  0  1  3.730728e-01  3.000000e-07
 52  56 -1  0  0  1  1.750921e-01  3.000000e-07
 52  88  0 -1  0  1  2.445931e-01  3.000000e-07
 53  56  0  0  0  1  3.001455e-01  3.000000e-07
 53  6  0  0  0  1  1.113802e-01  3.000000e-07
 53  62  0  0  0  1  2.465282e-01  3.000000e-07
 53  2  0  0  0  1  1.757563e-01  3.000000e-07
 82  55  0  0  0  1  1.411792e-01  3.000000e-07
 82  14  0  0  0  1  1.105594e-01  3.000000e-07
 82  78  0  0  0  1  1.398218e-01  3.000000e-07
 5  56  0  0  0  1  1.273008e-01  3.000000e-07
 5  58  0  0  0  1  1.894300e-01  3.000000e-07
 61  55  0  0  0  1  1.957020e-01  3.000000e-07
 61  56 -1  1  0  1  4.224163e-01  3.000000e-07
 61  62 -1  0  0  1  1.525121e-01  3.000000e-07
 61  88  0  0  0  1  2.397613e-01  3.000000e-07
 9  78  0  0  0  1  1.751283e-01  3.000000e-07
 9  11  0  0  0  1  9.158900e-02  3.000000e-07
 55  14  0  0  0  1  1.603823e-01  3.000000e-07
 55  62 -1  0  0  1  2.363553e-01  3.000000e-07
 55  15  0  0  0  1  1.898599e-01  3.000000e-07
 69  77  0  0  0  1  6.270394e-02  3.000000e-07
 69  0  0  0  0  1  1.195155e-01  3.000000e-07
 69  80  0  0  0  1  8.846699e-02  3.000000e-07
 69  59  0  0  0  1  1.384162e-01  3.000000e-07
 86  77  0  0  0  1  1.341605e-01  3.000000e-07
 86  78  0  0  0  1  1.325868e-01  3.000000e-07
 14  70  0  0  0  1  8.027322e-02  3.000000e-07
 14  15  0  0  0  1  1.216548e-01  3.000000e-07
 14  88  0  0  0  1  2.215915e-01  3.000000e-07
 70  15  0  0  0  1  5.819323e-02  3.000000e-07
 70  88  0  0  0  1  1.833294e-01  3.000000e-07
 77  0  0  0  0  1  7.860228e-02  3.000000e-07
 77  80  0  0  0  1  7.627467e-02  3.000000e-07
 6  62  0  0  0  1  1.862959e-01  3.000000e-07
 6  2  0  0  0  1  2.159055e-01  3.000000e-07
 6  59  0  0  0  1  2.585697e-01  3.000000e-07
 6  74  0  0  0  1  1.882665e-01  3.000000e-07
 0  71  0  0  0  1  1.317963e-01  3.000000e-07
 78  11  0  0  0  1  1.113661e-01  3.000000e-07
 79  88  0  0  0  1  1.804747e-01  3.000000e-07
 79  71  0  0  0  1  1.968801e-01  3.000000e-07
 15  88  0  0  0  1  2.251652e-01  3.000000e-07
 58  71  0 -1  0  1  1.781563e-01  3.000000e-07
 80  74  0  0  0  1  1.542814e-01  3.000000e-07
 59  74  0  0  0  1  2.273430e-01  3.000000e-07
 71  68  0  1  0  1  2.267208e-01  3.000000e-07
-2.974898e-03  3.233093e-01  0
 4.388606e-02  2.512327e-01  0
 3.113870e-01 -1.535669e-01  0
 2.749316e-01 -2.803309e-01  0
 3.866817e-01 -2.663328e-01  0
 3.165996e-01 -3.195205e-01  0
 3.529982e-01  5.829080e-02  0
-1.150675e-02  3.241333e-01  0
 1.892937e-02  7.263395e-02  0
-4.676570e-02 -1.139557e-01  0
-2.236202e-01  1.976256e-03  0
-3.269445e-02 -2.345405e-02  0
-4.761758e-02 -1.767127e-01  0
-3.909647e-01  9.956869e-02 -2.362101e-01
-2.844233e-01  2.276971e-01  0
-3.956951e-01  2.768750e-01  0
-3.379533e-01  4.184714e-01 -1.908189e-01
-2.256209e-01  1.089349e-01  1.968041e-01
-6.165046e-02 -1.728794e-01 -1.040960e-01
-5.448757e-02 -3.274151e-01 -4.039019e-01
-1.754531e-01 -2.089630e-01  4.099406e-01
 3.529827e-01 -1.861195e-01 -3.494364e-01
 2.415299e-01  7.751039e-02 -3.261924e-01
-4.306285e-01 -5.007242e-02 -3.021192e-01
-1.383147e-01 -1.191085e-01 -4.211906e-01
 3.352132e-02 -3.378604e-01 -1.518592e-01
-2.623278e-01 -3.626961e-01  1.421936e-01
 1.782787e-01  2.330439e-01  1.010173e-01
 2.717432e-01 -3.532481e-01  3.705741e-01
 1.537163e-01  1.815296e-01 -4.321960e-01
 1.481119e-01  4.367738e-01  2.588720e-01
-1.201047e-01  2.556118e-01  3.331768e-01
 3.783994e-01  2.319070e-01  3.374691e-01
 1.527249e-01 -1.372383e-01  3.457832e-01
 1.621570e-01 -1.071288e-01  4.467629e-01
 9.735522e-02 -1.178864e-01  3.885388e-01
-2.747314e-02 -3.939825e-01 -4.077189e-01
 3.509193e-01  1.362422e-01  4.050498e-01
-3.098607e-01 -3.258083e-01  3.862973e-01
 3.134571e-02 -4.212095e-02  3.890532e-01
-1.946697e-01 -4.374868e-01  1.914752e-01
-3.665098e-01 -3.138276e-01 -2.523421e-01
 1.866456e-01  4.444464e-01 -3.121551e-01
-4.194631e-01  4.272626e-01  1.695921e-01
-4.458628e-01  8.592739e-02 -3.285740e-01
-2.909512e-01  4.211711e-01 -2.424021e-01
 2.918553e-01  1.962740e-01 -3.083154e-01
 2.908932e-01  1.792149e-01 -2.101673e-01
-3.100475e-01  4.133384e-01 -2.922637e-01
-1.058864e-01  6.225418e-02 -3.351485e-01
 3.110059e-01  3.493491e-01  0
-2.921020e-01  3.242766e-03  0
-3.832673e-01 -3.506008e-01  0
 4.290909e-01 -2.304463e-02  0
 2.974639e-01 -1.664712e-01  0
-3.656534e-01  8.940695e-02  0
 4.438574e-01 -3.228267e-01  0
-2.254967e-01 -1.706443e-01  0
 1.483060e-01 -4.064742e-01  0
 2.342173e-01  2.879631e-01  0
-2.852851e-01 -3.205350e-01  0
-4.180847e-01  2.779546e-01  0
 4.395474e-01  2.232617e-01  0
 4.114610e-01 -2.004430e-01 -2.382022e-01
 1.457126e-01 -3.924492e-01  1.390977e-01
 2.486458e-01 -1.868060e-01  0
-7.345941e-03  3.874594e-02  0
 5.803428e-02 -3.236226e-01  0
 3.777998e-02 -3.401136e-01  0
 9.859073e-02  2.603142e-01  0
-3.384083e-01  2.871059e-01  0
 6.691907e-02  4.350460e-01  0
 2.822818e-03 -1.597733e-01  0
 4.325710e-02 -6.934241e-02  0
 1.651855e-01  7.135419e-02  0
 9.605205e-02  3.807821e-01  0
-1.082989e-01  1.722057e-01  0
 3.610317e-02  2.551094e-01  0
-1.206884e-01  4.480620e-02  0
-1.036663e-01  3.367485e-01  0
 5.758774e-02  1.819231e-01  0
-1.617567e-01 -2.344053e-01  0
-2.307522e-01  1.310390e-01  0
 8.869894e-02 -8.170147e-05  2.194406e-01
 4.338525e-02 -1.450381e-01  3.312084e-01
-1.337642e-01 -1.885149e-01  0
-2.336764e-02  1.348503e-01  0
-2.242391e-01  5.725509e-02  0
-2.472084e-01  4.461413e-01  0
-1.663613e-01  1.125348e-01 -1.724832e-01