 705  90  1.200000e-05  1 -2 -2
 18  20  0  0  0  3  3.208956e-01  1.000000e-07
 18  21  0  0  0  3  2.306157e-01  1.000000e-07
 18  41  0  0  0  3  2.369469e-01  1.000000e-07
 18  25  0  0  0  3  2.818611e-01  1.000000e-07
 18  43  0  0  0  3  1.437049e-01  1.000000e-07
 18  24  1  0  0  3  5.064077e-01  1.000000e-07
 18  22  0  0  0  3  2.353122e-01  1.000000e-07
 18  45  0  0  1  3  3.726113e-01  1.000000e-07
 18  46  0  0  1  3  2.843804e-01  1.000000e-07
 16  23  0  0  0  3  1.583091e-01  1.000000e-07
 16  41 -1  0  0  3  5.984831e-01  1.000000e-07
 16  17  0  0  0  3  2.612398e-01  1.000000e-07
 16  24  0  0  0  3  2.222889e-01  1.000000e-07
 16  22  0  0  0  3  1.978182e-01  1.000000e-07
 16  44  0  0  1  3  3.572803e-01  1.000000e-07
 16  45 -1  0  1  3  5.386701e-01  1.000000e-07
 16  46  0  0  1  3  3.494266e-01  1.000000e-07
 16  47  0  0  1  3  4.294547e-01  1.000000e-07
 14  15  0  0  0  3  2.841757e-01  1.000000e-07
 14  25  0  0  0  3  4.279036e-01  1.000000e-07
 14  42  1 -1  0  3  4.500342e-01  1.000000e-07
 14  81  0  0  0  3  2.098199e-01  1.000000e-07
 14  24  1  0  0  3  3.018123e-01  1.000000e-07
 14  45  0  0  1  3  4.300900e-01  1.000000e-07
 20  19  0  0  0  3  1.714256e-01  1.000000e-07
 20  50  0  0  0  3  2.414119e-01  1.000000e-07
 20  25  0  0  0  3  3.011623e-01  1.000000e-07
 20  81  0  0  0  3  4.326136e-01  1.000000e-07
 20  24  0  0  0  3  4.137527e-01  1.000000e-07
 20  22  0  0  0  3  2.477290e-01  1.000000e-07
 20  51  0  0  1  3  3.486310e-01  1.000000e-07
 20  46  0  0  1  3  2.322499e-01  1.000000e-07
 21  23  0  0  0  3  3.710932e-01  1.000000e-07
 21  50  0  1  0  3  4.580139e-01  1.000000e-07
 21  43  0  0  0  3  1.713886e-01  1.000000e-07
 21  81  0  1  0  3  4.909705e-01  1.000000e-07
 19  50  0  0  0  3  3.534936e-01  1.000000e-07
 19  25  0  0  0  3  2.153596e-01  1.000000e-07
 19  48  0  0  0  3  2.144024e-01  1.000000e-07
 19  43  0  0  0  3  2.817985e-01  1.000000e-07
 19  24  0  0  0  3  3.079262e-01  1.000000e-07
 19  22  0  0  0  3  1.257121e-01  1.000000e-07
 19  44  0  0  1  3  3.008627e-01  1.000000e-07
 19  46  0  0  1  3  2.564713e-01  1.000000e-07
 23  41 -1  0  0  3  5.412230e-01  1.000000e-07
 23  17  0  0  0  3  3.213573e-01  1.000000e-07
 23  50  0  1  0  3  5.107278e-01  1.000000e-07
 23  25  0  0  0  3  3.547852e-01  1.000000e-07
 15  81  0  0  0  3  3.959697e-01  1.000000e-07
 15  24  1  0  0  3  3.880592e-01  1.000000e-07
 41  42  1  0  0  3  3.976634e-01  1.000000e-07
 41  43  0  0  0  3  1.632380e-01  1.000000e-07
 41  28  0  0  1  3  3.516391e-01  1.000000e-07
 41  37  0  1  1  3  4.373516e-01  1.000000e-07
 41  49  0  0  1  3  3.697081e-01  1.000000e-07
 17  25  0  0  0  3  2.447755e-01  1.000000e-07
 17  48  0  0  0  3  1.921985e-01  1.000000e-07
 17  43  0  0  0  3  1.956699e-01  1.000000e-07
 17  22  0  0  0  3  1.836327e-01  1.000000e-07
 50  25  0  0  0  3  3.845834e-01  1.000000e-07
 50  42  0 -1  0  3  4.035314e-01  1.000000e-07
 50  36  0  0  1  3  4.601226e-01  1.000000e-07
 50  33  0  0  1  3  2.230953e-01  1.000000e-07
 25  22  0  0  0  3  1.010381e-01  1.000000e-07
 29  42  0 -1  0  3  2.507688e-01  1.000000e-07
 29  81 -1  0  0  3  3.358631e-01  1.000000e-07
 29  44  0  0  1  3  4.223415e-01  1.000000e-07
 29  45 -1  0  1  3  4.362544e-01  1.000000e-07
 29  36  0  0  1  3  5.121846e-01  1.000000e-07
 29  37 -1  0  1  3  4.981113e-01  1.000000e-07
 29  39  0  0  1  3  4.680571e-01  1.000000e-07
 29  47  0 -1  1  3  5.301636e-01  1.000000e-07
 42  21 -1  0  0  3  5.061119e-01  1.000000e-07
 42  81 -1  1  0  3  3.895803e-01  1.000000e-07
 42  24  0  0  0  3  4.302757e-01  1.000000e-07
 42  37 -1  1  1  3  5.279666e-01  1.000000e-07
 48  43  0  0  0  3  2.234650e-01  1.000000e-07
 48  22  0  0  0  3  2.578963e-01  1.000000e-07
 48  44  0  0  1  3  4.232661e-01  1.000000e-07
 48  46  0  0  1  3  2.876121e-01  1.000000e-07
 48  33  0  1  1  3  4.730817e-01  1.000000e-07
 48  47  0  0  1  3  3.765729e-01  1.000000e-07
 48  49  0  0  1  3  4.613458e-01  1.000000e-07
 43  26  0  0  1  3  4.169896e-01  1.000000e-07
 43  51  0  0  1  3  4.219477e-01  1.000000e-07
 43  49  0  0  1  3  3.666402e-01  1.000000e-07
 81  41  0 -1  0  3  4.625436e-01  1.000000e-07
 81  51  0  0  1  3  4.470912e-01  1.000000e-07
 24  22  0  0  0  3  3.285912e-01  1.000000e-07
 32  35  0  0  0  3  2.959231e-01  1.000000e-07
 32  36  0  0  0  3  6.066217e-02  1.000000e-07
 32  37 -1  0  0  3  3.539125e-01  1.000000e-07
 32  39  0  0  0  3  1.703871e-01  1.000000e-07
 32  38  0  0  0  3  1.077173e-01  1.000000e-07
 32  34  0  0  0  3  1.252922e-01  1.000000e-07
 26  51  0  0  0  3  4.724548e-01  1.000000e-07
 26  28  0  0  0  3  1.257509e-01  1.000000e-07
 26  39  1  0  0  3  5.505878e-01  1.000000e-07
 26  49  0  0  0  3  1.112630e-01  1.000000e-07
 27  51  0  0  0  3  3.301735e-01  1.000000e-07
 27  28  0 -1  0  3  4.380005e-01  1.000000e-07
 27  37  0  0  0  3  4.002549e-01  1.000000e-07
 27  38  0  0  0  3  3.576106e-01  1.000000e-07
 27  40  0 -1  0  3  4.749936e-01  1.000000e-07
 27  52  0 -1  0  3  3.345545e-01  1.000000e-07
 27  49  0 -1  0  3  3.882719e-01  1.000000e-07
 30  31  0  0  0  3  3.437886e-01  1.000000e-07
 30  35  0  0  0  3  2.050667e-01  1.000000e-07
 30  46  0  0  0  3  3.611294e-01  1.000000e-07
 30  47  0  0  0  3  3.201575e-01  1.000000e-07
 30  52  0  0  0  3  1.842685e-01  1.000000e-07
 44  45 -1  0  0  3  3.737509e-01  1.000000e-07
 44  35  0  0  0  3  2.293552e-01  1.000000e-07
 44  36  0  0  0  3  2.308840e-01  1.000000e-07
 44  33  0  0  0  3  2.742064e-01  1.000000e-07
 44  38  0  0  0  3  3.279551e-01  1.000000e-07
 51  32  1  0  0  3  4.582814e-01  1.000000e-07
 51  46  0  0  0  3  2.905250e-01  1.000000e-07
 31  35  0  0  0  3  4.146828e-01  1.000000e-07
 31  36  0  1  0  3  4.201100e-01  1.000000e-07
 31  37 -1  1  0  3  3.599931e-01  1.000000e-07
 31  39  0  0  0  3  5.157500e-01  1.000000e-07
 31  40 -1  0  0  3  1.895312e-01  1.000000e-07
 31  52  0  0  0  3  2.568046e-01  1.000000e-07
 45  28  0  0  0  3  5.363930e-01  1.000000e-07
 45  37  0  0  0  3  2.678009e-01  1.000000e-07
 45  39  1  0  0  3  2.054611e-01  1.000000e-07
 45  47  1  0  0  3  5.326015e-01  1.000000e-07
 35  46  0  0  0  3  2.678775e-01  1.000000e-07
 35  36  0  0  0  3  2.983095e-01  1.000000e-07
 35  39  0  0  0  3  2.935060e-01  1.000000e-07
 35  38  0  0  0  3  3.556405e-01  1.000000e-07
 35  47  0  0  0  3  3.275664e-01  1.000000e-07
 46  33  0  0  0  3  4.012690e-01  1.000000e-07
 28  37  0  1  0  3  2.767431e-01  1.000000e-07
 28  39  1  0  0  3  5.451135e-01  1.000000e-07
 28  47  1  0  0  3  3.590884e-01  1.000000e-07
 28  40  0  0  0  3  7.829630e-02  1.000000e-07
 28  49  0  0  0  3  2.101439e-01  1.000000e-07
 36  38  0  0  0  3  1.257815e-01  1.000000e-07
 36  47  0 -1  0  3  4.859150e-01  1.000000e-07
 36  34  0  0  0  3  1.432333e-01  1.000000e-07
 33  38  0  0  0  3  3.777806e-01  1.000000e-07
 33  47  0 -1  0  3  4.322734e-01  1.000000e-07
 33  34  0  0  0  3  4.028215e-01  1.000000e-07
 33  52  0 -1  0  3  4.312566e-01  1.000000e-07
 33  49  0 -1  0  3  4.711066e-01  1.000000e-07
 37  34  1  0  0  3  3.438215e-01  1.000000e-07
 39  40 -1  0  0  3  5.293536e-01  1.000000e-07
 38  34  0  0  0  3  4.592788e-02  1.000000e-07
 38  52  0 -1  0  3  3.829736e-01  1.000000e-07
 47  34  0  1  0  3  4.334848e-01  1.000000e-07
 47  52  0  0  0  3  2.865649e-01  1.000000e-07
 34  40 -1 -1  0  3  4.170850e-01  1.000000e-07
 34  52  0 -1  0  3  3.743036e-01  1.000000e-07
 40  32  1  0  0  3  6.015221e-01  1.000000e-07
 40  47  1  0  0  3  3.170051e-01  1.000000e-07
 15  70  0  0  0  3  1.681533e-01  1.000000e-07
 65  51  0  0  0  3  3.664830e-01  1.000000e-07
 21  79  0  0  0  3  2.964512e-01  1.000000e-07
 83  49  0  0  0  3  2.259438e-01  1.000000e-07
 17  84  0  0  0  3  2.751474e-01  1.000000e-07
 85  30  0  0  0  3  1.404733e-01  1.000000e-07
 23  57  0  0  0  3  2.137200e-01  1.000000e-07
 62  30  0  0  0  3  1.367285e-01  1.000000e-07
 21  77  0  0  0  3  3.520384e-01  1.000000e-07
 13  52  0  0  0  3  1.408871e-01  1.000000e-07
 50  87  0  0  0  3  3.822901e-01  1.000000e-07
 72  27  0  0  0  3  1.216424e-01  1.000000e-07
 42  59 -1  0  0  3  2.900005e-01  1.000000e-07
 82  26  0  0  0  3  2.477369e-01  1.000000e-07
 25  88  0  0  0  3  2.422839e-01  1.000000e-07
 89  27  0  0  0  3  1.753299e-01  1.000000e-07
 15  61  0  0  0  3  1.941615e-01  1.000000e-07
 56  40  0  0  0  3  2.646662e-01  1.000000e-07
 29  78  0  0  0  3  2.546503e-01  1.000000e-07
 73  34  0  0  0  3  1.432390e-01  1.000000e-07
 17  56  0  0  0  3  2.770961e-01  1.000000e-07
 79  26  0  0  0  3  2.132723e-01  1.000000e-07
 23  58  0  0  0  3  2.344656e-01  1.000000e-07
 77  52  0  0  0  3  1.402176e-01  1.000000e-07
 23  54  0  0  0  3  2.306206e-01  1.000000e-07
 58  31  0  0  0  3  2.211859e-01  1.000000e-07
 22  66  0  0  0  3  2.751370e-01  1.000000e-07
 69  30  0  0  0  3  1.447516e-01  1.000000e-07
 14  60  0  0  0  3  1.428739e-01  1.000000e-07
 53  39  1  0  0  3  3.609197e-01  1.000000e-07
 21  56  0  0  0  3  3.104385e-01  1.000000e-07
 79  26  0  0  0  3  2.003655e-01  1.000000e-07
 14  60  0  0  0  3  1.472831e-01  1.000000e-07
 64  51  0  0  0  3  3.536335e-01  1.000000e-07
 81  12  0  0  0  3  3.368421e-01  1.000000e-07
 53  40  0 -1  0  3  2.541332e-01  1.000000e-07
 15  85  0  0  0  3  2.686430e-01  1.000000e-07
 86  30  0  0  0  3  2.306005e-01  1.000000e-07
 15  56  0  0  0  3  1.724951e-01  1.000000e-07
 65  26  0  0  0  3  2.232222e-01  1.000000e-07
 24  73  0  0  0  3  2.352474e-01  1.000000e-07
 71  38  0  0  0  3  1.980236e-01  1.000000e-07
 17  79  0  0  0  3  2.574972e-01  1.000000e-07
 86  49  0  0  0  3  2.340327e-01  1.000000e-07
 15  65  0  0  0  3  1.756602e-01  1.000000e-07
 70  49  0  0  0  3  2.684316e-01  1.000000e-07
 31  61 -1  0  0  3  3.052219e-01  1.000000e-07
 59  15  0  0  0  3  2.371840e-01  1.000000e-07
 14  71  1  0  0  3  1.628741e-01  1.000000e-07
 67  32  0  0  0  3  2.368188e-01  1.000000e-07
 68  86  0  0  0  2  4.185957e-01  2.000000e-07
 68  64  0  0  0  2  3.292586e-02  2.000000e-07
 68  71  1  0  0  2  4.461176e-01  2.000000e-07
 68  87  0  0  0  2  2.133195e-01  2.000000e-07
 68  84  0  0  0  2  4.763847e-01  2.000000e-07
 68  70  0  0  0  2  2.776723e-01  2.000000e-07
 68  5  1  0  0  2  4.506836e-01  2.000000e-07
 68  55  0  0  0  2  1.302061e-01  2.000000e-07
 68  56  0  0  0  2  4.882567e-01  2.000000e-07
 68  0  0  0  0  2  3.621455e-01  2.000000e-07
 68  88  0  0  0  2  1.679019e-01  2.000000e-07
 68  60  0  0  0  2  2.825865e-01  2.000000e-07
 68  12  0  0  0  2  3.015845e-01  2.000000e-07
 68  2  0  0  0  2  2.067287e-01  2.000000e-07
 7  53 -1  0  0  2  2.300675e-01  2.000000e-07
 7  78  0  0  0  2  1.114093e-01  2.000000e-07
 7  78  0  0  0  2  1.114093e-01  2.000000e-07
 7  82 -1 -1  0  2  2.809099e-01  2.000000e-07
 7  72  0  0  0  2  2.546982e-01  2.000000e-07
 7  73  0  0  0  2  2.052686e-01  2.000000e-07
 7  57  0 -1  0  2  4.273225e-01  2.000000e-07
 7  58  0 -1  0  2  2.942747e-01  2.000000e-07
 7  59 -1 -1  0  2  2.671756e-01  2.000000e-07
 7  77  0 -1  0  2  3.885774e-01  2.000000e-07
 7  67  0  0  0  2  2.031447e-01  2.000000e-07
 7  12 -1  0  0  2  2.303786e-01  2.000000e-07
 53  64  0  0  0  2  2.469472e-01  2.000000e-07
 53  9  0  0  0  2  1.067940e-01  2.000000e-07
 53  78  1  0  0  2  1.818900e-01  2.000000e-07
 53  71  1  0  0  2  3.066728e-01  2.000000e-07
 53  82  0 -1  0  2  2.492379e-01  2.000000e-07
 53  63  0  0  0  2  3.479851e-01  2.000000e-07
 53  55  0  0  0  2  1.485960e-01  2.000000e-07
 53  73  1  0  0  2  2.680548e-01  2.000000e-07
 53  59  0 -1  0  2  2.521196e-01  2.000000e-07
 53  67  1  0  0  2  2.439311e-01  2.000000e-07
 53  12  0  0  0  2  1.117679e-01  2.000000e-07
 53  12  0  0  0  2  1.117679e-01  2.000000e-07
 86  79  0  0  0  2  6.652989e-02  2.000000e-07
 86  84  0  0  0  2  8.273470e-02  2.000000e-07
 86  85  0  0  0  2  8.003932e-02  2.000000e-07
 86  65  0  0  0  2  1.064491e-01  2.000000e-07
 86  56  0  0  0  2  1.275500e-01  2.000000e-07
 86  74  0  0  0  2  4.254300e-01  2.000000e-07
 86  57  0  0  0  2  3.452125e-01  2.000000e-07
 86  83  0  0  0  2  6.460660e-02  2.000000e-07
 86  88  0  0  0  2  3.389794e-01  2.000000e-07
 86  89  0  0  0  2  3.993668e-01  2.000000e-07
 86  77  0  0  0  2  2.187604e-01  2.000000e-07
 86  76  0  0  0  2  3.053761e-01  2.000000e-07
 86  10  0  0  0  2  2.147526e-01  2.000000e-07
 86  60  0  0  0  2  4.123927e-01  2.000000e-07
 86  61  0  0  0  2  2.522094e-01  2.000000e-07
 86  2  0  0  0  2  3.238796e-01  2.000000e-07
 64  9  0  0  0  2  1.630669e-01  2.000000e-07
 64  4  1  0  0  2  5.398983e-01  2.000000e-07
 64  87  0  0  0  2  2.461729e-01  2.000000e-07
 64  70  0  0  0  2  2.564895e-01  2.000000e-07
 64  5  1  0  0  2  4.195678e-01  2.000000e-07
 64  65  0  0  0  2  2.964883e-01  2.000000e-07
 64  72  0  0  0  2  3.826805e-01  2.000000e-07
 64  63  0  0  0  2  1.015671e-01  2.000000e-07
 64  55  0  0  0  2  1.386018e-01  2.000000e-07
 64  73  1  0  0  2  4.569625e-01  2.000000e-07
 64  11  0 -1  0  2  4.513740e-01  2.000000e-07
 64  67  1  0  0  2  4.299510e-01  2.000000e-07
 64  6  1  0  0  2  5.736598e-01  2.000000e-07
 64  2  0  0  0  2  2.179072e-01  2.000000e-07
 13  78  0  1  0  2  5.118689e-01  2.000000e-07
 13  87  0  1  0  2  2.724683e-01  2.000000e-07
 13  84  0  0  0  2  1.392169e-01  2.000000e-07
 13  72  0  1  0  2  3.259593e-01  2.000000e-07
 13  54  0  0  0  2  3.769268e-01  2.000000e-07
 13  55  0  1  0  2  4.039318e-01  2.000000e-07
 13  56  0  0  0  2  2.152779e-01  2.000000e-07
 13  80  0  0  0  2  2.046740e-02  2.000000e-07
 13  83  0  0  0  2  1.367304e-01  2.000000e-07
 13  58  0  0  0  2  2.133558e-01  2.000000e-07
 13  59  0  0  0  2  3.920030e-01  2.000000e-07
 13  69  0  0  0  2  3.677323e-01  2.000000e-07
 13  77  0  0  0  2  8.405089e-02  2.000000e-07
 79  85  0  0  0  2  1.422728e-01  2.000000e-07
 79  70  0  0  0  2  2.051655e-01  2.000000e-07
 79  65  0  0  0  2  1.641710e-01  2.000000e-07
 79  80  0  0  0  2  1.465965e-01  2.000000e-07
 79  8  0  0  0  2  1.333150e-01  2.000000e-07
 79  11  0  0  0  2  1.443376e-01  2.000000e-07
 79  77  0  0  0  2  1.976167e-01  2.000000e-07
 79  10  0  0  0  2  1.510910e-01  2.000000e-07
 79  61  0  0  0  2  2.133452e-01  2.000000e-07
 9  87  0  0  0  2  2.832242e-01  2.000000e-07
 9  82  0 -1  0  2  2.636538e-01  2.000000e-07
 9  72  0  0  0  2  4.516445e-01  2.000000e-07
 9  63  0  0  0  2  2.632609e-01  2.000000e-07
 9  55  0  0  0  2  4.180450e-02  2.000000e-07
 9  11  0 -1  0  2  3.907201e-01  2.000000e-07
 9  59  0 -1  0  2  2.741383e-01  2.000000e-07
 9  67  1  0  0  2  3.419447e-01  2.000000e-07
 9  10  0 -1  0  2  3.134714e-01  2.000000e-07
 9  12  0  0  0  2  1.422896e-01  2.000000e-07
 4  70 -1  0  0  2  5.283534e-01  2.000000e-07
 4  5  0  0  0  2  1.206702e-01  2.000000e-07
 4  54  0  0  0  2  1.182739e-01  2.000000e-07
 4  73  0  0  0  2  2.698221e-01  2.000000e-07
 4  75  0  0  0  2  1.704139e-01  2.000000e-07
 4  3  0  0  0  2  1.013699e-01  2.000000e-07
 4  62  0  0  0  2  1.242013e-01  2.000000e-07
 4  58  0  0  0  2  3.139592e-01  2.000000e-07
 4  69  0  0  0  2  1.890570e-01  2.000000e-07
 4  76  0  0  0  2  1.469680e-01  2.000000e-07
 4  61 -1  0  0  2  4.730466e-01  2.000000e-07
 4  6  0  0  0  2  3.658149e-02  2.000000e-07
 78  71  0  0  0  2  2.259808e-01  2.000000e-07
 78  87  0  0  0  2  4.318477e-01  2.000000e-07
 78  54  0 -1  0  2  5.331731e-01  2.000000e-07
 78  55 -1  0  0  2  3.300464e-01  2.000000e-07
 78  0  0  0  0  2  2.617728e-01  2.000000e-07
 78  73  0  0  0  2  1.140948e-01  2.000000e-07
 78  75  0  0  0  2  2.560928e-01  2.000000e-07
 78  57  0 -1  0  2  5.381890e-01  2.000000e-07
 78  58  0 -1  0  2  3.979375e-01  2.000000e-07
 78  59 -1 -1  0  2  3.248166e-01  2.000000e-07
 78  77  0 -1  0  2  4.779402e-01  2.000000e-07
 78  67  0  0  0  2  1.021842e-01  2.000000e-07
 78  60 -1  0  0  2  3.153563e-01  2.000000e-07
 78  12 -1  0  0  2  2.361753e-01  2.000000e-07
 71  5  0  0  0  2  9.562456e-02  2.000000e-07
 71  54  0  0  0  2  2.656757e-01  2.000000e-07
 71  55 -1  0  0  2  4.135643e-01  2.000000e-07
 71  0  0  0  0  2  2.292007e-01  2.000000e-07
 71  74  0  0  0  2  1.392778e-01  2.000000e-07
 71  73  0  0  0  2  1.417262e-01  2.000000e-07
 71  75  0  0  0  2  1.429616e-01  2.000000e-07
 71  67  0  0  0  2  1.331259e-01  2.000000e-07
 71  76  0  0  0  2  2.594863e-01  2.000000e-07
 71  60 -1  0  0  2  1.979445e-01  2.000000e-07
 87  72  0  0  0  2  1.710804e-01  2.000000e-07
 87  63  0  0  0  2  2.545624e-01  2.000000e-07
 87  55  0  0  0  2  2.424915e-01  2.000000e-07
 87  56  0 -1  0  2  4.085155e-01  2.000000e-07
 87  80  0 -1  0  2  2.660253e-01  2.000000e-07
 87  0  0  0  0  2  2.578215e-01  2.000000e-07
 87  73  0  0  0  2  3.828986e-01  2.000000e-07
 87  75  0  0  0  2  3.547210e-01  2.000000e-07
 87  83  0 -1  0  2  4.001810e-01  2.000000e-07
 87  88  0  0  0  2  2.179232e-01  2.000000e-07
 87  89  0  0  0  2  2.135475e-01  2.000000e-07
 87  58  0 -1  0  2  3.857135e-01  2.000000e-07
 87  11  0 -1  0  2  2.570626e-01  2.000000e-07
 87  77  0 -1  0  2  3.220951e-01  2.000000e-07
 87  12  0  0  0  2  3.715485e-01  2.000000e-07
 87  2  0  0  0  2  2.419063e-01  2.000000e-07
 84  70  0  0  0  2  2.250243e-01  2.000000e-07
 84  54  0  0  0  2  3.351193e-01  2.000000e-07
 84  56  0  0  0  2  1.776266e-01  2.000000e-07
 84  80  0  0  0  2  1.438086e-01  2.000000e-07
 84  83  0  0  0  2  3.385871e-02  2.000000e-07
 84  58  0  0  0  2  2.487121e-01  2.000000e-07
 84  69  0  0  0  2  2.509236e-01  2.000000e-07
 84  77  0  0  0  2  1.388607e-01  2.000000e-07
 84  76  0  0  0  2  2.769956e-01  2.000000e-07
 84  2  0  0  0  2  3.498737e-01  2.000000e-07
 85  70  0  0  0  2  1.447734e-01  2.000000e-07
 85  65  0  0  0  2  1.035873e-01  2.000000e-07
 85  80  0  0  0  2  2.440583e-01  2.000000e-07
 85  57  0  0  0  2  2.923220e-01  2.000000e-07
 85  8  0  0  0  2  2.152520e-01  2.000000e-07
 85  66  0  0  0  2  1.397348e-01  2.000000e-07
 85  88  0  0  0  2  2.731090e-01  2.000000e-07
 85  58  0  0  0  2  3.180290e-01  2.000000e-07
 85  69  0  0  0  2  1.925606e-01  2.000000e-07
 85  77  0  0  0  2  2.317565e-01  2.000000e-07
 85  1  0  0  0  2  1.611499e-01  2.000000e-07
 82  63  0  1  0  2  5.129902e-01  2.000000e-07
 82  57  1  0  0  2  4.599698e-01  2.000000e-07
 82  62  1  0  0  2  4.789468e-01  2.000000e-07
 82  58  1  0  0  2  4.302450e-01  2.000000e-07
 82  11  0  0  0  2  3.321667e-01  2.000000e-07
 82  59  0  0  0  2  1.995991e-02  2.000000e-07
 82  67  1  1  0  2  4.319306e-01  2.000000e-07
 82  10  0  0  0  2  1.844834e-01  2.000000e-07
 82  12  0  1  0  2  1.380864e-01  2.000000e-07
 70  5  1  0  0  2  4.209523e-01  2.000000e-07
 70  65  0  0  0  2  4.551992e-02  2.000000e-07
 70  63  0  0  0  2  1.914183e-01  2.000000e-07
 70  80  0  0  0  2  3.466585e-01  2.000000e-07
 70  59  0  0  0  2  4.219667e-01  2.000000e-07
 70  69  0  0  0  2  2.862192e-01  2.000000e-07
 70  60  0  0  0  2  2.795264e-01  2.000000e-07
 70  61  0  0  0  2  2.938981e-01  2.000000e-07
 70  1  0  0  0  2  1.861512e-01  2.000000e-07
 70  6  1  0  0  2  5.520413e-01  2.000000e-07
 70  2  0  0  0  2  2.439603e-01  2.000000e-07
 5  53 -1  0  0  2  3.642129e-01  2.000000e-07
 5  54  0  0  0  2  1.975623e-01  2.000000e-07
 5  55 -1  0  0  2  4.456718e-01  2.000000e-07
 5  56 -1  0  0  2  4.791407e-01  2.000000e-07
 5  73  0  0  0  2  2.373412e-01  2.000000e-07
 5  3  0  0  0  2  1.058377e-01  2.000000e-07
 5  59 -1  0  0  2  4.680617e-01  2.000000e-07
 5  60 -1  0  0  2  1.719906e-01  2.000000e-07
 5  61 -1  0  0  2  4.207590e-01  2.000000e-07
 65  63  0  0  0  2  2.228247e-01  2.000000e-07
 65  74  1  0  0  2  5.977040e-01  2.000000e-07
 65  57  0  0  0  2  3.932183e-01  2.000000e-07
 65  66  0  0  0  2  2.181369e-01  2.000000e-07
 65  88  0  0  0  2  2.592960e-01  2.000000e-07
 65  67  1  0  0  2  5.934262e-01  2.000000e-07
 65  10  0  0  0  2  2.927193e-01  2.000000e-07
 65  60  0  0  0  2  3.214502e-01  2.000000e-07
 65  61  0  0  0  2  2.811192e-01  2.000000e-07
 65  1  0  0  0  2  1.819571e-01  2.000000e-07
 65  6  1  0  0  2  5.819219e-01  2.000000e-07
 72  63  0  0  0  2  3.496252e-01  2.000000e-07
 72  80  0 -1  0  2  3.305587e-01  2.000000e-07
 72  0  0  0  0  2  1.466585e-01  2.000000e-07
 72  74  0  0  0  2  3.465086e-01  2.000000e-07
 72  75  0  0  0  2  2.359057e-01  2.000000e-07
 72  8  0 -1  0  2  3.506787e-01  2.000000e-07
 72  66  0  0  0  2  4.048835e-01  2.000000e-07
 72  88  0  0  0  2  2.697507e-01  2.000000e-07
 72  89  0  0  0  2  1.871749e-01  2.000000e-07
 72  58  0 -1  0  2  3.326554e-01  2.000000e-07
 72  11  0 -1  0  2  3.332794e-01  2.000000e-07
 72  69  0  0  0  2  3.648748e-01  2.000000e-07
 72  77  0 -1  0  2  3.333328e-01  2.000000e-07
 72  67  0  0  0  2  2.446160e-01  2.000000e-07
 72  1  0  0  0  2  3.510631e-01  2.000000e-07
 72  6  0  0  0  2  4.229544e-01  2.000000e-07
 72  2  0  0  0  2  2.687683e-01  2.000000e-07
 63  88  0  0  0  2  9.683194e-02  2.000000e-07
 63  11  0 -1  0  2  4.951418e-01  2.000000e-07
 63  67  1  0  0  2  5.159277e-01  2.000000e-07
 63  10  0 -1  0  2  4.940193e-01  2.000000e-07
 63  60  0  0  0  2  2.975469e-01  2.000000e-07
 63  12  0  0  0  2  4.048958e-01  2.000000e-07
 63  1  0  0  0  2  1.632006e-01  2.000000e-07
 63  6  1  0  0  2  6.203260e-01  2.000000e-07
 63  2  0  0  0  2  1.278128e-01  2.000000e-07
 54  56 -1  0  0  2  5.157031e-01  2.000000e-07
 54  74  0  0  0  2  1.726428e-01  2.000000e-07
 54  57  0  0  0  2  5.514208e-02  2.000000e-07
 54  83  0  0  0  2  3.688694e-01  2.000000e-07
 54  3  0  0  0  2  2.183808e-01  2.000000e-07
 54  62  0  0  0  2  6.417344e-02  2.000000e-07
 54  58  0  0  0  2  2.044764e-01  2.000000e-07
 54  59 -1  0  0  2  4.040169e-01  2.000000e-07
 54  69  0  0  0  2  2.277594e-01  2.000000e-07
 54  77  0  0  0  2  2.945477e-01  2.000000e-07
 54  76  0  0  0  2  1.949966e-01  2.000000e-07
 54  60 -1  0  0  2  3.503740e-01  2.000000e-07
 54  12 -1  1  0  2  5.140015e-01  2.000000e-07
 55  56  0 -1  0  2  4.144810e-01  2.000000e-07
 55  80  0 -1  0  2  3.870968e-01  2.000000e-07
 55  59  0 -1  0  2  2.935429e-01  2.000000e-07
 55  60  0  0  0  2  3.013291e-01  2.000000e-07
 55  12  0  0  0  2  1.720778e-01  2.000000e-07
 56  80  0  0  0  2  2.009655e-01  2.000000e-07
 56  57  1  0  0  2  5.670395e-01  2.000000e-07
 56  83  0  0  0  2  1.439883e-01  2.000000e-07
 56  59  0  0  0  2  2.458850e-01  2.000000e-07
 56  77  0  0  0  2  2.745849e-01  2.000000e-07
 56  10  0  0  0  2  1.121564e-01  2.000000e-07
 56  60  0  0  0  2  4.017786e-01  2.000000e-07
 56  12  0  1  0  2  3.457362e-01  2.000000e-07
 80  9  0  1  0  2  4.114700e-01  2.000000e-07
 80  8  0  0  0  2  3.352373e-02  2.000000e-07
 80  58  0  0  0  2  2.337225e-01  2.000000e-07
 80  11  0  0  0  2  2.231416e-02  2.000000e-07
 80  59  0  0  0  2  3.718270e-01  2.000000e-07
 80  61  0  0  0  2  2.984051e-01  2.000000e-07
 0  74  0  0  0  2  2.028990e-01  2.000000e-07
 0  75  0  0  0  2  9.764232e-02  2.000000e-07
 0  88  0  0  0  2  2.197078e-01  2.000000e-07
 0  89  0  0  0  2  1.080850e-01  2.000000e-07
 0  77  0 -1  0  2  4.799873e-01  2.000000e-07
 0  67  0  0  0  2  1.902708e-01  2.000000e-07
 0  76  0  0  0  2  2.205522e-01  2.000000e-07
 74  57  0  0  0  2  1.806555e-01  2.000000e-07
 74  62  0  0  0  2  1.618582e-01  2.000000e-07
 74  66  0  0  0  2  2.127663e-01  2.000000e-07
 74  88  0  0  0  2  3.301943e-01  2.000000e-07
 74  67  0  0  0  2  2.326265e-01  2.000000e-07
 74  76  0  0  0  2  1.230825e-01  2.000000e-07
 74  60 -1  0  0  2  3.097890e-01  2.000000e-07
 74  61 -1  0  0  2  5.287297e-01  2.000000e-07
 74  1  0  0  0  2  2.762633e-01  2.000000e-07
 74  6  0  0  0  2  7.937955e-02  2.000000e-07
 73  74  0  0  0  2  2.252751e-01  2.000000e-07
 73  75  0  0  0  2  1.421693e-01  2.000000e-07
 73  3  0  0  0  2  1.691741e-01  2.000000e-07
 73  66  0  0  0  2  3.933563e-01  2.000000e-07
 73  58  0 -1  0  2  4.544082e-01  2.000000e-07
 73  69  0  0  0  2  3.405469e-01  2.000000e-07
 73  67  0  0  0  2  2.701469e-02  2.000000e-07
 73  1  0  0  0  2  4.013386e-01  2.000000e-07
 73  6  0  0  0  2  3.007277e-01  2.000000e-07
 73  2  0  0  0  2  3.601890e-01  2.000000e-07
 75  3  0  0  0  2  1.014144e-01  2.000000e-07
 75  89  0  0  0  2  1.759022e-01  2.000000e-07
 75  69  0  0  0  2  1.983781e-01  2.000000e-07
 75  76  0  0  0  2  1.727909e-01  2.000000e-07
 75  2  0  0  0  2  2.475646e-01  2.000000e-07
 57  8  0  0  0  2  3.179372e-01  2.000000e-07
 57  83  0  0  0  2  3.140060e-01  2.000000e-07
 57  62  0  0  0  2  2.233587e-02  2.000000e-07
 57  66  0  0  0  2  2.015344e-01  2.000000e-07
 57  88  0  0  0  2  4.117920e-01  2.000000e-07
 57  58  0  0  0  2  1.764721e-01  2.000000e-07
 57  77  0  0  0  2  2.479198e-01  2.000000e-07
 57  76  0  0  0  2  1.657935e-01  2.000000e-07
 57  10 -1  0  0  2  6.010392e-01  2.000000e-07
 57  60 -1  0  0  2  3.996907e-01  2.000000e-07
 57  12 -1  1  0  2  5.422890e-01  2.000000e-07
 57  61 -1  0  0  2  4.623199e-01  2.000000e-07
 57  6  0  0  0  2  1.044545e-01  2.000000e-07
 8  62  0  0  0  2  3.236909e-01  2.000000e-07
 8  66  0  0  0  2  3.003792e-01  2.000000e-07
 8  58  0  0  0  2  2.161129e-01  2.000000e-07
 8  11  0  0  0  2  5.266128e-02  2.000000e-07
 8  77  0  0  0  2  8.257465e-02  2.000000e-07
 83  77  0  0  0  2  1.557240e-01  2.000000e-07
 83  76  0  0  0  2  3.065819e-01  2.000000e-07
 83  10  0  0  0  2  1.979490e-01  2.000000e-07
 83  12  0  1  0  2  4.587321e-01  2.000000e-07
 3  69  0  0  0  2  2.289116e-01  2.000000e-07
 3  76  0  0  0  2  1.902214e-01  2.000000e-07
 62  66  0  0  0  2  1.841036e-01  2.000000e-07
 62  58  0  0  0  2  1.948464e-01  2.000000e-07
 62  59 -1  0  0  2  4.604658e-01  2.000000e-07
 62  69  0  0  0  2  1.710269e-01  2.000000e-07
 62  61 -1  0  0  2  4.776056e-01  2.000000e-07
 62  6  0  0  0  2  8.852003e-02  2.000000e-07
 66  88  0  0  0  2  2.253430e-01  2.000000e-07
 66  58  0  0  0  2  3.035753e-01  2.000000e-07
 66  69  0  0  0  2  5.324307e-02  2.000000e-07
 66  1  0  0  0  2  1.119186e-01  2.000000e-07
 66  6  0  0  0  2  2.045257e-01  2.000000e-07
 88  89  0  0  0  2  1.116376e-01  2.000000e-07
 88  11  0 -1  0  2  4.740473e-01  2.000000e-07
 88  77  0 -1  0  2  5.358429e-01  2.000000e-07
 88  67  0  0  0  2  4.096152e-01  2.000000e-07
 88  76  0  0  0  2  2.500829e-01  2.000000e-07
 88  10  0 -1  0  2  5.022611e-01  2.000000e-07
 88  60  0  0  0  2  3.941754e-01  2.000000e-07
 88  12  0  0  0  2  4.624370e-01  2.000000e-07
 88  1  0  0  0  2  1.208704e-01  2.000000e-07
 89  76  0  0  0  2  2.070971e-01  2.000000e-07
 89  2  0  0  0  2  9.203007e-02  2.000000e-07
 58  59 -1  0  0  2  4.103012e-01  2.000000e-07
 58  69  0  0  0  2  3.219786e-01  2.000000e-07
 58  77  0  0  0  2  1.338791e-01  2.000000e-07
 11  59  0  0  0  2  3.508821e-01  2.000000e-07
 11  77  0  0  0  2  1.266158e-01  2.000000e-07
 11  10  0  0  0  2  1.498039e-01  2.000000e-07
 11  61  0  0  0  2  2.811146e-01  2.000000e-07
 59  4  1  0  0  2  4.893867e-01  2.000000e-07
 59  12  0  1  0  2  1.427971e-01  2.000000e-07
 59  61  0  0  0  2  1.286974e-01  2.000000e-07
 59  6  1  0  0  2  4.844117e-01  2.000000e-07
 69  76  0  0  0  2  4.225097e-02  2.000000e-07
 69  1  0  0  0  2  1.262481e-01  2.000000e-07
 69  6  0  0  0  2  1.687081e-01  2.000000e-07
 69  2  0  0  0  2  1.818846e-01  2.000000e-07
 77  67  0  1  0  2  5.240934e-01  2.000000e-07
 77  10  0  0  0  2  2.700250e-01  2.000000e-07
 77  12  0  1  0  2  5.103230e-01  2.000000e-07
 67  60 -1  0  0  2  2.737798e-01  2.000000e-07
 67  12 -1  0  0  2  3.234583e-01  2.000000e-07
 67  6  0  0  0  2  3.052369e-01  2.000000e-07
 76  2  0  0  0  2  2.109509e-01  2.000000e-07
 10  60  0  0  0  2  4.997068e-01  2.000000e-07
 10  12  0  1  0  2  2.609081e-01  2.000000e-07
 10  61  0  0  0  2  1.402927e-01  2.000000e-07
 60  12  0  0  0  2  3.790191e-01  2.000000e-07
 60  61  0  0  0  2  3.909683e-01  2.000000e-07
 61  6  1  0  0  2  4.778177e-01  2.000000e-07
 1  2  0  0  0  2  9.367280e-02  2.000000e-07
 68  63  0  0  0  1  1.048504e-01  3.000000e-07
 68  55  0  0  0  1  1.302061e-01  3.000000e-07
 68  88  0  0  0  1  1.679019e-01  3.000000e-07
 7  53 -1  0  0  1  2.300675e-01  3.000000e-07
 7  78  0  0  0  1  1.114093e-01  3.000000e-07
 7  72  0  0  0  1  2.546982e-01  3.000000e-07
 7  58  0 -1  0  1  2.942747e-01  3.000000e-07
 7  59 -1 -1  0  1  2.671756e-01  3.000000e-07
 7  12 -1  0  0  1  2.303786e-01  3.000000e-07
 53  9  0  0  0  1  1.067940e-01  3.000000e-07
 53  67  1  0  0  1  2.439311e-01  3.000000e-07
 53  60  0  0  0  1  2.687312e-01  3.000000e-07
 53  12  0  0  0  1  1.117679e-01  3.000000e-07
 86  79  0  0  0  1  6.652989e-02  3.000000e-07
 86  84  0  0  0  1  8.273470e-02  3.000000e-07
 86  85  0  0  0  1  8.003932e-02  3.000000e-07
 86  65  0  0  0  1  1.064491e-01  3.000000e-07
 86  56  0  0  0  1  1.275500e-01  3.000000e-07
 86  83  0  0  0  1  6.460660e-02  3.000000e-07
 64  9  0  0  0  1  1.630669e-01  3.000000e-07
 64  70  0  0  0  1  2.564895e-01  3.000000e-07
 64  63  0  0  0  1  1.015671e-01  3.000000e-07
 64  55  0  0  0  1  1.386018e-01  3.000000e-07
 64  60  0  0  0  1  2.505488e-01  3.000000e-07
 13  87  0  1  0  1  2.724683e-01  3.000000e-07
 13  77  0  0  0  1  8.405089e-02  3.000000e-07
 79  8  0  0  0  1  1.333150e-01  3.000000e-07
 79  11  0  0  0  1  1.443376e-01  3.000000e-07
 79  10  0  0  0  1  1.510910e-01  3.000000e-07
 9  60  0  0  0  1  2.851540e-01  3.000000e-07
 9  12  0  0  0  1  1.422896e-01  3.000000e-07
 4  5  0  0  0  1  1.206702e-01  3.000000e-07
 4  54  0  0  0  1  1.182739e-01  3.000000e-07
 4  74  0  0  0  1  6.004633e-02  3.000000e-07
 4  3  0  0  0  1  1.013699e-01  3.000000e-07
 78  53 -1  0  0  1  1.818900e-01  3.000000e-07
 78  72  0  0  0  1  2.608488e-01  3.000000e-07
 78  73  0  0  0  1  1.140948e-01  3.000000e-07
 78  67  0  0  0  1  1.021842e-01  3.000000e-07
 71  5  0  0  0  1  9.562456e-02  3.000000e-07
 71  73  0  0  0  1  1.417262e-01  3.000000e-07
 71  75  0  0  0  1  1.429616e-01  3.000000e-07
 71  3  0  0  0  1  6.934261e-02  3.000000e-07
 71  67  0  0  0  1  1.331259e-01  3.000000e-07
 71  60 -1  0  0  1  1.979445e-01  3.000000e-07
 87  72  0  0  0  1  1.710804e-01  3.000000e-07
 87  55  0  0  0  1  2.424915e-01  3.000000e-07
 87  88  0  0  0  1  2.179232e-01  3.000000e-07
 87  89  0  0  0  1  2.135475e-01  3.000000e-07
 87  11  0 -1  0  1  2.570626e-01  3.000000e-07
 84  85  0  0  0  1  1.015595e-01  3.000000e-07
 84  8  0  0  0  1  1.139161e-01  3.000000e-07
 84  66  0  0  0  1  2.001817e-01  3.000000e-07
 84  77  0  0  0  1  1.388607e-01  3.000000e-07
 85  65  0  0  0  1  1.035873e-01  3.000000e-07
 85  66  0  0  0  1  1.397348e-01  3.000000e-07
 85  1  0  0  0  1  1.611499e-01  3.000000e-07
 82  10  0  0  0  1  1.844834e-01  3.000000e-07
 82  12  0  1  0  1  1.380864e-01  3.000000e-07
 70  63  0  0  0  1  1.914183e-01  3.000000e-07
 70  56  0  0  0  1  2.125442e-01  3.000000e-07
 70  60  0  0  0  1  2.795264e-01  3.000000e-07
 70  61  0  0  0  1  2.938981e-01  3.000000e-07
 70  1  0  0  0  1  1.861512e-01  3.000000e-07
 5  54  0  0  0  1  1.975623e-01  3.000000e-07
 5  60 -1  0  0  1  1.719906e-01  3.000000e-07
 5  61 -1  0  0  1  4.207590e-01  3.000000e-07
 65  56  0  0  0  1  1.842661e-01  3.000000e-07
 65  1  0  0  0  1  1.819571e-01  3.000000e-07
 72  0  0  0  0  1  1.466585e-01  3.000000e-07
 72  58  0 -1  0  1  3.326554e-01  3.000000e-07
 72  77  0 -1  0  1  3.333328e-01  3.000000e-07
 63  88  0  0  0  1  9.683194e-02  3.000000e-07
 63  1  0  0  0  1  1.632006e-01  3.000000e-07
 54  57  0  0  0  1  5.514208e-02  3.000000e-07
 54  62  0  0  0  1  6.417344e-02  3.000000e-07
 54  58  0  0  0  1  2.044764e-01  3.000000e-07
 54  59 -1  0  0  1  4.040169e-01  3.000000e-07
 54  6  0  0  0  1  9.394037e-02  3.000000e-07
 55  10  0 -1  0  1  3.047842e-01  3.000000e-07
 55  12  0  0  0  1  1.720778e-01  3.000000e-07
 56  10  0  0  0  1  1.121564e-01  3.000000e-07
 56  61  0  0  0  1  1.279119e-01  3.000000e-07
 0  73  0  0  0  1  1.642842e-01  3.000000e-07
 0  75  0  0  0  1  9.764232e-02  3.000000e-07
 0  89  0  0  0  1  1.080850e-01  3.000000e-07
 74  75  0  0  0  1  1.118284e-01  3.000000e-07
 74  3  0  0  0  1  7.060364e-02  3.000000e-07
 74  76  0  0  0  1  1.230825e-01  3.000000e-07
 74  6  0  0  0  1  7.937955e-02  3.000000e-07
 75  3  0  0  0  1  1.014144e-01  3.000000e-07
 75  89  0  0  0  1  1.759022e-01  3.000000e-07
 75  76  0  0  0  1  1.727909e-01  3.000000e-07
 57  58  0  0  0  1  1.764721e-01  3.000000e-07
 8  83  0  0  0  1  1.115987e-01  3.000000e-07
 8  11  0  0  0  1  5.266128e-02  3.000000e-07
 62  66  0  0  0  1  1.841036e-01  3.000000e-07
 62  77  0  0  0  1  2.570991e-01  3.000000e-07
 62  76  0  0  0  1  1.438986e-01  3.000000e-07
 62  6  0  0  0  1  8.852003e-02  3.000000e-07
 66  69  0  0  0  1  5.324307e-02  3.000000e-07
 66  76  0  0  0  1  8.983748e-02  3.000000e-07
 66  1  0  0  0  1  1.119186e-01  3.000000e-07
 88  89  0  0  0  1  1.116376e-01  3.000000e-07
 88  1  0  0  0  1  1.208704e-01  3.000000e-07
 89  69  0  0  0  1  1.949667e-01  3.000000e-07
 89  76  0  0  0  1  2.070971e-01  3.000000e-07
 89  2  0  0  0  1  9.203007e-02  3.000000e-07
 58  59 -1  0  0  1  4.103012e-01  3.000000e-07
 58  77  0  0  0  1  1.338791e-01  3.000000e-07
 11  10  0  0  0  1  1.498039e-01  3.000000e-07
 59  61  0  0  0  1  1.286974e-01  3.000000e-07
 69  1  0  0  0  1  1.262481e-01  3.000000e-07
 69  2  0  0  0  1  1.818846e-01  3.000000e-07
 67  60 -1  0  0  1  2.737798e-01  3.000000e-07
 76  6  0  0  0  1  1.281648e-01  3.000000e-07
 10  61  0  0  0  1  1.402927e-01  3.000000e-07
 60  61  0  0  0  1  3.909683e-01  3.000000e-07
 12  59  0 -1  0  1  1.427971e-01  3.000000e-07
 1  2  0  0  0  1  9.367280e-02  3.000000e-07
-1.614146e-01 -1.917617e-01  0
 1.987929e-02 -1.724479e-02  0
 1.896986e-02 -1.109132e-01  0
-3.091242e-01 -5.933149e-02  0
-2.865042e-01  3.948248e-02  0
-3.991751e-01 -3.721507e-03  0
-2.620977e-01  6.673188e-02  0
-3.664931e-01 -4.283507e-01  0
 2.757088e-02  3.515735e-01  0
 3.217256e-01 -3.167043e-01  0
 2.111924e-01  3.899585e-01  0
 6.140146e-02  3.919307e-01  0
 4.031830e-01 -4.333705e-01  0
 2.171981e-02  3.763504e-01  0
 4.273097e-01 -1.641149e-01  1.334436e-01
 2.954243e-01  8.723742e-02  1.470110e-01
-1.702003e-01  1.014994e-01  3.018947e-01
 7.279589e-02  1.802708e-01  2.471759e-01
 1.997578e-01  6.709036e-02  3.444764e-01
-7.001509e-02  1.254476e-02  3.469286e-01
-3.698024e-02 -1.266921e-01  4.413137e-01
 1.052840e-01  2.715071e-01  2.947562e-01
-4.145262e-03  1.369499e-02  2.398614e-01
-2.443492e-01  1.943086e-01  1.972517e-01
-3.264892e-01  5.017862e-03  1.766850e-01
 1.822477e-02 -4.102193e-02  1.579204e-01
 2.642822e-01  2.918873e-01 -1.902437e-01
 4.846372e-02 -3.562900e-01 -1.142799e-01
 3.551335e-01  3.595451e-01 -2.448492e-01
-3.447382e-01 -3.388740e-01  2.537856e-01
-1.095078e-01  1.903569e-01 -1.261928e-01
-3.918959e-01  3.760447e-01 -1.891821e-01
-3.454356e-01 -1.936578e-01 -1.940269e-01
-5.405448e-02 -3.444023e-01 -4.288393e-01
-3.352295e-01 -3.075214e-01 -1.427526e-01
-1.643789e-01  3.426122e-02 -2.473359e-01
-3.317719e-01 -2.126417e-01 -2.499984e-01
 3.850972e-01 -3.787297e-01 -3.296361e-01
-2.991535e-01 -2.797331e-01 -1.487276e-01
-3.987023e-01 -1.179925e-01 -3.370974e-01
 4.195837e-01  3.600320e-01 -2.003942e-01
 2.712302e-01  2.787824e-01  4.233561e-01
-4.172436e-01  4.230890e-01  2.226991e-01
 1.477824e-01  1.720668e-01  4.277207e-01
-2.045050e-01 -1.154966e-01 -4.163516e-01
 4.229272e-01 -1.364938e-01 -4.373766e-01
 3.771168e-02  4.618556e-02 -4.227656e-01
-3.044380e-01  3.124049e-01 -3.489199e-01
-6.301074e-02  2.248995e-01  3.756481e-01
 1.585410e-01  2.881034e-01 -2.246519e-01
-1.230821e-01 -3.367291e-01  3.591516e-01
 2.153679e-01 -1.596425e-01 -3.204044e-01
-1.452172e-01  3.709449e-01 -1.179625e-01
 4.282385e-01 -3.244472e-01  0
-2.853436e-01  1.577507e-01  0
 2.800731e-01 -3.131428e-01  0
 2.131254e-01  2.778187e-01  0
-2.308864e-01  1.664143e-01  0
-1.880910e-01  3.376187e-01  0
 4.108116e-01  4.240363e-01  0
 4.369265e-01 -5.585649e-02  0
 3.334657e-01  3.211741e-01  0
-2.222932e-01  1.457976e-01  0
 1.464386e-01 -1.202844e-01  0
 2.232671e-01 -1.867168e-01  0
 1.570676e-01  1.022866e-01  0
-5.759722e-02  6.352137e-02  0
-3.485800e-01 -2.259973e-01  0
 2.002577e-01 -2.102684e-01  0
-9.776236e-02  2.857018e-02  0
 1.858611e-01  6.703046e-02  0
-3.689249e-01 -9.443526e-02  0
-1.295515e-01 -3.349171e-01  0
-3.216428e-01 -2.280418e-01  0
-2.563422e-01 -1.243874e-02  0
-2.284004e-01 -1.207201e-01  0
-1.400053e-01  2.774885e-02  0
-5.424010e-02  3.403692e-01  0
-3.899406e-01 -3.194367e-01  0
 1.279639e-01  2.638573e-01  0
 4.135333e-02  3.821331e-01  0
 3.232544e-01 -2.895263e-01  2.656135e-01
 3.914889e-01  4.290392e-01  0
 7.200905e-02  2.492040e-01  0
 3.994352e-02  2.383314e-01  0
 6.012814e-02  1.387979e-01  0
 1.127768e-01  1.990841e-01  0
 4.068956e-02 -3.518425e-01  0
 5.060383e-02 -1.341450e-01  0
-5.745517e-02 -1.621845e-01  0