 714  90  1.200000e-05  82 -2 -2
 20  21  0  0  0  3  3.790295e-01  1.000000e-07
 20  45  0  0  0  3  3.471757e-01  1.000000e-07
 20  49  0  0  1  3  6.006212e-01  1.000000e-07
 20  88  0  0  1  3  5.598197e-01  1.000000e-07
 40  21  0  0  0  3  2.908621e-01  1.000000e-07
 40  41  0  0  0  3  1.862690e-01  1.000000e-07
 40  16  0  0  0  3  3.093913e-01  1.000000e-07
 40  22  0  0  0  3  1.166532e-01  1.000000e-07
 40  17  0  0  0  3  2.026445e-01  1.000000e-07
 40  33  0  0  1  3  4.258915e-01  1.000000e-07
 40  46  0  0  1  3  2.064281e-01  1.000000e-07
 40  47  0  0  1  3  2.054375e-01  1.000000e-07
 40  36  0 -1  1  3  4.844697e-01  1.000000e-07
 21  22  0  0  0  3  2.246197e-01  1.000000e-07
 21  50  0  0  0  3  3.266139e-01  1.000000e-07
 21  43  0 -1  0  3  3.930529e-01  1.000000e-07
 21  44 -1  0  0  3  3.746495e-01  1.000000e-07
 21  46  0  0  1  3  3.303614e-01  1.000000e-07
 21  49  0  0  1  3  4.463224e-01  1.000000e-07
 21  47  0  0  1  3  3.488400e-01  1.000000e-07
 24  16  0  0  0  3  3.815675e-01  1.000000e-07
 24  14  1  0  0  3  5.034772e-01  1.000000e-07
 24  18  0  1  0  3  4.270906e-01  1.000000e-07
 24  42  0  0  0  3  2.722965e-01  1.000000e-07
 24  15  1  0  0  3  5.077323e-01  1.000000e-07
 24  44  0  0  0  3  5.533623e-01  1.000000e-07
 41  23  0  0  0  3  3.523199e-01  1.000000e-07
 41  22  0  0  0  3  1.839678e-01  1.000000e-07
 41  18  0  0  0  3  1.740357e-01  1.000000e-07
 41  28  0 -1  0  3  3.455891e-01  1.000000e-07
 41  17  0  0  0  3  2.019664e-01  1.000000e-07
 41  44  0  0  0  3  3.894112e-01  1.000000e-07
 41  35  0  0  1  3  4.428686e-01  1.000000e-07
 41  25  0 -1  1  3  4.596467e-01  1.000000e-07
 23  16  0  0  0  3  2.936890e-01  1.000000e-07
 23  18  0  0  0  3  4.090793e-01  1.000000e-07
 23  50  0  0  0  3  2.630420e-01  1.000000e-07
 23  15  0  0  0  3  3.129687e-01  1.000000e-07
 23  44 -1  0  0  3  4.477385e-01  1.000000e-07
 16  50  0  0  0  3  2.051181e-01  1.000000e-07
 16  17  0  0  0  3  1.671094e-01  1.000000e-07
 16  48  0  0  1  3  5.197177e-01  1.000000e-07
 14  42 -1  0  0  3  5.332236e-01  1.000000e-07
 14  15  0  0  0  3  1.464400e-01  1.000000e-07
 14  43  0  0  0  3  2.586750e-01  1.000000e-07
 14  44 -1  1  0  3  5.571240e-01  1.000000e-07
 14  45  0  0  0  3  2.541467e-01  1.000000e-07
 22  18  0  0  0  3  3.250317e-01  1.000000e-07
 22  17  0  0  0  3  1.657951e-01  1.000000e-07
 22  44 -1  0  0  3  4.705551e-01  1.000000e-07
 22  45  0 -1  0  3  3.110934e-01  1.000000e-07
 18  19  0 -1  0  3  3.123864e-01  1.000000e-07
 28  42  0  0  0  3  1.545655e-01  1.000000e-07
 28  50  0  0  0  3  4.176601e-01  1.000000e-07
 28  43  0  0  0  3  3.185984e-01  1.000000e-07
 28  44  0  1  0  3  5.384484e-01  1.000000e-07
 28  46  0  1  1  3  4.874962e-01  1.000000e-07
 28  26  0  0  1  3  2.432268e-01  1.000000e-07
 28  25  0  0  1  3  1.882285e-01  1.000000e-07
 28  88  0  0  1  3  2.697934e-01  1.000000e-07
 42  15  1  0  0  3  5.578796e-01  1.000000e-07
 42  19  0  0  0  3  2.745716e-01  1.000000e-07
 42  33  0  0  1  3  5.463093e-01  1.000000e-07
 42  25  0  0  1  3  1.895250e-01  1.000000e-07
 42  49  1  0  1  3  6.745654e-01  1.000000e-07
 42  48  0  0  1  3  3.364858e-01  1.000000e-07
 50  19  0  0  0  3  2.890983e-01  1.000000e-07
 50  17  0  0  0  3  2.641743e-01  1.000000e-07
 15  44 -1  0  0  3  5.406679e-01  1.000000e-07
 15  49  0  0  1  3  5.847325e-01  1.000000e-07
 19  43  0  0  0  3  2.767795e-01  1.000000e-07
 17  46  0  0  1  3  3.226540e-01  1.000000e-07
 17  47  0  0  1  3  2.806449e-01  1.000000e-07
 17  88  0  0  1  3  5.281111e-01  1.000000e-07
 17  48  0  0  1  3  5.130780e-01  1.000000e-07
 43  22  0  1  0  3  1.997952e-01  1.000000e-07
 43  44 -1  1  0  3  5.237202e-01  1.000000e-07
 43  45  0  0  0  3  2.052453e-01  1.000000e-07
 44  29  1  0  1  3  4.477689e-01  1.000000e-07
 44  25  0 -1  1  3  5.092247e-01  1.000000e-07
 45  29  0  1  1  3  4.419348e-01  1.000000e-07
 45  30 -1  0  1  3  4.041877e-01  1.000000e-07
 45  25 -1  0  1  3  4.986009e-01  1.000000e-07
 45  49  0  0  1  3  5.105295e-01  1.000000e-07
 45  36 -1  0  1  3  4.706940e-01  1.000000e-07
 45  38  0  0  1  3  4.475646e-01  1.000000e-07
 29  46  0  0  0  3  1.974635e-01  1.000000e-07
 29  30 -1 -1  0  3  3.205228e-01  1.000000e-07
 29  35 -1  0  0  3  3.659326e-01  1.000000e-07
 29  31  0  0  0  3  1.213719e-01  1.000000e-07
 29  89 -1  0  0  3  2.503096e-01  1.000000e-07
 29  39  0  0  0  3  2.497997e-01  1.000000e-07
 29  38  0 -1  0  3  4.729398e-01  1.000000e-07
 33  34  0  0  0  3  2.292974e-01  1.000000e-07
 33  51  0  0  0  3  3.578816e-01  1.000000e-07
 33  35  0  0  0  3  3.560547e-02  1.000000e-07
 33  37  0  0  0  3  4.762003e-01  1.000000e-07
 33  49  1  0  0  3  5.069281e-01  1.000000e-07
 33  89  0  0  0  3  2.454165e-01  1.000000e-07
 33  47  0  0  0  3  3.394154e-01  1.000000e-07
 46  26  0 -1  0  3  5.547879e-01  1.000000e-07
 46  27  0 -1  0  3  5.728501e-01  1.000000e-07
 46  31  0  0  0  3  2.272484e-01  1.000000e-07
 46  47  0  0  0  3  1.465319e-01  1.000000e-07
 32  34  0  0  0  3  1.650910e-01  1.000000e-07
 32  51  0  0  0  3  1.050530e-01  1.000000e-07
 32  37  0  0  0  3  2.862829e-01  1.000000e-07
 32  49  0  0  0  3  4.529673e-01  1.000000e-07
 32  89  0  0  0  3  4.180995e-01  1.000000e-07
 32  48  0  0  0  3  2.302785e-01  1.000000e-07
 34  37  0  0  0  3  3.321387e-01  1.000000e-07
 34  49  1  0  0  3  5.031864e-01  1.000000e-07
 34  89  0  0  0  3  2.840725e-01  1.000000e-07
 34  36  0 -1  0  3  5.234650e-01  1.000000e-07
 34  48  0  0  0  3  2.989070e-01  1.000000e-07
 34  38  1  0  0  3  5.638298e-01  1.000000e-07
 26  37  0  0  0  3  1.057598e-01  1.000000e-07
 26  27  0  0  0  3  4.236521e-02  1.000000e-07
 26  39  0  1  0  3  6.424063e-01  1.000000e-07
 26  88  0  0  0  3  1.160084e-01  1.000000e-07
 26  36  0  0  0  3  2.132734e-01  1.000000e-07
 26  48  0  0  0  3  1.366899e-01  1.000000e-07
 26  38  0  0  0  3  4.691985e-01  1.000000e-07
 51  49  0  0  0  3  4.159616e-01  1.000000e-07
 51  39  0  0  0  3  3.157047e-01  1.000000e-07
 51  36  0 -1  0  3  5.899733e-01  1.000000e-07
 51  48  0  0  0  3  2.714407e-01  1.000000e-07
 30  35  0  1  0  3  3.632907e-01  1.000000e-07
 30  37  0  0  0  3  3.776434e-01  1.000000e-07
 30  89  0  1  0  3  2.730572e-01  1.000000e-07
 30  39  1  1  0  3  4.903452e-01  1.000000e-07
 30  36  0  0  0  3  2.553298e-01  1.000000e-07
 30  38  1  0  0  3  2.699388e-01  1.000000e-07
 35  49  1  0  0  3  4.982170e-01  1.000000e-07
 35  31  1  0  0  3  4.049663e-01  1.000000e-07
 35  89  0  0  0  3  2.222786e-01  1.000000e-07
 35  36  0 -1  0  3  3.459923e-01  1.000000e-07
 37  25  0  0  0  3  1.375698e-01  1.000000e-07
 37  27  0  0  0  3  1.130888e-01  1.000000e-07
 37  49  1  0  0  3  5.452796e-01  1.000000e-07
 25  36  0  0  0  3  1.338619e-01  1.000000e-07
 27  39  0  1  0  3  6.409820e-01  1.000000e-07
 27  88  0  0  0  3  1.156784e-01  1.000000e-07
 27  36  0  0  0  3  2.309290e-01  1.000000e-07
 27  48  0  0  0  3  1.265835e-01  1.000000e-07
 27  38  0  0  0  3  4.576480e-01  1.000000e-07
 49  31  0  0  0  3  1.947917e-01  1.000000e-07
 31  47  0  0  0  3  3.253234e-01  1.000000e-07
 31  39  0  0  0  3  2.111156e-01  1.000000e-07
 89  31  1  0  0  3  2.840993e-01  1.000000e-07
 47  39  0  0  0  3  3.518264e-01  1.000000e-07
 47  36  0 -1  0  3  5.081282e-01  1.000000e-07
 88  48  0  0  0  3  5.769157e-02  1.000000e-07
 88  38  0  0  0  3  3.946985e-01  1.000000e-07
 16  84  0  0  0  3  2.648112e-01  1.000000e-07
 56  32  0  0  0  3  1.735050e-01  1.000000e-07
 50  65  0  0  0  3  2.478299e-01  1.000000e-07
 80  39  0  0  0  3  1.495808e-01  1.000000e-07
 16  84  0  0  0  3  2.438857e-01  1.000000e-07
 56  51  0  0  0  3  1.669158e-01  1.000000e-07
 15  79  0  0  0  3  1.941411e-01  1.000000e-07
 75  31  0  0  0  3  3.263657e-01  1.000000e-07
 19  67  0  0  0  3  2.270769e-01  1.000000e-07
 63  32  0  0  0  3  2.218898e-01  1.000000e-07
 20  72  0  0  0  3  1.587805e-01  1.000000e-07
 85  38  0  0  0  3  2.045925e-01  1.000000e-07
 22  55  0  0  0  3  3.479392e-01  1.000000e-07
 62  39  0  0  0  3  1.049481e-01  1.000000e-07
 20  78  0  0  0  3  2.886607e-01  1.000000e-07
 65  39  0  0  0  3  1.971458e-01  1.000000e-07
 15  73 -1  0  0  3  2.461913e-01  1.000000e-07
 71  34  0  0  0  3  4.080312e-01  1.000000e-07
 43  55  0  1  0  3  3.528625e-01  1.000000e-07
 62  39  0  0  0  3  1.313731e-01  1.000000e-07
 16  55  0  0  0  3  2.958682e-01  1.000000e-07
 65  39  0  0  0  3  1.250085e-01  1.000000e-07
 18  61  0  0  0  3  1.388256e-01  1.000000e-07
 64  35  0  0  0  3  4.465891e-01  1.000000e-07
 18  64  0  0  0  3  1.811188e-01  1.000000e-07
 58  89  0  0  0  3  3.022807e-01  1.000000e-07
 24  53  0  0  0  3  1.136714e-01  1.000000e-07
 81  37  0  0  0  3  3.489300e-01  1.000000e-07
 20  87  0  0  0  3  1.635118e-01  1.000000e-07
 54  88  0  0  0  3  3.814973e-01  1.000000e-07
 14  52  0  1  0  3  3.515537e-01  1.000000e-07
 62  39  0  0  0  3  2.177673e-01  1.000000e-07
 19  67  0  0  0  3  1.650637e-01  1.000000e-07
 2  88  0  0  0  3  3.553239e-01  1.000000e-07
 23  55  0  0  0  3  1.818191e-01  1.000000e-07
 78  39  0  0  0  3  1.068716e-01  1.000000e-07
 14  74 -1  0  0  3  2.622459e-01  1.000000e-07
 0  89  0  1  0  3  3.354341e-01  1.000000e-07
 24  53  0  0  0  3  1.254284e-01  1.000000e-07
 68  36  0  0  0  3  3.989895e-01  1.000000e-07
 18  61  0  0  0  3  1.349207e-01  1.000000e-07
 64  47  0  0  0  3  4.597989e-01  1.000000e-07
 20  85  0  0  0  3  1.612378e-01  1.000000e-07
 87  49  0  0  0  3  3.086850e-01  1.000000e-07
 20  82  0  0  0  3  2.458382e-01  1.000000e-07
 12  51  0  0  0  3  2.719687e-01  1.000000e-07
 43  59  0  0  0  3  3.137974e-01  1.000000e-07
 60  38  0  0  0  3  2.204159e-01  1.000000e-07
 19  67  0  0  0  3  1.645768e-01  1.000000e-07
 63  27  0  0  0  3  3.073314e-01  1.000000e-07
 19  62  0  1  0  3  3.512297e-01  1.000000e-07
 52  39  0  0  0  3  2.213204e-01  1.000000e-07
 50  82  0  0  0  3  1.855323e-01  1.000000e-07
 56  32  0  0  0  3  1.736504e-01  1.000000e-07
 14  72  0  0  0  3  1.644947e-01  1.000000e-07
 59  38  0  0  0  3  1.922408e-01  1.000000e-07
 23  78  0  0  0  3  1.831159e-01  1.000000e-07
 65  49  0  0  0  3  3.017155e-01  1.000000e-07
 50  12  0  0  0  3  1.964183e-01  1.000000e-07
 13  49  0  0  0  3  3.323172e-01  1.000000e-07
 23  78  0  0  0  3  1.760320e-01  1.000000e-07
 65  31  0  0  0  3  2.597201e-01  1.000000e-07
 19  66  0  0  0  3  2.300294e-01  1.000000e-07
 86  38  0  0  0  3  2.734678e-01  1.000000e-07
 24  68  0  0  0  3  1.724539e-01  1.000000e-07
 53  30  0  0  0  3  3.765765e-01  1.000000e-07
 18  61  0  0  0  3  1.842518e-01  1.000000e-07
 83  51  0  0  0  3  2.412299e-01  1.000000e-07
 15  78  0  0  0  3  2.603578e-01  1.000000e-07
 79  89 -1  0  0  3  3.600511e-01  1.000000e-07
 52  5 -1  0  0  2  3.524595e-01  2.000000e-07
 52  58 -1  0  0  2  4.236931e-01  2.000000e-07
 52  59  0 -1  0  2  1.851750e-01  2.000000e-07
 52  9 -1  0  0  2  2.782561e-01  2.000000e-07
 52  3  0 -1  0  2  3.103330e-01  2.000000e-07
 52  61  0  0  0  2  4.023145e-01  2.000000e-07
 52  11 -1  0  0  2  4.329225e-01  2.000000e-07
 52  62  0  0  0  2  4.831011e-02  2.000000e-07
 52  63  0 -1  0  2  4.251020e-01  2.000000e-07
 52  69  0 -1  0  2  1.171256e-01  2.000000e-07
 52  55  0  0  0  2  1.309678e-01  2.000000e-07
 57  1  0  0  0  2  2.606710e-01  2.000000e-07
 57  58  0  1  0  2  2.151741e-01  2.000000e-07
 57  83  0  1  0  2  3.967883e-01  2.000000e-07
 57  3  0  0  0  2  2.495851e-01  2.000000e-07
 57  67  0  0  0  2  2.207186e-01  2.000000e-07
 57  4  0  1  0  2  2.543844e-01  2.000000e-07
 57  2  0  0  0  2  2.294981e-01  2.000000e-07
 57  81  0  0  0  2  3.228384e-01  2.000000e-07
 57  68  0  0  0  2  1.385653e-01  2.000000e-07
 57  70  0  0  0  2  2.398662e-01  2.000000e-07
 57  77  0  0  0  2  4.679061e-02  2.000000e-07
 57  0  0  0  0  2  2.084788e-01  2.000000e-07
 57  64  0  1  0  2  2.310082e-01  2.000000e-07
 57  74  0  0  0  2  2.069409e-01  2.000000e-07
 82  83  0  0  0  2  2.919120e-01  2.000000e-07
 82  12  0  0  0  2  1.302852e-01  2.000000e-07
 82  65  0  0  0  2  1.552044e-01  2.000000e-07
 82  67  0  0  0  2  3.405294e-01  2.000000e-07
 82  2  0  0  0  2  3.529847e-01  2.000000e-07
 82  81  0  0  0  2  3.421169e-01  2.000000e-07
 82  68  0  0  0  2  4.454502e-01  2.000000e-07
 82  85  0  0  0  2  2.442870e-01  2.000000e-07
 82  87  0  0  0  2  1.984073e-01  2.000000e-07
 82  10  0  0  0  2  3.638844e-01  2.000000e-07
 82  54  0  0  0  2  1.613885e-01  2.000000e-07
 82  84  0  0  0  2  1.430035e-01  2.000000e-07
 82  75  0  0  0  2  1.732607e-01  2.000000e-07
 82  79  0  0  0  2  1.790101e-01  2.000000e-07
 82  56  0  0  0  2  1.258393e-01  2.000000e-07
 1  83  0  1  0  2  4.044593e-01  2.000000e-07
 1  61  0  1  0  2  2.843086e-01  2.000000e-07
 1  2  0  0  0  2  1.082541e-01  2.000000e-07
 1  76  0  0  0  2  3.240882e-01  2.000000e-07
 1  86  0  0  0  2  1.811236e-01  2.000000e-07
 1  70  0  0  0  2  3.080581e-02  2.000000e-07
 1  62  0  1  0  2  2.621679e-01  2.000000e-07
 1  63  0  0  0  2  1.313703e-01  2.000000e-07
 1  77  0  0  0  2  3.067625e-01  2.000000e-07
 1  64  0  1  0  2  3.271494e-01  2.000000e-07
 1  84  0  1  0  2  4.530963e-01  2.000000e-07
 5  58  0  0  0  2  1.342182e-01  2.000000e-07
 5  9  0  0  0  2  1.007540e-01  2.000000e-07
 5  65  1  0  0  2  4.760136e-01  2.000000e-07
 5  4  0  0  0  2  8.999811e-02  2.000000e-07
 5  8  0  0  0  2  1.376089e-01  2.000000e-07
 5  78  1  0  0  2  4.316511e-01  2.000000e-07
 5  11  0  0  0  2  1.326334e-01  2.000000e-07
 5  76  1 -1  0  2  3.549826e-01  2.000000e-07
 5  73  0  0  0  2  2.442629e-01  2.000000e-07
 5  62  1  0  0  2  3.986164e-01  2.000000e-07
 5  74  0 -1  0  2  2.738864e-01  2.000000e-07
 5  69  1 -1  0  2  4.255847e-01  2.000000e-07
 58  71  0 -1  0  2  4.652684e-01  2.000000e-07
 58  9  0  0  0  2  1.478425e-01  2.000000e-07
 58  3  0 -1  0  2  3.533169e-01  2.000000e-07
 58  67  0 -1  0  2  3.942291e-01  2.000000e-07
 58  4  0  0  0  2  4.455165e-02  2.000000e-07
 58  61  0  0  0  2  1.987946e-01  2.000000e-07
 58  11  0  0  0  2  2.394422e-01  2.000000e-07
 58  68  0 -1  0  2  3.347666e-01  2.000000e-07
 58  76  1 -1  0  2  3.818716e-01  2.000000e-07
 58  70  0 -1  0  2  3.612525e-01  2.000000e-07
 58  53  0 -1  0  2  3.226044e-01  2.000000e-07
 58  10  0  0  0  2  2.446925e-01  2.000000e-07
 58  64  0  0  0  2  6.620313e-02  2.000000e-07
 58  74  0 -1  0  2  2.207635e-01  2.000000e-07
 58  69  1 -1  0  2  4.671787e-01  2.000000e-07
 58  56  0  0  0  2  3.908483e-01  2.000000e-07
 80  12  0  0  0  2  1.203908e-01  2.000000e-07
 80  71 -1  0  0  2  4.688371e-01  2.000000e-07
 80  61  0  0  0  2  3.484193e-01  2.000000e-07
 80  81  0  0  0  2  4.607495e-01  2.000000e-07
 80  78  0  0  0  2  7.230507e-02  2.000000e-07
 80  13  0  0  0  2  1.540117e-01  2.000000e-07
 80  7  0  0  0  2  3.487421e-01  2.000000e-07
 80  63  0  0  0  2  4.611268e-01  2.000000e-07
 80  54  0  0  0  2  2.183892e-01  2.000000e-07
 80  84  0  0  0  2  1.969740e-01  2.000000e-07
 80  55  0  0  0  2  2.104922e-01  2.000000e-07
 80  56  0  0  0  2  1.820900e-01  2.000000e-07
 83  65  0  0  0  2  3.474614e-01  2.000000e-07
 83  4  0  0  0  2  2.270942e-01  2.000000e-07
 83  8  0  0  0  2  1.827542e-01  2.000000e-07
 83  61  0  0  0  2  1.203486e-01  2.000000e-07
 83  7  0  0  0  2  4.700569e-02  2.000000e-07
 83  70  0 -1  0  2  4.181256e-01  2.000000e-07
 83  10  0  0  0  2  1.348582e-01  2.000000e-07
 83  64  0  0  0  2  1.749110e-01  2.000000e-07
 83  84  0  0  0  2  1.502144e-01  2.000000e-07
 83  6  0  0  0  2  1.733881e-01  2.000000e-07
 83  56  0  0  0  2  1.676453e-01  2.000000e-07
 12  78  0  0  0  2  1.412193e-01  2.000000e-07
 12  72  0  0  0  2  2.440214e-01  2.000000e-07
 12  13  0  0  0  2  3.377336e-02  2.000000e-07
 12  86  0  0  0  2  2.558418e-01  2.000000e-07
 12  87  0  0  0  2  1.123885e-01  2.000000e-07
 12  84  0  0  0  2  2.640974e-01  2.000000e-07
 12  79  0  0  0  2  4.996536e-02  2.000000e-07
 59  71 -1  0  0  2  3.382234e-01  2.000000e-07
 59  9 -1  1  0  2  3.343717e-01  2.000000e-07
 59  3  0  0  0  2  2.890501e-01  2.000000e-07
 59  72  0  0  0  2  2.090584e-01  2.000000e-07
 59  76  0  0  0  2  7.931212e-02  2.000000e-07
 59  13  0  0  0  2  3.686423e-01  2.000000e-07
 59  86  0  0  0  2  2.405094e-01  2.000000e-07
 59  62  0  1  0  2  1.960012e-01  2.000000e-07
 59  66  0  0  0  2  1.748325e-01  2.000000e-07
 59  63  0  0  0  2  3.588828e-01  2.000000e-07
 59  77 -1  0  0  2  4.210575e-01  2.000000e-07
 59  54  0  0  0  2  3.277341e-01  2.000000e-07
 59  74 -1  0  0  2  2.630059e-01  2.000000e-07
 59  69  0  0  0  2  8.361025e-02  2.000000e-07
 71  9  0  0  0  2  5.476752e-01  2.000000e-07
 71  9  0  1  0  2  4.528265e-01  2.000000e-07
 71  60  1  0  0  2  4.028552e-01  2.000000e-07
 71  8  0  0  0  2  3.555128e-01  2.000000e-07
 71  81  0  0  0  2  2.060567e-01  2.000000e-07
 71  78  1  0  0  2  4.231853e-01  2.000000e-07
 71  72  1  0  0  2  1.992421e-01  2.000000e-07
 71  11  0  0  0  2  3.476397e-01  2.000000e-07
 71  68  0  0  0  2  2.002438e-01  2.000000e-07
 71  76  1  0  0  2  3.604607e-01  2.000000e-07
 71  13  1  0  0  2  3.691700e-01  2.000000e-07
 71  73  0  0  0  2  2.262727e-01  2.000000e-07
 71  7  0  0  0  2  4.352529e-01  2.000000e-07
 71  66  1  0  0  2  4.180128e-01  2.000000e-07
 71  53  0  0  0  2  3.300713e-01  2.000000e-07
 71  77  0  0  0  2  2.808160e-01  2.000000e-07
 71  54  1  0  0  2  4.075035e-01  2.000000e-07
 71  75  1  0  0  2  3.479822e-01  2.000000e-07
 71  6  0  0  0  2  3.136041e-01  2.000000e-07
 71  69  1  0  0  2  4.203836e-01  2.000000e-07
 71  55  1  0  0  2  5.678405e-01  2.000000e-07
 71  56  0  0  0  2  5.136657e-01  2.000000e-07
 9  5  0  0  0  2  1.007540e-01  2.000000e-07
 9  4  0  0  0  2  1.146990e-01  2.000000e-07
 9  8  0  0  0  2  2.364448e-01  2.000000e-07
 9  78  1  0  0  2  4.273218e-01  2.000000e-07
 9  11  0  0  0  2  2.283345e-01  2.000000e-07
 9  7  0  0  0  2  3.296947e-01  2.000000e-07
 9  62  1  0  0  2  3.263554e-01  2.000000e-07
 9  53  0 -1  0  2  4.187101e-01  2.000000e-07
 9  77  0 -1  0  2  2.882913e-01  2.000000e-07
 9  64  0  0  0  2  2.084021e-01  2.000000e-07
 9  74  0 -1  0  2  1.859405e-01  2.000000e-07
 9  69  1 -1  0  2  3.352674e-01  2.000000e-07
 9  55  1  0  0  2  3.519173e-01  2.000000e-07
 60  3  0  0  0  2  1.980540e-01  2.000000e-07
 60  65  0  1  0  2  4.896411e-01  2.000000e-07
 60  67  0  0  0  2  2.508993e-01  2.000000e-07
 60  2  0  0  0  2  2.313734e-01  2.000000e-07
 60  68 -1  0  0  2  5.218711e-01  2.000000e-07
 60  76  0  0  0  2  1.594759e-01  2.000000e-07
 60  85  0  0  0  2  2.825042e-01  2.000000e-07
 60  70  0  0  0  2  2.017807e-01  2.000000e-07
 60  87  0  0  0  2  2.594217e-01  2.000000e-07
 60  66  0  0  0  2  9.497716e-02  2.000000e-07
 60  0 -1  0  0  2  3.553939e-01  2.000000e-07
 60  54  0  0  0  2  2.795674e-01  2.000000e-07
 60  75  0  0  0  2  3.631831e-01  2.000000e-07
 60  69  0  0  0  2  9.560236e-02  2.000000e-07
 3  65  0  1  0  2  4.761236e-01  2.000000e-07
 3  67  0  0  0  2  1.279132e-01  2.000000e-07
 3  61  0  1  0  2  2.760010e-01  2.000000e-07
 3  68  0  0  0  2  3.406344e-01  2.000000e-07
 3  70  0  0  0  2  2.849347e-02  2.000000e-07
 3  66  0  0  0  2  1.800446e-01  2.000000e-07
 3  53  0  0  0  2  2.124557e-01  2.000000e-07
 3  63  0  0  0  2  1.282425e-01  2.000000e-07
 3  54  0  0  0  2  3.339432e-01  2.000000e-07
 3  69  0  0  0  2  2.455758e-01  2.000000e-07
 3  55  0  1  0  2  3.377613e-01  2.000000e-07
 3  56  0  1  0  2  4.575026e-01  2.000000e-07
 65  1  0 -1  0  2  4.754694e-01  2.000000e-07
 65  11 -1  0  0  2  4.678833e-01  2.000000e-07
 65  76  0 -1  0  2  4.454325e-01  2.000000e-07
 65  73 -1  0  0  2  4.192587e-01  2.000000e-07
 65  85  0  0  0  2  2.501080e-01  2.000000e-07
 65  70  0 -1  0  2  5.045330e-01  2.000000e-07
 65  62  0  0  0  2  2.978519e-01  2.000000e-07
 65  84  0  0  0  2  2.141403e-01  2.000000e-07
 65  75  0  0  0  2  1.566978e-01  2.000000e-07
 65  69  0 -1  0  2  4.138729e-01  2.000000e-07
 65  55  0  0  0  2  1.829536e-01  2.000000e-07
 65  79  0  0  0  2  1.539995e-01  2.000000e-07
 65  56  0  0  0  2  2.004796e-01  2.000000e-07
 67  2  0  0  0  2  2.241077e-02  2.000000e-07
 67  81  0  0  0  2  3.379882e-01  2.000000e-07
 67  68  0  0  0  2  2.588987e-01  2.000000e-07
 67  85  0  0  0  2  3.514263e-01  2.000000e-07
 67  70  0  0  0  2  9.955428e-02  2.000000e-07
 67  87  0  0  0  2  2.781020e-01  2.000000e-07
 67  66  0  0  0  2  1.812384e-01  2.000000e-07
 67  54  0  0  0  2  2.530424e-01  2.000000e-07
 4  8  0  0  0  2  1.995207e-01  2.000000e-07
 4  70  0 -1  0  2  4.053311e-01  2.000000e-07
 4  10  0  0  0  2  2.192819e-01  2.000000e-07
 4  77  0 -1  0  2  2.552760e-01  2.000000e-07
 4  64  0  0  0  2  9.444813e-02  2.000000e-07
 4  74  0 -1  0  2  2.269551e-01  2.000000e-07
 4  56  0  0  0  2  3.942042e-01  2.000000e-07
 8  81  0  0  0  2  2.529752e-01  2.000000e-07
 8  78  1  0  0  2  4.401937e-01  2.000000e-07
 8  72  1  0  0  2  4.851385e-01  2.000000e-07
 8  11  0  0  0  2  2.267473e-02  2.000000e-07
 8  73  0  0  0  2  1.352380e-01  2.000000e-07
 8  7  0  0  0  2  1.526640e-01  2.000000e-07
 8  10  0  0  0  2  5.843301e-02  2.000000e-07
 8  64  0  0  0  2  2.295476e-01  2.000000e-07
 8  6  0  0  0  2  8.246802e-02  2.000000e-07
 8  55  1  0  0  2  4.641500e-01  2.000000e-07
 8  79  1  0  0  2  4.718379e-01  2.000000e-07
 61  7  0  0  0  2  1.671241e-01  2.000000e-07
 61  62  0  0  0  2  3.554736e-01  2.000000e-07
 61  53  0 -1  0  2  3.711790e-01  2.000000e-07
 61  63  0 -1  0  2  3.649028e-01  2.000000e-07
 61  64  0  0  0  2  1.325915e-01  2.000000e-07
 61  84  0  0  0  2  2.108414e-01  2.000000e-07
 61  55  0  0  0  2  3.277889e-01  2.000000e-07
 61  56  0  0  0  2  2.257216e-01  2.000000e-07
 2  81  0  0  0  2  3.603744e-01  2.000000e-07
 2  68  0  0  0  2  2.770738e-01  2.000000e-07
 2  76  0  0  0  2  3.883190e-01  2.000000e-07
 2  86  0  0  0  2  1.348901e-01  2.000000e-07
 2  70  0  0  0  2  7.919143e-02  2.000000e-07
 2  87  0  0  0  2  2.776656e-01  2.000000e-07
 2  63  0  0  0  2  3.352419e-02  2.000000e-07
 2  77  0  0  0  2  2.690731e-01  2.000000e-07
 2  84  0  0  0  2  4.519102e-01  2.000000e-07
 81  72  1  0  0  2  4.011445e-01  2.000000e-07
 81  68  0  0  0  2  1.922905e-01  2.000000e-07
 81  86  0  0  0  2  4.229196e-01  2.000000e-07
 81  73  0  0  0  2  1.915854e-01  2.000000e-07
 81  7  0  0  0  2  2.639574e-01  2.000000e-07
 81  63  0  0  0  2  3.312637e-01  2.000000e-07
 81  10  0  0  0  2  2.293370e-01  2.000000e-07
 81  77  0  0  0  2  3.062281e-01  2.000000e-07
 81  0  0  0  0  2  3.273186e-01  2.000000e-07
 81  84  0  0  0  2  3.062004e-01  2.000000e-07
 81  6  0  0  0  2  1.769604e-01  2.000000e-07
 78  72  0  0  0  2  3.358722e-01  2.000000e-07
 78  73 -1  0  0  2  3.673963e-01  2.000000e-07
 78  62  0  0  0  2  2.988306e-01  2.000000e-07
 78  84  0  0  0  2  2.657337e-01  2.000000e-07
 78  55  0  0  0  2  1.850661e-01  2.000000e-07
 78  79  0  0  0  2  1.363311e-01  2.000000e-07
 72  76  0  0  0  2  2.695229e-01  2.000000e-07
 72  13  0  0  0  2  2.136463e-01  2.000000e-07
 72  86  0  0  0  2  2.490964e-01  2.000000e-07
 72  73 -1  0  0  2  3.514746e-01  2.000000e-07
 72  85  0  0  0  2  1.206409e-01  2.000000e-07
 72  62  0  1  0  2  4.039982e-01  2.000000e-07
 72  87  0  0  0  2  1.751052e-01  2.000000e-07
 72  77 -1  0  0  2  4.181244e-01  2.000000e-07
 72  0 -1  0  0  2  2.677878e-01  2.000000e-07
 72  54  0  0  0  2  2.230345e-01  2.000000e-07
 72  74 -1  0  0  2  3.187886e-01  2.000000e-07
 72  6 -1  0  0  2  4.699200e-01  2.000000e-07
 72  79  0  0  0  2  2.114880e-01  2.000000e-07
 11  68  0  0  0  2  4.418144e-01  2.000000e-07
 11  73  0  0  0  2  1.234249e-01  2.000000e-07
 11  7  0  0  0  2  1.753378e-01  2.000000e-07
 11  10  0  0  0  2  8.035321e-02  2.000000e-07
 11  75  1  0  0  2  4.598635e-01  2.000000e-07
 11  69  1 -1  0  2  5.247477e-01  2.000000e-07
 11  55  1  0  0  2  4.427285e-01  2.000000e-07
 11  56  0  0  0  2  3.385077e-01  2.000000e-07
 68  73  0  0  0  2  3.471903e-01  2.000000e-07
 68  53  0  0  0  2  1.315583e-01  2.000000e-07
 68  10  0  0  0  2  4.210539e-01  2.000000e-07
 68  0  0  0  0  2  1.779201e-01  2.000000e-07
 68  54  0  0  0  2  4.471870e-01  2.000000e-07
 68  74  0  0  0  2  2.245227e-01  2.000000e-07
 68  75  1  0  0  2  5.472762e-01  2.000000e-07
 68  69  1  0  0  2  5.034882e-01  2.000000e-07
 68  56  0  0  0  2  4.601996e-01  2.000000e-07
 76  68 -1  0  0  2  4.196800e-01  2.000000e-07
 76  86  0  0  0  2  3.162247e-01  2.000000e-07
 76  85  0  0  0  2  3.657607e-01  2.000000e-07
 76  70  0  0  0  2  3.467233e-01  2.000000e-07
 76  62  0  1  0  2  1.642447e-01  2.000000e-07
 76  87  0  0  0  2  3.738500e-01  2.000000e-07
 76  0 -1  0  0  2  2.419207e-01  2.000000e-07
 76  74 -1  0  0  2  2.192303e-01  2.000000e-07
 76  69  0  0  0  2  9.134844e-02  2.000000e-07
 13  86  0  0  0  2  2.292220e-01  2.000000e-07
 13  87  0  0  0  2  8.062051e-02  2.000000e-07
 13  66  0  0  0  2  2.652365e-01  2.000000e-07
 13  63  0  0  0  2  3.562891e-01  2.000000e-07
 13  54  0  0  0  2  8.678349e-02  2.000000e-07
 13  84  0  0  0  2  2.913792e-01  2.000000e-07
 86  70  0  0  0  2  1.700323e-01  2.000000e-07
 86  62  0  1  0  2  3.469706e-01  2.000000e-07
 86  87  0  0  0  2  1.538958e-01  2.000000e-07
 86  63  0  0  0  2  1.609892e-01  2.000000e-07
 86  84  0  0  0  2  4.157689e-01  2.000000e-07
 73  85  1  0  0  2  3.674799e-01  2.000000e-07
 73  10  0  0  0  2  1.631814e-01  2.000000e-07
 73  0  0  0  0  2  4.142647e-01  2.000000e-07
 73  75  1  0  0  2  3.742055e-01  2.000000e-07
 73  6  0  0  0  2  1.281013e-01  2.000000e-07
 73  79  1  0  0  2  3.657816e-01  2.000000e-07
 73  56  0  0  0  2  3.898194e-01  2.000000e-07
 85  87  0  0  0  2  7.958536e-02  2.000000e-07
 85  66  0  0  0  2  2.290932e-01  2.000000e-07
 85  0 -1  0  0  2  3.873409e-01  2.000000e-07
 85  54  0  0  0  2  1.241769e-01  2.000000e-07
 85  75  0  0  0  2  9.371533e-02  2.000000e-07
 85  79  0  0  0  2  9.617904e-02  2.000000e-07
 7  58  0  0  0  2  2.494219e-01  2.000000e-07
 7  53  0  0  0  2  4.834020e-01  2.000000e-07
 7  63  0  0  0  2  5.107528e-01  2.000000e-07
 7  64  0  0  0  2  2.049875e-01  2.000000e-07
 7  54  0  0  0  2  4.369849e-01  2.000000e-07
 7  84  0  0  0  2  1.533325e-01  2.000000e-07
 7  6  0  0  0  2  1.293860e-01  2.000000e-07
 7  56  0  0  0  2  1.699018e-01  2.000000e-07
 70  87  0  0  0  2  3.236359e-01  2.000000e-07
 70  77  0  0  0  2  2.851409e-01  2.000000e-07
 70  56  0  1  0  2  4.843492e-01  2.000000e-07
 62  63  0 -1  0  2  3.887198e-01  2.000000e-07
 62  84  0  0  0  2  3.975130e-01  2.000000e-07
 62  74 -1 -1  0  2  3.644650e-01  2.000000e-07
 62  55  0  0  0  2  1.151524e-01  2.000000e-07
 87  84  0  0  0  2  3.413352e-01  2.000000e-07
 87  79  0  0  0  2  1.194132e-01  2.000000e-07
 66  53  0  0  0  2  3.117144e-01  2.000000e-07
 66  63  0  0  0  2  1.981316e-01  2.000000e-07
 66  54  0  0  0  2  1.946475e-01  2.000000e-07
 66  75  0  0  0  2  2.952635e-01  2.000000e-07
 66  69  0  0  0  2  1.902729e-01  2.000000e-07
 53  63  0  0  0  2  1.138904e-01  2.000000e-07
 53  77  0  0  0  2  1.382756e-01  2.000000e-07
 53  64  0  1  0  2  3.263633e-01  2.000000e-07
 53  54  0  0  0  2  3.522400e-01  2.000000e-07
 53  56  0  0  0  2  4.431007e-01  2.000000e-07
 63  77  0  0  0  2  2.398672e-01  2.000000e-07
 63  64  0  1  0  2  3.614676e-01  2.000000e-07
 63  54  0  0  0  2  2.697290e-01  2.000000e-07
 63  84  0  0  0  2  4.420390e-01  2.000000e-07
 10  84  0  0  0  2  2.430675e-01  2.000000e-07
 10  6  0  0  0  2  5.429505e-02  2.000000e-07
 10  56  0  0  0  2  2.581690e-01  2.000000e-07
 77  0  0  0  0  2  1.621628e-01  2.000000e-07
 77  64  0  1  0  2  2.491657e-01  2.000000e-07
 77  74  0  0  0  2  1.670641e-01  2.000000e-07
 0  74  0  0  0  2  7.491665e-02  2.000000e-07
 0  75  1  0  0  2  4.729745e-01  2.000000e-07
 64  74  0 -1  0  2  2.809693e-01  2.000000e-07
 54  75  0  0  0  2  1.258863e-01  2.000000e-07
 54  56  0  0  0  2  2.859077e-01  2.000000e-07
 84  6  0  0  0  2  2.528400e-01  2.000000e-07
 84  55  0  0  0  2  3.102307e-01  2.000000e-07
 84  79  0  0  0  2  3.081322e-01  2.000000e-07
 75  80  0  0  0  2  1.427999e-01  2.000000e-07
 75  69  0 -1  0  2  5.552836e-01  2.000000e-07
 75  55  0  0  0  2  3.267119e-01  2.000000e-07
 75  56  0  0  0  2  2.871423e-01  2.000000e-07
 6  79  1  0  0  2  4.929250e-01  2.000000e-07
 69  55  0  1  0  2  2.311145e-01  2.000000e-07
 69  56  0  1  0  2  5.001828e-01  2.000000e-07
 55  56  0  0  0  2  3.053233e-01  2.000000e-07
 52  76  0 -1  0  1  1.357324e-01  3.000000e-07
 52  69  0 -1  0  1  1.171256e-01  3.000000e-07
 52  55  0  0  0  1  1.309678e-01  3.000000e-07
 57  58  0  1  0  1  2.151741e-01  3.000000e-07
 57  3  0  0  0  1  2.495851e-01  3.000000e-07
 57  68  0  0  0  1  1.385653e-01  3.000000e-07
 57  70  0  0  0  1  2.398662e-01  3.000000e-07
 57  53  0  0  0  1  1.135588e-01  3.000000e-07
 57  64  0  1  0  1  2.310082e-01  3.000000e-07
 82  80  0  0  0  1  1.256618e-01  3.000000e-07
 82  12  0  0  0  1  1.302852e-01  3.000000e-07
 82  67  0  0  0  1  3.405294e-01  3.000000e-07
 82  81  0  0  0  1  3.421169e-01  3.000000e-07
 82  54  0  0  0  1  1.613885e-01  3.000000e-07
 82  56  0  0  0  1  1.258393e-01  3.000000e-07
 1  60  0  0  0  1  1.860256e-01  3.000000e-07
 1  62  0  1  0  1  2.621679e-01  3.000000e-07
 1  66  0  0  0  1  1.691378e-01  3.000000e-07
 1  69  0  0  0  1  2.347771e-01  3.000000e-07
 5  9  0  0  0  1  1.007540e-01  3.000000e-07
 5  4  0  0  0  1  8.999811e-02  3.000000e-07
 5  8  0  0  0  1  1.376089e-01  3.000000e-07
 5  11  0  0  0  1  1.326334e-01  3.000000e-07
 5  73  0  0  0  1  2.442629e-01  3.000000e-07
 5  10  0  0  0  1  1.775436e-01  3.000000e-07
 58  9  0  0  0  1  1.478425e-01  3.000000e-07
 58  77  0 -1  0  1  2.210012e-01  3.000000e-07
 58  64  0  0  0  1  6.620313e-02  3.000000e-07
 80  12  0  0  0  1  1.203908e-01  3.000000e-07
 80  78  0  0  0  1  7.230507e-02  3.000000e-07
 80  56  0  0  0  1  1.820900e-01  3.000000e-07
 83  61  0  0  0  1  1.203486e-01  3.000000e-07
 83  64  0  0  0  1  1.749110e-01  3.000000e-07
 83  84  0  0  0  1  1.502144e-01  3.000000e-07
 12  78  0  0  0  1  1.412193e-01  3.000000e-07
 12  54  0  0  0  1  1.089830e-01  3.000000e-07
 59  60  0  0  0  1  9.469103e-02  3.000000e-07
 59  72  0  0  0  1  2.090584e-01  3.000000e-07
 59  76  0  0  0  1  7.931212e-02  3.000000e-07
 59  0 -1  0  0  1  2.641044e-01  3.000000e-07
 59  69  0  0  0  1  8.361025e-02  3.000000e-07
 71  81  0  0  0  1  2.060567e-01  3.000000e-07
 71  72  1  0  0  1  1.992421e-01  3.000000e-07
 71  68  0  0  0  1  2.002438e-01  3.000000e-07
 71  73  0  0  0  1  2.262727e-01  3.000000e-07
 71  85  1  0  0  1  2.858347e-01  3.000000e-07
 71  0  0  0  0  1  1.927710e-01  3.000000e-07
 9  52  1  0  0  1  2.782561e-01  3.000000e-07
 9  4  0  0  0  1  1.146990e-01  3.000000e-07
 9  76  1 -1  0  1  2.587133e-01  3.000000e-07
 9  74  0 -1  0  1  1.859405e-01  3.000000e-07
 60  72  0  0  0  1  2.358556e-01  3.000000e-07
 60  69  0  0  0  1  9.560236e-02  3.000000e-07
 3  61  0  1  0  1  2.760010e-01  3.000000e-07
 3  62  0  1  0  1  2.695381e-01  3.000000e-07
 3  64  0  1  0  1  3.159849e-01  3.000000e-07
 65  78  0  0  0  1  5.187709e-02  3.000000e-07
 65  55  0  0  0  1  1.829536e-01  3.000000e-07
 65  56  0  0  0  1  2.004796e-01  3.000000e-07
 67  81  0  0  0  1  3.379882e-01  3.000000e-07
 67  86  0  0  0  1  1.426572e-01  3.000000e-07
 67  54  0  0  0  1  2.530424e-01  3.000000e-07
 4  10  0  0  0  1  2.192819e-01  3.000000e-07
 4  64  0  0  0  1  9.444813e-02  3.000000e-07
 8  10  0  0  0  1  5.843301e-02  3.000000e-07
 8  6  0  0  0  1  8.246802e-02  3.000000e-07
 61  62  0  0  0  1  3.554736e-01  3.000000e-07
 61  64  0  0  0  1  1.325915e-01  3.000000e-07
 61  84  0  0  0  1  2.108414e-01  3.000000e-07
 61  55  0  0  0  1  3.277889e-01  3.000000e-07
 2  70  0  0  0  1  7.919143e-02  3.000000e-07
 2  66  0  0  0  1  1.663080e-01  3.000000e-07
 81  7  0  0  0  1  2.639574e-01  3.000000e-07
 81  53  0  0  0  1  2.591457e-01  3.000000e-07
 81  84  0  0  0  1  3.062004e-01  3.000000e-07
 81  6  0  0  0  1  1.769604e-01  3.000000e-07
 81  56  0  0  0  1  3.100989e-01  3.000000e-07
 78  73 -1  0  0  1  3.673963e-01  3.000000e-07
 78  55  0  0  0  1  1.850661e-01  3.000000e-07
 78  79  0  0  0  1  1.363311e-01  3.000000e-07
 72  85  0  0  0  1  1.206409e-01  3.000000e-07
 72  87  0  0  0  1  1.751052e-01  3.000000e-07
 72  66  0  0  0  1  2.258229e-01  3.000000e-07
 72  0 -1  0  0  1  2.677878e-01  3.000000e-07
 11  73  0  0  0  1  1.234249e-01  3.000000e-07
 11  6  0  0  0  1  9.627741e-02  3.000000e-07
 68  53  0  0  0  1  1.315583e-01  3.000000e-07
 68  77  0  0  0  1  1.145182e-01  3.000000e-07
 76  0 -1  0  0  1  2.419207e-01  3.000000e-07
 76  74 -1  0  0  1  2.192303e-01  3.000000e-07
 76  69  0  0  0  1  9.134844e-02  3.000000e-07
 13  85  0  0  0  1  9.316338e-02  3.000000e-07
 13  87  0  0  0  1  8.062051e-02  3.000000e-07
 13  54  0  0  0  1  8.678349e-02  3.000000e-07
 86  87  0  0  0  1  1.538958e-01  3.000000e-07
 86  66  0  0  0  1  6.767547e-02  3.000000e-07
 86  54  0  0  0  1  1.479732e-01  3.000000e-07
 73  6  0  0  0  1  1.281013e-01  3.000000e-07
 73  79  1  0  0  1  3.657816e-01  3.000000e-07
 85  75  0  0  0  1  9.371533e-02  3.000000e-07
 85  79  0  0  0  1  9.617904e-02  3.000000e-07
 7  10  0  0  0  1  9.822559e-02  3.000000e-07
 7  84  0  0  0  1  1.533325e-01  3.000000e-07
 7  6  0  0  0  1  1.293860e-01  3.000000e-07
 70  66  0  0  0  1  1.699063e-01  3.000000e-07
 70  53  0  0  0  1  1.915063e-01  3.000000e-07
 70  63  0  0  0  1  1.007035e-01  3.000000e-07
 62  69  0 -1  0  1  1.160226e-01  3.000000e-07
 62  55  0  0  0  1  1.151524e-01  3.000000e-07
 87  66  0  0  0  1  1.848424e-01  3.000000e-07
 53  63  0  0  0  1  1.138904e-01  3.000000e-07
 10  64  0  0  0  1  2.246660e-01  3.000000e-07
 77  0  0  0  0  1  1.621628e-01  3.000000e-07
 0  74  0  0  0  1  7.491665e-02  3.000000e-07
 84  55  0  0  0  1  3.102307e-01  3.000000e-07
 74  58  0  1  0  1  2.207635e-01  3.000000e-07
 55  56  0  0  0  1  3.053233e-01  3.000000e-07
 4.005338e-01  3.293043e-01  0
-6.320595e-02  3.988464e-01  0
-2.328815e-02  2.982208e-01  0
-5.159615e-02  4.021180e-01  0
 2.903874e-01 -3.966133e-01  0
 3.472693e-01 -3.268701e-01  0
 2.547184e-01 -1.289377e-01  0
 1.481693e-01 -2.023409e-01  0
 3.007521e-01 -1.973619e-01  0
 4.043117e-01 -4.099214e-01  0
 2.443133e-01 -1.822264e-01  0
 3.234064e-01 -1.964010e-01  0
-2.179835e-01 -8.335713e-03  0
-2.287444e-01  2.367746e-02  0
-4.061298e-01  2.473867e-01  1.626855e-01
-3.886191e-01  1.025114e-01  1.504714e-01
 1.784541e-03 -2.114904e-01  2.385110e-01
-1.492623e-01 -2.500106e-01  2.987324e-01
 3.355457e-02 -4.458117e-01  1.246810e-01
-4.204021e-02  2.531428e-01  1.599262e-01
-2.772163e-01  1.392228e-01  1.475537e-01
-3.153964e-01 -2.031856e-01  3.055480e-01
-2.107363e-01 -3.998705e-01  3.341016e-01
-2.834456e-01 -1.915090e-01  1.714459e-01
 1.059799e-01  1.334459e-01  1.129880e-01
 1.435983e-01  2.587335e-01 -4.473589e-01
 4.591852e-02  1.987730e-01 -3.383033e-01
 4.520207e-02  1.838844e-01 -2.986470e-01
-3.620982e-03  2.770009e-01  4.367845e-01
-3.936095e-01 -3.417380e-01 -2.855036e-01
 4.281170e-01  3.947290e-01 -2.467246e-01
-3.759939e-01 -2.261468e-01 -2.529537e-01
 8.388373e-02 -3.965801e-02 -1.562730e-01
 2.348612e-01 -2.987233e-01 -4.094992e-01
 1.606300e-01 -1.523291e-01 -2.493874e-01
 2.597086e-01 -3.227981e-01 -4.010874e-01
 2.061539e-01  3.379290e-01 -3.594164e-01
 1.457242e-01  1.648435e-01 -3.468322e-01
-3.992524e-01  1.950736e-01 -1.901264e-01
-2.386159e-01 -2.765310e-01 -1.007743e-01
-1.458776e-01 -4.035041e-01  4.309938e-01
-3.508853e-02 -4.157409e-01  2.817552e-01
 1.101359e-01  1.894817e-01  3.794239e-01
-2.391387e-01  4.128102e-01  2.706754e-01
 3.291981e-01 -3.059166e-01  3.646704e-01
-3.944143e-01  3.558674e-01  3.922182e-01
-2.327440e-01 -3.253361e-01 -3.988400e-01
-1.023899e-01 -2.636912e-01 -4.249030e-01
-1.441365e-02  7.646140e-02 -3.291374e-01
-3.511216e-01 -3.522018e-02 -2.824872e-01
-7.263957e-02 -3.424541e-02  1.669659e-01
 3.531199e-02 -1.325473e-01 -1.632374e-01
-3.191306e-01 -4.406182e-01  0
 1.225226e-01  2.803803e-01  0
-1.749900e-01  9.180848e-02  0
-2.536297e-01 -3.272066e-01  0
-1.073515e-02 -1.422078e-01  0
 1.955541e-01  3.673400e-01  0
 2.574094e-01 -4.265682e-01  0
-3.394013e-01  3.753196e-01  0
-2.456083e-01  3.623099e-01  0
 7.324077e-02 -3.517269e-01  0
-2.708226e-01 -4.410682e-01  0
 8.964647e-03  2.890759e-01  0
 1.960738e-01 -4.016524e-01  0
-2.110905e-01 -1.492672e-01  0
-1.891422e-01  2.859408e-01  0
-7.949255e-03  2.818818e-01  0
 2.473426e-01  2.388166e-01  0
-2.933772e-01  4.451225e-01  0
-4.420223e-02  3.746006e-01  0
 4.200792e-01  1.375267e-01  0
-3.835048e-01  1.709662e-01  0
 3.747375e-01 -8.415652e-02  0
 3.991842e-01  4.042088e-01  0
-2.605124e-01 -5.672310e-04  0
-3.846080e-01  4.404868e-01  0
 2.401275e-01  3.531073e-01  0
-2.625048e-01 -1.423534e-01  0
-2.679001e-01 -6.129059e-03  0
-1.920943e-01 -1.259099e-01  0
 2.350113e-01  4.692190e-02  0
-9.377309e-02 -4.765500e-02  0
 1.236451e-01 -2.424420e-01  0
 3.018593e-03 -1.529231e-01  0
-2.989741e-01  8.489191e-02  0
-1.431322e-01  2.363116e-01  0
-2.217144e-01  1.039909e-01  0
-4.284980e-02  1.243244e-01 -3.442647e-01
 3.683532e-01 -3.416505e-01 -2.080882e-01