 720  90  1.200000e-05  63 -2 -2
 30  40  0  0  0  3  1.359261e-01  1.000000e-07
 30  37  0  0  0  3  1.989895e-01  1.000000e-07
 30  31  0  0  0  3  1.721850e-01  1.000000e-07
 30  38  0 -1  0  3  3.333700e-01  1.000000e-07
 30  41  0  0  0  3  1.807610e-01  1.000000e-07
 30  85  0 -1  0  3  2.972852e-01  1.000000e-07
 30  43  0 -1  1  3  4.572029e-01  1.000000e-07
 30  46  0 -1  1  3  4.541375e-01  1.000000e-07
 30  49  0 -1  1  3  4.218406e-01  1.000000e-07
 34  73  0  0  0  3  2.105608e-01  1.000000e-07
 34  33 -1  0  0  3  4.570080e-01  1.000000e-07
 34  39  0  0  0  3  3.941497e-01  1.000000e-07
 34  36 -1  0  0  3  4.130489e-01  1.000000e-07
 34  32  0  0  1  3  2.614451e-01  1.000000e-07
 34  42  0  0  1  3  3.556060e-01  1.000000e-07
 34  50  0 -1  1  3  5.325220e-01  1.000000e-07
 34  88 -1  0  1  3  4.266258e-01  1.000000e-07
 34  48  0 -1  1  3  5.992176e-01  1.000000e-07
 40  31  0  0  0  3  2.236790e-01  1.000000e-07
 40  73  1  0  0  3  2.839860e-01  1.000000e-07
 40  28  0  0  0  3  2.534774e-01  1.000000e-07
 40  41  0  0  0  3  2.498376e-01  1.000000e-07
 40  18  0  0  1  3  4.351398e-01  1.000000e-07
 40  50  1 -1  1  3  4.321163e-01  1.000000e-07
 40  49  0 -1  1  3  3.461437e-01  1.000000e-07
 37  31  0  0  0  3  7.864555e-02  1.000000e-07
 37  29  0  0  0  3  4.152451e-01  1.000000e-07
 37  33  0  0  0  3  4.806473e-02  1.000000e-07
 37  28  0  0  0  3  2.995984e-01  1.000000e-07
 37  86  0  0  0  3  3.851974e-01  1.000000e-07
 37  39  0  0  0  3  2.652573e-01  1.000000e-07
 37  36  0  0  0  3  2.110034e-01  1.000000e-07
 37  45  0  0  1  3  4.225639e-01  1.000000e-07
 31  86  0  0  0  3  4.076201e-01  1.000000e-07
 31  41  0  0  0  3  6.523621e-02  1.000000e-07
 31  35  0  0  0  3  3.448986e-01  1.000000e-07
 31  39  0  0  0  3  2.179000e-01  1.000000e-07
 31  45  0  0  1  3  4.319238e-01  1.000000e-07
 31  88  0  0  1  3  3.985688e-01  1.000000e-07
 29  89  0  0  0  3  1.480547e-01  1.000000e-07
 29  86  0  0  0  3  2.475009e-01  1.000000e-07
 29  41  0  0  0  3  4.059012e-01  1.000000e-07
 29  39  0  0  0  3  3.292511e-01  1.000000e-07
 29  36  0  0  0  3  4.579512e-01  1.000000e-07
 73  33 -1  0  0  3  3.429879e-01  1.000000e-07
 73  27  0 -1  0  3  6.551391e-01  1.000000e-07
 73  28 -1  0  0  3  2.513304e-01  1.000000e-07
 73  38 -1 -1  0  3  4.781542e-01  1.000000e-07
 73  44  0 -1  1  3  6.528808e-01  1.000000e-07
 33  38  0  0  0  3  4.875643e-01  1.000000e-07
 33  86  0  0  0  3  3.891908e-01  1.000000e-07
 33  35  0  0  0  3  4.132785e-01  1.000000e-07
 33  36  0  0  0  3  1.836455e-01  1.000000e-07
 33  45  0  0  1  3  4.066738e-01  1.000000e-07
 33  88  0  0  1  3  3.316176e-01  1.000000e-07
 27  28 -1  1  0  3  5.907190e-01  1.000000e-07
 27  89  0  0  0  3  2.386709e-01  1.000000e-07
 27  85 -1  0  0  3  4.527685e-01  1.000000e-07
 27  47 -1  0  1  3  5.639597e-01  1.000000e-07
 27  88 -1  0  1  3  4.888129e-01  1.000000e-07
 28  38  0 -1  0  3  3.859871e-01  1.000000e-07
 28  39  0  0  0  3  3.165966e-01  1.000000e-07
 38  43  0  0  1  3  3.992609e-01  1.000000e-07
 38  44  1  0  1  3  5.095406e-01  1.000000e-07
 38  45  0  0  1  3  4.153786e-01  1.000000e-07
 38  50  1  0  1  3  4.223448e-01  1.000000e-07
 38  88  0  0  1  3  4.535893e-01  1.000000e-07
 89  86  0  0  0  3  2.798861e-01  1.000000e-07
 89  26  0  0  0  3  5.555277e-01  1.000000e-07
 89  44  0  0  1  3  5.048533e-01  1.000000e-07
 86  35  0  0  0  3  3.200445e-01  1.000000e-07
 86  44  0  0  1  3  4.714192e-01  1.000000e-07
 41  35  0  0  0  3  3.222490e-01  1.000000e-07
 41  18  0  0  1  3  3.248650e-01  1.000000e-07
 41  45  0  0  1  3  4.369379e-01  1.000000e-07
 41  46  0 -1  1  3  4.483006e-01  1.000000e-07
 41  88  0  0  1  3  4.238629e-01  1.000000e-07
 35  39  0  0  0  3  3.810762e-01  1.000000e-07
 35  32  0  0  1  3  2.767265e-01  1.000000e-07
 35  42  0  0  1  3  3.348068e-01  1.000000e-07
 35  44  0  0  1  3  3.411203e-01  1.000000e-07
 35  45  0  0  1  3  4.578090e-01  1.000000e-07
 85  36  0  0  0  3  4.937504e-01  1.000000e-07
 85  26  0  0  0  3  1.923262e-01  1.000000e-07
 39  26  0 -1  0  3  1.903172e-01  1.000000e-07
 39  48  0 -1  1  3  5.500440e-01  1.000000e-07
 36  88  0  0  1  3  4.321955e-01  1.000000e-07
 26  43  0  0  1  3  4.754310e-01  1.000000e-07
 26  44  0  0  1  3  5.158163e-01  1.000000e-07
 26  46  0  0  1  3  4.729840e-01  1.000000e-07
 32  40 -1  0 -1  3  5.251204e-01  1.000000e-07
 32  44  0  0  0  3  4.079735e-01  1.000000e-07
 32  50  0 -1  0  3  4.397139e-01  1.000000e-07
 32  88 -1  0  0  3  4.082115e-01  1.000000e-07
 32  87 -1  0  0  3  5.173404e-01  1.000000e-07
 23  22  0  0  0  3  9.532665e-02  1.000000e-07
 23  44  0  0  0  3  2.676444e-01  1.000000e-07
 23  20  0  0  0  3  1.787611e-01  1.000000e-07
 23  21  0  0  0  3  1.326937e-01  1.000000e-07
 23  46  0  0  0  3  2.135790e-01  1.000000e-07
 23  50  0  0  0  3  3.588354e-01  1.000000e-07
 23  47 -1  0  0  3  4.571312e-01  1.000000e-07
 23  48  0  0  0  3  1.885462e-01  1.000000e-07
 23  87 -1  0  0  3  4.756663e-01  1.000000e-07
 22  43  0  0  0  3  2.106919e-01  1.000000e-07
 22  21  0  0  0  3  1.920404e-01  1.000000e-07
 22  46  0  0  0  3  1.978576e-01  1.000000e-07
 22  48  0  0  0  3  1.989480e-01  1.000000e-07
 22  25  0  0  0  3  4.187117e-01  1.000000e-07
 42  18  0  0  0  3  1.434541e-01  1.000000e-07
 42  21  0 -1  0  3  4.254194e-01  1.000000e-07
 42  19  0  0  0  3  2.670711e-01  1.000000e-07
 42  45  0  0  0  3  4.138801e-01  1.000000e-07
 42  46  0 -1  0  3  3.222397e-01  1.000000e-07
 42  50  0 -1  0  3  4.903507e-01  1.000000e-07
 42  48  0 -1  0  3  3.863002e-01  1.000000e-07
 18  19  0  0  0  3  1.760867e-01  1.000000e-07
 18  24  0  0  0  3  2.046243e-01  1.000000e-07
 18  46  0 -1  0  3  3.502692e-01  1.000000e-07
 18  25  0  0  0  3  2.787206e-01  1.000000e-07
 18  49  0 -1  0  3  4.372616e-01  1.000000e-07
 43  19  0  1  0  3  3.346983e-01  1.000000e-07
 43  17  0  0  0  3  1.479854e-01  1.000000e-07
 43  47  0  0  0  3  3.757093e-01  1.000000e-07
 43  48  0  0  0  3  1.359577e-01  1.000000e-07
 43  49  0  0  0  3  3.557554e-01  1.000000e-07
 44  20  0  0  0  3  1.731405e-01  1.000000e-07
 20  24  0  0  0  3  4.298370e-01  1.000000e-07
 20  45  0  0  0  3  3.313119e-01  1.000000e-07
 20  47 -1  0  0  3  4.451393e-01  1.000000e-07
 20  88 -1  0  0  3  5.370744e-01  1.000000e-07
 20  48  0  0  0  3  2.094210e-01  1.000000e-07
 20  25  0  0  0  3  3.732468e-01  1.000000e-07
 20  87 -1  0  0  3  4.485385e-01  1.000000e-07
 21  50  0  0  0  3  2.785827e-01  1.000000e-07
 19  24  0  0  0  3  2.490314e-01  1.000000e-07
 19  46  0 -1  0  3  2.758762e-01  1.000000e-07
 19  49  0 -1  0  3  3.786717e-01  1.000000e-07
 24  88  0  0  0  3  3.351167e-01  1.000000e-07
 24  25  0  0  0  3  1.429503e-01  1.000000e-07
 24  87  0  0  0  3  3.890389e-01  1.000000e-07
 24  49  0 -1  0  3  4.596269e-01  1.000000e-07
 45  17  0  0  0  3  3.464979e-01  1.000000e-07
 45  25  0  0  0  3  1.338207e-01  1.000000e-07
 17  46  0  0  0  3  1.868897e-01  1.000000e-07
 17  47  0  0  0  3  3.706575e-01  1.000000e-07
 17  25  0  0  0  3  3.987731e-01  1.000000e-07
 17  87  0  0  0  3  3.998161e-01  1.000000e-07
 17  49  0  0  0  3  3.290583e-01  1.000000e-07
 46  48  0  0  0  3  8.962998e-02  1.000000e-07
 50  47 -1  0  0  3  2.734619e-01  1.000000e-07
 50  48  0  0  0  3  4.166620e-01  1.000000e-07
 47  88  0  0  0  3  3.093986e-01  1.000000e-07
 47  87  0  0  0  3  1.161488e-01  1.000000e-07
 47  49  0  0  0  3  2.729808e-01  1.000000e-07
 88  25  0  0  0  3  2.627907e-01  1.000000e-07
 88  49  0 -1  0  3  4.414106e-01  1.000000e-07
 25  87  0  0  0  3  2.776086e-01  1.000000e-07
 36  80  0  0  0  3  2.243307e-01  1.000000e-07
 60  25  0  0  0  3  2.250168e-01  1.000000e-07
 73  7  0 -1  0  3  3.556352e-01  1.000000e-07
 53  21  0  0  0  3  1.822405e-01  1.000000e-07
 29  61  0  0  0  3  1.237325e-01  1.000000e-07
 65  18  0  0  0  3  3.261326e-01  1.000000e-07
 85  77  0  0  0  3  1.910489e-01  1.000000e-07
 62  50  1  0  0  3  3.246243e-01  1.000000e-07
 86  14  0  0  0  3  2.933526e-01  1.000000e-07
 51  21  0  0  0  3  2.098927e-01  1.000000e-07
 28  79  0  0  0  3  2.181158e-01  1.000000e-07
 82  19  0  0  0  3  2.152174e-01  1.000000e-07
 39  54  0 -1  0  3  3.052768e-01  1.000000e-07
 56  21  0  0  0  3  1.815457e-01  1.000000e-07
 89  57  0  0  0  3  1.828454e-01  1.000000e-07
 71  87 -1  0  0  3  3.106278e-01  1.000000e-07
 26  54  0  0  0  3  3.000784e-01  1.000000e-07
 56  21  0  0  0  3  1.706192e-01  1.000000e-07
 89  51  0  0  0  3  1.963408e-01  1.000000e-07
 63  22  0  0  0  3  2.343558e-01  1.000000e-07
 36  60  0  0  0  3  2.100490e-01  1.000000e-07
 80  88  0  0  0  3  3.653222e-01  1.000000e-07
 73  8  0  0  0  3  2.758169e-01  1.000000e-07
 71  88 -1  0  0  3  3.949522e-01  1.000000e-07
 89  69  0  0  0  3  1.302115e-01  1.000000e-07
 58  32  0  0  0  3  4.171840e-01  1.000000e-07
 29  65  0  0  0  3  1.566479e-01  1.000000e-07
 61  24  0  0  0  3  2.108120e-01  1.000000e-07
 28  66  0  0  0  3  1.898989e-01  1.000000e-07
 64  88  0  0  0  3  4.235248e-01  1.000000e-07
 86  13  0  0  0  3  2.203177e-01  1.000000e-07
 55  22  0  0  0  3  1.736761e-01  1.000000e-07
 27  57  0  0  0  3  2.098021e-01  1.000000e-07
 71  87 -1  0  0  3  2.177351e-01  1.000000e-07
 28  64  0  0  0  3  1.893988e-01  1.000000e-07
 66  50  1 -1  0  3  3.018130e-01  1.000000e-07
 89  71  0  0  0  3  1.551908e-01  1.000000e-07
 57  88 -1  0  0  3  4.698195e-01  1.000000e-07
 85  72  1  0  0  3  3.310704e-01  1.000000e-07
 52  21  0  0  0  3  2.817534e-01  1.000000e-07
 85  84  0  0  0  3  1.672376e-01  1.000000e-07
 62  17  0  0  0  3  1.930380e-01  1.000000e-07
 26  84  0  0  0  3  2.361553e-01  1.000000e-07
 59  17  0  0  0  3  1.821172e-01  1.000000e-07
 27  72  0  0  0  3  2.619410e-01  1.000000e-07
 52  50  0  0  0  3  3.461271e-01  1.000000e-07
 85  16  0  0  0  3  2.187650e-01  1.000000e-07
 84  22  0  0  0  3  2.051209e-01  1.000000e-07
 29  68  0  0  0  3  1.120392e-01  1.000000e-07
 58  32  0  0  0  3  4.032898e-01  1.000000e-07
 36  83  0  0  0  3  2.378865e-01  1.000000e-07
 81  24  0  0  0  3  1.637049e-01  1.000000e-07
 85  62  0  0  0  3  2.132311e-01  1.000000e-07
 84  19  0  1  0  3  2.243452e-01  1.000000e-07
 26  82  0  1  0  3  2.474273e-01  1.000000e-07
 67  19  0  0  0  3  1.739235e-01  1.000000e-07
 88  71  1  0  0  3  3.885154e-01  1.000000e-07
 57  27  0  0  0  3  2.100779e-01  1.000000e-07
 64  83  0  0  0  2  2.154783e-01  2.000000e-07
 64  76  0  0  0  2  9.069715e-02  2.000000e-07
 64  9  1  0  0  2  2.935765e-01  2.000000e-07
 64  6  1 -1  0  2  4.085744e-01  2.000000e-07
 64  79  0  0  0  2  2.484388e-01  2.000000e-07
 64  80  0  0  0  2  2.822215e-01  2.000000e-07
 64  60  0  0  0  2  2.605328e-01  2.000000e-07
 64  53  1 -1  0  2  3.815810e-01  2.000000e-07
 64  66  0  0  0  2  1.051515e-01  2.000000e-07
 64  7  1 -1  0  2  3.978482e-01  2.000000e-07
 64  5  1  0  0  2  3.361583e-01  2.000000e-07
 64  1  0  0  0  2  1.743149e-01  2.000000e-07
 64  2  0  0  0  2  1.417505e-01  2.000000e-07
 64  57  1  0  0  2  3.735043e-01  2.000000e-07
 64  77  0 -1  0  2  4.105528e-01  2.000000e-07
 83  13  0  0  0  2  4.152718e-01  2.000000e-07
 83  74  0  0  0  2  2.199527e-01  2.000000e-07
 83  51  0  0  0  2  5.125706e-01  2.000000e-07
 83  80  0  0  0  2  9.616023e-02  2.000000e-07
 83  60  0  0  0  2  8.716144e-02  2.000000e-07
 83  81  0  0  0  2  1.113884e-01  2.000000e-07
 83  61  0  0  0  2  3.725175e-01  2.000000e-07
 83  0  0  0  0  2  2.241336e-01  2.000000e-07
 83  66  0  0  0  2  1.224020e-01  2.000000e-07
 83  67  0  0  0  2  2.964014e-01  2.000000e-07
 83  78  0  0  0  2  1.643405e-01  2.000000e-07
 83  1  0  0  0  2  7.202945e-02  2.000000e-07
 8  76 -1  0  0  2  2.648895e-01  2.000000e-07
 8  74 -1  0  0  2  4.541637e-01  2.000000e-07
 8  58  0  0  0  2  2.535695e-01  2.000000e-07
 8  70  0  0  0  2  2.008757e-01  2.000000e-07
 8  59  0 -1  0  2  4.918208e-01  2.000000e-07
 8  9  0  0  0  2  8.246167e-02  2.000000e-07
 8  52  0 -1  0  2  3.576539e-01  2.000000e-07
 8  53  0 -1  0  2  2.911879e-01  2.000000e-07
 8  61  0  0  0  2  2.751956e-01  2.000000e-07
 8  55  0 -1  0  2  5.629124e-01  2.000000e-07
 8  72  0 -1  0  2  4.201939e-01  2.000000e-07
 8  66 -1  0  0  2  3.150564e-01  2.000000e-07
 8  62 -1 -1  0  2  4.645113e-01  2.000000e-07
 8  7  0 -1  0  2  2.934523e-01  2.000000e-07
 8  5  0  0  0  2  1.610421e-01  2.000000e-07
 8  67  0  0  0  2  3.981616e-01  2.000000e-07
 8  4  0  0  0  2  1.618573e-01  2.000000e-07
 69  68  0  0  0  2  3.352993e-02  2.000000e-07
 69  13  0  0  0  2  2.860031e-01  2.000000e-07
 69  70  0  0  0  2  2.188020e-01  2.000000e-07
 69  3  0  0  0  2  3.988115e-01  2.000000e-07
 69  71  0  0  0  2  2.354818e-01  2.000000e-07
 69  14  0  0  0  2  3.248573e-01  2.000000e-07
 69  63  0  0  0  2  1.554328e-01  2.000000e-07
 69  52  0  0  0  2  4.517008e-01  2.000000e-07
 69  0  0  0  0  2  3.404707e-01  2.000000e-07
 69  5  0  0  0  2  1.351341e-01  2.000000e-07
 69  78  0  0  0  2  4.039687e-01  2.000000e-07
 69  4  0  0  0  2  1.348941e-01  2.000000e-07
 69  57  0  0  0  2  2.453165e-01  2.000000e-07
 68  70  0  0  0  2  1.857472e-01  2.000000e-07
 68  3  0  0  0  2  3.775305e-01  2.000000e-07
 68  65  0  0  0  2  1.713615e-01  2.000000e-07
 68  71  0  0  0  2  2.511079e-01  2.000000e-07
 68  9  0  0  0  2  2.538985e-01  2.000000e-07
 68  63  0  0  0  2  1.780272e-01  2.000000e-07
 68  5  0  0  0  2  1.246832e-01  2.000000e-07
 68  78  0  0  0  2  4.009659e-01  2.000000e-07
 68  57  0  0  0  2  2.656364e-01  2.000000e-07
 13  58  0  0  0  2  3.230622e-01  2.000000e-07
 13  14  0  0  0  2  1.420009e-01  2.000000e-07
 13  63  0  0  0  2  1.311407e-01  2.000000e-07
 13  51  0  0  0  2  1.160971e-01  2.000000e-07
 13  84  0  0  0  2  2.673499e-01  2.000000e-07
 13  15  0  0  0  2  1.559976e-01  2.000000e-07
 13  52  0  0  0  2  4.178887e-01  2.000000e-07
 13  60  0  0  0  2  3.785863e-01  2.000000e-07
 13  81  0  0  0  2  3.137262e-01  2.000000e-07
 13  61  0  0  0  2  3.531218e-01  2.000000e-07
 13  55  0  0  0  2  1.170481e-01  2.000000e-07
 13  78  0  0  0  2  2.713812e-01  2.000000e-07
 76  74  0  0  0  2  2.797074e-01  2.000000e-07
 76  11  0  0  0  2  3.402309e-01  2.000000e-07
 76  3  0  0  0  2  2.062828e-01  2.000000e-07
 76  71  1  0  0  2  2.944721e-01  2.000000e-07
 76  80  0  0  0  2  1.918745e-01  2.000000e-07
 76  52  1 -1  0  2  4.862439e-01  2.000000e-07
 76  10  0  0  0  2  3.957045e-01  2.000000e-07
 76  53  1 -1  0  2  4.679468e-01  2.000000e-07
 76  66  0  0  0  2  6.924199e-02  2.000000e-07
 76  62  0 -1  0  2  3.254358e-01  2.000000e-07
 76  5  1  0  0  2  3.442177e-01  2.000000e-07
 76  78  0  0  0  2  2.757893e-01  2.000000e-07
 76  4  1  0  0  2  3.438015e-01  2.000000e-07
 76  2  0  0  0  2  9.924559e-02  2.000000e-07
 76  57  1  0  0  2  3.274873e-01  2.000000e-07
 76  77  0 -1  0  2  4.895324e-01  2.000000e-07
 74  11  0  0  0  2  6.111905e-02  2.000000e-07
 74  58  1  0  0  2  4.990174e-01  2.000000e-07
 74  71  1  0  0  2  2.642273e-01  2.000000e-07
 74  84  0  0  0  2  3.989301e-01  2.000000e-07
 74  15  0  0  0  2  2.305379e-01  2.000000e-07
 74  52  1  0  0  2  4.362719e-01  2.000000e-07
 74  60  0  0  0  2  1.330632e-01  2.000000e-07
 74  75  0  0  0  2  2.269624e-01  2.000000e-07
 74  72  1  0  0  2  3.462930e-01  2.000000e-07
 74  66  0  0  0  2  3.157932e-01  2.000000e-07
 74  62  0  0  0  2  4.409047e-01  2.000000e-07
 74  78  0  0  0  2  1.219922e-01  2.000000e-07
 74  4  1  0  0  2  4.274243e-01  2.000000e-07
 11  12  0  0  0  2  1.340811e-01  2.000000e-07
 11  15  0  0  0  2  1.797540e-01  2.000000e-07
 11  80  0  0  0  2  1.753176e-01  2.000000e-07
 11  52  1  0  0  2  4.131836e-01  2.000000e-07
 11  10  0  0  0  2  5.860780e-02  2.000000e-07
 11  62  0  0  0  2  3.804379e-01  2.000000e-07
 11  78  0  0  0  2  1.417160e-01  2.000000e-07
 11  57  1  0  0  2  2.886451e-01  2.000000e-07
 11  77  0  0  0  2  1.934221e-01  2.000000e-07
 58  65  0  0  0  2  1.812290e-01  2.000000e-07
 58  71  0  0  0  2  2.353740e-01  2.000000e-07
 58  9  0  0  0  2  2.398554e-01  2.000000e-07
 58  14  0  0  0  2  3.655524e-01  2.000000e-07
 58  63  0  0  0  2  1.936099e-01  2.000000e-07
 58  51  0  0  0  2  2.969194e-01  2.000000e-07
 58  52  0  0  0  2  4.842246e-01  2.000000e-07
 58  60 -1  0  0  2  5.132691e-01  2.000000e-07
 58  61  0  0  0  2  1.143085e-01  2.000000e-07
 58  55  0  0  0  2  4.169184e-01  2.000000e-07
 58  72  0  0  0  2  4.661715e-01  2.000000e-07
 58  66 -1  0  0  2  5.131736e-01  2.000000e-07
 58  4  0  0  0  2  1.048677e-01  2.000000e-07
 70  59  0 -1  0  2  3.471817e-01  2.000000e-07
 70  65  0  0  0  2  1.307181e-01  2.000000e-07
 70  9  0  0  0  2  1.317056e-01  2.000000e-07
 70  82  0  0  0  2  2.707375e-01  2.000000e-07
 70  53  0 -1  0  2  3.272564e-01  2.000000e-07
 70  61  0  0  0  2  1.123678e-01  2.000000e-07
 70  0  0  0  0  2  2.329654e-01  2.000000e-07
 70  54  0 -1  0  2  3.341650e-01  2.000000e-07
 70  5  0  0  0  2  1.819415e-01  2.000000e-07
 70  4  0  0  0  2  1.834277e-01  2.000000e-07
 3  65  0  0  0  2  2.248602e-01  2.000000e-07
 3  63  0  0  0  2  4.000634e-01  2.000000e-07
 3  80  0  0  0  2  1.945138e-01  2.000000e-07
 3  81  0  0  0  2  1.276256e-01  2.000000e-07
 3  82  0  0  0  2  1.591952e-01  2.000000e-07
 3  0  0  0  0  2  1.120755e-01  2.000000e-07
 3  66  0  0  0  2  1.543129e-01  2.000000e-07
 3  78  0  0  0  2  2.332374e-01  2.000000e-07
 3  2  0  0  0  2  1.170940e-01  2.000000e-07
 59  14  0  0  0  2  2.523032e-01  2.000000e-07
 59  51  0  0  0  2  3.137793e-01  2.000000e-07
 59  84  0  0  0  2  9.821416e-02  2.000000e-07
 59  79  0  1  0  2  1.938909e-01  2.000000e-07
 59  52  0  0  0  2  4.336323e-01  2.000000e-07
 59  82  0  1  0  2  1.768059e-01  2.000000e-07
 59  53  0  0  0  2  3.576176e-01  2.000000e-07
 59  61  0  1  0  2  4.064253e-01  2.000000e-07
 59  0  0  1  0  2  2.631049e-01  2.000000e-07
 59  54  0  0  0  2  1.741355e-01  2.000000e-07
 59  55  0  0  0  2  1.891870e-01  2.000000e-07
 59  66  0  1  0  2  3.833738e-01  2.000000e-07
 59  62  0  0  0  2  1.836022e-01  2.000000e-07
 59  7  0  0  0  2  3.317414e-01  2.000000e-07
 59  67  0  1  0  2  1.965213e-01  2.000000e-07
 65  9  0  0  0  2  2.609150e-01  2.000000e-07
 65  63  0  0  0  2  2.758650e-01  2.000000e-07
 65  51  0  0  0  2  3.993681e-01  2.000000e-07
 65  79  0  0  0  2  3.138442e-01  2.000000e-07
 65  81  0  0  0  2  2.372605e-01  2.000000e-07
 65  82  0  0  0  2  2.175152e-01  2.000000e-07
 65  53  0 -1  0  2  4.422976e-01  2.000000e-07
 65  61  0  0  0  2  6.844924e-02  2.000000e-07
 65  54  0 -1  0  2  4.021835e-01  2.000000e-07
 65  7  0 -1  0  2  4.245587e-01  2.000000e-07
 65  56  0 -1  0  2  4.603663e-01  2.000000e-07
 65  5  0  0  0  2  2.457572e-01  2.000000e-07
 65  67  0  0  0  2  1.650697e-01  2.000000e-07
 65  2  0  0  0  2  3.413693e-01  2.000000e-07
 71  11 -1  0  0  2  3.021734e-01  2.000000e-07
 71  14  0  0  0  2  4.183227e-01  2.000000e-07
 71  52  0  0  0  2  3.774917e-01  2.000000e-07
 71  5  0  0  0  2  1.794563e-01  2.000000e-07
 71  4  0  0  0  2  1.779829e-01  2.000000e-07
 71  57  0  0  0  2  4.313529e-02  2.000000e-07
 9  6  0 -1  0  2  2.786148e-01  2.000000e-07
 9  63  0  0  0  2  4.317878e-01  2.000000e-07
 9  51  0  0  0  2  5.360245e-01  2.000000e-07
 9  60 -1  0  0  2  4.821491e-01  2.000000e-07
 9  75 -1  0  0  2  6.299677e-01  2.000000e-07
 9  53  0 -1  0  2  2.533957e-01  2.000000e-07
 9  61  0  0  0  2  2.265223e-01  2.000000e-07
 9  54  0 -1  0  2  3.374632e-01  2.000000e-07
 9  72  0 -1  0  2  4.108550e-01  2.000000e-07
 9  72  0  0  0  2  6.369909e-01  2.000000e-07
 9  66 -1  0  0  2  3.936668e-01  2.000000e-07
 9  56  0 -1  0  2  3.230593e-01  2.000000e-07
 9  5  0  0  0  2  1.744545e-01  2.000000e-07
 9  67  0  0  0  2  3.184874e-01  2.000000e-07
 9  57  0  0  0  2  3.663998e-01  2.000000e-07
 14  63  0  0  0  2  1.908946e-01  2.000000e-07
 14  84  0  0  0  2  2.705320e-01  2.000000e-07
 14  15  0  0  0  2  2.619395e-01  2.000000e-07
 14  52  0  0  0  2  2.832943e-01  2.000000e-07
 14  53  0  0  0  2  2.636791e-01  2.000000e-07
 14  54  0  0  0  2  1.385659e-01  2.000000e-07
 14  55  0  0  0  2  9.531361e-02  2.000000e-07
 14  56  0  0  0  2  1.614377e-01  2.000000e-07
 14  16  0  0  0  2  1.699207e-01  2.000000e-07
 14  57  0  0  0  2  3.904564e-01  2.000000e-07
 12  63  0  0  0  2  3.402655e-01  2.000000e-07
 12  51  0  0  0  2  3.314232e-01  2.000000e-07
 12  84  0  0  0  2  2.074720e-01  2.000000e-07
 12  15  0  0  0  2  6.747871e-02  2.000000e-07
 12  79  0  1  0  2  3.886408e-01  2.000000e-07
 12  80  0  0  0  2  2.799290e-01  2.000000e-07
 12  60  0  0  0  2  2.976840e-01  2.000000e-07
 12  81  0  0  0  2  3.185952e-01  2.000000e-07
 12  10  0  0  0  2  1.044777e-01  2.000000e-07
 12  75  0  0  0  2  2.161384e-01  2.000000e-07
 12  55  0  0  0  2  2.393410e-01  2.000000e-07
 12  16  0  0  0  2  1.735350e-01  2.000000e-07
 12  78  0  0  0  2  2.122092e-01  2.000000e-07
 12  77  0  0  0  2  1.784983e-01  2.000000e-07
 6  51  0  0  0  2  2.792119e-01  2.000000e-07
 6  75 -1  0  0  2  3.200521e-01  2.000000e-07
 6  53  0  0  0  2  2.866480e-02  2.000000e-07
 6  72  0  0  0  2  1.823260e-01  2.000000e-07
 6  7  0  0  0  2  3.265729e-02  2.000000e-07
 6  56  0  0  0  2  7.744439e-02  2.000000e-07
 6  77 -1  0  0  2  3.512029e-01  2.000000e-07
 63  51  0  0  0  2  1.235261e-01  2.000000e-07
 63  15  0  0  0  2  2.764019e-01  2.000000e-07
 63  81  0  0  0  2  3.092500e-01  2.000000e-07
 63  61  0  0  0  2  2.420281e-01  2.000000e-07
 63  54  0  0  0  2  3.294563e-01  2.000000e-07
 63  72  0  0  0  2  4.201834e-01  2.000000e-07
 63  56  0  0  0  2  3.265779e-01  2.000000e-07
 63  16  0  0  0  2  2.685710e-01  2.000000e-07
 63  78  0  0  0  2  3.150705e-01  2.000000e-07
 63  57  0  0  0  2  3.281067e-01  2.000000e-07
 51  79  0  1  0  2  5.048305e-01  2.000000e-07
 51  52  0  0  0  2  3.064107e-01  2.000000e-07
 51  60  0  0  0  2  4.857729e-01  2.000000e-07
 51  81  0  0  0  2  4.048213e-01  2.000000e-07
 51  61  0  0  0  2  3.629205e-01  2.000000e-07
 51  55  0  0  0  2  1.350671e-01  2.000000e-07
 51  72  0  0  0  2  3.471456e-01  2.000000e-07
 51  7  0  0  0  2  2.956010e-01  2.000000e-07
 51  56  0  0  0  2  2.089333e-01  2.000000e-07
 51  67  0  1  0  2  4.822628e-01  2.000000e-07
 51  16  0  0  0  2  2.013591e-01  2.000000e-07
 84  15  0  0  0  2  1.973998e-01  2.000000e-07
 84  79  0  1  0  2  2.082731e-01  2.000000e-07
 84  82  0  1  0  2  2.381935e-01  2.000000e-07
 84  75  0  0  0  2  3.348300e-01  2.000000e-07
 84  54  0  0  0  2  2.405479e-01  2.000000e-07
 84  55  0  0  0  2  1.826771e-01  2.000000e-07
 84  72  1  0  0  2  4.387745e-01  2.000000e-07
 84  62  0  0  0  2  1.345764e-01  2.000000e-07
 84  16  0  0  0  2  1.269459e-01  2.000000e-07
 15  60  0  0  0  2  3.128525e-01  2.000000e-07
 15  75  0  0  0  2  2.835199e-01  2.000000e-07
 15  54  0  0  0  2  3.284809e-01  2.000000e-07
 15  55  0  0  0  2  1.800849e-01  2.000000e-07
 15  62  0  0  0  2  2.922123e-01  2.000000e-07
 15  16  0  0  0  2  1.239039e-01  2.000000e-07
 15  78  0  0  0  2  2.131775e-01  2.000000e-07
 15  77  0  0  0  2  2.436559e-01  2.000000e-07
 79  81  0  0  0  2  2.998174e-01  2.000000e-07
 79  82  0  0  0  2  1.063561e-01  2.000000e-07
 79  75  0 -1  0  2  4.230706e-01  2.000000e-07
 79  0  0  0  0  2  1.728764e-01  2.000000e-07
 79  54  0 -1  0  2  3.588198e-01  2.000000e-07
 79  55  0 -1  0  2  3.741658e-01  2.000000e-07
 79  72  1 -1  0  2  4.717491e-01  2.000000e-07
 79  66  0  0  0  2  1.894851e-01  2.000000e-07
 79  62  0 -1  0  2  1.251641e-01  2.000000e-07
 79  56  0 -1  0  2  4.705313e-01  2.000000e-07
 79  67  0  0  0  2  1.703477e-01  2.000000e-07
 79  16  0 -1  0  2  3.325458e-01  2.000000e-07
 79  1  0  0  0  2  1.843477e-01  2.000000e-07
 79  2  0  0  0  2  1.707099e-01  2.000000e-07
 79  77  0 -1  0  2  3.663024e-01  2.000000e-07
 80  60  0  0  0  2  2.362862e-02  2.000000e-07
 80  81  0  0  0  2  1.148067e-01  2.000000e-07
 80  10  0  0  0  2  2.338725e-01  2.000000e-07
 80  75  0  0  0  2  3.533305e-01  2.000000e-07
 80  78  0  0  0  2  8.461798e-02  2.000000e-07
 80  1  0  0  0  2  1.678064e-01  2.000000e-07
 80  2  0  0  0  2  1.959403e-01  2.000000e-07
 80  57  1  0  0  2  3.251891e-01  2.000000e-07
 52  53  0  0  0  2  9.811601e-02  2.000000e-07
 52  55  0  0  0  2  3.674622e-01  2.000000e-07
 52  72  0  0  0  2  9.104501e-02  2.000000e-07
 52  62 -1  0  0  2  4.135719e-01  2.000000e-07
 52  7  0  0  0  2  1.196104e-01  2.000000e-07
 52  57  0  0  0  2  3.346370e-01  2.000000e-07
 52  77 -1  0  0  2  2.617748e-01  2.000000e-07
 60  81  0  0  0  2  1.294919e-01  2.000000e-07
 60  75  0  0  0  2  3.579611e-01  2.000000e-07
 60  55  0  0  0  2  4.686654e-01  2.000000e-07
 60  72  1  0  0  2  4.684197e-01  2.000000e-07
 60  66  0  0  0  2  1.897272e-01  2.000000e-07
 60  78  0  0  0  2  1.078701e-01  2.000000e-07
 60  1  0  0  0  2  1.564164e-01  2.000000e-07
 60  57  1  0  0  2  3.115800e-01  2.000000e-07
 81  82  0  0  0  2  2.743429e-01  2.000000e-07
 81  61  0  0  0  2  2.843018e-01  2.000000e-07
 81  67  0  0  0  2  2.773864e-01  2.000000e-07
 81  78  0  0  0  2  1.137898e-01  2.000000e-07
 81  1  0  0  0  2  1.608994e-01  2.000000e-07
 81  2  0  0  0  2  1.976573e-01  2.000000e-07
 10  75  0  0  0  2  1.454435e-01  2.000000e-07
 10  78  0  0  0  2  1.941823e-01  2.000000e-07
 10  57  1  0  0  2  3.019566e-01  2.000000e-07
 10  77  0  0  0  2  1.376236e-01  2.000000e-07
 82  0  0  0  0  2  9.154745e-02  2.000000e-07
 82  54  0 -1  0  2  3.059585e-01  2.000000e-07
 82  62  0 -1  0  2  2.107499e-01  2.000000e-07
 82  67  0  0  0  2  6.399449e-02  2.000000e-07
 82  16  0 -1  0  2  3.438039e-01  2.000000e-07
 82  1  0  0  0  2  2.184963e-01  2.000000e-07
 82  2  0  0  0  2  2.227711e-01  2.000000e-07
 82  77  0 -1  0  2  4.534972e-01  2.000000e-07
 75  64  0  1  0  2  4.438326e-01  2.000000e-07
 75  55  0  0  0  2  4.420219e-01  2.000000e-07
 75  72  1  0  0  2  1.392714e-01  2.000000e-07
 75  56  1  0  0  2  3.664267e-01  2.000000e-07
 75  57  1  0  0  2  2.680895e-01  2.000000e-07
 75  77  0  0  0  2  6.129092e-02  2.000000e-07
 53  54  0  0  0  2  1.958524e-01  2.000000e-07
 53  56  0  0  0  2  1.024017e-01  2.000000e-07
 53  5  0  1  0  2  4.276145e-01  2.000000e-07
 53  57  0  0  0  2  4.198921e-01  2.000000e-07
 53  77 -1  0  0  2  3.493108e-01  2.000000e-07
 61  0  0  0  0  2  2.115474e-01  2.000000e-07
 61  67  0  0  0  2  2.256544e-01  2.000000e-07
 61  78  0  0  0  2  3.682668e-01  2.000000e-07
 61  4  0  0  0  2  1.806995e-01  2.000000e-07
 0  66  0  0  0  2  2.522605e-01  2.000000e-07
 0  67  0  0  0  2  7.888620e-02  2.000000e-07
 0  78  0  0  0  2  3.123078e-01  2.000000e-07
 54  62  0  0  0  2  3.554808e-01  2.000000e-07
 54  56  0  0  0  2  1.163456e-01  2.000000e-07
 54  67  0  1  0  2  2.894946e-01  2.000000e-07
 54  16  0  0  0  2  2.065101e-01  2.000000e-07
 55  72  0  0  0  2  4.315193e-01  2.000000e-07
 55  7  0  0  0  2  3.101790e-01  2.000000e-07
 72  64 -1  1  0  2  4.139388e-01  2.000000e-07
 72  66 -1  1  0  2  4.907664e-01  2.000000e-07
 72  62 -1  0  0  2  3.684208e-01  2.000000e-07
 72  7  0  0  0  2  2.105986e-01  2.000000e-07
 72  56  0  0  0  2  2.276909e-01  2.000000e-07
 72  57  0  0  0  2  2.765162e-01  2.000000e-07
 66  62  0 -1  0  2  2.664111e-01  2.000000e-07
 66  67  0  0  0  2  3.031090e-01  2.000000e-07
 66  78  0  0  0  2  2.845495e-01  2.000000e-07
 66  1  0  0  0  2  6.946600e-02  2.000000e-07
 62  3  0  1  0  2  2.947643e-01  2.000000e-07
 62  0  0  1  0  2  2.925790e-01  2.000000e-07
 62  16  0  0  0  2  2.574559e-01  2.000000e-07
 62  2  0  1  0  2  2.626431e-01  2.000000e-07
 62  77  0  0  0  2  2.438073e-01  2.000000e-07
 7  9  0  1  0  2  2.488127e-01  2.000000e-07
 7  56  0  0  0  2  8.713968e-02  2.000000e-07
 7  67  0  1  0  2  3.745886e-01  2.000000e-07
 56  67  0  1  0  2  3.790004e-01  2.000000e-07
 56  16  0  0  0  2  2.981211e-01  2.000000e-07
 56  57  0  0  0  2  3.924002e-01  2.000000e-07
 56  77 -1  0  0  2  4.057443e-01  2.000000e-07
 5  4  0  0  0  2  1.527628e-03  2.000000e-07
 5  57  0  0  0  2  2.112073e-01  2.000000e-07
 67  1  0  0  0  2  2.581378e-01  2.000000e-07
 16  77  0  0  0  2  3.162699e-01  2.000000e-07
 78  2  0  0  0  2  2.674018e-01  2.000000e-07
 1  2  0  0  0  2  3.680539e-02  2.000000e-07
 2  77  0 -1  0  2  4.645427e-01  2.000000e-07
 57  77 -1  0  0  2  3.260747e-01  2.000000e-07
 64  79  0  0  0  1  2.484388e-01  3.000000e-07
 64  52  1 -1  0  1  3.958750e-01  3.000000e-07
 64  53  1 -1  0  1  3.815810e-01  3.000000e-07
 64  72  1 -1  0  1  4.139388e-01  3.000000e-07
 64  66  0  0  0  1  1.051515e-01  3.000000e-07
 64  62  0 -1  0  1  2.801249e-01  3.000000e-07
 83  76  0  0  0  1  1.341459e-01  3.000000e-07
 83  3  0  0  0  1  1.136687e-01  3.000000e-07
 83  80  0  0  0  1  9.616023e-02  3.000000e-07
 83  60  0  0  0  1  8.716144e-02  3.000000e-07
 83  81  0  0  0  1  1.113884e-01  3.000000e-07
 83  1  0  0  0  1  7.202945e-02  3.000000e-07
 8  76 -1  0  0  1  2.648895e-01  3.000000e-07
 8  71  0  0  0  1  2.735148e-01  3.000000e-07
 8  9  0  0  0  1  8.246167e-02  3.000000e-07
 8  53  0 -1  0  1  2.911879e-01  3.000000e-07
 8  5  0  0  0  1  1.610421e-01  3.000000e-07
 8  4  0  0  0  1  1.618573e-01  3.000000e-07
 69  71  0  0  0  1  2.354818e-01  3.000000e-07
 69  63  0  0  0  1  1.554328e-01  3.000000e-07
 69  4  0  0  0  1  1.348941e-01  3.000000e-07
 69  57  0  0  0  1  2.453165e-01  3.000000e-07
 68  63  0  0  0  1  1.780272e-01  3.000000e-07
 68  61  0  0  0  1  1.068584e-01  3.000000e-07
 13  14  0  0  0  1  1.420009e-01  3.000000e-07
 13  63  0  0  0  1  1.311407e-01  3.000000e-07
 13  51  0  0  0  1  1.160971e-01  3.000000e-07
 13  15  0  0  0  1  1.559976e-01  3.000000e-07
 13  16  0  0  0  1  1.405863e-01  3.000000e-07
 13  78  0  0  0  1  2.713812e-01  3.000000e-07
 76  71  1  0  0  1  2.944721e-01  3.000000e-07
 76  60  0  0  0  1  1.699353e-01  3.000000e-07
 76  66  0  0  0  1  6.924199e-02  3.000000e-07
 76  1  0  0  0  1  1.167799e-01  3.000000e-07
 74  11  0  0  0  1  6.111905e-02  3.000000e-07
 74  71  1  0  0  1  2.642273e-01  3.000000e-07
 74  80  0  0  0  1  1.264574e-01  3.000000e-07
 74  60  0  0  0  1  1.330632e-01  3.000000e-07
 74  10  0  0  0  1  1.162704e-01  3.000000e-07
 74  75  0  0  0  1  2.269624e-01  3.000000e-07
 74  57  1  0  0  1  2.583605e-01  3.000000e-07
 11  12  0  0  0  1  1.340811e-01  3.000000e-07
 11  15  0  0  0  1  1.797540e-01  3.000000e-07
 11  10  0  0  0  1  5.860780e-02  3.000000e-07
 11  78  0  0  0  1  1.417160e-01  3.000000e-07
 58  70  0  0  0  1  1.812279e-01  3.000000e-07
 58  61  0  0  0  1  1.143085e-01  3.000000e-07
 58  5  0  0  0  1  1.047577e-01  3.000000e-07
 58  4  0  0  0  1  1.048677e-01  3.000000e-07
 70  65  0  0  0  1  1.307181e-01  3.000000e-07
 70  9  0  0  0  1  1.317056e-01  3.000000e-07
 70  61  0  0  0  1  1.123678e-01  3.000000e-07
 70  54  0 -1  0  1  3.341650e-01  3.000000e-07
 70  7  0 -1  0  1  3.131076e-01  3.000000e-07
 70  5  0  0  0  1  1.819415e-01  3.000000e-07
 70  67  0  0  0  1  2.067649e-01  3.000000e-07
 3  79  0  0  0  1  1.722939e-01  3.000000e-07
 3  81  0  0  0  1  1.276256e-01  3.000000e-07
 3  82  0  0  0  1  1.591952e-01  3.000000e-07
 3  0  0  0  0  1  1.120755e-01  3.000000e-07
 3  1  0  0  0  1  8.963742e-02  3.000000e-07
 3  2  0  0  0  1  1.170940e-01  3.000000e-07
 59  84  0  0  0  1  9.821416e-02  3.000000e-07
 59  79  0  1  0  1  1.938909e-01  3.000000e-07
 59  82  0  1  0  1  1.768059e-01  3.000000e-07
 59  54  0  0  0  1  1.741355e-01  3.000000e-07
 59  55  0  0  0  1  1.891870e-01  3.000000e-07
 59  62  0  0  0  1  1.836022e-01  3.000000e-07
 59  67  0  1  0  1  1.965213e-01  3.000000e-07
 59  16  0  0  0  1  1.699963e-01  3.000000e-07
 65  63  0  0  0  1  2.758650e-01  3.000000e-07
 65  61  0  0  0  1  6.844924e-02  3.000000e-07
 65  0  0  0  0  1  1.432285e-01  3.000000e-07
 65  67  0  0  0  1  1.650697e-01  3.000000e-07
 71  60 -1  0  0  1  2.983192e-01  3.000000e-07
 71  4  0  0  0  1  1.779829e-01  3.000000e-07
 9  7  0 -1  0  1  2.488127e-01  3.000000e-07
 9  5  0  0  0  1  1.744545e-01  3.000000e-07
 14  51  0  0  0  1  6.932206e-02  3.000000e-07
 14  54  0  0  0  1  1.385659e-01  3.000000e-07
 14  55  0  0  0  1  9.531361e-02  3.000000e-07
 14  56  0  0  0  1  1.614377e-01  3.000000e-07
 12  15  0  0  0  1  6.747871e-02  3.000000e-07
 12  10  0  0  0  1  1.044777e-01  3.000000e-07
 12  77  0  0  0  1  1.784983e-01  3.000000e-07
 6  52  0  0  0  1  9.157399e-02  3.000000e-07
 6  56  0  0  0  1  7.744439e-02  3.000000e-07
 63  81  0  0  0  1  3.092500e-01  3.000000e-07
 63  61  0  0  0  1  2.420281e-01  3.000000e-07
 63  78  0  0  0  1  3.150705e-01  3.000000e-07
 63  57  0  0  0  1  3.281067e-01  3.000000e-07
 51  52  0  0  0  1  3.064107e-01  3.000000e-07
 51  72  0  0  0  1  3.471456e-01  3.000000e-07
 51  56  0  0  0  1  2.089333e-01  3.000000e-07
 51  57  0  0  0  1  3.459740e-01  3.000000e-07
 84  15  0  0  0  1  1.973998e-01  3.000000e-07
 84  62  0  0  0  1  1.345764e-01  3.000000e-07
 84  16  0  0  0  1  1.269459e-01  3.000000e-07
 84  77  0  0  0  1  2.743622e-01  3.000000e-07
 15  16  0  0  0  1  1.239039e-01  3.000000e-07
 15  78  0  0  0  1  2.131775e-01  3.000000e-07
 79  82  0  0  0  1  1.063561e-01  3.000000e-07
 79  2  0  0  0  1  1.707099e-01  3.000000e-07
 80  81  0  0  0  1  1.148067e-01  3.000000e-07
 80  78  0  0  0  1  8.461798e-02  3.000000e-07
 52  53  0  0  0  1  9.811601e-02  3.000000e-07
 52  56  0  0  0  1  1.463547e-01  3.000000e-07
 81  0  0  0  0  1  1.985488e-01  3.000000e-07
 81  78  0  0  0  1  1.137898e-01  3.000000e-07
 10  75  0  0  0  1  1.454435e-01  3.000000e-07
 10  77  0  0  0  1  1.376236e-01  3.000000e-07
 82  67  0  0  0  1  6.399449e-02  3.000000e-07
 75  72  1  0  0  1  1.392714e-01  3.000000e-07
 75  77  0  0  0  1  6.129092e-02  3.000000e-07
 53  9  0  1  0  1  2.533957e-01  3.000000e-07
 0  67  0  0  0  1  7.888620e-02  3.000000e-07
 54  7  0  0  0  1  1.715713e-01  3.000000e-07
 54  56  0  0  0  1  1.163456e-01  3.000000e-07
 54  67  0  1  0  1  2.894946e-01  3.000000e-07
 55  16  0  0  0  1  7.477956e-02  3.000000e-07
 72  57  0  0  0  1  2.765162e-01  3.000000e-07
 72  77 -1  0  0  1  1.796956e-01  3.000000e-07
 66  1  0  0  0  1  6.946600e-02  3.000000e-07
 62  79  0  1  0  1  1.251641e-01  3.000000e-07
 62  77  0  0  0  1  2.438073e-01  3.000000e-07
 7  56  0  0  0  1  8.713968e-02  3.000000e-07
 57  75 -1  0  0  1  2.680895e-01  3.000000e-07
 8.423872e-02 -3.235328e-01  0
 2.755374e-01 -2.775046e-01  0
 2.992886e-01 -3.056208e-01  0
 1.859072e-01 -2.763690e-01  0
-2.753925e-01 -1.830633e-01  0
-2.746192e-01 -1.843807e-01  0
-2.749544e-01  3.625643e-01  0
-2.621281e-01  3.925974e-01  0
-3.491356e-01 -3.271457e-01  0
-2.730030e-01 -3.588277e-01  0
 3.284274e-01  1.200634e-01  0
 3.201279e-01  6.204623e-02  0
 2.340256e-01  1.648282e-01  0
 1.561603e-02  1.190108e-01  0
-8.792319e-02  2.161904e-01  0
 1.670843e-01  1.563286e-01  0
 7.968115e-02  2.441514e-01  0
 1.119286e-01  3.114793e-01 -1.763188e-01
 5.055821e-02 -2.997759e-01 -2.815129e-01
 6.740450e-02 -4.267821e-01 -1.607149e-01
-1.227350e-01  1.042927e-01 -2.594369e-01
-2.002476e-01  3.637233e-01 -1.299987e-01
-3.792646e-02  2.619569e-01 -1.432261e-01
-1.294392e-01  2.587698e-01 -1.697295e-01
 1.613815e-01 -1.967895e-01 -1.437338e-01
 2.002596e-01 -7.596926e-02 -2.095044e-01
 1.001753e-01  4.155220e-01  2.286365e-01
-4.329781e-01  6.861019e-03  1.964239e-01
 3.551716e-01 -4.427363e-01  1.628793e-01
-9.860430e-02 -1.284893e-01  1.068041e-01
 2.272531e-01 -4.458416e-01  3.501185e-01
 1.577614e-01 -2.892987e-01  3.678073e-01
-2.023280e-01 -2.445873e-01 -3.844460e-01
 2.600572e-01 -2.214845e-01  3.528927e-01
-2.838170e-01 -2.460332e-01  3.671370e-01
-1.370785e-01 -1.109246e-01  3.821994e-01
 3.473890e-01 -1.483065e-01  2.088656e-01
 2.200968e-01 -2.470433e-01  3.451380e-01
 3.612701e-01  2.530852e-01  4.004172e-01
 4.615574e-02 -4.022646e-01  2.185983e-01
 3.414454e-01 -4.084250e-01  4.136484e-01
 1.087687e-01 -3.185458e-01  3.994315e-01
-4.536323e-02 -3.316115e-01 -3.833199e-01
 8.041812e-02  2.774557e-01 -3.168505e-01
-1.727216e-01  1.611505e-01 -4.151487e-01
 1.877819e-01  3.718740e-03 -3.162850e-01
-5.971343e-03  3.561041e-01 -3.142899e-01
 4.365873e-01  1.643563e-01 -2.779977e-01
-5.331546e-02  2.845753e-01 -3.402842e-01
 3.978315e-01  4.345240e-01 -2.830843e-01
-4.426759e-01  4.090271e-01 -2.595533e-01
-9.694208e-02  1.474575e-01  0
-3.533432e-01  3.152252e-01  0
-2.877656e-01  3.882069e-01  0
-9.482079e-02  3.545846e-01  0
 5.390839e-03  2.356114e-01  0
-2.073062e-01  3.248635e-01  0
-4.019405e-01 -1.586424e-02  0
-1.810348e-01 -1.373047e-01  0
 6.893447e-02  4.138077e-01  0
 3.058670e-01 -1.240569e-01  0
-9.762134e-02 -2.154623e-01  0
 2.511683e-01  4.361819e-01  0
-7.646941e-02  2.563973e-02  0
 4.335203e-01 -3.511735e-01  0
-3.707897e-02 -2.473985e-01  0
 3.362045e-01 -3.113429e-01  0
 4.382652e-02 -3.912815e-01  0
-1.622462e-01 -1.303603e-01  0
-1.707574e-01 -9.792864e-02  0
-1.485917e-01 -3.156050e-01  0
-4.029970e-01 -5.898659e-02  0
-4.254583e-01  2.596500e-01  0
-4.339487e-01 -3.405080e-01  2.536873e-01
 3.404967e-01  4.421123e-03  0
 4.463640e-01  2.051797e-01  0
 3.921061e-01 -2.704838e-01  0
 3.959238e-01  2.399988e-01  0
 2.300316e-01 -4.734339e-02  0
 2.045783e-01 -4.476483e-01  0
 2.868172e-01 -1.100777e-01  0
 1.787888e-01 -1.489421e-01  0
 1.040554e-01 -4.129098e-01  0
 2.747623e-01 -2.054793e-01  0
 1.457186e-01  3.525687e-01  0
 2.568800e-01  3.338231e-01  1.527531e-01
 4.798446e-02  5.633627e-02  1.816902e-01
 4.331478e-01  7.501978e-02 -2.038512e-01
 4.060140e-01 -1.314856e-01 -3.632640e-01
-2.102709e-01 -3.217310e-02  1.199933e-01