 714  90  1.200000e-05  78 -2 -2
 38  13  0  0  0  3  5.684761e-01  1.000000e-07
 38  17  1  0  0  3  2.527550e-01  1.000000e-07
 38  21  0  0  0  3  5.103170e-01  1.000000e-07
 38  80  1  0  0  3  3.425895e-01  1.000000e-07
 38  20  0  0  0  3  3.675906e-01  1.000000e-07
 38  25  0  0  0  3  3.214336e-01  1.000000e-07
 38  12  0  0  0  3  2.385028e-01  1.000000e-07
 38  28  0  0  1  3  3.780591e-01  1.000000e-07
 13  41  0  0  0  3  4.971136e-01  1.000000e-07
 13  80  0  0  0  3  2.111150e-01  1.000000e-07
 13  40  0  0  0  3  4.350556e-01  1.000000e-07
 13  23  0  0  0  3  4.247544e-01  1.000000e-07
 13  15  0  0  0  3  4.558791e-01  1.000000e-07
 13  29  0  0  1  3  4.483511e-01  1.000000e-07
 41  11  0  0  0  3  2.961643e-01  1.000000e-07
 41  17  1  0  0  3  3.963474e-01  1.000000e-07
 41  20  0  0  0  3  3.087977e-01  1.000000e-07
 41  25  0  0  0  3  2.047925e-01  1.000000e-07
 41  40  0 -1  0  3  2.768960e-01  1.000000e-07
 41  26  0  0  0  3  2.922682e-01  1.000000e-07
 11  21  0  0  0  3  5.528552e-01  1.000000e-07
 11  83  0  0  0  3  2.257271e-01  1.000000e-07
 11  22  0  0  0  3  2.990171e-01  1.000000e-07
 11  80  0  0  0  3  2.391788e-01  1.000000e-07
 11  40  0 -1  0  3  4.130655e-01  1.000000e-07
 11  12  0  0  0  3  5.685491e-01  1.000000e-07
 11  24  0  0  0  3  2.632791e-01  1.000000e-07
 11  29  0  0  1  3  5.371775e-01  1.000000e-07
 18  83  0  0  0  3  3.532330e-01  1.000000e-07
 18  20  0  0  0  3  2.836971e-01  1.000000e-07
 18  25  0  0  0  3  1.743906e-01  1.000000e-07
 18  40  0 -1  0  3  1.975166e-01  1.000000e-07
 18  26  0  0  0  3  1.716308e-01  1.000000e-07
 18  27  0  0  0  3  2.420410e-01  1.000000e-07
 18  24  0  0  0  3  2.016836e-01  1.000000e-07
 18  19  0 -1  1  3  3.411073e-01  1.000000e-07
 18  37  0 -1  1  3  3.527738e-01  1.000000e-07
 17  80  0  0  0  3  2.832261e-01  1.000000e-07
 17  20 -1  0  0  3  3.135498e-01  1.000000e-07
 17  40 -1 -1  0  3  5.228863e-01  1.000000e-07
 17  28 -1  0  1  3  4.801331e-01  1.000000e-07
 17  31  0  0  1  3  3.822519e-01  1.000000e-07
 21  20  0  1  0  3  3.928634e-01  1.000000e-07
 21  12  0  0  0  3  3.497885e-01  1.000000e-07
 21  15  0  0  0  3  4.628493e-01  1.000000e-07
 21  29  0  0  1  3  2.411732e-01  1.000000e-07
 21  19  0  0  1  3  2.634707e-01  1.000000e-07
 21  32  0  0  1  3  2.590599e-01  1.000000e-07
 83  22  0  0  0  3  1.532779e-01  1.000000e-07
 83  80  0  0  0  3  3.415001e-01  1.000000e-07
 83  40  0 -1  0  3  4.216985e-01  1.000000e-07
 83  24  0  0  0  3  2.079185e-01  1.000000e-07
 22  80  0  0  0  3  3.709625e-01  1.000000e-07
 22  15  0 -1  0  3  2.116537e-01  1.000000e-07
 22  26  0  0  0  3  2.547475e-01  1.000000e-07
 22  24  0  0  0  3  2.249396e-01  1.000000e-07
 22  16 -1 -1  1  3  4.580147e-01  1.000000e-07
 22  31  0  0  1  3  2.086517e-01  1.000000e-07
 22  36  0  0  1  3  2.905638e-01  1.000000e-07
 80  15  0  0  0  3  5.228917e-01  1.000000e-07
 80  29  0  0  1  3  5.213016e-01  1.000000e-07
 20  40  0 -1  0  3  3.340980e-01  1.000000e-07
 20  16  0 -1  1  3  2.454116e-01  1.000000e-07
 20  28  0  0  1  3  4.154666e-01  1.000000e-07
 20  32  0 -1  1  3  3.623483e-01  1.000000e-07
 25  12  0  0  0  3  3.796975e-01  1.000000e-07
 25  27  0  0  0  3  3.254650e-01  1.000000e-07
 25  5  0  0  1  3  4.576715e-01  1.000000e-07
 25  28  0  0  1  3  3.321083e-01  1.000000e-07
 25  6  0  0  1  3  4.589678e-01  1.000000e-07
 25  37  0 -1  1  3  3.698765e-01  1.000000e-07
 12  23  0  0  0  3  4.257969e-01  1.000000e-07
 12  28  0  0  1  3  2.276809e-01  1.000000e-07
 12  32  0  0  1  3  4.487142e-01  1.000000e-07
 23  15  0  0  0  3  4.432843e-01  1.000000e-07
 23  27  0  1  0  3  2.922715e-01  1.000000e-07
 23  24  0  1  0  3  2.774160e-01  1.000000e-07
 23  16  0  0  1  3  3.512679e-01  1.000000e-07
 23  19  0  0  1  3  2.459461e-01  1.000000e-07
 23  37  0  0  1  3  2.755355e-01  1.000000e-07
 23  32  0  0  1  3  2.607281e-01  1.000000e-07
 15  27  0  1  0  3  2.828084e-01  1.000000e-07
 15  24  0  1  0  3  2.748840e-01  1.000000e-07
 15  14  0  0  1  3  5.353406e-01  1.000000e-07
 15  35  0  0  1  3  3.743655e-01  1.000000e-07
 26  24  0  0  0  3  1.054816e-01  1.000000e-07
 26  5  0  0  1  3  4.710675e-01  1.000000e-07
 26  6  0  0  1  3  4.665248e-01  1.000000e-07
 26  29  0  0  1  3  5.487913e-01  1.000000e-07
 26  30  0  0  1  3  4.635304e-01  1.000000e-07
 26  31  0  0  1  3  3.465318e-01  1.000000e-07
 27  24  0  0  0  3  7.984079e-02  1.000000e-07
 27  5  0  0  1  3  4.708152e-01  1.000000e-07
 27  19  0 -1  1  3  2.232205e-01  1.000000e-07
 27  37  0 -1  1  3  2.649511e-01  1.000000e-07
 27  35  0 -1  1  3  4.429641e-01  1.000000e-07
 24  19  0 -1  1  3  2.774078e-01  1.000000e-07
 16  28  0  0  0  3  4.887803e-01  1.000000e-07
 16  28  0  1  0  3  5.136865e-01  1.000000e-07
 16  32  0  0  0  3  2.095370e-01  1.000000e-07
 16  33  1  0  0  3  3.366429e-01  1.000000e-07
 16  36  1  1  0  3  4.425421e-01  1.000000e-07
 5  6  0  0  0  3  1.454039e-01  1.000000e-07
 5  10  0  0  0  3  1.929266e-01  1.000000e-07
 5  29  0  0  0  3  3.740414e-01  1.000000e-07
 5  30  0  0  0  3  1.499111e-01  1.000000e-07
 5  34  0  0  0  3  3.130143e-01  1.000000e-07
 14  28 -1  0  0  3  2.807172e-01  1.000000e-07
 14  29  0  0  0  3  4.463757e-01  1.000000e-07
 14  30  0  0  0  3  4.848674e-01  1.000000e-07
 14  31  0  0  0  3  2.064134e-01  1.000000e-07
 14  39  0  0  0  3  1.797865e-01  1.000000e-07
 14  33  0  0  0  3  3.591805e-01  1.000000e-07
 14  34  0  0  0  3  3.883879e-01  1.000000e-07
 14  35  0  0  0  3  3.718643e-01  1.000000e-07
 28  10  0  0  0  3  2.598810e-01  1.000000e-07
 28  30  0  0  0  3  2.758802e-01  1.000000e-07
 28  32  0  0  0  3  4.630959e-01  1.000000e-07
 6  10  0  0  0  3  2.911302e-01  1.000000e-07
 6  30  0  0  0  3  2.658298e-01  1.000000e-07
 6  42  0  0  0  3  2.877604e-01  1.000000e-07
 6  31  0  0  0  3  4.298130e-01  1.000000e-07
 6  39  0  0  0  3  4.099380e-01  1.000000e-07
 10  30  0  0  0  3  1.012173e-01  1.000000e-07
 10  42  0  0  0  3  1.567961e-01  1.000000e-07
 10  34  0  0  0  3  3.738702e-01  1.000000e-07
 10  8  0  0  0  3  1.498061e-01  1.000000e-07
 10  9  0  0  0  3  4.729791e-01  1.000000e-07
 29  30  0  0  0  3  2.763381e-01  1.000000e-07
 29  31  0  0  0  3  5.295077e-01  1.000000e-07
 29  32  0  0  0  3  2.245061e-01  1.000000e-07
 29  35  0  0  0  3  3.995333e-01  1.000000e-07
 29  8  0  0  0  3  1.872675e-01  1.000000e-07
 30  31  0  0  0  3  4.846638e-01  1.000000e-07
 30  8  0  0  0  3  1.307823e-01  1.000000e-07
 42  7  1  0  0  3  6.237498e-01  1.000000e-07
 42  34  0  0  0  3  4.206428e-01  1.000000e-07
 42  8  0  0  0  3  2.885026e-01  1.000000e-07
 31  39  0  0  0  3  2.099305e-01  1.000000e-07
 31  36  0  0  0  3  2.090261e-01  1.000000e-07
 7  39  0  1  0  3  5.308792e-01  1.000000e-07
 7  35  0  0  0  3  1.580136e-01  1.000000e-07
 7  9 -1  0  0  3  5.812924e-01  1.000000e-07
 7  9  0  0  0  3  5.106246e-01  1.000000e-07
 19  37  0  0  0  3  7.935596e-02  1.000000e-07
 19  34  0  0  0  3  4.351738e-01  1.000000e-07
 19  35  0  0  0  3  3.925178e-01  1.000000e-07
 19  36  0  1  0  3  3.629773e-01  1.000000e-07
 39  33  0  0  0  3  4.563422e-01  1.000000e-07
 39  34  0  0  0  3  3.896218e-01  1.000000e-07
 39  36  0  0  0  3  2.728048e-01  1.000000e-07
 37  32  0  0  0  3  9.747919e-02  1.000000e-07
 37  34  0  0  0  3  4.520068e-01  1.000000e-07
 37  36  0  1  0  3  3.901748e-01  1.000000e-07
 37  8  0  0  0  3  3.525745e-01  1.000000e-07
 37  9  0  0  0  3  1.324841e-01  1.000000e-07
 32  8  0  0  0  3  2.878621e-01  1.000000e-07
 33  10 -1  0  0  3  5.343349e-01  1.000000e-07
 33  34  0  0  0  3  3.274997e-01  1.000000e-07
 33  35  0  0  0  3  6.522829e-02  1.000000e-07
 33  36  0  1  0  3  3.317971e-01  1.000000e-07
 33  8 -1  0  0  3  5.532801e-01  1.000000e-07
 33  9 -1  0  0  3  4.684171e-01  1.000000e-07
 34  35  0  0  0  3  2.897968e-01  1.000000e-07
 34  8  0  0  0  3  3.023864e-01  1.000000e-07
 35  36  0  1  0  3  3.013834e-01  1.000000e-07
 36  9  0 -1  0  3  4.583396e-01  1.000000e-07
 8  9  0  0  0  3  3.677263e-01  1.000000e-07
 9  39  1  1  0  3  6.107833e-01  1.000000e-07
 83  0  0  0  0  3  2.828387e-01  1.000000e-07
 85  39  0  0  0  3  2.750862e-01  1.000000e-07
 17  88  0  0  0  3  2.361366e-01  1.000000e-07
 86  16 -1 -1  0  3  4.734342e-01  1.000000e-07
 21  43  0  0  0  3  4.452270e-01  1.000000e-07
 77  42  0  0  0  3  1.362058e-01  1.000000e-07
 13  78  0  0  0  3  1.388533e-01  1.000000e-07
 60  34  0  0  0  3  1.332063e-01  1.000000e-07
 41  82  0  0  0  3  2.348390e-01  1.000000e-07
 4  42  0  0  0  3  1.351668e-01  1.000000e-07
 12  43  0  0  0  3  3.825163e-01  1.000000e-07
 81  42  0  0  0  3  1.141554e-01  1.000000e-07
 17  54 -1  0  0  3  2.790268e-01  1.000000e-07
 66  9  0 -1  0  3  4.147497e-01  1.000000e-07
 13  78  0  0  0  3  1.705393e-01  1.000000e-07
 60  5  0  0  0  3  2.768810e-01  1.000000e-07
 83  74  0 -1  0  3  3.176192e-01  1.000000e-07
 57  7  0  0  0  3  1.499078e-01  1.000000e-07
 40  61  0  0  0  3  3.012264e-01  1.000000e-07
 60  34  0  0  0  3  2.094069e-01  1.000000e-07
 80  44  0  0  0  3  3.000504e-01  1.000000e-07
 76  7  0  0  0  3  1.910656e-01  1.000000e-07
 12  76  1  0  0  3  4.881660e-01  1.000000e-07
 84  7  0  0  0  3  1.630863e-01  1.000000e-07
 40  64  1  0  0  3  4.137166e-01  1.000000e-07
 84  7  0  0  0  3  2.605174e-01  1.000000e-07
 41  72  0  0  0  3  1.993745e-01  1.000000e-07
 59  6  0  0  0  3  1.972065e-01  1.000000e-07
 83  67  0  0  0  3  3.118543e-01  1.000000e-07
 56  6  0  0  0  3  2.259527e-01  1.000000e-07
 38  81  0  0  0  3  2.165088e-01  1.000000e-07
 82  42  0  0  0  3  1.214863e-01  1.000000e-07
 66  0  1  0  0  2  3.141775e-01  2.000000e-07
 66  54  0  0  0  2  4.230245e-02  2.000000e-07
 66  3  0 -1  0  2  4.904826e-01  2.000000e-07
 66  1  0  0  0  2  3.537347e-01  2.000000e-07
 66  85  1  0  0  2  3.050598e-01  2.000000e-07
 66  87  1  0  0  2  3.992856e-01  2.000000e-07
 66  71  0 -1  0  2  4.632737e-01  2.000000e-07
 66  89  1  0  0  2  3.616243e-01  2.000000e-07
 66  62  0  0  0  2  3.119812e-01  2.000000e-07
 66  4  0  0  0  2  1.618780e-01  2.000000e-07
 66  65  0  0  0  2  6.402796e-02  2.000000e-07
 66  43  0  0  0  2  2.125996e-01  2.000000e-07
 66  72  0  0  0  2  2.587024e-01  2.000000e-07
 67  56  0  0  0  2  8.588562e-02  2.000000e-07
 67  69  0  0  0  2  1.157168e-01  2.000000e-07
 67  1  0  0  0  2  1.700691e-01  2.000000e-07
 67  49  0  0  0  2  3.498164e-01  2.000000e-07
 67  47  0  0  0  2  2.659755e-01  2.000000e-07
 67  86  0  0  0  2  2.273574e-01  2.000000e-07
 67  45  0  0  0  2  1.478139e-01  2.000000e-07
 67  68  0 -1  0  2  2.825023e-01  2.000000e-07
 67  89  0  0  0  2  2.611211e-01  2.000000e-07
 67  62  0  0  0  2  1.902853e-01  2.000000e-07
 67  79  0  0  0  2  1.355513e-01  2.000000e-07
 67  74  0 -1  0  2  2.350769e-01  2.000000e-07
 67  72  0  0  0  2  2.359767e-01  2.000000e-07
 67  46  0  0  0  2  3.365935e-01  2.000000e-07
 51  69  0  0  0  2  3.468270e-01  2.000000e-07
 51  85  0  0  0  2  1.521075e-01  2.000000e-07
 51  48  0  0  0  2  1.665551e-01  2.000000e-07
 51  47  0  0  0  2  1.286296e-01  2.000000e-07
 51  73  0  0  0  2  1.373482e-01  2.000000e-07
 51  59  0  0  0  2  3.499107e-01  2.000000e-07
 51  53  0  0  0  2  1.318699e-01  2.000000e-07
 51  79  0  0  0  2  2.853928e-01  2.000000e-07
 51  46  0  0  0  2  5.693168e-02  2.000000e-07
 51  88  0  0  0  2  2.314553e-01  2.000000e-07
 75  0  1  1  0  2  4.637457e-01  2.000000e-07
 75  54  0  1  0  2  3.896383e-01  2.000000e-07
 75  52  1  0  0  2  4.254659e-01  2.000000e-07
 75  76  1  0  0  2  3.260903e-01  2.000000e-07
 75  84  1  0  0  2  3.111838e-01  2.000000e-07
 75  3  0  0  0  2  1.786635e-01  2.000000e-07
 75  58  0  0  0  2  1.902559e-01  2.000000e-07
 75  64  1  0  0  2  2.496290e-01  2.000000e-07
 75  47  1  1  0  2  4.916133e-01  2.000000e-07
 75  70  0  1  0  2  2.547695e-01  2.000000e-07
 75  71  0  0  0  2  6.656603e-02  2.000000e-07
 75  2  0  0  0  2  1.106930e-01  2.000000e-07
 75  81  0  0  0  2  4.588642e-01  2.000000e-07
 75  82  0  1  0  2  4.358376e-01  2.000000e-07
 75  63  0  0  0  2  3.183418e-01  2.000000e-07
 75  72  0  1  0  2  3.450223e-01  2.000000e-07
 75  88  1  1  0  2  3.943720e-01  2.000000e-07
 0  76  0 -1  0  2  5.175447e-01  2.000000e-07
 0  84  0 -1  0  2  4.761595e-01  2.000000e-07
 0  85  0  0  0  2  1.551834e-02  2.000000e-07
 0  73  0  0  0  2  1.063264e-01  2.000000e-07
 0  70 -1  0  0  2  4.913528e-01  2.000000e-07
 0  87  0  0  0  2  2.478354e-01  2.000000e-07
 0  71 -1 -1  0  2  5.218021e-01  2.000000e-07
 0  89  0  0  0  2  1.118007e-01  2.000000e-07
 0  65 -1  0  0  2  3.747057e-01  2.000000e-07
 0  74  0 -1  0  2  3.598039e-01  2.000000e-07
 0  88  0  0  0  2  7.082153e-02  2.000000e-07
 54  3  0 -1  0  2  4.966320e-01  2.000000e-07
 54  48  1  0  0  2  2.439737e-01  2.000000e-07
 54  49  1  0  0  2  3.661049e-01  2.000000e-07
 54  64  1 -1  0  2  4.912583e-01  2.000000e-07
 54  47  1  0  0  2  2.664125e-01  2.000000e-07
 54  86  1  0  0  2  3.065107e-01  2.000000e-07
 54  87  1  0  0  2  3.693245e-01  2.000000e-07
 54  71  0 -1  0  2  4.560197e-01  2.000000e-07
 54  81  0  0  0  2  1.596122e-01  2.000000e-07
 54  82  0  0  0  2  1.519032e-01  2.000000e-07
 54  89  1  0  0  2  3.226771e-01  2.000000e-07
 54  4  0  0  0  2  2.040299e-01  2.000000e-07
 54  43  0  0  0  2  2.461786e-01  2.000000e-07
 54  72  0  0  0  2  2.901569e-01  2.000000e-07
 54  88  1  0  0  2  2.537932e-01  2.000000e-07
 55  3  0  0  0  2  1.580521e-01  2.000000e-07
 55  78  0  0  0  2  3.202701e-01  2.000000e-07
 55  58  0  0  0  2  1.112474e-01  2.000000e-07
 55  1  0  1  0  2  4.283861e-01  2.000000e-07
 55  70  0  1  0  2  4.201306e-01  2.000000e-07
 55  60  0  0  0  2  1.947770e-01  2.000000e-07
 55  77  0  0  0  2  1.838513e-01  2.000000e-07
 55  44  0  0  0  2  3.741829e-01  2.000000e-07
 55  68  0  0  0  2  3.312228e-01  2.000000e-07
 55  71  0  0  0  2  2.317861e-01  2.000000e-07
 55  2  0  0  0  2  1.935377e-01  2.000000e-07
 55  65  0  0  0  2  4.218510e-01  2.000000e-07
 55  74  0  0  0  2  3.953507e-01  2.000000e-07
 55  43  0  0  0  2  2.269050e-01  2.000000e-07
 55  63  0  0  0  2  3.316124e-02  2.000000e-07
 56  78  0  0  0  2  3.850851e-01  2.000000e-07
 56  1  0  0  0  2  9.989233e-02  2.000000e-07
 56  86  0  0  0  2  3.121482e-01  2.000000e-07
 56  73  0  0  0  2  2.255008e-01  2.000000e-07
 56  59  0  0  0  2  1.342903e-01  2.000000e-07
 56  77  0  0  0  2  3.691442e-01  2.000000e-07
 56  45  0  0  0  2  1.802395e-01  2.000000e-07
 56  68  0 -1  0  2  3.164079e-01  2.000000e-07
 56  62  0  0  0  2  1.199605e-01  2.000000e-07
 56  65  0  0  0  2  3.366275e-01  2.000000e-07
 56  74  0 -1  0  2  2.837424e-01  2.000000e-07
 56  43  0  0  0  2  4.053887e-01  2.000000e-07
 52  76  0  0  0  2  1.571248e-01  2.000000e-07
 52  84  0  0  0  2  1.367262e-01  2.000000e-07
 52  57  0  0  0  2  6.604053e-02  2.000000e-07
 52  69  0  1  0  2  2.660086e-01  2.000000e-07
 52  48  0  0  0  2  3.905846e-01  2.000000e-07
 52  49  0  0  0  2  3.437042e-01  2.000000e-07
 52  64  0  0  0  2  1.759651e-01  2.000000e-07
 52  50  0  0  0  2  3.187201e-01  2.000000e-07
 52  53  0  0  0  2  2.901552e-01  2.000000e-07
 52  68  0  0  0  2  1.385798e-01  2.000000e-07
 52  61  0  0  0  2  1.743380e-01  2.000000e-07
 52  46  0  0  0  2  3.640390e-01  2.000000e-07
 52  88  0  1  0  2  4.051627e-01  2.000000e-07
 76  84  0  0  0  2  4.147527e-02  2.000000e-07
 76  57  0  0  0  2  2.228869e-01  2.000000e-07
 76  58 -1  0  0  2  3.628479e-01  2.000000e-07
 76  85  0  0  0  2  4.724519e-01  2.000000e-07
 76  48  0  0  0  2  2.805236e-01  2.000000e-07
 76  64  0  0  0  2  1.161399e-01  2.000000e-07
 76  77 -1  0  0  2  5.416892e-01  2.000000e-07
 76  44  0  0  0  2  1.800294e-01  2.000000e-07
 76  53  0  0  0  2  2.715832e-01  2.000000e-07
 76  87  0  0  0  2  2.595254e-01  2.000000e-07
 76  71 -1  0  0  2  3.085065e-01  2.000000e-07
 76  2 -1  0  0  2  3.982246e-01  2.000000e-07
 76  81 -1  0  0  2  3.789984e-01  2.000000e-07
 76  82 -1  0  0  2  5.387033e-01  2.000000e-07
 76  65 -1  0  0  2  5.409702e-01  2.000000e-07
 76  74  0  0  0  2  2.949119e-01  2.000000e-07
 76  63 -1  0  0  2  4.784287e-01  2.000000e-07
 76  88  0  1  0  2  4.559876e-01  2.000000e-07
 84  66 -1  0  0  2  5.351841e-01  2.000000e-07
 84  78  0  0  0  2  3.384922e-01  2.000000e-07
 84  48  0  0  0  2  3.219675e-01  2.000000e-07
 84  49  0  0  0  2  3.268795e-01  2.000000e-07
 84  64  0  0  0  2  8.043488e-02  2.000000e-07
 84  86  0  1  0  2  3.855061e-01  2.000000e-07
 84  60  0  0  0  2  3.647794e-01  2.000000e-07
 84  44  0  0  0  2  1.949584e-01  2.000000e-07
 84  50  0  0  0  2  3.211623e-01  2.000000e-07
 84  68  0  0  0  2  2.719891e-01  2.000000e-07
 84  87  0  0  0  2  2.960351e-01  2.000000e-07
 84  71 -1  0  0  2  3.019741e-01  2.000000e-07
 84  81 -1  0  0  2  4.141503e-01  2.000000e-07
 84  65 -1  0  0  2  5.779713e-01  2.000000e-07
 84  74  0  0  0  2  2.638680e-01  2.000000e-07
 84  43 -1  0  0  2  4.793872e-01  2.000000e-07
 3  67  0  1  0  2  4.133464e-01  2.000000e-07
 3  69  0  1  0  2  3.948877e-01  2.000000e-07
 3  58  0  0  0  2  1.341592e-01  2.000000e-07
 3  1  0  1  0  2  2.858673e-01  2.000000e-07
 3  64  1  0  0  2  4.091378e-01  2.000000e-07
 3  60  0  0  0  2  2.948340e-01  2.000000e-07
 3  68  0  0  0  2  3.015872e-01  2.000000e-07
 3  61  0  0  0  2  2.971684e-01  2.000000e-07
 3  71  0  0  0  2  1.546976e-01  2.000000e-07
 3  2  0  0  0  2  6.861868e-02  2.000000e-07
 3  74  0  0  0  2  3.495580e-01  2.000000e-07
 3  72  0  1  0  2  3.323787e-01  2.000000e-07
 57  73  0  1  0  2  4.172915e-01  2.000000e-07
 57  59  0  1  0  2  5.047763e-01  2.000000e-07
 57  70  0  1  0  2  4.685087e-01  2.000000e-07
 57  44  0  0  0  2  1.844248e-01  2.000000e-07
 57  53  0  0  0  2  3.272430e-01  2.000000e-07
 57  68  0  0  0  2  7.267080e-02  2.000000e-07
 57  61  0  0  0  2  1.549310e-01  2.000000e-07
 57  2  0  0  0  2  4.322528e-01  2.000000e-07
 57  74  0  0  0  2  9.267584e-02  2.000000e-07
 57  63  0  0  0  2  3.754769e-01  2.000000e-07
 57  88  0  1  0  2  3.934046e-01  2.000000e-07
 69  57  0 -1  0  2  2.182097e-01  2.000000e-07
 69  64  0 -1  0  2  3.313360e-01  2.000000e-07
 69  47  0  0  0  2  2.875597e-01  2.000000e-07
 69  86  0  0  0  2  1.956130e-01  2.000000e-07
 69  59  0  0  0  2  3.174270e-01  2.000000e-07
 69  68  0 -1  0  2  1.854731e-01  2.000000e-07
 69  61  0 -1  0  2  3.439188e-01  2.000000e-07
 69  2  0 -1  0  2  4.467251e-01  2.000000e-07
 69  79  0  0  0  2  2.494500e-01  2.000000e-07
 69  72  0  0  0  2  3.184168e-01  2.000000e-07
 69  88  0  0  0  2  2.488930e-01  2.000000e-07
 78  85  0  0  0  2  3.545867e-01  2.000000e-07
 78  73  0  0  0  2  3.049787e-01  2.000000e-07
 78  59  0  0  0  2  3.335056e-01  2.000000e-07
 78  60  0  0  0  2  1.387830e-01  2.000000e-07
 78  77  0  0  0  2  2.495106e-01  2.000000e-07
 78  44  0  0  0  2  1.467683e-01  2.000000e-07
 78  50  0  0  0  2  1.201873e-01  2.000000e-07
 78  45  0  0  0  2  2.471377e-01  2.000000e-07
 78  53  0  0  0  2  9.626105e-02  2.000000e-07
 78  68  0  0  0  2  3.321023e-01  2.000000e-07
 78  87  0  0  0  2  1.687424e-01  2.000000e-07
 78  62  0  0  0  2  3.207240e-01  2.000000e-07
 78  65  0  0  0  2  4.872193e-01  2.000000e-07
 78  74  0  0  0  2  3.886375e-01  2.000000e-07
 78  43  0  0  0  2  3.712431e-01  2.000000e-07
 78  63  0  0  0  2  2.968609e-01  2.000000e-07
 58  84  1  0  0  2  3.701860e-01  2.000000e-07
 58  48  1  0  0  2  4.404954e-01  2.000000e-07
 58  64  1  0  0  2  3.452949e-01  2.000000e-07
 58  60  0  0  0  2  3.048480e-01  2.000000e-07
 58  61  0  0  0  2  3.454128e-01  2.000000e-07
 58  71  0  0  0  2  1.276030e-01  2.000000e-07
 58  2  0  0  0  2  1.247587e-01  2.000000e-07
 58  81  0  0  0  2  3.099605e-01  2.000000e-07
 58  4  0  0  0  2  3.799287e-01  2.000000e-07
 58  43  0  0  0  2  2.582857e-01  2.000000e-07
 1  73  0  0  0  2  3.229960e-01  2.000000e-07
 1  70  0  0  0  2  1.304552e-01  2.000000e-07
 1  68  0 -1  0  2  3.026964e-01  2.000000e-07
 1  71  0 -1  0  2  3.802759e-01  2.000000e-07
 1  62  0  0  0  2  1.602173e-01  2.000000e-07
 1  65  0  0  0  2  2.962784e-01  2.000000e-07
 1  74  0 -1  0  2  2.914950e-01  2.000000e-07
 1  72  0  0  0  2  9.734359e-02  2.000000e-07
 85  48  0  0  0  2  2.052777e-01  2.000000e-07
 85  73  0  0  0  2  1.128337e-01  2.000000e-07
 85  70 -1  0  0  2  4.888484e-01  2.000000e-07
 85  44  0  0  0  2  4.163750e-01  2.000000e-07
 85  53  0  0  0  2  2.818517e-01  2.000000e-07
 85  87  0  0  0  2  2.356063e-01  2.000000e-07
 85  65 -1  0  0  2  3.663346e-01  2.000000e-07
 85  88  0  0  0  2  7.998544e-02  2.000000e-07
 48  49  0  0  0  2  1.395034e-01  2.000000e-07
 48  64  0  0  0  2  3.903574e-01  2.000000e-07
 48  47  0  0  0  2  1.847974e-01  2.000000e-07
 48  53  0  0  0  2  2.048491e-01  2.000000e-07
 48  87  0  0  0  2  1.324111e-01  2.000000e-07
 48  81 -1  0  0  2  2.246215e-01  2.000000e-07
 48  82 -1  0  0  2  3.541606e-01  2.000000e-07
 48  89  0  0  0  2  1.690685e-01  2.000000e-07
 48  46  0  0  0  2  1.324410e-01  2.000000e-07
 48  88  0  0  0  2  2.685384e-01  2.000000e-07
 49  64  0  0  0  2  4.062252e-01  2.000000e-07
 49  47  0  0  0  2  1.864267e-01  2.000000e-07
 49  60  0  0  0  2  3.036133e-01  2.000000e-07
 49  50  0  0  0  2  4.880730e-02  2.000000e-07
 49  45  0  0  0  2  2.065687e-01  2.000000e-07
 49  53  0  0  0  2  7.717843e-02  2.000000e-07
 49  61  0  0  0  2  3.184734e-01  2.000000e-07
 49  87  0  0  0  2  3.098209e-02  2.000000e-07
 49  89  0  0  0  2  1.158501e-01  2.000000e-07
 49  62  0  0  0  2  3.728665e-01  2.000000e-07
 49  79  0  0  0  2  3.373610e-01  2.000000e-07
 49  46  0  0  0  2  2.099166e-02  2.000000e-07
 64  47  0  1  0  2  4.491517e-01  2.000000e-07
 64  86  0  1  0  2  3.232360e-01  2.000000e-07
 64  50  0  0  0  2  4.015598e-01  2.000000e-07
 64  68  0  0  0  2  2.920079e-01  2.000000e-07
 64  71 -1  0  0  2  2.544859e-01  2.000000e-07
 64  81 -1  0  0  2  4.505864e-01  2.000000e-07
 64  74  0  0  0  2  2.647533e-01  2.000000e-07
 64  43 -1  0  0  2  4.972732e-01  2.000000e-07
 64  88  0  1  0  2  3.466985e-01  2.000000e-07
 47  86  0  0  0  2  1.302370e-01  2.000000e-07
 47  81 -1  0  0  2  3.459230e-01  2.000000e-07
 47  82 -1  0  0  2  4.160050e-01  2.000000e-07
 47  89  0  0  0  2  8.039114e-02  2.000000e-07
 47  79  0  0  0  2  3.286309e-01  2.000000e-07
 47  46  0  0  0  2  1.654393e-01  2.000000e-07
 47  88  0  0  0  2  1.048608e-01  2.000000e-07
 86  66 -1  0  0  2  3.480155e-01  2.000000e-07
 86  73  0  0  0  2  1.428162e-01  2.000000e-07
 86  45  0  0  0  2  2.294177e-01  2.000000e-07
 86  68  0 -1  0  2  3.477824e-01  2.000000e-07
 86  71 -1 -1  0  2  4.584768e-01  2.000000e-07
 86  89  0  0  0  2  1.965040e-01  2.000000e-07
 86  65 -1  0  0  2  4.017772e-01  2.000000e-07
 86  74  0 -1  0  2  2.798927e-01  2.000000e-07
 73  59  0  0  0  2  2.995664e-01  2.000000e-07
 73  70  0  0  0  2  4.438981e-01  2.000000e-07
 73  77  0  0  0  2  4.355690e-01  2.000000e-07
 73  44  0  0  0  2  4.028900e-01  2.000000e-07
 73  45  0  0  0  2  8.898705e-02  2.000000e-07
 73  53  0  0  0  2  2.591360e-01  2.000000e-07
 73  87  0  0  0  2  2.415628e-01  2.000000e-07
 73  89  0  0  0  2  1.054304e-01  2.000000e-07
 73  74  0 -1  0  2  3.320000e-01  2.000000e-07
 73  88  0  0  0  2  1.597662e-01  2.000000e-07
 59  70  0  0  0  2  2.008773e-01  2.000000e-07
 59  77  0  0  0  2  2.463688e-01  2.000000e-07
 59  53  0  0  0  2  3.760286e-01  2.000000e-07
 59  2  0 -1  0  2  4.417095e-01  2.000000e-07
 59  82  0  0  0  2  1.914804e-01  2.000000e-07
 59  79  0  0  0  2  8.141302e-02  2.000000e-07
 59  4  0  0  0  2  1.645635e-01  2.000000e-07
 59  65  0  0  0  2  2.251047e-01  2.000000e-07
 59  72  0  0  0  2  1.108981e-01  2.000000e-07
 59  88  0  0  0  2  4.518515e-01  2.000000e-07
 70  77  0  0  0  2  4.070359e-01  2.000000e-07
 70  71  0 -1  0  2  3.023647e-01  2.000000e-07
 70  2  0 -1  0  2  2.519113e-01  2.000000e-07
 70  82  0  0  0  2  2.298412e-01  2.000000e-07
 70  65  0  0  0  2  2.099202e-01  2.000000e-07
 70  74  0 -1  0  2  4.012563e-01  2.000000e-07
 70  63  0 -1  0  2  4.524553e-01  2.000000e-07
 70  72  0  0  0  2  9.049467e-02  2.000000e-07
 70  88  1  0  0  2  4.407768e-01  2.000000e-07
 60  77  0  0  0  2  2.025949e-01  2.000000e-07
 60  50  0  0  0  2  2.554312e-01  2.000000e-07
 60  45  0  0  0  2  3.677609e-01  2.000000e-07
 60  53  0  0  0  2  2.270016e-01  2.000000e-07
 60  68  0  0  0  2  2.463926e-01  2.000000e-07
 60  61  0  0  0  2  9.317345e-02  2.000000e-07
 60  62  0  0  0  2  3.808868e-01  2.000000e-07
 60  79  0  0  0  2  3.924314e-01  2.000000e-07
 60  4  0  0  0  2  3.681133e-01  2.000000e-07
 60  43  0  0  0  2  3.170523e-01  2.000000e-07
 60  63  0  0  0  2  1.786706e-01  2.000000e-07
 60  46  0  0  0  2  3.215276e-01  2.000000e-07
 77  44  0  0  0  2  3.678107e-01  2.000000e-07
 77  53  0  0  0  2  3.398821e-01  2.000000e-07
 77  61  0  0  0  2  2.941335e-01  2.000000e-07
 77  71  0  0  0  2  3.918934e-01  2.000000e-07
 77  81  0  0  0  2  2.482794e-01  2.000000e-07
 77  82  0  0  0  2  2.211291e-01  2.000000e-07
 77  79  0  0  0  2  2.913690e-01  2.000000e-07
 77  4  0  0  0  2  1.711243e-01  2.000000e-07
 77  65  0  0  0  2  2.778076e-01  2.000000e-07
 77  63  0  0  0  2  1.510873e-01  2.000000e-07
 44  53  0  0  0  2  1.437975e-01  2.000000e-07
 44  68  0  0  0  2  2.362212e-01  2.000000e-07
 44  87  0  0  0  2  1.820469e-01  2.000000e-07
 44  74  0  0  0  2  2.768244e-01  2.000000e-07
 44  63  0  0  0  2  3.617995e-01  2.000000e-07
 50  45  0  0  0  2  2.053424e-01  2.000000e-07
 50  68  0  0  0  2  4.047283e-01  2.000000e-07
 50  61  0  0  0  2  2.751917e-01  2.000000e-07
 50  87  0  0  0  2  5.507693e-02  2.000000e-07
 50  89  0  0  0  2  1.482078e-01  2.000000e-07
 50  62  0  0  0  2  3.504123e-01  2.000000e-07
 50  79  0  0  0  2  3.213504e-01  2.000000e-07
 45  87  0  0  0  2  2.367390e-01  2.000000e-07
 45  89  0  0  0  2  1.418017e-01  2.000000e-07
 45  62  0  0  0  2  1.985544e-01  2.000000e-07
 45  79  0  0  0  2  1.475891e-01  2.000000e-07
 53  61  0  0  0  2  2.431620e-01  2.000000e-07
 53  79  0  0  0  2  3.345033e-01  2.000000e-07
 53  63  0  0  0  2  3.925943e-01  2.000000e-07
 53  46  0  0  0  2  9.642950e-02  2.000000e-07
 68  61  0  0  0  2  1.584592e-01  2.000000e-07
 68  74  0  0  0  2  6.788991e-02  2.000000e-07
 61  2  0  0  0  2  3.642570e-01  2.000000e-07
 61  63  0  0  0  2  2.401693e-01  2.000000e-07
 87  81 -1  0  0  2  3.536816e-01  2.000000e-07
 87  89  0  0  0  2  1.441112e-01  2.000000e-07
 87  65 -1  0  0  2  4.607483e-01  2.000000e-07
 87  43 -1  0  0  2  4.730541e-01  2.000000e-07
 71  2  0  0  0  2  9.036371e-02  2.000000e-07
 71  65  0  0  0  2  5.493067e-01  2.000000e-07
 71  65  0  1  0  2  4.534697e-01  2.000000e-07
 71  63  0  0  0  2  2.607305e-01  2.000000e-07
 2  74  0  0  0  2  4.124526e-01  2.000000e-07
 2  63  0  0  0  2  2.263606e-01  2.000000e-07
 2  72  0  1  0  2  3.333029e-01  2.000000e-07
 81  82  0  0  0  2  1.597190e-01  2.000000e-07
 81  4  0  0  0  2  1.770392e-01  2.000000e-07
 81  43  0  0  0  2  1.258629e-01  2.000000e-07
 81  63  0  0  0  2  3.036711e-01  2.000000e-07
 81  88  1  0  0  2  3.752308e-01  2.000000e-07
 82  85  1  0  0  2  4.142499e-01  2.000000e-07
 82  79  0  0  0  2  2.726818e-01  2.000000e-07
 82  4  0  0  0  2  5.428519e-02  2.000000e-07
 82  65  0  0  0  2  5.765662e-02  2.000000e-07
 82  72  0  0  0  2  1.955523e-01  2.000000e-07
 82  88  1  0  0  2  4.040829e-01  2.000000e-07
 89  79  0  0  0  2  2.892666e-01  2.000000e-07
 89  46  0  0  0  2  9.586282e-02  2.000000e-07
 62  79  0  0  0  2  5.920033e-02  2.000000e-07
 62  4  0  0  0  2  1.842531e-01  2.000000e-07
 62  65  0  0  0  2  2.480733e-01  2.000000e-07
 62  43  0  0  0  2  2.864555e-01  2.000000e-07
 62  72  0  0  0  2  1.248782e-01  2.000000e-07
 79  4  0  0  0  2  2.426055e-01  2.000000e-07
 79  72  0  0  0  2  1.580214e-01  2.000000e-07
 79  46  0  0  0  2  3.315710e-01  2.000000e-07
 79  88  0  0  0  2  3.705757e-01  2.000000e-07
 4  43  0  0  0  2  1.236032e-01  2.000000e-07
 4  63  0  0  0  2  3.041784e-01  2.000000e-07
 4  72  0  0  0  2  1.994629e-01  2.000000e-07
 65  43  0  0  0  2  1.955206e-01  2.000000e-07
 65  88  1  0  0  2  3.506104e-01  2.000000e-07
 74  63  0  0  0  2  4.066894e-01  2.000000e-07
 74  88  0  1  0  2  3.315435e-01  2.000000e-07
 66  81  0  0  0  1  1.439417e-01  3.000000e-07
 66  82  0  0  0  1  1.096043e-01  3.000000e-07
 66  65  0  0  0  1  6.402796e-02  3.000000e-07
 67  69  0  0  0  1  1.157168e-01  3.000000e-07
 67  1  0  0  0  1  1.700691e-01  3.000000e-07
 67  73  0  0  0  1  1.598847e-01  3.000000e-07
 67  45  0  0  0  1  1.478139e-01  3.000000e-07
 67  79  0  0  0  1  1.355513e-01  3.000000e-07
 51  50  0  0  0  1  9.984056e-02  3.000000e-07
 51  45  0  0  0  1  1.437144e-01  3.000000e-07
 51  46  0  0  0  1  5.693168e-02  3.000000e-07
 75  54  0  1  0  1  3.896383e-01  3.000000e-07
 75  70  0  1  0  1  2.547695e-01  3.000000e-07
 75  71  0  0  0  1  6.656603e-02  3.000000e-07
 75  2  0  0  0  1  1.106930e-01  3.000000e-07
 75  88  1  1  0  1  3.943720e-01  3.000000e-07
 0  86  0  0  0  1  9.167699e-02  3.000000e-07
 0  88  0  0  0  1  7.082153e-02  3.000000e-07
 54  85  1  0  0  1  2.630904e-01  3.000000e-07
 54  47  1  0  0  1  2.664125e-01  3.000000e-07
 54  81  0  0  0  1  1.596122e-01  3.000000e-07
 54  65  0  0  0  1  1.038765e-01  3.000000e-07
 54  88  1  0  0  1  2.537932e-01  3.000000e-07
 55  3  0  0  0  1  1.580521e-01  3.000000e-07
 55  58  0  0  0  1  1.112474e-01  3.000000e-07
 55  60  0  0  0  1  1.947770e-01  3.000000e-07
 55  61  0  0  0  1  2.453242e-01  3.000000e-07
 56  1  0  0  0  1  9.989233e-02  3.000000e-07
 56  62  0  0  0  1  1.199605e-01  3.000000e-07
 56  79  0  0  0  1  8.139933e-02  3.000000e-07
 56  72  0  0  0  1  1.506265e-01  3.000000e-07
 52  76  0  0  0  1  1.571248e-01  3.000000e-07
 52  84  0  0  0  1  1.367262e-01  3.000000e-07
 52  57  0  0  0  1  6.604053e-02  3.000000e-07
 52  64  0  0  0  1  1.759651e-01  3.000000e-07
 52  44  0  0  0  1  1.475079e-01  3.000000e-07
 52  61  0  0  0  1  1.743380e-01  3.000000e-07
 76  48  0  0  0  1  2.805236e-01  3.000000e-07
 76  44  0  0  0  1  1.800294e-01  3.000000e-07
 76  87  0  0  0  1  2.595254e-01  3.000000e-07
 76  71 -1  0  0  1  3.085065e-01  3.000000e-07
 76  81 -1  0  0  1  3.789984e-01  3.000000e-07
 3  58  0  0  0  1  1.341592e-01  3.000000e-07
 3  1  0  1  0  1  2.858673e-01  3.000000e-07
 3  70  0  1  0  1  2.624081e-01  3.000000e-07
 3  68  0  0  0  1  3.015872e-01  3.000000e-07
 3  2  0  0  0  1  6.861868e-02  3.000000e-07
 57  68  0  0  0  1  7.267080e-02  3.000000e-07
 57  61  0  0  0  1  1.549310e-01  3.000000e-07
 57  74  0  0  0  1  9.267584e-02  3.000000e-07
 69  1  0  0  0  1  2.301079e-01  3.000000e-07
 69  86  0  0  0  1  1.956130e-01  3.000000e-07
 69  73  0  0  0  1  2.098682e-01  3.000000e-07
 69  74  0 -1  0  1  1.270001e-01  3.000000e-07
 78  60  0  0  0  1  1.387830e-01  3.000000e-07
 78  44  0  0  0  1  1.467683e-01  3.000000e-07
 78  50  0  0  0  1  1.201873e-01  3.000000e-07
 78  53  0  0  0  1  9.626105e-02  3.000000e-07
 78  62  0  0  0  1  3.207240e-01  3.000000e-07
 78  79  0  0  0  1  3.120431e-01  3.000000e-07
 58  71  0  0  0  1  1.276030e-01  3.000000e-07
 58  2  0  0  0  1  1.247587e-01  3.000000e-07
 58  43  0  0  0  1  2.582857e-01  3.000000e-07
 58  63  0  0  0  1  1.363401e-01  3.000000e-07
 1  70  0  0  0  1  1.304552e-01  3.000000e-07
 1  68  0 -1  0  1  3.026964e-01  3.000000e-07
 1  74  0 -1  0  1  2.914950e-01  3.000000e-07
 85  88  0  0  0  1  7.998544e-02  3.000000e-07
 48  47  0  0  0  1  1.847974e-01  3.000000e-07
 48  87  0  0  0  1  1.324111e-01  3.000000e-07
 48  81 -1  0  0  1  2.246215e-01  3.000000e-07
 48  89  0  0  0  1  1.690685e-01  3.000000e-07
 48  46  0  0  0  1  1.324410e-01  3.000000e-07
 64  75 -1  0  0  1  2.496290e-01  3.000000e-07
 64  86  0  1  0  1  3.232360e-01  3.000000e-07
 64  71 -1  0  0  1  2.544859e-01  3.000000e-07
 64  74  0  0  0  1  2.647533e-01  3.000000e-07
 64  88  0  1  0  1  3.466985e-01  3.000000e-07
 47  73  0  0  0  1  1.111827e-01  3.000000e-07
 47  89  0  0  0  1  8.039114e-02  3.000000e-07
 86  73  0  0  0  1  1.428162e-01  3.000000e-07
 86  74  0 -1  0  1  2.798927e-01  3.000000e-07
 86  88  0  0  0  1  5.356488e-02  3.000000e-07
 73  45  0  0  0  1  8.898705e-02  3.000000e-07
 73  89  0  0  0  1  1.054304e-01  3.000000e-07
 59  77  0  0  0  1  2.463688e-01  3.000000e-07
 59  4  0  0  0  1  1.645635e-01  3.000000e-07
 59  72  0  0  0  1  1.108981e-01  3.000000e-07
 70  2  0 -1  0  1  2.519113e-01  3.000000e-07
 70  65  0  0  0  1  2.099202e-01  3.000000e-07
 70  72  0  0  0  1  9.049467e-02  3.000000e-07
 60  77  0  0  0  1  2.025949e-01  3.000000e-07
 60  61  0  0  0  1  9.317345e-02  3.000000e-07
 60  63  0  0  0  1  1.786706e-01  3.000000e-07
 77  62  0  0  0  1  2.524790e-01  3.000000e-07
 77  4  0  0  0  1  1.711243e-01  3.000000e-07
 77  43  0  0  0  1  1.224365e-01  3.000000e-07
 77  63  0  0  0  1  1.510873e-01  3.000000e-07
 44  61  0  0  0  1  1.424700e-01  3.000000e-07
 44  87  0  0  0  1  1.820469e-01  3.000000e-07
 50  45  0  0  0  1  2.053424e-01  3.000000e-07
 50  87  0  0  0  1  5.507693e-02  3.000000e-07
 50  46  0  0  0  1  6.612741e-02  3.000000e-07
 45  89  0  0  0  1  1.418017e-01  3.000000e-07
 45  79  0  0  0  1  1.475891e-01  3.000000e-07
 53  87  0  0  0  1  7.252190e-02  3.000000e-07
 68  61  0  0  0  1  1.584592e-01  3.000000e-07
 68  74  0  0  0  1  6.788991e-02  3.000000e-07
 71  2  0  0  0  1  9.036371e-02  3.000000e-07
 81  82  0  0  0  1  1.597190e-01  3.000000e-07
 81  43  0  0  0  1  1.258629e-01  3.000000e-07
 82  4  0  0  0  1  5.428519e-02  3.000000e-07
 82  65  0  0  0  1  5.765662e-02  3.000000e-07
 82  43  0  0  0  1  1.496684e-01  3.000000e-07
 82  72  0  0  0  1  1.955523e-01  3.000000e-07
 89  46  0  0  0  1  9.586282e-02  3.000000e-07
 62  79  0  0  0  1  5.920033e-02  3.000000e-07
 62  72  0  0  0  1  1.248782e-01  3.000000e-07
 4  43  0  0  0  1  1.236032e-01  3.000000e-07
 4  72  0  0  0  1  1.994629e-01  3.000000e-07
 65  72  0  0  0  1  1.996421e-01  3.000000e-07
 43  63  0  0  0  1  2.028907e-01  3.000000e-07
-2.894588e-01 -2.460579e-01  0
 1.068961e-01 -3.786505e-01  0
 2.887726e-01  3.749769e-01  0
 2.218917e-01  3.596318e-01  0
 2.514734e-01 -1.260329e-01  0
 8.415259e-02 -1.257960e-01 -2.226938e-01
 9.430863e-02 -2.653008e-01 -1.829751e-01
-2.249582e-01  3.243548e-01 -1.191911e-01
 1.667307e-01  8.222755e-02 -3.118175e-01
 2.364601e-01  4.431697e-01 -3.028038e-01
 2.476171e-01 -2.648333e-02 -2.479332e-01
-4.755532e-02 -2.265371e-01  2.129957e-01
 4.340913e-01  3.915485e-02  3.567745e-01
-7.398456e-02  8.793309e-02  1.371638e-01
-3.056642e-01 -5.007397e-02 -3.834436e-01
-2.660503e-01  4.260652e-01  3.750781e-01
 4.033617e-01  4.258302e-01 -4.084299e-01
-3.649422e-01 -3.001491e-01  2.037141e-01
 1.566411e-01 -4.026504e-01  2.953375e-01
 8.425147e-02  3.960204e-01 -4.389926e-01
 4.224683e-01 -4.394002e-01  3.873669e-01
 1.669486e-01  2.647882e-01  3.480376e-01
-2.390467e-01 -3.650724e-01  3.961630e-01
 1.720744e-01  3.738985e-01  3.323434e-01
-2.764455e-02 -4.372076e-01  3.696400e-01
 2.572034e-01 -2.952750e-01  3.889849e-01
 1.237227e-02 -3.397843e-01  3.638317e-01
-2.544410e-02 -4.450352e-01  4.490656e-01
 4.195407e-01 -6.168598e-02 -4.396130e-01
 7.595156e-02  1.720837e-01 -4.487631e-01
 1.742187e-01 -4.831987e-02 -3.141207e-01
-2.528602e-01 -2.427438e-01 -4.353720e-01
 2.082769e-01  3.493916e-01 -4.106197e-01
-3.222465e-01  2.898531e-01 -2.686165e-01
-7.129557e-02  1.301592e-01 -1.315855e-01
-2.581538e-01  3.014956e-01 -2.719778e-01
-1.964972e-01 -4.073532e-01 -3.195322e-01
 1.462874e-01  4.235308e-01 -3.978577e-01
 4.482026e-01 -1.305161e-01  1.897529e-01
-2.982736e-01 -1.652782e-01 -2.456156e-01
 1.854822e-01  4.332360e-01  1.892823e-01
 2.391846e-01 -2.951595e-01  1.849867e-01
 2.954665e-01 -7.427987e-02 -1.064732e-01
 2.850955e-01 -7.090441e-03  0
-1.725607e-01  1.655026e-01  0
-1.047415e-01 -1.958144e-01  0
-2.369326e-01 -5.103057e-02  0
-2.906337e-01 -2.075117e-01  0
-3.689233e-01 -4.011756e-02  0
-2.296973e-01 -3.132526e-02  0
-1.870053e-01 -7.670457e-03  0
-2.149127e-01 -1.035314e-01  0
-1.975729e-01  3.108744e-01  0
-1.736270e-01  2.170899e-02  0
 4.432124e-01 -1.957779e-01  0
 1.997243e-01  2.031419e-01  0
 2.653383e-02 -3.193177e-01  0
-1.426046e-01  3.474782e-01  0
 3.002705e-01  2.507491e-01  0
 1.154947e-01 -2.187202e-01  0
 1.148616e-02  1.530971e-01  0
-4.437048e-02  2.276714e-01  0
 9.244432e-02 -2.190864e-01  0
 1.891857e-01  1.716998e-01  0
-3.690783e-01  3.502398e-01  0
 3.393393e-01 -1.949359e-01  0
 4.024848e-01 -1.843426e-01  0
-5.772560e-02 -3.359517e-01  0
-7.883971e-02  3.823362e-01  0
-1.159650e-01 -4.359443e-01  0
 2.373511e-01 -3.784158e-01  0
 3.764520e-01  3.531157e-01  0
 1.769330e-01 -3.110442e-01  0
-1.834988e-01 -2.372389e-01  0
-1.189760e-01  4.370913e-01  0
 3.907042e-01  4.181381e-01  0
-3.370852e-01  2.385934e-01  0
 1.662545e-01  2.236278e-02  0
-8.169322e-02  5.024616e-02  0
 3.652964e-02 -2.385344e-01  0
-2.166813e-01 -5.939547e-02  1.871783e-01
 4.064555e-01 -4.045573e-02  0
 2.965228e-01 -1.563220e-01  0
-1.938777e-01 -3.938061e-01  2.525376e-01
-3.306671e-01  2.795691e-01  0
-2.962148e-01 -2.320874e-01  0
-2.850768e-01 -3.376301e-01  0
-2.418695e-01 -2.834445e-03  0
-3.279433e-01 -3.055107e-01  0
-2.378356e-01 -1.468891e-01  0