 723  90  1.200000e-05  86 -2 -2
 31  8  0  0  0  3  4.609745e-01  1.000000e-07
 31  33  0  0  0  3  2.529812e-01  1.000000e-07
 31  15  0  0  0  3  2.227998e-01  1.000000e-07
 31  52  0  0  0  3  2.388819e-01  1.000000e-07
 31  10  0  0  0  3  1.954600e-01  1.000000e-07
 31  28  0  0  1  3  3.534434e-01  1.000000e-07
 31  37  0  0  1  3  3.641508e-01  1.000000e-07
 31  41  0  0  1  3  3.710180e-01  1.000000e-07
 31  21  0  0  1  3  3.749697e-01  1.000000e-07
 12  15  0  0  0  3  1.164511e-01  1.000000e-07
 12  17  0  0  0  3  1.818892e-01  1.000000e-07
 12  13  1  0  0  3  2.258159e-01  1.000000e-07
 12  16  0  0  0  3  1.041310e-01  1.000000e-07
 12  14  1  0  0  3  2.930224e-01  1.000000e-07
 12  72  0  0  0  3  9.544379e-02  1.000000e-07
 12  37  0  0  1  3  2.376693e-01  1.000000e-07
 8  32  0 -1  0  3  2.707733e-01  1.000000e-07
 8  33  0  0  0  3  4.858621e-01  1.000000e-07
 8  17  0  0  0  3  3.807629e-01  1.000000e-07
 8  72  0  0  0  3  3.786152e-01  1.000000e-07
 8  36  0  0  1  3  5.059325e-01  1.000000e-07
 8  41  0  0  1  3  5.391910e-01  1.000000e-07
 32  11  1  0  0  3  4.147658e-01  1.000000e-07
 32  10  0  0  0  3  4.257314e-01  1.000000e-07
 32  16  0  0  0  3  4.050550e-01  1.000000e-07
 32  36  0  1  1  3  4.800858e-01  1.000000e-07
 32  40  0  0  1  3  5.510006e-01  1.000000e-07
 32  21  0  1  1  3  6.470852e-01  1.000000e-07
 11  87  0  1  0  3  5.119277e-01  1.000000e-07
 11  17 -1  1  0  3  4.821708e-01  1.000000e-07
 11  42  0  0  0  3  2.600253e-01  1.000000e-07
 11  16 -1  0  0  3  5.078582e-01  1.000000e-07
 11  14  0  0  0  3  4.350582e-01  1.000000e-07
 11  34  0  0  0  3  8.751920e-02  1.000000e-07
 87  33  0  0  0  3  1.168361e-01  1.000000e-07
 87  52  0  0  0  3  2.563320e-01  1.000000e-07
 87  13  0  0  0  3  2.258514e-01  1.000000e-07
 87  14  0  0  0  3  2.776379e-01  1.000000e-07
 87  18  0  0  1  3  3.272351e-01  1.000000e-07
 87  41  0  0  1  3  2.730959e-01  1.000000e-07
 33  52  0  0  0  3  1.964944e-01  1.000000e-07
 33  25  0  0  0  3  2.977632e-01  1.000000e-07
 33  13  0  0  0  3  2.820257e-01  1.000000e-07
 33  42  0  0  0  3  2.398573e-01  1.000000e-07
 33  28  0  0  1  3  2.868250e-01  1.000000e-07
 33  41  0  0  1  3  2.458668e-01  1.000000e-07
 15  13  1  0  0  3  2.714579e-01  1.000000e-07
 15  10  0  0  0  3  3.180172e-01  1.000000e-07
 15  16  0  0  0  3  1.375353e-01  1.000000e-07
 15  72  0  0  0  3  1.955783e-01  1.000000e-07
 15  37  0  0  1  3  1.996558e-01  1.000000e-07
 15  38  0  0  1  3  4.711611e-01  1.000000e-07
 15  40  0  0  1  3  5.034769e-01  1.000000e-07
 52  9  0  0  0  3  3.624336e-01  1.000000e-07
 52  42  0  0  0  3  3.234172e-01  1.000000e-07
 52  10  0  0  0  3  1.334714e-01  1.000000e-07
 25  42  0  0  0  3  3.069152e-01  1.000000e-07
 25  34  0  0  0  3  3.880822e-01  1.000000e-07
 25  28  0  0  1  3  4.248624e-01  1.000000e-07
 25  26  0  0  1  3  5.530961e-01  1.000000e-07
 25  40  0  0  1  3  5.161071e-01  1.000000e-07
 25  27  0  0  1  3  5.045701e-01  1.000000e-07
 17  14  1  0  0  3  3.168351e-01  1.000000e-07
 17  72  0  0  0  3  1.174884e-01  1.000000e-07
 17  39  0  0  1  3  6.178215e-01  1.000000e-07
 13  16 -1  0  0  3  2.846497e-01  1.000000e-07
 13  14  0  0  0  3  2.808138e-01  1.000000e-07
 13  35  0  0  1  3  3.405750e-01  1.000000e-07
 13  37 -1  0  1  3  2.311095e-01  1.000000e-07
 13  41  0  0  1  3  3.401090e-01  1.000000e-07
 9  16 -1  0  0  3  2.879827e-01  1.000000e-07
 9  72 -1  0  0  3  3.250512e-01  1.000000e-07
 42  14  0  0  0  3  3.519232e-01  1.000000e-07
 42  34  0  0  0  3  2.199092e-01  1.000000e-07
 42  35  0  0  1  3  2.648962e-01  1.000000e-07
 42  28  0  0  1  3  2.981450e-01  1.000000e-07
 42  23  0  0  1  3  3.292488e-01  1.000000e-07
 10  16  0  0  0  3  2.898716e-01  1.000000e-07
 16  14  1  0  0  3  2.696914e-01  1.000000e-07
 72  36  0  0  1  3  6.088845e-01  1.000000e-07
 72  37  0  0  1  3  3.055658e-01  1.000000e-07
 34  35  0  0  1  3  2.548521e-01  1.000000e-07
 34  23  0  0  1  3  2.578112e-01  1.000000e-07
 34  36  0  1  1  3  3.794608e-01  1.000000e-07
 34  29  0  0  1  3  1.739162e-01  1.000000e-07
 34  18  0  1  1  3  3.634671e-01  1.000000e-07
 34  30  0  0  1  3  3.258085e-01  1.000000e-07
 35  19 -1  0  0  3  3.914784e-01  1.000000e-07
 35  23  0  0  0  3  1.902500e-01  1.000000e-07
 35  22 -1  0  0  3  4.028286e-01  1.000000e-07
 35  27  0  0  0  3  2.178634e-01  1.000000e-07
 35  51  0  0  0  3  3.483468e-01  1.000000e-07
 35  30  0  0  0  3  2.762803e-01  1.000000e-07
 19  22  0  0  0  3  9.945665e-02  1.000000e-07
 19  38  0  0  0  3  6.123462e-02  1.000000e-07
 19  51  1  0  0  3  5.072870e-01  1.000000e-07
 28  23  0  0  0  3  3.911461e-01  1.000000e-07
 28  24  0  0  0  3  3.365408e-01  1.000000e-07
 28  27  0  0  0  3  3.765982e-01  1.000000e-07
 28  21  0  0  0  3  3.930612e-01  1.000000e-07
 23  36  0  1  0  3  3.102198e-01  1.000000e-07
 23  29  0  0  0  3  1.736973e-01  1.000000e-07
 23  40  0  0  0  3  3.739550e-01  1.000000e-07
 23  27  0  0  0  3  6.705064e-02  1.000000e-07
 23  30  0  0  0  3  1.343775e-01  1.000000e-07
 36  26  0 -1  0  3  3.301405e-01  1.000000e-07
 36  18  0  0  0  3  1.965086e-01  1.000000e-07
 36  41  0  0  0  3  2.523417e-01  1.000000e-07
 36  43  0  0  0  3  2.043167e-01  1.000000e-07
 24  38  0  0  0  3  2.903957e-01  1.000000e-07
 24  39  0  0  0  3  3.194674e-01  1.000000e-07
 24  27  0  0  0  3  4.033087e-01  1.000000e-07
 37  29  1 -1  0  3  6.483491e-01  1.000000e-07
 37  38  0  0  0  3  3.742607e-01  1.000000e-07
 37  18  1  0  0  3  4.783811e-01  1.000000e-07
 37  21  0  0  0  3  2.387742e-01  1.000000e-07
 22  29  1  0  0  3  4.385100e-01  1.000000e-07
 22  20  0  1  0  3  6.647309e-01  1.000000e-07
 22  38  0  0  0  3  9.939940e-02  1.000000e-07
 22  39  0  1  0  3  5.010068e-01  1.000000e-07
 26  38  0  0  0  3  2.823725e-01  1.000000e-07
 26  39  0  1  0  3  3.815004e-01  1.000000e-07
 26  40  0  0  0  3  1.550771e-01  1.000000e-07
 26  43  0  1  0  3  3.647328e-01  1.000000e-07
 29  20 -1  1  0  3  7.218760e-01  1.000000e-07
 29  38 -1  0  0  3  4.329931e-01  1.000000e-07
 29  18  0  1  0  3  3.494166e-01  1.000000e-07
 29  21 -1  1  0  3  7.130623e-01  1.000000e-07
 29  30  0  0  0  3  2.099196e-01  1.000000e-07
 20  38  0  0  0  3  2.519719e-01  1.000000e-07
 20  39  0  0  0  3  3.665326e-01  1.000000e-07
 20  40  0  0  0  3  3.018327e-01  1.000000e-07
 20  30  1 -1  0  3  7.080875e-01  1.000000e-07
 20  43  1  0  0  3  6.813534e-01  1.000000e-07
 38  21  0  0  0  3  3.245437e-01  1.000000e-07
 39  32  0 -1 -1  3  5.712653e-01  1.000000e-07
 39  41  0  0  0  3  3.050314e-01  1.000000e-07
 39  21  0  0  0  3  2.753482e-01  1.000000e-07
 39  43  0  0  0  3  1.361392e-01  1.000000e-07
 18  51  0 -1  0  3  4.095693e-01  1.000000e-07
 18  41  0  0  0  3  1.104671e-01  1.000000e-07
 18  30  0 -1  0  3  3.062157e-01  1.000000e-07
 18  43  0  0  0  3  2.850956e-01  1.000000e-07
 40  27  0  0  0  3  3.297063e-01  1.000000e-07
 40  21  0  0  0  3  3.193804e-01  1.000000e-07
 27  51  0  0  0  3  1.970909e-01  1.000000e-07
 27  30  0  0  0  3  1.497390e-01  1.000000e-07
 51  30  0  0  0  3  1.372816e-01  1.000000e-07
 51  43  0  1  0  3  3.012993e-01  1.000000e-07
 41  43  0  0  0  3  3.023408e-01  1.000000e-07
 21  22  0 -1  0  3  6.317940e-01  1.000000e-07
 30  43  0  1  0  3  2.951856e-01  1.000000e-07
 52  45  0  0  0  3  2.798765e-01  1.000000e-07
 50  26  0  0  0  3  2.346801e-01  1.000000e-07
 9  89  0  0  0  3  2.588281e-01  1.000000e-07
 44  51  0  0  0  3  2.493575e-01  1.000000e-07
 16  70  0  0  0  3  3.030284e-01  1.000000e-07
 62  24  0  0  0  3  1.850403e-01  1.000000e-07
 10  69  0  0  0  3  2.230154e-01  1.000000e-07
 50  40  0  0  0  3  1.897573e-01  1.000000e-07
 9  66  0  0  0  3  2.434856e-01  1.000000e-07
 57  24  0  0  0  3  3.398513e-01  1.000000e-07
 9  78  0  0  0  3  1.617790e-01  1.000000e-07
 57  27  0  0  0  3  3.519385e-01  1.000000e-07
 72  73  0  0  0  3  3.385530e-01  1.000000e-07
 64  24  0  0  0  3  1.948185e-01  1.000000e-07
 25  48  0  0  0  3  4.271924e-01  1.000000e-07
 47  51  0  0  0  3  1.484527e-01  1.000000e-07
 10  69  0  0  0  3  2.599914e-01  1.000000e-07
 49  26  0  0  0  3  2.088348e-01  1.000000e-07
 17  81  0 -1  0  3  4.313294e-01  1.000000e-07
 63  22  0  0  0  3  2.112966e-01  1.000000e-07
 32  77  0  0  0  3  3.647183e-01  1.000000e-07
 63  19  0  0  0  3  1.300906e-01  1.000000e-07
 52  86  0  0  0  3  2.159749e-01  1.000000e-07
 56  24  0  0  0  3  1.768945e-01  1.000000e-07
 11  48  0  0  0  3  3.865821e-01  1.000000e-07
 44  51  0  0  0  3  1.144084e-01  1.000000e-07
 9  85  0  0  0  3  1.326968e-01  1.000000e-07
 57  28  0  0  0  3  4.187717e-01  1.000000e-07
 8  48  0 -1  0  3  2.852674e-01  1.000000e-07
 68  51  0  0  0  3  1.868717e-01  1.000000e-07
 11  71 -1  0  0  3  4.788290e-01  1.000000e-07
 77  19  0  0  0  3  1.512333e-01  1.000000e-07
 9  71 -1  0  0  3  1.974273e-01  1.000000e-07
 53  19  0  0  0  3  2.029873e-01  1.000000e-07
 10  62  0  0  0  3  2.827456e-01  1.000000e-07
 63  19  0  0  0  3  1.634130e-01  1.000000e-07
 9  84  0  0  0  3  3.372193e-01  1.000000e-07
 82  51  0 -1  0  3  3.248804e-01  1.000000e-07
 10  70  0  0  0  3  2.077484e-01  1.000000e-07
 86  24  0  0  0  3  1.629981e-01  1.000000e-07
 87  84  0  0  0  3  4.510146e-01  1.000000e-07
 79  51  0 -1  0  3  1.630226e-01  1.000000e-07
 72  2  0  0  0  3  2.875707e-01  1.000000e-07
 53  20  0  0  0  3  2.214137e-01  1.000000e-07
 17  58  0  0  0  3  3.101795e-01  1.000000e-07
 55  20  0  0  0  3  2.374411e-01  1.000000e-07
 52  56  0  0  0  3  2.452049e-01  1.000000e-07
 50  40  0  0  0  3  2.178004e-01  1.000000e-07
 17  84  1  0  0  3  4.515404e-01  1.000000e-07
 82  51  0 -1  0  3  1.783111e-01  1.000000e-07
 25  49  0  0  0  3  3.467317e-01  1.000000e-07
 69  26  0  0  0  3  1.787153e-01  1.000000e-07
 8  63  0 -1  0  3  2.444757e-01  1.000000e-07
 68  22  0  0  0  3  1.986684e-01  1.000000e-07
 14  89  0  0  0  3  2.894453e-01  1.000000e-07
 44  51  0  0  0  3  2.305460e-01  1.000000e-07
 87  6  0  0  0  3  3.497885e-01  1.000000e-07
 61  43  0  0  0  3  2.064094e-01  1.000000e-07
 14  71 -1  0  0  3  2.210532e-01  1.000000e-07
 53  19  0  0  0  3  1.879051e-01  1.000000e-07
 53  44  1  0  0  2  3.997614e-01  2.000000e-07
 53  4  0  0  0  2  3.939096e-01  2.000000e-07
 53  77  0  0  0  2  1.609407e-01  2.000000e-07
 53  78  1  0  0  2  4.054931e-01  2.000000e-07
 53  69  0  0  0  2  3.067957e-01  2.000000e-07
 53  2  0  0  0  2  2.580651e-02  2.000000e-07
 53  56  0  0  0  2  3.104178e-01  2.000000e-07
 53  81  0  0  0  2  3.230347e-01  2.000000e-07
 53  59  0  0  0  2  4.878372e-01  2.000000e-07
 53  7  1  0  0  2  4.735201e-01  2.000000e-07
 53  76  0  0  0  2  2.946104e-01  2.000000e-07
 53  71  0  0  0  2  1.862313e-01  2.000000e-07
 53  62  0  0  0  2  7.342047e-02  2.000000e-07
 53  63  0  0  0  2  2.438187e-01  2.000000e-07
 53  64  0  0  0  2  2.580848e-01  2.000000e-07
 53  50  0  0  0  2  3.404749e-01  2.000000e-07
 53  85  1  0  0  2  3.318255e-01  2.000000e-07
 53  86  0  0  0  2  3.080046e-01  2.000000e-07
 53  66  1  0  0  2  4.391798e-01  2.000000e-07
 5  88  0  0  0  2  1.515866e-01  2.000000e-07
 5  79  0  0  0  2  1.060756e-01  2.000000e-07
 5  55 -1  0  0  2  3.144572e-01  2.000000e-07
 5  67  0  0  0  2  3.127018e-01  2.000000e-07
 5  82  0  0  0  2  2.106418e-01  2.000000e-07
 5  7  0  0  0  2  1.136381e-01  2.000000e-07
 5  60  0  0  0  2  3.559340e-01  2.000000e-07
 5  84  0  0  0  2  1.812142e-01  2.000000e-07
 5  61  0  0  0  2  9.947837e-02  2.000000e-07
 5  65  0  0  0  2  2.118462e-01  2.000000e-07
 5  85  0  0  0  2  2.457664e-01  2.000000e-07
 73  88  0  0  0  2  2.932910e-01  2.000000e-07
 73  77  0  0  0  2  3.647903e-01  2.000000e-07
 73  55  0  0  0  2  3.276806e-01  2.000000e-07
 73  45  0  0  0  2  3.198322e-01  2.000000e-07
 73  70  0  0  0  2  1.518198e-01  2.000000e-07
 73  0  0  0  0  2  1.432079e-01  2.000000e-07
 73  58  0  0  0  2  2.531677e-01  2.000000e-07
 73  67  0  0  0  2  8.762634e-02  2.000000e-07
 73  1  0  0  0  2  4.669211e-02  2.000000e-07
 73  76  0  0  0  2  1.162478e-01  2.000000e-07
 73  61  0  0  0  2  3.148522e-01  2.000000e-07
 73  62  0  0  0  2  2.046392e-01  2.000000e-07
 73  65  0  0  0  2  2.891449e-01  2.000000e-07
 44  77 -1  0  0  2  3.293866e-01  2.000000e-07
 44  78  0  0  0  2  1.972569e-01  2.000000e-07
 44  47  0  0  0  2  2.922764e-01  2.000000e-07
 44  89  0  0  0  2  3.538593e-02  2.000000e-07
 44  80  0  1  0  2  4.107427e-01  2.000000e-07
 44  48  0  0  0  2  2.649391e-01  2.000000e-07
 44  82  0  1  0  2  3.691362e-01  2.000000e-07
 44  59 -1  1  0  2  3.801315e-01  2.000000e-07
 44  83  0  0  0  2  1.521181e-01  2.000000e-07
 44  84  0  1  0  2  3.535101e-01  2.000000e-07
 44  49  0  0  0  2  3.434139e-01  2.000000e-07
 44  71 -1  0  0  2  2.389006e-01  2.000000e-07
 44  50  0  0  0  2  3.542196e-01  2.000000e-07
 44  66  0  0  0  2  2.376181e-01  2.000000e-07
 54  68  0 -1  0  2  1.861475e-01  2.000000e-07
 54  77  0 -1  0  2  3.731782e-01  2.000000e-07
 54  3  0  0  0  2  2.062692e-01  2.000000e-07
 54  74  0  0  0  2  1.444185e-01  2.000000e-07
 54  79  0  0  0  2  3.529357e-01  2.000000e-07
 54  69  0 -1  0  2  3.442794e-01  2.000000e-07
 54  80  0  0  0  2  2.561109e-01  2.000000e-07
 54  58  0  0  0  2  2.612757e-01  2.000000e-07
 54  81  0 -1  0  2  3.558052e-01  2.000000e-07
 54  59  0  0  0  2  2.795936e-01  2.000000e-07
 54  75  0  0  0  2  2.765592e-01  2.000000e-07
 54  60  0  0  0  2  1.091652e-01  2.000000e-07
 54  76  0  0  0  2  2.380501e-01  2.000000e-07
 54  63  0 -1  0  2  2.779467e-01  2.000000e-07
 54  64  0  0  0  2  3.245373e-01  2.000000e-07
 54  50  0 -1  0  2  4.211175e-01  2.000000e-07
 88  55 -1  0  0  2  4.095376e-01  2.000000e-07
 88  45  0  0  0  2  3.113206e-01  2.000000e-07
 88  70  0  0  0  2  2.974398e-01  2.000000e-07
 88  57  0  0  0  2  2.029571e-01  2.000000e-07
 88  67  0  0  0  2  2.109435e-01  2.000000e-07
 88  46  0  0  0  2  3.458847e-01  2.000000e-07
 88  7  0  0  0  2  1.027584e-01  2.000000e-07
 88  83  0  0  0  2  2.860694e-01  2.000000e-07
 88  84  0  0  0  2  3.325856e-01  2.000000e-07
 88  61  0  0  0  2  1.397029e-01  2.000000e-07
 88  65  0  0  0  2  2.404779e-01  2.000000e-07
 88  85  0  0  0  2  2.334538e-01  2.000000e-07
 88  86  0  0  0  2  2.056090e-01  2.000000e-07
 4  3  0  0  0  2  7.154888e-02  2.000000e-07
 4  74  0  0  0  2  6.984476e-02  2.000000e-07
 4  80  0  0  0  2  4.295048e-01  2.000000e-07
 4  58  0  0  0  2  8.040012e-02  2.000000e-07
 4  82  1  0  0  2  2.715586e-01  2.000000e-07
 4  59  0  0  0  2  1.332456e-01  2.000000e-07
 4  7  1  0  0  2  4.693173e-01  2.000000e-07
 4  75  0  0  0  2  3.881195e-01  2.000000e-07
 4  76  0  0  0  2  1.949261e-01  2.000000e-07
 4  62  0  0  0  2  4.264273e-01  2.000000e-07
 4  64  0  0  0  2  2.956366e-01  2.000000e-07
 4  85  1  0  0  2  4.288558e-01  2.000000e-07
 68  77  0  0  0  2  3.263196e-01  2.000000e-07
 68  74  0  1  0  2  3.297717e-01  2.000000e-07
 68  70  0  0  0  2  3.587035e-01  2.000000e-07
 68  80  0  1  0  2  2.362146e-01  2.000000e-07
 68  0  0  1  0  2  3.749173e-01  2.000000e-07
 68  48  0  0  0  2  1.822133e-01  2.000000e-07
 68  46  0  0  0  2  2.054710e-01  2.000000e-07
 68  75  0  1  0  2  3.441415e-01  2.000000e-07
 68  60  0  1  0  2  1.529638e-01  2.000000e-07
 68  49  0  0  0  2  1.504534e-01  2.000000e-07
 68  63  0  0  0  2  1.994811e-01  2.000000e-07
 68  65  0  1  0  2  2.916468e-01  2.000000e-07
 77  3  0  1  0  2  3.844748e-01  2.000000e-07
 77  47  0  0  0  2  3.862422e-01  2.000000e-07
 77  74  0  1  0  2  4.458581e-01  2.000000e-07
 77  55  0  0  0  2  4.440272e-01  2.000000e-07
 77  89  1  0  0  2  3.361811e-01  2.000000e-07
 77  69  0  0  0  2  2.691547e-01  2.000000e-07
 77  45  0  0  0  2  3.460369e-01  2.000000e-07
 77  70  0  0  0  2  2.777445e-01  2.000000e-07
 77  57  1  0  0  2  4.228305e-01  2.000000e-07
 77  58  0  1  0  2  5.262323e-01  2.000000e-07
 77  81  0  0  0  2  1.825658e-01  2.000000e-07
 77  82  1  1  0  2  5.016632e-01  2.000000e-07
 77  46  0  0  0  2  3.663490e-01  2.000000e-07
 77  60  0  1  0  2  4.326219e-01  2.000000e-07
 77  83  1  0  0  2  4.373360e-01  2.000000e-07
 77  84  1  1  0  2  5.237863e-01  2.000000e-07
 77  71  0  0  0  2  9.446403e-02  2.000000e-07
 77  62  0  0  0  2  1.602707e-01  2.000000e-07
 77  63  0  0  0  2  1.275646e-01  2.000000e-07
 77  50  0  0  0  2  3.379792e-01  2.000000e-07
 77  85  1  0  0  2  3.937495e-01  2.000000e-07
 3  80  0  0  0  2  4.551391e-01  2.000000e-07
 3  58  0  0  0  2  1.450340e-01  2.000000e-07
 3  81  0 -1  0  2  2.676255e-01  2.000000e-07
 3  82  1  0  0  2  2.404406e-01  2.000000e-07
 3  59  0  0  0  2  7.766040e-02  2.000000e-07
 3  84  1  0  0  2  2.929405e-01  2.000000e-07
 3  63  0 -1  0  2  3.529604e-01  2.000000e-07
 78  69  0  0  0  2  3.689611e-01  2.000000e-07
 78  6  0  0  0  2  3.450651e-01  2.000000e-07
 78  56  0  0  0  2  2.863872e-01  2.000000e-07
 78  48  0  0  0  2  3.639110e-01  2.000000e-07
 78  59 -1  0  0  2  5.674992e-01  2.000000e-07
 78  7  0  0  0  2  2.078975e-01  2.000000e-07
 78  83  0  0  0  2  9.022857e-02  2.000000e-07
 78  49  0  0  0  2  3.317904e-01  2.000000e-07
 78  71 -1  0  0  2  3.225589e-01  2.000000e-07
 78  50  0  0  0  2  2.876209e-01  2.000000e-07
 78  85  0  0  0  2  1.406024e-01  2.000000e-07
 78  86  0  0  0  2  2.935503e-01  2.000000e-07
 78  66  0  0  0  2  4.537082e-02  2.000000e-07
 47  54  0  1  0  2  3.587488e-01  2.000000e-07
 47  79  0  1  0  2  4.267061e-01  2.000000e-07
 47  69  0  0  0  2  1.218802e-01  2.000000e-07
 47  45  0  0  0  2  1.038764e-01  2.000000e-07
 47  48  0  0  0  2  1.557123e-01  2.000000e-07
 47  46  0  0  0  2  5.281706e-02  2.000000e-07
 47  60  0  1  0  2  3.049304e-01  2.000000e-07
 47  83  0  0  0  2  2.133764e-01  2.000000e-07
 47  84  0  1  0  2  4.528320e-01  2.000000e-07
 47  50  0  0  0  2  1.120027e-01  2.000000e-07
 74  55  0  0  0  2  2.337163e-01  2.000000e-07
 74  89  1 -1  0  2  5.810718e-01  2.000000e-07
 74  2  0  0  0  2  3.880534e-01  2.000000e-07
 74  80  0  0  0  2  3.601599e-01  2.000000e-07
 74  0  0  0  0  2  1.365584e-01  2.000000e-07
 74  58  0  0  0  2  1.168588e-01  2.000000e-07
 74  59  0  0  0  2  1.925178e-01  2.000000e-07
 74  75  0  0  0  2  3.206837e-01  2.000000e-07
 74  60  0  0  0  2  2.327745e-01  2.000000e-07
 74  1  0  0  0  2  2.224243e-01  2.000000e-07
 74  71  0 -1  0  2  4.762401e-01  2.000000e-07
 74  63  0 -1  0  2  3.814308e-01  2.000000e-07
 74  64  0  0  0  2  2.563137e-01  2.000000e-07
 74  65  0  0  0  2  3.030609e-01  2.000000e-07
 79  44  0 -1  0  2  4.548437e-01  2.000000e-07
 79  6  0  0  0  2  7.513727e-02  2.000000e-07
 79  80  0  0  0  2  1.219252e-01  2.000000e-07
 79  48  0 -1  0  2  2.759890e-01  2.000000e-07
 79  67  0  0  0  2  2.939459e-01  2.000000e-07
 79  82  0  0  0  2  2.383676e-01  2.000000e-07
 79  59 -1  0  0  2  4.064060e-01  2.000000e-07
 79  7  0  0  0  2  2.118164e-01  2.000000e-07
 79  75  0  0  0  2  1.227420e-01  2.000000e-07
 79  60  0  0  0  2  2.541755e-01  2.000000e-07
 79  84  0  0  0  2  1.893711e-01  2.000000e-07
 79  76  0  0  0  2  3.649850e-01  2.000000e-07
 79  64  0  0  0  2  3.488687e-01  2.000000e-07
 55  89  1 -1  0  2  5.941852e-01  2.000000e-07
 55  89  1  0  0  2  4.884253e-01  2.000000e-07
 55  2  0  0  0  2  3.031843e-01  2.000000e-07
 55  70  0  0  0  2  4.314921e-01  2.000000e-07
 55  57  1  0  0  2  3.473066e-01  2.000000e-07
 55  0  0  0  0  2  2.863036e-01  2.000000e-07
 55  58  0  0  0  2  1.213241e-01  2.000000e-07
 55  48  1 -1  0  2  5.670178e-01  2.000000e-07
 55  82  1  0  0  2  2.161145e-01  2.000000e-07
 55  59  0  0  0  2  2.063063e-01  2.000000e-07
 55  84  1  0  0  2  2.642592e-01  2.000000e-07
 55  1  0  0  0  2  3.019788e-01  2.000000e-07
 55  61  1  0  0  2  4.138657e-01  2.000000e-07
 55  71  0  0  0  2  4.178634e-01  2.000000e-07
 55  62  0  0  0  2  3.577190e-01  2.000000e-07
 55  85  1  0  0  2  2.513676e-01  2.000000e-07
 89  57  0  0  0  2  2.075058e-01  2.000000e-07
 89  58 -1  1  0  2  5.987232e-01  2.000000e-07
 89  81 -1  0  0  2  2.356187e-01  2.000000e-07
 89  48  0  0  0  2  2.763812e-01  2.000000e-07
 89  46  0  0  0  2  2.983157e-01  2.000000e-07
 89  59 -1  1  0  2  4.142254e-01  2.000000e-07
 89  83  0  0  0  2  1.221742e-01  2.000000e-07
 89  84  0  1  0  2  3.872878e-01  2.000000e-07
 89  49  0  0  0  2  3.342956e-01  2.000000e-07
 89  61  0  1  0  2  5.571931e-01  2.000000e-07
 89  71 -1  0  0  2  2.430422e-01  2.000000e-07
 89  65  0  1  0  2  5.341381e-01  2.000000e-07
 89  85  0  0  0  2  2.662588e-01  2.000000e-07
 89  66  0  0  0  2  2.026235e-01  2.000000e-07
 69  2  0  0  0  2  2.941744e-01  2.000000e-07
 69  70  0  0  0  2  1.867921e-01  2.000000e-07
 69  56  0  0  0  2  1.807859e-01  2.000000e-07
 69  80  0  1  0  2  3.892486e-01  2.000000e-07
 69  81  0  0  0  2  4.151417e-01  2.000000e-07
 69  48  0  0  0  2  2.590496e-01  2.000000e-07
 69  49  0  0  0  2  7.313311e-02  2.000000e-07
 69  62  0  0  0  2  2.366770e-01  2.000000e-07
 69  63  0  0  0  2  1.670366e-01  2.000000e-07
 69  50  0  0  0  2  8.681142e-02  2.000000e-07
 69  86  0  0  0  2  2.039111e-01  2.000000e-07
 45  70  0  0  0  2  1.785715e-01  2.000000e-07
 45  67  0  0  0  2  3.130492e-01  2.000000e-07
 45  46  0  0  0  2  5.135888e-02  2.000000e-07
 45  83  0  0  0  2  2.229920e-01  2.000000e-07
 45  62  0  0  0  2  2.770362e-01  2.000000e-07
 45  50  0  0  0  2  1.012183e-02  2.000000e-07
 45  86  0  0  0  2  1.474215e-01  2.000000e-07
 2  70  0  0  0  2  1.823161e-01  2.000000e-07
 2  56  0  0  0  2  2.871421e-01  2.000000e-07
 2  57  1  0  0  2  4.175084e-01  2.000000e-07
 2  59  0  0  0  2  4.842273e-01  2.000000e-07
 2  1  0  0  0  2  2.300047e-01  2.000000e-07
 2  71  0  0  0  2  2.090333e-01  2.000000e-07
 2  63  0  0  0  2  2.458312e-01  2.000000e-07
 2  64  0  0  0  2  2.339081e-01  2.000000e-07
 2  66  1  0  0  2  4.626259e-01  2.000000e-07
 70  56  0  0  0  2  1.049911e-01  2.000000e-07
 70  57  0  0  0  2  4.006371e-01  2.000000e-07
 70  46  0  0  0  2  2.280512e-01  2.000000e-07
 70  75  0  0  0  2  3.535268e-01  2.000000e-07
 70  1  0  0  0  2  1.984695e-01  2.000000e-07
 70  49  0  0  0  2  2.453854e-01  2.000000e-07
 70  61  0  0  0  2  3.788038e-01  2.000000e-07
 70  71  0  0  0  2  3.527930e-01  2.000000e-07
 70  62  0  0  0  2  1.401622e-01  2.000000e-07
 70  63  0  0  0  2  2.576471e-01  2.000000e-07
 6  56  0  0  0  2  3.380998e-01  2.000000e-07
 6  80  0  0  0  2  1.872550e-01  2.000000e-07
 6  57  0  0  0  2  3.026765e-01  2.000000e-07
 6  67  0  0  0  2  2.525267e-01  2.000000e-07
 6  82  0  0  0  2  2.643807e-01  2.000000e-07
 6  59 -1  0  0  2  4.307586e-01  2.000000e-07
 6  7  0  0  0  2  1.463715e-01  2.000000e-07
 6  75  0  0  0  2  1.180634e-01  2.000000e-07
 6  61  0  0  0  2  3.126231e-02  2.000000e-07
 6  64  0  0  0  2  3.138253e-01  2.000000e-07
 6  86  0  0  0  2  3.183394e-01  2.000000e-07
 6  66  0  0  0  2  3.062833e-01  2.000000e-07
 56  57  0  0  0  2  2.964960e-01  2.000000e-07
 56  75  0  0  0  2  3.291372e-01  2.000000e-07
 56  1  0  0  0  2  2.540984e-01  2.000000e-07
 56  49  0  0  0  2  2.106077e-01  2.000000e-07
 56  61  0  0  0  2  3.301161e-01  2.000000e-07
 56  64  0  0  0  2  2.183484e-01  2.000000e-07
 56  50  0  0  0  2  1.159569e-01  2.000000e-07
 56  86  0  0  0  2  2.537593e-02  2.000000e-07
 56  66  0  0  0  2  2.504241e-01  2.000000e-07
 80  47  0 -1  0  2  3.179202e-01  2.000000e-07
 80  48  0 -1  0  2  1.800224e-01  2.000000e-07
 80  82  0  0  0  2  3.108875e-01  2.000000e-07
 80  59 -1  0  0  2  4.684660e-01  2.000000e-07
 80  59  0  0  0  2  5.315354e-01  2.000000e-07
 80  75  0  0  0  2  1.474642e-01  2.000000e-07
 80  60  0  0  0  2  1.483464e-01  2.000000e-07
 80  61  0  0  0  2  1.711840e-01  2.000000e-07
 80  63  0 -1  0  2  4.323558e-01  2.000000e-07
 80  65  0  0  0  2  1.032033e-01  2.000000e-07
 57  46  0  0  0  2  3.156074e-01  2.000000e-07
 57  59 -1  0  0  2  5.183227e-01  2.000000e-07
 57  75  0  0  0  2  3.896350e-01  2.000000e-07
 57  49  0  0  0  2  3.702452e-01  2.000000e-07
 57  61  0  0  0  2  3.226275e-01  2.000000e-07
 57  71 -1  0  0  2  3.362046e-01  2.000000e-07
 57  85  0  0  0  2  9.619564e-02  2.000000e-07
 57  66  0  0  0  2  4.993344e-02  2.000000e-07
 0  58  0  0  0  2  1.742376e-01  2.000000e-07
 0  67  0  0  0  2  1.568048e-01  2.000000e-07
 0  75  0  0  0  2  2.221212e-01  2.000000e-07
 0  60  0  0  0  2  2.346245e-01  2.000000e-07
 0  1  0  0  0  2  9.712084e-02  2.000000e-07
 0  76  0  0  0  2  3.507861e-02  2.000000e-07
 0  65  0  0  0  2  2.251014e-01  2.000000e-07
 58  60  0  0  0  2  3.450318e-01  2.000000e-07
 58  84  1  0  0  2  3.355870e-01  2.000000e-07
 58  76  0  0  0  2  1.657508e-01  2.000000e-07
 58  62  0  0  0  2  3.520891e-01  2.000000e-07
 58  85  1  0  0  2  3.671691e-01  2.000000e-07
 81  44  1  0  0  2  2.118571e-01  2.000000e-07
 81  48  1  0  0  2  4.254922e-01  2.000000e-07
 81  82  1  1  0  2  3.243872e-01  2.000000e-07
 81  59  0  1  0  2  2.398161e-01  2.000000e-07
 81  84  1  1  0  2  3.424390e-01  2.000000e-07
 81  71  0  0  0  2  1.424082e-01  2.000000e-07
 81  63  0  0  0  2  2.482581e-01  2.000000e-07
 81  50  0  0  0  2  4.957101e-01  2.000000e-07
 48  46  0  0  0  2  2.081100e-01  2.000000e-07
 48  59 -1  1  0  2  4.669327e-01  2.000000e-07
 48  49  0  0  0  2  1.888491e-01  2.000000e-07
 48  61  0  1  0  2  3.421180e-01  2.000000e-07
 48  65  0  1  0  2  2.800474e-01  2.000000e-07
 48  50  0  0  0  2  2.677076e-01  2.000000e-07
 48  66  0  0  0  2  3.780117e-01  2.000000e-07
 67  7  0  0  0  2  3.118803e-01  2.000000e-07
 67  60  0  0  0  2  3.175739e-01  2.000000e-07
 67  76  0  0  0  2  1.476761e-01  2.000000e-07
 67  62  0  0  0  2  2.750308e-01  2.000000e-07
 67  64  0  0  0  2  6.552213e-02  2.000000e-07
 67  65  0  0  0  2  2.197356e-01  2.000000e-07
 67  86  0  0  0  2  1.670506e-01  2.000000e-07
 82  58 -1  0  0  2  2.805579e-01  2.000000e-07
 82  59 -1  0  0  2  1.683866e-01  2.000000e-07
 82  7  0  0  0  2  2.840995e-01  2.000000e-07
 82  84  0  0  0  2  5.567727e-02  2.000000e-07
 82  85  0  0  0  2  3.367250e-01  2.000000e-07
 46  60  0  1  0  2  3.474120e-01  2.000000e-07
 46  83  0  0  0  2  2.081103e-01  2.000000e-07
 46  84  0  1  0  2  5.023907e-01  2.000000e-07
 46  49  0  0  0  2  5.624230e-02  2.000000e-07
 46  62  0  0  0  2  3.162528e-01  2.000000e-07
 46  65  0  1  0  2  4.565017e-01  2.000000e-07
 46  85  0  0  0  2  4.116618e-01  2.000000e-07
 59  7  1  0  0  2  4.244426e-01  2.000000e-07
 59  61  1  0  0  2  4.565575e-01  2.000000e-07
 59  71  0 -1  0  2  3.784034e-01  2.000000e-07
 59  63  0 -1  0  2  3.812443e-01  2.000000e-07
 59  64  0  0  0  2  4.272632e-01  2.000000e-07
 59  66  1  0  0  2  5.602340e-01  2.000000e-07
 7  83  0  0  0  2  2.847204e-01  2.000000e-07
 7  85  0  0  0  2  1.499961e-01  2.000000e-07
 7  86  0  0  0  2  2.963545e-01  2.000000e-07
 75  1  0  0  0  2  2.442560e-01  2.000000e-07
 75  61  0  0  0  2  8.685647e-02  2.000000e-07
 75  64  0  0  0  2  2.301414e-01  2.000000e-07
 75  65  0  0  0  2  5.291794e-02  2.000000e-07
 75  66  0  0  0  2  3.807232e-01  2.000000e-07
 60  84  0  0  0  2  4.034139e-01  2.000000e-07
 60  76  0  0  0  2  2.696040e-01  2.000000e-07
 60  65  0  0  0  2  1.545652e-01  2.000000e-07
 83  84  0  1  0  2  4.711382e-01  2.000000e-07
 83  50  0  0  0  2  2.315561e-01  2.000000e-07
 83  85  0  0  0  2  2.302251e-01  2.000000e-07
 83  86  0  0  0  2  2.795906e-01  2.000000e-07
 84  61  0  0  0  2  2.469688e-01  2.000000e-07
 84  65  0  0  0  2  3.084572e-01  2.000000e-07
 84  85  0  0  0  2  3.489246e-01  2.000000e-07
 1  61  0  0  0  2  3.100994e-01  2.000000e-07
 1  64  0  0  0  2  3.808020e-02  2.000000e-07
 1  65  0  0  0  2  2.669029e-01  2.000000e-07
 76  62  0  0  0  2  2.949212e-01  2.000000e-07
 76  64  0  0  0  2  1.030638e-01  2.000000e-07
 76  65  0  0  0  2  2.515779e-01  2.000000e-07
 76  86  0  0  0  2  2.989337e-01  2.000000e-07
 49  80  0  1  0  2  3.332326e-01  2.000000e-07
 49  63  0  0  0  2  2.210523e-01  2.000000e-07
 49  50  0  0  0  2  9.507684e-02  2.000000e-07
 49  66  0  0  0  2  3.219970e-01  2.000000e-07
 61  65  0  0  0  2  1.205602e-01  2.000000e-07
 71  63  0  0  0  2  2.170439e-01  2.000000e-07
 71  66  1  0  0  2  3.660830e-01  2.000000e-07
 62  64  0  0  0  2  2.340265e-01  2.000000e-07
 62  50  0  0  0  2  2.670650e-01  2.000000e-07
 62  85  1  0  0  2  4.051364e-01  2.000000e-07
 62  86  0  0  0  2  2.425497e-01  2.000000e-07
 64  86  0  0  0  2  1.960857e-01  2.000000e-07
 50  86  0  0  0  2  1.413058e-01  2.000000e-07
 85  76 -1  0  0  2  4.817747e-01  2.000000e-07
 53  55  0  0  0  1  3.005450e-01  3.000000e-07
 53  71  0  0  0  1  1.862313e-01  3.000000e-07
 53  62  0  0  0  1  7.342047e-02  3.000000e-07
 53  85  1  0  0  1  3.318255e-01  3.000000e-07
 5  79  0  0  0  1  1.060756e-01  3.000000e-07
 5  55 -1  0  0  1  3.144572e-01  3.000000e-07
 5  6  0  0  0  1  6.835909e-02  3.000000e-07
 5  82  0  0  0  1  2.106418e-01  3.000000e-07
 5  7  0  0  0  1  1.136381e-01  3.000000e-07
 5  84  0  0  0  1  1.812142e-01  3.000000e-07
 73  2  0  0  0  1  2.044735e-01  3.000000e-07
 73  70  0  0  0  1  1.518198e-01  3.000000e-07
 73  67  0  0  0  1  8.762634e-02  3.000000e-07
 73  62  0  0  0  1  2.046392e-01  3.000000e-07
 44  48  0  0  0  1  2.649391e-01  3.000000e-07
 44  83  0  0  0  1  1.521181e-01  3.000000e-07
 44  84  0  1  0  1  3.535101e-01  3.000000e-07
 44  71 -1  0  0  1  2.389006e-01  3.000000e-07
 54  68  0 -1  0  1  1.861475e-01  3.000000e-07
 54  3  0  0  0  1  2.062692e-01  3.000000e-07
 54  74  0  0  0  1  1.444185e-01  3.000000e-07
 54  0  0  0  0  1  2.053864e-01  3.000000e-07
 54  60  0  0  0  1  1.091652e-01  3.000000e-07
 54  63  0 -1  0  1  2.779467e-01  3.000000e-07
 88  6  0  0  0  1  1.334376e-01  3.000000e-07
 88  7  0  0  0  1  1.027584e-01  3.000000e-07
 88  75  0  0  0  1  1.900382e-01  3.000000e-07
 88  61  0  0  0  1  1.397029e-01  3.000000e-07
 88  86  0  0  0  1  2.056090e-01  3.000000e-07
 88  66  0  0  0  1  1.906960e-01  3.000000e-07
 4  3  0  0  0  1  7.154888e-02  3.000000e-07
 4  74  0  0  0  1  6.984476e-02  3.000000e-07
 4  58  0  0  0  1  8.040012e-02  3.000000e-07
 68  47  0  0  0  1  1.730302e-01  3.000000e-07
 68  69  0  0  0  1  1.751884e-01  3.000000e-07
 68  60  0  1  0  1  1.529638e-01  3.000000e-07
 68  49  0  0  0  1  1.504534e-01  3.000000e-07
 68  63  0  0  0  1  1.994811e-01  3.000000e-07
 77  81  0  0  0  1  1.825658e-01  3.000000e-07
 77  71  0  0  0  1  9.446403e-02  3.000000e-07
 77  62  0  0  0  1  1.602707e-01  3.000000e-07
 77  63  0  0  0  1  1.275646e-01  3.000000e-07
 3  74  0  0  0  1  1.178261e-01  3.000000e-07
 3  81  0 -1  0  1  2.676255e-01  3.000000e-07
 3  59  0  0  0  1  7.766040e-02  3.000000e-07
 3  63  0 -1  0  1  3.529604e-01  3.000000e-07
 78  89  0  0  0  1  1.619083e-01  3.000000e-07
 78  57  0  0  0  1  5.164200e-02  3.000000e-07
 78  83  0  0  0  1  9.022857e-02  3.000000e-07
 78  85  0  0  0  1  1.406024e-01  3.000000e-07
 47  48  0  0  0  1  1.557123e-01  3.000000e-07
 47  46  0  0  0  1  5.281706e-02  3.000000e-07
 47  83  0  0  0  1  2.133764e-01  3.000000e-07
 47  49  0  0  0  1  5.150433e-02  3.000000e-07
 74  0  0  0  0  1  1.365584e-01  3.000000e-07
 74  58  0  0  0  1  1.168588e-01  3.000000e-07
 74  76  0  0  0  1  1.533670e-01  3.000000e-07
 79  6  0  0  0  1  7.513727e-02  3.000000e-07
 79  80  0  0  0  1  1.219252e-01  3.000000e-07
 79  75  0  0  0  1  1.227420e-01  3.000000e-07
 79  61  0  0  0  1  7.523121e-02  3.000000e-07
 79  65  0  0  0  1  1.247352e-01  3.000000e-07
 55  2  0  0  0  1  3.031843e-01  3.000000e-07
 55  82  1  0  0  1  2.161145e-01  3.000000e-07
 55  59  0  0  0  1  2.063063e-01  3.000000e-07
 55  85  1  0  0  1  2.513676e-01  3.000000e-07
 89  83  0  0  0  1  1.221742e-01  3.000000e-07
 89  71 -1  0  0  1  2.430422e-01  3.000000e-07
 69  45  0  0  0  1  9.068297e-02  3.000000e-07
 69  46  0  0  0  1  9.751472e-02  3.000000e-07
 69  49  0  0  0  1  7.313311e-02  3.000000e-07
 69  62  0  0  0  1  2.366770e-01  3.000000e-07
 69  50  0  0  0  1  8.681142e-02  3.000000e-07
 45  56  0  0  0  1  1.220487e-01  3.000000e-07
 45  46  0  0  0  1  5.135888e-02  3.000000e-07
 45  83  0  0  0  1  2.229920e-01  3.000000e-07
 2  58  0  0  0  1  3.078784e-01  3.000000e-07
 2  1  0  0  0  1  2.300047e-01  3.000000e-07
 2  62  0  0  0  1  5.751823e-02  3.000000e-07
 70  56  0  0  0  1  1.049911e-01  3.000000e-07
 70  67  0  0  0  1  1.797986e-01  3.000000e-07
 70  62  0  0  0  1  1.401622e-01  3.000000e-07
 70  50  0  0  0  1  1.688752e-01  3.000000e-07
 70  86  0  0  0  1  1.025401e-01  3.000000e-07
 6  7  0  0  0  1  1.463715e-01  3.000000e-07
 56  50  0  0  0  1  1.159569e-01  3.000000e-07
 56  66  0  0  0  1  2.504241e-01  3.000000e-07
 80  48  0 -1  0  1  1.800224e-01  3.000000e-07
 80  84  0  0  0  1  2.553968e-01  3.000000e-07
 80  65  0  0  0  1  1.032033e-01  3.000000e-07
 57  7  0  0  0  1  1.609054e-01  3.000000e-07
 57  85  0  0  0  1  9.619564e-02  3.000000e-07
 0  67  0  0  0  1  1.568048e-01  3.000000e-07
 0  75  0  0  0  1  2.221212e-01  3.000000e-07
 0  60  0  0  0  1  2.346245e-01  3.000000e-07
 0  1  0  0  0  1  9.712084e-02  3.000000e-07
 0  64  0  0  0  1  1.248191e-01  3.000000e-07
 0  65  0  0  0  1  2.251014e-01  3.000000e-07
 58  59  0  0  0  1  1.844977e-01  3.000000e-07
 58  1  0  0  0  1  2.160348e-01  3.000000e-07
 58  76  0  0  0  1  1.657508e-01  3.000000e-07
 81  44  1  0  0  1  2.118571e-01  3.000000e-07
 81  82  1  1  0  1  3.243872e-01  3.000000e-07
 81  84  1  1  0  1  3.424390e-01  3.000000e-07
 81  71  0  0  0  1  1.424082e-01  3.000000e-07
 81  63  0  0  0  1  2.482581e-01  3.000000e-07
 48  60  0  1  0  1  2.308195e-01  3.000000e-07
 48  83  0  0  0  1  2.738050e-01  3.000000e-07
 48  84  0  1  0  1  3.031391e-01  3.000000e-07
 67  75  0  0  0  1  1.815142e-01  3.000000e-07
 67  64  0  0  0  1  6.552213e-02  3.000000e-07
 67  86  0  0  0  1  1.670506e-01  3.000000e-07
 82  59 -1  0  0  1  1.683866e-01  3.000000e-07
 82  84  0  0  0  1  5.567727e-02  3.000000e-07
 46  83  0  0  0  1  2.081103e-01  3.000000e-07
 59  81  0 -1  0  1  2.398161e-01  3.000000e-07
 7  85  0  0  0  1  1.499961e-01  3.000000e-07
 7  66  0  0  0  1  1.756988e-01  3.000000e-07
 75  61  0  0  0  1  8.685647e-02  3.000000e-07
 75  65  0  0  0  1  5.291794e-02  3.000000e-07
 60  65  0  0  0  1  1.545652e-01  3.000000e-07
 83  66  0  0  0  1  1.091934e-01  3.000000e-07
 1  76  0  0  0  1  6.962347e-02  3.000000e-07
 71  85  1  0  0  1  3.194976e-01  3.000000e-07
 62  63  0  0  0  1  2.021251e-01  3.000000e-07
 86  66  0  0  0  1  2.552195e-01  3.000000e-07
 1.629592e-01 -2.423835e-01  0
 1.519674e-01 -1.458867e-01  0
 2.809323e-01  4.456075e-02  0
 3.575877e-01 -4.017553e-01  0
 3.253293e-01 -3.378911e-01  0
-2.393825e-01 -2.356294e-01  0
-1.713117e-01 -2.419011e-01  0
-2.572341e-01 -1.234023e-01  0
 1.070552e-01 -4.235137e-01  1.698086e-01
-4.402230e-01  2.082209e-02  1.154623e-01
 3.278437e-02  6.043418e-02  2.054050e-01
-3.460745e-01  3.747174e-01  3.758677e-01
 3.456948e-01 -5.746702e-02  3.309218e-01
-4.494737e-01 -1.788876e-02  4.173537e-01
-4.477228e-01  2.379382e-02  1.396562e-01
 2.815522e-01  1.308023e-02  3.977773e-01
 3.130720e-01  1.526413e-02  2.639203e-01
 4.092208e-01 -2.206364e-01  2.816887e-01
-2.343379e-01 -3.158732e-01 -4.329106e-01
 2.983825e-01  2.136073e-01 -1.187140e-01
 2.817334e-01 -3.009005e-02 -2.156315e-01
 2.010876e-01 -7.879827e-02 -2.750225e-01
 2.816291e-01  3.097287e-01 -1.379916e-01
-2.300499e-01  3.223452e-01 -3.091901e-01
 7.335214e-02  2.251713e-02 -1.611595e-01
 1.165632e-02  1.472944e-01  3.201007e-01
 3.544664e-02  3.478351e-01 -1.649889e-01
-2.087541e-01  2.963242e-01 -2.511799e-01
-1.813039e-01 -6.180696e-02 -3.643823e-01
-3.715600e-01  3.643994e-01 -4.007165e-01
-2.492000e-01  4.404633e-01 -2.480452e-01
 6.133577e-02 -1.712082e-02  3.825340e-01
 2.427583e-01  4.081737e-01  3.328231e-01
-1.822295e-01 -7.681539e-02  3.491872e-01
-2.967430e-01  3.482017e-01  4.431205e-01
-3.881000e-01  2.258545e-01 -3.528338e-01
-7.897698e-02 -4.114853e-01 -3.598564e-01
 3.750128e-01 -3.975610e-02 -4.338900e-01
 2.863965e-01  2.190893e-01 -1.785134e-01
 1.527745e-02 -2.799298e-01 -2.460865e-01
 9.923620e-02  2.068242e-01 -1.747731e-01
-2.047587e-01 -2.101866e-01 -4.454959e-01
-2.753176e-01  1.298950e-01  4.275258e-01
-9.973249e-02 -3.138150e-01 -1.816008e-01
-3.568889e-01  2.676684e-01  0
-2.561520e-02  1.735511e-01  0
-4.850134e-02  2.195289e-01  0
-6.462044e-02  2.698262e-01  0
-1.331916e-01  4.096272e-01  0
-1.349963e-02  2.635525e-01  0
-1.682439e-02  1.685338e-01  0
-2.432195e-01  4.307604e-01 -1.112375e-01
-8.746740e-02  3.167550e-03  1.967637e-01
 3.043251e-01  5.545806e-02  0
 1.564932e-01 -4.476681e-01  0
 4.472983e-01 -2.089015e-01  0
-6.083520e-03  5.307541e-02  0
-3.017726e-01  3.121613e-02  0
 3.364714e-01 -2.582668e-01  0
 4.341467e-01 -4.147882e-01  0
 4.733377e-02 -4.465388e-01  0
-1.407192e-01 -2.483377e-01  0
 2.347129e-01  7.879690e-02  0
 2.070113e-01  2.790147e-01  0
 1.200034e-01 -1.251887e-01  0
-4.683562e-02 -3.239725e-01  0
-2.565064e-01  5.229496e-02  0
 5.459502e-02 -1.290479e-01  0
 4.879318e-02  4.005044e-01  0
 4.884151e-02  2.253159e-01  0
 9.861762e-02  4.527804e-02  0
 4.119215e-01  2.074617e-01  0
 3.275726e-01 -1.361706e-01  2.800608e-01
 1.377493e-01 -1.014120e-01  0
 2.556481e-01 -3.426680e-01  0
-5.716881e-02 -2.720732e-01  0
 1.777323e-01 -2.105674e-01  0
 3.178290e-01  2.158312e-01  0
-2.910337e-01  8.172922e-02  0
-1.713779e-01 -3.170383e-01  0
-9.738805e-02 -4.139468e-01  0
 4.461465e-01  3.456962e-01  0
-4.046014e-01 -3.662920e-01  0
-2.482636e-01  1.611767e-01  0
-3.503662e-01 -3.788817e-01  0
-3.752694e-01 -3.084691e-02  0
-2.449605e-03  2.796103e-02  0
-2.816821e-01 -1.220101e-01  3.077470e-01
-1.554326e-01 -1.094117e-01  0
-3.464731e-01  2.338501e-01  0