 717  90  1.200000e-05  71 -2 -2
 21  24  0  0  0  3  3.199049e-01  1.000000e-07
 21  30  1  0  0  3  2.717729e-01  1.000000e-07
 21  23  0  0  0  3  3.353462e-01  1.000000e-07
 21  28  0  0  0  3  3.526364e-01  1.000000e-07
 21  22  0  0  0  3  3.864307e-01  1.000000e-07
 21  34  0  0  1  3  2.493485e-01  1.000000e-07
 21  32  0  0  1  3  3.037690e-01  1.000000e-07
 21  50  0  0  1  3  3.167813e-01  1.000000e-07
 24  29  0  0  0  3  2.871877e-01  1.000000e-07
 24  23  0  0  0  3  4.684734e-02  1.000000e-07
 24  20  0 -1  0  3  3.261123e-01  1.000000e-07
 24  26  0  0  0  3  1.622843e-01  1.000000e-07
 24  22  0 -1  0  3  5.343143e-01  1.000000e-07
 24  77  0  0  0  3  3.435945e-01  1.000000e-07
 24  37  0  0  1  3  3.680473e-01  1.000000e-07
 24  50  0  0  1  3  4.454227e-01  1.000000e-07
 29  16  0 -1  0  3  3.891331e-01  1.000000e-07
 29  23  0  0  0  3  3.033381e-01  1.000000e-07
 29  25  1  0  0  3  5.575903e-01  1.000000e-07
 29  77  0  0  0  3  1.710296e-01  1.000000e-07
 29  34  0  0  1  3  3.675512e-01  1.000000e-07
 29  11  1 -1  1  3  5.307189e-01  1.000000e-07
 29  13  1 -1  1  3  5.506917e-01  1.000000e-07
 30  29 -1  0  0  3  3.935409e-01  1.000000e-07
 30  17  0  0  0  3  2.906346e-01  1.000000e-07
 30  53  0  0  0  3  4.189922e-01  1.000000e-07
 30  18  0  0  0  3  7.609459e-02  1.000000e-07
 30  27  0  0  0  3  1.583172e-01  1.000000e-07
 30  77 -1  0  0  3  3.266997e-01  1.000000e-07
 30  49  0  0  1  3  4.298111e-01  1.000000e-07
 30  15  0  0  1  3  2.666957e-01  1.000000e-07
 47  16 -1  0  0  3  4.848053e-01  1.000000e-07
 47  36  0  0  0  3  2.377838e-01  1.000000e-07
 47  53  0  1  0  3  4.511242e-01  1.000000e-07
 47  18  0  0  0  3  1.956822e-01  1.000000e-07
 47  27  0  0  0  3  2.088333e-01  1.000000e-07
 47  11  0  0  1  3  3.184812e-01  1.000000e-07
 47  15  0  0  1  3  3.519983e-01  1.000000e-07
 47  13  0  0  1  3  2.934177e-01  1.000000e-07
 16  53  1  1  0  3  4.868003e-01  1.000000e-07
 16  27  1  0  0  3  4.738113e-01  1.000000e-07
 23  25  0  0  0  3  2.842942e-01  1.000000e-07
 23  53  0  0  0  3  4.823292e-01  1.000000e-07
 23  26  0  0  0  3  1.447348e-01  1.000000e-07
 23  77  0  0  0  3  3.380459e-01  1.000000e-07
 17  36  0  0  0  3  3.013113e-01  1.000000e-07
 17  19  0  0  0  3  9.973976e-02  1.000000e-07
 17  53  0  0  0  3  4.379572e-01  1.000000e-07
 17  18  0  0  0  3  2.355657e-01  1.000000e-07
 17  28  0  0  0  3  4.340601e-01  1.000000e-07
 17  26  0  0  0  3  2.371666e-01  1.000000e-07
 17  37  0  0  1  3  4.111509e-01  1.000000e-07
 17  31  0  0  1  3  3.880937e-01  1.000000e-07
 25  36  0 -1  0  3  3.119917e-01  1.000000e-07
 25  20  0 -1  0  3  4.394124e-01  1.000000e-07
 25  26  0  0  0  3  2.994255e-01  1.000000e-07
 25  22  0 -1  0  3  5.198764e-01  1.000000e-07
 25  37  0  0  1  3  3.118881e-01  1.000000e-07
 25  38  0  0  1  3  2.891425e-01  1.000000e-07
 25  39  0 -1  1  3  5.172567e-01  1.000000e-07
 36  18  0  0  0  3  3.324099e-01  1.000000e-07
 36  20  0  0  0  3  4.658095e-01  1.000000e-07
 36  27  0  0  0  3  3.679935e-01  1.000000e-07
 36  11  0  0  1  3  3.505057e-01  1.000000e-07
 19  18  0  0  0  3  2.888622e-01  1.000000e-07
 19  28  0  0  0  3  4.286131e-01  1.000000e-07
 19  27  0  0  0  3  3.311689e-01  1.000000e-07
 53  18  0  0  0  3  4.234931e-01  1.000000e-07
 53  20  0 -1  0  3  6.240893e-01  1.000000e-07
 18  27  0  0  0  3  1.183043e-01  1.000000e-07
 18  77 -1  0  0  3  3.492787e-01  1.000000e-07
 18  48  0  0  1  3  3.882960e-01  1.000000e-07
 20  77  0  1  0  3  4.238417e-01  1.000000e-07
 28  27  1  0  0  3  3.358336e-01  1.000000e-07
 28  22  0  0  0  3  2.145770e-01  1.000000e-07
 28  31  0  0  1  3  3.787175e-01  1.000000e-07
 26  37  0  0  1  3  4.037433e-01  1.000000e-07
 26  31  0  0  1  3  4.678493e-01  1.000000e-07
 26  38  0  0  1  3  4.005619e-01  1.000000e-07
 26  50  0  0  1  3  4.707267e-01  1.000000e-07
 27  21 -1  0  0  3  3.297938e-01  1.000000e-07
 22  34  0  0  1  3  4.294305e-01  1.000000e-07
 22  39  0  0  1  3  4.550747e-01  1.000000e-07
 22  33  0  0  1  3  3.569692e-01  1.000000e-07
 22  35  0  0  1  3  4.674378e-01  1.000000e-07
 9  37  0  0  0  3  2.458763e-01  1.000000e-07
 9  38  0  0  0  3  2.462996e-01  1.000000e-07
 9  50  0  0  0  3  4.072214e-01  1.000000e-07
 9  39  0 -1  0  3  3.729667e-01  1.000000e-07
 9  52  0 -1  0  3  3.610529e-01  1.000000e-07
 34  11  1 -1  0  3  6.198933e-01  1.000000e-07
 34  38  0  0  0  3  2.548680e-01  1.000000e-07
 34  49  1  0  0  3  3.334330e-01  1.000000e-07
 34  32  0  0  0  3  2.030999e-01  1.000000e-07
 34  15  1  0  0  3  3.287985e-01  1.000000e-07
 34  50  0  0  0  3  1.424436e-01  1.000000e-07
 40  48  0  0  0  3  1.741509e-01  1.000000e-07
 40  49  0  0  0  3  3.377483e-01  1.000000e-07
 40  50  0  0  0  3  5.646489e-01  1.000000e-07
 40  51  0  0  0  3  2.281207e-01  1.000000e-07
 37  31  0  0  0  3  3.042855e-01  1.000000e-07
 37  38  0  0  0  3  5.337179e-02  1.000000e-07
 37  48  0  0  0  3  4.713364e-01  1.000000e-07
 37  14  0  0  0  3  4.178292e-01  1.000000e-07
 31  12  0  0  0  3  3.211354e-01  1.000000e-07
 31  48  0  0  0  3  4.400531e-01  1.000000e-07
 31  50  0  0  0  3  1.430339e-01  1.000000e-07
 31  14  0  0  0  3  1.607055e-01  1.000000e-07
 31  39  0  0  0  3  3.107266e-01  1.000000e-07
 11  48  0  0  0  3  2.973850e-01  1.000000e-07
 11  14  0  0  0  3  3.928627e-01  1.000000e-07
 11  51  0  0  0  3  1.172547e-01  1.000000e-07
 11  13  0  0  0  3  1.569226e-01  1.000000e-07
 11  52  0  0  0  3  3.431091e-01  1.000000e-07
 38  32  0  0  0  3  1.124223e-01  1.000000e-07
 38  50  0  0  0  3  2.361760e-01  1.000000e-07
 38  39  0 -1  0  3  4.957266e-01  1.000000e-07
 38  10  0  0  0  3  2.937912e-01  1.000000e-07
 12  15  1  0  0  3  3.046212e-01  1.000000e-07
 12  14  0  0  0  3  3.765863e-01  1.000000e-07
 12  51  1  0  0  3  3.339952e-01  1.000000e-07
 12  39  0  0  0  3  3.092372e-01  1.000000e-07
 12  13  1  0  0  3  2.395791e-01  1.000000e-07
 12  33  0  0  0  3  1.044525e-01  1.000000e-07
 12  35  0  0  0  3  2.457680e-01  1.000000e-07
 48  15  0  0  0  3  1.653006e-01  1.000000e-07
 48  14  0  0  0  3  3.634570e-01  1.000000e-07
 48  51  0  0  0  3  2.459946e-01  1.000000e-07
 48  13  0  0  0  3  2.376644e-01  1.000000e-07
 49  15  0  0  0  3  2.126738e-01  1.000000e-07
 49  51  0 -1  0  3  5.387537e-01  1.000000e-07
 49  10 -1  0  0  3  3.292110e-01  1.000000e-07
 49  33 -1  0  0  3  3.536355e-01  1.000000e-07
 32  50  0  0  0  3  2.467857e-01  1.000000e-07
 32  39  0 -1  0  3  4.976802e-01  1.000000e-07
 32  10  0  0  0  3  2.847161e-01  1.000000e-07
 32  13  1 -1  0  3  5.907454e-01  1.000000e-07
 32  35  0 -1  0  3  4.194242e-01  1.000000e-07
 15  10 -1  0  0  3  3.375198e-01  1.000000e-07
 15  13  0  0  0  3  2.564781e-01  1.000000e-07
 15  33 -1  0  0  3  2.813048e-01  1.000000e-07
 50  22  0  0 -1  3  3.855410e-01  1.000000e-07
 50  33  0  0  0  3  2.722407e-01  1.000000e-07
 14  32  0  1  0  3  5.315979e-01  1.000000e-07
 14  39  0  0  0  3  2.484052e-01  1.000000e-07
 14  35  0  0  0  3  4.409195e-01  1.000000e-07
 14  52  0  0  0  3  2.576230e-01  1.000000e-07
 51  13  0  0  0  3  1.464274e-01  1.000000e-07
 51  35 -1  0  0  3  4.230988e-01  1.000000e-07
 51  52  0  0  0  3  3.133226e-01  1.000000e-07
 39  33  0  0  0  3  3.180073e-01  1.000000e-07
 10  33  0  0  0  3  2.147161e-01  1.000000e-07
 10  52  0  0  0  3  4.649014e-01  1.000000e-07
 13  35 -1  0  0  3  3.886056e-01  1.000000e-07
 33  35  0  0  0  3  3.199722e-01  1.000000e-07
 19  62  0  0  0  3  2.852816e-01  1.000000e-07
 68  49  0  0  0  3  2.420654e-01  1.000000e-07
 16  84  0  0  0  3  1.886859e-01  1.000000e-07
 67  52  0  0  0  3  2.363778e-01  1.000000e-07
 16  84  0  0  0  3  1.682858e-01  1.000000e-07
 67  39  0  0  0  3  2.177716e-01  1.000000e-07
 77  60  0  0  0  3  3.230785e-01  1.000000e-07
 69  35  0 -1  0  3  2.044444e-01  1.000000e-07
 77  73  1  0  0  3  2.264119e-01  1.000000e-07
 78  49  0  0  0  3  2.072951e-01  1.000000e-07
 23  54  0  0  0  3  2.568991e-01  1.000000e-07
 63  10  0  0  0  3  3.000930e-01  1.000000e-07
 20  84  0  0  0  3  1.548211e-01  1.000000e-07
 86  9  0  1  0  3  2.698853e-01  1.000000e-07
 26  63  0  0  0  3  2.621809e-01  1.000000e-07
 64  10  0  0  0  3  3.072781e-01  1.000000e-07
 53  84 -1 -1  0  3  3.198082e-01  1.000000e-07
 76  35  0  0  0  3  2.133037e-01  1.000000e-07
 20  84  0  0  0  3  1.306201e-01  1.000000e-07
 67  39  0  0  0  3  2.382066e-01  1.000000e-07
 36  82  0  0  0  3  3.845453e-01  1.000000e-07
 45  40  0  0  0  3  1.180255e-01  1.000000e-07
 77  2  0  0  0  3  2.312332e-01  1.000000e-07
 74  10  0  0  0  3  2.918537e-01  1.000000e-07
 16  76  0  0  0  3  1.815171e-01  1.000000e-07
 84  33  0  0  0  3  2.780029e-01  1.000000e-07
 53  42  0  0  0  3  2.682425e-01  1.000000e-07
 88  9  0  0  0  3  2.451384e-01  1.000000e-07
 19  55  0  0  0  3  2.948902e-01  1.000000e-07
 44  52  0  0  0  3  2.399830e-01  1.000000e-07
 20  84  0  0  0  3  1.471779e-01  1.000000e-07
 86  52  0  0  0  3  2.598366e-01  1.000000e-07
 28  56  0  0  0  3  2.753137e-01  1.000000e-07
 70  10  0  0  0  3  2.929641e-01  1.000000e-07
 20  84  0  0  0  3  1.079974e-01  1.000000e-07
 67  35  0  0  0  3  1.374001e-01  1.000000e-07
 47  41  0  0  0  3  3.933052e-01  1.000000e-07
 83  40  0  0  0  3  1.129818e-01  1.000000e-07
 16  65  1  0  0  3  3.412671e-01  1.000000e-07
 59  40  0  0  0  3  2.548795e-01  1.000000e-07
 23  57  0  0  0  3  2.415647e-01  1.000000e-07
 80  9  0  0  0  3  1.938448e-01  1.000000e-07
 28  76  0  0  0  3  2.559781e-01  1.000000e-07
 56  12  0  0  0  3  2.516501e-01  1.000000e-07
 27  83  0  0  0  3  2.834497e-01  1.000000e-07
 41  40  0  0  0  3  1.214311e-01  1.000000e-07
 36  86  0  0  0  3  3.666978e-01  1.000000e-07
 43  52  0  0  0  3  1.887833e-01  1.000000e-07
 19  61  0  0  0  3  2.852953e-01  1.000000e-07
 58  10  0  0  0  3  3.337173e-01  1.000000e-07
 28  67  0  0  0  3  2.798976e-01  1.000000e-07
 75  39  0  0  0  3  2.140464e-01  1.000000e-07
 19  83  0  0  0  3  2.877819e-01  1.000000e-07
 55  40  0  0  0  3  1.396229e-01  1.000000e-07
 16  76  0  0  0  3  2.239573e-01  1.000000e-07
 84  51  1  0  0  3  3.683663e-01  1.000000e-07
 19  79  0  0  0  3  2.879466e-01  1.000000e-07
 66  9  0  0  0  3  2.313787e-01  1.000000e-07
 54  5  0  0  0  2  2.879568e-01  2.000000e-07
 54  74  0  0  0  2  2.176675e-01  2.000000e-07
 54  1  0  0  0  2  1.028372e-01  2.000000e-07
 54  80  0  0  0  2  2.454928e-01  2.000000e-07
 54  57  0  0  0  2  1.992998e-01  2.000000e-07
 54  3  0  0  0  2  2.396076e-01  2.000000e-07
 54  84  0 -1  0  2  4.309345e-01  2.000000e-07
 54  63  0  0  0  2  6.661004e-02  2.000000e-07
 54  64  0  0  0  2  5.561629e-02  2.000000e-07
 54  72  0  0  0  2  8.670581e-02  2.000000e-07
 54  73  1  0  0  2  3.863029e-01  2.000000e-07
 54  69  0  0  0  2  2.920011e-01  2.000000e-07
 54  70  0  0  0  2  2.211187e-01  2.000000e-07
 55  56  0  0  0  2  3.919989e-01  2.000000e-07
 55  41  0  0  0  2  2.276206e-01  2.000000e-07
 55  71  0  0  0  2  2.016034e-01  2.000000e-07
 55  44  0  0  0  2  8.353727e-02  2.000000e-07
 55  75  0  0  0  2  2.329826e-01  2.000000e-07
 55  81  0  1  0  2  4.963232e-01  2.000000e-07
 55  82  0  0  0  2  1.107537e-01  2.000000e-07
 55  83  0  0  0  2  1.400114e-01  2.000000e-07
 55  64  0  0  0  2  4.218334e-01  2.000000e-07
 55  7  0  0  0  2  6.725770e-02  2.000000e-07
 55  66  0  0  0  2  2.837724e-01  2.000000e-07
 55  68  0  0  0  2  3.918942e-01  2.000000e-07
 55  45  0  0  0  2  1.825949e-01  2.000000e-07
 55  78  0  0  0  2  2.983977e-01  2.000000e-07
 55  0  0  0  0  2  2.526388e-01  2.000000e-07
 79  71  0  0  0  2  2.567352e-01  2.000000e-07
 79  57  0  0  0  2  1.564626e-01  2.000000e-07
 79  44  0  0  0  2  4.500208e-01  2.000000e-07
 79  58  0  0  0  2  2.654311e-01  2.000000e-07
 79  60  0  0  0  2  3.791186e-01  2.000000e-07
 79  61  0  0  0  2  2.746366e-01  2.000000e-07
 79  81  0  0  0  2  1.808860e-01  2.000000e-07
 79  62  0  0  0  2  1.301074e-01  2.000000e-07
 79  42  0  0  0  2  1.470041e-01  2.000000e-07
 79  84  0 -1  0  2  4.248070e-01  2.000000e-07
 79  85  0 -1  0  2  3.350414e-01  2.000000e-07
 79  64  0  0  0  2  3.182660e-01  2.000000e-07
 79  66  0  0  0  2  8.425876e-02  2.000000e-07
 79  68  0  0  0  2  1.840349e-01  2.000000e-07
 79  69 -1  0  0  2  4.723912e-01  2.000000e-07
 79  43  0 -1  0  2  3.887663e-01  2.000000e-07
 79  8  0  0  0  2  5.489402e-02  2.000000e-07
 6  89  0  0  0  2  4.219029e-01  2.000000e-07
 6  80  0  0  0  2  3.131154e-01  2.000000e-07
 6  57  0  0  0  2  2.898242e-01  2.000000e-07
 6  58  0  0  0  2  1.153395e-01  2.000000e-07
 6  61  0  0  0  2  1.391649e-01  2.000000e-07
 6  62  0  0  0  2  1.412138e-01  2.000000e-07
 6  63  0  0  0  2  2.488371e-01  2.000000e-07
 6  86  0  0  0  2  3.716009e-01  2.000000e-07
 6  7  0  0  0  2  1.185428e-01  2.000000e-07
 6  66  0  0  0  2  1.165689e-01  2.000000e-07
 6  73  0  0  0  2  3.710686e-01  2.000000e-07
 6  67  0  0  0  2  2.924341e-01  2.000000e-07
 6  70  0  0  0  2  2.741320e-01  2.000000e-07
 6  8  0  0  0  2  2.120146e-01  2.000000e-07
 5  56  0 -1  0  2  5.751505e-01  2.000000e-07
 5  80  0  0  0  2  5.421669e-02  2.000000e-07
 5  59  1 -1  0  2  6.456196e-01  2.000000e-07
 5  60  0  0  0  2  2.814438e-01  2.000000e-07
 5  81  0  0  0  2  1.968811e-02  2.000000e-07
 5  82  0 -1  0  2  4.372268e-01  2.000000e-07
 5  84  0 -1  0  2  2.370004e-01  2.000000e-07
 5  63  0  0  0  2  2.534734e-01  2.000000e-07
 5  85  0 -1  0  2  2.425323e-01  2.000000e-07
 5  64  0  0  0  2  3.312964e-01  2.000000e-07
 5  86  0 -1  0  2  2.901256e-01  2.000000e-07
 5  66  0  0  0  2  2.648516e-01  2.000000e-07
 5  72  0  0  0  2  2.852500e-01  2.000000e-07
 5  87  0 -1  0  2  3.817699e-01  2.000000e-07
 5  67  0 -1  0  2  4.402212e-01  2.000000e-07
 5  88  0  0  0  2  2.080031e-01  2.000000e-07
 5  70  0 -1  0  2  5.872144e-01  2.000000e-07
 5  8  0  0  0  2  2.232880e-01  2.000000e-07
 56  74  0  0  0  2  2.821944e-01  2.000000e-07
 56  41  1  0  0  2  4.096264e-01  2.000000e-07
 56  1  0  0  0  2  1.775284e-01  2.000000e-07
 56  75  0  0  0  2  1.630943e-01  2.000000e-07
 56  59  1  0  0  2  3.962627e-01  2.000000e-07
 56  60  0  1  0  2  6.180058e-01  2.000000e-07
 56  81  0  1  0  2  5.802778e-01  2.000000e-07
 56  82  0  0  0  2  4.653085e-01  2.000000e-07
 56  64  0  0  0  2  2.067993e-01  2.000000e-07
 56  7  0  0  0  2  3.886133e-01  2.000000e-07
 56  66  0  0  0  2  4.221437e-01  2.000000e-07
 56  76  0  0  0  2  7.292430e-02  2.000000e-07
 56  72  0  1  0  2  6.752826e-01  2.000000e-07
 56  87  1  0  0  2  5.666324e-01  2.000000e-07
 56  67  0  0  0  2  1.635381e-01  2.000000e-07
 56  2  0  0  0  2  2.460178e-01  2.000000e-07
 56  78  1  0  0  2  3.194711e-01  2.000000e-07
 56  0  0  0  0  2  1.412873e-01  2.000000e-07
 56  46  1  0  0  2  5.161273e-01  2.000000e-07
 56  4  0  0  0  2  8.913423e-02  2.000000e-07
 56  70  0  0  0  2  7.374089e-02  2.000000e-07
 74  41  1  0  0  2  4.061335e-01  2.000000e-07
 74  1  0  0  0  2  1.590142e-01  2.000000e-07
 74  3  0  0  0  2  3.781593e-02  2.000000e-07
 74  59  1  0  0  2  4.701649e-01  2.000000e-07
 74  60  0  0  0  2  2.092549e-01  2.000000e-07
 74  83  1  0  0  2  4.129590e-01  2.000000e-07
 74  64  0  0  0  2  2.178941e-01  2.000000e-07
 74  65  1  0  0  2  4.300762e-01  2.000000e-07
 74  72  0  0  0  2  1.893846e-01  2.000000e-07
 74  73  1  0  0  2  1.789643e-01  2.000000e-07
 74  2  0  0  0  2  4.755825e-02  2.000000e-07
 74  68  1  0  0  2  3.193519e-01  2.000000e-07
 74  78  1  0  0  2  2.549615e-01  2.000000e-07
 41  59  0  0  0  2  1.191714e-01  2.000000e-07
 41  82  0  0  0  2  1.654638e-01  2.000000e-07
 41  83  0  0  0  2  9.589765e-02  2.000000e-07
 41  87  0  0  0  2  2.806197e-01  2.000000e-07
 41  45  0  0  0  2  1.279112e-01  2.000000e-07
 41  78  0  0  0  2  1.517522e-01  2.000000e-07
 41  46  0  0  0  2  2.529922e-01  2.000000e-07
 71  44  0  0  0  2  2.770319e-01  2.000000e-07
 71  75  0  0  0  2  1.545307e-01  2.000000e-07
 71  58  0  0  0  2  2.182995e-02  2.000000e-07
 71  60  0  0  0  2  3.996759e-01  2.000000e-07
 71  62  0  0  0  2  2.324141e-01  2.000000e-07
 71  64  0  0  0  2  2.216030e-01  2.000000e-07
 71  66  0  0  0  2  1.881336e-01  2.000000e-07
 71  68  0  0  0  2  3.739938e-01  2.000000e-07
 71  0  0  0  0  2  1.266186e-01  2.000000e-07
 71  4  0  0  0  2  1.968340e-01  2.000000e-07
 1  3  0  0  0  2  1.667879e-01  2.000000e-07
 1  59  1  0  0  2  5.024550e-01  2.000000e-07
 1  63  0  0  0  2  1.509979e-01  2.000000e-07
 1  64  0  0  0  2  6.982272e-02  2.000000e-07
 1  65  1  0  0  2  4.665981e-01  2.000000e-07
 1  72  0  0  0  2  1.485342e-01  2.000000e-07
 1  70  0  0  0  2  1.623560e-01  2.000000e-07
 89  44  0  0  0  2  1.782552e-01  2.000000e-07
 89  59  0  0  0  2  1.041956e-01  2.000000e-07
 89  62  0  0  0  2  4.663210e-01  2.000000e-07
 89  82  0  0  0  2  1.464870e-01  2.000000e-07
 89  85  0  0  0  2  2.048561e-01  2.000000e-07
 89  86  0  0  0  2  2.425704e-01  2.000000e-07
 89  7  0  0  0  2  3.034710e-01  2.000000e-07
 89  65  0  0  0  2  1.222766e-01  2.000000e-07
 89  73  0  1  0  2  5.039071e-01  2.000000e-07
 89  78  0  0  0  2  2.701173e-01  2.000000e-07
 89  46  0  0  0  2  1.571792e-01  2.000000e-07
 89  69 -1  1  0  2  4.282352e-01  2.000000e-07
 89  43  0  0  0  2  2.019553e-01  2.000000e-07
 89  8  0  1  0  2  4.832241e-01  2.000000e-07
 80  57  0  0  0  2  4.698918e-02  2.000000e-07
 80  62  0  0  0  2  2.809400e-01  2.000000e-07
 80  84  0 -1  0  2  2.830904e-01  2.000000e-07
 80  63  0  0  0  2  2.045952e-01  2.000000e-07
 80  85  0 -1  0  2  2.873173e-01  2.000000e-07
 80  86  0 -1  0  2  3.433813e-01  2.000000e-07
 80  72  0  0  0  2  2.557568e-01  2.000000e-07
 80  69  0  0  0  2  4.248582e-01  2.000000e-07
 80  8  0  0  0  2  1.952998e-01  2.000000e-07
 57  3  0  0  0  2  4.297829e-01  2.000000e-07
 57  58  0  0  0  2  2.968894e-01  2.000000e-07
 57  60  0  0  0  2  2.310533e-01  2.000000e-07
 57  61  0  0  0  2  2.915967e-01  2.000000e-07
 57  81  0  0  0  2  1.085852e-01  2.000000e-07
 57  62  0  0  0  2  2.793691e-01  2.000000e-07
 57  84  0 -1  0  2  3.083062e-01  2.000000e-07
 57  63  0  0  0  2  1.577521e-01  2.000000e-07
 57  85  0 -1  0  2  3.342910e-01  2.000000e-07
 57  2  0  0  0  2  3.658933e-01  2.000000e-07
 57  69  0  0  0  2  3.971781e-01  2.000000e-07
 44  75  0  0  0  2  2.718831e-01  2.000000e-07
 44  58  0  0  0  2  2.925803e-01  2.000000e-07
 44  81  0  1  0  2  4.307766e-01  2.000000e-07
 44  62  0  0  0  2  3.442954e-01  2.000000e-07
 44  42  0  1  0  2  4.341874e-01  2.000000e-07
 44  84  0  0  0  2  3.563003e-01  2.000000e-07
 44  86  0  0  0  2  1.572190e-01  2.000000e-07
 44  68  0  0  0  2  4.592585e-01  2.000000e-07
 44  45  0  0  0  2  1.070486e-01  2.000000e-07
 44  78  0  0  0  2  2.997791e-01  2.000000e-07
 44  46  0  0  0  2  3.251737e-01  2.000000e-07
 44  43  0  0  0  2  1.743356e-01  2.000000e-07
 75  58  0  0  0  2  1.455746e-01  2.000000e-07
 75  60  0  1  0  2  6.014451e-01  2.000000e-07
 75  81  0  1  0  2  4.857591e-01  2.000000e-07
 75  82  0  0  0  2  3.022797e-01  2.000000e-07
 75  84  0  0  0  2  2.748937e-01  2.000000e-07
 75  86  0  0  0  2  2.621909e-01  2.000000e-07
 75  76  0  0  0  2  2.048416e-01  2.000000e-07
 75  67  0  0  0  2  5.702428e-02  2.000000e-07
 75  0  0  0  0  2  5.092028e-02  2.000000e-07
 75  4  0  0  0  2  1.718823e-01  2.000000e-07
 75  43  0  0  0  2  3.281961e-01  2.000000e-07
 3  61  0  0  0  2  3.856704e-01  2.000000e-07
 3  62  1  0  0  2  3.906914e-01  2.000000e-07
 3  63  0  0  0  2  3.030725e-01  2.000000e-07
 3  65  1  0  0  2  3.922890e-01  2.000000e-07
 3  76  0  0  0  2  2.807755e-01  2.000000e-07
 3  73  1  0  0  2  1.795530e-01  2.000000e-07
 3  2  0  0  0  2  6.444464e-02  2.000000e-07
 3  78  1  0  0  2  2.182214e-01  2.000000e-07
 3  69  0  0  0  2  2.302103e-01  2.000000e-07
 3  70  0  0  0  2  2.924188e-01  2.000000e-07
 58  60  0  0  0  2  3.844901e-01  2.000000e-07
 58  61  0  0  0  2  2.651641e-02  2.000000e-07
 58  62  0  0  0  2  2.498884e-01  2.000000e-07
 58  86  0  0  0  2  3.534453e-01  2.000000e-07
 58  76  0  0  0  2  2.986612e-01  2.000000e-07
 58  67  0  0  0  2  2.025584e-01  2.000000e-07
 58  2  0  0  0  2  3.607251e-01  2.000000e-07
 58  0  0  0  0  2  1.121027e-01  2.000000e-07
 58  4  0  0  0  2  1.750964e-01  2.000000e-07
 59  82  0  0  0  2  2.362980e-01  2.000000e-07
 59  83  0  0  0  2  2.108020e-01  2.000000e-07
 59  84 -1  0  0  2  4.627069e-01  2.000000e-07
 59  85  0  0  0  2  2.978439e-01  2.000000e-07
 59  7  0  0  0  2  3.674581e-01  2.000000e-07
 59  65  0  0  0  2  4.055550e-02  2.000000e-07
 59  72 -1  1  0  2  5.621582e-01  2.000000e-07
 59  73  0  0  0  2  4.964570e-01  2.000000e-07
 59  73  0  1  0  2  5.036584e-01  2.000000e-07
 59  87  0  0  0  2  1.932055e-01  2.000000e-07
 59  67 -1  0  0  2  4.787665e-01  2.000000e-07
 59  69 -1  1  0  2  3.883304e-01  2.000000e-07
 59  70 -1  0  0  2  4.699095e-01  2.000000e-07
 59  8  0  1  0  2  5.358551e-01  2.000000e-07
 60  81  0  0  0  2  3.008964e-01  2.000000e-07
 60  84  0 -1  0  2  3.347255e-01  2.000000e-07
 60  64  0  0  0  2  1.977151e-01  2.000000e-07
 60  66  0  0  0  2  4.087693e-01  2.000000e-07
 60  72  0  0  0  2  6.256406e-02  2.000000e-07
 60  87  1 -1  0  2  4.370229e-01  2.000000e-07
 60  2  0  0  0  2  1.936510e-01  2.000000e-07
 60  68  1  0  0  2  4.461223e-01  2.000000e-07
 60  46  1 -1  0  2  4.179469e-01  2.000000e-07
 60  69  0  0  0  2  1.687226e-01  2.000000e-07
 60  4  0  0  0  2  3.111901e-01  2.000000e-07
 61  62  0  0  0  2  2.697998e-01  2.000000e-07
 61  63  0  0  0  2  1.771694e-01  2.000000e-07
 61  86  0  0  0  2  3.669916e-01  2.000000e-07
 61  76  0  0  0  2  2.787259e-01  2.000000e-07
 61  67  0  0  0  2  1.982503e-01  2.000000e-07
 61  70  0  0  0  2  1.364242e-01  2.000000e-07
 81  82  0 -1  0  2  4.252630e-01  2.000000e-07
 81  42  0  0  0  2  1.739750e-01  2.000000e-07
 81  84  0 -1  0  2  2.442000e-01  2.000000e-07
 81  64  0  0  0  2  3.453369e-01  2.000000e-07
 81  66  0  0  0  2  2.601118e-01  2.000000e-07
 81  72  0  0  0  2  3.036147e-01  2.000000e-07
 81  87  0 -1  0  2  3.624154e-01  2.000000e-07
 81  88  0  0  0  2  1.939993e-01  2.000000e-07
 81  45  0 -1  0  2  4.164975e-01  2.000000e-07
 81  43  0 -1  0  2  2.591498e-01  2.000000e-07
 62  85  0 -1  0  2  4.298835e-01  2.000000e-07
 62  86  0  0  0  2  4.809626e-01  2.000000e-07
 62  7  0  0  0  2  2.017016e-01  2.000000e-07
 62  65  0  0  0  2  4.690661e-01  2.000000e-07
 62  73  0  0  0  2  2.417201e-01  2.000000e-07
 62  78  0  0  0  2  3.255720e-01  2.000000e-07
 62  69 -1  0  0  2  4.274127e-01  2.000000e-07
 62  8  0  0  0  2  1.051178e-01  2.000000e-07
 82  83  0  0  0  2  1.202177e-01  2.000000e-07
 82  85  0  0  0  2  2.127562e-01  2.000000e-07
 82  86  0  0  0  2  1.618141e-01  2.000000e-07
 82  7  0  0  0  2  1.731078e-01  2.000000e-07
 82  87  0  0  0  2  2.931849e-01  2.000000e-07
 82  67  0  0  0  2  3.149360e-01  2.000000e-07
 82  45  0  0  0  2  7.533085e-02  2.000000e-07
 82  70  0  0  0  2  4.190534e-01  2.000000e-07
 42  84  0 -1  0  2  3.876830e-01  2.000000e-07
 42  85  0 -1  0  2  2.086993e-01  2.000000e-07
 42  66  0  0  0  2  2.189643e-01  2.000000e-07
 42  87  0 -1  0  2  2.351440e-01  2.000000e-07
 42  68  0  0  0  2  1.574255e-01  2.000000e-07
 42  88  0  0  0  2  8.196005e-02  2.000000e-07
 42  45  0 -1  0  2  3.778168e-01  2.000000e-07
 42  46  0 -1  0  2  2.858365e-01  2.000000e-07
 42  43  0 -1  0  2  2.700862e-01  2.000000e-07
 83  7  0  0  0  2  1.618928e-01  2.000000e-07
 83  65  0  0  0  2  1.892246e-01  2.000000e-07
 83  66  0  0  0  2  3.437388e-01  2.000000e-07
 83  73  0  0  0  2  3.622018e-01  2.000000e-07
 83  68  0  0  0  2  3.796983e-01  2.000000e-07
 83  45  0  0  0  2  1.336904e-01  2.000000e-07
 83  78  0  0  0  2  1.699083e-01  2.000000e-07
 84  85  0  0  0  2  2.847372e-01  2.000000e-07
 84  86  0  0  0  2  2.151189e-01  2.000000e-07
 84  65  1  0  0  2  4.651079e-01  2.000000e-07
 84  76  0  0  0  2  3.119982e-01  2.000000e-07
 84  72  0  1  0  2  3.789706e-01  2.000000e-07
 84  67  0  0  0  2  2.214082e-01  2.000000e-07
 84  46  1  0  0  2  4.861004e-01  2.000000e-07
 84  69  0  1  0  2  4.092771e-01  2.000000e-07
 84  43  0  0  0  2  2.559943e-01  2.000000e-07
 63  64  0  0  0  2  8.288151e-02  2.000000e-07
 63  7  0  0  0  2  3.591374e-01  2.000000e-07
 63  66  0  0  0  2  2.382571e-01  2.000000e-07
 63  72  0  0  0  2  1.405634e-01  2.000000e-07
 63  70  0  0  0  2  2.211501e-01  2.000000e-07
 63  8  0  0  0  2  2.931687e-01  2.000000e-07
 85  86  0  0  0  2  1.284809e-01  2.000000e-07
 85  73  0  1  0  2  4.506290e-01  2.000000e-07
 85  87  0  0  0  2  1.957070e-01  2.000000e-07
 85  68  0  1  0  2  3.500596e-01  2.000000e-07
 85  46  0  0  0  2  2.336423e-01  2.000000e-07
 85  69 -1  1  0  2  4.627666e-01  2.000000e-07
 85  43  0  0  0  2  6.437269e-02  2.000000e-07
 85  8  0  1  0  2  3.281833e-01  2.000000e-07
 64  7  0  0  0  2  3.851646e-01  2.000000e-07
 64  66  0  0  0  2  3.049636e-01  2.000000e-07
 64  72  0  0  0  2  1.351842e-01  2.000000e-07
 64  2  0  0  0  2  1.711618e-01  2.000000e-07
 64  0  0  0  0  2  2.201299e-01  2.000000e-07
 64  4  0  0  0  2  1.217364e-01  2.000000e-07
 64  70  0  0  0  2  1.656425e-01  2.000000e-07
 86  7  0  0  0  2  2.793945e-01  2.000000e-07
 86  67  0  0  0  2  2.438958e-01  2.000000e-07
 86  43  0  0  0  2  6.688832e-02  2.000000e-07
 7  65  0  0  0  2  3.499091e-01  2.000000e-07
 7  66  0  0  0  2  2.171273e-01  2.000000e-07
 7  73  0  0  0  2  3.749598e-01  2.000000e-07
 7  67  0  0  0  2  2.831095e-01  2.000000e-07
 7  70  0  0  0  2  3.242884e-01  2.000000e-07
 7  8  0  0  0  2  2.993083e-01  2.000000e-07
 65  76 -1  0  0  2  3.013341e-01  2.000000e-07
 65  73  0  0  0  2  4.569965e-01  2.000000e-07
 65  67 -1  0  0  2  4.622662e-01  2.000000e-07
 65  78  0  0  0  2  1.947512e-01  2.000000e-07
 65  46  0  0  0  2  1.932141e-01  2.000000e-07
 65  69 -1  1  0  2  4.231215e-01  2.000000e-07
 65  70 -1  0  0  2  4.424806e-01  2.000000e-07
 66  73  0  0  0  2  3.133994e-01  2.000000e-07
 66  68  0  0  0  2  1.963078e-01  2.000000e-07
 66  88  0  0  0  2  1.387048e-01  2.000000e-07
 66  78  0  0  0  2  3.964631e-01  2.000000e-07
 66  0  0  0  0  2  3.132442e-01  2.000000e-07
 66  8  0  0  0  2  9.758488e-02  2.000000e-07
 76  67  0  0  0  2  1.846215e-01  2.000000e-07
 76  2  0  0  0  2  2.777712e-01  2.000000e-07
 76  78  1  0  0  2  2.805147e-01  2.000000e-07
 76  46  1  0  0  2  4.433766e-01  2.000000e-07
 76  69  0  1  0  2  5.452147e-01  2.000000e-07
 76  4  0  0  0  2  1.606737e-01  2.000000e-07
 76  70  0  0  0  2  1.446926e-01  2.000000e-07
 72  73  1  0  0  2  3.343715e-01  2.000000e-07
 72  87  1 -1  0  2  4.882392e-01  2.000000e-07
 72  69  0  0  0  2  2.108097e-01  2.000000e-07
 73  87  0 -1  0  2  3.324997e-01  2.000000e-07
 73  68  0  0  0  2  1.403914e-01  2.000000e-07
 73  88  0  0  0  2  2.639090e-01  2.000000e-07
 73  78  0  0  0  2  2.628779e-01  2.000000e-07
 73  69 -1  0  0  2  2.005155e-01  2.000000e-07
 73  8  0  0  0  2  2.662924e-01  2.000000e-07
 87  74 -1  1  0  2  4.489294e-01  2.000000e-07
 87  68  0  1  0  2  2.912242e-01  2.000000e-07
 87  88  0  1  0  2  3.057027e-01  2.000000e-07
 87  45  0  0  0  2  2.245784e-01  2.000000e-07
 87  46  0  0  0  2  5.131907e-02  2.000000e-07
 87  8  0  1  0  2  3.452076e-01  2.000000e-07
 67  70  0  0  0  2  1.499856e-01  2.000000e-07
 2  68  1  0  0  2  3.668861e-01  2.000000e-07
 2  78  1  0  0  2  2.749005e-01  2.000000e-07
 2  69  0  0  0  2  2.202896e-01  2.000000e-07
 2  4  0  0  0  2  2.104679e-01  2.000000e-07
 68  3 -1  0  0  2  3.180212e-01  2.000000e-07
 68  62  0  0  0  2  1.429734e-01  2.000000e-07
 68  88  0  0  0  2  1.235286e-01  2.000000e-07
 68  78  0  0  0  2  3.413061e-01  2.000000e-07
 68  46  0 -1  0  2  3.308630e-01  2.000000e-07
 68  69 -1  0  0  2  2.943462e-01  2.000000e-07
 88  8  0  0  0  2  4.178639e-02  2.000000e-07
 45  78  0  0  0  2  2.731479e-01  2.000000e-07
 45  46  0  0  0  2  2.209477e-01  2.000000e-07
 78  46  0  0  0  2  3.862543e-01  2.000000e-07
 78  4 -1  0  0  2  3.635996e-01  2.000000e-07
 0  4  0  0  0  2  1.278258e-01  2.000000e-07
 46  75 -1  0  0  2  6.112871e-01  2.000000e-07
 46  69 -1  1  0  2  2.729827e-01  2.000000e-07
 46  43  0  0  0  2  2.713717e-01  2.000000e-07
 69  8  1  0  0  2  4.185677e-01  2.000000e-07
 54  1  0  0  0  1  1.028372e-01  3.000000e-07
 54  63  0  0  0  1  6.661004e-02  3.000000e-07
 54  64  0  0  0  1  5.561629e-02  3.000000e-07
 54  72  0  0  0  1  8.670581e-02  3.000000e-07
 55  71  0  0  0  1  2.016034e-01  3.000000e-07
 55  44  0  0  0  1  8.353727e-02  3.000000e-07
 55  75  0  0  0  1  2.329826e-01  3.000000e-07
 55  83  0  0  0  1  1.400114e-01  3.000000e-07
 55  86  0  0  0  1  2.150705e-01  3.000000e-07
 55  7  0  0  0  1  6.725770e-02  3.000000e-07
 79  80  0  0  0  1  1.515846e-01  3.000000e-07
 79  57  0  0  0  1  1.564626e-01  3.000000e-07
 79  81  0  0  0  1  1.808860e-01  3.000000e-07
 79  66  0  0  0  1  8.425876e-02  3.000000e-07
 79  88  0  0  0  1  7.871838e-02  3.000000e-07
 79  8  0  0  0  1  5.489402e-02  3.000000e-07
 6  71  0  0  0  1  9.524668e-02  3.000000e-07
 6  62  0  0  0  1  1.412138e-01  3.000000e-07
 6  7  0  0  0  1  1.185428e-01  3.000000e-07
 6  66  0  0  0  1  1.165689e-01  3.000000e-07
 5  80  0  0  0  1  5.421669e-02  3.000000e-07
 5  57  0  0  0  1  9.713002e-02  3.000000e-07
 5  60  0  0  0  1  2.814438e-01  3.000000e-07
 5  84  0 -1  0  1  2.370004e-01  3.000000e-07
 56  1  0  0  0  1  1.775284e-01  3.000000e-07
 56  3  0  0  0  1  2.653978e-01  3.000000e-07
 56  76  0  0  0  1  7.292430e-02  3.000000e-07
 56  67  0  0  0  1  1.635381e-01  3.000000e-07
 56  4  0  0  0  1  8.913423e-02  3.000000e-07
 56  70  0  0  0  1  7.374089e-02  3.000000e-07
 74  60  0  0  0  1  2.092549e-01  3.000000e-07
 74  73  1  0  0  1  1.789643e-01  3.000000e-07
 41  89  0  0  0  1  1.191014e-01  3.000000e-07
 41  83  0  0  0  1  9.589765e-02  3.000000e-07
 41  65  0  0  0  1  9.357540e-02  3.000000e-07
 41  45  0  0  0  1  1.279112e-01  3.000000e-07
 41  78  0  0  0  1  1.517522e-01  3.000000e-07
 71  75  0  0  0  1  1.545307e-01  3.000000e-07
 71  7  0  0  0  1  1.645984e-01  3.000000e-07
 71  66  0  0  0  1  1.881336e-01  3.000000e-07
 71  0  0  0  0  1  1.266186e-01  3.000000e-07
 1  3  0  0  0  1  1.667879e-01  3.000000e-07
 1  64  0  0  0  1  6.982272e-02  3.000000e-07
 1  72  0  0  0  1  1.485342e-01  3.000000e-07
 1  2  0  0  0  1  1.115018e-01  3.000000e-07
 1  4  0  0  0  1  1.126732e-01  3.000000e-07
 89  85  0  0  0  1  2.048561e-01  3.000000e-07
 89  65  0  0  0  1  1.222766e-01  3.000000e-07
 89  87  0  0  0  1  1.714808e-01  3.000000e-07
 89  46  0  0  0  1  1.571792e-01  3.000000e-07
 80  81  0  0  0  1  6.252415e-02  3.000000e-07
 57  60  0  0  0  1  2.310533e-01  3.000000e-07
 57  63  0  0  0  1  1.577521e-01  3.000000e-07
 57  66  0  0  0  1  2.109167e-01  3.000000e-07
 57  72  0  0  0  1  2.160016e-01  3.000000e-07
 44  83  0  0  0  1  1.300781e-01  3.000000e-07
 44  86  0  0  0  1  1.572190e-01  3.000000e-07
 75  67  0  0  0  1  5.702428e-02  3.000000e-07
 3  76  0  0  0  1  2.807755e-01  3.000000e-07
 3  73  1  0  0  1  1.795530e-01  3.000000e-07
 3  2  0  0  0  1  6.444464e-02  3.000000e-07
 3  78  1  0  0  1  2.182214e-01  3.000000e-07
 58  63  0  0  0  1  1.941540e-01  3.000000e-07
 58  66  0  0  0  1  2.011682e-01  3.000000e-07
 58  0  0  0  0  1  1.121027e-01  3.000000e-07
 59  84 -1  0  0  1  4.627069e-01  3.000000e-07
 59  76 -1  0  0  1  3.266405e-01  3.000000e-07
 59  46  0  0  0  1  1.526596e-01  3.000000e-07
 60  84  0 -1  0  1  3.347255e-01  3.000000e-07
 60  72  0  0  0  1  6.256406e-02  3.000000e-07
 60  69  0  0  0  1  1.687226e-01  3.000000e-07
 61  63  0  0  0  1  1.771694e-01  3.000000e-07
 61  64  0  0  0  1  1.785381e-01  3.000000e-07
 61  0  0  0  0  1  1.016399e-01  3.000000e-07
 61  4  0  0  0  1  1.494527e-01  3.000000e-07
 61  70  0  0  0  1  1.364242e-01  3.000000e-07
 81  42  0  0  0  1  1.739750e-01  3.000000e-07
 81  85  0 -1  0  1  2.269884e-01  3.000000e-07
 81  88  0  0  0  1  1.939993e-01  3.000000e-07
 81  43  0 -1  0  1  2.591498e-01  3.000000e-07
 62  83  0  0  0  1  2.962408e-01  3.000000e-07
 62  7  0  0  0  1  2.017016e-01  3.000000e-07
 62  73  0  0  0  1  2.417201e-01  3.000000e-07
 62  78  0  0  0  1  3.255720e-01  3.000000e-07
 62  8  0  0  0  1  1.051178e-01  3.000000e-07
 82  83  0  0  0  1  1.202177e-01  3.000000e-07
 82  86  0  0  0  1  1.618141e-01  3.000000e-07
 82  45  0  0  0  1  7.533085e-02  3.000000e-07
 82  43  0  0  0  1  1.662272e-01  3.000000e-07
 42  85  0 -1  0  1  2.086993e-01  3.000000e-07
 42  87  0 -1  0  1  2.351440e-01  3.000000e-07
 42  68  0  0  0  1  1.574255e-01  3.000000e-07
 42  88  0  0  0  1  8.196005e-02  3.000000e-07
 83  7  0  0  0  1  1.618928e-01  3.000000e-07
 83  45  0  0  0  1  1.336904e-01  3.000000e-07
 84  86  0  0  0  1  2.151189e-01  3.000000e-07
 84  46  1  0  0  1  4.861004e-01  3.000000e-07
 84  69  0  1  0  1  4.092771e-01  3.000000e-07
 63  64  0  0  0  1  8.288151e-02  3.000000e-07
 63  66  0  0  0  1  2.382571e-01  3.000000e-07
 63  72  0  0  0  1  1.405634e-01  3.000000e-07
 85  87  0  0  0  1  1.957070e-01  3.000000e-07
 85  45  0  0  0  1  1.907601e-01  3.000000e-07
 85  43  0  0  0  1  6.437269e-02  3.000000e-07
 64  4  0  0  0  1  1.217364e-01  3.000000e-07
 86  67  0  0  0  1  2.438958e-01  3.000000e-07
 86  43  0  0  0  1  6.688832e-02  3.000000e-07
 65  76 -1  0  0  1  3.013341e-01  3.000000e-07
 65  78  0  0  0  1  1.947512e-01  3.000000e-07
 76  67  0  0  0  1  1.846215e-01  3.000000e-07
 76  78  1  0  0  1  2.805147e-01  3.000000e-07
 72  2  0  0  0  1  1.610629e-01  3.000000e-07
 73  87  0 -1  0  1  3.324997e-01  3.000000e-07
 73  68  0  0  0  1  1.403914e-01  3.000000e-07
 73  78  0  0  0  1  2.628779e-01  3.000000e-07
 73  69 -1  0  0  1  2.005155e-01  3.000000e-07
 87  68  0  1  0  1  2.912242e-01  3.000000e-07
 87  69 -1  1  0  1  2.811799e-01  3.000000e-07
 67  0  0  0  0  1  1.003284e-01  3.000000e-07
 67  70  0  0  0  1  1.499856e-01  3.000000e-07
 68  88  0  0  0  1  1.235286e-01  3.000000e-07
 68  8  0  0  0  1  1.291493e-01  3.000000e-07
 45  43  0  0  0  1  1.658235e-01  3.000000e-07
 0  70  0  0  0  1  8.447450e-02  3.000000e-07
 46  69 -1  1  0  1  2.729827e-01  3.000000e-07
 1.037423e-01  4.057585e-02  0
 2.634489e-01 -1.333901e-01  0
 3.690091e-01 -1.693028e-01  0
 4.296417e-01 -1.474673e-01  0
 2.055343e-01 -3.674053e-02  0
 1.085559e-02 -4.314920e-01  0
-7.927393e-02 -7.945231e-02  0
-1.429476e-01  2.053793e-02  0
-1.519100e-01 -2.786362e-01  0
-3.178642e-02 -3.743123e-01 -1.820178e-01
 2.564237e-01 -9.353066e-02 -2.649638e-01
-3.124447e-01  3.664922e-01 -3.483006e-01
 3.556659e-01  2.036113e-01 -2.447904e-01
-4.303027e-01  2.638794e-01 -3.339894e-01
 2.377531e-02  1.766007e-01 -4.206776e-01
-4.288976e-01  7.405480e-03 -3.335847e-01
 2.229134e-01  3.509589e-01  1.471483e-01
-1.376149e-01 -3.076930e-02  3.180245e-01
-3.659657e-01  1.632525e-02  3.516279e-01
-1.188767e-01 -6.574679e-02  2.265179e-01
 2.091122e-01  4.249408e-01  1.044155e-01
 3.540568e-01 -1.575303e-01  3.902338e-01
 3.178722e-01  2.241447e-01  4.386449e-01
 9.992077e-02 -3.030292e-01  2.268262e-01
 1.027733e-01 -3.161168e-01  2.717178e-01
-7.296014e-02 -4.341998e-01  4.104826e-01
-8.587028e-03 -2.072499e-01  2.260768e-01
-4.275808e-01  5.032946e-02  2.565322e-01
 2.514548e-01  1.488654e-01  2.490004e-01
 3.831063e-01 -3.437688e-01  3.276243e-01
-4.156598e-01 -1.359721e-02  4.008776e-01
 1.242580e-01  5.185405e-02 -4.077261e-01
 1.687421e-01 -3.119689e-01 -4.251510e-01
 3.301631e-01  1.042001e-01 -2.253652e-01
 2.895556e-01 -1.587034e-01 -3.689075e-01
 2.682510e-01  4.041813e-01 -1.328430e-01
-1.485243e-01  2.676698e-01  3.580695e-01
 3.913154e-02 -2.383534e-01 -3.742181e-01
 6.714304e-02 -2.817363e-01 -3.877023e-01
 5.721400e-02  2.635931e-01 -1.904183e-01
-2.815910e-01  1.416712e-01 -1.098995e-01
-3.613987e-01  1.566512e-01  0
-1.788319e-01 -3.992549e-01  0
-1.284603e-01  3.353976e-01  0
-1.720907e-01  1.666099e-01  0
-2.574577e-01  2.312001e-01  0
-3.899316e-01  4.080292e-01  0
-3.776979e-01  2.091883e-01  3.825754e-01
-2.934804e-01  7.963729e-02 -2.721923e-01
-4.277769e-01 -1.514664e-01 -1.922036e-01
 1.755981e-01 -7.353002e-02 -3.618814e-01
-3.315794e-01  3.207847e-01 -2.420304e-01
-2.877177e-02  2.646548e-01 -1.843413e-01
-3.756393e-01 -3.786560e-01  1.991728e-01
 1.994160e-01 -2.138592e-01  0
-1.444476e-01  8.777890e-02  0
 2.450057e-01  4.317769e-02  0
 4.583894e-02 -3.408807e-01  0
 3.060472e-02 -4.438247e-02  0
-4.226010e-01  2.589062e-01  0
 2.768889e-01 -3.396395e-01  0
 5.662583e-02 -4.948363e-02  0
-1.808287e-01 -1.775746e-01  0
 1.329577e-01 -2.093663e-01  0
 1.982041e-01 -1.582561e-01  0
-4.309753e-01  2.192247e-01  0
-1.047506e-01 -1.932032e-01  0
 1.135241e-01  1.404263e-01  0
-2.810562e-01 -2.795345e-01  0
 4.413364e-01 -3.773803e-01  0
 1.810365e-01  6.494377e-03  0
 8.806483e-03 -4.320632e-02  0
 2.535448e-01 -2.815937e-01  0
-4.150047e-01 -2.374926e-01  0
 4.147744e-01 -1.822380e-01  0
 8.853086e-02  8.917098e-02  0
 2.931856e-01  9.791934e-02  0
 4.292306e-01 -2.285673e-01  2.099286e-01
-4.360674e-01  2.454011e-02  0
-9.703721e-02 -2.771081e-01  0
 1.647824e-02 -3.775677e-01  0
-8.540932e-03 -4.348679e-01  0
-1.983048e-01  1.845559e-01  0
-2.839111e-01  1.001530e-01  0
 1.262027e-01  3.614712e-01  0
-1.567594e-01  3.932163e-01  0
-7.743887e-02  2.921441e-01  0
-3.475225e-01  4.369275e-01  0
-1.638903e-01 -3.186684e-01  0
-3.187917e-01  2.678707e-01  0