 721  90  1.200000e-05  42 -2 -2
 23  41  0 -1  0  3  4.959176e-01  1.000000e-07
 23  24  0 -1  0  3  2.618039e-01  1.000000e-07
 23  25  0 -1  0  3  3.006659e-01  1.000000e-07
 23  29  0 -1  0  3  4.341890e-01  1.000000e-07
 23  27  0  0  0  3  2.019474e-01  1.000000e-07
 23  32  0  0  0  3  2.434968e-01  1.000000e-07
 23  26  0  0  1  3  2.814905e-01  1.000000e-07
 23  36  0 -1  1  3  3.638027e-01  1.000000e-07
 23  37  0  0  1  3  3.669786e-01  1.000000e-07
 41  31  0  0  0  3  3.406838e-01  1.000000e-07
 41  20  0  0  0  3  4.000257e-01  1.000000e-07
 41  81  0  0  0  3  4.674450e-01  1.000000e-07
 41  16  0  1  0  3  3.274415e-01  1.000000e-07
 41  75 -1  0  0  3  3.799211e-01  1.000000e-07
 24  28  0  0  0  3  4.041599e-01  1.000000e-07
 24  25  0  0  0  3  1.084192e-01  1.000000e-07
 24  81  0  0  0  3  1.325250e-01  1.000000e-07
 24  30  0  0  0  3  1.751980e-01  1.000000e-07
 24  29  0  0  0  3  3.667143e-01  1.000000e-07
 24  75  0  0  0  3  1.512954e-01  1.000000e-07
 24  32  0  1  0  3  4.043405e-01  1.000000e-07
 24  36  0  0  1  3  2.625293e-01  1.000000e-07
 18  20  0  0  0  3  3.639828e-01  1.000000e-07
 18  17  0  0  0  3  2.795435e-01  1.000000e-07
 18  33  0  0  0  3  1.520518e-01  1.000000e-07
 18  29  0  0  0  3  3.795578e-01  1.000000e-07
 18  75  0  0  0  3  3.425598e-01  1.000000e-07
 18  37  0  0  1  3  4.015792e-01  1.000000e-07
 31  19  0  0  0  3  2.777308e-01  1.000000e-07
 31  81  0  0  0  3  2.523687e-01  1.000000e-07
 31  30  0  0  0  3  1.869666e-01  1.000000e-07
 31  21  0  0  0  3  3.865592e-01  1.000000e-07
 31  17  0  0  0  3  8.256915e-02  1.000000e-07
 31  29  0  0  0  3  1.870574e-01  1.000000e-07
 19  20  0  0  0  3  2.780283e-01  1.000000e-07
 19  17  0  0  0  3  2.632598e-01  1.000000e-07
 19  16  0  0  0  3  4.228635e-01  1.000000e-07
 19  33  0  0  0  3  3.879707e-01  1.000000e-07
 19  29  0  0  0  3  2.013811e-01  1.000000e-07
 19  35  0  0  1  3  4.681647e-01  1.000000e-07
 19  37  0  0  1  3  3.707358e-01  1.000000e-07
 19  39  0  0  1  3  4.470415e-01  1.000000e-07
 28  25  0  0  0  3  3.837261e-01  1.000000e-07
 28  30  0  0  0  3  3.862179e-01  1.000000e-07
 28  21  1  0  0  3  2.216123e-01  1.000000e-07
 28  75  0  0  0  3  3.679684e-01  1.000000e-07
 28  34  0  0  1  3  2.612593e-01  1.000000e-07
 28  36  0  0  1  3  4.309708e-01  1.000000e-07
 28  37  0  0  1  3  3.936905e-01  1.000000e-07
 25  30  0  0  0  3  2.648780e-01  1.000000e-07
 25  32  0  1  0  3  4.319379e-01  1.000000e-07
 25  22  0  1  1  3  4.355748e-01  1.000000e-07
 25  80  0  0  1  3  2.793336e-01  1.000000e-07
 25  35  1  1  1  3  4.815442e-01  1.000000e-07
 25  36  0  0  1  3  1.880215e-01  1.000000e-07
 20  17  0  0  0  3  2.400056e-01  1.000000e-07
 20  16  0  0  0  3  4.474077e-01  1.000000e-07
 20  32  0  0  0  3  5.026419e-01  1.000000e-07
 81  30  0  0  0  3  1.353078e-01  1.000000e-07
 81  17  0  0  0  3  2.151145e-01  1.000000e-07
 81  29  0  0  0  3  3.220999e-01  1.000000e-07
 81  75  0  0  0  3  1.849104e-01  1.000000e-07
 30  17  0  0  0  3  1.193193e-01  1.000000e-07
 30  29  0  0  0  3  2.481575e-01  1.000000e-07
 30  75  0  0  0  3  2.073803e-01  1.000000e-07
 30  37  0  0  1  3  5.186632e-01  1.000000e-07
 21  29  0  0  0  3  3.328812e-01  1.000000e-07
 21  75 -1  0  0  3  4.123231e-01  1.000000e-07
 21  78  0  0  1  3  4.193571e-01  1.000000e-07
 21  80 -1  0  1  3  5.018689e-01  1.000000e-07
 21  35  0  0  1  3  5.197757e-01  1.000000e-07
 21  35  0  1  1  3  5.783954e-01  1.000000e-07
 21  36 -1  0  1  3  4.766519e-01  1.000000e-07
 17  29  0  0  0  3  1.632309e-01  1.000000e-07
 16  33 -1  0  0  3  4.045132e-01  1.000000e-07
 16  32 -1  0  0  3  3.817236e-01  1.000000e-07
 16  32  0  0  0  3  6.202762e-01  1.000000e-07
 16  34 -1  0  1  3  4.198073e-01  1.000000e-07
 16  35  0  0  1  3  3.616785e-01  1.000000e-07
 33  27  0  0  0  3  3.556790e-01  1.000000e-07
 33  37  0  0  1  3  3.852932e-01  1.000000e-07
 27  32  0  0  0  3  3.318205e-01  1.000000e-07
 27  26  0  0  1  3  1.718762e-01  1.000000e-07
 27  78  0  0  1  3  4.310002e-01  1.000000e-07
 27  35  0  0  1  3  2.986196e-01  1.000000e-07
 27  39  0  0  1  3  3.108622e-01  1.000000e-07
 32  22  0  0  1  3  3.580334e-01  1.000000e-07
 11  9  0  0  0  3  3.188498e-01  1.000000e-07
 11  8  0  0  0  3  4.432796e-02  1.000000e-07
 11  13  0  0  0  3  1.688671e-01  1.000000e-07
 11  14  0  0  0  3  1.694159e-01  1.000000e-07
 11  78  0  0  0  3  3.212200e-01  1.000000e-07
 11  12  0  0  0  3  9.030896e-02  1.000000e-07
 11  80  0  0  0  3  3.183214e-01  1.000000e-07
 11  36  0  0  0  3  3.675954e-01  1.000000e-07
 11  37  0  0  0  3  3.429755e-01  1.000000e-07
 9  15  0  0  0  3  3.453725e-01  1.000000e-07
 9  79  0  1  0  3  4.448603e-01  1.000000e-07
 9  13  0  0  0  3  3.249410e-01  1.000000e-07
 9  78  0  0  0  3  9.956799e-02  1.000000e-07
 9  12  0  0  0  3  3.242586e-01  1.000000e-07
 9  10  0  0  0  3  3.514735e-01  1.000000e-07
 9  35  0  1  0  3  5.431224e-01  1.000000e-07
 9  37  0  0  0  3  3.620735e-01  1.000000e-07
 7  15  0  0  0  3  2.365732e-01  1.000000e-07
 7  38 -1  0  0  3  2.793068e-01  1.000000e-07
 7  14 -1  0  0  3  3.082556e-01  1.000000e-07
 7  78  0  0  0  3  3.906008e-01  1.000000e-07
 7  40 -1  0  0  3  2.919797e-01  1.000000e-07
 7  35  0  0  0  3  4.729752e-01  1.000000e-07
 7  39  0  0  0  3  4.024615e-01  1.000000e-07
 8  13  0  0  0  3  1.843187e-01  1.000000e-07
 8  14  0  0  0  3  1.856000e-01  1.000000e-07
 8  78  0  0  0  3  3.347944e-01  1.000000e-07
 8  12  0  0  0  3  6.893389e-02  1.000000e-07
 8  80  0  0  0  3  3.453473e-01  1.000000e-07
 15  14 -1  0  0  3  3.783744e-01  1.000000e-07
 15  78  0  0  0  3  3.338990e-01  1.000000e-07
 15  12  0  0  0  3  4.793393e-01  1.000000e-07
 15  80 -1  0  0  3  3.691448e-01  1.000000e-07
 15  10  0  0  0  3  1.465607e-01  1.000000e-07
 26  79  0  0  0  3  1.321562e-01  1.000000e-07
 26  78  0  0  0  3  4.132476e-01  1.000000e-07
 26  22  0  0  0  3  4.043344e-01  1.000000e-07
 26  35  0  0  0  3  2.057041e-01  1.000000e-07
 26  36  0 -1  0  3  4.755419e-01  1.000000e-07
 26  37  0  0  0  3  3.461651e-01  1.000000e-07
 26  39  0  0  0  3  1.717863e-01  1.000000e-07
 38  34  0  0  0  3  8.762291e-02  1.000000e-07
 38  22  0  0  0  3  1.649028e-01  1.000000e-07
 38  80  0  0  0  3  4.532021e-01  1.000000e-07
 38  10  1  0  0  3  2.609654e-01  1.000000e-07
 38  35  1  0  0  3  4.241765e-01  1.000000e-07
 38  36  0  0  0  3  4.795290e-01  1.000000e-07
 38  37  0  0  0  3  2.357678e-01  1.000000e-07
 38  39  1  0  0  3  4.588738e-01  1.000000e-07
 79  12  0 -1  0  3  4.554838e-01  1.000000e-07
 79  36  0 -1  0  3  4.654911e-01  1.000000e-07
 79  37  0  0  0  3  4.167078e-01  1.000000e-07
 34  78  1  0  0  3  4.958069e-01  1.000000e-07
 34  10  1  0  0  3  2.893220e-01  1.000000e-07
 34  35  1  0  0  3  3.835802e-01  1.000000e-07
 34  36  0  0  0  3  4.924208e-01  1.000000e-07
 34  37  0  0  0  3  2.624490e-01  1.000000e-07
 34  39  1  0  0  3  4.408560e-01  1.000000e-07
 13  14  0  0  0  3  1.627949e-01  1.000000e-07
 13  78  0  0  0  3  2.811428e-01  1.000000e-07
 13  40  0  0  0  3  2.446310e-01  1.000000e-07
 13  37  0  0  0  3  2.265752e-01  1.000000e-07
 13  39  0  0  0  3  4.360325e-01  1.000000e-07
 78  10  0  0  0  3  3.283025e-01  1.000000e-07
 22  33  0  0 -1  3  3.774516e-01  1.000000e-07
 22  40  0  0  0  3  1.997861e-01  1.000000e-07
 22  35  1  0  0  3  4.375018e-01  1.000000e-07
 22  36  0 -1  0  3  4.143485e-01  1.000000e-07
 22  37  0  0  0  3  1.786981e-01  1.000000e-07
 12  80  0  0  0  3  3.334087e-01  1.000000e-07
 12  40  0  1  0  3  6.533737e-01  1.000000e-07
 12  36  0  0  0  3  3.828992e-01  1.000000e-07
 80  10  1  0  0  3  3.514999e-01  1.000000e-07
 40  35  1  0  0  3  5.071810e-01  1.000000e-07
 40  37  0  0  0  3  2.323792e-01  1.000000e-07
 40  39  1  0  0  3  5.306832e-01  1.000000e-07
 10  35  0  1  0  3  5.976750e-01  1.000000e-07
 10  36 -1  0  0  3  4.077958e-01  1.000000e-07
 10  39  0  0  0  3  4.583852e-01  1.000000e-07
 31  61  0  0  0  3  2.638627e-01  1.000000e-07
 58  8  0  0  0  3  1.166194e-01  1.000000e-07
 81  88  0  1  0  3  3.714950e-01  1.000000e-07
 86  40  0  0  0  3  2.704381e-01  1.000000e-07
 33  57  0  0  0  3  2.844720e-01  1.000000e-07
 53  14  0  0  0  3  1.347357e-01  1.000000e-07
 20  58  0  0  0  3  1.955482e-01  1.000000e-07
 61  12  0  0  0  3  1.512331e-01  1.000000e-07
 41  59  0  0  0  3  3.124416e-01  1.000000e-07
 52  80 -1  0  0  3  3.628178e-01  1.000000e-07
 75  63  0  0  0  3  2.929419e-01  1.000000e-07
 64  14  0  0  0  3  1.643443e-01  1.000000e-07
 18  85  0  0  0  3  2.670496e-01  1.000000e-07
 53  13  0  0  0  3  1.673753e-01  1.000000e-07
 32  84  0  0  0  3  3.242513e-01  1.000000e-07
 44  79  0  0  0  3  3.826524e-01  1.000000e-07
 27  83  0  0  0  3  4.365852e-01  1.000000e-07
 77  39  0  0  0  3  3.061610e-01  1.000000e-07
 41  82  0  0  0  3  2.855112e-01  1.000000e-07
 59  79  0  1  0  3  3.411003e-01  1.000000e-07
 20  76  0  0  0  3  1.410832e-01  1.000000e-07
 43  78  0  0  0  3  3.066047e-01  1.000000e-07
 31  62  0  0  0  3  2.748652e-01  1.000000e-07
 82  79  0  1  0  3  3.699439e-01  1.000000e-07
 20  65  0  0  0  3  1.915825e-01  1.000000e-07
 60  15  0  0  0  3  2.022721e-01  1.000000e-07
 33  56  0  0  0  3  3.532991e-01  1.000000e-07
 55  7  1  0  0  3  1.401179e-01  1.000000e-07
 18  57  0  0  0  3  2.631168e-01  1.000000e-07
 53  14  0  0  0  3  1.239227e-01  1.000000e-07
 28  57  0  0  0  3  3.898971e-01  1.000000e-07
 56  14  0  0  0  3  1.286080e-01  1.000000e-07
 27  87  0  0  0  3  4.370484e-01  1.000000e-07
 45  79  0  0  0  3  3.200937e-01  1.000000e-07
 75  5  0  0  0  3  3.790973e-01  1.000000e-07
 64  7  1  0  0  3  1.780868e-01  1.000000e-07
 17  61  0  0  0  3  2.966068e-01  1.000000e-07
 58  8  0  0  0  3  1.076239e-01  1.000000e-07
 33  51  0  0  0  3  2.629196e-01  1.000000e-07
 53  40  0  0  0  3  1.929481e-01  1.000000e-07
 81  2  0  0  0  3  2.743968e-01  1.000000e-07
 1  80  0  0  0  3  3.204323e-01  1.000000e-07
 18  61  0  0  0  3  2.855384e-01  1.000000e-07
 63  8  0  0  0  3  1.129274e-01  1.000000e-07
 16  54  0  0  0  3  2.647825e-01  1.000000e-07
 77  39  0  0  0  3  3.183022e-01  1.000000e-07
 41  65  0  0  0  3  3.139690e-01  1.000000e-07
 52  15  0  0  0  3  1.765623e-01  1.000000e-07
 51  53  0  0  0  2  1.715887e-01  2.000000e-07
 51  54  1  0  0  2  4.017836e-01  2.000000e-07
 51  59  1 -1  0  2  4.451398e-01  2.000000e-07
 51  74  1  0  0  2  2.391839e-01  2.000000e-07
 51  83  1  0  0  2  5.322910e-01  2.000000e-07
 51  88  0  0  0  2  1.704183e-01  2.000000e-07
 51  85  0  0  0  2  1.902847e-01  2.000000e-07
 51  67  0 -1  0  2  4.286206e-01  2.000000e-07
 51  69  0  0  0  2  1.893331e-01  2.000000e-07
 51  48  0  0  0  2  2.364292e-01  2.000000e-07
 51  86  0  0  0  2  1.033428e-01  2.000000e-07
 51  55  0  0  0  2  9.881350e-02  2.000000e-07
 51  4  0 -1  0  2  4.525033e-01  2.000000e-07
 51  70  1  0  0  2  5.629325e-01  2.000000e-07
 51  47  0  0  0  2  1.455328e-01  2.000000e-07
 51  56  0  0  0  2  1.386976e-01  2.000000e-07
 51  72  0  0  0  2  2.173073e-01  2.000000e-07
 52  76  0  0  0  2  3.348126e-01  2.000000e-07
 52  54  0  1  0  2  4.507482e-01  2.000000e-07
 52  77  0  1  0  2  4.062474e-01  2.000000e-07
 52  59  0  0  0  2  1.355234e-01  2.000000e-07
 52  82  0  0  0  2  1.053963e-01  2.000000e-07
 52  65  0  0  0  2  8.404407e-02  2.000000e-07
 52  66 -1  0  0  2  2.873819e-01  2.000000e-07
 52  88 -1  1  0  2  5.379258e-01  2.000000e-07
 52  43  0  0  0  2  3.466559e-01  2.000000e-07
 52  67 -1  0  0  2  3.926444e-01  2.000000e-07
 52  6  0  0  0  2  3.354790e-01  2.000000e-07
 52  64 -1  0  0  2  3.736036e-01  2.000000e-07
 52  73  0  0  0  2  3.081660e-01  2.000000e-07
 52  86 -1  1  0  2  4.886408e-01  2.000000e-07
 52  60  0  0  0  2  7.602698e-02  2.000000e-07
 52  5 -1  0  0  2  3.662712e-01  2.000000e-07
 52  72 -1  1  0  2  3.965509e-01  2.000000e-07
 53  42  0  0  0  2  2.918100e-01  2.000000e-07
 53  58  0  0  0  2  3.186161e-01  2.000000e-07
 53  57  0  0  0  2  1.436893e-01  2.000000e-07
 53  74  1  0  0  2  3.644279e-01  2.000000e-07
 53  63  0  0  0  2  3.394872e-01  2.000000e-07
 53  43  0  0  0  2  3.246421e-01  2.000000e-07
 53  85  0  0  0  2  2.091594e-02  2.000000e-07
 53  48  0  0  0  2  9.936485e-02  2.000000e-07
 53  46  0  0  0  2  2.539908e-01  2.000000e-07
 53  47  0  0  0  2  9.473496e-02  2.000000e-07
 53  61  0  0  0  2  3.015850e-01  2.000000e-07
 53  5  0  0  0  2  3.341653e-01  2.000000e-07
 53  49  0  0  0  2  1.449674e-02  2.000000e-07
 53  56  0  0  0  2  1.855208e-01  2.000000e-07
 62  76  0  0  0  2  3.032837e-01  2.000000e-07
 62  59  0  0  0  2  3.870165e-01  2.000000e-07
 62  2  0  0  0  2  2.388060e-01  2.000000e-07
 62  82  0  0  0  2  1.973984e-01  2.000000e-07
 62  83  0  1  0  2  4.130682e-01  2.000000e-07
 62  65  0  0  0  2  3.360603e-01  2.000000e-07
 62  63  0  0  0  2  2.666291e-01  2.000000e-07
 62  0  0  0  0  2  9.014299e-02  2.000000e-07
 62  84  0  1  0  2  3.606062e-01  2.000000e-07
 62  1  0  0  0  2  2.233508e-01  2.000000e-07
 62  67  0  0  0  2  3.153825e-01  2.000000e-07
 62  69  0  1  0  2  4.234906e-01  2.000000e-07
 62  87  0  1  0  2  3.125613e-01  2.000000e-07
 62  4  0  0  0  2  4.259991e-01  2.000000e-07
 62  70  0  0  0  2  5.157750e-01  2.000000e-07
 62  70  0  1  0  2  5.062646e-01  2.000000e-07
 62  60  0  0  0  2  2.471356e-01  2.000000e-07
 62  61  0  0  0  2  2.214772e-01  2.000000e-07
 62  71  0  0  0  2  3.451281e-01  2.000000e-07
 62  89  0  0  0  2  1.159024e-01  2.000000e-07
 62  72  0  1  0  2  4.438499e-01  2.000000e-07
 42  77  0  0  0  2  3.181340e-01  2.000000e-07
 42  58  0  0  0  2  1.410434e-01  2.000000e-07
 42  68  0  0  0  2  1.280682e-01  2.000000e-07
 42  43  0  0  0  2  5.513650e-02  2.000000e-07
 42  85  0  0  0  2  2.733687e-01  2.000000e-07
 42  48  0  0  0  2  2.568089e-01  2.000000e-07
 42  70  0  0  0  2  1.761798e-01  2.000000e-07
 42  60  0  0  0  2  3.161558e-01  2.000000e-07
 42  61  0  0  0  2  1.648698e-01  2.000000e-07
 76  77  0  0  0  2  3.519409e-01  2.000000e-07
 76  82  0  0  0  2  3.282643e-01  2.000000e-07
 76  65  0  0  0  2  2.969932e-01  2.000000e-07
 76  50  0  0  0  2  2.653508e-01  2.000000e-07
 76  43  0  0  0  2  3.181044e-02  2.000000e-07
 76  87  0  0  0  2  4.145639e-01  2.000000e-07
 76  73  0  0  0  2  2.954213e-01  2.000000e-07
 76  55  0  0  0  2  4.834409e-01  2.000000e-07
 76  70  0  0  0  2  2.164705e-01  2.000000e-07
 76  61  0  0  0  2  1.631676e-01  2.000000e-07
 76  71  0  0  0  2  4.601762e-01  2.000000e-07
 76  45  0  0  0  2  3.675960e-01  2.000000e-07
 54  77  0  0  0  2  1.035303e-01  2.000000e-07
 54  59  0 -1  0  2  3.629661e-01  2.000000e-07
 54  74  0  0  0  2  2.058038e-01  2.000000e-07
 54  68  0  0  0  2  1.895341e-01  2.000000e-07
 54  82  0 -1  0  2  4.123120e-01  2.000000e-07
 54  83  0  0  0  2  1.350370e-01  2.000000e-07
 54  88 -1  0  0  2  5.044877e-01  2.000000e-07
 54  43  0  0  0  2  3.531295e-01  2.000000e-07
 54  67 -1 -1  0  2  6.039773e-01  2.000000e-07
 54  73  0  0  0  2  2.856308e-01  2.000000e-07
 54  86 -1  0  0  2  3.888050e-01  2.000000e-07
 54  4 -1 -1  0  2  5.452973e-01  2.000000e-07
 54  46 -1  0  0  2  3.078361e-01  2.000000e-07
 54  60  0 -1  0  2  5.020025e-01  2.000000e-07
 77  59  0 -1  0  2  3.472989e-01  2.000000e-07
 77  68  0  0  0  2  2.236796e-01  2.000000e-07
 77  82  0 -1  0  2  3.474714e-01  2.000000e-07
 77  83  0  0  0  2  4.973486e-02  2.000000e-07
 77  50  0  0  0  2  2.918410e-01  2.000000e-07
 77  43  0  0  0  2  3.694654e-01  2.000000e-07
 77  87  0  0  0  2  1.081596e-01  2.000000e-07
 77  73  0  0  0  2  3.796771e-01  2.000000e-07
 77  48  0  0  0  2  2.977580e-01  2.000000e-07
 77  86 -1  0  0  2  4.612500e-01  2.000000e-07
 77  46 -1  0  0  2  3.972463e-01  2.000000e-07
 77  44  0  0  0  2  2.257145e-01  2.000000e-07
 77  49  0  0  0  2  3.816334e-01  2.000000e-07
 77  45  0  0  0  2  1.655133e-01  2.000000e-07
 77  89  0 -1  0  2  4.051313e-01  2.000000e-07
 77  72 -1  0  0  2  4.604811e-01  2.000000e-07
 58  68  0  0  0  2  2.640172e-01  2.000000e-07
 58  63  0  0  0  2  2.184452e-01  2.000000e-07
 58  0  0  0  0  2  1.447598e-01  2.000000e-07
 58  43  0  0  0  2  1.007803e-01  2.000000e-07
 58  85  0  0  0  2  3.066110e-01  2.000000e-07
 58  48  0  0  0  2  3.273320e-01  2.000000e-07
 58  70  0  0  0  2  3.131381e-01  2.000000e-07
 58  60  0  0  0  2  2.915218e-01  2.000000e-07
 58  61  0  0  0  2  3.645531e-02  2.000000e-07
 58  5  0  0  0  2  3.915219e-01  2.000000e-07
 58  3  0  0  0  2  2.335550e-01  2.000000e-07
 58  89  0  0  0  2  2.954795e-01  2.000000e-07
 57  50  0  0  0  2  2.474639e-01  2.000000e-07
 57  64  0  0  0  2  2.296194e-01  2.000000e-07
 57  73  1  0  0  2  3.158339e-01  2.000000e-07
 57  55  0  0  0  2  8.136833e-02  2.000000e-07
 57  46  0  0  0  2  1.996165e-01  2.000000e-07
 57  47  0  0  0  2  2.100216e-01  2.000000e-07
 57  61  0  0  0  2  3.216596e-01  2.000000e-07
 57  71  0  0  0  2  3.028120e-01  2.000000e-07
 57  5  0  0  0  2  2.010805e-01  2.000000e-07
 57  49  0  0  0  2  1.581618e-01  2.000000e-07
 59  2 -1  0  0  2  3.895711e-01  2.000000e-07
 59  82  0  0  0  2  1.919069e-01  2.000000e-07
 59  83  0  1  0  2  3.912973e-01  2.000000e-07
 59  65  0  0  0  2  1.928665e-01  2.000000e-07
 59  66 -1  0  0  2  2.502111e-01  2.000000e-07
 59  64 -1  0  0  2  3.685867e-01  2.000000e-07
 59  87  0  1  0  2  3.500797e-01  2.000000e-07
 59  86 -1  1  0  2  3.541431e-01  2.000000e-07
 59  55 -1  1  0  2  5.142907e-01  2.000000e-07
 59  4 -1  0  0  2  2.222206e-01  2.000000e-07
 59  46 -1  1  0  2  3.971338e-01  2.000000e-07
 59  70  0  1  0  2  4.917046e-01  2.000000e-07
 59  60  0  0  0  2  2.110283e-01  2.000000e-07
 59  71 -1  0  0  2  3.496500e-01  2.000000e-07
 59  72 -1  1  0  2  2.677312e-01  2.000000e-07
 2  65  1  0  0  2  4.615792e-01  2.000000e-07
 2  66  0  0  0  2  2.124778e-01  2.000000e-07
 2  1  0  0  0  2  3.675705e-02  2.000000e-07
 2  64  0  0  0  2  2.573401e-01  2.000000e-07
 2  86  0  1  0  2  3.192930e-01  2.000000e-07
 2  71  0  0  0  2  1.655531e-01  2.000000e-07
 2  89  0  0  0  2  1.477415e-01  2.000000e-07
 2  72  0  1  0  2  2.370684e-01  2.000000e-07
 74  57 -1  0  0  2  2.529201e-01  2.000000e-07
 74  68  0  0  0  2  2.878611e-01  2.000000e-07
 74  83  0  0  0  2  3.394975e-01  2.000000e-07
 74  88 -1  0  0  2  3.872056e-01  2.000000e-07
 74  6  0  0  0  2  1.477681e-01  2.000000e-07
 74  73  0  0  0  2  1.736178e-01  2.000000e-07
 74  86 -1  0  0  2  2.748026e-01  2.000000e-07
 74  46 -1  0  0  2  1.540274e-01  2.000000e-07
 74  70  0  0  0  2  3.413575e-01  2.000000e-07
 74  47 -1  0  0  2  3.778982e-01  2.000000e-07
 74  5 -1  0  0  2  2.866518e-01  2.000000e-07
 74  56 -1  0  0  2  1.878306e-01  2.000000e-07
 68  83  0  0  0  2  2.048669e-01  2.000000e-07
 68  65  0  0  0  2  3.444984e-01  2.000000e-07
 68  0  0  0  0  2  3.954117e-01  2.000000e-07
 68  43  0  0  0  2  1.646421e-01  2.000000e-07
 68  85  0  0  0  2  3.439214e-01  2.000000e-07
 68  6  0  0  0  2  2.602602e-01  2.000000e-07
 68  73  0  0  0  2  2.396242e-01  2.000000e-07
 68  48  0  0  0  2  2.972876e-01  2.000000e-07
 68  70  0  0  0  2  1.154284e-01  2.000000e-07
 68  60  0  0  0  2  3.424589e-01  2.000000e-07
 82  83  0  1  0  2  3.736141e-01  2.000000e-07
 82  65  0  0  0  2  1.745683e-01  2.000000e-07
 82  0  0  0  0  2  2.643080e-01  2.000000e-07
 82  43  0  0  0  2  3.304069e-01  2.000000e-07
 82  87  0  1  0  2  2.908451e-01  2.000000e-07
 82  60  0  0  0  2  1.027008e-01  2.000000e-07
 82  61  0  0  0  2  3.443224e-01  2.000000e-07
 82  3  0  0  0  2  3.283040e-01  2.000000e-07
 82  89  0  0  0  2  2.929497e-01  2.000000e-07
 83  88  0  0  0  2  4.075880e-01  2.000000e-07
 83  0  0 -1  0  2  5.008970e-01  2.000000e-07
 83  85  0  0  0  2  3.275173e-01  2.000000e-07
 83  69  0  0  0  2  2.818759e-01  2.000000e-07
 83  48  0  0  0  2  2.483578e-01  2.000000e-07
 83  70  0  0  0  2  1.076667e-01  2.000000e-07
 83  3  0 -1  0  2  4.819338e-01  2.000000e-07
 83  89  0 -1  0  2  3.937105e-01  2.000000e-07
 65  66 -1  0  0  2  2.567797e-01  2.000000e-07
 65  0  0  0  0  2  3.711772e-01  2.000000e-07
 65  6  0  0  0  2  2.514767e-01  2.000000e-07
 65  64 -1  0  0  2  3.181886e-01  2.000000e-07
 65  73  0  0  0  2  2.242006e-01  2.000000e-07
 65  55 -1  0  0  2  4.990236e-01  2.000000e-07
 65  4 -1  0  0  2  2.659913e-01  2.000000e-07
 65  70  0  0  0  2  4.595722e-01  2.000000e-07
 65  60  0  0  0  2  8.893660e-02  2.000000e-07
 65  71 -1  0  0  2  3.499464e-01  2.000000e-07
 63  66  0  0  0  2  2.158624e-01  2.000000e-07
 63  0  0  0  0  2  1.876083e-01  2.000000e-07
 63  85  0  0  0  2  3.408680e-01  2.000000e-07
 63  67  0  0  0  2  1.707224e-01  2.000000e-07
 63  6  1  0  0  2  4.062089e-01  2.000000e-07
 63  64  0  0  0  2  1.546157e-01  2.000000e-07
 63  55  0  0  0  2  3.552841e-01  2.000000e-07
 63  4  0  0  0  2  2.397020e-01  2.000000e-07
 63  70  0  0  0  2  4.867515e-01  2.000000e-07
 63  61  0  0  0  2  1.838176e-01  2.000000e-07
 63  71  0  0  0  2  1.135995e-01  2.000000e-07
 63  5  0  0  0  2  2.029502e-01  2.000000e-07
 63  3  0  0  0  2  1.624855e-01  2.000000e-07
 63  56  0  0  0  2  3.284873e-01  2.000000e-07
 66  88  0  1  0  2  3.799378e-01  2.000000e-07
 66  67  0  0  0  2  1.265215e-01  2.000000e-07
 66  6  1  0  0  2  3.097030e-01  2.000000e-07
 66  64  0  0  0  2  1.292321e-01  2.000000e-07
 66  73  1  0  0  2  3.103943e-01  2.000000e-07
 66  86  0  1  0  2  3.978610e-01  2.000000e-07
 66  4  0  0  0  2  4.939532e-02  2.000000e-07
 66  60  1  0  0  2  3.394152e-01  2.000000e-07
 66  5  0  0  0  2  1.642165e-01  2.000000e-07
 66  3  0  0  0  2  2.987559e-01  2.000000e-07
 66  89  0  0  0  2  3.576412e-01  2.000000e-07
 66  72  0  1  0  2  2.842542e-01  2.000000e-07
 50  84  0  0  0  2  1.620813e-01  2.000000e-07
 50  43  0  0  0  2  2.546300e-01  2.000000e-07
 50  69  0  0  0  2  1.322314e-01  2.000000e-07
 50  55  0  0  0  2  2.744427e-01  2.000000e-07
 50  70  0  0  0  2  1.847124e-01  2.000000e-07
 50  47  0  0  0  2  1.416074e-01  2.000000e-07
 50  61  0  0  0  2  2.774972e-01  2.000000e-07
 50  71  0  0  0  2  4.608215e-01  2.000000e-07
 50  44  0  0  0  2  1.467279e-01  2.000000e-07
 50  49  0  0  0  2  9.854198e-02  2.000000e-07
 50  45  0  0  0  2  1.814714e-01  2.000000e-07
 88  0  0 -1  0  2  4.072940e-01  2.000000e-07
 88  85  0  0  0  2  2.586335e-01  2.000000e-07
 88  67  0 -1  0  2  2.827338e-01  2.000000e-07
 88  69  0  0  0  2  1.634019e-01  2.000000e-07
 88  48  0  0  0  2  2.474211e-01  2.000000e-07
 88  86  0  0  0  2  1.172462e-01  2.000000e-07
 88  47  0  0  0  2  1.616077e-01  2.000000e-07
 88  3  0 -1  0  2  3.140228e-01  2.000000e-07
 88  89  0 -1  0  2  2.632545e-01  2.000000e-07
 0  85  0  0  0  2  4.241938e-01  2.000000e-07
 0  67  0  0  0  2  2.759983e-01  2.000000e-07
 0  69  0  1  0  2  4.823500e-01  2.000000e-07
 0  70  0  0  0  2  4.564447e-01  2.000000e-07
 0  60  0  0  0  2  2.858431e-01  2.000000e-07
 0  71  0  0  0  2  2.811597e-01  2.000000e-07
 0  3  0  0  0  2  1.026004e-01  2.000000e-07
 84  1  0 -1  0  2  3.087011e-01  2.000000e-07
 84  69  0  0  0  2  7.178350e-02  2.000000e-07
 84  87  0  0  0  2  2.011136e-01  2.000000e-07
 84  86  0  0  0  2  2.673484e-01  2.000000e-07
 84  55  0  0  0  2  3.108938e-01  2.000000e-07
 84  46  0  0  0  2  3.441391e-01  2.000000e-07
 84  47  0  0  0  2  1.196694e-01  2.000000e-07
 84  44  0  0  0  2  5.177425e-02  2.000000e-07
 84  49  0  0  0  2  1.808539e-01  2.000000e-07
 84  45  0  0  0  2  1.098381e-01  2.000000e-07
 84  89  0 -1  0  2  2.786623e-01  2.000000e-07
 84  72  0  0  0  2  3.206093e-01  2.000000e-07
 1  87  0  1  0  2  3.908428e-01  2.000000e-07
 1  86  0  1  0  2  3.026831e-01  2.000000e-07
 1  61  0  0  0  2  3.210369e-01  2.000000e-07
 1  71  0  0  0  2  2.022710e-01  2.000000e-07
 1  89  0  0  0  2  1.214292e-01  2.000000e-07
 1  72  0  1  0  2  2.313657e-01  2.000000e-07
 43  73  0  0  0  2  3.265500e-01  2.000000e-07
 43  48  0  0  0  2  3.021035e-01  2.000000e-07
 43  60  0  0  0  2  2.711092e-01  2.000000e-07
 43  61  0  0  0  2  1.319082e-01  2.000000e-07
 43  49  0  0  0  2  3.194831e-01  2.000000e-07
 85  69  0  0  0  2  1.227604e-01  2.000000e-07
 85  48  0  0  0  2  8.255043e-02  2.000000e-07
 85  55  0  0  0  2  1.837866e-01  2.000000e-07
 85  70  0  0  0  2  2.754874e-01  2.000000e-07
 85  71  0  0  0  2  4.104264e-01  2.000000e-07
 85  56  0  0  0  2  2.055808e-01  2.000000e-07
 67  69  0  1  0  2  4.321114e-01  2.000000e-07
 67  6  1  0  0  2  4.255137e-01  2.000000e-07
 67  4  0  0  0  2  1.113270e-01  2.000000e-07
 67  60  1  0  0  2  4.534368e-01  2.000000e-07
 67  71  0  0  0  2  1.031367e-01  2.000000e-07
 67  3  0  0  0  2  1.853460e-01  2.000000e-07
 69  1  0 -1  0  2  3.405744e-01  2.000000e-07
 69  48  0  0  0  2  8.472704e-02  2.000000e-07
 69  55  0  0  0  2  2.401594e-01  2.000000e-07
 69  4  0 -1  0  2  4.981009e-01  2.000000e-07
 69  70  0  0  0  2  2.727652e-01  2.000000e-07
 69  44  0  0  0  2  1.058446e-01  2.000000e-07
 69  45  0  0  0  2  1.681222e-01  2.000000e-07
 69  3  0 -1  0  2  4.094662e-01  2.000000e-07
 69  56  0  0  0  2  2.753809e-01  2.000000e-07
 69  72  0  0  0  2  3.004721e-01  2.000000e-07
 6  73  0  0  0  2  3.423294e-02  2.000000e-07
 6  55 -1  0  0  2  2.730233e-01  2.000000e-07
 6  4 -1  0  0  2  3.521823e-01  2.000000e-07
 6  70  0  0  0  2  3.551212e-01  2.000000e-07
 6  60  0  0  0  2  3.161080e-01  2.000000e-07
 6  71 -1  0  0  2  3.419965e-01  2.000000e-07
 6  5 -1  0  0  2  2.037028e-01  2.000000e-07
 6  56 -1  0  0  2  2.396782e-01  2.000000e-07
 64  55  0  0  0  2  2.919121e-01  2.000000e-07
 64  61  0  0  0  2  3.211258e-01  2.000000e-07
 64  71  0  0  0  2  9.207006e-02  2.000000e-07
 64  5  0  0  0  2  5.694377e-02  2.000000e-07
 64  3  0  0  0  2  2.976985e-01  2.000000e-07
 64  89  0  0  0  2  3.778406e-01  2.000000e-07
 87  73  0  0  0  2  4.853021e-01  2.000000e-07
 87  55 -1  0  0  2  5.939048e-01  2.000000e-07
 87  46 -1  0  0  2  4.911604e-01  2.000000e-07
 87  70  0  0  0  2  1.985700e-01  2.000000e-07
 87  44  0  0  0  2  1.612241e-01  2.000000e-07
 87  45  0  0  0  2  1.014342e-01  2.000000e-07
 87  89  0 -1  0  2  2.976398e-01  2.000000e-07
 87  72 -1  0  0  2  5.198878e-01  2.000000e-07
 73  64 -1  0  0  2  2.721408e-01  2.000000e-07
 73  55 -1  0  0  2  3.072502e-01  2.000000e-07
 73  46 -1  0  0  2  3.132102e-01  2.000000e-07
 73  70  0  0  0  2  3.405471e-01  2.000000e-07
 73  5 -1  0  0  2  2.213107e-01  2.000000e-07
 48  47  0  0  0  2  9.876474e-02  2.000000e-07
 48  49  0  0  0  2  8.486822e-02  2.000000e-07
 48  89  0 -1  0  2  3.991378e-01  2.000000e-07
 86  46  0  0  0  2  1.257644e-01  2.000000e-07
 86  47  0  0  0  2  1.970662e-01  2.000000e-07
 86  49  0  0  0  2  2.606766e-01  2.000000e-07
 86  89  0 -1  0  2  3.726651e-01  2.000000e-07
 86  72  0  0  0  2  1.140057e-01  2.000000e-07
 55  46  0  0  0  2  1.189369e-01  2.000000e-07
 55  70  0  0  0  2  4.591337e-01  2.000000e-07
 55  70  1  0  0  2  5.424612e-01  2.000000e-07
 55  71  0  0  0  2  3.730327e-01  2.000000e-07
 55  49  0  0  0  2  1.760714e-01  2.000000e-07
 55  56  0  0  0  2  4.091173e-02  2.000000e-07
 55  72  0  0  0  2  3.102706e-01  2.000000e-07
 4  60  1  0  0  2  3.421271e-01  2.000000e-07
 4  71  0  0  0  2  1.299881e-01  2.000000e-07
 4  56  0  0  0  2  4.257588e-01  2.000000e-07
 4  72  0  1  0  2  2.356004e-01  2.000000e-07
 46  47  0  0  0  2  2.396679e-01  2.000000e-07
 46  49  0  0  0  2  2.638837e-01  2.000000e-07
 46  72  0  0  0  2  2.215059e-01  2.000000e-07
 70  60  0  0  0  2  4.526176e-01  2.000000e-07
 70  71  0  0  0  2  5.908705e-01  2.000000e-07
 70  45  0  0  0  2  1.699799e-01  2.000000e-07
 70  56 -1  0  0  2  5.283763e-01  2.000000e-07
 47  44  0  0  0  2  1.533906e-01  2.000000e-07
 47  49  0  0  0  2  8.869577e-02  2.000000e-07
 47  89  0 -1  0  2  3.657885e-01  2.000000e-07
 60  83  0  1  0  2  4.740879e-01  2.000000e-07
 60  3  0  0  0  2  3.715757e-01  2.000000e-07
 61  71  0  0  0  2  2.974117e-01  2.000000e-07
 61  5  0  0  0  2  3.551756e-01  2.000000e-07
 61  49  0  0  0  2  3.024151e-01  2.000000e-07
 61  3  0  0  0  2  2.168237e-01  2.000000e-07
 61  89  0  0  0  2  2.867896e-01  2.000000e-07
 71  73  1  0  0  2  3.524883e-01  2.000000e-07
 71  56  0  0  0  2  3.377603e-01  2.000000e-07
 71  72  0  1  0  2  3.249573e-01  2.000000e-07
 5  56  0  0  0  2  2.127044e-01  2.000000e-07
 44  49  0  0  0  2  1.937342e-01  2.000000e-07
 44  45  0  0  0  2  6.244082e-02  2.000000e-07
 44  89  0 -1  0  2  2.998416e-01  2.000000e-07
 45  62  0 -1  0  2  3.525336e-01  2.000000e-07
 3  89  0  0  0  2  8.946597e-02  2.000000e-07
 51  53  0  0  0  1  1.715887e-01  3.000000e-07
 51  88  0  0  0  1  1.704183e-01  3.000000e-07
 51  86  0  0  0  1  1.033428e-01  3.000000e-07
 51  55  0  0  0  1  9.881350e-02  3.000000e-07
 51  46  0  0  0  1  9.418322e-02  3.000000e-07
 51  47  0  0  0  1  1.455328e-01  3.000000e-07
 52  82  0  0  0  1  1.053963e-01  3.000000e-07
 52  65  0  0  0  1  8.404407e-02  3.000000e-07
 52  60  0  0  0  1  7.602698e-02  3.000000e-07
 53  57  0  0  0  1  1.436893e-01  3.000000e-07
 53  55  0  0  0  1  1.629747e-01  3.000000e-07
 53  47  0  0  0  1  9.473496e-02  3.000000e-07
 62  82  0  0  0  1  1.973984e-01  3.000000e-07
 62  0  0  0  0  1  9.014299e-02  3.000000e-07
 62  87  0  1  0  1  3.125613e-01  3.000000e-07
 62  3  0  0  0  1  1.309209e-01  3.000000e-07
 42  76  0  0  0  1  5.569058e-02  3.000000e-07
 42  68  0  0  0  1  1.280682e-01  3.000000e-07
 42  50  0  0  0  1  2.099648e-01  3.000000e-07
 42  43  0  0  0  1  5.513650e-02  3.000000e-07
 42  70  0  0  0  1  1.761798e-01  3.000000e-07
 42  61  0  0  0  1  1.648698e-01  3.000000e-07
 76  68  0  0  0  1  1.392229e-01  3.000000e-07
 76  65  0  0  0  1  2.969932e-01  3.000000e-07
 76  73  0  0  0  1  2.954213e-01  3.000000e-07
 76  60  0  0  0  1  2.604784e-01  3.000000e-07
 54  77  0  0  0  1  1.035303e-01  3.000000e-07
 54  74  0  0  0  1  2.058038e-01  3.000000e-07
 54  68  0  0  0  1  1.895341e-01  3.000000e-07
 54  83  0  0  0  1  1.350370e-01  3.000000e-07
 54  73  0  0  0  1  2.856308e-01  3.000000e-07
 54  70  0  0  0  1  1.699886e-01  3.000000e-07
 77  87  0  0  0  1  1.081596e-01  3.000000e-07
 58  0  0  0  0  1  1.447598e-01  3.000000e-07
 58  43  0  0  0  1  1.007803e-01  3.000000e-07
 58  60  0  0  0  1  2.915218e-01  3.000000e-07
 57  85  0  0  0  1  1.610790e-01  3.000000e-07
 57  64  0  0  0  1  2.296194e-01  3.000000e-07
 57  55  0  0  0  1  8.136833e-02  3.000000e-07
 57  61  0  0  0  1  3.216596e-01  3.000000e-07
 57  5  0  0  0  1  2.010805e-01  3.000000e-07
 57  56  0  0  0  1  6.749262e-02  3.000000e-07
 59  77  0  1  0  1  3.472989e-01  3.000000e-07
 59  82  0  0  0  1  1.919069e-01  3.000000e-07
 59  65  0  0  0  1  1.928665e-01  3.000000e-07
 59  4 -1  0  0  1  2.222206e-01  3.000000e-07
 59  72 -1  1  0  1  2.677312e-01  3.000000e-07
 2  63  0  0  0  1  1.792993e-01  3.000000e-07
 2  67  0  0  0  1  8.631407e-02  3.000000e-07
 2  3  0  0  0  1  1.155307e-01  3.000000e-07
 2  72  0  1  0  1  2.370684e-01  3.000000e-07
 74  6  0  0  0  1  1.477681e-01  3.000000e-07
 74  73  0  0  0  1  1.736178e-01  3.000000e-07
 74  46 -1  0  0  1  1.540274e-01  3.000000e-07
 74  56 -1  0  0  1  1.878306e-01  3.000000e-07
 68  73  0  0  0  1  2.396242e-01  3.000000e-07
 68  70  0  0  0  1  1.154284e-01  3.000000e-07
 82  87  0  1  0  1  2.908451e-01  3.000000e-07
 82  60  0  0  0  1  1.027008e-01  3.000000e-07
 83  87  0  0  0  1  1.005487e-01  3.000000e-07
 83  70  0  0  0  1  1.076667e-01  3.000000e-07
 83  45  0  0  0  1  1.257487e-01  3.000000e-07
 65  73  0  0  0  1  2.242006e-01  3.000000e-07
 65  4 -1  0  0  1  2.659913e-01  3.000000e-07
 65  5 -1  0  0  1  3.012541e-01  3.000000e-07
 63  0  0  0  0  1  1.876083e-01  3.000000e-07
 63  67  0  0  0  1  1.707224e-01  3.000000e-07
 63  64  0  0  0  1  1.546157e-01  3.000000e-07
 63  61  0  0  0  1  1.838176e-01  3.000000e-07
 63  71  0  0  0  1  1.135995e-01  3.000000e-07
 63  3  0  0  0  1  1.624855e-01  3.000000e-07
 66  65  1  0  0  1  2.567797e-01  3.000000e-07
 66  71  0  0  0  1  1.022630e-01  3.000000e-07
 66  5  0  0  0  1  1.642165e-01  3.000000e-07
 50  85  0  0  0  1  9.079493e-02  3.000000e-07
 50  70  0  0  0  1  1.847124e-01  3.000000e-07
 50  61  0  0  0  1  2.774972e-01  3.000000e-07
 50  44  0  0  0  1  1.467279e-01  3.000000e-07
 50  45  0  0  0  1  1.814714e-01  3.000000e-07
 88  84  0  0  0  1  1.769668e-01  3.000000e-07
 88  1  0 -1  0  1  2.165495e-01  3.000000e-07
 88  69  0  0  0  1  1.634019e-01  3.000000e-07
 88  86  0  0  0  1  1.172462e-01  3.000000e-07
 88  47  0  0  0  1  1.616077e-01  3.000000e-07
 88  89  0 -1  0  1  2.632545e-01  3.000000e-07
 0  60  0  0  0  1  2.858431e-01  3.000000e-07
 0  61  0  0  0  1  1.396401e-01  3.000000e-07
 84  69  0  0  0  1  7.178350e-02  3.000000e-07
 84  44  0  0  0  1  5.177425e-02  3.000000e-07
 84  45  0  0  0  1  1.098381e-01  3.000000e-07
 84  89  0 -1  0  1  2.786623e-01  3.000000e-07
 1  3  0  0  0  1  1.126470e-01  3.000000e-07
 1  89  0  0  0  1  1.214292e-01  3.000000e-07
 1  72  0  1  0  1  2.313657e-01  3.000000e-07
 43  60  0  0  0  1  2.711092e-01  3.000000e-07
 85  48  0  0  0  1  8.255043e-02  3.000000e-07
 85  61  0  0  0  1  2.914872e-01  3.000000e-07
 67  4  0  0  0  1  1.113270e-01  3.000000e-07
 67  71  0  0  0  1  1.031367e-01  3.000000e-07
 67  72  0  1  0  1  2.291595e-01  3.000000e-07
 69  48  0  0  0  1  8.472704e-02  3.000000e-07
 69  44  0  0  0  1  1.058446e-01  3.000000e-07
 6  5 -1  0  0  1  2.037028e-01  3.000000e-07
 6  56 -1  0  0  1  2.396782e-01  3.000000e-07
 64  71  0  0  0  1  9.207006e-02  3.000000e-07
 64  5  0  0  0  1  5.694377e-02  3.000000e-07
 87  59  0 -1  0  1  3.500797e-01  3.000000e-07
 87  89  0 -1  0  1  2.976398e-01  3.000000e-07
 73  5 -1  0  0  1  2.213107e-01  3.000000e-07
 48  47  0  0  0  1  9.876474e-02  3.000000e-07
 48  44  0  0  0  1  1.166856e-01  3.000000e-07
 48  49  0  0  0  1  8.486822e-02  3.000000e-07
 86  46  0  0  0  1  1.257644e-01  3.000000e-07
 86  72  0  0  0  1  1.140057e-01  3.000000e-07
 55  46  0  0  0  1  1.189369e-01  3.000000e-07
 4  72  0  1  0  1  2.356004e-01  3.000000e-07
 46  56  0  0  0  1  1.409052e-01  3.000000e-07
 46  72  0  0  0  1  2.215059e-01  3.000000e-07
 70  45  0  0  0  1  1.699799e-01  3.000000e-07
 47  49  0  0  0  1  8.869577e-02  3.000000e-07
 44  45  0  0  0  1  6.244082e-02  3.000000e-07
 3  89  0  0  0  1  8.946597e-02  3.000000e-07
 89  45  0  1  0  1  3.028189e-01  3.000000e-07
 4.949714e-02  2.877262e-01  0
 2.146909e-01  4.255337e-01  0
 2.367395e-01  3.961239e-01  0
 1.305317e-01  3.506567e-01  0
 4.258507e-01  3.456507e-01  0
 4.079428e-01  1.328797e-01  0
-4.155442e-01  3.120387e-02  0
-4.436827e-01 -5.401725e-02 -1.025586e-01
 1.202724e-01  1.536901e-01 -1.028482e-01
-1.082786e-01  1.262148e-01 -3.484658e-01
-4.425370e-01  8.210595e-02 -2.491719e-01
 1.354113e-01  1.460294e-01 -1.438006e-01
 9.009411e-02  2.154534e-01 -1.079904e-01
 1.146013e-01 -2.044826e-02 -1.629902e-01
 2.620175e-01  3.549412e-02 -1.224798e-01
-3.855351e-01  1.708665e-01 -1.474254e-01
-3.808753e-01 -2.476494e-01  2.494612e-01
 2.409356e-02  2.238989e-01  2.834454e-01
 2.072002e-01  1.397195e-02  2.600531e-01
-9.318792e-02  2.117769e-02  4.036739e-01
-1.247225e-01  1.023470e-01  1.396344e-01
-3.766906e-01  1.010616e-01  3.695523e-01
 2.983600e-01 -2.280557e-01 -3.816478e-01
 1.277118e-01 -3.930268e-01  3.977752e-01
 2.514760e-01  3.823936e-01  3.449762e-01
 3.300351e-01  3.856412e-01  4.196264e-01
-8.321657e-02 -3.563333e-01 -4.194689e-01
-4.280091e-02 -2.890239e-01  4.276342e-01
 4.188945e-01  1.548444e-02  3.713185e-01
-6.971191e-02  2.207418e-01  4.169928e-01
 1.362953e-01  2.644294e-01  2.857124e-01
-4.032325e-02  2.335667e-01  2.327041e-01
 2.386396e-01 -2.213820e-01  2.653978e-01
 2.303458e-01 -1.363008e-01  2.585956e-01
 4.191117e-01 -1.188902e-01 -4.046284e-01
-2.886444e-01 -3.667512e-01 -4.217234e-01
 2.962537e-01  3.579047e-01 -3.975032e-01
 1.599787e-01 -1.165213e-01 -3.631080e-01
 3.919525e-01 -1.059268e-01 -3.223356e-01
-1.921317e-01 -2.984758e-01 -2.998841e-01
 3.042027e-01 -1.726921e-01 -1.897749e-01
-3.159208e-01  4.316675e-01  2.621568e-01
-6.062009e-02  2.875520e-02  0
-6.210205e-02  8.387178e-02  0
 4.785568e-02 -2.715730e-01  0
-1.322836e-02 -2.845189e-01  0
 4.299468e-01 -2.041421e-01  0
 1.905371e-01 -2.152641e-01  0
 1.033238e-01 -1.689143e-01  0
 1.774252e-01 -1.275429e-01  0
 7.888514e-02 -1.281637e-01  0
 3.360032e-01 -2.108556e-01  0
-2.921726e-01  3.431744e-01  0
 1.901128e-01 -1.205301e-01  0
-2.622311e-01 -2.070730e-01  0
 3.529360e-01 -1.135038e-01  0
 3.703261e-01 -7.647200e-02  0
 3.114235e-01 -4.352148e-02  0
 1.666629e-02  1.467385e-01  0
-3.772490e-01  4.486666e-01  0
-2.363198e-01  2.915937e-01  0
 5.309494e-02  1.481325e-01  0
 2.134373e-04  3.632039e-01  0
 2.233939e-01  2.173219e-01  0
 3.728540e-01  1.777280e-01  0
-3.209340e-01  2.642049e-01  0
 4.242974e-01  2.962798e-01  0
 3.155884e-01  3.610102e-01  0
-1.662732e-01 -4.362494e-02  0
 1.489725e-01 -2.402926e-01  0
-1.053338e-01 -1.416561e-01  0
 3.291618e-01  2.587705e-01  0
 3.884789e-01 -4.217318e-01  0
-3.868826e-01  4.992308e-02  0
-4.455273e-01 -1.134904e-01  0
 3.192943e-01  3.349710e-01  2.183189e-01
-9.247970e-02  7.443239e-02  0
-1.778126e-01 -2.670067e-01  0
-1.217138e-01  3.842303e-02 -3.034560e-01
-1.096144e-01 -4.303270e-01 -3.131988e-01
 3.277350e-01  3.423449e-01 -3.044254e-01
 1.502102e-01  3.966733e-01  2.606896e-01
-1.958652e-01  3.859912e-01  0
-1.328506e-01 -2.457471e-01  0
 9.650634e-02 -2.892842e-01  0
 1.692382e-01 -1.192166e-01  0
 3.630029e-01 -3.106091e-01  0
-9.808316e-02 -3.400937e-01  0
 2.577360e-01 -3.622381e-01  0
 9.343773e-02  4.320704e-01  0