 735  90  1.200000e-05  56 -2 -2
 33  32  0  0  0  3  1.475715e-01  1.000000e-07
 33  31  0  0  0  3  2.194177e-01  1.000000e-07
 33  35  0  0  0  3  2.431545e-01  1.000000e-07
 33  39  0  0  0  3  3.331311e-01  1.000000e-07
 33  82  0  0  0  3  3.800566e-01  1.000000e-07
 33  34  0  0  0  3  2.210613e-01  1.000000e-07
 33  41  0  0  0  3  2.887601e-01  1.000000e-07
 33  44  0  0  1  3  4.846148e-01  1.000000e-07
 33  43  0  0  1  3  3.652518e-01  1.000000e-07
 32  45  0  0  0  3  4.725192e-01  1.000000e-07
 32  31  0  0  0  3  8.884161e-02  1.000000e-07
 32  81 -1  0  0  3  6.065988e-01  1.000000e-07
 32  37  0  0  0  3  4.349771e-01  1.000000e-07
 32  34  0  0  0  3  1.066099e-01  1.000000e-07
 45  81 -1  0  0  3  5.648247e-01  1.000000e-07
 45  37  0  0  0  3  1.535545e-01  1.000000e-07
 45  30  0  0  0  3  2.660307e-01  1.000000e-07
 45  29  0  1  0  3  5.823547e-01  1.000000e-07
 45  12  0  0  1  3  3.277889e-01  1.000000e-07
 45  47 -1  0  1  3  4.931161e-01  1.000000e-07
 31  38  0  0  0  3  1.271560e-01  1.000000e-07
 31  35  0  0  0  3  6.650564e-02  1.000000e-07
 31  34  0  0  0  3  1.072116e-01  1.000000e-07
 38  37  0 -1  0  3  4.240752e-01  1.000000e-07
 38  26  0 -1  0  3  3.873555e-01  1.000000e-07
 38  34  0  0  0  3  1.872629e-01  1.000000e-07
 38  21  0  0  1  3  5.280933e-01  1.000000e-07
 38  14  0  0  1  3  4.513219e-01  1.000000e-07
 38  87  0  0  1  3  6.099461e-01  1.000000e-07
 38  23  0 -1  1  3  6.000479e-01  1.000000e-07
 38  43  0  0  1  3  4.400538e-01  1.000000e-07
 36  81  0  0  0  3  1.625418e-01  1.000000e-07
 36  35  1  0  0  3  4.378021e-01  1.000000e-07
 36  30  1 -1  0  3  5.178469e-01  1.000000e-07
 36  40  0  0  0  3  6.375189e-02  1.000000e-07
 36  29  1  0  0  3  3.468924e-01  1.000000e-07
 36  28  0 -1  0  3  4.896492e-01  1.000000e-07
 36  28  0  0  0  3  5.180780e-01  1.000000e-07
 36  43  0  0  1  3  4.586034e-01  1.000000e-07
 81  34  0  0  0  3  3.712828e-01  1.000000e-07
 81  28  0 -1  0  3  5.634675e-01  1.000000e-07
 81  28  0  0  0  3  4.522867e-01  1.000000e-07
 81  19  0  0  1  3  5.003935e-01  1.000000e-07
 35  39  0  0  0  3  4.497604e-01  1.000000e-07
 35  30  0 -1  0  3  4.529759e-01  1.000000e-07
 35  40 -1  0  0  3  4.239713e-01  1.000000e-07
 35  29  0  0  0  3  1.538341e-01  1.000000e-07
 35  43  0  0  1  3  4.444048e-01  1.000000e-07
 39  37  0  0  0  3  1.318459e-01  1.000000e-07
 39  26  0  0  0  3  2.473741e-01  1.000000e-07
 39  29  0  0  0  3  4.588236e-01  1.000000e-07
 39  12  0  0  1  3  3.412661e-01  1.000000e-07
 39  14  0  1  1  3  5.494202e-01  1.000000e-07
 39  43  0  0  1  3  5.286836e-01  1.000000e-07
 37  27  0  0  0  3  3.270006e-01  1.000000e-07
 37  41  0  0  0  3  1.889842e-01  1.000000e-07
 30  82  0  1  0  3  4.220570e-01  1.000000e-07
 82  27  0 -1  0  3  3.546776e-01  1.000000e-07
 82  34  0  0  0  3  2.205294e-01  1.000000e-07
 82  14  0  0  1  3  4.631419e-01  1.000000e-07
 40  29  1  0  0  3  3.230408e-01  1.000000e-07
 40  28  0 -1  0  3  4.610849e-01  1.000000e-07
 40  47  0 -1  1  3  5.035333e-01  1.000000e-07
 40  19  0  0  1  3  3.905614e-01  1.000000e-07
 40  22  0  0  1  3  4.663996e-01  1.000000e-07
 40  43  0  0  1  3  4.467118e-01  1.000000e-07
 26  27  0  0  0  3  1.497686e-01  1.000000e-07
 29  87  0  0  1  3  5.457783e-01  1.000000e-07
 29  42 -1  0  1  3  3.437090e-01  1.000000e-07
 29  47 -1 -1  1  3  6.086534e-01  1.000000e-07
 29  43  0  0  1  3  4.717240e-01  1.000000e-07
 27  41  0  0  0  3  1.963705e-01  1.000000e-07
 27  46  0  0  1  3  5.586194e-01  1.000000e-07
 34  30  0 -1  0  3  4.510525e-01  1.000000e-07
 28  37  1  0  0  3  3.966962e-01  1.000000e-07
 28  41  0  0  0  3  4.446147e-01  1.000000e-07
 28  46  0  0  1  3  5.535953e-01  1.000000e-07
 41  12  0  0  1  3  4.103208e-01  1.000000e-07
 41  14  0  1  1  3  5.281096e-01  1.000000e-07
 41  44  0  0  1  3  4.888383e-01  1.000000e-07
 41  43  0  0  1  3  5.058498e-01  1.000000e-07
 41  46  0  0  1  3  4.758265e-01  1.000000e-07
 21  87  0  0  0  3  3.094397e-01  1.000000e-07
 21  15  0  0  0  3  1.985680e-01  1.000000e-07
 21  23  0 -1  0  3  4.515741e-01  1.000000e-07
 21  22  0  0  0  3  2.075475e-01  1.000000e-07
 21  17  0  0  0  3  1.659076e-01  1.000000e-07
 21  18  0  0  0  3  1.197884e-01  1.000000e-07
 21  20  0  0  0  3  2.522371e-01  1.000000e-07
 12  13 -1  0  0  3  2.887355e-01  1.000000e-07
 12  42 -1  0  0  3  3.189780e-01  1.000000e-07
 12  47 -1  0  0  3  4.189637e-01  1.000000e-07
 12  59  0  0  0  3  1.817823e-01  1.000000e-07
 12  24 -1  0  0  3  2.591640e-01  1.000000e-07
 12  25 -1  0  0  3  3.113286e-01  1.000000e-07
 16  87  0  0  0  3  5.233200e-01  1.000000e-07
 16  42 -1  0  0  3  3.867301e-01  1.000000e-07
 16  23  0  0  0  3  2.016050e-01  1.000000e-07
 16  59  0  0  0  3  7.539661e-02  1.000000e-07
 16  24 -1  0  0  3  3.087904e-01  1.000000e-07
 16  25 -1  0  0  3  3.185674e-01  1.000000e-07
 16  20  0  0  0  3  2.983290e-01  1.000000e-07
 16  46  0  0  0  3  4.363575e-01  1.000000e-07
 13  47  0  0  0  3  2.599151e-01  1.000000e-07
 13  24  0  0  0  3  1.853880e-01  1.000000e-07
 13  25  0  0  0  3  1.776357e-01  1.000000e-07
 13  46  0  0  0  3  3.701065e-01  1.000000e-07
 14  15  0  0  0  3  8.948937e-02  1.000000e-07
 14  23  0 -1  0  3  4.409987e-01  1.000000e-07
 14  22  0  0  0  3  1.978755e-01  1.000000e-07
 14  43  0  0  0  3  2.936941e-01  1.000000e-07
 14  46  0 -1  0  3  2.649103e-01  1.000000e-07
 87  15  0  0  0  3  4.397948e-01  1.000000e-07
 87  42 -1  0  0  3  5.333038e-01  1.000000e-07
 44  47  0  0  0  3  3.145804e-01  1.000000e-07
 44  19  0  0  0  3  2.381301e-01  1.000000e-07
 44  17  0  0  0  3  2.691027e-01  1.000000e-07
 44  18  0  0  0  3  3.599947e-01  1.000000e-07
 44  24  0  0  0  3  2.104776e-01  1.000000e-07
 44  20  0  0  0  3  4.126807e-01  1.000000e-07
 15  23  0 -1  0  3  4.321139e-01  1.000000e-07
 15  47  0 -1  0  3  3.091019e-01  1.000000e-07
 15  22  0  0  0  3  1.352989e-01  1.000000e-07
 15  43  0  0  0  3  2.383457e-01  1.000000e-07
 15  46  0 -1  0  3  3.085174e-01  1.000000e-07
 42  19  0  0  0  3  3.298458e-02  1.000000e-07
 42  22  0  0  0  3  4.190915e-01  1.000000e-07
 42  24  0  0  0  3  1.498501e-01  1.000000e-07
 42  25  0  0  0  3  1.798666e-01  1.000000e-07
 42  20  1  0  0  3  5.372539e-01  1.000000e-07
 23  39  0  0 -1  3  5.058037e-01  1.000000e-07
 23  59  0  0  0  3  2.163582e-01  1.000000e-07
 47  59  1  0  0  3  4.050412e-01  1.000000e-07
 47  24  0  0  0  3  3.154661e-01  1.000000e-07
 19  22  0  0  0  3  3.994260e-01  1.000000e-07
 19  17  0  0  0  3  3.711164e-01  1.000000e-07
 19  24  0  0  0  3  1.652471e-01  1.000000e-07
 19  25  0  0  0  3  1.922746e-01  1.000000e-07
 19  43  0  0  0  3  3.862451e-01  1.000000e-07
 22  17  0  0  0  3  2.244483e-01  1.000000e-07
 22  25  0  0  0  3  4.216370e-01  1.000000e-07
 22  43  0  0  0  3  2.533118e-01  1.000000e-07
 59  24 -1  0  0  3  2.861348e-01  1.000000e-07
 59  20  0  0  0  3  3.548539e-01  1.000000e-07
 17  18  0  0  0  3  1.172934e-01  1.000000e-07
 17  25  0  0  0  3  3.662235e-01  1.000000e-07
 17  20  0  0  0  3  2.476885e-01  1.000000e-07
 17  43  0  0  0  3  1.236445e-01  1.000000e-07
 18  25  0  0  0  3  3.986574e-01  1.000000e-07
 18  20  0  0  0  3  2.458919e-01  1.000000e-07
 24  25  0  0  0  3  9.984103e-02  1.000000e-07
 20  46  0  0  0  3  4.249619e-01  1.000000e-07
 81  5  0  0  0  3  1.983124e-01  1.000000e-07
 80  13  0  0  0  3  3.394333e-01  1.000000e-07
 45  67  0  0  0  3  3.235450e-01  1.000000e-07
 64  59  0  0  0  3  1.846432e-01  1.000000e-07
 27  49  0  0  0  3  1.507192e-01  1.000000e-07
 77  46  0  0  0  3  3.242775e-01  1.000000e-07
 82  76  0  0  0  3  1.770780e-01  1.000000e-07
 54  18  0  0  0  3  2.489480e-01  1.000000e-07
 26  61  0  1  0  3  2.397451e-01  1.000000e-07
 70  87  0  0  0  3  2.172490e-01  1.000000e-07
 34  76  0  0  0  3  1.506695e-01  1.000000e-07
 54  21  0  0  0  3  2.484685e-01  1.000000e-07
 37  67  0  0  0  3  2.681598e-01  1.000000e-07
 64  13 -1  0  0  3  2.295459e-01  1.000000e-07
 26  48  0  0  0  3  1.337133e-01  1.000000e-07
 69  46  0  0  0  3  3.435057e-01  1.000000e-07
 32  88  0  0  0  3  2.783633e-01  1.000000e-07
 68  25 -1  0  0  3  3.879457e-01  1.000000e-07
 37  64  0  0  0  3  2.299556e-01  1.000000e-07
 67  59  0  0  0  3  1.864457e-01  1.000000e-07
 81  7  0  0  0  3  1.263033e-01  1.000000e-07
 80  18  0  0  0  3  2.204453e-01  1.000000e-07
 32  89  0  0  0  3  2.315831e-01  1.000000e-07
 70  87  0  0  0  3  1.322262e-01  1.000000e-07
 31  89  0  0  0  3  2.340212e-01  1.000000e-07
 70  87  0  0  0  3  1.168562e-01  1.000000e-07
 30  61  0  1  0  3  1.983832e-01  1.000000e-07
 62  87  0  0  0  3  1.923390e-01  1.000000e-07
 40  73  1  0  0  3  4.007075e-01  1.000000e-07
 0  87  0  0  0  3  1.548912e-01  1.000000e-07
 32  55  0  0  0  3  2.907627e-01  1.000000e-07
 1  59  0  0  0  3  2.771479e-01  1.000000e-07
 26  60  0  0  0  3  1.923557e-01  1.000000e-07
 58  20  0  0  0  3  2.471249e-01  1.000000e-07
 30  64  0  0  0  3  1.275142e-01  1.000000e-07
 65  59  0  0  0  3  2.063875e-01  1.000000e-07
 26  69  0  0  0  3  1.663517e-01  1.000000e-07
 3  59  0  0  0  3  2.516504e-01  1.000000e-07
 26  48  0  0  0  3  1.291002e-01  1.000000e-07
 69  23  0  0  0  3  2.063472e-01  1.000000e-07
 82  4  0  0  0  3  1.641380e-01  1.000000e-07
 78  46  0 -1  0  3  3.639929e-01  1.000000e-07
 27  49  0  0  0  3  1.588554e-01  1.000000e-07
 83  44  0  0  0  3  4.263084e-01  1.000000e-07
 26  69  0  0  0  3  1.493555e-01  1.000000e-07
 60  16  0  0  0  3  2.707282e-01  1.000000e-07
 82  4  0  0  0  3  1.433567e-01  1.000000e-07
 76  15  0  0  0  3  3.530673e-01  1.000000e-07
 27  48  0  0  0  3  1.822112e-01  1.000000e-07
 69  23  0  0  0  3  2.439133e-01  1.000000e-07
 28  74  0  0  0  3  1.843123e-01  1.000000e-07
 11  47  0  0  0  3  3.301223e-01  1.000000e-07
 34  76  0  0  0  3  1.719499e-01  1.000000e-07
 54  18  0  0  0  3  2.366433e-01  1.000000e-07
 27  83  0  0  0  3  2.245127e-01  1.000000e-07
 52  18  0  0  0  3  3.062310e-01  1.000000e-07
 36  73  1  0  0  3  3.693425e-01  1.000000e-07
 0  87  0  0  0  3  1.711806e-01  1.000000e-07
 30  64  0  0  0  3  1.499738e-01  1.000000e-07
 67  13 -1  0  0  3  2.562760e-01  1.000000e-07
 30  65  0  0  0  3  1.250184e-01  1.000000e-07
 64  23  0  0  0  3  2.137963e-01  1.000000e-07
 45  50 -1  0  0  3  3.349136e-01  1.000000e-07
 75  13  0  0  0  3  2.017898e-01  1.000000e-07
 82  70  0  0  0  3  2.194089e-01  1.000000e-07
 89  87  0  0  0  3  1.716274e-01  1.000000e-07
 35  89  0  0  0  3  2.752072e-01  1.000000e-07
 0  87  0  0  0  3  1.143505e-01  1.000000e-07
 48  56  0  0  0  2  3.749993e-01  2.000000e-07
 48  72  0  0  0  2  7.341565e-02  2.000000e-07
 48  49  0  0  0  2  2.000914e-01  2.000000e-07
 48  71  0  1  0  2  4.975576e-01  2.000000e-07
 48  64  0  0  0  2  2.316552e-01  2.000000e-07
 48  76  0  1  0  2  3.955141e-01  2.000000e-07
 48  89  0  1  0  2  3.818688e-01  2.000000e-07
 48  60  0  0  0  2  1.269635e-01  2.000000e-07
 48  77  0  0  0  2  2.448916e-01  2.000000e-07
 48  79  0  0  0  2  4.642498e-01  2.000000e-07
 48  65  0  0  0  2  1.489999e-01  2.000000e-07
 48  10  0  0  0  2  4.600013e-01  2.000000e-07
 48  9  0  1  0  2  5.667222e-01  2.000000e-07
 48  74  0  0  0  2  4.416741e-01  2.000000e-07
 48  52  0  0  0  2  4.306925e-01  2.000000e-07
 48  3  0  0  0  2  1.577408e-01  2.000000e-07
 48  54  0  1  0  2  5.119583e-01  2.000000e-07
 0  70  0  0  0  2  1.462168e-01  2.000000e-07
 0  72  0 -1  0  2  3.386154e-01  2.000000e-07
 0  71 -1  0  0  2  3.838412e-01  2.000000e-07
 0  62  0  0  0  2  1.017431e-01  2.000000e-07
 0  64  0 -1  0  2  4.197191e-01  2.000000e-07
 0  76  0  0  0  2  2.863942e-01  2.000000e-07
 0  85  0  0  0  2  2.384550e-01  2.000000e-07
 0  89  0  0  0  2  1.257853e-01  2.000000e-07
 0  73  0  0  0  2  5.790367e-02  2.000000e-07
 0  65  0 -1  0  2  3.201892e-01  2.000000e-07
 0  86  0  0  0  2  1.544833e-01  2.000000e-07
 0  88  0  0  0  2  2.893449e-01  2.000000e-07
 0  75 -1 -1  0  2  4.775953e-01  2.000000e-07
 56  64  0  0  0  2  3.984530e-01  2.000000e-07
 56  67  0  0  0  2  3.710905e-01  2.000000e-07
 56  83  0  0  0  2  1.247672e-01  2.000000e-07
 56  85  0  0  0  2  1.624351e-01  2.000000e-07
 56  89  0  0  0  2  2.995558e-01  2.000000e-07
 56  60  0  0  0  2  2.534175e-01  2.000000e-07
 56  6  0  0  0  2  2.395253e-01  2.000000e-07
 56  55  0  0  0  2  1.842806e-01  2.000000e-07
 56  1  0  0  0  2  1.947255e-01  2.000000e-07
 56  52  0  0  0  2  2.224833e-01  2.000000e-07
 56  7  0  0  0  2  2.263309e-01  2.000000e-07
 56  3  0  0  0  2  3.258852e-01  2.000000e-07
 56  54  0  0  0  2  1.581656e-01  2.000000e-07
 70  72  0 -1  0  2  2.222744e-01  2.000000e-07
 70  49  0 -1  0  2  4.307504e-01  2.000000e-07
 70  76  0  0  0  2  1.948915e-01  2.000000e-07
 70  85  0  0  0  2  2.675474e-01  2.000000e-07
 70  4  0  0  0  2  4.316208e-01  2.000000e-07
 70  61  0  0  0  2  7.515172e-02  2.000000e-07
 70  77  0 -1  0  2  3.916638e-01  2.000000e-07
 70  63  0  0  0  2  6.516768e-02  2.000000e-07
 70  73  0  0  0  2  1.941882e-01  2.000000e-07
 70  51  0  0  0  2  4.145396e-01  2.000000e-07
 70  88  0  0  0  2  3.818599e-01  2.000000e-07
 70  55  0  0  0  2  3.979354e-01  2.000000e-07
 70  7  0  0  0  2  3.957954e-01  2.000000e-07
 70  69  0 -1  0  2  3.338194e-01  2.000000e-07
 70  54  0  0  0  2  3.192803e-01  2.000000e-07
 70  8  0  0  0  2  4.422861e-01  2.000000e-07
 72  49  0  0  0  2  2.617160e-01  2.000000e-07
 72  71  0  1  0  2  5.049582e-01  2.000000e-07
 72  64  0  0  0  2  2.171485e-01  2.000000e-07
 72  67  0  0  0  2  2.918366e-01  2.000000e-07
 72  76  0  1  0  2  3.504163e-01  2.000000e-07
 72  89  0  1  0  2  3.162131e-01  2.000000e-07
 72  60  0  0  0  2  1.856639e-01  2.000000e-07
 72  61  0  1  0  2  1.990945e-01  2.000000e-07
 72  77  0  0  0  2  2.823625e-01  2.000000e-07
 72  73  0  1  0  2  3.634627e-01  2.000000e-07
 72  65  0  0  0  2  1.008177e-01  2.000000e-07
 72  11 -1  0  0  2  4.917189e-01  2.000000e-07
 72  74 -1  0  0  2  5.134633e-01  2.000000e-07
 72  74  0  0  0  2  4.894643e-01  2.000000e-07
 72  57  0  0  0  2  3.681480e-01  2.000000e-07
 72  75 -1  0  0  2  4.484529e-01  2.000000e-07
 72  58  0  0  0  2  2.517703e-01  2.000000e-07
 72  53 -1  0  0  2  4.258905e-01  2.000000e-07
 72  69  0  0  0  2  1.120180e-01  2.000000e-07
 72  8  0  1  0  2  4.726961e-01  2.000000e-07
 49  62  0  1  0  2  4.884728e-01  2.000000e-07
 49  83  0  0  0  2  2.394994e-01  2.000000e-07
 49  50  0  0  0  2  3.326844e-01  2.000000e-07
 49  89  0  1  0  2  5.069406e-01  2.000000e-07
 49  60  0  0  0  2  2.259031e-01  2.000000e-07
 49  61  0  1  0  2  4.400228e-01  2.000000e-07
 49  77  0  0  0  2  1.167505e-01  2.000000e-07
 49  63  0  1  0  2  4.582140e-01  2.000000e-07
 49  79  0  0  0  2  2.899391e-01  2.000000e-07
 49  65  0  0  0  2  3.490766e-01  2.000000e-07
 49  80  0  0  0  2  5.188293e-01  2.000000e-07
 49  11  0  0  0  2  2.884107e-01  2.000000e-07
 49  10  0  0  0  2  2.599979e-01  2.000000e-07
 49  2  0  0  0  2  4.001523e-01  2.000000e-07
 49  9  0  1  0  2  4.850581e-01  2.000000e-07
 49  74  0  0  0  2  2.531959e-01  2.000000e-07
 49  55  0  0  0  2  4.366292e-01  2.000000e-07
 49  52  0  0  0  2  3.040424e-01  2.000000e-07
 49  53  0  0  0  2  3.419929e-01  2.000000e-07
 49  3  0  0  0  2  3.253858e-01  2.000000e-07
 49  69  0  0  0  2  2.292044e-01  2.000000e-07
 49  54  0  0  0  2  4.672017e-01  2.000000e-07
 84  71  0  0  0  2  4.381591e-01  2.000000e-07
 84  67  1  0  0  2  2.586274e-01  2.000000e-07
 84  5  0  0  0  2  4.351172e-02  2.000000e-07
 84  79  0  0  0  2  1.414441e-01  2.000000e-07
 84  73  1  0  0  2  4.370894e-01  2.000000e-07
 84  68  1  0  0  2  2.456858e-01  2.000000e-07
 84  80  0  0  0  2  2.549913e-01  2.000000e-07
 84  51  1  0  0  2  2.023218e-01  2.000000e-07
 84  11  0  0  0  2  1.987894e-01  2.000000e-07
 84  86  1  0  0  2  3.018058e-01  2.000000e-07
 84  88  1  0  0  2  2.703404e-01  2.000000e-07
 84  57  1  0  0  2  2.551107e-01  2.000000e-07
 84  66  1  0  0  2  1.955381e-01  2.000000e-07
 84  1  1  0  0  2  3.392442e-01  2.000000e-07
 84  75  0  0  0  2  2.157763e-01  2.000000e-07
 84  8  0  0  0  2  4.365806e-01  2.000000e-07
 71  62  1  0  0  2  4.130429e-01  2.000000e-07
 71  76  0  0  0  2  3.464281e-01  2.000000e-07
 71  5  0  0  0  2  4.285619e-01  2.000000e-07
 71  79  0  0  0  2  4.291573e-01  2.000000e-07
 71  73  1  0  0  2  3.261980e-01  2.000000e-07
 71  6  0  0  0  2  3.379450e-01  2.000000e-07
 71  65  1 -1  0  2  5.359849e-01  2.000000e-07
 71  86  1  0  0  2  3.388541e-01  2.000000e-07
 71  10  0 -1  0  2  4.168124e-01  2.000000e-07
 71  9  0  0  0  2  8.945435e-02  2.000000e-07
 71  74  0 -1  0  2  2.912249e-01  2.000000e-07
 71  75  0 -1  0  2  3.871979e-01  2.000000e-07
 71  54  0  0  0  2  3.219924e-01  2.000000e-07
 71  8  0  0  0  2  5.564519e-02  2.000000e-07
 62  50 -1 -1  0  2  4.210996e-01  2.000000e-07
 62  89  0  0  0  2  1.555617e-01  2.000000e-07
 62  61  0  0  0  2  4.918100e-02  2.000000e-07
 62  78 -1  0  0  2  4.041344e-01  2.000000e-07
 62  63  0  0  0  2  4.040699e-02  2.000000e-07
 62  68  0  0  0  2  4.183960e-01  2.000000e-07
 62  65  0 -1  0  2  2.184593e-01  2.000000e-07
 62  51  0  0  0  2  4.030845e-01  2.000000e-07
 62  86  0  0  0  2  2.529103e-01  2.000000e-07
 62  10 -1 -1  0  2  5.006733e-01  2.000000e-07
 62  9 -1  0  0  2  4.205912e-01  2.000000e-07
 62  75 -1 -1  0  2  4.156486e-01  2.000000e-07
 62  53 -1 -1  0  2  3.857329e-01  2.000000e-07
 62  3  0 -1  0  2  3.494069e-01  2.000000e-07
 64  67  0  0  0  2  8.254104e-02  2.000000e-07
 64  50 -1  0  0  2  2.541700e-01  2.000000e-07
 64  60  0  0  0  2  2.109175e-01  2.000000e-07
 64  68  0  0  0  2  2.630102e-01  2.000000e-07
 64  65  0  0  0  2  1.323935e-01  2.000000e-07
 64  66  0  0  0  2  1.948603e-01  2.000000e-07
 64  75 -1  0  0  2  2.610933e-01  2.000000e-07
 64  3  0  0  0  2  9.567864e-02  2.000000e-07
 67  5 -1  0  0  2  2.969811e-01  2.000000e-07
 67  60  0  0  0  2  2.383699e-01  2.000000e-07
 67  68  0  0  0  2  1.865262e-01  2.000000e-07
 67  11 -1  0  0  2  2.763758e-01  2.000000e-07
 67  57  0  0  0  2  1.184796e-01  2.000000e-07
 67  66  0  0  0  2  1.126358e-01  2.000000e-07
 67  1  0  0  0  2  2.189441e-01  2.000000e-07
 67  75 -1  0  0  2  2.459185e-01  2.000000e-07
 67  58  0  0  0  2  1.921381e-01  2.000000e-07
 76  85  0  0  0  2  2.092877e-01  2.000000e-07
 76  6  0  0  0  2  3.284225e-01  2.000000e-07
 76  9  0  0  0  2  3.505425e-01  2.000000e-07
 76  7  0  0  0  2  2.015443e-01  2.000000e-07
 76  54  0  0  0  2  1.276202e-01  2.000000e-07
 76  8  0  0  0  2  2.914395e-01  2.000000e-07
 83  85  0  0  0  2  2.813993e-01  2.000000e-07
 83  60  0  0  0  2  1.938270e-01  2.000000e-07
 83  77  0  0  0  2  3.562408e-01  2.000000e-07
 83  79  0  0  0  2  2.639104e-01  2.000000e-07
 83  6  0  0  0  2  1.993645e-01  2.000000e-07
 83  80  0  0  0  2  3.878790e-01  2.000000e-07
 83  88  0  0  0  2  3.540698e-01  2.000000e-07
 83  74  0  0  0  2  4.331685e-01  2.000000e-07
 83  55  0  0  0  2  2.570864e-01  2.000000e-07
 83  52  0  0  0  2  1.651411e-01  2.000000e-07
 83  58  0  0  0  2  1.957168e-01  2.000000e-07
 83  7  0  0  0  2  2.620608e-01  2.000000e-07
 83  69  0  0  0  2  2.616818e-01  2.000000e-07
 83  54  0  0  0  2  2.371062e-01  2.000000e-07
 85  89  0  0  0  2  1.728254e-01  2.000000e-07
 85  73  0  0  0  2  2.826539e-01  2.000000e-07
 85  68  0  0  0  2  1.936965e-01  2.000000e-07
 85  86  0  0  0  2  2.326213e-01  2.000000e-07
 85  88  0  0  0  2  1.628203e-01  2.000000e-07
 85  55  0  0  0  2  1.358703e-01  2.000000e-07
 85  1  0  0  0  2  1.291577e-01  2.000000e-07
 85  7  0  0  0  2  3.231108e-01  2.000000e-07
 5  79  0  0  0  2  9.799535e-02  2.000000e-07
 5  6  0  0  0  2  2.159820e-01  2.000000e-07
 5  68  1  0  0  2  2.882573e-01  2.000000e-07
 5  86  1  0  0  2  3.286790e-01  2.000000e-07
 5  10  0  0  0  2  1.697636e-01  2.000000e-07
 5  66  1  0  0  2  2.388257e-01  2.000000e-07
 5  75  0  0  0  2  2.185919e-01  2.000000e-07
 5  52  0  0  0  2  2.208889e-01  2.000000e-07
 5  8  0  0  0  2  4.216133e-01  2.000000e-07
 4  50  0 -1  0  2  3.594580e-01  2.000000e-07
 4  77  0 -1  0  2  1.879882e-01  2.000000e-07
 4  78  0  0  0  2  8.007676e-02  2.000000e-07
 4  10  0 -1  0  2  3.557673e-01  2.000000e-07
 4  9  0  0  0  2  1.816440e-01  2.000000e-07
 4  7  0  0  0  2  2.848028e-01  2.000000e-07
 4  54  0  0  0  2  3.324078e-01  2.000000e-07
 4  8  0  0  0  2  9.847309e-02  2.000000e-07
 50  61  1  1  0  2  4.355155e-01  2.000000e-07
 50  77  0  0  0  2  3.233253e-01  2.000000e-07
 50  78  0  1  0  2  2.909026e-01  2.000000e-07
 50  65  1  0  0  2  3.453408e-01  2.000000e-07
 50  80  0  0  0  2  4.494760e-01  2.000000e-07
 50  51  1  0  0  2  3.397793e-01  2.000000e-07
 50  11  0  0  0  2  4.619199e-02  2.000000e-07
 50  10  0  0  0  2  8.678870e-02  2.000000e-07
 50  2  1  0  0  2  3.517543e-01  2.000000e-07
 50  9  0  1  0  2  4.817932e-01  2.000000e-07
 50  57  1  0  0  2  3.160959e-01  2.000000e-07
 50  66  1  0  0  2  2.660868e-01  2.000000e-07
 50  52  0  0  0  2  3.711883e-01  2.000000e-07
 50  53  0  0  0  2  3.944274e-02  2.000000e-07
 50  3  1  0  0  2  3.484184e-01  2.000000e-07
 50  54  0  0  0  2  5.853932e-01  2.000000e-07
 89  77  0 -1  0  2  4.520256e-01  2.000000e-07
 89  63  0  0  0  2  1.319196e-01  2.000000e-07
 89  68  0  0  0  2  3.253183e-01  2.000000e-07
 89  65  0 -1  0  2  3.364523e-01  2.000000e-07
 89  86  0  0  0  2  2.346300e-01  2.000000e-07
 89  55  0  0  0  2  3.029392e-01  2.000000e-07
 89  54  0  0  0  2  2.660334e-01  2.000000e-07
 60  77  0  0  0  2  3.158944e-01  2.000000e-07
 60  79  0  0  0  2  4.190140e-01  2.000000e-07
 60  74  0  0  0  2  4.779877e-01  2.000000e-07
 60  1  0  0  0  2  2.535180e-01  2.000000e-07
 60  52  0  0  0  2  3.520846e-01  2.000000e-07
 60  58  0  0  0  2  8.456223e-02  2.000000e-07
 60  69  0  0  0  2  7.408792e-02  2.000000e-07
 61  77  0 -1  0  2  4.204637e-01  2.000000e-07
 61  78 -1  0  0  2  4.453551e-01  2.000000e-07
 61  73  0  0  0  2  1.681538e-01  2.000000e-07
 61  53 -1 -1  0  2  4.023578e-01  2.000000e-07
 61  3  0 -1  0  2  3.208111e-01  2.000000e-07
 61  69  0 -1  0  2  3.037578e-01  2.000000e-07
 77  78  0  1  0  2  2.059716e-01  2.000000e-07
 77  63  0  1  0  2  4.335575e-01  2.000000e-07
 77  11  0  0  0  2  2.871527e-01  2.000000e-07
 77  10  0  0  0  2  2.746190e-01  2.000000e-07
 77  9  0  1  0  2  3.691238e-01  2.000000e-07
 77  74  0  0  0  2  2.115072e-01  2.000000e-07
 77  53  0  0  0  2  3.188045e-01  2.000000e-07
 77  69  0  0  0  2  2.951367e-01  2.000000e-07
 77  54  0  1  0  2  4.397619e-01  2.000000e-07
 77  8  0  1  0  2  2.802833e-01  2.000000e-07
 78  63  1  0  0  2  4.444341e-01  2.000000e-07
 78  73  1  0  0  2  3.476311e-01  2.000000e-07
 78  80  0  0  0  2  3.013874e-01  2.000000e-07
 78  11  0 -1  0  2  2.821464e-01  2.000000e-07
 78  9  0  0  0  2  2.044663e-01  2.000000e-07
 78  74  0 -1  0  2  1.755861e-01  2.000000e-07
 78  53  0 -1  0  2  2.625134e-01  2.000000e-07
 78  8  0  0  0  2  1.499442e-01  2.000000e-07
 63  73  0  0  0  2  1.502100e-01  2.000000e-07
 63  65  0 -1  0  2  2.148024e-01  2.000000e-07
 63  51  0  0  0  2  4.121594e-01  2.000000e-07
 63  9 -1  0  0  2  4.577366e-01  2.000000e-07
 63  55  0  0  0  2  4.214524e-01  2.000000e-07
 63  53 -1 -1  0  2  4.161466e-01  2.000000e-07
 63  54  0  0  0  2  3.804496e-01  2.000000e-07
 79  6  0  0  0  2  1.435312e-01  2.000000e-07
 79  80  0  0  0  2  2.476436e-01  2.000000e-07
 79  11  0  0  0  2  2.098850e-01  2.000000e-07
 79  10  0  0  0  2  1.711613e-01  2.000000e-07
 79  74  0  0  0  2  2.902253e-01  2.000000e-07
 79  75  0  0  0  2  2.483100e-01  2.000000e-07
 79  52  0  0  0  2  1.351420e-01  2.000000e-07
 79  7  0  0  0  2  2.831958e-01  2.000000e-07
 79  8  0  0  0  2  4.096882e-01  2.000000e-07
 73  80 -1  0  0  2  3.357316e-01  2.000000e-07
 73  51  0  0  0  2  3.042978e-01  2.000000e-07
 73  11 -1 -1  0  2  4.772552e-01  2.000000e-07
 73  86  0  0  0  2  1.418461e-01  2.000000e-07
 73  88  0  0  0  2  3.059178e-01  2.000000e-07
 73  9 -1  0  0  2  3.159082e-01  2.000000e-07
 73  74 -1 -1  0  2  4.190954e-01  2.000000e-07
 73  53 -1 -1  0  2  4.102368e-01  2.000000e-07
 73  8 -1  0  0  2  3.765020e-01  2.000000e-07
 6  68  1  0  0  2  4.745836e-01  2.000000e-07
 6  80  0  0  0  2  1.912901e-01  2.000000e-07
 6  51  1  0  0  2  4.183303e-01  2.000000e-07
 6  86  1  0  0  2  4.299333e-01  2.000000e-07
 6  10  0  0  0  2  3.107255e-01  2.000000e-07
 6  9  0  0  0  2  2.622580e-01  2.000000e-07
 6  66  1  0  0  2  4.451720e-01  2.000000e-07
 6  52  0  0  0  2  4.064672e-02  2.000000e-07
 6  7  0  0  0  2  1.431388e-01  2.000000e-07
 6  54  0  0  0  2  2.029873e-01  2.000000e-07
 6  8  0  0  0  2  3.045659e-01  2.000000e-07
 68  51  0  0  0  2  6.044324e-02  2.000000e-07
 68  86  0  0  0  2  2.035012e-01  2.000000e-07
 68  2  0  0  0  2  1.356215e-01  2.000000e-07
 68  9 -1  0  0  2  4.429280e-01  2.000000e-07
 68  66  0  0  0  2  8.918732e-02  2.000000e-07
 68  55  0  0  0  2  1.079359e-01  2.000000e-07
 68  1  0  0  0  2  9.487359e-02  2.000000e-07
 68  3  0  0  0  2  2.678413e-01  2.000000e-07
 68  54  0  0  0  2  4.084252e-01  2.000000e-07
 65  10 -1  0  0  2  4.318232e-01  2.000000e-07
 65  75 -1  0  0  2  3.477389e-01  2.000000e-07
 65  3  0  0  0  2  1.313481e-01  2.000000e-07
 80  63  1  0  0  2  4.852764e-01  2.000000e-07
 80  51  1  0  0  2  3.198439e-01  2.000000e-07
 80  11  0  0  0  2  4.329315e-01  2.000000e-07
 80  86  1  0  0  2  2.676229e-01  2.000000e-07
 80  88  1  0  0  2  3.836753e-01  2.000000e-07
 80  10  0  0  0  2  4.030444e-01  2.000000e-07
 80  9  0  0  0  2  9.728548e-02  2.000000e-07
 80  52  0  0  0  2  2.306862e-01  2.000000e-07
 80  7  0  0  0  2  1.908149e-01  2.000000e-07
 80  54  0  0  0  2  2.887485e-01  2.000000e-07
 80  8  0  0  0  2  1.816978e-01  2.000000e-07
 51  89  0  0  0  2  3.316443e-01  2.000000e-07
 51  11 -1  0  0  2  3.592527e-01  2.000000e-07
 51  88  0  0  0  2  7.203807e-02  2.000000e-07
 51  10 -1  0  0  2  3.622904e-01  2.000000e-07
 51  2  0  0  0  2  1.909993e-01  2.000000e-07
 51  9 -1  0  0  2  3.842489e-01  2.000000e-07
 51  57  0  0  0  2  1.202101e-01  2.000000e-07
 51  66  0  0  0  2  1.038804e-01  2.000000e-07
 51  55  0  0  0  2  1.658486e-01  2.000000e-07
 51  52 -1  0  0  2  4.385179e-01  2.000000e-07
 51  53 -1  0  0  2  3.677116e-01  2.000000e-07
 51  3  0  0  0  2  3.164307e-01  2.000000e-07
 11  74  0  0  0  2  1.073354e-01  2.000000e-07
 11  57  1  0  0  2  3.487885e-01  2.000000e-07
 11  75  0  0  0  2  4.436897e-02  2.000000e-07
 11  53  0  0  0  2  7.261835e-02  2.000000e-07
 86  88  0  0  0  2  1.843416e-01  2.000000e-07
 86  9 -1  0  0  2  2.909402e-01  2.000000e-07
 86  1  0  0  0  2  2.488868e-01  2.000000e-07
 86  8 -1  0  0  2  3.757779e-01  2.000000e-07
 88  57  0  0  0  2  9.996706e-02  2.000000e-07
 88  55  0  0  0  2  9.760538e-02  2.000000e-07
 88  1  0  0  0  2  8.123164e-02  2.000000e-07
 88  58  0  0  0  2  2.343327e-01  2.000000e-07
 10  64  1  0  0  2  3.353031e-01  2.000000e-07
 10  9  0  1  0  2  5.029966e-01  2.000000e-07
 10  74  0  0  0  2  1.262284e-01  2.000000e-07
 10  66  1  0  0  2  3.093101e-01  2.000000e-07
 10  75  0  0  0  2  8.727470e-02  2.000000e-07
 10  52  0  0  0  2  2.925614e-01  2.000000e-07
 2  57  0  0  0  2  7.466322e-02  2.000000e-07
 2  55  0  0  0  2  1.041909e-01  2.000000e-07
 2  58  0  0  0  2  1.004088e-01  2.000000e-07
 2  53 -1  0  0  2  3.612140e-01  2.000000e-07
 2  3  0  0  0  2  1.379757e-01  2.000000e-07
 2  69  0  0  0  2  2.149968e-01  2.000000e-07
 2  54  0  0  0  2  4.003786e-01  2.000000e-07
 9  66  1  0  0  2  4.646527e-01  2.000000e-07
 9  52  0  0  0  2  3.028941e-01  2.000000e-07
 9  7  0  0  0  2  2.043366e-01  2.000000e-07
 9  53  0 -1  0  2  4.480573e-01  2.000000e-07
 9  54  0  0  0  2  2.934205e-01  2.000000e-07
 74  0  1  1  0  2  4.661264e-01  2.000000e-07
 74  75  0  0  0  2  1.113340e-01  2.000000e-07
 74  53  0  0  0  2  1.100252e-01  2.000000e-07
 74  8  0  1  0  2  3.241852e-01  2.000000e-07
 57  55  0  0  0  2  1.109930e-01  2.000000e-07
 57  1  0  0  0  2  1.090326e-01  2.000000e-07
 57  58  0  0  0  2  1.745333e-01  2.000000e-07
 57  53 -1  0  0  2  3.329270e-01  2.000000e-07
 57  69  0  0  0  2  2.844406e-01  2.000000e-07
 66  1  0  0  0  2  1.610895e-01  2.000000e-07
 66  75 -1  0  0  2  2.798939e-01  2.000000e-07
 66  3  0  0  0  2  2.274176e-01  2.000000e-07
 55  58  0  0  0  2  1.523428e-01  2.000000e-07
 55  7  0  0  0  2  4.024356e-01  2.000000e-07
 55  3  0  0  0  2  2.351467e-01  2.000000e-07
 55  69  0  0  0  2  2.933256e-01  2.000000e-07
 55  54  0  0  0  2  3.171506e-01  2.000000e-07
 1  58  0  0  0  2  1.694191e-01  2.000000e-07
 52  3  0  0  0  2  4.612575e-01  2.000000e-07
 52  54  0  0  0  2  2.148540e-01  2.000000e-07
 58  69  0  0  0  2  1.432811e-01  2.000000e-07
 7  54  0  0  0  2  9.795682e-02  2.000000e-07
 7  8  0  0  0  2  2.015475e-01  2.000000e-07
 53  3  1  0  0  2  3.424352e-01  2.000000e-07
 53  69  1  0  0  2  4.296411e-01  2.000000e-07
 3  63  0  1  0  2  3.458407e-01  2.000000e-07
 3  69  0  0  0  2  1.008537e-01  2.000000e-07
 3  54  0  0  0  2  4.840452e-01  2.000000e-07
 69  11 -1  0  0  2  4.860407e-01  2.000000e-07
 48  72  0  0  0  1  7.341565e-02  3.000000e-07
 48  49  0  0  0  1  2.000914e-01  3.000000e-07
 48  60  0  0  0  1  1.269635e-01  3.000000e-07
 48  69  0  0  0  1  6.394708e-02  3.000000e-07
 0  62  0  0  0  1  1.017431e-01  3.000000e-07
 0  85  0  0  0  1  2.384550e-01  3.000000e-07
 0  89  0  0  0  1  1.257853e-01  3.000000e-07
 0  63  0  0  0  1  1.167911e-01  3.000000e-07
 0  73  0  0  0  1  5.790367e-02  3.000000e-07
 0  86  0  0  0  1  1.544833e-01  3.000000e-07
 56  83  0  0  0  1  1.247672e-01  3.000000e-07
 56  85  0  0  0  1  1.624351e-01  3.000000e-07
 56  55  0  0  0  1  1.842806e-01  3.000000e-07
 56  52  0  0  0  1  2.224833e-01  3.000000e-07
 56  58  0  0  0  1  2.094464e-01  3.000000e-07
 56  54  0  0  0  1  1.581656e-01  3.000000e-07
 70  72  0 -1  0  1  2.222744e-01  3.000000e-07
 70  76  0  0  0  1  1.948915e-01  3.000000e-07
 70  89  0  0  0  1  9.511688e-02  3.000000e-07
 70  63  0  0  0  1  6.516768e-02  3.000000e-07
 72  61  0  1  0  1  1.990945e-01  3.000000e-07
 72  77  0  0  0  1  2.823625e-01  3.000000e-07
 72  65  0  0  0  1  1.008177e-01  3.000000e-07
 72  69  0  0  0  1  1.120180e-01  3.000000e-07
 49  83  0  0  0  1  2.394994e-01  3.000000e-07
 49  60  0  0  0  1  2.259031e-01  3.000000e-07
 49  77  0  0  0  1  1.167505e-01  3.000000e-07
 49  79  0  0  0  1  2.899391e-01  3.000000e-07
 49  10  0  0  0  1  2.599979e-01  3.000000e-07
 49  52  0  0  0  1  3.040424e-01  3.000000e-07
 84  50  0  0  0  1  2.027762e-01  3.000000e-07
 84  80  0  0  0  1  2.549913e-01  3.000000e-07
 84  51  1  0  0  1  2.023218e-01  3.000000e-07
 84  66  1  0  0  1  1.955381e-01  3.000000e-07
 71  4  0  0  0  1  9.811789e-02  3.000000e-07
 71  73  1  0  0  1  3.261980e-01  3.000000e-07
 71  9  0  0  0  1  8.945435e-02  3.000000e-07
 71  8  0  0  0  1  5.564519e-02  3.000000e-07
 62  73  0  0  0  1  1.209589e-01  3.000000e-07
 62  65  0 -1  0  1  2.184593e-01  3.000000e-07
 62  53 -1 -1  0  1  3.857329e-01  3.000000e-07
 64  67  0  0  0  1  8.254104e-02  3.000000e-07
 64  53 -1  0  0  1  2.468363e-01  3.000000e-07
 64  3  0  0  0  1  9.567864e-02  3.000000e-07
 67  50 -1  0  0  1  2.352542e-01  3.000000e-07
 67  2  0  0  0  1  1.216593e-01  3.000000e-07
 67  57  0  0  0  1  1.184796e-01  3.000000e-07
 67  66  0  0  0  1  1.126358e-01  3.000000e-07
 67  53 -1  0  0  1  2.410963e-01  3.000000e-07
 76  4  0  0  0  1  3.190750e-01  3.000000e-07
 76  89  0  0  0  1  1.606777e-01  3.000000e-07
 76  77  0 -1  0  1  3.700316e-01  3.000000e-07
 76  54  0  0  0  1  1.276202e-01  3.000000e-07
 76  8  0  0  0  1  2.914395e-01  3.000000e-07
 83  60  0  0  0  1  1.938270e-01  3.000000e-07
 83  52  0  0  0  1  1.651411e-01  3.000000e-07
 83  58  0  0  0  1  1.957168e-01  3.000000e-07
 85  89  0  0  0  1  1.728254e-01  3.000000e-07
 85  88  0  0  0  1  1.628203e-01  3.000000e-07
 85  55  0  0  0  1  1.358703e-01  3.000000e-07
 85  1  0  0  0  1  1.291577e-01  3.000000e-07
 85  54  0  0  0  1  2.265984e-01  3.000000e-07
 5  79  0  0  0  1  9.799535e-02  3.000000e-07
 5  80  0  0  0  1  2.422646e-01  3.000000e-07
 5  10  0  0  0  1  1.697636e-01  3.000000e-07
 4  77  0 -1  0  1  1.879882e-01  3.000000e-07
 4  78  0  0  0  1  8.007676e-02  3.000000e-07
 4  8  0  0  0  1  9.847309e-02  3.000000e-07
 50  10  0  0  0  1  8.678870e-02  3.000000e-07
 50  66  1  0  0  1  2.660868e-01  3.000000e-07
 89  63  0  0  0  1  1.319196e-01  3.000000e-07
 60  58  0  0  0  1  8.456223e-02  3.000000e-07
 60  3  0  0  0  1  1.153220e-01  3.000000e-07
 60  69  0  0  0  1  7.408792e-02  3.000000e-07
 61  65  0 -1  0  1  1.898347e-01  3.000000e-07
 77  78  0  1  0  1  2.059716e-01  3.000000e-07
 77  74  0  0  0  1  2.115072e-01  3.000000e-07
 78  73  1  0  0  1  3.476311e-01  3.000000e-07
 78  74  0 -1  0  1  1.755861e-01  3.000000e-07
 79  6  0  0  0  1  1.435312e-01  3.000000e-07
 79  80  0  0  0  1  2.476436e-01  3.000000e-07
 79  10  0  0  0  1  1.711613e-01  3.000000e-07
 79  52  0  0  0  1  1.351420e-01  3.000000e-07
 73  86  0  0  0  1  1.418461e-01  3.000000e-07
 73  9 -1  0  0  1  3.159082e-01  3.000000e-07
 6  80  0  0  0  1  1.912901e-01  3.000000e-07
 6  7  0  0  0  1  1.431388e-01  3.000000e-07
 68  51  0  0  0  1  6.044324e-02  3.000000e-07
 68  57  0  0  0  1  7.316281e-02  3.000000e-07
 68  66  0  0  0  1  8.918732e-02  3.000000e-07
 68  1  0  0  0  1  9.487359e-02  3.000000e-07
 65  53 -1  0  0  1  3.250754e-01  3.000000e-07
 65  3  0  0  0  1  1.313481e-01  3.000000e-07
 65  69  0  0  0  1  1.426997e-01  3.000000e-07
 80  51  1  0  0  1  3.198439e-01  3.000000e-07
 80  9  0  0  0  1  9.728548e-02  3.000000e-07
 80  7  0  0  0  1  1.908149e-01  3.000000e-07
 51  86  0  0  0  1  1.662207e-01  3.000000e-07
 51  88  0  0  0  1  7.203807e-02  3.000000e-07
 51  66  0  0  0  1  1.038804e-01  3.000000e-07
 11  74  0  0  0  1  1.073354e-01  3.000000e-07
 86  80 -1  0  0  1  2.676229e-01  3.000000e-07
 86  88  0  0  0  1  1.843416e-01  3.000000e-07
 88  1  0  0  0  1  8.123164e-02  3.000000e-07
 10  74  0  0  0  1  1.262284e-01  3.000000e-07
 2  57  0  0  0  1  7.466322e-02  3.000000e-07
 2  55  0  0  0  1  1.041909e-01  3.000000e-07
 2  58  0  0  0  1  1.004088e-01  3.000000e-07
 2  3  0  0  0  1  1.379757e-01  3.000000e-07
 9  86  1  0  0  1  2.909402e-01  3.000000e-07
 9  7  0  0  0  1  2.043366e-01  3.000000e-07
 9  8  0  0  0  1  9.427779e-02  3.000000e-07
 74  75  0  0  0  1  1.113340e-01  3.000000e-07
 74  53  0  0  0  1  1.100252e-01  3.000000e-07
 57  66  0  0  0  1  6.050092e-02  3.000000e-07
 57  55  0  0  0  1  1.109930e-01  3.000000e-07
 57  1  0  0  0  1  1.090326e-01  3.000000e-07
 55  58  0  0  0  1  1.523428e-01  3.000000e-07
 52  7  0  0  0  1  1.711186e-01  3.000000e-07
 52  54  0  0  0  1  2.148540e-01  3.000000e-07
 58  3  0  0  0  1  1.164393e-01  3.000000e-07
 7  54  0  0  0  1  9.795682e-02  3.000000e-07
 7  8  0  0  0  1  2.015475e-01  3.000000e-07
 53  78  0  1  0  1  2.625134e-01  3.000000e-07
-3.453742e-01 -2.850605e-01  0
-2.655196e-01  2.762291e-02  0
-2.781432e-01  1.410730e-01  0
-2.454601e-01  2.751219e-01  0
 2.116465e-01 -4.005632e-01  0
 3.584758e-01  9.611027e-02  0
 1.665558e-01 -2.960199e-03  0
 1.100796e-01 -1.344864e-01  0
 2.213048e-01 -3.025649e-01  0
 2.876532e-01 -2.355858e-01  0
 3.272617e-01  2.629795e-01  0
 3.613741e-01  2.894804e-01  0
-3.287027e-01  2.263182e-01 -3.620797e-01
 4.368811e-01  2.374247e-01 -1.938719e-01
 1.216463e-01 -4.068800e-01 -4.085041e-01
 9.987027e-02 -3.463101e-01 -3.463315e-01
-3.008282e-01  2.116449e-01 -2.200337e-01
 8.742310e-02 -8.512627e-02 -2.968890e-01
 9.298832e-02 -1.474750e-01 -1.976953e-01
 4.162059e-01  2.168631e-03 -4.452428e-01
-9.504953e-02  5.371365e-03 -1.559511e-01
 9.617593e-04 -2.133842e-01 -2.368917e-01
 1.935918e-01 -2.814769e-01 -2.734019e-01
-2.034313e-01  3.862351e-01 -1.940209e-01
 4.289076e-01  1.355933e-01 -3.485830e-01
 4.141615e-01  7.783168e-02 -2.684931e-01
-9.644457e-02  3.462880e-01  1.213883e-01
 1.627470e-02  2.505262e-01  1.449400e-01
 3.070408e-01  2.830367e-01  1.772732e-01
-3.575066e-01 -1.824431e-01  3.643658e-01
-3.456955e-01  3.901217e-01  1.134546e-01
-1.929290e-01 -2.073080e-01  2.202868e-01
-1.534122e-01 -1.326917e-01  1.926523e-01
-5.613050e-02 -3.862079e-02  2.515105e-01
-1.192125e-01 -2.209797e-01  1.436495e-01
-2.410751e-01 -1.959256e-01  2.647322e-01
 3.234143e-01 -2.312875e-01  2.373339e-01
-2.993964e-01  2.756575e-01  2.264847e-01
-1.967344e-01 -3.169921e-01  2.845018e-01
-2.092726e-01  2.494064e-01  3.190693e-01
 3.419276e-01 -2.698949e-01  2.845677e-01
-1.226317e-01  2.405637e-01  2.833854e-01
 4.449926e-01  1.316148e-02 -4.334756e-01
 5.204989e-02 -1.215533e-01 -4.096267e-01
 2.224565e-01  1.286593e-01 -3.889647e-01
-4.142658e-01  2.395420e-01  3.217722e-01
 1.036748e-01  3.471299e-01 -3.118432e-01
 3.045070e-01  4.238261e-01 -3.175145e-01
-1.199549e-01  3.706761e-01  0
 7.557116e-02  3.281773e-01  0
 4.068472e-01  2.975979e-01  0
-4.152603e-01  8.108220e-03  0
 1.469075e-01  3.262210e-02  0
 4.174839e-01  3.355793e-01  0
 1.212300e-02 -1.346961e-01  0
-2.525228e-01  4.008121e-02  0
-7.296413e-02 -1.367414e-03  0
-3.430910e-01  1.042439e-01  0
-1.840717e-01  1.761796e-01  0
-3.611499e-01  2.384929e-01 -1.836315e-01
-1.342718e-01  2.445224e-01  0
-2.746238e-01 -4.053954e-01  0
-3.185077e-01 -3.831923e-01  0
-2.781846e-01 -3.805892e-01  0
-3.389935e-01  2.952690e-01  0
-2.649434e-01  4.050169e-01  0
-4.031809e-01  1.112839e-01  0
-3.713051e-01  2.193152e-01  0
-3.602339e-01  3.311785e-02  0
-1.533159e-01  3.161209e-01  0
-2.177015e-01 -3.563277e-01  0
 2.727434e-01 -3.237889e-01  0
-1.666293e-01  4.273449e-01  0
-4.022520e-01 -2.959114e-01  0
 3.213361e-01  3.890688e-01  0
 4.003667e-01  3.106506e-01  0
-6.288141e-02 -2.379494e-01  0
 1.155368e-01  4.378743e-01  0
 2.813641e-01 -4.399554e-01  0
 2.609034e-01  1.052051e-01  0
 3.008364e-01 -1.391977e-01  0
 2.458489e-01 -1.604970e-01  1.132688e-01
 1.644409e-02 -3.948225e-01  1.406217e-01
-2.986582e-03  1.019282e-01  0
 4.019702e-01  9.488031e-02  0
-2.097988e-01 -8.889704e-02  0
-4.321504e-01 -1.572522e-01  0
-2.679887e-01 -2.989211e-01 -1.099980e-01
-3.433242e-01  4.277147e-03  0
-2.218531e-01 -2.613015e-01  0