 712  90  1.200000e-05  77 -2 -2
 29  34  0  0  0  3  2.666217e-01  1.000000e-07
 29  79  0  0  0  3  2.065487e-01  1.000000e-07
 29  81  0  0  0  3  2.632509e-01  1.000000e-07
 29  33  1  0  0  3  3.617737e-01  1.000000e-07
 29  37  0  0  0  3  1.799740e-01  1.000000e-07
 29  43  0  0  0  3  3.107774e-01  1.000000e-07
 17  79 -1  1  0  3  6.245851e-01  1.000000e-07
 17  44  0  1  0  3  3.729263e-01  1.000000e-07
 17  37 -1  1  0  3  5.917310e-01  1.000000e-07
 17  39 -1  0  1  3  4.589003e-01  1.000000e-07
 17  54  0  0  1  3  3.711466e-01  1.000000e-07
 17  22  0  0  1  3  3.846289e-01  1.000000e-07
 17  60  0  1  1  3  5.227650e-01  1.000000e-07
 17  21  0  0  1  3  3.555252e-01  1.000000e-07
 17  40  0  0  1  3  3.528210e-01  1.000000e-07
 27  34  0  1  0  3  5.132654e-01  1.000000e-07
 27  79  0  1  0  3  5.314856e-01  1.000000e-07
 27  25  0  0  0  3  1.421383e-01  1.000000e-07
 27  38  0  1  0  3  4.862735e-01  1.000000e-07
 27  28  0  0  1  3  4.551234e-01  1.000000e-07
 27  40  0  0  1  3  4.924930e-01  1.000000e-07
 34  32  0  0  0  3  3.464223e-01  1.000000e-07
 34  24  0  0  0  3  2.252292e-01  1.000000e-07
 34  25  0 -1  0  3  4.880298e-01  1.000000e-07
 34  37  0  0  0  3  1.910320e-01  1.000000e-07
 34  35  0  0  0  3  1.395413e-01  1.000000e-07
 34  38  0  0  0  3  2.329573e-01  1.000000e-07
 34  26  0 -1  0  3  4.665559e-01  1.000000e-07
 79  44  1  0  0  3  5.428934e-01  1.000000e-07
 79  37  0  0  0  3  2.289410e-01  1.000000e-07
 79  38  0  0  0  3  3.403427e-01  1.000000e-07
 32  81  0  0  0  3  3.571789e-01  1.000000e-07
 32  30  0  0  0  3  1.742318e-01  1.000000e-07
 32  33  0  0  0  3  2.195681e-01  1.000000e-07
 32  31  0  0  0  3  3.297515e-01  1.000000e-07
 32  36  0  0  0  3  2.765853e-01  1.000000e-07
 81  24  0  0  0  3  3.558519e-01  1.000000e-07
 81  25  0  0  0  3  1.568473e-01  1.000000e-07
 81  43  0  0  0  3  1.656577e-01  1.000000e-07
 81  36  0  0  0  3  1.593470e-01  1.000000e-07
 24  44  0  0  0  3  3.813549e-01  1.000000e-07
 24  37  0  0  0  3  2.378860e-01  1.000000e-07
 24  38  0  0  0  3  2.718290e-01  1.000000e-07
 24  28  0  0  1  3  3.733268e-01  1.000000e-07
 24  42  0  0  1  3  3.666730e-01  1.000000e-07
 24  40  0  0  1  3  4.239783e-01  1.000000e-07
 24  41  0  0  1  3  4.675139e-01  1.000000e-07
 30  33  0  0  0  3  7.503502e-02  1.000000e-07
 30  31  0  0  0  3  2.413079e-01  1.000000e-07
 33  44  0  0  0  3  3.581745e-01  1.000000e-07
 33  31  0  0  0  3  2.409529e-01  1.000000e-07
 33  43 -1  0  0  3  3.725579e-01  1.000000e-07
 33  39 -1  0  1  3  5.191584e-01  1.000000e-07
 33  40  0  0  1  3  4.765413e-01  1.000000e-07
 33  41  0  0  1  3  4.917990e-01  1.000000e-07
 25  35  0  1  0  3  4.722871e-01  1.000000e-07
 25  26  0  0  0  3  7.727445e-02  1.000000e-07
 25  36  0  0  0  3  1.196420e-01  1.000000e-07
 44  29 -1  0  0  3  4.377595e-01  1.000000e-07
 44  35  0  0  0  3  3.837220e-01  1.000000e-07
 44  41  0  0  1  3  3.878641e-01  1.000000e-07
 37  35  0  0  0  3  2.619628e-01  1.000000e-07
 37  16  0  0  1  3  4.758060e-01  1.000000e-07
 37  28  0  0  1  3  4.497577e-01  1.000000e-07
 37  15  0  0  1  3  3.449056e-01  1.000000e-07
 31  35  0  1  0  3  5.385602e-01  1.000000e-07
 31  36  0  0  0  3  3.405485e-01  1.000000e-07
 31  42  0  1  1  3  5.063164e-01  1.000000e-07
 35  38  0  0  0  3  1.330490e-01  1.000000e-07
 35  26  0 -1  0  3  4.460440e-01  1.000000e-07
 35  42  0  0  1  3  2.896175e-01  1.000000e-07
 38  26  0 -1  0  3  4.161535e-01  1.000000e-07
 38  28  0 -1  1  3  4.563759e-01  1.000000e-07
 38  23  0  0  1  3  3.926825e-01  1.000000e-07
 38  15  0  0  1  3  2.861360e-01  1.000000e-07
 26  43  0  0  0  3  1.770197e-01  1.000000e-07
 26  36  0  0  0  3  1.615076e-01  1.000000e-07
 26  28  0  0  1  3  3.829678e-01  1.000000e-07
 43  31  1  0  0  3  4.011607e-01  1.000000e-07
 43  21  1  0  1  3  4.813883e-01  1.000000e-07
 36  28  0  0  1  3  3.939190e-01  1.000000e-07
 36  40  0  0  1  3  4.672844e-01  1.000000e-07
 39  18  0  0  0  3  1.383501e-01  1.000000e-07
 39  19  0  0  0  3  2.486233e-01  1.000000e-07
 39  16  0  0  0  3  4.529678e-01  1.000000e-07
 39  28  0  0  0  3  3.138419e-01  1.000000e-07
 39  21  1  0  0  3  2.094329e-01  1.000000e-07
 39  55  0  0  0  3  2.604537e-01  1.000000e-07
 39  23  0  1  0  3  5.070542e-01  1.000000e-07
 88  18 -1  0  0  3  3.726320e-01  1.000000e-07
 88  60  0  0  0  3  1.456973e-01  1.000000e-07
 88  0  0  0  0  3  2.581859e-01  1.000000e-07
 88  55 -1  0  0  3  3.092670e-01  1.000000e-07
 88  20  0  0  0  3  3.142655e-01  1.000000e-07
 88  80  0  0  0  3  3.835569e-01  1.000000e-07
 18  19  0  0  0  3  1.533213e-01  1.000000e-07
 18  54  1  0  0  3  2.840068e-01  1.000000e-07
 18  21  1  0  0  3  1.881801e-01  1.000000e-07
 18  55  0  0  0  3  1.618903e-01  1.000000e-07
 18  20  1  0  0  3  2.139776e-01  1.000000e-07
 19  54  1  0  0  3  2.935994e-01  1.000000e-07
 19  21  1  0  0  3  3.038835e-01  1.000000e-07
 19  86  0  0  0  3  3.003696e-01  1.000000e-07
 19  80  0  0  0  3  4.426343e-01  1.000000e-07
 54  20  0  0  0  3  2.489873e-01  1.000000e-07
 54  23 -1  1  0  3  3.589257e-01  1.000000e-07
 54  42  0  1  0  3  4.849153e-01  1.000000e-07
 14  16  0  0  0  3  3.689682e-01  1.000000e-07
 14  55  0  0  0  3  2.670207e-01  1.000000e-07
 14  86  0  0  0  3  4.454154e-01  1.000000e-07
 14  23  0  0  0  3  3.839390e-01  1.000000e-07
 14  80  0  0  0  3  2.774087e-01  1.000000e-07
 14  15  0  0  0  3  2.162430e-01  1.000000e-07
 16  44  1  0 -1  3  4.691231e-01  1.000000e-07
 16  60  1  0  0  3  3.466702e-01  1.000000e-07
 16  55  0  0  0  3  4.286560e-01  1.000000e-07
 16  23  0  0  0  3  8.522597e-02  1.000000e-07
 16  15  0  0  0  3  3.178303e-01  1.000000e-07
 16  41  1  0  0  3  5.238854e-01  1.000000e-07
 22  21  0  0  0  3  1.817709e-01  1.000000e-07
 22  20  0  0  0  3  1.569858e-01  1.000000e-07
 22  86  0  0  0  3  3.425466e-01  1.000000e-07
 22  80  0  0  0  3  2.930675e-01  1.000000e-07
 22  42  0  1  0  3  4.770486e-01  1.000000e-07
 22  40  0  0  0  3  1.610561e-01  1.000000e-07
 60  0  0  0  0  3  1.913039e-01  1.000000e-07
 60  23 -1  0  0  3  3.848062e-01  1.000000e-07
 60  42  0  0  0  3  3.922744e-01  1.000000e-07
 60  41  0  0  0  3  3.941265e-01  1.000000e-07
 28  80  0  0  0  3  4.033768e-01  1.000000e-07
 28  42  0  1  0  3  4.375669e-01  1.000000e-07
 21  20  0  0  0  3  1.107562e-01  1.000000e-07
 21  23 -1  1  0  3  4.902935e-01  1.000000e-07
 21  41  0  0  0  3  1.609983e-01  1.000000e-07
 0  86  0 -1  0  3  4.697559e-01  1.000000e-07
 55  20  1  0  0  3  3.067009e-01  1.000000e-07
 55  15  0  0  0  3  3.715172e-01  1.000000e-07
 20  80  0  0  0  3  3.300316e-01  1.000000e-07
 20  41  0  0  0  3  9.184809e-02  1.000000e-07
 86  23  0  1  0  3  3.755334e-01  1.000000e-07
 86  42  0  1  0  3  4.032556e-01  1.000000e-07
 86  40  0  0  0  3  2.975850e-01  1.000000e-07
 80  15  0  0  0  3  3.777905e-01  1.000000e-07
 42  15  0  0  0  3  3.268662e-01  1.000000e-07
 15  40  0  0  0  3  4.860796e-01  1.000000e-07
 15  41  0  0  0  3  4.958928e-01  1.000000e-07
 40  41  0  0  0  3  2.559907e-01  1.000000e-07
 36  84  0  0  0  3  2.071963e-01  1.000000e-07
 9  80  0  0  0  3  1.679054e-01  1.000000e-07
 23  48  0 -1  0  3  3.460809e-01  1.000000e-07
 50  25  0  0  0  3  1.687440e-01  1.000000e-07
 31  51  0  0  0  3  2.166721e-01  1.000000e-07
 45  22  0  0  0  3  3.007062e-01  1.000000e-07
 44  74  0  0  0  3  3.991134e-01  1.000000e-07
 3  0  0  0  0  3  1.464151e-01  1.000000e-07
 26  48  0  0  0  3  2.246198e-01  1.000000e-07
 47  23  0  1  0  3  3.157343e-01  1.000000e-07
 29  75  0  0  0  3  1.595373e-01  1.000000e-07
 52  55  0  0  0  3  1.392203e-01  1.000000e-07
 43  59  1  1  0  3  4.216928e-01  1.000000e-07
 67  60  0  0  0  3  2.671836e-01  1.000000e-07
 43  75  0  0  0  3  2.764734e-01  1.000000e-07
 6  55  0  0  0  3  1.539333e-01  1.000000e-07
 25  50  0  0  0  3  1.581947e-01  1.000000e-07
 47  19  0  0  0  3  2.260329e-01  1.000000e-07
 25  46  0  0  0  3  1.345279e-01  1.000000e-07
 12  86  0  0  0  3  2.194049e-01  1.000000e-07
 81  61  0  0  0  3  2.277076e-01  1.000000e-07
 49  14  0  0  0  3  2.052556e-01  1.000000e-07
 81  50  0  0  0  3  1.858933e-01  1.000000e-07
 47  19  0  0  0  3  2.013672e-01  1.000000e-07
 79  11  0  0  0  3  1.888716e-01  1.000000e-07
 87  0  0  0  0  3  2.374735e-01  1.000000e-07
 30  70  0  0  0  3  1.664011e-01  1.000000e-07
 76  80  0  0  0  3  1.715053e-01  1.000000e-07
 29  52  0  0  0  3  1.783660e-01  1.000000e-07
 78  14  0  0  0  3  1.829915e-01  1.000000e-07
 36  46  0  0  0  3  1.733864e-01  1.000000e-07
 12  86  0  0  0  3  2.187959e-01  1.000000e-07
 30  53  0  0  0  3  1.359174e-01  1.000000e-07
 76  20  0  0  0  3  2.913559e-01  1.000000e-07
 27  57  0  0  0  3  1.733430e-01  1.000000e-07
 62  80  0  0  0  3  1.914749e-01  1.000000e-07
 30  56  0  0  0  3  1.383544e-01  1.000000e-07
 53  22  0  0  0  3  3.070069e-01  1.000000e-07
 79  63  0  0  0  3  1.316152e-01  1.000000e-07
 73  23  0  0  0  3  3.226018e-01  1.000000e-07
 30  71  0  0  0  3  1.988941e-01  1.000000e-07
 76  88  0  0  0  3  1.796169e-01  1.000000e-07
 43  47  0  0  0  3  2.777715e-01  1.000000e-07
 50  54  1  0  0  3  2.692915e-01  1.000000e-07
 27  87  0  1  0  3  2.517127e-01  1.000000e-07
 67  0  0  0  0  3  2.792900e-01  1.000000e-07
 79  66  0  0  0  3  2.262910e-01  1.000000e-07
 73  88  1  0  0  3  2.481848e-01  1.000000e-07
 81  9  0  0  0  3  2.380587e-01  1.000000e-07
 49  80  0  0  0  3  1.890260e-01  1.000000e-07
 30  89  0  0  0  3  2.258469e-01  1.000000e-07
 69  0  0  0  0  3  2.338191e-01  1.000000e-07
 26  50  0  0  0  3  2.124817e-01  1.000000e-07
 47  19  0  0  0  3  2.080778e-01  1.000000e-07
 35  87  0  0  0  3  3.469297e-01  1.000000e-07
 82  0  0  0  0  3  1.492773e-01  1.000000e-07
 32  83  0  0  0  3  2.623924e-01  1.000000e-07
 85  14  0  0  0  3  2.056119e-01  1.000000e-07
 32  69  0  0  0  3  2.818391e-01  1.000000e-07
 89  88  0  0  0  3  1.704600e-01  1.000000e-07
 27  72  0  0  0  3  2.626833e-01  1.000000e-07
 5  60  0  1  0  3  3.188407e-01  1.000000e-07
 32  82  0  0  0  3  2.587262e-01  1.000000e-07
 3  0  0  0  0  3  1.793916e-01  1.000000e-07
 31  51  0  0  0  3  2.208087e-01  1.000000e-07
 5  54  0  0  0  3  2.393198e-01  1.000000e-07
 30  56  0  0  0  3  1.672843e-01  1.000000e-07
 53  54  0  0  0  3  2.898901e-01  1.000000e-07
 89  59  0  0  0  2  4.050472e-01  2.000000e-07
 89  82  0  0  0  2  1.395334e-01  2.000000e-07
 89  83  0  0  0  2  2.339616e-01  2.000000e-07
 89  2  0  0  0  2  3.867968e-02  2.000000e-07
 89  66 -1  0  0  2  4.696013e-01  2.000000e-07
 89  69  0  0  0  2  6.030586e-03  2.000000e-07
 89  74  0  0  0  2  1.456328e-01  2.000000e-07
 89  4  0  0  0  2  4.111376e-02  2.000000e-07
 89  71  0  0  0  2  1.351677e-01  2.000000e-07
 89  1  0  0  0  2  8.168117e-02  2.000000e-07
 89  3  0  0  0  2  1.071716e-01  2.000000e-07
 89  58  0  0  0  2  2.946722e-01  2.000000e-07
 89  67  0  0  0  2  2.938445e-01  2.000000e-07
 89  77  0  0  0  2  2.400604e-01  2.000000e-07
 59  63 -1  0  0  2  5.167567e-01  2.000000e-07
 59  45  0 -1  0  2  3.319948e-01  2.000000e-07
 59  82  0  0  0  2  3.677741e-01  2.000000e-07
 59  72  0 -1  0  2  2.044517e-01  2.000000e-07
 59  47 -1 -1  0  2  4.297952e-01  2.000000e-07
 59  5  0 -1  0  2  1.398934e-01  2.000000e-07
 59  66 -1  0  0  2  3.887721e-01  2.000000e-07
 59  62  0 -1  0  2  4.420311e-01  2.000000e-07
 59  8  0 -1  0  2  3.774737e-01  2.000000e-07
 59  69  0  0  0  2  4.061018e-01  2.000000e-07
 59  87  0  0  0  2  3.892103e-01  2.000000e-07
 59  6 -1  0  0  2  4.632042e-01  2.000000e-07
 59  48 -1 -1  0  2  4.671174e-01  2.000000e-07
 59  71  0  0  0  2  4.662207e-01  2.000000e-07
 59  50 -1 -1  0  2  4.799526e-01  2.000000e-07
 59  3  0  0  0  2  3.407202e-01  2.000000e-07
 59  51  0 -1  0  2  2.582759e-01  2.000000e-07
 59  7  0  0  0  2  5.186900e-01  2.000000e-07
 59  67  0  0  0  2  1.112440e-01  2.000000e-07
 59  67  0  0  0  2  1.112440e-01  2.000000e-07
 63  10  0  0  0  2  1.818217e-01  2.000000e-07
 63  83  0  0  0  2  2.404860e-01  2.000000e-07
 63  46  0 -1  0  2  4.592732e-01  2.000000e-07
 63  47  0 -1  0  2  3.922158e-01  2.000000e-07
 63  61  0  0  0  2  3.569774e-01  2.000000e-07
 63  66  0  0  0  2  1.903115e-01  2.000000e-07
 63  68  0  0  0  2  6.115358e-02  2.000000e-07
 63  62  0 -1  0  2  5.172857e-01  2.000000e-07
 63  78  0  0  0  2  1.530532e-01  2.000000e-07
 63  73  0  0  0  2  1.216291e-01  2.000000e-07
 63  87  0  0  0  2  1.592691e-01  2.000000e-07
 63  6  0  0  0  2  3.677409e-01  2.000000e-07
 63  48  0 -1  0  2  3.413273e-01  2.000000e-07
 63  49  0  0  0  2  3.572873e-01  2.000000e-07
 63  50  0 -1  0  2  3.987513e-01  2.000000e-07
 63  7  1  0  0  2  5.466891e-01  2.000000e-07
 63  52  0  0  0  2  2.629511e-01  2.000000e-07
 63  11  0  0  0  2  1.881244e-01  2.000000e-07
 45  64  0  0  0  2  1.120936e-01  2.000000e-07
 45  56  0  0  0  2  6.822732e-02  2.000000e-07
 45  47 -1  0  0  2  4.708783e-01  2.000000e-07
 45  84  0  0  0  2  2.582574e-01  2.000000e-07
 45  5  0  0  0  2  1.922474e-01  2.000000e-07
 45  13  0  0  0  2  1.824628e-01  2.000000e-07
 45  65  0  0  0  2  3.517168e-01  2.000000e-07
 45  62  0  0  0  2  2.388389e-01  2.000000e-07
 45  8  0  0  0  2  1.648031e-01  2.000000e-07
 45  57  0  0  0  2  2.019530e-01  2.000000e-07
 45  87  0  1  0  2  5.582068e-01  2.000000e-07
 45  6 -1  0  0  2  3.920668e-01  2.000000e-07
 45  51  0  0  0  2  7.394448e-02  2.000000e-07
 45  7  0  0  0  2  2.154161e-01  2.000000e-07
 45  53  0  0  0  2  9.958908e-02  2.000000e-07
 45  76  0  0  0  2  1.869230e-01  2.000000e-07
 82  10  0  0  0  2  1.636895e-01  2.000000e-07
 82  83  0  0  0  2  1.590372e-01  2.000000e-07
 82  65  0  0  0  2  8.491737e-02  2.000000e-07
 82  69  0  0  0  2  1.453500e-01  2.000000e-07
 82  4  0  0  0  2  1.732890e-01  2.000000e-07
 82  87  0  0  0  2  1.665147e-01  2.000000e-07
 82  3  0  0  0  2  5.001753e-02  2.000000e-07
 82  51  0 -1  0  2  5.581240e-01  2.000000e-07
 82  67  0  0  0  2  2.648446e-01  2.000000e-07
 82  11  0  0  0  2  1.145092e-01  2.000000e-07
 10  83  0  0  0  2  5.996393e-02  2.000000e-07
 10  61  0  0  0  2  2.389480e-01  2.000000e-07
 10  65  0  0  0  2  1.636337e-01  2.000000e-07
 10  66  0  0  0  2  3.035036e-01  2.000000e-07
 10  73  0  0  0  2  2.061372e-01  2.000000e-07
 10  87  0  0  0  2  1.546002e-01  2.000000e-07
 10  49  0  0  0  2  2.243417e-01  2.000000e-07
 10  52  0  0  0  2  2.535319e-01  2.000000e-07
 10  11  0  0  0  2  6.659824e-02  2.000000e-07
 64  47 -1  0  0  2  4.232780e-01  2.000000e-07
 64  5  0  0  0  2  2.653400e-01  2.000000e-07
 64  2  0  0  0  2  2.402297e-01  2.000000e-07
 64  13  0  0  0  2  2.839913e-01  2.000000e-07
 64  8  0  0  0  2  8.383799e-02  2.000000e-07
 64  6 -1  0  0  2  2.800370e-01  2.000000e-07
 64  48 -1  0  0  2  4.935962e-01  2.000000e-07
 64  71  0  0  0  2  1.385386e-01  2.000000e-07
 64  50 -1  0  0  2  4.590098e-01  2.000000e-07
 64  58  0  0  0  2  1.349733e-01  2.000000e-07
 64  51  0  0  0  2  1.655072e-01  2.000000e-07
 64  67  0  1  0  2  5.060485e-01  2.000000e-07
 64  75 -1  0  0  2  2.744984e-01  2.000000e-07
 64  76  0  0  0  2  1.367265e-01  2.000000e-07
 9  46  0  0  0  2  1.904272e-01  2.000000e-07
 9  47  0  0  0  2  3.429649e-01  2.000000e-07
 9  84  0  0  0  2  9.851578e-02  2.000000e-07
 9  61  0  0  0  2  1.011121e-01  2.000000e-07
 9  85  0  0  0  2  2.000581e-01  2.000000e-07
 9  13  0  0  0  2  2.304256e-01  2.000000e-07
 9  78  0  0  0  2  2.336362e-01  2.000000e-07
 9  12  0  0  0  2  2.465207e-01  2.000000e-07
 9  50  0  0  0  2  2.997362e-01  2.000000e-07
 9  52  0  0  0  2  2.684220e-01  2.000000e-07
 9  75  0  0  0  2  4.013229e-01  2.000000e-07
 9  77  0  0  0  2  8.038681e-02  2.000000e-07
 83  46  0  0  0  2  3.602291e-01  2.000000e-07
 83  65  0  0  0  2  1.283192e-01  2.000000e-07
 83  57  0  0  0  2  3.145190e-01  2.000000e-07
 83  4  0  0  0  2  2.438974e-01  2.000000e-07
 83  87  0  0  0  2  2.031438e-01  2.000000e-07
 83  49  0  0  0  2  1.853814e-01  2.000000e-07
 83  3  0  0  0  2  2.017753e-01  2.000000e-07
 83  77  0  0  0  2  9.693583e-02  2.000000e-07
 83  70  0  0  0  2  2.927604e-01  2.000000e-07
 46  72  0  0  0  2  3.433534e-01  2.000000e-07
 46  47  0  0  0  2  1.795824e-01  2.000000e-07
 46  61  0  0  0  2  1.905146e-01  2.000000e-07
 46  62  0  0  0  2  1.464967e-01  2.000000e-07
 46  8  1  0  0  2  4.662521e-01  2.000000e-07
 46  12  0  0  0  2  1.199512e-01  2.000000e-07
 46  57  0  0  0  2  1.876345e-01  2.000000e-07
 46  73  0  0  0  2  4.751349e-01  2.000000e-07
 46  87  0  1  0  2  4.618967e-01  2.000000e-07
 46  49  0  0  0  2  1.893046e-01  2.000000e-07
 46  50  0  0  0  2  1.293675e-01  2.000000e-07
 46  58  0  0  0  2  3.535954e-01  2.000000e-07
 46  75  0  0  0  2  4.327569e-01  2.000000e-07
 46  77  0  0  0  2  2.704817e-01  2.000000e-07
 56  72  0  0  0  2  2.689985e-01  2.000000e-07
 56  5  0  0  0  2  2.490552e-01  2.000000e-07
 56  62  0  0  0  2  2.767957e-01  2.000000e-07
 56  8  0  0  0  2  1.316095e-01  2.000000e-07
 56  57  0  0  0  2  2.349425e-01  2.000000e-07
 56  71  0  0  0  2  1.510836e-01  2.000000e-07
 56  58  0  0  0  2  8.385981e-02  2.000000e-07
 56  7  0  0  0  2  1.516119e-01  2.000000e-07
 56  53  0  0  0  2  3.440159e-02  2.000000e-07
 56  70  0  0  0  2  1.350518e-01  2.000000e-07
 72  5  0  0  0  2  1.243478e-01  2.000000e-07
 72  68  0  1  0  2  4.941538e-01  2.000000e-07
 72  62  0  0  0  2  2.379440e-01  2.000000e-07
 72  12  0  0  0  2  2.245439e-01  2.000000e-07
 72  57  0  0  0  2  2.349174e-01  2.000000e-07
 72  74  0  1  0  2  3.716820e-01  2.000000e-07
 72  87  0  1  0  2  3.603003e-01  2.000000e-07
 72  48  0  0  0  2  4.119899e-01  2.000000e-07
 72  3  0  1  0  2  4.225306e-01  2.000000e-07
 72  58  0  0  0  2  1.944649e-01  2.000000e-07
 72  67  0  1  0  2  2.646918e-01  2.000000e-07
 47  61  0  0  0  2  2.939114e-01  2.000000e-07
 47  13  0  0  0  2  3.739006e-01  2.000000e-07
 47  68  0  1  0  2  4.529639e-01  2.000000e-07
 47  62  0  0  0  2  3.222648e-01  2.000000e-07
 47  8  1  0  0  2  3.398885e-01  2.000000e-07
 47  12  0  0  0  2  2.627214e-01  2.000000e-07
 47  6  0  0  0  2  4.168112e-01  2.000000e-07
 47  6  0  1  0  2  6.402639e-01  2.000000e-07
 47  48  0  0  0  2  7.065227e-02  2.000000e-07
 47  50  0  0  0  2  5.065431e-02  2.000000e-07
 47  51  1  0  0  2  4.457695e-01  2.000000e-07
 47  7  1  0  0  2  4.210239e-01  2.000000e-07
 47  53  1  0  0  2  4.481010e-01  2.000000e-07
 47  52  0  0  0  2  3.901394e-01  2.000000e-07
 47  52  0  1  0  2  6.100959e-01  2.000000e-07
 47  67  1  1  0  2  5.197383e-01  2.000000e-07
 47  75  0  0  0  2  4.021679e-01  2.000000e-07
 47  11  0  1  0  2  5.440912e-01  2.000000e-07
 84  2  0  0  0  2  1.955556e-01  2.000000e-07
 84  61  0  0  0  2  1.995977e-01  2.000000e-07
 84  85  0  0  0  2  2.151992e-01  2.000000e-07
 84  13  0  0  0  2  1.768237e-01  2.000000e-07
 84  65  0  0  0  2  1.877531e-01  2.000000e-07
 84  62  0  0  0  2  1.475967e-01  2.000000e-07
 84  12  0  0  0  2  2.406843e-01  2.000000e-07
 84  1  0  0  0  2  1.762309e-01  2.000000e-07
 84  58  0  0  0  2  2.296608e-01  2.000000e-07
 84  76  0  0  0  2  2.263402e-01  2.000000e-07
 84  77  0  0  0  2  1.042246e-01  2.000000e-07
 5  62  0  0  0  2  3.355157e-01  2.000000e-07
 5  8  0  0  0  2  2.558789e-01  2.000000e-07
 5  57  0  0  0  2  3.193011e-01  2.000000e-07
 5  50 -1  0  0  2  4.615080e-01  2.000000e-07
 5  58  0  0  0  2  2.058334e-01  2.000000e-07
 5  53  0  0  0  2  2.685654e-01  2.000000e-07
 5  67  0  1  0  2  2.409735e-01  2.000000e-07
 2  85  0  0  0  2  2.207046e-01  2.000000e-07
 2  74  0  0  0  2  1.819946e-01  2.000000e-07
 2  71  0  0  0  2  1.308607e-01  2.000000e-07
 2  1  0  0  0  2  7.104682e-02  2.000000e-07
 2  3  0  0  0  2  1.349894e-01  2.000000e-07
 2  58  0  0  0  2  2.616115e-01  2.000000e-07
 2  75 -1  0  0  2  3.688191e-01  2.000000e-07
 2  76  0  0  0  2  1.039618e-01  2.000000e-07
 61  85  0  0  0  2  2.348472e-01  2.000000e-07
 61  13  0  0  0  2  3.074102e-01  2.000000e-07
 61  65  0  0  0  2  3.027260e-01  2.000000e-07
 61  66  0  0  0  2  3.490145e-01  2.000000e-07
 61  62  0  0  0  2  2.453896e-01  2.000000e-07
 61  8  1  0  0  2  4.336737e-01  2.000000e-07
 61  78  0  0  0  2  2.044137e-01  2.000000e-07
 61  49  0  0  0  2  3.346505e-02  2.000000e-07
 61  50  0  0  0  2  2.606682e-01  2.000000e-07
 61  7  1  0  0  2  4.381524e-01  2.000000e-07
 61  52  0  0  0  2  1.818473e-01  2.000000e-07
 61  11  0  0  0  2  3.022552e-01  2.000000e-07
 85  65  0  0  0  2  1.204040e-01  2.000000e-07
 85  68  0  0  0  2  1.696548e-01  2.000000e-07
 85  78  0  0  0  2  1.382251e-01  2.000000e-07
 85  74  0  0  0  2  2.486014e-01  2.000000e-07
 85  1  0  0  0  2  1.497197e-01  2.000000e-07
 85  77  0  0  0  2  1.239308e-01  2.000000e-07
 85  11  0  0  0  2  7.412288e-02  2.000000e-07
 13  65  0  0  0  2  3.503660e-01  2.000000e-07
 13  62  0  0  0  2  6.505380e-02  2.000000e-07
 13  12  0  0  0  2  1.205151e-01  2.000000e-07
 13  74  0  1  0  2  5.330092e-01  2.000000e-07
 13  58  0  0  0  2  1.523637e-01  2.000000e-07
 13  51  0  0  0  2  1.936826e-01  2.000000e-07
 13  67  0  1  0  2  4.435219e-01  2.000000e-07
 13  76  0  0  0  2  2.864877e-01  2.000000e-07
 13  11  0  1  0  2  5.563027e-01  2.000000e-07
 65  62  0  0  0  2  3.337186e-01  2.000000e-07
 65  69  0  0  0  2  1.117512e-01  2.000000e-07
 65  78  0  0  0  2  2.581313e-01  2.000000e-07
 65  57  0  0  0  2  3.025769e-01  2.000000e-07
 65  74  0  0  0  2  1.706443e-01  2.000000e-07
 65  6 -1  0  0  2  4.558591e-01  2.000000e-07
 65  49  0  0  0  2  2.736035e-01  2.000000e-07
 65  51  0 -1  0  2  6.411055e-01  2.000000e-07
 65  7  0  0  0  2  3.398530e-01  2.000000e-07
 65  53  0  0  0  2  3.164860e-01  2.000000e-07
 65  67  0  0  0  2  3.319426e-01  2.000000e-07
 65  76  0  0  0  2  2.041503e-01  2.000000e-07
 65  70  0  0  0  2  1.849714e-01  2.000000e-07
 65  11  0  0  0  2  1.470178e-01  2.000000e-07
 66  68  0  0  0  2  2.033037e-01  2.000000e-07
 66  73  0  0  0  2  9.738552e-02  2.000000e-07
 66  48  0 -1  0  2  4.223580e-01  2.000000e-07
 66  71  1  0  0  2  4.107877e-01  2.000000e-07
 66  49  0  0  0  2  3.664560e-01  2.000000e-07
 66  50  0 -1  0  2  4.734631e-01  2.000000e-07
 66  3  1  0  0  2  4.976159e-01  2.000000e-07
 66  7  1  0  0  2  3.718800e-01  2.000000e-07
 66  67  1  0  0  2  3.734119e-01  2.000000e-07
 66  75  0  0  0  2  2.122889e-01  2.000000e-07
 68  78  0  0  0  2  9.667975e-02  2.000000e-07
 68  12  0 -1  0  2  4.664758e-01  2.000000e-07
 68  73  0  0  0  2  1.129517e-01  2.000000e-07
 68  74  0  0  0  2  3.541622e-01  2.000000e-07
 68  87  0  0  0  2  1.490581e-01  2.000000e-07
 68  6  0  0  0  2  3.540014e-01  2.000000e-07
 68  48  0 -1  0  2  4.007618e-01  2.000000e-07
 68  1  0  0  0  2  3.138505e-01  2.000000e-07
 68  3  0  0  0  2  3.072808e-01  2.000000e-07
 68  52  0  0  0  2  2.292048e-01  2.000000e-07
 68  67  1  0  0  2  5.658579e-01  2.000000e-07
 68  75  0  0  0  2  3.576709e-01  2.000000e-07
 68  77  0  0  0  2  2.661770e-01  2.000000e-07
 68  11  0  0  0  2  1.436762e-01  2.000000e-07
 62  57  0  0  0  2  4.450688e-02  2.000000e-07
 62  87  0  1  0  2  4.728673e-01  2.000000e-07
 62  49  0  0  0  2  2.235685e-01  2.000000e-07
 62  51  0  0  0  2  2.576209e-01  2.000000e-07
 62  53  0  0  0  2  3.092628e-01  2.000000e-07
 62  70  0  0  0  2  2.896251e-01  2.000000e-07
 62  11  0  1  0  2  5.741262e-01  2.000000e-07
 8  66 -1  0  0  2  4.566596e-01  2.000000e-07
 8  73 -1  0  0  2  4.934970e-01  2.000000e-07
 8  71  0  0  0  2  1.999810e-01  2.000000e-07
 8  49 -1  0  0  2  4.667093e-01  2.000000e-07
 8  50 -1  0  0  2  3.751782e-01  2.000000e-07
 8  58  0  0  0  2  1.948373e-01  2.000000e-07
 8  7  0  0  0  2  1.173207e-01  2.000000e-07
 8  53  0  0  0  2  1.092878e-01  2.000000e-07
 8  75 -1  0  0  2  2.453075e-01  2.000000e-07
 69  66 -1  0  0  2  4.655487e-01  2.000000e-07
 69  57  0  0  0  2  3.191734e-01  2.000000e-07
 69  4  0  0  0  2  3.797797e-02  2.000000e-07
 69  6 -1  0  0  2  3.443256e-01  2.000000e-07
 69  71  0  0  0  2  1.292149e-01  2.000000e-07
 69  7  0  0  0  2  2.352419e-01  2.000000e-07
 69  53  0  0  0  2  2.372474e-01  2.000000e-07
 69  70  0  0  0  2  1.112721e-01  2.000000e-07
 78  73  0  0  0  2  1.180746e-01  2.000000e-07
 78  52  0  0  0  2  1.580647e-01  2.000000e-07
 78  75  0  0  0  2  3.053797e-01  2.000000e-07
 78  77  0  0  0  2  1.930503e-01  2.000000e-07
 78  11  0  0  0  2  1.590084e-01  2.000000e-07
 12  74  0  1  0  2  5.098534e-01  2.000000e-07
 12  48  0  0  0  2  2.106158e-01  2.000000e-07
 12  50  0  0  0  2  2.146536e-01  2.000000e-07
 12  58  0  0  0  2  2.706675e-01  2.000000e-07
 12  51  0  0  0  2  2.955362e-01  2.000000e-07
 12  67  0  1  0  2  4.563020e-01  2.000000e-07
 12  77  0  0  0  2  3.160416e-01  2.000000e-07
 12  11  0  1  0  2  4.868581e-01  2.000000e-07
 57  4  0  0  0  2  2.853716e-01  2.000000e-07
 57  87  0  1  0  2  5.019487e-01  2.000000e-07
 57  58  0  0  0  2  1.699835e-01  2.000000e-07
 57  77  0  0  0  2  2.207691e-01  2.000000e-07
 57  70  0  0  0  2  2.457958e-01  2.000000e-07
 73  87  0  0  0  2  2.612271e-01  2.000000e-07
 73  48  0 -1  0  2  4.265954e-01  2.000000e-07
 73  50  0  0  0  2  5.187698e-01  2.000000e-07
 73  1  0  0  0  2  3.990904e-01  2.000000e-07
 73  75  0  0  0  2  2.523127e-01  2.000000e-07
 73  77  0  0  0  2  3.092366e-01  2.000000e-07
 74  87  0  0  0  2  2.307483e-01  2.000000e-07
 74  6 -1  0  0  2  3.874302e-01  2.000000e-07
 74  1  0  0  0  2  1.756833e-01  2.000000e-07
 74  3  0  0  0  2  7.238090e-02  2.000000e-07
 74  67  0  0  0  2  1.615293e-01  2.000000e-07
 74  75 -1  0  0  2  3.980644e-01  2.000000e-07
 74  76  0  0  0  2  2.607219e-01  2.000000e-07
 4  71  0  0  0  2  1.106342e-01  2.000000e-07
 4  58  0  0  0  2  2.535585e-01  2.000000e-07
 4  77  0  0  0  2  2.332533e-01  2.000000e-07
 4  70  0  0  0  2  7.528199e-02  2.000000e-07
 87  48  0 -1  0  2  3.912857e-01  2.000000e-07
 87  50  0 -1  0  2  4.453880e-01  2.000000e-07
 87  3  0  0  0  2  2.066630e-01  2.000000e-07
 87  51  0 -1  0  2  5.030977e-01  2.000000e-07
 87  11  0  0  0  2  1.017976e-01  2.000000e-07
 6  51  1  0  0  2  4.365146e-01  2.000000e-07
 6  7  1  0  0  2  1.797007e-01  2.000000e-07
 6  53  1  0  0  2  2.963667e-01  2.000000e-07
 6  52  0  0  0  2  1.566211e-01  2.000000e-07
 6  67  1  0  0  2  3.978951e-01  2.000000e-07
 6  75  0  0  0  2  1.470853e-02  2.000000e-07
 6  76  1  0  0  2  3.015940e-01  2.000000e-07
 48  5  1  0  0  2  4.657425e-01  2.000000e-07
 48  50  0  0  0  2  5.748122e-02  2.000000e-07
 48  67  1  1  0  2  5.479692e-01  2.000000e-07
 48  75  0  0  0  2  4.631867e-01  2.000000e-07
 71  1  0  0  0  2  2.019046e-01  2.000000e-07
 71  58  0  0  0  2  2.233181e-01  2.000000e-07
 71  7  0  0  0  2  1.071655e-01  2.000000e-07
 71  67  0  0  0  2  3.615059e-01  2.000000e-07
 71  75 -1  0  0  2  2.502734e-01  2.000000e-07
 71  70  0  0  0  2  7.985084e-02  2.000000e-07
 49  7  1  0  0  2  4.714516e-01  2.000000e-07
 49  11  0  0  0  2  2.849178e-01  2.000000e-07
 50  75  0  0  0  2  4.086108e-01  2.000000e-07
 50  77  0  0  0  2  3.790726e-01  2.000000e-07
 1  3  0  0  0  2  1.087408e-01  2.000000e-07
 1  58  0  0  0  2  3.053275e-01  2.000000e-07
 1  77  0  0  0  2  1.621093e-01  2.000000e-07
 3  67  0  0  0  2  2.330108e-01  2.000000e-07
 3  77  0  0  0  2  2.506462e-01  2.000000e-07
 58  51  0  0  0  2  8.806293e-02  2.000000e-07
 58  67  0  1  0  2  4.351354e-01  2.000000e-07
 58  76  0  0  0  2  1.860890e-01  2.000000e-07
 58  77  0  0  0  2  3.301542e-01  2.000000e-07
 58  70  0  0  0  2  1.820978e-01  2.000000e-07
 51  67  0  1  0  2  3.543135e-01  2.000000e-07
 51  76  0  0  0  2  2.602058e-01  2.000000e-07
 51  11  0  1  0  2  5.876819e-01  2.000000e-07
 7  53  0  0  0  2  1.173622e-01  2.000000e-07
 7  52 -1  0  0  2  3.235771e-01  2.000000e-07
 7  76  0  0  0  2  1.456420e-01  2.000000e-07
 7  70  0  0  0  2  1.715345e-01  2.000000e-07
 53  76  0  0  0  2  1.187339e-01  2.000000e-07
 53  70  0  0  0  2  1.322453e-01  2.000000e-07
 52  75  0  0  0  2  1.533842e-01  2.000000e-07
 52  77  0  0  0  2  2.755732e-01  2.000000e-07
 52  11  0  0  0  2  3.159856e-01  2.000000e-07
 67  69  0  0  0  2  2.949674e-01  2.000000e-07
 67  75 -1  0  0  2  4.116823e-01  2.000000e-07
 67  11  0  0  0  2  3.488310e-01  2.000000e-07
 75  76  1  0  0  2  3.028079e-01  2.000000e-07
 75  77  0  0  0  2  4.227366e-01  2.000000e-07
 11  74  0  0  0  2  2.175928e-01  2.000000e-07
 89  74  0  0  0  1  1.456328e-01  3.000000e-07
 89  1  0  0  0  1  8.168117e-02  3.000000e-07
 89  3  0  0  0  1  1.071716e-01  3.000000e-07
 59  72  0 -1  0  1  2.044517e-01  3.000000e-07
 59  47 -1 -1  0  1  4.297952e-01  3.000000e-07
 59  5  0 -1  0  1  1.398934e-01  3.000000e-07
 59  66 -1  0  0  1  3.887721e-01  3.000000e-07
 59  67  0  0  0  1  1.112440e-01  3.000000e-07
 63  66  0  0  0  1  1.903115e-01  3.000000e-07
 63  68  0  0  0  1  6.115358e-02  3.000000e-07
 63  73  0  0  0  1  1.216291e-01  3.000000e-07
 63  87  0  0  0  1  1.592691e-01  3.000000e-07
 63  48  0 -1  0  1  3.413273e-01  3.000000e-07
 45  64  0  0  0  1  1.120936e-01  3.000000e-07
 45  56  0  0  0  1  6.822732e-02  3.000000e-07
 45  51  0  0  0  1  7.394448e-02  3.000000e-07
 82  85  0  0  0  1  1.362294e-01  3.000000e-07
 82  65  0  0  0  1  8.491737e-02  3.000000e-07
 82  74  0  0  0  1  1.123721e-01  3.000000e-07
 82  3  0  0  0  1  5.001753e-02  3.000000e-07
 82  11  0  0  0  1  1.145092e-01  3.000000e-07
 10  83  0  0  0  1  5.996393e-02  3.000000e-07
 10  68  0  0  0  1  1.241364e-01  3.000000e-07
 10  11  0  0  0  1  6.659824e-02  3.000000e-07
 64  56  0  0  0  1  5.522424e-02  3.000000e-07
 64  8  0  0  0  1  8.383799e-02  3.000000e-07
 64  7  0  0  0  1  1.041629e-01  3.000000e-07
 9  46  0  0  0  1  1.904272e-01  3.000000e-07
 9  62  0  0  0  1  1.769380e-01  3.000000e-07
 9  49  0  0  0  1  6.817199e-02  3.000000e-07
 9  77  0  0  0  1  8.038681e-02  3.000000e-07
 83  65  0  0  0  1  1.283192e-01  3.000000e-07
 83  78  0  0  0  1  1.331260e-01  3.000000e-07
 83  49  0  0  0  1  1.853814e-01  3.000000e-07
 83  77  0  0  0  1  9.693583e-02  3.000000e-07
 46  61  0  0  0  1  1.905146e-01  3.000000e-07
 46  12  0  0  0  1  1.199512e-01  3.000000e-07
 46  48  0  0  0  1  1.566268e-01  3.000000e-07
 46  49  0  0  0  1  1.893046e-01  3.000000e-07
 46  50  0  0  0  1  1.293675e-01  3.000000e-07
 56  58  0  0  0  1  8.385981e-02  3.000000e-07
 56  70  0  0  0  1  1.350518e-01  3.000000e-07
 72  5  0  0  0  1  1.243478e-01  3.000000e-07
 72  13  0  0  0  1  1.804904e-01  3.000000e-07
 72  12  0  0  0  1  2.245439e-01  3.000000e-07
 72  51  0  0  0  1  1.429860e-01  3.000000e-07
 72  67  0  1  0  1  2.646918e-01  3.000000e-07
 47  5  1  0  0  1  4.116083e-01  3.000000e-07
 47  61  0  0  0  1  2.939114e-01  3.000000e-07
 47  8  1  0  0  1  3.398885e-01  3.000000e-07
 47  48  0  0  0  1  7.065227e-02  3.000000e-07
 47  50  0  0  0  1  5.065431e-02  3.000000e-07
 84  2  0  0  0  1  1.955556e-01  3.000000e-07
 84  62  0  0  0  1  1.475967e-01  3.000000e-07
 84  1  0  0  0  1  1.762309e-01  3.000000e-07
 84  58  0  0  0  1  2.296608e-01  3.000000e-07
 84  77  0  0  0  1  1.042246e-01  3.000000e-07
 84  70  0  0  0  1  2.003496e-01  3.000000e-07
 5  8  0  0  0  1  2.558789e-01  3.000000e-07
 5  51  0  0  0  1  1.188343e-01  3.000000e-07
 2  70  0  0  0  1  8.894577e-02  3.000000e-07
 61  78  0  0  0  1  2.044137e-01  3.000000e-07
 61  52  0  0  0  1  1.818473e-01  3.000000e-07
 61  75  0  0  0  1  3.029481e-01  3.000000e-07
 85  65  0  0  0  1  1.204040e-01  3.000000e-07
 85  11  0  0  0  1  7.412288e-02  3.000000e-07
 13  62  0  0  0  1  6.505380e-02  3.000000e-07
 13  12  0  0  0  1  1.205151e-01  3.000000e-07
 13  57  0  0  0  1  5.506888e-02  3.000000e-07
 13  58  0  0  0  1  1.523637e-01  3.000000e-07
 13  51  0  0  0  1  1.936826e-01  3.000000e-07
 65  3  0  0  0  1  9.909281e-02  3.000000e-07
 65  77  0  0  0  1  1.540854e-01  3.000000e-07
 66  73  0  0  0  1  9.738552e-02  3.000000e-07
 66  6  0  0  0  1  2.020653e-01  3.000000e-07
 66  48  0 -1  0  1  4.223580e-01  3.000000e-07
 66  67  1  0  0  1  3.734119e-01  3.000000e-07
 68  78  0  0  0  1  9.667975e-02  3.000000e-07
 68  73  0  0  0  1  1.129517e-01  3.000000e-07
 68  87  0  0  0  1  1.490581e-01  3.000000e-07
 68  11  0  0  0  1  1.436762e-01  3.000000e-07
 62  12  0  0  0  1  9.669370e-02  3.000000e-07
 8  51  0  0  0  1  1.882507e-01  3.000000e-07
 8  7  0  0  0  1  1.173207e-01  3.000000e-07
 8  75 -1  0  0  1  2.453075e-01  3.000000e-07
 69  74  0  0  0  1  1.485608e-01  3.000000e-07
 69  71  0  0  0  1  1.292149e-01  3.000000e-07
 78  73  0  0  0  1  1.180746e-01  3.000000e-07
 78  49  0  0  0  1  2.043819e-01  3.000000e-07
 78  52  0  0  0  1  1.580647e-01  3.000000e-07
 12  87  0  1  0  1  3.850742e-01  3.000000e-07
 12  48  0  0  0  1  2.106158e-01  3.000000e-07
 57  58  0  0  0  1  1.699835e-01  3.000000e-07
 73  52  0  0  0  1  1.502536e-01  3.000000e-07
 74  87  0  0  0  1  2.307483e-01  3.000000e-07
 74  6 -1  0  0  1  3.874302e-01  3.000000e-07
 74  3  0  0  0  1  7.238090e-02  3.000000e-07
 4  71  0  0  0  1  1.106342e-01  3.000000e-07
 4  76  0  0  0  1  8.687409e-02  3.000000e-07
 4  70  0  0  0  1  7.528199e-02  3.000000e-07
 87  67  0  0  0  1  3.186061e-01  3.000000e-07
 87  11  0  0  0  1  1.017976e-01  3.000000e-07
 6  71  1  0  0  1  2.482804e-01  3.000000e-07
 6  52  0  0  0  1  1.566211e-01  3.000000e-07
 6  67  1  0  0  1  3.978951e-01  3.000000e-07
 48  50  0  0  0  1  5.748122e-02  3.000000e-07
 71  7  0  0  0  1  1.071655e-01  3.000000e-07
 71  53  0  0  0  1  1.296753e-01  3.000000e-07
 71  76  0  0  0  1  5.492625e-02  3.000000e-07
 1  3  0  0  0  1  1.087408e-01  3.000000e-07
 1  77  0  0  0  1  1.621093e-01  3.000000e-07
 58  51  0  0  0  1  8.806293e-02  3.000000e-07
 58  70  0  0  0  1  1.820978e-01  3.000000e-07
 7  6 -1  0  0  1  1.797007e-01  3.000000e-07
 7  75 -1  0  0  1  1.761211e-01  3.000000e-07
 53  76  0  0  0  1  1.187339e-01  3.000000e-07
 52  75  0  0  0  1  1.533842e-01  3.000000e-07
-1.479199e-01 -2.532913e-01 -1.374403e-01
-1.388389e-01 -5.566265e-02  0
-2.044362e-01 -2.837464e-02  0
-1.716732e-01 -1.593278e-01  0
-2.240204e-01 -2.280333e-02  0
-3.296121e-01  4.184227e-01  0
 4.315125e-01 -3.197973e-02  0
-4.207264e-01  7.028957e-02  0
-4.375071e-01  1.864039e-01  0
 4.045161e-02  9.026717e-02  0
 3.919114e-02 -1.329495e-01  0
-8.490381e-03 -1.794447e-01  0
 2.292894e-03  3.338167e-01  0
-1.011775e-01  2.720284e-01  0
 1.433929e-01 -1.049087e-01 -1.553279e-01
 1.423999e-01 -1.401207e-01 -3.686825e-01
 3.630681e-01 -3.601381e-01 -3.061203e-01
-3.951512e-01  4.288166e-01  4.092471e-01
 4.169632e-01  1.215379e-01 -2.588532e-01
 3.283723e-01  2.237512e-01 -1.866624e-01
-3.715394e-01  1.016979e-01 -2.845751e-01
-4.283251e-01  1.621364e-01 -3.579884e-01
-2.677673e-01  2.190682e-01 -2.945801e-01
 3.230639e-01 -4.249831e-01 -2.679331e-01
 2.730831e-02 -7.204625e-02  3.698834e-01
 1.305316e-01  3.121191e-01  1.306403e-01
 1.758796e-01  3.299564e-01  1.906131e-01
-1.127226e-02  3.051109e-01  1.238694e-01
 1.115622e-01  2.397047e-01 -4.428051e-01
 3.267303e-01 -5.120994e-02  1.514017e-01
-2.801971e-01  9.425793e-02  1.327542e-01
-2.812577e-01  3.220902e-01  2.122580e-01
-1.330094e-01  2.787687e-02  1.982223e-01
-3.418330e-01  9.179462e-02  1.754765e-01
 1.205739e-01 -2.074717e-01  2.159689e-01
 4.546536e-02 -2.634035e-01  3.194198e-01
 4.561669e-02  2.369919e-01  1.688445e-01
 2.542223e-01 -1.056457e-01  3.068686e-01
 1.117277e-01 -3.262542e-01  4.161727e-01
 3.790007e-01  8.529103e-02 -3.868600e-01
-1.579385e-01  2.397709e-01 -4.105460e-01
-3.138560e-01  5.124046e-02 -3.351986e-01
-8.094748e-02 -3.673533e-01 -4.416397e-01
 3.253811e-01  2.474585e-01  2.372967e-01
-3.298442e-01 -2.056537e-01  3.746491e-01
-2.793850e-01  2.328525e-01  0
 1.037705e-01  2.698590e-01  0
 2.645204e-01  3.499171e-01  0
 2.055832e-01  3.888806e-01  0
 1.079347e-01  8.060022e-02  0
 2.169426e-01  3.325330e-01  0
-2.919055e-01  3.057293e-01  0
 2.751010e-01 -4.007873e-02  0
-3.344953e-01  1.499017e-01  0
-4.064724e-01  3.421176e-01 -2.300523e-01
 3.717547e-01  3.151826e-02 -1.321207e-01
-3.068733e-01  1.704077e-01  0
-7.771270e-02  2.222089e-01  0
-2.475327e-01  2.296627e-01  0
-3.579910e-01 -4.445926e-01  0
-3.338851e-01 -2.962732e-01 -1.503506e-01
 1.413078e-01  8.307900e-02  0
-4.098654e-02  2.473495e-01  0
 1.543414e-01 -2.736604e-01  0
-3.598494e-01  1.548112e-01  0
-1.149640e-01 -7.806621e-02  0
 3.331448e-01 -2.084852e-01  0
-3.177086e-01 -3.408980e-01  0
 1.300430e-01 -2.175414e-01  0
-2.253666e-01 -6.075743e-02  0
-2.507002e-01  4.759244e-02  0
-3.258206e-01  2.051686e-02  0
-2.052688e-01  4.194793e-01  0
 2.384404e-01 -1.857913e-01  0
-2.240236e-01 -2.093121e-01  0
 4.268902e-01 -1.801639e-02  0
-2.771338e-01  4.594309e-02  0
 5.673005e-03  1.779312e-02  0
 1.395164e-01 -1.213269e-01  0
 1.965218e-01 -2.059242e-01  1.093115e-01
-7.950393e-02  5.919570e-02 -1.368263e-01
 1.919127e-01  1.739295e-01  1.723185e-01
-1.217702e-01 -1.627104e-01  0
 1.335287e-02 -7.883801e-02  0
-5.751222e-02  1.006809e-01  0
 2.133993e-03 -1.060872e-01  0
 4.723440e-02  3.261538e-01 -2.130645e-01
-4.750429e-03 -2.811735e-01  0
-3.900214e-01 -1.653213e-01 -1.198874e-01
-2.201205e-01 -6.373170e-02  0