 711  90  1.200000e-05  65 -2 -2
 21  28  0  0  0  3  3.680053e-01  1.000000e-07
 21  26  0 -1  0  3  5.053500e-01  1.000000e-07
 21  41 -1  0  0  3  4.515742e-01  1.000000e-07
 21  25 -1 -1  0  3  5.406106e-01  1.000000e-07
 21  39  0  0  0  3  4.880275e-01  1.000000e-07
 21  27  0 -1  0  3  3.569813e-01  1.000000e-07
 21  36 -1  0  1  3  5.397483e-01  1.000000e-07
 28  29  0  0  0  3  2.715284e-02  1.000000e-07
 28  38  0  0  0  3  2.577891e-01  1.000000e-07
 28  23  0 -1  0  3  4.399287e-01  1.000000e-07
 28  17  0  0  0  3  1.900955e-01  1.000000e-07
 28  19  0  0  0  3  4.406123e-01  1.000000e-07
 28  39  0  0  0  3  4.326681e-01  1.000000e-07
 28  30  0  0  0  3  3.611613e-01  1.000000e-07
 28  13  0  0  1  3  2.962248e-01  1.000000e-07
 22  29  0  0  0  3  5.482191e-01  1.000000e-07
 22  38  0  1  0  3  3.875454e-01  1.000000e-07
 22  23  0  0  0  3  1.451120e-01  1.000000e-07
 22  40 -1  0  0  3  4.661734e-01  1.000000e-07
 22  24  0  0  0  3  2.066332e-01  1.000000e-07
 22  31 -1  0  0  3  4.801936e-01  1.000000e-07
 22  33  0  0  1  3  2.350434e-01  1.000000e-07
 22  37 -1  0  1  3  5.116321e-01  1.000000e-07
 29  23  0 -1  0  3  4.453096e-01  1.000000e-07
 29  17  0  0  0  3  1.952746e-01  1.000000e-07
 29  31 -1  0  0  3  5.491971e-01  1.000000e-07
 29  33  0  0  1  3  5.808051e-01  1.000000e-07
 29  16 -1  0  1  3  5.053568e-01  1.000000e-07
 29  36 -1  0  1  3  4.897864e-01  1.000000e-07
 29  8  0  0  1  3  3.447199e-01  1.000000e-07
 38  23  0 -1  0  3  3.311768e-01  1.000000e-07
 38  26  0 -1  0  3  4.053925e-01  1.000000e-07
 38  41  0  0  0  3  4.502531e-01  1.000000e-07
 38  24  0 -1  0  3  2.988867e-01  1.000000e-07
 38  30  0  0  0  3  4.497566e-01  1.000000e-07
 38  10  0  0  1  3  4.445450e-01  1.000000e-07
 38  36 -1  0  1  3  5.116970e-01  1.000000e-07
 23  26  0  0  0  3  3.928436e-01  1.000000e-07
 23  24  0  0  0  3  1.313023e-01  1.000000e-07
 23  39  0  1  0  3  5.095483e-01  1.000000e-07
 23  31 -1  0  0  3  5.272036e-01  1.000000e-07
 23  27  0  0  0  3  2.212244e-01  1.000000e-07
 26  25  0  0  0  3  2.314118e-01  1.000000e-07
 26  40  0  0  0  3  2.028116e-01  1.000000e-07
 26  24  0  0  0  3  3.223598e-01  1.000000e-07
 17  41 -1  0  0  3  4.890447e-01  1.000000e-07
 17  20 -1  0  0  3  4.967554e-01  1.000000e-07
 17  39  0  0  0  3  4.626966e-01  1.000000e-07
 17  30  0  0  0  3  3.814320e-01  1.000000e-07
 17  31 -1  0  0  3  4.559590e-01  1.000000e-07
 41  19  0  0  0  3  1.230579e-01  1.000000e-07
 41  39  0  0  0  3  1.885717e-01  1.000000e-07
 41  16  0  0  1  3  5.550331e-01  1.000000e-07
 19  20  0  0  0  3  1.147026e-01  1.000000e-07
 19  18  0  0  0  3  4.807299e-01  1.000000e-07
 19  40  0  0  0  3  3.484179e-01  1.000000e-07
 19  39  0  0  0  3  1.943048e-01  1.000000e-07
 19  30  0  0  0  3  3.110832e-01  1.000000e-07
 19  27  0  0  0  3  5.258848e-01  1.000000e-07
 19  32  0  0  1  3  4.010652e-01  1.000000e-07
 20  18  0  0  0  3  5.232737e-01  1.000000e-07
 20  18  1  0  0  3  4.915038e-01  1.000000e-07
 20  40  0  0  0  3  3.342727e-01  1.000000e-07
 20  39  0  0  0  3  2.479477e-01  1.000000e-07
 20  31  0  0  0  3  2.208882e-01  1.000000e-07
 18  30  0  0  0  3  3.901638e-01  1.000000e-07
 18  31 -1  0  0  3  4.279167e-01  1.000000e-07
 18  27  0  0  0  3  2.741404e-01  1.000000e-07
 25  40  0  0  0  3  2.005128e-01  1.000000e-07
 25  24  0  0  0  3  4.143685e-01  1.000000e-07
 25  30  0  0  0  3  3.554776e-01  1.000000e-07
 25  31  0  0  0  3  3.759995e-01  1.000000e-07
 25  32  0  0  1  3  4.647242e-01  1.000000e-07
 25  35  0  0  1  3  4.435484e-01  1.000000e-07
 25  36  0  1  1  3  3.468461e-01  1.000000e-07
 40  27  0  0  0  3  3.988984e-01  1.000000e-07
 40  6  0  0  1  3  4.483020e-01  1.000000e-07
 40  37  0  0  1  3  5.106375e-01  1.000000e-07
 24  27  0  0  0  3  2.344141e-01  1.000000e-07
 24  33  0  0  1  3  3.414031e-01  1.000000e-07
 24  34  0  1  1  3  3.958204e-01  1.000000e-07
 24  35  0  0  1  3  4.008212e-01  1.000000e-07
 30  6  0  0  1  3  3.420835e-01  1.000000e-07
 30  13  0  0  1  3  4.132536e-01  1.000000e-07
 30  15  0  0  1  3  3.604702e-01  1.000000e-07
 31  16  0  0  1  3  6.137863e-01  1.000000e-07
 7  14  0  0  0  3  3.371410e-01  1.000000e-07
 7  61  0  0  0  3  1.547836e-01  1.000000e-07
 7  32  0  0  0  3  1.843506e-01  1.000000e-07
 7  13  0  0  0  3  2.409583e-01  1.000000e-07
 7  16  0  0  0  3  3.629115e-01  1.000000e-07
 7  34  0  0  0  3  2.389077e-01  1.000000e-07
 7  36  0  0  0  3  4.272544e-01  1.000000e-07
 7  8  0  0  0  3  3.385205e-01  1.000000e-07
 7  15  0  0  0  3  3.046618e-01  1.000000e-07
 9  12  0  1  0  3  2.165012e-01  1.000000e-07
 9  11  0  0  0  3  2.381389e-01  1.000000e-07
 9  78  0  0  0  3  1.179361e-01  1.000000e-07
 9  79 -1  0  0  3  5.296762e-01  1.000000e-07
 9  34  0  1  0  3  3.875587e-01  1.000000e-07
 9  36 -1  1  0  3  4.281130e-01  1.000000e-07
 14  61  0  0  0  3  3.422576e-01  1.000000e-07
 14  32  0  0  0  3  2.705468e-01  1.000000e-07
 14  6  0  0  0  3  2.321041e-01  1.000000e-07
 14  10  1  0  0  3  5.657896e-01  1.000000e-07
 14  79  0  0  0  3  1.523553e-01  1.000000e-07
 14  36  0  0  0  3  5.152728e-01  1.000000e-07
 14  37  0  0  0  3  1.492960e-01  1.000000e-07
 14  15  0  0  0  3  3.172643e-01  1.000000e-07
 61  6  0  0  0  3  3.481247e-01  1.000000e-07
 61  79  0 -1  0  3  6.418420e-01  1.000000e-07
 61  16  0  0  0  3  4.102626e-01  1.000000e-07
 32  6  0  0  0  3  1.808385e-01  1.000000e-07
 32  34  0  0  0  3  3.873448e-01  1.000000e-07
 32  36  0  0  0  3  4.346382e-01  1.000000e-07
 32  37  0  0  0  3  2.758580e-01  1.000000e-07
 32  15  0  0  0  3  2.776392e-01  1.000000e-07
 6  79  0  0  0  3  1.920387e-01  1.000000e-07
 6  35  0  0  0  3  2.351106e-01  1.000000e-07
 6  37  0  0  0  3  2.513357e-01  1.000000e-07
 6  15  0  0  0  3  1.201356e-01  1.000000e-07
 12  13  0  0  0  3  3.132029e-01  1.000000e-07
 12  10  0  0  0  3  6.003096e-02  1.000000e-07
 12  16 -1  0  0  3  4.962234e-01  1.000000e-07
 12  34  0  0  0  3  3.412953e-01  1.000000e-07
 12  8  0  0  0  3  2.189808e-01  1.000000e-07
 11  78  0  0  0  3  2.776079e-01  1.000000e-07
 11  33  0  0  0  3  1.569717e-01  1.000000e-07
 11  13  0  1  0  3  4.916963e-01  1.000000e-07
 11  10  0  1  0  3  3.715931e-01  1.000000e-07
 11  16 -1  0  0  3  4.409357e-01  1.000000e-07
 11  34  0  1  0  3  4.322516e-01  1.000000e-07
 11  35  0  0  0  3  2.331661e-01  1.000000e-07
 11  37 -1  0  0  3  4.005342e-01  1.000000e-07
 78  10  0  1  0  3  2.422720e-01  1.000000e-07
 78  79  0  0  0  3  5.085088e-01  1.000000e-07
 78  5  0  0  0  3  2.305588e-01  1.000000e-07
 78  34  0  1  0  3  3.101929e-01  1.000000e-07
 78  35  0  0  0  3  2.527532e-01  1.000000e-07
 33  79 -1  0  0  3  3.918904e-01  1.000000e-07
 33  36 -1  1  0  3  2.849402e-01  1.000000e-07
 33  37 -1  0  0  3  3.453928e-01  1.000000e-07
 33  8  0  1  0  3  4.876314e-01  1.000000e-07
 13  10  0  0  0  3  3.461962e-01  1.000000e-07
 13  34  0  0  0  3  1.820457e-01  1.000000e-07
 13  8  0  0  0  3  1.950107e-01  1.000000e-07
 13  15  0  0  0  3  4.382223e-01  1.000000e-07
 10  33  0 -1  0  3  3.480879e-01  1.000000e-07
 79  15  0  0  0  3  2.732863e-01  1.000000e-07
 16  5  1  0  0  3  5.384482e-01  1.000000e-07
 16  37  0  0  0  3  1.212417e-01  1.000000e-07
 5  35  0  0  0  3  1.635649e-01  1.000000e-07
 5  37 -1  0  0  3  5.179665e-01  1.000000e-07
 5  15  0  0  0  3  2.115819e-01  1.000000e-07
 34  35  0 -1  0  3  3.989477e-01  1.000000e-07
 35  8  0  0  0  3  4.694938e-01  1.000000e-07
 35  15  0  0  0  3  1.357844e-01  1.000000e-07
 36  22  1 -1 -1  3  3.529668e-01  1.000000e-07
 36  8  1  0  0  3  4.051131e-01  1.000000e-07
 8  15  0  0  0  3  4.254040e-01  1.000000e-07
 26  64  0  0  0  3  2.652789e-01  1.000000e-07
 0  78  0  0  0  3  1.879013e-01  1.000000e-07
 41  54  0  0  0  3  2.438564e-01  1.000000e-07
 70  36  0  0  0  3  4.165178e-01  1.000000e-07
 18  80  0  0  0  3  2.417472e-01  1.000000e-07
 59  12  0  0  0  3  2.434341e-01  1.000000e-07
 21  71  0  0  0  3  1.388399e-01  1.000000e-07
 60  12  0  0  0  3  1.747937e-01  1.000000e-07
 31  85  1  0  0  3  2.818129e-01  1.000000e-07
 83  9  0  0  0  3  3.228526e-01  1.000000e-07
 27  73  0  0  0  3  1.935666e-01  1.000000e-07
 76  78  0  0  0  3  1.819558e-01  1.000000e-07
 21  85  0 -1  0  3  1.511599e-01  1.000000e-07
 83  9  0  0  0  3  1.808332e-01  1.000000e-07
 41  70  0  0  0  3  2.473897e-01  1.000000e-07
 54  61  0  0  0  3  1.793763e-01  1.000000e-07
 39  81  0 -1  0  3  2.874596e-01  1.000000e-07
 87  79  0  0  0  3  3.857881e-01  1.000000e-07
 41  62  1  0  0  3  3.483472e-01  1.000000e-07
 60  10  0  0  0  3  2.602857e-01  1.000000e-07
 20  70  0  0  0  3  1.665130e-01  1.000000e-07
 52  61  0  0  0  3  1.995898e-01  1.000000e-07
 17  80  0  0  0  3  2.623853e-01  1.000000e-07
 60  10  0  0  0  3  2.337841e-01  1.000000e-07
 27  84  0  0  0  3  1.733856e-01  1.000000e-07
 76  5  0  0  0  3  1.334177e-01  1.000000e-07
 26  75  0  1  0  3  3.142283e-01  1.000000e-07
 74  61  0  0  0  3  2.280224e-01  1.000000e-07
 40  58  0  0  0  3  3.630132e-01  1.000000e-07
 77  5  0  0  0  3  1.630161e-01  1.000000e-07
 20  56  0  0  0  3  2.698837e-01  1.000000e-07
 55  5  0  0  0  3  2.584800e-01  1.000000e-07
 27  73  0  0  0  3  1.926580e-01  1.000000e-07
 76  9  0  0  0  3  1.752550e-01  1.000000e-07
 18  59  0  0  0  3  1.739909e-01  1.000000e-07
 57  8  0  0  0  3  3.322309e-01  1.000000e-07
 39  70  0  0  0  3  1.565545e-01  1.000000e-07
 3  61  0  0  0  3  1.658439e-01  1.000000e-07
 18  84  0  0  0  3  2.151057e-01  1.000000e-07
 53  5  0  0  0  3  1.741083e-01  1.000000e-07
 17  80  0  0  0  3  2.518512e-01  1.000000e-07
 60  12  0  0  0  3  2.164599e-01  1.000000e-07
 26  82  0  0  0  3  2.694644e-01  1.000000e-07
 43  79  0  0  0  3  2.477260e-01  1.000000e-07
 81  70  0  1  0  2  3.302076e-01  2.000000e-07
 81  54  0  1  0  2  3.074600e-01  2.000000e-07
 81  82  0  0  0  2  2.135795e-01  2.000000e-07
 81  86  0  0  0  2  2.434461e-01  2.000000e-07
 81  88  0  1  0  2  4.499151e-01  2.000000e-07
 81  51  0  0  0  2  3.083496e-01  2.000000e-07
 81  62  1  1  0  2  4.244458e-01  2.000000e-07
 81  72  0  1  0  2  3.823296e-01  2.000000e-07
 81  77  0  0  0  2  3.025699e-01  2.000000e-07
 81  66  0  0  0  2  2.230626e-01  2.000000e-07
 81  73  1  0  0  2  5.969579e-01  2.000000e-07
 81  42  0  0  0  2  2.613526e-01  2.000000e-07
 81  58  0  0  0  2  3.201496e-01  2.000000e-07
 81  49  0  0  0  2  4.527784e-01  2.000000e-07
 81  80  1  1  0  2  5.791503e-01  2.000000e-07
 81  75  0  1  0  2  2.077563e-01  2.000000e-07
 81  87  0  0  0  2  1.012010e-01  2.000000e-07
 81  0  0  0  0  2  2.525797e-01  2.000000e-07
 81  76  1  0  0  2  5.929915e-01  2.000000e-07
 81  85  1  0  0  2  3.941192e-01  2.000000e-07
 81  43  0  0  0  2  2.455097e-01  2.000000e-07
 53  64  0  0  0  2  2.916475e-01  2.000000e-07
 53  86 -1  0  0  2  5.096794e-01  2.000000e-07
 53  84  0  0  0  2  5.722994e-02  2.000000e-07
 53  65  0  0  0  2  1.054973e-01  2.000000e-07
 53  83  0  0  0  2  3.038983e-01  2.000000e-07
 53  55  0  0  0  2  2.488975e-01  2.000000e-07
 53  1  0  0  0  2  7.074268e-02  2.000000e-07
 53  68  0  0  0  2  2.429908e-01  2.000000e-07
 53  89  0  0  0  2  2.061792e-01  2.000000e-07
 53  47  0  0  0  2  2.868276e-01  2.000000e-07
 53  66  0  0  0  2  2.429090e-01  2.000000e-07
 53  57  0  0  0  2  2.440636e-01  2.000000e-07
 53  73  0  0  0  2  2.287365e-01  2.000000e-07
 53  48  0  0  0  2  3.560168e-01  2.000000e-07
 53  69  0  0  0  2  1.520145e-01  2.000000e-07
 53  76  0  0  0  2  2.135579e-01  2.000000e-07
 53  43  0  0  0  2  2.750234e-01  2.000000e-07
 70  54  0  0  0  2  1.143058e-01  2.000000e-07
 70  52  0  0  0  2  2.507726e-01  2.000000e-07
 70  45  0  0  0  2  2.255363e-01  2.000000e-07
 70  88  0  0  0  2  2.371841e-01  2.000000e-07
 70  63  0  0  0  2  2.619872e-01  2.000000e-07
 70  71  0  0  0  2  3.966580e-01  2.000000e-07
 70  68  0  0  0  2  2.357403e-01  2.000000e-07
 70  72  0  0  0  2  3.507395e-01  2.000000e-07
 70  2  0  0  0  2  2.659288e-01  2.000000e-07
 70  50  0  0  0  2  2.973485e-01  2.000000e-07
 70  80  1  0  0  2  4.775291e-01  2.000000e-07
 70  75  0  0  0  2  2.343582e-01  2.000000e-07
 70  44  0  0  0  2  2.781493e-01  2.000000e-07
 70  0  0 -1  0  2  4.614103e-01  2.000000e-07
 4  65  0  0  0  2  2.685174e-01  2.000000e-07
 4  67  0  0  0  2  2.607879e-01  2.000000e-07
 4  71  0  0  0  2  1.058569e-01  2.000000e-07
 4  1  0  0  0  2  3.004191e-01  2.000000e-07
 4  68  0  0  0  2  1.974184e-01  2.000000e-07
 4  62  0  0  0  2  3.423799e-01  2.000000e-07
 4  2  0  0  0  2  9.774181e-02  2.000000e-07
 4  57  0  0  0  2  1.411272e-01  2.000000e-07
 4  73  0 -1  0  2  4.582398e-01  2.000000e-07
 4  74  0  0  0  2  1.830831e-01  2.000000e-07
 4  69  0  0  0  2  2.257910e-01  2.000000e-07
 4  59  0  0  0  2  2.126780e-01  2.000000e-07
 4  3  0  0  0  2  8.515806e-02  2.000000e-07
 4  60  0  0  0  2  2.400447e-01  2.000000e-07
 64  86 -1  0  0  2  5.290082e-01  2.000000e-07
 64  65  0  0  0  2  3.715116e-01  2.000000e-07
 64  83  0  0  0  2  2.544014e-01  2.000000e-07
 64  1  0  0  0  2  3.339824e-01  2.000000e-07
 64  89  0  0  0  2  2.950567e-01  2.000000e-07
 64  62  0  1  0  2  4.880700e-01  2.000000e-07
 64  56  0  0  0  2  3.759078e-01  2.000000e-07
 64  66  0  0  0  2  1.321191e-01  2.000000e-07
 64  73  0  0  0  2  1.450682e-01  2.000000e-07
 64  74  0  1  0  2  1.982833e-01  2.000000e-07
 64  75  0  1  0  2  2.201607e-01  2.000000e-07
 64  87  0  0  0  2  3.506988e-01  2.000000e-07
 64  0  0  0  0  2  6.194378e-02  2.000000e-07
 64  76  0  0  0  2  1.633179e-01  2.000000e-07
 64  85  0  0  0  2  3.219802e-01  2.000000e-07
 64  60  0  1  0  2  4.602047e-01  2.000000e-07
 54  52  0  0  0  2  3.229309e-01  2.000000e-07
 54  45  0  0  0  2  2.113223e-01  2.000000e-07
 54  86  0 -1  0  2  4.489466e-01  2.000000e-07
 54  88  0  0  0  2  1.580444e-01  2.000000e-07
 54  63  0  0  0  2  2.802557e-01  2.000000e-07
 54  55  0  0  0  2  4.184709e-01  2.000000e-07
 54  67  1  0  0  2  3.397627e-01  2.000000e-07
 54  68  0  0  0  2  3.456476e-01  2.000000e-07
 54  62  1  0  0  2  2.288147e-01  2.000000e-07
 54  56  0  0  0  2  4.101491e-01  2.000000e-07
 54  2  0  0  0  2  3.686450e-01  2.000000e-07
 54  73  1 -1  0  2  6.311747e-01  2.000000e-07
 54  74  0  0  0  2  4.067740e-01  2.000000e-07
 54  48  1  0  0  2  3.701207e-01  2.000000e-07
 54  50  0  0  0  2  2.824142e-01  2.000000e-07
 54  46  1  0  0  2  3.740468e-01  2.000000e-07
 54  80  1  0  0  2  3.731823e-01  2.000000e-07
 54  75  0  0  0  2  2.896518e-01  2.000000e-07
 54  87  0 -1  0  2  3.782412e-01  2.000000e-07
 54  3  0  0  0  2  3.670477e-01  2.000000e-07
 52  45  0  0  0  2  2.084309e-01  2.000000e-07
 52  82  0  0  0  2  2.351801e-01  2.000000e-07
 52  84  0  0  0  2  3.375247e-01  2.000000e-07
 52  51  0  0  0  2  1.611297e-01  2.000000e-07
 52  63  0  0  0  2  1.444902e-01  2.000000e-07
 52  55  0  0  0  2  9.789366e-02  2.000000e-07
 52  68  0  0  0  2  1.708955e-01  2.000000e-07
 52  42  0  0  0  2  1.686602e-01  2.000000e-07
 52  58  0  0  0  2  2.515721e-01  2.000000e-07
 52  49  0  0  0  2  2.186470e-01  2.000000e-07
 52  50  0  0  0  2  2.280462e-01  2.000000e-07
 52  44  0  0  0  2  1.673144e-01  2.000000e-07
 52  43  0  0  0  2  1.857351e-01  2.000000e-07
 45  88  0  0  0  2  1.315592e-01  2.000000e-07
 45  63  0  0  0  2  8.785828e-02  2.000000e-07
 45  67  1  0  0  2  2.813965e-01  2.000000e-07
 45  89  1  0  0  2  4.465442e-01  2.000000e-07
 45  49  0  0  0  2  8.347626e-02  2.000000e-07
 45  50  0  0  0  2  7.335831e-02  2.000000e-07
 45  80  1  0  0  2  3.630363e-01  2.000000e-07
 45  44  0  0  0  2  8.443409e-02  2.000000e-07
 82  88  0  1  0  2  6.272495e-01  2.000000e-07
 82  51  0  0  0  2  9.507322e-02  2.000000e-07
 82  63  0  0  0  2  2.240534e-01  2.000000e-07
 82  89  1  0  0  2  4.467074e-01  2.000000e-07
 82  77  0  0  0  2  3.006323e-01  2.000000e-07
 82  42  0  0  0  2  7.211806e-02  2.000000e-07
 82  58  0  0  0  2  2.640901e-01  2.000000e-07
 82  49  0  0  0  2  2.446927e-01  2.000000e-07
 82  44  0  0  0  2  2.229769e-01  2.000000e-07
 82  87  0  0  0  2  1.253196e-01  2.000000e-07
 82  0  0  0  0  2  3.195848e-01  2.000000e-07
 82  76  1  0  0  2  5.419576e-01  2.000000e-07
 82  85  1  0  0  2  3.762966e-01  2.000000e-07
 82  43  0  0  0  2  1.099135e-01  2.000000e-07
 86  82  0  0  0  2  1.629155e-01  2.000000e-07
 86  51  0  0  0  2  2.102631e-01  2.000000e-07
 86  83  1  0  0  2  2.752107e-01  2.000000e-07
 86  63  0  0  0  2  3.000019e-01  2.000000e-07
 86  89  1  0  0  2  3.061135e-01  2.000000e-07
 86  62  1  1  0  2  4.393002e-01  2.000000e-07
 86  56  0  0  0  2  3.288113e-01  2.000000e-07
 86  47  1  0  0  2  3.226114e-01  2.000000e-07
 86  73  1  0  0  2  3.952881e-01  2.000000e-07
 86  42  0  0  0  2  2.307026e-01  2.000000e-07
 86  48  1  0  0  2  3.114901e-01  2.000000e-07
 86  69  1  0  0  2  4.887372e-01  2.000000e-07
 86  87  0  0  0  2  1.517362e-01  2.000000e-07
 86  59  1  0  0  2  4.874751e-01  2.000000e-07
 86  76  1  0  0  2  3.856337e-01  2.000000e-07
 86  85  1  0  0  2  2.134067e-01  2.000000e-07
 84  65  0  0  0  2  1.620541e-01  2.000000e-07
 84  83  0  0  0  2  2.488355e-01  2.000000e-07
 84  63  0  0  0  2  4.721678e-01  2.000000e-07
 84  67  0  0  0  2  3.887663e-01  2.000000e-07
 84  68  0  0  0  2  3.001288e-01  2.000000e-07
 84  89  0  0  0  2  1.619729e-01  2.000000e-07
 84  72  0  0  0  2  5.429836e-01  2.000000e-07
 84  77  0  0  0  2  1.431937e-01  2.000000e-07
 84  47  0  0  0  2  2.792173e-01  2.000000e-07
 84  58  0  0  0  2  1.386227e-01  2.000000e-07
 84  46  0  0  0  2  3.328396e-01  2.000000e-07
 84  80  0  0  0  2  4.292012e-01  2.000000e-07
 84  59  0  0  0  2  3.232996e-01  2.000000e-07
 84  0  0  0  0  2  2.277839e-01  2.000000e-07
 84  76  0  0  0  2  1.564246e-01  2.000000e-07
 88  63  0  0  0  2  2.193401e-01  2.000000e-07
 88  67  1  0  0  2  1.945937e-01  2.000000e-07
 88  89  1  0  0  2  4.685201e-01  2.000000e-07
 88  62  1  0  0  2  1.615115e-01  2.000000e-07
 88  72  0  0  0  2  5.865276e-01  2.000000e-07
 88  72  1  0  0  2  4.938853e-01  2.000000e-07
 88  74  0  0  0  2  5.558969e-01  2.000000e-07
 88  80  1  0  0  2  2.539819e-01  2.000000e-07
 88  44  0  0  0  2  2.131771e-01  2.000000e-07
 88  87  0 -1  0  2  5.045773e-01  2.000000e-07
 88  59  1  0  0  2  2.670799e-01  2.000000e-07
 88  0  0 -1  0  2  6.527643e-01  2.000000e-07
 88  85  1 -1  0  2  4.851005e-01  2.000000e-07
 88  60  1  0  0  2  2.118507e-01  2.000000e-07
 65  63  0  0  0  2  3.492106e-01  2.000000e-07
 65  1  0  0  0  2  3.879840e-02  2.000000e-07
 65  89  0  0  0  2  3.060082e-01  2.000000e-07
 65  72  0  0  0  2  4.187538e-01  2.000000e-07
 65  77  0  0  0  2  2.330898e-01  2.000000e-07
 65  56  0  0  0  2  1.930747e-01  2.000000e-07
 65  74  0  0  0  2  4.329574e-01  2.000000e-07
 65  69  0  0  0  2  1.632218e-01  2.000000e-07
 65  87  0  0  0  2  4.434398e-01  2.000000e-07
 65  59  0  0  0  2  3.021349e-01  2.000000e-07
 65  0  0  0  0  2  3.300484e-01  2.000000e-07
 65  3  0  0  0  2  3.030859e-01  2.000000e-07
 51  55  0  0  0  2  1.333161e-01  2.000000e-07
 51  56  0  0  0  2  1.328636e-01  2.000000e-07
 51  47  1  0  0  2  3.566993e-01  2.000000e-07
 51  42  0  0  0  2  7.354602e-02  2.000000e-07
 51  49  0  0  0  2  1.618071e-01  2.000000e-07
 51  48  1  0  0  2  3.056965e-01  2.000000e-07
 51  50  0  0  0  2  1.787570e-01  2.000000e-07
 51  44  0  0  0  2  1.314003e-01  2.000000e-07
 51  76  1  0  0  2  5.542281e-01  2.000000e-07
 51  43  0  0  0  2  1.340797e-01  2.000000e-07
 83  71  0  1  0  2  3.813105e-01  2.000000e-07
 83  89  0  0  0  2  1.301931e-01  2.000000e-07
 83  72  0  1  0  2  3.517305e-01  2.000000e-07
 83  77  0  0  0  2  2.893812e-01  2.000000e-07
 83  73  0  0  0  2  1.227438e-01  2.000000e-07
 83  74  0  1  0  2  3.621511e-01  2.000000e-07
 83  48  0  0  0  2  3.521830e-01  2.000000e-07
 83  69  0  0  0  2  3.633958e-01  2.000000e-07
 83  0  0  0  0  2  2.932385e-01  2.000000e-07
 83  76  0  0  0  2  1.179621e-01  2.000000e-07
 83  76  0  0  0  2  1.179621e-01  2.000000e-07
 83  85  0  0  0  2  8.411712e-02  2.000000e-07
 63  68  0  0  0  2  2.989733e-01  2.000000e-07
 63  89  1  0  0  2  4.483317e-01  2.000000e-07
 63  62  1  0  0  2  3.803479e-01  2.000000e-07
 63  72  0  0  0  2  5.694893e-01  2.000000e-07
 63  77  0  0  0  2  4.332109e-01  2.000000e-07
 63  56  0  0  0  2  1.891130e-01  2.000000e-07
 63  58  0  0  0  2  3.658838e-01  2.000000e-07
 63  74  0  0  0  2  5.538578e-01  2.000000e-07
 63  48  1  0  0  2  2.444721e-01  2.000000e-07
 63  44  0  0  0  2  2.403932e-02  2.000000e-07
 63  87  0  0  0  2  3.455824e-01  2.000000e-07
 63  59  1  0  0  2  4.039247e-01  2.000000e-07
 63  0  0  0  0  2  4.907347e-01  2.000000e-07
 63  85  1  0  0  2  4.739616e-01  2.000000e-07
 63  60  1  0  0  2  4.090793e-01  2.000000e-07
 55  1  0  0  0  2  1.960832e-01  2.000000e-07
 55  68  0  0  0  2  2.261330e-01  2.000000e-07
 55  56  0  0  0  2  8.432605e-03  2.000000e-07
 55  66  0  0  0  2  2.412669e-01  2.000000e-07
 55  50  0  0  0  2  2.731337e-01  2.000000e-07
 55  43  0  0  0  2  9.151707e-02  2.000000e-07
 67  71  0  0  0  2  2.500609e-01  2.000000e-07
 67  68  0  0  0  2  3.998444e-01  2.000000e-07
 67  89  0  0  0  2  3.603839e-01  2.000000e-07
 67  62  0  0  0  2  1.732314e-01  2.000000e-07
 67  47  0  0  0  2  1.806076e-01  2.000000e-07
 67  57  0  0  0  2  1.685709e-01  2.000000e-07
 67  49 -1  0  0  2  2.903705e-01  2.000000e-07
 67  50 -1  0  0  2  2.750031e-01  2.000000e-07
 67  46  0  0  0  2  7.744541e-02  2.000000e-07
 67  80  0  0  0  2  9.875990e-02  2.000000e-07
 71  68  0  0  0  2  3.014164e-01  2.000000e-07
 71  62  0  0  0  2  2.742746e-01  2.000000e-07
 71  72  0  0  0  2  9.798911e-02  2.000000e-07
 71  2  0  0  0  2  1.308875e-01  2.000000e-07
 71  57  0  0  0  2  2.014558e-01  2.000000e-07
 71  73  0 -1  0  2  3.657377e-01  2.000000e-07
 71  80  0  0  0  2  1.561450e-01  2.000000e-07
 71  75  0  0  0  2  2.756813e-01  2.000000e-07
 71  76  0 -1  0  2  3.863875e-01  2.000000e-07
 71  85  0 -1  0  2  3.826168e-01  2.000000e-07
 1  68  0  0  0  2  1.774747e-01  2.000000e-07
 1  56  0  0  0  2  1.970739e-01  2.000000e-07
 1  66  0  0  0  2  2.585024e-01  2.000000e-07
 1  57  0  0  0  2  2.367324e-01  2.000000e-07
 1  69  0  0  0  2  1.651394e-01  2.000000e-07
 1  3  0  0  0  2  3.395265e-01  2.000000e-07
 68  72  0  0  0  2  3.200778e-01  2.000000e-07
 68  56  0  0  0  2  2.204073e-01  2.000000e-07
 68  47  0  0  0  2  4.265982e-01  2.000000e-07
 68  2  0  0  0  2  2.153106e-01  2.000000e-07
 68  57  0  0  0  2  2.321525e-01  2.000000e-07
 68  58  0  0  0  2  2.893162e-01  2.000000e-07
 68  46  0  0  0  2  3.997539e-01  2.000000e-07
 68  80  0  0  0  2  3.656984e-01  2.000000e-07
 68  43  0  0  0  2  3.128727e-01  2.000000e-07
 68  3  0  0  0  2  1.948866e-01  2.000000e-07
 89  77  0  0  0  2  2.631315e-01  2.000000e-07
 89  47  0  0  0  2  1.941430e-01  2.000000e-07
 89  49 -1  0  0  2  3.802526e-01  2.000000e-07
 89  48  0  0  0  2  2.528175e-01  2.000000e-07
 89  80  0  0  0  2  4.330326e-01  2.000000e-07
 89  69  0  0  0  2  2.352299e-01  2.000000e-07
 89  44 -1  0  0  2  4.246231e-01  2.000000e-07
 89  59  0  0  0  2  3.185144e-01  2.000000e-07
 89  0  0  0  0  2  3.092890e-01  2.000000e-07
 89  76  0  0  0  2  1.330686e-01  2.000000e-07
 89  85  0  0  0  2  1.930464e-01  2.000000e-07
 62  2  0  0  0  2  4.036323e-01  2.000000e-07
 62  57  0  0  0  2  3.120033e-01  2.000000e-07
 62  73  0 -1  0  2  4.604936e-01  2.000000e-07
 62  74 -1  0  0  2  6.247013e-01  2.000000e-07
 62  74  0  0  0  2  3.971538e-01  2.000000e-07
 62  48  0  0  0  2  3.029335e-01  2.000000e-07
 62  46  0  0  0  2  2.425556e-01  2.000000e-07
 62  80  0  0  0  2  1.579884e-01  2.000000e-07
 62  87 -1 -1  0  2  4.471638e-01  2.000000e-07
 62  85  0 -1  0  2  3.391185e-01  2.000000e-07
 62  60  0  0  0  2  1.106639e-01  2.000000e-07
 72  77  0 -1  0  2  3.633880e-01  2.000000e-07
 72  66  0 -1  0  2  3.360692e-01  2.000000e-07
 72  73  0 -1  0  2  3.066188e-01  2.000000e-07
 72  74  0  0  0  2  4.536923e-02  2.000000e-07
 72  80  0  0  0  2  2.525208e-01  2.000000e-07
 72  75  0  0  0  2  1.868635e-01  2.000000e-07
 72  59  0  0  0  2  3.278265e-01  2.000000e-07
 72  0  0 -1  0  2  2.729933e-01  2.000000e-07
 72  76  0 -1  0  2  3.283682e-01  2.000000e-07
 72  85  0 -1  0  2  3.745259e-01  2.000000e-07
 72  60  0  0  0  2  2.846369e-01  2.000000e-07
 77  66  0  0  0  2  7.999096e-02  2.000000e-07
 77  73  0  0  0  2  1.695274e-01  2.000000e-07
 77  58  0  0  0  2  7.651356e-02  2.000000e-07
 77  75  0  1  0  2  3.242798e-01  2.000000e-07
 77  0  0  0  0  2  9.724522e-02  2.000000e-07
 77  76  0  0  0  2  1.714336e-01  2.000000e-07
 56  66  0  0  0  2  2.494952e-01  2.000000e-07
 56  42  0  0  0  2  1.014301e-01  2.000000e-07
 56  48  1  0  0  2  4.190361e-01  2.000000e-07
 56  50  0  0  0  2  2.679277e-01  2.000000e-07
 56  87  0  0  0  2  2.834844e-01  2.000000e-07
 56  43  0  0  0  2  9.925474e-02  2.000000e-07
 56  3  0  0  0  2  4.138282e-01  2.000000e-07
 47  81 -1  0  0  2  5.621349e-01  2.000000e-07
 47  57  0  0  0  2  2.278173e-01  2.000000e-07
 47  49 -1  0  0  2  2.353098e-01  2.000000e-07
 47  48  0  0  0  2  6.973826e-02  2.000000e-07
 47  50 -1  0  0  2  2.284884e-01  2.000000e-07
 47  46  0  0  0  2  1.032057e-01  2.000000e-07
 47  69  0  0  0  2  1.914088e-01  2.000000e-07
 47  76  0  0  0  2  3.248709e-01  2.000000e-07
 66  73  0  0  0  2  2.217447e-01  2.000000e-07
 66  58  0  0  0  2  1.214093e-01  2.000000e-07
 66  75  0  1  0  2  2.609574e-01  2.000000e-07
 66  87  0  0  0  2  2.488703e-01  2.000000e-07
 66  76  0  0  0  2  2.299064e-01  2.000000e-07
 66  43  0  0  0  2  1.773699e-01  2.000000e-07
 2  57  0  0  0  2  2.382538e-01  2.000000e-07
 2  73  0 -1  0  2  4.088446e-01  2.000000e-07
 2  74  0  0  0  2  1.091760e-01  2.000000e-07
 2  75  0  0  0  2  1.806290e-01  2.000000e-07
 2  3  0  0  0  2  2.151081e-02  2.000000e-07
 57  48  0  0  0  2  2.666196e-01  2.000000e-07
 57  46  0  0  0  2  1.727543e-01  2.000000e-07
 57  69  0  0  0  2  1.005478e-01  2.000000e-07
 57  59  0  0  0  2  9.747670e-02  2.000000e-07
 57  60  0  0  0  2  2.022189e-01  2.000000e-07
 73  74  0  1  0  2  3.018165e-01  2.000000e-07
 73  80  0  1  0  2  4.644011e-01  2.000000e-07
 73  75  0  1  0  2  3.607777e-01  2.000000e-07
 73  76  0  0  0  2  2.187883e-02  2.000000e-07
 73  85  0  0  0  2  2.031909e-01  2.000000e-07
 42  87  0  0  0  2  1.874811e-01  2.000000e-07
 42  43  0  0  0  2  6.128785e-02  2.000000e-07
 58  43  0  0  0  2  1.568426e-01  2.000000e-07
 49  50  0  0  0  2  1.727196e-02  2.000000e-07
 49  46  1  0  0  2  2.546476e-01  2.000000e-07
 49  44  0  0  0  2  5.134987e-02  2.000000e-07
 49  76  1  0  0  2  5.091114e-01  2.000000e-07
 74  75  0  0  0  2  1.425762e-01  2.000000e-07
 74  87  0 -1  0  2  4.302969e-01  2.000000e-07
 74  59  0  0  0  2  3.681931e-01  2.000000e-07
 74  0  0 -1  0  2  2.433389e-01  2.000000e-07
 74  85  0 -1  0  2  3.941334e-01  2.000000e-07
 74  3  0  0  0  2  1.305627e-01  2.000000e-07
 74  60  0  0  0  2  3.299179e-01  2.000000e-07
 48  50 -1  0  0  2  1.616331e-01  2.000000e-07
 48  46  0  0  0  2  1.039020e-01  2.000000e-07
 48  69  0  0  0  2  2.504898e-01  2.000000e-07
 48  59  0  0  0  2  1.856422e-01  2.000000e-07
 48  76  0  0  0  2  3.856517e-01  2.000000e-07
 48  60  0  0  0  2  2.601341e-01  2.000000e-07
 50  46  1  0  0  2  2.418550e-01  2.000000e-07
 80  59  0  0  0  2  1.146408e-01  2.000000e-07
 80  76  0 -1  0  2  4.821115e-01  2.000000e-07
 80  85  0 -1  0  2  4.103018e-01  2.000000e-07
 69  59  0  0  0  2  1.486974e-01  2.000000e-07
 75  87  0 -1  0  2  3.071884e-01  2.000000e-07
 75  3  0  0  0  2  1.963358e-01  2.000000e-07
 87  0  0  0  0  2  2.995520e-01  2.000000e-07
 87  85  1  0  0  2  3.343594e-01  2.000000e-07
 87  43  0  0  0  2  1.935425e-01  2.000000e-07
 59  60  0  0  0  2  1.394596e-01  2.000000e-07
 76  85  0  0  0  2  2.010336e-01  2.000000e-07
 85  60  0  1  0  2  3.912044e-01  2.000000e-07
 3  63  0  0  0  2  4.517995e-01  2.000000e-07
 81  54  0  1  0  1  3.074600e-01  3.000000e-07
 81  62  1  1  0  1  4.244458e-01  3.000000e-07
 81  66  0  0  0  1  2.230626e-01  3.000000e-07
 81  75  0  1  0  1  2.077563e-01  3.000000e-07
 81  87  0  0  0  1  1.012010e-01  3.000000e-07
 81  0  0  0  0  1  2.525797e-01  3.000000e-07
 53  84  0  0  0  1  5.722994e-02  3.000000e-07
 53  58  0  0  0  1  1.356019e-01  3.000000e-07
 53  69  0  0  0  1  1.520145e-01  3.000000e-07
 70  54  0  0  0  1  1.143058e-01  3.000000e-07
 70  45  0  0  0  1  2.255363e-01  3.000000e-07
 70  68  0  0  0  1  2.357403e-01  3.000000e-07
 70  2  0  0  0  1  2.659288e-01  3.000000e-07
 70  75  0  0  0  1  2.343582e-01  3.000000e-07
 70  3  0  0  0  1  2.611467e-01  3.000000e-07
 4  71  0  0  0  1  1.058569e-01  3.000000e-07
 4  68  0  0  0  1  1.974184e-01  3.000000e-07
 4  2  0  0  0  1  9.774181e-02  3.000000e-07
 4  57  0  0  0  1  1.411272e-01  3.000000e-07
 4  3  0  0  0  1  8.515806e-02  3.000000e-07
 64  72  0  1  0  1  2.218104e-01  3.000000e-07
 64  77  0  0  0  1  1.418007e-01  3.000000e-07
 64  73  0  0  0  1  1.450682e-01  3.000000e-07
 64  74  0  1  0  1  1.982833e-01  3.000000e-07
 64  0  0  0  0  1  6.194378e-02  3.000000e-07
 54  45  0  0  0  1  2.113223e-01  3.000000e-07
 54  88  0  0  0  1  1.580444e-01  3.000000e-07
 54  62  1  0  0  1  2.288147e-01  3.000000e-07
 54  75  0  0  0  1  2.896518e-01  3.000000e-07
 52  45  0  0  0  1  2.084309e-01  3.000000e-07
 52  65  0  0  0  1  2.050333e-01  3.000000e-07
 52  51  0  0  0  1  1.611297e-01  3.000000e-07
 52  63  0  0  0  1  1.444902e-01  3.000000e-07
 52  68  0  0  0  1  1.708955e-01  3.000000e-07
 45  63  0  0  0  1  8.785828e-02  3.000000e-07
 45  50  0  0  0  1  7.335831e-02  3.000000e-07
 45  44  0  0  0  1  8.443409e-02  3.000000e-07
 82  86  0  0  0  1  1.629155e-01  3.000000e-07
 82  51  0  0  0  1  9.507322e-02  3.000000e-07
 82  42  0  0  0  1  7.211806e-02  3.000000e-07
 82  87  0  0  0  1  1.253196e-01  3.000000e-07
 82  43  0  0  0  1  1.099135e-01  3.000000e-07
 86  89  1  0  0  1  3.061135e-01  3.000000e-07
 86  47  1  0  0  1  3.226114e-01  3.000000e-07
 86  49  0  0  0  1  2.766298e-01  3.000000e-07
 86  48  1  0  0  1  3.114901e-01  3.000000e-07
 86  87  0  0  0  1  1.517362e-01  3.000000e-07
 84  89  0  0  0  1  1.619729e-01  3.000000e-07
 84  77  0  0  0  1  1.431937e-01  3.000000e-07
 84  58  0  0  0  1  1.386227e-01  3.000000e-07
 84  69  0  0  0  1  1.833913e-01  3.000000e-07
 84  76  0  0  0  1  1.564246e-01  3.000000e-07
 88  67  1  0  0  1  1.945937e-01  3.000000e-07
 88  62  1  0  0  1  1.615115e-01  3.000000e-07
 88  50  0  0  0  1  1.757555e-01  3.000000e-07
 88  46  1  0  0  1  2.175452e-01  3.000000e-07
 65  55  0  0  0  1  1.937560e-01  3.000000e-07
 65  68  0  0  0  1  1.390006e-01  3.000000e-07
 65  56  0  0  0  1  1.930747e-01  3.000000e-07
 65  57  0  0  0  1  2.198147e-01  3.000000e-07
 65  69  0  0  0  1  1.632218e-01  3.000000e-07
 51  63  0  0  0  1  1.297974e-01  3.000000e-07
 51  56  0  0  0  1  1.328636e-01  3.000000e-07
 51  42  0  0  0  1  7.354602e-02  3.000000e-07
 51  49  0  0  0  1  1.618071e-01  3.000000e-07
 83  89  0  0  0  1  1.301931e-01  3.000000e-07
 83  72  0  1  0  1  3.517305e-01  3.000000e-07
 83  73  0  0  0  1  1.227438e-01  3.000000e-07
 83  76  0  0  0  1  1.179621e-01  3.000000e-07
 83  85  0  0  0  1  8.411712e-02  3.000000e-07
 55  1  0  0  0  1  1.960832e-01  3.000000e-07
 55  42  0  0  0  1  9.722218e-02  3.000000e-07
 55  58  0  0  0  1  1.708558e-01  3.000000e-07
 55  43  0  0  0  1  9.151707e-02  3.000000e-07
 67  62  0  0  0  1  1.732314e-01  3.000000e-07
 67  46  0  0  0  1  7.744541e-02  3.000000e-07
 67  80  0  0  0  1  9.875990e-02  3.000000e-07
 67  59  0  0  0  1  7.497239e-02  3.000000e-07
 67  60  0  0  0  1  9.437842e-02  3.000000e-07
 71  72  0  0  0  1  9.798911e-02  3.000000e-07
 71  2  0  0  0  1  1.308875e-01  3.000000e-07
 71  80  0  0  0  1  1.561450e-01  3.000000e-07
 71  85  0 -1  0  1  3.826168e-01  3.000000e-07
 71  60  0  0  0  1  1.923177e-01  3.000000e-07
 1  58  0  0  0  1  1.377559e-01  3.000000e-07
 1  69  0  0  0  1  1.651394e-01  3.000000e-07
 68  57  0  0  0  1  2.321525e-01  3.000000e-07
 89  69  0  0  0  1  2.352299e-01  3.000000e-07
 89  76  0  0  0  1  1.330686e-01  3.000000e-07
 89  85  0  0  0  1  1.930464e-01  3.000000e-07
 62  87 -1 -1  0  1  4.471638e-01  3.000000e-07
 62  85  0 -1  0  1  3.391185e-01  3.000000e-07
 62  60  0  0  0  1  1.106639e-01  3.000000e-07
 72  2  0  0  0  1  1.067715e-01  3.000000e-07
 72  73  0 -1  0  1  3.066188e-01  3.000000e-07
 72  85  0 -1  0  1  3.745259e-01  3.000000e-07
 77  73  0  0  0  1  1.695274e-01  3.000000e-07
 77  58  0  0  0  1  7.651356e-02  3.000000e-07
 77  0  0  0  0  1  9.724522e-02  3.000000e-07
 77  76  0  0  0  1  1.714336e-01  3.000000e-07
 47  48  0  0  0  1  6.973826e-02  3.000000e-07
 47  46  0  0  0  1  1.032057e-01  3.000000e-07
 47  69  0  0  0  1  1.914088e-01  3.000000e-07
 66  58  0  0  0  1  1.214093e-01  3.000000e-07
 66  87  0  0  0  1  2.488703e-01  3.000000e-07
 66  0  0  0  0  1  7.018451e-02  3.000000e-07
 66  43  0  0  0  1  1.773699e-01  3.000000e-07
 2  75  0  0  0  1  1.806290e-01  3.000000e-07
 57  80  0  0  0  1  1.593326e-01  3.000000e-07
 57  59  0  0  0  1  9.747670e-02  3.000000e-07
 42  43  0  0  0  1  6.128785e-02  3.000000e-07
 49  44  0  0  0  1  5.134987e-02  3.000000e-07
 74  75  0  0  0  1  1.425762e-01  3.000000e-07
 48  88 -1  0  0  1  2.161796e-01  3.000000e-07
 48  49 -1  0  0  1  1.702241e-01  3.000000e-07
 48  46  0  0  0  1  1.039020e-01  3.000000e-07
 50  48  1  0  0  1  1.616331e-01  3.000000e-07
 50  44  0  0  0  1  6.233199e-02  3.000000e-07
 46  69  0  0  0  1  1.870594e-01  3.000000e-07
 46  59  0  0  0  1  8.305198e-02  3.000000e-07
 80  59  0  0  0  1  1.146408e-01  3.000000e-07
 69  59  0  0  0  1  1.486974e-01  3.000000e-07
 75  64  0 -1  0  1  2.201607e-01  3.000000e-07
 75  0  0 -1  0  1  2.301833e-01  3.000000e-07
 87  85  1  0  0  1  3.343594e-01  3.000000e-07
-1.847355e-02  3.474456e-01  0
-4.532821e-02  5.439345e-02  0
-4.638897e-02 -3.065977e-01  0
-4.498370e-02 -2.851329e-01  0
-1.156885e-01 -2.376700e-01  0
-1.091868e-01  1.962420e-01 -1.292961e-01
 1.502990e-01  7.534510e-02 -2.867919e-01
 9.874489e-02 -1.858475e-01 -3.047854e-01
-2.390910e-01 -2.073643e-01 -3.050221e-01
-2.351800e-01  4.115733e-01 -1.528509e-01
-2.911133e-01 -4.057918e-01 -1.667554e-01
-2.547897e-01  2.687770e-01 -3.424158e-01
-2.417304e-01 -3.721727e-01 -1.608562e-01
-9.490056e-02 -2.725939e-01 -4.189669e-01
 3.250579e-01  9.511357e-03 -1.489604e-01
 4.084108e-02  1.081452e-01 -2.497017e-01
 4.231659e-01 -2.542536e-02 -2.779437e-01
-2.606935e-01 -5.937405e-02  1.871562e-01
-2.697648e-01 -9.085839e-03  1.597415e-01
 1.890086e-01 -1.381166e-01  2.228230e-01
 2.463548e-01 -9.169160e-02  1.350004e-01
-3.401858e-01 -4.454391e-01  1.277693e-01
-3.683572e-01  3.746709e-01  3.934888e-01
-2.632754e-01  3.975837e-01  2.960705e-01
-1.633470e-01  3.597513e-01  3.723813e-01
 2.487187e-01  3.534574e-01  4.155498e-01
 1.219698e-01  3.736659e-01  2.229940e-01
-1.670844e-01  2.449634e-01  1.680292e-01
-2.341704e-01 -1.658980e-01  3.423512e-01
-2.582153e-01 -1.609116e-01  3.539380e-01
 3.334769e-02  7.165309e-02  3.917584e-01
 3.218248e-01  1.158978e-01  1.334211e-01
 2.124784e-01 -6.410053e-02 -3.837001e-01
-3.928876e-01  3.353807e-01 -3.760769e-01
 2.410286e-02 -4.023770e-01 -3.727591e-01
-3.789960e-02  2.157875e-01 -2.752056e-01
 4.359075e-01 -4.369055e-01 -3.811898e-01
 3.986054e-01  9.016293e-02 -2.508201e-01
-9.165454e-02 -3.578073e-01  4.388667e-01
 1.276063e-01 -3.086286e-01  1.527535e-01
 2.110982e-01  2.034519e-01  2.879237e-01
 2.793761e-01 -2.216440e-01  2.231731e-01
 2.187494e-01  1.544947e-01  0
 1.622873e-01  1.783323e-01  0
 3.381056e-01 -5.087846e-03  0
 3.639899e-01 -8.545649e-02  0
-3.679483e-01 -8.334529e-02  0
-3.766227e-01  1.949523e-02  0
-4.403519e-01 -8.824558e-03  0
 3.894481e-01 -5.957023e-03  0
 3.984516e-01 -2.069669e-02  0
 2.789467e-01  1.122418e-01  0
 1.708047e-01 -7.207375e-03  0
-1.008234e-01  9.826609e-02  0
 3.219888e-01 -2.925628e-01  0
 1.478606e-01  8.795952e-02  0
 1.500974e-01  7.982898e-02  0
-2.002040e-01 -1.246477e-01  0
 5.498290e-03  1.824300e-01  0
-2.976375e-01 -1.275496e-01  0
-3.551351e-01 -2.546046e-01  0
 9.672867e-02 -2.451270e-01 -1.618174e-01
-4.499902e-01 -3.116047e-01  0
 3.152020e-01 -1.238932e-02  0
-6.549775e-02  3.877663e-01  0
-3.270957e-02  1.770441e-02  0
 3.371284e-02  3.005154e-01  0
-3.648681e-01 -1.607294e-01  0
 3.117758e-02 -1.057444e-01  0
-1.903582e-01 -2.458313e-02  0
 2.143216e-01 -2.541753e-01  0
-1.760260e-01 -3.246473e-01  0
-1.071785e-01 -3.943746e-01  0
-1.878371e-01  3.098057e-01  0
-6.625054e-02 -4.139519e-01  0
 7.361988e-02 -4.415967e-01  0
-1.959284e-01  2.894780e-01  0
-2.892343e-02  2.507635e-01  0
-1.181035e-01  4.248394e-01 -1.579502e-01
 3.071708e-01  1.500505e-01 -2.050044e-01
-3.083125e-01 -2.416922e-01  0
 2.246868e-01  4.157798e-01  0
 2.684675e-01  2.067358e-01  0
-3.102757e-01  3.184567e-01  0
-1.288259e-01  1.481773e-01  0
-3.858469e-01  3.553983e-01  0
 4.189771e-01  2.690922e-01  0
 2.806517e-01  3.314616e-01  0
 4.428674e-01 -1.907474e-01  0
-2.851124e-01  1.907184e-01  0