 714  90  1.200000e-05  87 -2 -2
 15  40  1  0  0  3  6.099979e-01  1.000000e-07
 15  23  0  0  0  3  2.354641e-01  1.000000e-07
 15  43  0  0  0  3  3.893037e-01  1.000000e-07
 15  50  0 -1  0  3  3.563563e-01  1.000000e-07
 15  49  0  0  0  3  4.008797e-01  1.000000e-07
 15  46  0  0  1  3  4.230020e-01  1.000000e-07
 15  88  0  0  1  3  6.196299e-01  1.000000e-07
 16  40  1  0  0  3  3.809083e-01  1.000000e-07
 16  41  0  0  0  3  3.330981e-01  1.000000e-07
 16  24  1  0  0  3  2.062266e-01  1.000000e-07
 16  22  0  0  0  3  2.945515e-01  1.000000e-07
 16  17  1  0  0  3  3.639719e-01  1.000000e-07
 16  23  0  0  0  3  5.331713e-01  1.000000e-07
 20  18  0  0  0  3  2.529832e-01  1.000000e-07
 20  24  0  0  0  3  2.119880e-01  1.000000e-07
 20  19  0  0  0  3  4.402902e-01  1.000000e-07
 20  42  0  0  0  3  1.572838e-01  1.000000e-07
 20  43  0  0  0  3  4.809786e-01  1.000000e-07
 20  50  0  0  0  3  4.885459e-01  1.000000e-07
 20  49  0  0  0  3  2.453970e-01  1.000000e-07
 20  45  0  0  1  3  3.589419e-01  1.000000e-07
 40  24  0  0  0  3  3.067274e-01  1.000000e-07
 40  21 -1  0  0  3  5.056149e-01  1.000000e-07
 40  17  0  0  0  3  1.942355e-01  1.000000e-07
 40  44 -1  0  1  3  5.830980e-01  1.000000e-07
 40  39 -1  0  1  3  5.820408e-01  1.000000e-07
 40  28  0  0  1  3  3.853486e-01  1.000000e-07
 40  37  0  0  1  3  4.996901e-01  1.000000e-07
 41  25  0  0  0  3  2.615921e-01  1.000000e-07
 41  21  0  0  0  3  1.329468e-01  1.000000e-07
 41  22  0  0  0  3  8.721042e-02  1.000000e-07
 41  43  0  1  0  3  4.798507e-01  1.000000e-07
 41  49  0  0  0  3  3.672861e-01  1.000000e-07
 41  44  0  0  1  3  3.258469e-01  1.000000e-07
 41  31  0  1  1  3  4.159766e-01  1.000000e-07
 41  32  0  0  1  3  3.916825e-01  1.000000e-07
 48  18  0 -1  0  3  4.193846e-01  1.000000e-07
 48  21 -1 -1  0  3  4.197332e-01  1.000000e-07
 48  17  0 -1  0  3  3.570027e-01  1.000000e-07
 48  19  0  0  0  3  2.719027e-01  1.000000e-07
 48  42  0  0  0  3  4.035322e-01  1.000000e-07
 48  23 -1  0  0  3  4.032756e-01  1.000000e-07
 48  50  0 -1  0  3  5.060653e-01  1.000000e-07
 48  29  0 -1  1  3  4.894414e-01  1.000000e-07
 48  36  0 -1  1  3  4.507994e-01  1.000000e-07
 25  42  1  0  0  3  5.174204e-01  1.000000e-07
 25  50  0  0  0  3  2.335959e-01  1.000000e-07
 25  49  0  0  0  3  2.157802e-01  1.000000e-07
 25  44  0  0  1  3  5.049174e-01  1.000000e-07
 25  39  0  0  1  3  4.310258e-01  1.000000e-07
 18  24  0  0  0  3  1.197898e-01  1.000000e-07
 18  21 -1  0  0  3  3.928249e-01  1.000000e-07
 18  22 -1  0  0  3  4.258479e-01  1.000000e-07
 18  23 -1  1  0  3  4.937868e-01  1.000000e-07
 24  17  0  0  0  3  2.772913e-01  1.000000e-07
 24  42  0  0  0  3  2.558162e-01  1.000000e-07
 24  14  0  0  0  3  2.495657e-01  1.000000e-07
 21  22  0  0  0  3  1.088504e-01  1.000000e-07
 21  17  1  0  0  3  4.012824e-01  1.000000e-07
 21  19  1  1  0  3  5.075476e-01  1.000000e-07
 21  23  0  1  0  3  2.224004e-01  1.000000e-07
 21  44  0  0  1  3  3.361810e-01  1.000000e-07
 22  15  0  1  0  3  3.319832e-01  1.000000e-07
 22  23  0  1  0  3  2.550111e-01  1.000000e-07
 22  50  0  0  0  3  1.430715e-01  1.000000e-07
 17  50  0  0  0  3  5.333063e-01  1.000000e-07
 17  49  0  0  0  3  3.674921e-01  1.000000e-07
 17  45  0  0  1  3  2.962600e-01  1.000000e-07
 17  47  0  0  1  3  3.392496e-01  1.000000e-07
 19  23 -1  0  0  3  4.211547e-01  1.000000e-07
 19  43  0  0  0  3  3.093449e-01  1.000000e-07
 19  50  0 -1  0  3  4.559345e-01  1.000000e-07
 42  23 -1  0  0  3  4.555707e-01  1.000000e-07
 42  14  0  0  0  3  2.410172e-01  1.000000e-07
 42  43  0  0  0  3  4.019828e-01  1.000000e-07
 42  39  0  0  1  3  5.006835e-01  1.000000e-07
 42  27  0  0  1  3  4.642655e-01  1.000000e-07
 23  14  1  0  0  3  3.616214e-01  1.000000e-07
 43  35  0  0  1  3  2.073731e-01  1.000000e-07
 43  46  0  0  1  3  2.327427e-01  1.000000e-07
 43  27  0  0  1  3  3.432724e-01  1.000000e-07
 43  36  0 -1  1  3  4.320891e-01  1.000000e-07
 49  32  0  0  1  3  3.877893e-01  1.000000e-07
 49  45  0  0  1  3  3.250718e-01  1.000000e-07
 49  36  0  0  1  3  3.923119e-01  1.000000e-07
 44  29  1  0  0  3  5.529988e-01  1.000000e-07
 44  31  0  1  0  3  2.993207e-01  1.000000e-07
 44  30  0  0  0  3  3.835017e-01  1.000000e-07
 44  47  1  0  0  3  4.858604e-01  1.000000e-07
 44  34  0  0  0  3  2.975110e-01  1.000000e-07
 29  35  0  1  0  3  3.379349e-01  1.000000e-07
 29  86  0  0  0  3  4.208979e-01  1.000000e-07
 29  46  0  1  0  3  3.756705e-01  1.000000e-07
 29  38  0  0  0  3  3.018992e-01  1.000000e-07
 29  34  0  0  0  3  4.588676e-01  1.000000e-07
 39  31  0  0  0  3  4.156895e-01  1.000000e-07
 39  28  0  0  0  3  3.612209e-01  1.000000e-07
 39  86  0  0  0  3  2.785160e-01  1.000000e-07
 39  34  0  0  0  3  3.525318e-01  1.000000e-07
 39  27  0  0  0  3  3.094884e-01  1.000000e-07
 39  36  0  0  0  3  3.199295e-01  1.000000e-07
 31  35  0  0  0  3  1.278538e-01  1.000000e-07
 31  32  0 -1  0  3  2.841535e-01  1.000000e-07
 31  46  0  0  0  3  5.928584e-02  1.000000e-07
 31  89  0  0  0  3  2.917287e-01  1.000000e-07
 31  33  0 -1  0  3  4.576315e-01  1.000000e-07
 31  88  0  0  0  3  4.072778e-01  1.000000e-07
 30  86  0  0  0  3  3.702947e-01  1.000000e-07
 30  33  0  0  0  3  2.370567e-01  1.000000e-07
 30  47  1  0  0  3  2.303619e-01  1.000000e-07
 30  38  1  0  0  3  1.686962e-01  1.000000e-07
 30  34  0  0  0  3  2.687290e-01  1.000000e-07
 30  37  1  0  0  3  4.990725e-01  1.000000e-07
 35  32  0 -1  0  3  3.366076e-01  1.000000e-07
 35  46  0  0  0  3  7.349840e-02  1.000000e-07
 35  89  0  0  0  3  2.977038e-01  1.000000e-07
 35  37  0  0  0  3  2.845295e-01  1.000000e-07
 35  27  0  0  0  3  2.051053e-01  1.000000e-07
 35  36  0 -1  0  3  3.678758e-01  1.000000e-07
 28  86  0  0  0  3  3.472883e-01  1.000000e-07
 28  89  0  0  0  3  3.420377e-01  1.000000e-07
 28  47  0  0  0  3  2.142289e-01  1.000000e-07
 28  26  0  0  0  3  5.737828e-02  1.000000e-07
 28  38  0  0  0  3  2.003327e-01  1.000000e-07
 28  37  0  0  0  3  2.865861e-01  1.000000e-07
 28  27  0  0  0  3  2.572364e-01  1.000000e-07
 86  45  0  0  0  3  3.577207e-01  1.000000e-07
 86  26  0  0  0  3  3.345851e-01  1.000000e-07
 86  34  0  0  0  3  1.555030e-01  1.000000e-07
 32  45  0  0  0  3  2.663285e-01  1.000000e-07
 32  46  0  1  0  3  3.145322e-01  1.000000e-07
 32  33  0  0  0  3  3.451851e-01  1.000000e-07
 32  34  0  0  0  3  2.845396e-01  1.000000e-07
 32  36  0  0  0  3  1.509264e-01  1.000000e-07
 45  47  0  0  0  3  2.419683e-01  1.000000e-07
 45  26  0  0  0  3  2.283769e-01  1.000000e-07
 45  27  0  0  0  3  3.278189e-01  1.000000e-07
 45  36  0  0  0  3  1.525735e-01  1.000000e-07
 46  89  0  0  0  3  2.698338e-01  1.000000e-07
 46  88  0  0  0  3  4.151302e-01  1.000000e-07
 46  27  0  0  0  3  2.244687e-01  1.000000e-07
 89  88  0  0  0  3  2.322758e-01  1.000000e-07
 89  27  0  0  0  3  1.853281e-01  1.000000e-07
 33  47  1  0  0  3  4.118651e-01  1.000000e-07
 33  34  0  0  0  3  1.478270e-01  1.000000e-07
 33  37  1  1  0  3  5.857105e-01  1.000000e-07
 47  26  0  0  0  3  1.809424e-01  1.000000e-07
 47  38  0  0  0  3  1.825556e-01  1.000000e-07
 47  36  0  0  0  3  2.310521e-01  1.000000e-07
 26  38  0  0  0  3  1.736569e-01  1.000000e-07
 26  36  0  0  0  3  2.586557e-01  1.000000e-07
 38  37  0  0  0  3  3.860283e-01  1.000000e-07
 88  37  1  0  0  3  4.748958e-01  1.000000e-07
 37  27  0  0  0  3  1.912105e-01  1.000000e-07
 24  72  0  0  0  3  1.428921e-01  1.000000e-07
 58  26  0  0  0  3  2.206386e-01  1.000000e-07
 49  87  0  0  0  3  3.451133e-01  1.000000e-07
 84  89  0  0  0  3  2.620176e-01  1.000000e-07
 18  53  0  0  0  3  1.570616e-01  1.000000e-07
 58  26  0  0  0  3  2.319852e-01  1.000000e-07
 16  57  0  0  0  3  1.395551e-01  1.000000e-07
 73  30  0  0  0  3  1.930120e-01  1.000000e-07
 19  61  0  0  0  3  1.578273e-01  1.000000e-07
 7  89  0  0  0  3  3.179802e-01  1.000000e-07
 25  63  0  0  0  3  3.044405e-01  1.000000e-07
 84  88  0  0  0  3  2.128452e-01  1.000000e-07
 19  81  0  0  0  3  2.481220e-01  1.000000e-07
 7  88  0  0  0  3  3.101374e-01  1.000000e-07
 20  85  0  0  0  3  3.055197e-01  1.000000e-07
 4  89  0  0  0  3  2.921378e-01  1.000000e-07
 16  57  0  0  0  3  1.669468e-01  1.000000e-07
 73  33  0  0  0  3  2.045476e-01  1.000000e-07
 18  53  0  0  0  3  1.500578e-01  1.000000e-07
 72  38  0  0  0  3  1.529334e-01  1.000000e-07
 16  57  0  0  0  3  1.703158e-01  1.000000e-07
 73  34  0  0  0  3  2.054905e-01  1.000000e-07
 50  54  0  0  0  3  2.471656e-01  1.000000e-07
 76  29  0  0  0  3  2.657804e-01  1.000000e-07
 50  52  0  0  0  3  1.845856e-01  1.000000e-07
 55  33  0  0  0  3  1.869137e-01  1.000000e-07
 22  55  0  0  0  3  2.294399e-01  1.000000e-07
 57  33  0  0  0  3  1.717948e-01  1.000000e-07
 14  82  0  0  0  3  1.527186e-01  1.000000e-07
 60  30 -1  0  0  3  2.850504e-01  1.000000e-07
 14  82  0  0  0  3  1.337979e-01  1.000000e-07
 51  26  0  0  0  3  2.582089e-01  1.000000e-07
 19  62  0  0  0  3  1.563686e-01  1.000000e-07
 71  29  0 -1  0  3  2.413270e-01  1.000000e-07
 22  75  0  1  0  3  3.159504e-01  1.000000e-07
 79  88  0  0  0  3  2.034625e-01  1.000000e-07
 18  56  0  0  0  3  2.574156e-01  1.000000e-07
 11  86  0  0  0  3  2.892479e-01  1.000000e-07
 14  82  0  0  0  3  1.420908e-01  1.000000e-07
 60  38  0  0  0  3  1.892088e-01  1.000000e-07
 25  77  0  0  0  3  2.154591e-01  1.000000e-07
 80  86  0  0  0  3  1.555112e-01  1.000000e-07
 15  84  0  0  0  3  3.512838e-01  1.000000e-07
 87  86  0  0  0  3  2.139682e-01  1.000000e-07
 14  74 -1  0  0  3  1.863468e-01  1.000000e-07
 59  88  0  0  0  3  2.650048e-01  1.000000e-07
 14  82  0  0  0  3  1.200423e-01  1.000000e-07
 62  37  0  0  0  3  2.163704e-01  1.000000e-07
 24  60  0  0  0  3  1.280508e-01  1.000000e-07
 72  38  0  0  0  3  1.364298e-01  1.000000e-07
 14  83  0  0  0  3  1.671046e-01  1.000000e-07
 0  89  0  0  0  3  3.830443e-01  1.000000e-07
 25  52  0  0  0  3  2.135835e-01  1.000000e-07
 77  34  0  0  0  3  1.709721e-01  1.000000e-07
 78  61  0  0  0  2  2.709468e-01  2.000000e-07
 78  53  0  0  0  2  2.144092e-01  2.000000e-07
 78  62  0  0  0  2  3.220535e-01  2.000000e-07
 78  11  0  0  0  2  1.166595e-01  2.000000e-07
 78  72  0  0  0  2  1.937477e-01  2.000000e-07
 78  74 -1  0  0  2  4.191473e-01  2.000000e-07
 78  66  0  0  0  2  8.579000e-02  2.000000e-07
 78  80  0  0  0  2  3.121369e-01  2.000000e-07
 78  68 -1  0  0  2  3.552396e-01  2.000000e-07
 78  4  0  0  0  2  1.979656e-01  2.000000e-07
 78  85  0  0  0  2  5.166778e-02  2.000000e-07
 78  5  0  0  0  2  2.015487e-01  2.000000e-07
 78  0  0  0  0  2  1.495802e-01  2.000000e-07
 78  65  0  0  0  2  4.278887e-02  2.000000e-07
 78  87  0  0  0  2  2.833187e-01  2.000000e-07
 51  64  0  0  0  2  2.207804e-01  2.000000e-07
 51  54  0  0  0  2  3.221957e-01  2.000000e-07
 51  82  0  0  0  2  1.601309e-01  2.000000e-07
 51  10  0  0  0  2  2.832178e-01  2.000000e-07
 51  60  0  0  0  2  1.658810e-01  2.000000e-07
 51  72  0  0  0  2  1.055099e-01  2.000000e-07
 51  58  0  0  0  2  1.060930e-01  2.000000e-07
 51  13  0  0  0  2  2.948588e-01  2.000000e-07
 51  65  0  0  0  2  4.685027e-02  2.000000e-07
 51  12  0  0  0  2  8.121802e-02  2.000000e-07
 51  8  0  0  0  2  2.933212e-01  2.000000e-07
 81  71  0  0  0  2  3.662259e-01  2.000000e-07
 81  61  0  0  0  2  1.527400e-01  2.000000e-07
 81  54  0 -1  0  2  3.514276e-01  2.000000e-07
 81  1  0  0  0  2  2.099814e-01  2.000000e-07
 81  79  0  0  0  2  3.298760e-01  2.000000e-07
 81  7  0  0  0  2  1.212287e-01  2.000000e-07
 81  72  0 -1  0  2  6.062755e-01  2.000000e-07
 81  13  0 -1  0  2  4.281511e-01  2.000000e-07
 81  56  0 -1  0  2  4.070403e-01  2.000000e-07
 81  83  0  0  0  2  2.532575e-01  2.000000e-07
 81  84  0  0  0  2  2.681682e-01  2.000000e-07
 81  70  0  0  0  2  1.664178e-01  2.000000e-07
 81  85  0  0  0  2  3.144790e-01  2.000000e-07
 81  5  0  0  0  2  1.797277e-01  2.000000e-07
 81  0  0  0  0  2  2.303606e-01  2.000000e-07
 81  75  0  0  0  2  2.710566e-01  2.000000e-07
 81  87  0  0  0  2  2.627616e-01  2.000000e-07
 81  76  0 -1  0  2  2.301308e-01  2.000000e-07
 71  61  0  0  0  2  2.616346e-01  2.000000e-07
 71  62  0  0  0  2  1.601532e-01  2.000000e-07
 71  82  0  0  0  2  3.851312e-01  2.000000e-07
 71  59 -1  0  0  2  2.748825e-01  2.000000e-07
 71  6 -1  0  0  2  2.671596e-01  2.000000e-07
 71  55 -1 -1  0  2  3.035713e-01  2.000000e-07
 71  79 -1  0  0  2  3.200168e-01  2.000000e-07
 71  67  0  0  0  2  9.594845e-03  2.000000e-07
 71  7  0  0  0  2  3.254469e-01  2.000000e-07
 71  72  0 -1  0  2  4.738131e-01  2.000000e-07
 71  2 -1  0  0  2  2.508809e-01  2.000000e-07
 71  69 -1  0  0  2  1.292301e-01  2.000000e-07
 71  13  0 -1  0  2  5.340892e-01  2.000000e-07
 71  9  0 -1  0  2  3.027022e-01  2.000000e-07
 71  83  0  0  0  2  3.457402e-01  2.000000e-07
 71  57 -1 -1  0  2  4.940584e-01  2.000000e-07
 71  5  0  0  0  2  3.205955e-01  2.000000e-07
 71  0  0  0  0  2  3.448665e-01  2.000000e-07
 71  75 -1  0  0  2  3.776800e-01  2.000000e-07
 71  76  0 -1  0  2  3.130530e-01  2.000000e-07
 64  61  0  1  0  2  4.542846e-01  2.000000e-07
 64  53  0  0  0  2  1.338701e-01  2.000000e-07
 64  62  0  1  0  2  4.170779e-01  2.000000e-07
 64  55 -1  0  0  2  3.617606e-01  2.000000e-07
 64  11  0  0  0  2  1.750376e-01  2.000000e-07
 64  60  0  0  0  2  2.493693e-01  2.000000e-07
 64  67  0  1  0  2  3.569608e-01  2.000000e-07
 64  58  0  0  0  2  1.497752e-01  2.000000e-07
 64  66  0  0  0  2  2.586116e-01  2.000000e-07
 64  69 -1  1  0  2  4.111134e-01  2.000000e-07
 64  56  0  0  0  2  1.675246e-01  2.000000e-07
 64  9  0  0  0  2  1.444689e-01  2.000000e-07
 64  65  0  0  0  2  2.497016e-01  2.000000e-07
 64  8  0  0  0  2  9.335933e-02  2.000000e-07
 61  62  0  0  0  2  1.060388e-01  2.000000e-07
 61  6 -1  0  0  2  4.370824e-01  2.000000e-07
 61  67  0  0  0  2  2.667668e-01  2.000000e-07
 61  72  0 -1  0  2  6.217760e-01  2.000000e-07
 61  2 -1  0  0  2  4.212808e-01  2.000000e-07
 61  68 -1  0  0  2  4.443128e-01  2.000000e-07
 61  56  0 -1  0  2  4.835381e-01  2.000000e-07
 61  9  0 -1  0  2  4.874490e-01  2.000000e-07
 61  4  0  0  0  2  1.722655e-01  2.000000e-07
 61  70  0  0  0  2  3.189065e-01  2.000000e-07
 61  5  0  0  0  2  7.344889e-02  2.000000e-07
 61  0  0  0  0  2  1.214689e-01  2.000000e-07
 61  75  0  0  0  2  4.216046e-01  2.000000e-07
 61  87  0  0  0  2  3.104443e-01  2.000000e-07
 61  8  0 -1  0  2  3.835059e-01  2.000000e-07
 52  54  0  0  0  2  1.955425e-01  2.000000e-07
 52  10  0  0  0  2  1.073777e-01  2.000000e-07
 52  59  0  0  0  2  4.959074e-01  2.000000e-07
 52  55  0  0  0  2  3.278044e-01  2.000000e-07
 52  73  0  0  0  2  1.642868e-01  2.000000e-07
 52  74  0  0  0  2  4.966215e-01  2.000000e-07
 52  77  0  0  0  2  5.977330e-02  2.000000e-07
 52  80  0  0  0  2  5.148472e-02  2.000000e-07
 52  69  0  1  0  2  5.182078e-01  2.000000e-07
 52  56  0  0  0  2  2.075609e-01  2.000000e-07
 52  9  1  0  0  2  5.006675e-01  2.000000e-07
 52  63  0  0  0  2  3.219230e-01  2.000000e-07
 52  70  0  1  0  2  3.814513e-01  2.000000e-07
 52  87  0  0  0  2  3.059534e-01  2.000000e-07
 53  59 -1  0  0  2  4.287087e-01  2.000000e-07
 53  11  0  0  0  2  1.062314e-01  2.000000e-07
 53  60  0  0  0  2  1.191721e-01  2.000000e-07
 53  72  0  0  0  2  4.129803e-02  2.000000e-07
 53  73 -1  0  0  2  4.100976e-01  2.000000e-07
 53  74 -1  0  0  2  4.196455e-01  2.000000e-07
 53  68 -1  0  0  2  2.719996e-01  2.000000e-07
 53  56  0  0  0  2  2.510883e-01  2.000000e-07
 53  9  0  0  0  2  1.464437e-01  2.000000e-07
 53  63 -1  0  0  2  5.323317e-01  2.000000e-07
 53  65  0  0  0  2  1.716560e-01  2.000000e-07
 62  67  0  0  0  2  1.641154e-01  2.000000e-07
 62  7  0  0  0  2  1.702972e-01  2.000000e-07
 62  2 -1  0  0  2  3.243583e-01  2.000000e-07
 62  74 -1  0  0  2  3.019811e-01  2.000000e-07
 62  68 -1  0  0  2  3.954337e-01  2.000000e-07
 62  56  0 -1  0  2  4.828300e-01  2.000000e-07
 62  9  0 -1  0  2  4.205519e-01  2.000000e-07
 62  4  0  0  0  2  2.726552e-01  2.000000e-07
 62  70  0  0  0  2  3.985026e-01  2.000000e-07
 62  76  0 -1  0  2  2.932605e-01  2.000000e-07
 62  8  0 -1  0  2  3.638651e-01  2.000000e-07
 54  10  0  0  0  2  1.340699e-01  2.000000e-07
 54  55  0  0  0  2  4.440461e-01  2.000000e-07
 54  58  0  0  0  2  3.149436e-01  2.000000e-07
 54  66  0  0  0  2  2.622783e-01  2.000000e-07
 54  77  0  0  0  2  2.422333e-01  2.000000e-07
 54  80  0  0  0  2  2.143046e-01  2.000000e-07
 54  13  0  0  0  2  8.266354e-02  2.000000e-07
 54  56  0  0  0  2  6.729256e-02  2.000000e-07
 54  70  0  1  0  2  3.003913e-01  2.000000e-07
 54  65  0  0  0  2  3.203696e-01  2.000000e-07
 54  76  0  0  0  2  1.610357e-01  2.000000e-07
 54  8  0  0  0  2  1.444839e-01  2.000000e-07
 82  59 -1  0  0  2  2.442562e-01  2.000000e-07
 82  6 -1  0  0  2  3.264467e-01  2.000000e-07
 82  60  0  0  0  2  1.146473e-01  2.000000e-07
 82  79 -1  0  0  2  4.541136e-01  2.000000e-07
 82  58  0  0  0  2  1.815821e-01  2.000000e-07
 82  68 -1  0  0  2  1.542881e-01  2.000000e-07
 82  83  0  0  0  2  2.170287e-01  2.000000e-07
 82  85  0  0  0  2  2.347073e-01  2.000000e-07
 82  0  0  0  0  2  2.401291e-01  2.000000e-07
 82  65  0  0  0  2  1.858074e-01  2.000000e-07
 82  12  0  0  0  2  2.161186e-01  2.000000e-07
 10  66  0  0  0  2  1.782206e-01  2.000000e-07
 10  77  0  0  0  2  1.277042e-01  2.000000e-07
 10  80  0  0  0  2  9.634113e-02  2.000000e-07
 10  13  0  0  0  2  5.158634e-02  2.000000e-07
 10  84  0  0  0  2  3.034429e-01  2.000000e-07
 10  85  0  0  0  2  2.756695e-01  2.000000e-07
 10  65  0  0  0  2  2.622400e-01  2.000000e-07
 10  12  0  0  0  2  2.415073e-01  2.000000e-07
 59  62  1  0  0  2  3.067446e-01  2.000000e-07
 59  55  0  0  0  2  5.460761e-01  2.000000e-07
 59  1  0  0  0  2  2.990266e-01  2.000000e-07
 59  60  1  0  0  2  3.148138e-01  2.000000e-07
 59  79  0  0  0  2  2.100116e-01  2.000000e-07
 59  67  1  0  0  2  2.664065e-01  2.000000e-07
 59  3  0  0  0  2  1.896366e-01  2.000000e-07
 59  7  1  0  0  2  4.462352e-01  2.000000e-07
 59  74  0  0  0  2  9.552384e-03  2.000000e-07
 59  77  0  0  0  2  4.450951e-01  2.000000e-07
 59  80  0  0  0  2  4.735913e-01  2.000000e-07
 59  68  0  0  0  2  1.883399e-01  2.000000e-07
 59  69  0  0  0  2  2.412116e-01  2.000000e-07
 59  9  1  0  0  2  5.045891e-01  2.000000e-07
 59  83  1  0  0  2  3.741479e-01  2.000000e-07
 59  84  0  0  0  2  3.544959e-01  2.000000e-07
 59  65  1  0  0  2  4.214573e-01  2.000000e-07
 6  79  0  0  0  2  1.277666e-01  2.000000e-07
 6  2  0  0  0  2  1.682341e-02  2.000000e-07
 6  73  0  0  0  2  4.121874e-01  2.000000e-07
 6  68  0  0  0  2  2.629963e-01  2.000000e-07
 6  63  0  0  0  2  2.092479e-01  2.000000e-07
 6  84  0  0  0  2  3.245374e-01  2.000000e-07
 6  5  1  0  0  2  4.606061e-01  2.000000e-07
 6  0  1  0  0  2  4.526995e-01  2.000000e-07
 6  75  0  0  0  2  2.271214e-01  2.000000e-07
 6  87  0  0  0  2  3.290459e-01  2.000000e-07
 55  60  1  0  0  2  3.339750e-01  2.000000e-07
 55  79  0  1  0  2  3.291704e-01  2.000000e-07
 55  72  1  0  0  2  3.614313e-01  2.000000e-07
 55  58  1  0  0  2  3.638159e-01  2.000000e-07
 55  74  0  0  0  2  5.409991e-01  2.000000e-07
 55  77  0  0  0  2  3.528757e-01  2.000000e-07
 55  69  0  1  0  2  2.264222e-01  2.000000e-07
 55  13  0  0  0  2  4.254584e-01  2.000000e-07
 55  9  1  0  0  2  2.202344e-01  2.000000e-07
 55  9  1  0  0  2  2.202344e-01  2.000000e-07
 55  57  0  0  0  2  1.957932e-01  2.000000e-07
 55  70  0  1  0  2  3.707535e-01  2.000000e-07
 55  75  0  1  0  2  2.967098e-01  2.000000e-07
 55  76  1  0  0  2  4.811816e-01  2.000000e-07
 55  8  1  0  0  2  4.190482e-01  2.000000e-07
 11  72  0  0  0  2  1.011797e-01  2.000000e-07
 11  74 -1  0  0  2  4.359242e-01  2.000000e-07
 11  66  0  0  0  2  1.221385e-01  2.000000e-07
 11  56  0  0  0  2  2.087290e-01  2.000000e-07
 11  85  0  0  0  2  1.675221e-01  2.000000e-07
 11  65  0  0  0  2  7.558810e-02  2.000000e-07
 1  79  0  0  0  2  1.678157e-01  2.000000e-07
 1  3  0  0  0  2  1.245483e-01  2.000000e-07
 1  7  0  0  0  2  2.646587e-01  2.000000e-07
 1  66  0  0  0  2  3.957743e-01  2.000000e-07
 1  80  0  0  0  2  3.926537e-01  2.000000e-07
 1  63  0  0  0  2  1.596970e-01  2.000000e-07
 1  4  0  0  0  2  2.156229e-01  2.000000e-07
 1  84  0  0  0  2  1.462252e-01  2.000000e-07
 1  70  0  0  0  2  1.863278e-01  2.000000e-07
 60  72  0  0  0  2  8.855987e-02  2.000000e-07
 60  58  0  0  0  2  1.127472e-01  2.000000e-07
 60  77 -1  0  0  2  4.684734e-01  2.000000e-07
 60  68 -1  0  0  2  1.531195e-01  2.000000e-07
 60  57 -1  0  0  2  2.855817e-01  2.000000e-07
 60  84 -1  0  0  2  5.395001e-01  2.000000e-07
 60  65  0  0  0  2  2.099566e-01  2.000000e-07
 79  54  0 -1  0  2  4.852467e-01  2.000000e-07
 79  3  0  0  0  2  6.768889e-02  2.000000e-07
 79  68  0  0  0  2  3.787234e-01  2.000000e-07
 79  69  0  0  0  2  2.045266e-01  2.000000e-07
 79  13  0 -1  0  2  5.230330e-01  2.000000e-07
 79  84  0  0  0  2  2.976547e-01  2.000000e-07
 79  70  0  0  0  2  2.087922e-01  2.000000e-07
 79  75  0  0  0  2  9.978418e-02  2.000000e-07
 79  87  0  0  0  2  2.998172e-01  2.000000e-07
 67  6 -1  0  0  2  2.577148e-01  2.000000e-07
 67  3 -1  0  0  2  3.505112e-01  2.000000e-07
 67  7  0  0  0  2  3.307891e-01  2.000000e-07
 67  2 -1  0  0  2  2.414661e-01  2.000000e-07
 67  74 -1  0  0  2  2.668479e-01  2.000000e-07
 67  69 -1  0  0  2  1.213806e-01  2.000000e-07
 67  9  0 -1  0  2  3.075034e-01  2.000000e-07
 67  70 -1  0  0  2  4.895073e-01  2.000000e-07
 67  75 -1  0  0  2  3.691132e-01  2.000000e-07
 67  76  0 -1  0  2  3.226469e-01  2.000000e-07
 67  8  0 -1  0  2  3.409228e-01  2.000000e-07
 3  2  0  0  0  2  1.334683e-01  2.000000e-07
 3  74  0  0  0  2  1.990311e-01  2.000000e-07
 3  80  0  0  0  2  4.461702e-01  2.000000e-07
 3  69  0  0  0  2  2.565972e-01  2.000000e-07
 3  63  0  0  0  2  1.636037e-01  2.000000e-07
 3  4  0  0  0  2  3.380562e-01  2.000000e-07
 3  84  0  0  0  2  2.370393e-01  2.000000e-07
 3  70  0  0  0  2  2.290897e-01  2.000000e-07
 7  74 -1  0  0  2  4.394302e-01  2.000000e-07
 7  66  0  0  0  2  3.036641e-01  2.000000e-07
 7  69 -1  0  0  2  4.472621e-01  2.000000e-07
 7  83  0  0  0  2  1.325337e-01  2.000000e-07
 7  4  0  0  0  2  1.134981e-01  2.000000e-07
 7  84  0  0  0  2  2.535799e-01  2.000000e-07
 7  70  0  0  0  2  2.836941e-01  2.000000e-07
 7  65  0  0  0  2  2.911096e-01  2.000000e-07
 7  76  0 -1  0  2  3.080295e-01  2.000000e-07
 72  58  0  0  0  2  2.558351e-02  2.000000e-07
 72  68 -1  0  0  2  2.407982e-01  2.000000e-07
 72  13  0  0  0  2  3.378984e-01  2.000000e-07
 72  56  0  0  0  2  2.776434e-01  2.000000e-07
 72  9  0  0  0  2  1.774396e-01  2.000000e-07
 72  57 -1  0  0  2  3.552970e-01  2.000000e-07
 72  85  0  0  0  2  2.443647e-01  2.000000e-07
 72  0  0  0  0  2  3.124261e-01  2.000000e-07
 72  12  0  0  0  2  1.854970e-01  2.000000e-07
 2  74  0  0  0  2  8.815113e-02  2.000000e-07
 2  68  0  0  0  2  2.646556e-01  2.000000e-07
 2  63  0  0  0  2  2.251826e-01  2.000000e-07
 2  70  0  0  0  2  3.441326e-01  2.000000e-07
 2  5  1  0  0  2  4.459058e-01  2.000000e-07
 2  75  0  0  0  2  2.343359e-01  2.000000e-07
 73  77  0  0  0  2  1.481865e-01  2.000000e-07
 73  68  0  0  0  2  2.433875e-01  2.000000e-07
 73  13  0  0  0  2  2.940538e-01  2.000000e-07
 73  56  0  0  0  2  3.718246e-01  2.000000e-07
 73  9  1  0  0  2  3.615660e-01  2.000000e-07
 73  63  0  0  0  2  2.619887e-01  2.000000e-07
 73  57  0  0  0  2  5.678088e-02  2.000000e-07
 73  84  0  0  0  2  3.162348e-01  2.000000e-07
 73  70  0  1  0  2  4.609772e-01  2.000000e-07
 73  85  0  0  0  2  4.625940e-01  2.000000e-07
 73  75  0  1  0  2  4.483825e-01  2.000000e-07
 73  87  0  0  0  2  3.220667e-01  2.000000e-07
 58  71  0  1  0  2  4.590525e-01  2.000000e-07
 58  13  0  0  0  2  3.152970e-01  2.000000e-07
 58  65  0  0  0  2  1.510031e-01  2.000000e-07
 58  76  0  0  0  2  3.537281e-01  2.000000e-07
 58  12  0  0  0  2  1.821668e-01  2.000000e-07
 58  8  0  0  0  2  2.392557e-01  2.000000e-07
 74  80  0  0  0  2  4.752161e-01  2.000000e-07
 74  68  0  0  0  2  1.816020e-01  2.000000e-07
 74  69  0  0  0  2  2.459433e-01  2.000000e-07
 74  9  1  0  0  2  4.966692e-01  2.000000e-07
 74  63  0  0  0  2  2.280171e-01  2.000000e-07
 74  65  1  0  0  2  4.119430e-01  2.000000e-07
 66  77  0  0  0  2  2.538478e-01  2.000000e-07
 66  56  0  0  0  2  2.006843e-01  2.000000e-07
 66  4  0  0  0  2  2.210366e-01  2.000000e-07
 66  84  0  0  0  2  2.624104e-01  2.000000e-07
 66  65  0  0  0  2  9.276291e-02  2.000000e-07
 66  8  0  0  0  2  2.953555e-01  2.000000e-07
 77  80  0  0  0  2  3.140625e-02  2.000000e-07
 77  13  0  0  0  2  1.665219e-01  2.000000e-07
 77  57  0  0  0  2  2.005948e-01  2.000000e-07
 77  84  0  0  0  2  2.455092e-01  2.000000e-07
 77  85  0  0  0  2  3.260663e-01  2.000000e-07
 80  56  0  0  0  2  2.099616e-01  2.000000e-07
 80  63  0  0  0  2  2.854657e-01  2.000000e-07
 80  4  0  0  0  2  3.377722e-01  2.000000e-07
 80  84  0  0  0  2  2.537461e-01  2.000000e-07
 80  87  0  0  0  2  2.566731e-01  2.000000e-07
 68  9  1  0  0  2  3.211597e-01  2.000000e-07
 68  63  0  0  0  2  2.635694e-01  2.000000e-07
 68  57  0  0  0  2  2.299606e-01  2.000000e-07
 68  84  0  0  0  2  3.922013e-01  2.000000e-07
 68  5  1  0  0  2  4.241624e-01  2.000000e-07
 68  0  1  0  0  2  3.872860e-01  2.000000e-07
 69  9  1 -1  0  2  3.194161e-01  2.000000e-07
 69  70  0  0  0  2  3.693702e-01  2.000000e-07
 69  76  1 -1  0  2  4.257536e-01  2.000000e-07
 69  8  1 -1  0  2  4.198659e-01  2.000000e-07
 13  57  0  0  0  2  3.342451e-01  2.000000e-07
 13  85  0  0  0  2  3.093696e-01  2.000000e-07
 13  75  0  1  0  2  4.245238e-01  2.000000e-07
 13  65  0  0  0  2  2.815308e-01  2.000000e-07
 13  76  0  0  0  2  2.432570e-01  2.000000e-07
 13  12  0  0  0  2  2.661750e-01  2.000000e-07
 56  13  0  0  0  2  7.778015e-02  2.000000e-07
 56  9  0  0  0  2  3.117760e-01  2.000000e-07
 56  70  0  1  0  2  3.670025e-01  2.000000e-07
 56  85  0  0  0  2  3.041719e-01  2.000000e-07
 56  75  0  1  0  2  4.524807e-01  2.000000e-07
 56  87  0  0  0  2  4.010073e-01  2.000000e-07
 56  76  0  0  0  2  1.957231e-01  2.000000e-07
 56  8  0  0  0  2  1.341092e-01  2.000000e-07
 9  63 -1  0  0  2  5.505101e-01  2.000000e-07
 9  57 -1  0  0  2  3.056653e-01  2.000000e-07
 9  70 -1  1  0  2  5.850258e-01  2.000000e-07
 9  75 -1  1  0  2  4.954477e-01  2.000000e-07
 9  8  0  0  0  2  2.176311e-01  2.000000e-07
 63  4  0  0  0  2  2.850365e-01  2.000000e-07
 63  70  0  0  0  2  3.416914e-01  2.000000e-07
 63  75  0  0  0  2  2.977228e-01  2.000000e-07
 63  87  0  0  0  2  1.432304e-01  2.000000e-07
 83  84  0  0  0  2  2.848521e-01  2.000000e-07
 83  85  0  0  0  2  1.039896e-01  2.000000e-07
 83  5  0  0  0  2  7.487746e-02  2.000000e-07
 83  0  0  0  0  2  2.349642e-02  2.000000e-07
 83  65  0  0  0  2  1.680592e-01  2.000000e-07
 83  12  0  0  0  2  1.601687e-01  2.000000e-07
 4  70  0  0  0  2  3.095826e-01  2.000000e-07
 4  5  0  0  0  2  1.151006e-01  2.000000e-07
 4  0  0  0  0  2  1.219307e-01  2.000000e-07
 4  75  0  0  0  2  3.700897e-01  2.000000e-07
 4  87  0  0  0  2  1.451727e-01  2.000000e-07
 57  84  0  0  0  2  3.693989e-01  2.000000e-07
 57  75  0  1  0  2  4.277613e-01  2.000000e-07
 84  85  0  0  0  2  2.453805e-01  2.000000e-07
 84  5  0  0  0  2  2.667829e-01  2.000000e-07
 84  75  0  0  0  2  3.249314e-01  2.000000e-07
 84  65  0  0  0  2  3.257384e-01  2.000000e-07
 84  87  0  0  0  2  6.794436e-03  2.000000e-07
 84  12  0  0  0  2  2.911027e-01  2.000000e-07
 70  75  0  0  0  2  1.214619e-01  2.000000e-07
 70  87  0  0  0  2  3.151572e-01  2.000000e-07
 70  76  0 -1  0  2  2.596650e-01  2.000000e-07
 70  8  0 -1  0  2  3.622562e-01  2.000000e-07
 85  4  0  0  0  2  1.463233e-01  2.000000e-07
 85  5  0  0  0  2  1.600477e-01  2.000000e-07
 85  0  0  0  0  2  1.122685e-01  2.000000e-07
 85  87  0  0  0  2  2.401035e-01  2.000000e-07
 85  12  0  0  0  2  6.972363e-02  2.000000e-07
 5  0  0  0  0  2  5.371274e-02  2.000000e-07
 5  75  0  0  0  2  4.297214e-01  2.000000e-07
 5  87  0  0  0  2  2.599947e-01  2.000000e-07
 0  87  0  0  0  2  2.628108e-01  2.000000e-07
 75  87  0  0  0  2  3.250244e-01  2.000000e-07
 65  12  0  0  0  2  3.526076e-02  2.000000e-07
 65  8  0  0  0  2  3.126192e-01  2.000000e-07
 76  8  0  0  0  2  1.146271e-01  2.000000e-07
 78  82  0  0  0  1  2.043339e-01  3.000000e-07
 78  83  0  0  0  1  1.349206e-01  3.000000e-07
 78  85  0  0  0  1  5.166778e-02  3.000000e-07
 51  82  0  0  0  1  1.601309e-01  3.000000e-07
 51  58  0  0  0  1  1.060930e-01  3.000000e-07
 81  61  0  0  0  1  1.527400e-01  3.000000e-07
 81  1  0  0  0  1  2.099814e-01  3.000000e-07
 81  7  0  0  0  1  1.212287e-01  3.000000e-07
 81  70  0  0  0  1  1.664178e-01  3.000000e-07
 81  76  0 -1  0  1  2.301308e-01  3.000000e-07
 71  62  0  0  0  1  1.601532e-01  3.000000e-07
 71  69 -1  0  0  1  1.292301e-01  3.000000e-07
 71  9  0 -1  0  1  3.027022e-01  3.000000e-07
 71  76  0 -1  0  1  3.130530e-01  3.000000e-07
 71  8  0 -1  0  1  3.319470e-01  3.000000e-07
 64  53  0  0  0  1  1.338701e-01  3.000000e-07
 64  11  0  0  0  1  1.750376e-01  3.000000e-07
 64  56  0  0  0  1  1.675246e-01  3.000000e-07
 64  9  0  0  0  1  1.444689e-01  3.000000e-07
 64  8  0  0  0  1  9.335933e-02  3.000000e-07
 61  62  0  0  0  1  1.060388e-01  3.000000e-07
 61  7  0  0  0  1  6.438450e-02  3.000000e-07
 61  83  0  0  0  1  1.374866e-01  3.000000e-07
 61  5  0  0  0  1  7.344889e-02  3.000000e-07
 61  76  0 -1  0  1  2.879193e-01  3.000000e-07
 52  54  0  0  0  1  1.955425e-01  3.000000e-07
 52  10  0  0  0  1  1.073777e-01  3.000000e-07
 52  55  0  0  0  1  3.278044e-01  3.000000e-07
 52  73  0  0  0  1  1.642868e-01  3.000000e-07
 52  77  0  0  0  1  5.977330e-02  3.000000e-07
 52  80  0  0  0  1  5.148472e-02  3.000000e-07
 52  57  0  0  0  1  2.067516e-01  3.000000e-07
 53  11  0  0  0  1  1.062314e-01  3.000000e-07
 53  60  0  0  0  1  1.191721e-01  3.000000e-07
 53  9  0  0  0  1  1.464437e-01  3.000000e-07
 62  67  0  0  0  1  1.641154e-01  3.000000e-07
 62  83  0  0  0  1  1.922258e-01  3.000000e-07
 62  76  0 -1  0  1  2.932605e-01  3.000000e-07
 54  13  0  0  0  1  8.266354e-02  3.000000e-07
 54  56  0  0  0  1  6.729256e-02  3.000000e-07
 54  70  0  1  0  1  3.003913e-01  3.000000e-07
 54  76  0  0  0  1  1.610357e-01  3.000000e-07
 54  8  0  0  0  1  1.444839e-01  3.000000e-07
 82  60  0  0  0  1  1.146473e-01  3.000000e-07
 82  72  0  0  0  1  1.578917e-01  3.000000e-07
 82  74 -1  0  0  1  2.347406e-01  3.000000e-07
 82  65  0  0  0  1  1.858074e-01  3.000000e-07
 10  66  0  0  0  1  1.782206e-01  3.000000e-07
 10  80  0  0  0  1  9.634113e-02  3.000000e-07
 10  13  0  0  0  1  5.158634e-02  3.000000e-07
 10  56  0  0  0  1  1.150951e-01  3.000000e-07
 59  6  0  0  0  1  8.286138e-02  3.000000e-07
 59  2  0  0  0  1  7.940250e-02  3.000000e-07
 59  68  0  0  0  1  1.883399e-01  3.000000e-07
 59  63  0  0  0  1  2.226183e-01  3.000000e-07
 6  3  0  0  0  1  1.188758e-01  3.000000e-07
 6  63  0  0  0  1  2.092479e-01  3.000000e-07
 55  69  0  1  0  1  2.264222e-01  3.000000e-07
 55  9  1  0  0  1  2.202344e-01  3.000000e-07
 55  57  0  0  0  1  1.957932e-01  3.000000e-07
 55  75  0  1  0  1  2.967098e-01  3.000000e-07
 11  58  0  0  0  1  8.965422e-02  3.000000e-07
 11  66  0  0  0  1  1.221385e-01  3.000000e-07
 11  65  0  0  0  1  7.558810e-02  3.000000e-07
 11  12  0  0  0  1  9.925565e-02  3.000000e-07
 1  4  0  0  0  1  2.156229e-01  3.000000e-07
 1  84  0  0  0  1  1.462252e-01  3.000000e-07
 1  70  0  0  0  1  1.863278e-01  3.000000e-07
 1  75  0  0  0  1  1.789038e-01  3.000000e-07
 1  87  0  0  0  1  1.461430e-01  3.000000e-07
 60  72  0  0  0  1  8.855987e-02  3.000000e-07
 60  68 -1  0  0  1  1.531195e-01  3.000000e-07
 60  9  0  0  0  1  2.021040e-01  3.000000e-07
 60  57 -1  0  0  1  2.855817e-01  3.000000e-07
 79  3  0  0  0  1  6.768889e-02  3.000000e-07
 79  2  0  0  0  1  1.361336e-01  3.000000e-07
 79  69  0  0  0  1  2.045266e-01  3.000000e-07
 79  75  0  0  0  1  9.978418e-02  3.000000e-07
 67  2 -1  0  0  1  2.414661e-01  3.000000e-07
 67  74 -1  0  0  1  2.668479e-01  3.000000e-07
 3  63  0  0  0  1  1.636037e-01  3.000000e-07
 3  75  0  0  0  1  1.460281e-01  3.000000e-07
 7  4  0  0  0  1  1.134981e-01  3.000000e-07
 7  5  0  0  0  1  5.849895e-02  3.000000e-07
 2  74  0  0  0  1  8.815113e-02  3.000000e-07
 2  69  0  0  0  1  1.833134e-01  3.000000e-07
 73  68  0  0  0  1  2.433875e-01  3.000000e-07
 73  63  0  0  0  1  2.619887e-01  3.000000e-07
 73  57  0  0  0  1  5.678088e-02  3.000000e-07
 74  62  1  0  0  1  3.019811e-01  3.000000e-07
 74  68  0  0  0  1  1.816020e-01  3.000000e-07
 66  80  0  0  0  1  2.300327e-01  3.000000e-07
 66  56  0  0  0  1  2.006843e-01  3.000000e-07
 66  87  0  0  0  1  2.592825e-01  3.000000e-07
 66  12  0  0  0  1  6.487192e-02  3.000000e-07
 77  63  0  0  0  1  2.632391e-01  3.000000e-07
 77  84  0  0  0  1  2.455092e-01  3.000000e-07
 80  87  0  0  0  1  2.566731e-01  3.000000e-07
 68  63  0  0  0  1  2.635694e-01  3.000000e-07
 68  57  0  0  0  1  2.299606e-01  3.000000e-07
 69  67  1  0  0  1  1.213806e-01  3.000000e-07
 69  75  0  0  0  1  2.500929e-01  3.000000e-07
 13  56  0  0  0  1  7.778015e-02  3.000000e-07
 56  8  0  0  0  1  1.341092e-01  3.000000e-07
 9  57 -1  0  0  1  3.056653e-01  3.000000e-07
 9  8  0  0  0  1  2.176311e-01  3.000000e-07
 63  84  0  0  0  1  1.369721e-01  3.000000e-07
 83  85  0  0  0  1  1.039896e-01  3.000000e-07
 83  5  0  0  0  1  7.487746e-02  3.000000e-07
 4  85  0  0  0  1  1.463233e-01  3.000000e-07
 4  5  0  0  0  1  1.151006e-01  3.000000e-07
 4  0  0  0  0  1  1.219307e-01  3.000000e-07
 4  87  0  0  0  1  1.451727e-01  3.000000e-07
 70  52  0 -1  0  1  3.814513e-01  3.000000e-07
 70  75  0  0  0  1  1.214619e-01  3.000000e-07
 70  76  0 -1  0  1  2.596650e-01  3.000000e-07
 85  0  0  0  0  1  1.122685e-01  3.000000e-07
 85  87  0  0  0  1  2.401035e-01  3.000000e-07
 85  12  0  0  0  1  6.972363e-02  3.000000e-07
 5  0  0  0  0  1  5.371274e-02  3.000000e-07
 76  8  0  0  0  1  1.146271e-01  3.000000e-07
-2.057338e-01 -1.473492e-01  0
 1.127395e-01 -2.409694e-01  0
 3.679210e-01 -2.522836e-01  0
 2.350233e-01 -2.646114e-01  0
-8.391337e-02 -1.525336e-01  0
-1.894255e-01 -1.985263e-01  0
 3.524001e-01 -2.457930e-01  0
-1.519079e-01 -2.434101e-01  0
-2.111513e-01  3.477954e-01  0
-4.213846e-01  2.915348e-01  0
-2.005876e-02  1.881314e-01  0
-2.564443e-01  1.080568e-01  0
-1.996473e-01  2.665782e-02  0
-3.654998e-02  2.370108e-01  0
-4.278704e-01 -1.150610e-01  1.022016e-01
 1.074211e-01 -2.820627e-01  2.463392e-01
 3.739166e-01  1.688570e-01  1.379269e-01
-3.619936e-01  2.256721e-01  3.818617e-01
-3.885167e-01  2.476557e-01  1.335333e-01
-2.623636e-01 -3.628838e-01  1.162788e-01
-2.633379e-01  5.816830e-02  2.450021e-01
 3.074553e-01  4.362553e-01  2.957326e-01
 2.285328e-01  4.095242e-01  2.256961e-01
 3.291640e-01 -3.562660e-01  2.186402e-01
-4.232272e-01  1.331517e-01  1.277339e-01
 1.539514e-01  1.460748e-01  2.078874e-01
-2.686637e-01  8.156421e-02 -1.972330e-01
-1.710875e-01 -1.966518e-01 -2.971209e-01
-2.676525e-01  2.912432e-02 -2.204989e-01
-2.743037e-01  3.714841e-01 -1.794555e-01
 4.242360e-01  1.746676e-01 -1.907601e-01
-3.679294e-02 -4.073892e-01 -4.130432e-01
-1.518421e-02  3.120087e-01 -3.738156e-01
 2.607100e-01  3.449065e-01 -1.689916e-01
 1.632280e-01  2.338055e-01 -1.664124e-01
-1.582182e-01 -3.833701e-01 -3.810187e-01
-1.513615e-01  2.497468e-01 -3.548958e-01
-3.154771e-01 -2.511038e-01 -1.842134e-01
-4.277035e-01  1.151031e-01 -1.360921e-01
 4.343228e-02  3.309504e-04 -4.018211e-01
-4.041097e-01  3.978625e-02  4.192799e-01
 1.827530e-01  3.901954e-01  2.973638e-01
-3.717463e-01 -2.783813e-02  3.197597e-01
-2.235914e-01 -3.872019e-01  4.222194e-01
 2.145207e-01  4.331728e-01 -3.812019e-01
-1.868242e-01  1.113162e-01 -4.083565e-01
-8.536392e-02 -3.818486e-01 -3.906078e-01
-3.660586e-01  2.101110e-01 -2.792702e-01
-3.062492e-01 -4.217244e-01  3.780859e-01
-2.845271e-02  8.991924e-02  3.085671e-01
 1.040609e-01  3.705675e-01  1.668868e-01
-2.731955e-01  6.111124e-02  0
 8.695086e-02  1.970153e-01  0
-3.451590e-01  1.664932e-01  0
-7.115002e-02  3.120847e-01  0
 3.700507e-01  3.622733e-01  0
-1.114004e-01  2.581571e-01  0
 2.931714e-01  1.822052e-01  0
-3.381270e-01  1.450137e-01  0
 4.060174e-01 -1.826171e-01  0
-4.365416e-01  8.999998e-02  0
-2.111181e-01 -2.686987e-01  0
-3.116295e-01 -3.024877e-01  0
 1.972056e-01 -1.054385e-01  0
-2.772404e-01  2.818546e-01  0
-2.336515e-01  3.598700e-02  0
-1.440918e-01  6.015340e-02  0
-4.423771e-01 -4.016791e-01  0
 4.373933e-01  3.090975e-03  0
 4.379067e-01 -4.217115e-01  0
 6.853663e-02 -4.219782e-01  0
-4.338196e-01 -4.060185e-01  0
-3.559069e-01  1.266182e-01  0
 2.449941e-01  1.521548e-01  0
 4.137151e-01 -1.769608e-01  0
 1.885122e-01 -4.030344e-01  0
-1.565740e-01  4.485957e-01  0
 9.746855e-02  1.381746e-01  0
-2.073681e-01  2.222102e-03  0
 2.555413e-01 -3.291157e-01  0
 6.803548e-02  1.491312e-01  0
-7.425206e-02 -3.365013e-01  0
-4.103079e-01 -2.160562e-02  0
-2.233082e-01 -1.317536e-01  0
 6.023669e-02 -1.044950e-01  0
-1.762477e-01 -3.902201e-02  0
 6.054763e-02  1.181764e-01 -1.500461e-01
 5.398546e-02 -1.071570e-01  0
 2.118158e-01 -2.273761e-01 -1.453415e-01
 2.482546e-03 -1.802251e-01 -2.342709e-01