 719  90  1.200000e-05  87 -2 -2
 4  70  0  0  0  3  1.872186e-01  1.000000e-07
 4  29 -1  0  0  3  2.514900e-01  1.000000e-07
 4  35  0  0  0  3  8.711616e-02  1.000000e-07
 4  23  0  0  0  3  2.662975e-01  1.000000e-07
 4  27 -1  0  0  3  3.777610e-01  1.000000e-07
 4  24  0  0  0  3  2.885094e-01  1.000000e-07
 4  34  0  0  0  3  1.821947e-01  1.000000e-07
 70  29 -1  0  0  3  3.796749e-01  1.000000e-07
 70  1  0  0  0  3  3.375299e-01  1.000000e-07
 70  2  0  0  0  3  3.478053e-01  1.000000e-07
 70  30  0  0  0  3  3.874598e-01  1.000000e-07
 70  8  0  0  1  3  5.472632e-01  1.000000e-07
 70  6  0  0  1  3  6.057941e-01  1.000000e-07
 29  0  0  0  0  3  1.585028e-01  1.000000e-07
 29  35  1  0  0  3  2.923984e-01  1.000000e-07
 29  5  0  0  0  3  1.991103e-01  1.000000e-07
 29  71  0  0  0  3  2.589292e-01  1.000000e-07
 29  23  1  0  0  3  2.442723e-01  1.000000e-07
 29  24  1  0  0  3  2.386479e-01  1.000000e-07
 29  11  0  0  0  3  2.071566e-01  1.000000e-07
 0  35  1  0  0  3  3.520923e-01  1.000000e-07
 0  71  0  0  0  3  3.084055e-01  1.000000e-07
 0  30  1  0  0  3  5.342003e-01  1.000000e-07
 0  34  1 -1  0  3  6.491765e-01  1.000000e-07
 0  3  0  0  0  3  2.527277e-01  1.000000e-07
 35  27 -1  0  0  3  3.462238e-01  1.000000e-07
 35  34  0  0  0  3  1.551407e-01  1.000000e-07
 35  8  0  0  1  3  5.222520e-01  1.000000e-07
 1  2  0  0  0  3  2.711548e-01  1.000000e-07
 1  30  0  0  0  3  2.872222e-01  1.000000e-07
 1  3  0  0  0  3  1.625514e-01  1.000000e-07
 1  31  0  0  0  3  2.091832e-01  1.000000e-07
 1  32  0  0  0  3  2.724557e-01  1.000000e-07
 5  23  1  0  0  3  2.753278e-01  1.000000e-07
 5  27  0  0  0  3  3.620914e-01  1.000000e-07
 5  30  1  0  0  3  5.260116e-01  1.000000e-07
 5  24  1  0  0  3  2.478603e-01  1.000000e-07
 5  33  0  0  0  3  1.994550e-01  1.000000e-07
 5  31  0  0  0  3  3.203907e-01  1.000000e-07
 5  22  0 -1  1  3  4.735076e-01  1.000000e-07
 5  21  0 -1  1  3  3.951988e-01  1.000000e-07
 2  71  0  0  0  3  1.328775e-01  1.000000e-07
 2  33  0  1  0  3  6.588475e-01  1.000000e-07
 2  34  0  0  0  3  4.823893e-01  1.000000e-07
 2  3  0  1  0  3  6.610114e-01  1.000000e-07
 2  32  0  0  0  3  1.786768e-01  1.000000e-07
 71  27  0  0  0  3  1.360956e-01  1.000000e-07
 71  3  0  0  0  3  3.218909e-01  1.000000e-07
 71  31  0  0  0  3  3.154758e-01  1.000000e-07
 71  32  0  0  0  3  2.159915e-01  1.000000e-07
 23  30  0  0  0  3  3.862147e-01  1.000000e-07
 23  32  0  0  0  3  4.359167e-01  1.000000e-07
 23  12  0  0  1  3  4.766585e-01  1.000000e-07
 23  20  0  0  1  3  4.703082e-01  1.000000e-07
 23  13  0  0  1  3  2.481268e-01  1.000000e-07
 23  6  0  0  1  3  5.199456e-01  1.000000e-07
 27  24  1  0  0  3  3.930210e-01  1.000000e-07
 27  32  0  0  0  3  2.563926e-01  1.000000e-07
 27  9  0  0  1  3  3.698273e-01  1.000000e-07
 27  19  0  0  1  3  2.886743e-01  1.000000e-07
 30  33  0  0  0  3  3.716811e-01  1.000000e-07
 30  34  0 -1  0  3  5.081375e-01  1.000000e-07
 30  18  0 -1  1  3  4.547511e-01  1.000000e-07
 30  13  0  0  1  3  4.791898e-01  1.000000e-07
 24  11 -1  0  0  3  2.317722e-01  1.000000e-07
 24  18  0 -1  1  3  4.618751e-01  1.000000e-07
 24  20  0  0  1  3  4.757567e-01  1.000000e-07
 24  19 -1  0  1  3  4.441799e-01  1.000000e-07
 24  26  0  0  1  3  3.633963e-01  1.000000e-07
 33  31  0  0  0  3  1.985909e-01  1.000000e-07
 33  22  0 -1  1  3  4.595307e-01  1.000000e-07
 33  18  1 -1  1  3  4.773894e-01  1.000000e-07
 33  16  0  0  1  3  3.840970e-01  1.000000e-07
 33  15  0 -1  1  3  4.049269e-01  1.000000e-07
 34  22 -1  0  1  3  5.246718e-01  1.000000e-07
 34  15  0  0  1  3  5.798545e-01  1.000000e-07
 34  6  0  0  1  3  5.502478e-01  1.000000e-07
 3  31  0  0  0  3  2.079181e-01  1.000000e-07
 11  31  0  0  0  3  3.366973e-01  1.000000e-07
 11  18  1 -1  1  3  3.873374e-01  1.000000e-07
 11  16  0  0  1  3  4.364073e-01  1.000000e-07
 11  19  0  0  1  3  3.833969e-01  1.000000e-07
 11  17  0  0  1  3  4.507031e-01  1.000000e-07
 11  72  0  0  1  3  4.405936e-01  1.000000e-07
 11  21  0 -1  1  3  3.948438e-01  1.000000e-07
 31  32  0  0  0  3  2.561618e-01  1.000000e-07
 31  19  0  0  1  3  4.507401e-01  1.000000e-07
 31  15  0 -1  1  3  3.593871e-01  1.000000e-07
 32  20  0  0  1  3  4.764626e-01  1.000000e-07
 32  19  0  0  1  3  3.853656e-01  1.000000e-07
 32  6  0  0  1  3  5.693563e-01  1.000000e-07
 9  22  0  0  0  3  2.185259e-01  1.000000e-07
 9  10  1  0  0  3  3.480303e-01  1.000000e-07
 9  7  0  0  0  3  2.015314e-01  1.000000e-07
 9  19  0  0  0  3  1.264082e-01  1.000000e-07
 9  26  1  0  0  3  2.844496e-01  1.000000e-07
 9  72  0  0  0  3  3.344661e-01  1.000000e-07
 9  8  1  0  0  3  3.119826e-01  1.000000e-07
 9  28  0  0  0  3  1.424669e-01  1.000000e-07
 22  10  1  0  0  3  3.178239e-01  1.000000e-07
 22  15  0  0  0  3  3.734311e-01  1.000000e-07
 22  8  1  0  0  3  2.958155e-01  1.000000e-07
 22  21  0  0  0  3  2.205107e-01  1.000000e-07
 22  28  0  0  0  3  2.899018e-01  1.000000e-07
 14  25  0 -1  0  3  4.780774e-01  1.000000e-07
 14  18  0 -1  0  3  4.324960e-01  1.000000e-07
 14  17 -1  0  0  3  5.520748e-01  1.000000e-07
 14  17  0  0  0  3  4.798110e-01  1.000000e-07
 14  72  0  0  0  3  4.639103e-01  1.000000e-07
 14  67  0 -1  0  3  5.100649e-01  1.000000e-07
 14  21  0 -1  0  3  4.581281e-01  1.000000e-07
 25  10  0  0  0  3  7.261807e-02  1.000000e-07
 25  7 -1  0  0  3  2.940486e-01  1.000000e-07
 25  26  0  0  0  3  2.268387e-01  1.000000e-07
 25  67  0  0  0  3  1.631233e-01  1.000000e-07
 25  8  0  0  0  3  1.833330e-01  1.000000e-07
 25  6  0  0  0  3  2.027436e-01  1.000000e-07
 10  18  0  0  0  3  2.511878e-01  1.000000e-07
 10  7 -1  0  0  3  2.930923e-01  1.000000e-07
 10  26  0  0  0  3  2.414499e-01  1.000000e-07
 10  8  0  0  0  3  1.533316e-01  1.000000e-07
 10  6  0  0  0  3  2.137024e-01  1.000000e-07
 10  21 -1  0  0  3  3.844960e-01  1.000000e-07
 12  16  0  0  0  3  2.587486e-01  1.000000e-07
 12  20  0  0  0  3  8.451836e-02  1.000000e-07
 12  19  0  0  0  3  3.363583e-01  1.000000e-07
 12  72  0  0  0  3  3.618316e-01  1.000000e-07
 12  13  0  0  0  3  4.473118e-01  1.000000e-07
 12  28  0  0  0  3  4.050928e-01  1.000000e-07
 18  16  0  1  0  3  4.881590e-01  1.000000e-07
 18  15  0  0  0  3  4.404195e-01  1.000000e-07
 18  8  0  0  0  3  2.803956e-01  1.000000e-07
 7  26  1  0  0  3  2.668375e-01  1.000000e-07
 7  72  0  0  0  3  3.230162e-01  1.000000e-07
 16  19  0  0  0  3  4.187478e-01  1.000000e-07
 16  15  0 -1  0  3  2.461236e-01  1.000000e-07
 16  72  0  0  0  3  4.632445e-01  1.000000e-07
 16  13  0  0  0  3  4.378864e-01  1.000000e-07
 16  21  0 -1  0  3  4.071391e-01  1.000000e-07
 20  26  0  0  0  3  3.819754e-01  1.000000e-07
 20  13  0  0  0  3  4.512856e-01  1.000000e-07
 20  67  0  0  0  3  2.994559e-01  1.000000e-07
 20  8  0  0  0  3  4.069490e-01  1.000000e-07
 20  28  0  0  0  3  3.767301e-01  1.000000e-07
 19  28  0  0  0  3  2.380605e-01  1.000000e-07
 15  14  0  1  0  3  3.464609e-01  1.000000e-07
 15  21  0  0  0  3  2.899213e-01  1.000000e-07
 15  28  0  0  0  3  4.626837e-01  1.000000e-07
 17  26  1  0  0  3  3.762053e-01  1.000000e-07
 17  72  0  0  0  3  7.637021e-02  1.000000e-07
 17  13  1  0  0  3  3.409002e-01  1.000000e-07
 17  21  0 -1  0  3  3.518041e-01  1.000000e-07
 26  13  0  0  0  3  3.016834e-01  1.000000e-07
 72  13  1  0  0  3  3.521580e-01  1.000000e-07
 13  21 -1 -1  0  3  4.085534e-01  1.000000e-07
 67  8  0  0  0  3  2.740040e-01  1.000000e-07
 67  6  0  0  0  3  1.943524e-01  1.000000e-07
 67  28  0  0  0  3  4.980808e-01  1.000000e-07
 6  21  0  0  0  3  5.263846e-01  1.000000e-07
 6  28  0  0  0  3  4.657910e-01  1.000000e-07
 70  45  0  0  0  3  2.124662e-01  1.000000e-07
 63  12  0  0  0  3  2.754642e-01  1.000000e-07
 3  52  0 -1  0  3  4.247570e-01  1.000000e-07
 38  67  0  0  0  3  2.982292e-01  1.000000e-07
 4  65  0  0  0  3  1.800156e-01  1.000000e-07
 51  26  0  0  0  3  2.429302e-01  1.000000e-07
 1  77  0  0  0  3  1.968920e-01  1.000000e-07
 50  17  0  0  0  3  1.784354e-01  1.000000e-07
 0  76  0  0  0  3  1.235168e-01  1.000000e-07
 78  17  0  0  0  3  1.196988e-01  1.000000e-07
 1  53  0  0  0  3  1.335185e-01  1.000000e-07
 73  12  0  0  0  3  2.706728e-01  1.000000e-07
 0  56  0  0  0  3  1.542794e-01  1.000000e-07
 78  26  1  0  0  3  3.187543e-01  1.000000e-07
 33  75  0 -1  0  3  4.774969e-01  1.000000e-07
 69  7  0  0  0  3  1.791803e-01  1.000000e-07
 0  76  0  0  0  3  1.316347e-01  1.000000e-07
 48  72  0  0  0  3  1.536355e-01  1.000000e-07
 1  77  0  0  0  3  1.769878e-01  1.000000e-07
 50  72  0  0  0  3  1.931762e-01  1.000000e-07
 35  56 -1  0  0  3  2.477587e-01  1.000000e-07
 81  72  0  0  0  3  2.188012e-01  1.000000e-07
 3  68  0 -1  0  3  2.844540e-01  1.000000e-07
 55  28  0  0  0  3  3.307579e-01  1.000000e-07
 3  75  0 -1  0  3  3.572129e-01  1.000000e-07
 69  7  0  0  0  3  2.627027e-01  1.000000e-07
 35  74  0  0  0  3  1.750372e-01  1.000000e-07
 58  25  0  0  0  3  1.873449e-01  1.000000e-07
 34  59  0  0  0  3  2.056532e-01  1.000000e-07
 58  25  0  0  0  3  1.693487e-01  1.000000e-07
 35  58  0  0  0  3  1.951802e-01  1.000000e-07
 51  67  0  0  0  3  1.359111e-01  1.000000e-07
 3  77  0  0  0  3  1.829820e-01  1.000000e-07
 47  72  0  0  0  3  1.629370e-01  1.000000e-07
 70  51  0  0  0  3  2.224265e-01  1.000000e-07
 58  26  0  0  0  3  2.748501e-01  1.000000e-07
 71  46  0  0  0  3  2.509210e-01  1.000000e-07
 48  72  0  0  0  3  1.506573e-01  1.000000e-07
 4  61  0  0  0  3  2.904732e-01  1.000000e-07
 66  14  0  0  0  3  2.753304e-01  1.000000e-07
 2  62  0  0  0  3  2.795730e-01  1.000000e-07
 39  67  0  0  0  3  1.999076e-01  1.000000e-07
 2  57  0  0  0  3  1.718207e-01  1.000000e-07
 64  28  0  0  0  3  2.034689e-01  1.000000e-07
 71  81  0  0  0  3  2.615366e-01  1.000000e-07
 60  7  0  0  0  3  1.296915e-01  1.000000e-07
 27  60  0  0  0  3  3.418410e-01  1.000000e-07
 54  7  0  0  0  3  1.159795e-01  1.000000e-07
 47  65  1  0  0  2  3.223746e-01  2.000000e-07
 47  50  0  0  0  2  1.756170e-01  2.000000e-07
 47  49  0  0  0  2  3.251869e-01  2.000000e-07
 47  53  0  0  0  2  3.098515e-01  2.000000e-07
 47  78  0  0  0  2  1.015507e-01  2.000000e-07
 47  55  0 -1  0  2  2.430297e-01  2.000000e-07
 47  57  0  0  0  2  4.512328e-01  2.000000e-07
 47  76  0  0  0  2  4.843608e-02  2.000000e-07
 47  77  0  0  0  2  1.103903e-01  2.000000e-07
 47  60  0  0  0  2  4.814617e-01  2.000000e-07
 47  48  0  0  0  2  6.844504e-02  2.000000e-07
 47  87  0  0  0  2  4.492100e-01  2.000000e-07
 82  51  0  0  0  2  4.615211e-01  2.000000e-07
 82  83  0  0  0  2  6.014449e-02  2.000000e-07
 82  52  0  0  0  2  3.562313e-01  2.000000e-07
 82  41  0  0  0  2  1.300814e-01  2.000000e-07
 82  43 -1  0  0  2  3.086779e-01  2.000000e-07
 82  89 -1  1  0  2  3.385551e-01  2.000000e-07
 82  79  0  1  0  2  3.086438e-01  2.000000e-07
 82  85  0  1  0  2  3.445652e-01  2.000000e-07
 82  86  0  1  0  2  1.759768e-01  2.000000e-07
 82  44 -1  0  0  2  2.696620e-01  2.000000e-07
 82  88  0  1  0  2  3.602533e-01  2.000000e-07
 82  58  0  0  0  2  3.505508e-01  2.000000e-07
 82  59  0  0  0  2  2.130405e-01  2.000000e-07
 82  42  0  0  0  2  1.691708e-01  2.000000e-07
 82  38  0  0  0  2  3.845782e-01  2.000000e-07
 69  51  1  0  0  2  4.163136e-01  2.000000e-07
 69  81  0  0  0  2  2.813351e-01  2.000000e-07
 69  68  0  0  0  2  2.813618e-01  2.000000e-07
 69  52  0  0  0  2  3.599727e-01  2.000000e-07
 69  54  0  0  0  2  9.362850e-02  2.000000e-07
 69  43  0  0  0  2  6.693225e-02  2.000000e-07
 69  75  0  0  0  2  3.372168e-02  2.000000e-07
 69  44  0  0  0  2  1.455312e-01  2.000000e-07
 69  59  1  0  0  2  3.284100e-01  2.000000e-07
 69  64  0  0  0  2  3.967513e-01  2.000000e-07
 69  42  1  0  0  2  2.433867e-01  2.000000e-07
 69  38  0  0  0  2  3.271319e-01  2.000000e-07
 65  51  0  0  0  2  1.311533e-01  2.000000e-07
 65  81 -1  0  0  2  2.500921e-01  2.000000e-07
 65  78 -1  0  0  2  2.570259e-01  2.000000e-07
 65  74  0  0  0  2  2.789644e-01  2.000000e-07
 65  89 -1  0  0  2  3.409918e-01  2.000000e-07
 65  79  0  0  0  2  2.755354e-01  2.000000e-07
 65  85  0  0  0  2  3.096562e-01  2.000000e-07
 65  86  0  0  0  2  2.917525e-01  2.000000e-07
 65  88  0  0  0  2  2.813519e-01  2.000000e-07
 65  56 -1  0  0  2  1.939618e-01  2.000000e-07
 65  57 -1  0  0  2  5.140732e-01  2.000000e-07
 65  76 -1  0  0  2  2.779188e-01  2.000000e-07
 65  58  0  0  0  2  2.110734e-01  2.000000e-07
 65  60 -1  0  0  2  3.961012e-01  2.000000e-07
 65  48 -1  0  0  2  2.944480e-01  2.000000e-07
 50  37  0  0  0  2  1.908155e-01  2.000000e-07
 50  68  0 -1  0  2  2.915961e-01  2.000000e-07
 50  83  0 -1  0  2  5.516504e-01  2.000000e-07
 50  52  0 -1  0  2  4.147992e-01  2.000000e-07
 50  53  0  0  0  2  1.478670e-01  2.000000e-07
 50  84  0  0  0  2  1.574056e-01  2.000000e-07
 50  55  0 -1  0  2  2.977951e-01  2.000000e-07
 50  57  0 -1  0  2  5.588975e-01  2.000000e-07
 50  76  0  0  0  2  2.240400e-01  2.000000e-07
 50  77  0  0  0  2  6.721163e-02  2.000000e-07
 50  80  0  0  0  2  1.106049e-01  2.000000e-07
 50  46  0  0  0  2  2.395549e-01  2.000000e-07
 50  48  0  0  0  2  1.957261e-01  2.000000e-07
 50  64  0  0  0  2  2.247372e-01  2.000000e-07
 50  38  0 -1  0  2  3.712155e-01  2.000000e-07
 49  73  0  0  0  2  1.414736e-01  2.000000e-07
 49  52  0  0  0  2  4.129991e-01  2.000000e-07
 49  53  0  0  0  2  1.354986e-01  2.000000e-07
 49  62  0  0  0  2  1.965038e-01  2.000000e-07
 49  75  0  0  0  2  4.892444e-01  2.000000e-07
 49  88  0  0  0  2  2.346084e-01  2.000000e-07
 49  56  0  0  0  2  3.650900e-01  2.000000e-07
 49  57  0  0  0  2  2.663398e-01  2.000000e-07
 49  45  0  0  0  2  2.106941e-01  2.000000e-07
 49  80  0  0  0  2  1.105663e-01  2.000000e-07
 49  63  0  0  0  2  1.453402e-01  2.000000e-07
 49  64  0  0  0  2  9.797840e-02  2.000000e-07
 49  87  0  0  0  2  1.312186e-01  2.000000e-07
 73  52  0 -1  0  2  4.672469e-01  2.000000e-07
 73  53  0  0  0  2  4.176639e-02  2.000000e-07
 73  66  0  0  0  2  1.586944e-01  2.000000e-07
 73  84  0  0  0  2  1.467421e-01  2.000000e-07
 73  85  0  0  0  2  1.136118e-01  2.000000e-07
 73  88  0  0  0  2  1.262920e-01  2.000000e-07
 73  80  0  0  0  2  1.197481e-01  2.000000e-07
 73  63  0  0  0  2  1.806413e-01  2.000000e-07
 73  40  0  0  0  2  2.225329e-01  2.000000e-07
 51  61  0  0  0  2  1.586608e-01  2.000000e-07
 51  81 -1  0  0  2  3.375021e-01  2.000000e-07
 51  52  0  0  0  2  4.570597e-01  2.000000e-07
 51  62  0  0  0  2  2.476115e-01  2.000000e-07
 51  74  0  0  0  2  2.318646e-01  2.000000e-07
 51  43 -1  0  0  2  4.137483e-01  2.000000e-07
 51  79  0  0  0  2  2.841827e-01  2.000000e-07
 51  39  0  0  0  2  2.838560e-01  2.000000e-07
 51  36  0  0  0  2  1.397592e-01  2.000000e-07
 51  56 -1  0  0  2  3.142541e-01  2.000000e-07
 51  76 -1  0  0  2  4.083872e-01  2.000000e-07
 51  58  0  0  0  2  1.155586e-01  2.000000e-07
 51  45  0  0  0  2  1.669825e-01  2.000000e-07
 51  59  0  0  0  2  2.488003e-01  2.000000e-07
 51  46 -1  0  0  2  3.892570e-01  2.000000e-07
 51  48 -1  0  0  2  4.186820e-01  2.000000e-07
 51  87  0  0  0  2  2.737945e-01  2.000000e-07
 51  42  0  0  0  2  3.227125e-01  2.000000e-07
 37  68  0 -1  0  2  3.744875e-01  2.000000e-07
 37  83  0 -1  0  2  4.408643e-01  2.000000e-07
 37  53  0  0  0  2  5.929112e-02  2.000000e-07
 37  66  0  0  0  2  1.470918e-01  2.000000e-07
 37  79  0  0  0  2  1.470684e-01  2.000000e-07
 37  84  0  0  0  2  1.169698e-01  2.000000e-07
 37  39  0  0  0  2  3.480909e-01  2.000000e-07
 37  80  0  0  0  2  1.426024e-01  2.000000e-07
 37  64  0  0  0  2  2.577334e-01  2.000000e-07
 37  87  0  0  0  2  2.641390e-01  2.000000e-07
 37  38  0 -1  0  2  4.082377e-01  2.000000e-07
 61  81 -1  0  0  2  4.443605e-01  2.000000e-07
 61  66  0  0  0  2  1.001999e-01  2.000000e-07
 61  79  0  0  0  2  1.319394e-01  2.000000e-07
 61  86  0  0  0  2  2.517748e-01  2.000000e-07
 61  39  0  0  0  2  2.869149e-01  2.000000e-07
 61  36  0  0  0  2  2.449861e-02  2.000000e-07
 61  56 -1  0  0  2  3.801708e-01  2.000000e-07
 61  76 -1  0  0  2  4.345353e-01  2.000000e-07
 61  80  0  0  0  2  3.099445e-01  2.000000e-07
 61  64  0  0  0  2  3.573036e-01  2.000000e-07
 61  87  0  0  0  2  2.315732e-01  2.000000e-07
 81  54  0  0  0  2  2.535780e-01  2.000000e-07
 81  74  1  0  0  2  2.880267e-01  2.000000e-07
 81  43  0  0  0  2  3.333752e-01  2.000000e-07
 81  75  0  0  0  2  3.097443e-01  2.000000e-07
 81  36  1  0  0  2  4.391428e-01  2.000000e-07
 81  56  0  0  0  2  1.215399e-01  2.000000e-07
 81  76  0  0  0  2  2.308119e-01  2.000000e-07
 81  58  1  0  0  2  3.337477e-01  2.000000e-07
 81  60  0  0  0  2  2.417366e-01  2.000000e-07
 81  80  0  0  0  2  3.150073e-01  2.000000e-07
 81  46  0  0  0  2  1.061348e-01  2.000000e-07
 81  48  0  0  0  2  1.743118e-01  2.000000e-07
 81  64  0  0  0  2  2.226577e-01  2.000000e-07
 81  42  1  0  0  2  4.153070e-01  2.000000e-07
 68  54  0  0  0  2  2.468106e-01  2.000000e-07
 68  43  0  0  0  2  3.009026e-01  2.000000e-07
 68  75  0  0  0  2  2.506862e-01  2.000000e-07
 68  84  0  1  0  2  2.582505e-01  2.000000e-07
 68  55  0  0  0  2  2.261970e-01  2.000000e-07
 68  44  0  0  0  2  2.854160e-01  2.000000e-07
 68  76  0  1  0  2  3.977576e-01  2.000000e-07
 68  40  0  1  0  2  2.099972e-01  2.000000e-07
 68  38  0  0  0  2  1.081918e-01  2.000000e-07
 83  52  0  0  0  2  3.297058e-01  2.000000e-07
 83  53  0  1  0  2  4.944103e-01  2.000000e-07
 83  41  0  0  0  2  1.326517e-01  2.000000e-07
 83  78 -1  1  0  2  4.224029e-01  2.000000e-07
 83  62  0  0  0  2  4.047796e-01  2.000000e-07
 83  74  0  0  0  2  2.545528e-01  2.000000e-07
 83  79  0  1  0  2  3.609555e-01  2.000000e-07
 83  55 -1  0  0  2  3.557709e-01  2.000000e-07
 83  85  0  1  0  2  3.931811e-01  2.000000e-07
 83  86  0  1  0  2  2.353457e-01  2.000000e-07
 83  88  0  1  0  2  4.113351e-01  2.000000e-07
 83  57  0  0  0  2  5.117604e-01  2.000000e-07
 83  58  0  0  0  2  2.919146e-01  2.000000e-07
 83  60 -1  0  0  2  3.868389e-01  2.000000e-07
 83  59  0  0  0  2  1.531917e-01  2.000000e-07
 83  42  0  0  0  2  1.251195e-01  2.000000e-07
 52  53  0  1  0  2  4.558047e-01  2.000000e-07
 52  75  0  0  0  2  3.386428e-01  2.000000e-07
 52  89  0  1  0  2  4.919239e-01  2.000000e-07
 52  84  0  1  0  2  3.226654e-01  2.000000e-07
 52  85  0  1  0  2  4.583845e-01  2.000000e-07
 52  39  0  0  0  2  2.293617e-01  2.000000e-07
 52  36  0  0  0  2  4.849387e-01  2.000000e-07
 52  88  0  1  0  2  4.899963e-01  2.000000e-07
 52  57  0  0  0  2  2.104536e-01  2.000000e-07
 52  58  0  0  0  2  4.110373e-01  2.000000e-07
 52  77  0  1  0  2  4.592806e-01  2.000000e-07
 52  59  0  0  0  2  3.259890e-01  2.000000e-07
 52  63  0  0  0  2  3.833286e-01  2.000000e-07
 52  64  0  0  0  2  4.012638e-01  2.000000e-07
 52  40  0  1  0  2  3.332922e-01  2.000000e-07
 52  38  0  0  0  2  5.316013e-02  2.000000e-07
 53  79  0  0  0  2  2.033724e-01  2.000000e-07
 53  88  0  0  0  2  1.669058e-01  2.000000e-07
 53  57  0 -1  0  2  6.352761e-01  2.000000e-07
 53  57  0  0  0  2  4.005655e-01  2.000000e-07
 53  45  0  0  0  2  2.221189e-01  2.000000e-07
 53  77  0  0  0  2  2.013806e-01  2.000000e-07
 53  48  0  0  0  2  3.071286e-01  2.000000e-07
 53  64  0  0  0  2  2.034069e-01  2.000000e-07
 53  87  0  0  0  2  2.428328e-01  2.000000e-07
 53  40  0  0  0  2  1.877647e-01  2.000000e-07
 53  38  0 -1  0  2  4.248110e-01  2.000000e-07
 54  55  0  0  0  2  2.855744e-01  2.000000e-07
 54  39  0  0  0  2  3.488654e-01  2.000000e-07
 54  44  0  0  0  2  2.224640e-01  2.000000e-07
 54  57  0  0  0  2  1.544978e-01  2.000000e-07
 54  60  0  0  0  2  6.740548e-02  2.000000e-07
 54  46  0  0  0  2  3.460068e-01  2.000000e-07
 54  64  0  0  0  2  3.193804e-01  2.000000e-07
 54  87  0  0  0  2  3.795784e-01  2.000000e-07
 54  42  1  0  0  2  3.354810e-01  2.000000e-07
 54  38  0  0  0  2  2.631359e-01  2.000000e-07
 66  79  0  0  0  2  3.303229e-02  2.000000e-07
 66  84  0  0  0  2  2.314120e-01  2.000000e-07
 66  85  0  0  0  2  5.279412e-02  2.000000e-07
 66  86  0  0  0  2  1.831186e-01  2.000000e-07
 66  36  0  0  0  2  1.238421e-01  2.000000e-07
 66  80  0  0  0  2  2.780739e-01  2.000000e-07
 66  63  0  0  0  2  2.023767e-01  2.000000e-07
 41  78 -1  1  0  2  3.355131e-01  2.000000e-07
 41  74  0  0  0  2  2.318784e-01  2.000000e-07
 41  43 -1  0  0  2  1.825376e-01  2.000000e-07
 41  75 -1  0  0  2  2.469844e-01  2.000000e-07
 41  89 -1  1  0  2  2.729673e-01  2.000000e-07
 41  55 -1  0  0  2  2.255108e-01  2.000000e-07
 41  86  0  1  0  2  2.543039e-01  2.000000e-07
 41  44 -1  0  0  2  1.405487e-01  2.000000e-07
 41  88  0  1  0  2  4.616717e-01  2.000000e-07
 41  58  0  0  0  2  3.237735e-01  2.000000e-07
 41  60 -1  0  0  2  2.887084e-01  2.000000e-07
 78  89  0  0  0  2  9.149954e-02  2.000000e-07
 78  79  1  0  0  2  3.932044e-01  2.000000e-07
 78  55  0 -1  0  2  2.314393e-01  2.000000e-07
 78  86  1  0  0  2  2.873677e-01  2.000000e-07
 78  88  1  0  0  2  4.301495e-01  2.000000e-07
 78  56  0  0  0  2  1.484193e-01  2.000000e-07
 78  57  0  0  0  2  5.150428e-01  2.000000e-07
 78  76  0  0  0  2  5.894992e-02  2.000000e-07
 78  77  0  0  0  2  2.106167e-01  2.000000e-07
 78  48  0  0  0  2  1.345015e-01  2.000000e-07
 62  74  0  0  0  2  3.902316e-01  2.000000e-07
 62  39  0  0  0  2  4.089336e-02  2.000000e-07
 62  57  0  0  0  2  2.317357e-01  2.000000e-07
 62  58  0  0  0  2  2.693505e-01  2.000000e-07
 62  45  0  0  0  2  1.899655e-01  2.000000e-07
 62  59  0  0  0  2  2.912516e-01  2.000000e-07
 62  63  0  0  0  2  1.179803e-01  2.000000e-07
 62  87  0  0  0  2  6.532063e-02  2.000000e-07
 62  38  0  0  0  2  3.120144e-01  2.000000e-07
 74  75 -1  0  0  2  2.294328e-01  2.000000e-07
 74  56 -1  0  0  2  3.508015e-01  2.000000e-07
 74  57 -1  0  0  2  4.131903e-01  2.000000e-07
 74  58  0  0  0  2  1.307484e-01  2.000000e-07
 74  45  0  0  0  2  3.923156e-01  2.000000e-07
 74  60 -1  0  0  2  2.084406e-01  2.000000e-07
 74  59  0  0  0  2  1.535964e-01  2.000000e-07
 74  48 -1  0  0  2  4.454065e-01  2.000000e-07
 74  42  0  0  0  2  1.338183e-01  2.000000e-07
 43  75  0  0  0  2  6.810661e-02  2.000000e-07
 43  89  0  1  0  2  3.268430e-01  2.000000e-07
 43  44  0  0  0  2  8.857714e-02  2.000000e-07
 43  56  0  0  0  2  4.382891e-01  2.000000e-07
 43  58  1  0  0  2  3.149229e-01  2.000000e-07
 43  59  1  0  0  2  2.864799e-01  2.000000e-07
 75  89  0  1  0  2  3.466884e-01  2.000000e-07
 75  44  0  0  0  2  1.284197e-01  2.000000e-07
 75  56  0  0  0  2  4.237762e-01  2.000000e-07
 75  57  0  0  0  2  2.464819e-01  2.000000e-07
 75  58  1  0  0  2  3.591980e-01  2.000000e-07
 75  60  0  0  0  2  6.802739e-02  2.000000e-07
 75  64  0  0  0  2  4.108294e-01  2.000000e-07
 75  40  0  1  0  2  4.076226e-01  2.000000e-07
 89  55  0 -1  0  2  1.399732e-01  2.000000e-07
 89  86  1  0  0  2  2.989652e-01  2.000000e-07
 89  44  0 -1  0  2  2.394726e-01  2.000000e-07
 89  88  1  0  0  2  4.745904e-01  2.000000e-07
 89  56  0  0  0  2  2.359828e-01  2.000000e-07
 89  57  0 -1  0  2  5.391836e-01  2.000000e-07
 89  76  0  0  0  2  1.190572e-01  2.000000e-07
 89  77  0  0  0  2  2.124680e-01  2.000000e-07
 89  60  0 -1  0  2  4.143272e-01  2.000000e-07
 89  40  0  0  0  2  2.623439e-01  2.000000e-07
 79  84  0  0  0  2  2.158018e-01  2.000000e-07
 79  55 -1 -1  0  2  5.193321e-01  2.000000e-07
 79  86  0  0  0  2  1.587277e-01  2.000000e-07
 79  39  0  0  0  2  3.870729e-01  2.000000e-07
 79  88  0  0  0  2  5.302108e-02  2.000000e-07
 79  76 -1  0  0  2  4.447652e-01  2.000000e-07
 79  45  0  0  0  2  1.672100e-01  2.000000e-07
 79  59  0 -1  0  2  5.073483e-01  2.000000e-07
 79  87  0  0  0  2  3.146246e-01  2.000000e-07
 79  42  0 -1  0  2  4.776427e-01  2.000000e-07
 79  38  0 -1  0  2  4.557771e-01  2.000000e-07
 84  82  0 -1  0  2  3.699135e-01  2.000000e-07
 84  86  0  0  0  2  3.119266e-01  2.000000e-07
 84  76  0  0  0  2  3.769554e-01  2.000000e-07
 84  80  0  0  0  2  1.853399e-01  2.000000e-07
 84  40  0  0  0  2  1.273905e-01  2.000000e-07
 84  38  0 -1  0  2  2.936422e-01  2.000000e-07
 55  44  0  0  0  2  1.263664e-01  2.000000e-07
 55  57  0  0  0  2  4.020923e-01  2.000000e-07
 55  76  0  1  0  2  2.497291e-01  2.000000e-07
 55  77  0  1  0  2  2.769891e-01  2.000000e-07
 55  60  0  0  0  2  2.786181e-01  2.000000e-07
 55  42  1  0  0  2  3.183031e-01  2.000000e-07
 55  38  0  0  0  2  3.301658e-01  2.000000e-07
 85  86  0  0  0  2  2.070440e-01  2.000000e-07
 85  36  0  0  0  2  1.596157e-01  2.000000e-07
 85  88  0  0  0  2  3.240128e-02  2.000000e-07
 85  56 -1  0  0  2  4.718943e-01  2.000000e-07
 85  58  0  0  0  2  4.077857e-01  2.000000e-07
 85  80  0  0  0  2  2.330626e-01  2.000000e-07
 85  63  0  0  0  2  2.042226e-01  2.000000e-07
 85  40  0  0  0  2  2.956558e-01  2.000000e-07
 86  36  0  0  0  2  2.748130e-01  2.000000e-07
 86  44 -1 -1  0  2  3.613619e-01  2.000000e-07
 86  88  0  0  0  2  2.111801e-01  2.000000e-07
 86  56 -1  0  0  2  3.716162e-01  2.000000e-07
 86  76 -1  0  0  2  3.454588e-01  2.000000e-07
 86  42  0 -1  0  2  3.371223e-01  2.000000e-07
 39  36  0  0  0  2  2.675367e-01  2.000000e-07
 39  57  0  0  0  2  1.953933e-01  2.000000e-07
 39  59  0  0  0  2  2.983336e-01  2.000000e-07
 39  63  0  0  0  2  1.543776e-01  2.000000e-07
 39  64  0  0  0  2  2.403586e-01  2.000000e-07
 39  87  0  0  0  2  8.441565e-02  2.000000e-07
 39  38  0  0  0  2  2.737558e-01  2.000000e-07
 36  56 -1  0  0  2  3.812068e-01  2.000000e-07
 36  58  0  0  0  2  2.481789e-01  2.000000e-07
 36  80  0  0  0  2  3.154010e-01  2.000000e-07
 36  63  0  0  0  2  1.331116e-01  2.000000e-07
 36  64  0  0  0  2  3.531358e-01  2.000000e-07
 44  79  1  1  0  2  5.200894e-01  2.000000e-07
 44  76  0  1  0  2  3.580433e-01  2.000000e-07
 44  60  0  0  0  2  1.888257e-01  2.000000e-07
 44  59  1  0  0  2  3.113501e-01  2.000000e-07
 44  42  1  0  0  2  2.029922e-01  2.000000e-07
 44  40  0  1  0  2  3.757714e-01  2.000000e-07
 88  58  0  0  0  2  3.754282e-01  2.000000e-07
 88  45  0  0  0  2  1.254771e-01  2.000000e-07
 88  77  0  0  0  2  3.668809e-01  2.000000e-07
 88  63  0  0  0  2  1.822994e-01  2.000000e-07
 88  40  0  0  0  2  3.231906e-01  2.000000e-07
 56  57  0  0  0  2  3.882853e-01  2.000000e-07
 56  76  0  0  0  2  1.255114e-01  2.000000e-07
 56  58  1  0  0  2  3.520341e-01  2.000000e-07
 56  77  0  0  0  2  2.355412e-01  2.000000e-07
 56  80  0  0  0  2  3.212264e-01  2.000000e-07
 56  46  0  0  0  2  8.461303e-02  2.000000e-07
 56  40  0  0  0  2  3.602362e-01  2.000000e-07
 57  58  0  0  0  2  4.838628e-01  2.000000e-07
 57  58  1  0  0  2  5.204722e-01  2.000000e-07
 57  77  0  0  0  2  4.239072e-01  2.000000e-07
 57  77  0  1  0  2  5.850021e-01  2.000000e-07
 57  60  0  0  0  2  2.167655e-01  2.000000e-07
 57  63  0  0  0  2  3.130906e-01  2.000000e-07
 57  48  0  0  0  2  3.882179e-01  2.000000e-07
 57  87  0  0  0  2  2.272804e-01  2.000000e-07
 57  40  0  1  0  2  4.773957e-01  2.000000e-07
 57  38  0  0  0  2  2.175987e-01  2.000000e-07
 76  80  0  0  0  2  2.849534e-01  2.000000e-07
 76  46  0  0  0  2  1.379311e-01  2.000000e-07
 76  48  0  0  0  2  7.804274e-02  2.000000e-07
 76  40  0  0  0  2  2.621519e-01  2.000000e-07
 58  45  0  0  0  2  2.643527e-01  2.000000e-07
 58  63  0  0  0  2  2.872600e-01  2.000000e-07
 45  59  0  0  0  2  3.656238e-01  2.000000e-07
 45  63  0  0  0  2  8.686469e-02  2.000000e-07
 45  87  0  0  0  2  1.722554e-01  2.000000e-07
 77  80  0  0  0  2  1.404777e-01  2.000000e-07
 77  40  0  0  0  2  1.295004e-01  2.000000e-07
 60  46  0  0  0  2  3.436226e-01  2.000000e-07
 60  48  0  0  0  2  4.133717e-01  2.000000e-07
 60  64  0  0  0  2  3.543058e-01  2.000000e-07
 60  87  0  0  0  2  4.368763e-01  2.000000e-07
 60  42  1  0  0  2  2.714267e-01  2.000000e-07
 60  38  0  0  0  2  3.238135e-01  2.000000e-07
 80  63  0  0  0  2  2.352296e-01  2.000000e-07
 80  46  0  0  0  2  2.417901e-01  2.000000e-07
 80  48  0  0  0  2  2.285761e-01  2.000000e-07
 80  64  0  0  0  2  1.377177e-01  2.000000e-07
 80  40  0  0  0  2  1.816288e-01  2.000000e-07
 59  42  0  0  0  2  1.094098e-01  2.000000e-07
 59  38  0  0  0  2  3.747473e-01  2.000000e-07
 63  64  0  0  0  2  2.321366e-01  2.000000e-07
 46  48  0  0  0  2  6.979749e-02  2.000000e-07
 46  64  0  0  0  2  1.950292e-01  2.000000e-07
 48  64  0  0  0  2  2.240472e-01  2.000000e-07
 48  87  0  0  0  2  4.090521e-01  2.000000e-07
 64  87  0  0  0  2  1.870498e-01  2.000000e-07
 64  38  0  0  0  2  4.232226e-01  2.000000e-07
 47  89  0  0  0  1  1.310375e-01  3.000000e-07
 47  77  0  0  0  1  1.103903e-01  3.000000e-07
 47  48  0  0  0  1  6.844504e-02  3.000000e-07
 82  83  0  0  0  1  6.014449e-02  3.000000e-07
 82  52  0  0  0  1  3.562313e-01  3.000000e-07
 82  41  0  0  0  1  1.300814e-01  3.000000e-07
 82  84  0  1  0  1  3.699135e-01  3.000000e-07
 82  86  0  1  0  1  1.759768e-01  3.000000e-07
 69  74  1  0  0  1  2.014963e-01  3.000000e-07
 69  43  0  0  0  1  6.693225e-02  3.000000e-07
 65  51  0  0  0  1  1.311533e-01  3.000000e-07
 65  61  0  0  0  1  1.946016e-01  3.000000e-07
 65  66  0  0  0  1  2.576357e-01  3.000000e-07
 65  78 -1  0  0  1  2.570259e-01  3.000000e-07
 65  36  0  0  0  1  1.913029e-01  3.000000e-07
 65  56 -1  0  0  1  1.939618e-01  3.000000e-07
 65  58  0  0  0  1  2.110734e-01  3.000000e-07
 50  53  0  0  0  1  1.478670e-01  3.000000e-07
 50  84  0  0  0  1  1.574056e-01  3.000000e-07
 50  77  0  0  0  1  6.721163e-02  3.000000e-07
 50  40  0  0  0  1  8.278178e-02  3.000000e-07
 49  73  0  0  0  1  1.414736e-01  3.000000e-07
 49  53  0  0  0  1  1.354986e-01  3.000000e-07
 49  80  0  0  0  1  1.105663e-01  3.000000e-07
 49  63  0  0  0  1  1.453402e-01  3.000000e-07
 49  64  0  0  0  1  9.797840e-02  3.000000e-07
 49  87  0  0  0  1  1.312186e-01  3.000000e-07
 73  85  0  0  0  1  1.136118e-01  3.000000e-07
 73  88  0  0  0  1  1.262920e-01  3.000000e-07
 73  45  0  0  0  1  1.841678e-01  3.000000e-07
 73  63  0  0  0  1  1.806413e-01  3.000000e-07
 51  62  0  0  0  1  2.476115e-01  3.000000e-07
 51  36  0  0  0  1  1.397592e-01  3.000000e-07
 51  58  0  0  0  1  1.155586e-01  3.000000e-07
 51  45  0  0  0  1  1.669825e-01  3.000000e-07
 51  63  0  0  0  1  2.166765e-01  3.000000e-07
 37  53  0  0  0  1  5.929112e-02  3.000000e-07
 37  84  0  0  0  1  1.169698e-01  3.000000e-07
 61  66  0  0  0  1  1.001999e-01  3.000000e-07
 61  88  0  0  0  1  1.064355e-01  3.000000e-07
 61  45  0  0  0  1  5.932122e-02  3.000000e-07
 81  74  1  0  0  1  2.880267e-01  3.000000e-07
 81  56  0  0  0  1  1.215399e-01  3.000000e-07
 81  57  0  0  0  1  2.750989e-01  3.000000e-07
 81  60  0  0  0  1  2.417366e-01  3.000000e-07
 81  46  0  0  0  1  1.061348e-01  3.000000e-07
 81  64  0  0  0  1  2.226577e-01  3.000000e-07
 68  75  0  0  0  1  2.506862e-01  3.000000e-07
 68  84  0  1  0  1  2.582505e-01  3.000000e-07
 68  55  0  0  0  1  2.261970e-01  3.000000e-07
 68  40  0  1  0  1  2.099972e-01  3.000000e-07
 68  38  0  0  0  1  1.081918e-01  3.000000e-07
 83  52  0  0  0  1  3.297058e-01  3.000000e-07
 83  41  0  0  0  1  1.326517e-01  3.000000e-07
 83  59  0  0  0  1  1.531917e-01  3.000000e-07
 83  42  0  0  0  1  1.251195e-01  3.000000e-07
 52  39  0  0  0  1  2.293617e-01  3.000000e-07
 52  57  0  0  0  1  2.104536e-01  3.000000e-07
 52  59  0  0  0  1  3.259890e-01  3.000000e-07
 52  38  0  0  0  1  5.316013e-02  3.000000e-07
 53  84  0  0  0  1  1.334172e-01  3.000000e-07
 53  80  0  0  0  1  8.336815e-02  3.000000e-07
 54  75  0  0  0  1  9.512749e-02  3.000000e-07
 54  57  0  0  0  1  1.544978e-01  3.000000e-07
 54  60  0  0  0  1  6.740548e-02  3.000000e-07
 54  38  0  0  0  1  2.631359e-01  3.000000e-07
 66  86  0  0  0  1  1.831186e-01  3.000000e-07
 41  43 -1  0  0  1  1.825376e-01  3.000000e-07
 41  55 -1  0  0  1  2.255108e-01  3.000000e-07
 41  44 -1  0  0  1  1.405487e-01  3.000000e-07
 41  42  0  0  0  1  1.172099e-01  3.000000e-07
 78  89  0  0  0  1  9.149954e-02  3.000000e-07
 78  86  1  0  0  1  2.873677e-01  3.000000e-07
 78  56  0  0  0  1  1.484193e-01  3.000000e-07
 62  58  0  0  0  1  2.693505e-01  3.000000e-07
 62  59  0  0  0  1  2.912516e-01  3.000000e-07
 62  63  0  0  0  1  1.179803e-01  3.000000e-07
 62  87  0  0  0  1  6.532063e-02  3.000000e-07
 74  43 -1  0  0  1  1.845255e-01  3.000000e-07
 74  58  0  0  0  1  1.307484e-01  3.000000e-07
 74  60 -1  0  0  1  2.084406e-01  3.000000e-07
 74  59  0  0  0  1  1.535964e-01  3.000000e-07
 43  75  0  0  0  1  6.810661e-02  3.000000e-07
 43  44  0  0  0  1  8.857714e-02  3.000000e-07
 43  42  1  0  0  1  1.903719e-01  3.000000e-07
 75  55  0  0  0  1  2.105912e-01  3.000000e-07
 75  44  0  0  0  1  1.284197e-01  3.000000e-07
 75  60  0  0  0  1  6.802739e-02  3.000000e-07
 89  55  0 -1  0  1  1.399732e-01  3.000000e-07
 89  76  0  0  0  1  1.190572e-01  3.000000e-07
 89  40  0  0  0  1  2.623439e-01  3.000000e-07
 79  84  0  0  0  1  2.158018e-01  3.000000e-07
 79  85  0  0  0  1  5.237240e-02  3.000000e-07
 79  86  0  0  0  1  1.587277e-01  3.000000e-07
 79  88  0  0  0  1  5.302108e-02  3.000000e-07
 84  85  0  0  0  1  1.803284e-01  3.000000e-07
 84  86  0  0  0  1  3.119266e-01  3.000000e-07
 84  40  0  0  0  1  1.273905e-01  3.000000e-07
 84  38  0 -1  0  1  2.936422e-01  3.000000e-07
 55  44  0  0  0  1  1.263664e-01  3.000000e-07
 55  40  0  1  0  1  2.570880e-01  3.000000e-07
 86  89 -1  0  0  1  2.989652e-01  3.000000e-07
 39  57  0  0  0  1  1.953933e-01  3.000000e-07
 39  59  0  0  0  1  2.983336e-01  3.000000e-07
 39  87  0  0  0  1  8.441565e-02  3.000000e-07
 88  45  0  0  0  1  1.254771e-01  3.000000e-07
 56  76  0  0  0  1  1.255114e-01  3.000000e-07
 56  46  0  0  0  1  8.461303e-02  3.000000e-07
 56  48  0  0  0  1  1.056900e-01  3.000000e-07
 57  64  0  0  0  1  2.167745e-01  3.000000e-07
 57  87  0  0  0  1  2.272804e-01  3.000000e-07
 57  38  0  0  0  1  2.175987e-01  3.000000e-07
 76  48  0  0  0  1  7.804274e-02  3.000000e-07
 58  59  0  0  0  1  1.413866e-01  3.000000e-07
 45  63  0  0  0  1  8.686469e-02  3.000000e-07
 77  80  0  0  0  1  1.404777e-01  3.000000e-07
 77  46  0  0  0  1  1.800683e-01  3.000000e-07
 77  48  0  0  0  1  1.298581e-01  3.000000e-07
 77  40  0  0  0  1  1.295004e-01  3.000000e-07
 80  64  0  0  0  1  1.377177e-01  3.000000e-07
 59  42  0  0  0  1  1.094098e-01  3.000000e-07
 63  87  0  0  0  1  8.627798e-02  3.000000e-07
 46  48  0  0  0  1  6.979749e-02  3.000000e-07
 46  64  0  0  0  1  1.950292e-01  3.000000e-07
 64  87  0  0  0  1  1.870498e-01  3.000000e-07
 4.200955e-01 -3.015510e-01  1.165347e-01
 4.889611e-02 -3.000550e-01  1.246137e-01
 1.360121e-01 -4.453167e-02  1.499825e-01
 1.844130e-01 -3.853005e-01  1.527442e-01
-3.892186e-01 -5.597912e-02  1.784152e-01
 3.916651e-01 -3.243310e-01  4.221077e-01
-1.986348e-01  1.915929e-01 -2.688743e-01
 3.551039e-01  8.094430e-02 -1.123317e-01
-3.980478e-01  1.100371e-01 -3.334361e-01
 2.968248e-01  5.248169e-02 -3.031414e-01
-4.054669e-01  2.119755e-01 -2.191378e-01
 4.020123e-01 -3.112319e-01  4.408453e-01
-3.373298e-02 -1.807358e-01 -2.526208e-01
-4.475005e-01 -2.943594e-01 -3.790089e-01
-1.232309e-01 -4.145982e-01 -1.691141e-01
 1.672008e-02  4.086166e-01 -4.321652e-01
-1.865492e-02 -3.484058e-01 -4.491158e-01
 3.394851e-01 -3.007731e-01 -1.129325e-01
-4.219369e-01  3.800767e-01 -4.050573e-01
 2.291681e-01 -1.719534e-02 -3.840531e-01
-6.266668e-02 -1.019235e-01 -2.428837e-01
 2.779362e-01  4.119348e-01 -3.064294e-01
 3.459122e-01  2.330545e-01 -4.160017e-01
-3.735857e-01 -1.807409e-01  4.131586e-01
-4.023896e-01 -1.870273e-01  4.351068e-01
-3.720567e-01  1.772038e-01 -1.648417e-01
-4.370983e-01 -2.641394e-02 -2.407704e-01
 2.705912e-01  4.556380e-03  3.310893e-01
 2.487917e-01  9.971579e-02 -1.776083e-01
 4.464522e-01 -2.300448e-01  2.555142e-01
-1.063993e-01 -4.433094e-01  3.191852e-01
 8.554030e-02 -3.327791e-01  3.279459e-01
 3.363464e-02 -8.469591e-02  2.908054e-01
 2.637222e-01 -4.156765e-01  2.993523e-01
-3.180763e-01  1.103338e-01  2.001801e-01
-4.321078e-01  1.581397e-02  1.540124e-01
-2.127456e-01 -1.621958e-01  0
-3.909565e-02 -3.046468e-01  0
 5.736879e-02  2.986762e-01  0
-4.159708e-02  4.343511e-02  0
 1.343640e-01 -4.230056e-01  0
-4.359930e-01  3.611334e-01  0
-3.909896e-01  2.529075e-01  0
 4.186510e-01  2.507178e-01  0
 4.252037e-01  3.390522e-01  0
-1.665833e-01 -1.496885e-01  0
 3.228552e-01 -1.774749e-01  0
 3.218673e-01 -3.156140e-01  0
 3.197295e-01 -2.472023e-01  0
 4.408732e-02 -1.465436e-01  0
 1.481508e-01 -3.413800e-01  0
-3.065000e-01 -5.854857e-02  0
 1.584081e-02  2.654884e-01  0
 1.422136e-02 -2.787097e-01  0
 2.848641e-01  1.664400e-01  0
 3.540765e-01  4.435002e-01  0
 4.068825e-01 -1.874133e-01  0
 1.455113e-01  9.972879e-02  0
-3.361046e-01  5.315352e-02  0
-3.013345e-01  1.901981e-01  0
 3.522517e-01  1.648881e-01  0
-2.129474e-01 -1.866936e-01  0
-6.966063e-02  1.369113e-02  0
-9.416706e-02 -1.017160e-01  0
 1.374727e-01 -1.168966e-01  0
-4.034354e-01 -1.468929e-01  0
-1.845540e-01 -2.827865e-01  0
-2.442583e-01  9.378123e-02 -1.072444e-01
 1.411699e-01  3.671075e-01  0
 3.705529e-01  2.041722e-01  0
-2.058666e-01 -9.007952e-02  1.948471e-01
 2.396929e-01 -7.689533e-02  2.265287e-01
 3.041171e-01 -2.371423e-01 -1.360117e-01
-2.644375e-02 -2.691819e-01  0
-4.423609e-01  1.293424e-01  0
 3.529131e-01  2.329122e-01  0
 3.695762e-01 -3.072522e-01  0
 2.115291e-01 -3.190061e-01  0
 4.215294e-01 -3.351081e-01  0
-1.857407e-01 -3.157974e-01  0
 9.115428e-02 -2.465916e-01  0
 3.564924e-01 -7.681136e-02  0
-3.128091e-01  4.029294e-01  0
-3.045379e-01  3.433563e-01  0
 7.453755e-03 -4.119552e-01  0
-1.352856e-01 -3.017562e-01  0
-3.043329e-01 -4.212980e-01  0
-3.329639e-02 -4.057144e-02  0
-1.526285e-01 -2.743871e-01  0
 3.967079e-01 -4.231766e-01  0