 720  90  1.200000e-05  60 -2 -2
 39  15  0  0  0  3  2.083011e-01  1.000000e-07
 39  75  0  1  0  3  2.153482e-01  1.000000e-07
 39  20  0  0  0  3  2.897562e-01  1.000000e-07
 39  19  0  0  0  3  1.785467e-01  1.000000e-07
 39  42  0  1  0  3  2.746326e-01  1.000000e-07
 39  18  0  0  0  3  2.105181e-01  1.000000e-07
 39  44  0  0  1  3  4.096294e-01  1.000000e-07
 39  23  0  0  1  3  4.326749e-01  1.000000e-07
 39  24  0  0  1  3  3.762777e-01  1.000000e-07
 15  75  0  1  0  3  3.263654e-01  1.000000e-07
 15  19  0  0  0  3  2.174663e-01  1.000000e-07
 15  41  0  0  0  3  2.106787e-01  1.000000e-07
 15  18  0  0  0  3  1.743655e-01  1.000000e-07
 15  44  0  0  1  3  4.556304e-01  1.000000e-07
 33  75  0  0  0  3  1.806550e-01  1.000000e-07
 33  38 -1  0  0  3  3.541640e-01  1.000000e-07
 33  42  0  0  0  3  8.057786e-02  1.000000e-07
 33  34  0  0  1  3  2.035840e-01  1.000000e-07
 33  23  0 -1  1  3  3.713286e-01  1.000000e-07
 33  32  0  0  1  3  2.318514e-01  1.000000e-07
 33  24  0 -1  1  3  4.198679e-01  1.000000e-07
 33  47  0  0  1  3  4.421705e-01  1.000000e-07
 33  29  0  0  1  3  2.712697e-01  1.000000e-07
 21  75  0  0  0  3  3.559923e-01  1.000000e-07
 21  38  0  0  0  3  4.036576e-01  1.000000e-07
 21  49  0  0  0  3  2.571558e-01  1.000000e-07
 21  43  0  0  0  3  4.016195e-01  1.000000e-07
 21  47  0  0  1  3  5.200360e-01  1.000000e-07
 21  37  0  0  1  3  5.715248e-01  1.000000e-07
 75  40  0  0  0  3  2.058180e-01  1.000000e-07
 75  14  0  0  0  3  3.296649e-01  1.000000e-07
 75  17  0 -1  0  3  2.638942e-01  1.000000e-07
 75  32  0  0  1  3  3.562157e-01  1.000000e-07
 20  19  0  0  0  3  1.279977e-01  1.000000e-07
 20  16  0  0  0  3  2.356286e-01  1.000000e-07
 20  40  0  0  0  3  4.048864e-01  1.000000e-07
 20  46  0  0  0  3  2.744235e-01  1.000000e-07
 20  49  0  0  0  3  5.454031e-01  1.000000e-07
 19  16  0  0  0  3  1.444488e-01  1.000000e-07
 19  46  0  0  0  3  2.838142e-01  1.000000e-07
 19  17  0  0  0  3  2.234278e-01  1.000000e-07
 19  48  0  0  0  3  1.592339e-01  1.000000e-07
 19  18  0  0  0  3  1.663687e-01  1.000000e-07
 19  45  0  0  1  3  3.989595e-01  1.000000e-07
 16  17  0  0  0  3  1.910664e-01  1.000000e-07
 16  43  0  0  0  3  3.732565e-01  1.000000e-07
 16  48  0  0  0  3  1.973987e-01  1.000000e-07
 16  18  0  0  0  3  1.052678e-01  1.000000e-07
 40  38 -1  0  0  3  4.013139e-01  1.000000e-07
 40  14  0  0  0  3  2.040967e-01  1.000000e-07
 40  42  0  0  0  3  1.551655e-01  1.000000e-07
 40  47  0  0  1  3  4.616631e-01  1.000000e-07
 40  26  0  0  1  3  4.368040e-01  1.000000e-07
 40  37  0  0  1  3  4.622839e-01  1.000000e-07
 40  31  0  0  1  3  3.070564e-01  1.000000e-07
 41  46  1  0  0  3  6.851138e-01  1.000000e-07
 41  38  0  1  0  3  2.683677e-01  1.000000e-07
 41  49  0  1  0  3  3.405541e-01  1.000000e-07
 41  17  1  0  0  3  5.198554e-01  1.000000e-07
 41  44  0  0  1  3  4.134589e-01  1.000000e-07
 41  22  0  0  1  3  6.687306e-01  1.000000e-07
 41  23  1  0  1  3  5.889651e-01  1.000000e-07
 41  37  0  0  1  3  5.560101e-01  1.000000e-07
 46  14  0  0  0  3  2.396181e-01  1.000000e-07
 46  25  0  0  1  3  2.906372e-01  1.000000e-07
 46  29  0  0  1  3  3.255450e-01  1.000000e-07
 46  26  0  0  1  3  3.391050e-01  1.000000e-07
 46  37  0  0  1  3  3.970723e-01  1.000000e-07
 46  31  0  0  1  3  3.231793e-01  1.000000e-07
 38  42  1  0  0  3  3.630680e-01  1.000000e-07
 38  44  0 -1  1  3  5.384020e-01  1.000000e-07
 38  22  0  0  1  3  3.242701e-01  1.000000e-07
 38  36  0  0  1  3  2.786044e-01  1.000000e-07
 38  29  1  0  1  3  3.123972e-01  1.000000e-07
 49  42  1  0  0  3  4.460076e-01  1.000000e-07
 49  48  1  0  0  3  5.700855e-01  1.000000e-07
 49  22  0  0  1  3  4.221417e-01  1.000000e-07
 49  29  1  0  1  3  4.358858e-01  1.000000e-07
 14  42  0  0  0  3  3.228629e-01  1.000000e-07
 14  43  0  0  0  3  3.896855e-02  1.000000e-07
 14  48  0  0  0  3  2.855996e-01  1.000000e-07
 17  48  0  0  0  3  2.173861e-01  1.000000e-07
 17  18  0  0  0  3  2.265577e-01  1.000000e-07
 42  17  0 -1  0  3  2.764597e-01  1.000000e-07
 42  43  0  0  0  3  3.499573e-01  1.000000e-07
 42  23  0 -1  1  3  4.036636e-01  1.000000e-07
 43  48  0  0  0  3  2.781197e-01  1.000000e-07
 48  23  0  0  1  3  5.011568e-01  1.000000e-07
 48  45  0  0  1  3  4.187513e-01  1.000000e-07
 89  22  0  0  0  3  3.713251e-01  1.000000e-07
 89  36  0  0  0  3  3.863333e-01  1.000000e-07
 89  23  1 -1  0  3  4.880354e-01  1.000000e-07
 89  86  0  0  0  3  5.057919e-01  1.000000e-07
 89  27  1  0  0  3  6.259742e-01  1.000000e-07
 89  50  0 -1  0  3  5.215107e-01  1.000000e-07
 89  28  0  0  0  3  5.159431e-01  1.000000e-07
 44  20  0  0 -1  3  4.754161e-01  1.000000e-07
 44  22  0  0  0  3  4.820799e-01  1.000000e-07
 44  86  0  0  0  3  3.375271e-01  1.000000e-07
 44  24  0  0  0  3  1.874783e-01  1.000000e-07
 44  50  0  0  0  3  2.175080e-01  1.000000e-07
 34  36 -1  0  0  3  3.516055e-01  1.000000e-07
 34  23  0 -1  0  3  2.355574e-01  1.000000e-07
 34  24  0 -1  0  3  3.362378e-01  1.000000e-07
 34  30  0  0  0  3  2.303789e-01  1.000000e-07
 34  29  0  0  0  3  2.380060e-01  1.000000e-07
 34  35  0  0  0  3  1.345891e-01  1.000000e-07
 34  28  0  0  0  3  1.363065e-01  1.000000e-07
 34  31  0  0  0  3  2.476441e-01  1.000000e-07
 22  36  0  0  0  3  1.612865e-01  1.000000e-07
 22  86  0  0  0  3  3.915075e-01  1.000000e-07
 22  47  0  0  0  3  1.767953e-01  1.000000e-07
 22  37  0  0  0  3  2.529930e-01  1.000000e-07
 36  23  1  0  0  3  6.354260e-01  1.000000e-07
 36  86  0  0  0  3  4.229510e-01  1.000000e-07
 36  27  1  0  0  3  4.886193e-01  1.000000e-07
 36  30  1  0  0  3  3.999925e-01  1.000000e-07
 36  29  1  0  0  3  1.591082e-01  1.000000e-07
 23  45  0  0  0  3  2.938406e-01  1.000000e-07
 23  35  0  1  0  3  2.300218e-01  1.000000e-07
 86  25  1  0  0  3  5.710488e-01  1.000000e-07
 27  45  0  0  0  3  3.646311e-01  1.000000e-07
 27  25  0  0  0  3  2.479675e-01  1.000000e-07
 27  35  0  0  0  3  4.367448e-01  1.000000e-07
 27  50  0  0  0  3  2.920781e-01  1.000000e-07
 27  26  0  0  0  3  2.676785e-01  1.000000e-07
 27  31  0  0  0  3  4.063938e-01  1.000000e-07
 45  24  0  0  0  3  1.441126e-01  1.000000e-07
 45  25  0  0  0  3  2.037220e-01  1.000000e-07
 45  50  0  0  0  3  2.062257e-01  1.000000e-07
 45  26  0  0  0  3  2.163627e-01  1.000000e-07
 45  37  0  0  0  3  2.828254e-01  1.000000e-07
 32  24  0 -1  0  3  3.235669e-01  1.000000e-07
 32  25  0  0  0  3  3.757397e-01  1.000000e-07
 32  35  0  0  0  3  1.702550e-01  1.000000e-07
 32  28  0  0  0  3  1.261105e-01  1.000000e-07
 32  26  0  0  0  3  3.607502e-01  1.000000e-07
 32  37  0  0  0  3  4.154491e-01  1.000000e-07
 32  31  0  0  0  3  2.965934e-01  1.000000e-07
 24  47  0  1  0  3  4.146431e-01  1.000000e-07
 25  50  0  0  0  3  2.671078e-01  1.000000e-07
 25  26  0  0  0  3  8.963991e-02  1.000000e-07
 25  37  0  0  0  3  2.503114e-01  1.000000e-07
 25  31  0  0  0  3  3.456771e-01  1.000000e-07
 30  29  0  0  0  3  3.582563e-01  1.000000e-07
 30  35  0  0  0  3  1.229200e-01  1.000000e-07
 30  28  0  0  0  3  1.871985e-01  1.000000e-07
 30  31  0  0  0  3  3.604093e-01  1.000000e-07
 47  28  0  0  0  3  3.920454e-01  1.000000e-07
 47  26  0  0  0  3  3.811087e-01  1.000000e-07
 47  37  0  0  0  3  2.944181e-01  1.000000e-07
 29  35  0  0  0  3  3.110075e-01  1.000000e-07
 29  31  0  0  0  3  1.781805e-02  1.000000e-07
 35  28  0  0  0  3  7.084784e-02  1.000000e-07
 35  31  0  0  0  3  3.146238e-01  1.000000e-07
 50  26  0  0  0  3  2.322348e-01  1.000000e-07
 26  37  0  0  0  3  1.729420e-01  1.000000e-07
 18  74  0  0  0  3  1.242703e-01  1.000000e-07
 64  23  0  0  0  3  3.765330e-01  1.000000e-07
 17  55  0  0  0  3  2.665302e-01  1.000000e-07
 74  30  0  1  0  3  1.995867e-01  1.000000e-07
 18  73  0  0  0  3  1.182123e-01  1.000000e-07
 67  50  0  0  0  3  2.079737e-01  1.000000e-07
 49  56  1  0  0  3  2.436507e-01  1.000000e-07
 62  30  0  0  0  3  2.237171e-01  1.000000e-07
 16  55  0  0  0  3  1.833147e-01  1.000000e-07
 74  30  0  1  0  3  2.919148e-01  1.000000e-07
 18  67  0  0  0  3  1.064892e-01  1.000000e-07
 74  24  0  0  0  3  3.213855e-01  1.000000e-07
 15  82  0  0  0  3  2.913608e-01  1.000000e-07
 0  89  0  1  0  3  1.813522e-01  1.000000e-07
 18  74  0  0  0  3  1.839672e-01  1.000000e-07
 64  30  0  1  0  3  2.976486e-01  1.000000e-07
 21  54  0  0  0  3  1.167870e-01  1.000000e-07
 88  37  0  0  0  3  4.555314e-01  1.000000e-07
 20  81  0  0  0  3  2.337322e-01  1.000000e-07
 13  50  0  0  0  3  1.898108e-01  1.000000e-07
 43  53  0  0  0  3  1.607469e-01  1.000000e-07
 52  27  0  0  0  3  1.360224e-01  1.000000e-07
 21  54  0  0  0  3  1.022158e-01  1.000000e-07
 68  47  0  0  0  3  3.785944e-01  1.000000e-07
 49  59  0  0  0  3  2.870311e-01  1.000000e-07
 12  86  0  0  0  3  2.249808e-01  1.000000e-07
 20  57  0  0  0  3  2.746857e-01  1.000000e-07
 53  27  0  0  0  3  1.460096e-01  1.000000e-07
 17  85 -1  1  0  3  4.066765e-01  1.000000e-07
 70  89  0  0  0  3  2.222857e-01  1.000000e-07
 16  73  0  0  0  3  1.230753e-01  1.000000e-07
 81  50  0  0  0  3  2.131140e-01  1.000000e-07
 15  81  0  0  0  3  2.207514e-01  1.000000e-07
 65  50  0  0  0  3  2.046917e-01  1.000000e-07
 48  51 -1  0  0  3  3.784001e-01  1.000000e-07
 10  86  0  0  0  3  2.206117e-01  1.000000e-07
 16  73  0  0  0  3  1.134244e-01  1.000000e-07
 74  24  0  0  0  3  3.369166e-01  1.000000e-07
 14  76  0  0  0  3  2.041007e-01  1.000000e-07
 58  35  0  0  0  3  2.967250e-01  1.000000e-07
 21  88  0  0  0  3  2.025431e-01  1.000000e-07
 61  86  0  0  0  3  2.896125e-01  1.000000e-07
 43  76  0  0  0  3  2.123781e-01  1.000000e-07
 58  30  0  0  0  3  2.524947e-01  1.000000e-07
 43  52  0  0  0  3  2.899524e-01  1.000000e-07
 62  86 -1  0  0  3  2.942754e-01  1.000000e-07
 43  76  0  0  0  3  1.770904e-01  1.000000e-07
 58  28  0  0  0  3  3.299177e-01  1.000000e-07
 75  1  0  0  0  3  3.007783e-01  1.000000e-07
 66  28  0  0  0  3  2.709184e-01  1.000000e-07
 15  84  0  0  0  3  2.768490e-01  1.000000e-07
 87  86  0  0  0  3  2.015312e-01  1.000000e-07
 14  58  0  0  0  3  2.394450e-01  1.000000e-07
 76  30  0  0  0  3  2.410270e-01  1.000000e-07
 14  76  0  0  0  3  2.014955e-01  1.000000e-07
 58  28  0  0  0  3  3.178289e-01  1.000000e-07
 64  68  0  1  0  2  2.399950e-01  2.000000e-07
 64  1  0  1  0  2  1.929555e-01  2.000000e-07
 64  69 -1  0  0  2  4.668750e-01  2.000000e-07
 64  81  0  0  0  2  2.892051e-01  2.000000e-07
 64  56  0  1  0  2  4.462164e-01  2.000000e-07
 64  76  0  1  0  2  3.649364e-01  2.000000e-07
 64  63  0  0  0  2  1.020770e-01  2.000000e-07
 64  71  0  0  0  2  1.404715e-01  2.000000e-07
 64  3  0  0  0  2  2.213300e-01  2.000000e-07
 64  0  0  0  0  2  2.223064e-01  2.000000e-07
 64  66  0  1  0  2  2.357183e-01  2.000000e-07
 64  78  0  0  0  2  3.760958e-01  2.000000e-07
 64  87  0  0  0  2  4.452825e-01  2.000000e-07
 64  74  0  0  0  2  5.278758e-02  2.000000e-07
 64  62  0  1  0  2  4.856062e-01  2.000000e-07
 64  79  0  1  0  2  3.513469e-01  2.000000e-07
 73  52  0  0  0  2  2.903664e-01  2.000000e-07
 73  54  0  0  0  2  4.881801e-01  2.000000e-07
 73  81  0  0  0  2  1.214110e-01  2.000000e-07
 73  55  0  0  0  2  2.278500e-01  2.000000e-07
 73  65  0  0  0  2  1.874834e-01  2.000000e-07
 73  63  0  0  0  2  2.013849e-01  2.000000e-07
 73  83  0  0  0  2  3.661049e-01  2.000000e-07
 73  71  0  0  0  2  1.930677e-01  2.000000e-07
 73  3  0  0  0  2  1.893523e-01  2.000000e-07
 73  57  0  0  0  2  1.505299e-01  2.000000e-07
 73  59  0  0  0  2  5.251783e-01  2.000000e-07
 73  84  0  0  0  2  2.018762e-01  2.000000e-07
 73  2  0  0  0  2  2.834287e-01  2.000000e-07
 51  52  1  0  0  2  3.113480e-01  2.000000e-07
 51  5  0  0  0  2  2.142780e-01  2.000000e-07
 51  9  0  0  0  2  3.180379e-01  2.000000e-07
 51  80  0  0  0  2  2.654120e-01  2.000000e-07
 51  55  1  0  0  2  3.562515e-01  2.000000e-07
 51  65  0  0  0  2  3.494565e-01  2.000000e-07
 51  83  0  0  0  2  1.868220e-01  2.000000e-07
 51  3  1  0  0  2  3.411595e-01  2.000000e-07
 51  8  0  0  0  2  2.495461e-01  2.000000e-07
 51  10  0  0  0  2  1.277554e-01  2.000000e-07
 51  59  0  0  0  2  2.617304e-01  2.000000e-07
 51  11  0  0  0  2  4.056896e-01  2.000000e-07
 51  84  0  0  0  2  3.004370e-01  2.000000e-07
 51  78  1  0  0  2  1.849963e-01  2.000000e-07
 51  77  0  0  0  2  1.343422e-01  2.000000e-07
 52  9 -1  0  0  2  3.946463e-01  2.000000e-07
 52  55  0  0  0  2  3.057219e-01  2.000000e-07
 52  12 -1  0  0  2  4.103850e-01  2.000000e-07
 52  56  0  0  0  2  2.914684e-01  2.000000e-07
 52  76  0  0  0  2  2.547573e-01  2.000000e-07
 52  83 -1  0  0  2  4.475681e-01  2.000000e-07
 52  3  0  0  0  2  2.419094e-01  2.000000e-07
 52  57  0  0  0  2  1.747967e-01  2.000000e-07
 52  58  0  0  0  2  3.101929e-01  2.000000e-07
 52  10 -1  0  0  2  2.829938e-01  2.000000e-07
 52  11 -1  0  0  2  3.919473e-01  2.000000e-07
 52  78  0  0  0  2  1.900815e-01  2.000000e-07
 52  2  0  0  0  2  1.795984e-01  2.000000e-07
 52  62  0  0  0  2  2.317810e-01  2.000000e-07
 52  85 -1  0  0  2  4.608952e-01  2.000000e-07
 5  80  0  0  0  2  7.037480e-02  2.000000e-07
 5  70  0  1  0  2  2.434900e-01  2.000000e-07
 5  56  1  1  0  2  4.760869e-01  2.000000e-07
 5  65  0  0  0  2  2.496156e-01  2.000000e-07
 5  8  0  0  0  2  3.810081e-02  2.000000e-07
 5  11  0  1  0  2  4.059728e-01  2.000000e-07
 5  84  0  0  0  2  2.497497e-01  2.000000e-07
 5  6  0  0  0  2  9.109785e-02  2.000000e-07
 5  77  0  0  0  2  1.180743e-01  2.000000e-07
 68  9  0  0  0  2  3.865138e-01  2.000000e-07
 68  54  0  0  0  2  1.213465e-01  2.000000e-07
 68  4  0  0  0  2  1.140810e-01  2.000000e-07
 68  70  0  0  0  2  2.014258e-01  2.000000e-07
 68  72  0  0  0  2  1.262031e-01  2.000000e-07
 68  76  0  0  0  2  3.022283e-01  2.000000e-07
 68  82  0 -1  0  2  2.349223e-01  2.000000e-07
 68  0  0 -1  0  2  1.681988e-01  2.000000e-07
 68  59  0  0  0  2  4.191362e-01  2.000000e-07
 68  88  0  0  0  2  3.187422e-01  2.000000e-07
 68  67  0 -1  0  2  2.618583e-01  2.000000e-07
 68  79  0  0  0  2  1.933782e-01  2.000000e-07
 53  81  0  0  0  2  2.943151e-01  2.000000e-07
 53  55  0  0  0  2  3.592180e-01  2.000000e-07
 53  12 -1  0  0  2  5.381953e-01  2.000000e-07
 53  65  0  0  0  2  4.000221e-01  2.000000e-07
 53  63  0  0  0  2  4.456862e-01  2.000000e-07
 53  13  0  0  0  2  2.889643e-01  2.000000e-07
 53  57  0  0  0  2  9.428472e-02  2.000000e-07
 53  58  0  0  0  2  2.526887e-01  2.000000e-07
 53  66  0  0  0  2  3.272283e-01  2.000000e-07
 53  78  0  0  0  2  3.058466e-01  2.000000e-07
 53  2  0  0  0  2  5.565854e-02  2.000000e-07
 53  87 -1  0  0  2  6.096212e-01  2.000000e-07
 53  60  0  0  0  2  1.773972e-01  2.000000e-07
 53  74  0  0  0  2  3.993381e-01  2.000000e-07
 53  62  0  0  0  2  2.914969e-01  2.000000e-07
 53  61  0  0  0  2  3.454152e-01  2.000000e-07
 9  54  0  0  0  2  3.385540e-01  2.000000e-07
 9  70  0  0  0  2  2.934495e-01  2.000000e-07
 9  72  0  0  0  2  3.391439e-01  2.000000e-07
 9  56  1  0  0  2  2.416154e-01  2.000000e-07
 9  83  0  0  0  2  2.390844e-01  2.000000e-07
 9  10  0  0  0  2  1.951229e-01  2.000000e-07
 9  59  0  0  0  2  6.006813e-02  2.000000e-07
 9  11  0  0  0  2  1.193144e-01  2.000000e-07
 9  62  1  0  0  2  2.399443e-01  2.000000e-07
 9  85  0  0  0  2  1.320360e-01  2.000000e-07
 54  4  0  0  0  2  8.140378e-02  2.000000e-07
 54  70  0  0  0  2  2.627386e-01  2.000000e-07
 54  72  0  0  0  2  2.112134e-01  2.000000e-07
 54  76  0  0  0  2  2.467611e-01  2.000000e-07
 54  83  0  0  0  2  3.940541e-01  2.000000e-07
 54  71  0 -1  0  2  3.541525e-01  2.000000e-07
 54  57  0  0  0  2  3.716160e-01  2.000000e-07
 54  58  0  0  0  2  2.203985e-01  2.000000e-07
 54  66  0  0  0  2  1.416760e-01  2.000000e-07
 54  2  0  0  0  2  2.639185e-01  2.000000e-07
 54  60  0  0  0  2  1.579484e-01  2.000000e-07
 54  85  0  0  0  2  3.358336e-01  2.000000e-07
 54  79  0  0  0  2  1.031582e-01  2.000000e-07
 4  1  0  0  0  2  1.169351e-01  2.000000e-07
 4  70  0  0  0  2  3.032591e-01  2.000000e-07
 4  72  0  0  0  2  2.356472e-01  2.000000e-07
 4  55  0 -1  0  2  4.349692e-01  2.000000e-07
 4  76  0  0  0  2  1.918999e-01  2.000000e-07
 4  63  0 -1  0  2  2.927016e-01  2.000000e-07
 4  71  0 -1  0  2  3.193616e-01  2.000000e-07
 4  3  0 -1  0  2  4.858059e-01  2.000000e-07
 4  58  0  0  0  2  1.535192e-01  2.000000e-07
 4  59  0  0  0  2  4.368274e-01  2.000000e-07
 4  67  0 -1  0  2  3.366561e-01  2.000000e-07
 4  2  0  0  0  2  2.597899e-01  2.000000e-07
 4  79  0  0  0  2  8.555514e-02  2.000000e-07
 80  69  0  0  0  2  1.554251e-01  2.000000e-07
 80  70  0  1  0  2  2.024637e-01  2.000000e-07
 80  12  0  0  0  2  3.914547e-01  2.000000e-07
 80  56  1  1  0  2  4.961930e-01  2.000000e-07
 80  65  0  0  0  2  1.944167e-01  2.000000e-07
 80  10  0  0  0  2  3.785279e-01  2.000000e-07
 80  0  0  0  0  2  1.877170e-01  2.000000e-07
 80  78  1  0  0  2  3.798147e-01  2.000000e-07
 80  6  0  0  0  2  3.492831e-02  2.000000e-07
 80  87  0  0  0  2  8.557733e-02  2.000000e-07
 80  77  0  0  0  2  1.868916e-01  2.000000e-07
 80  61  0  0  0  2  4.115787e-01  2.000000e-07
 1  69 -1 -1  0  2  4.936290e-01  2.000000e-07
 1  72  0  0  0  2  2.934069e-01  2.000000e-07
 1  55  0 -1  0  2  3.271286e-01  2.000000e-07
 1  71  0 -1  0  2  2.834347e-01  2.000000e-07
 1  58  0  0  0  2  1.230993e-01  2.000000e-07
 1  66  0  0  0  2  5.792730e-02  2.000000e-07
 1  60  0  0  0  2  2.834734e-01  2.000000e-07
 1  74  0 -1  0  2  2.411930e-01  2.000000e-07
 69  70  0  1  0  2  2.340202e-01  2.000000e-07
 69  72  0  1  0  2  2.977508e-01  2.000000e-07
 69  55  1  0  0  2  3.248522e-01  2.000000e-07
 69  7  0  0  0  2  1.449564e-01  2.000000e-07
 69  56  1  1  0  2  3.736658e-01  2.000000e-07
 69  0  0  0  0  2  3.147701e-01  2.000000e-07
 69  88  0  1  0  2  4.472482e-01  2.000000e-07
 69  66  0  1  0  2  5.646135e-01  2.000000e-07
 69  66  1  1  0  2  5.475007e-01  2.000000e-07
 69  78  1  0  0  2  3.011729e-01  2.000000e-07
 69  87  0  0  0  2  1.687539e-01  2.000000e-07
 69  77  0  0  0  2  1.394532e-01  2.000000e-07
 69  74  1  0  0  2  4.486227e-01  2.000000e-07
 69  62  1  1  0  2  4.338129e-01  2.000000e-07
 69  85  0  1  0  2  2.905061e-01  2.000000e-07
 81  55  0  0  0  2  3.441892e-01  2.000000e-07
 81  7  0  0  0  2  3.049273e-01  2.000000e-07
 81  63  0  0  0  2  2.226907e-01  2.000000e-07
 81  71  0  0  0  2  1.935554e-01  2.000000e-07
 81  13  0  0  0  2  6.919383e-02  2.000000e-07
 81  84  0  0  0  2  8.664658e-02  2.000000e-07
 81  87  0  0  0  2  2.842070e-01  2.000000e-07
 81  74  0  0  0  2  2.630487e-01  2.000000e-07
 70  72  0  0  0  2  8.098340e-02  2.000000e-07
 70  65  0 -1  0  2  3.179565e-01  2.000000e-07
 70  82  0 -1  0  2  1.142726e-01  2.000000e-07
 70  0  0 -1  0  2  1.726165e-01  2.000000e-07
 70  59  0  0  0  2  3.467679e-01  2.000000e-07
 70  11  0  0  0  2  2.580847e-01  2.000000e-07
 70  67  0 -1  0  2  3.338841e-01  2.000000e-07
 70  6  0 -1  0  2  1.675693e-01  2.000000e-07
 70  62  1  0  0  2  4.343317e-01  2.000000e-07
 72  7  0 -1  0  2  3.016631e-01  2.000000e-07
 72  82  0 -1  0  2  1.217212e-01  2.000000e-07
 72  71  0 -1  0  2  2.304386e-01  2.000000e-07
 72  11  0  0  0  2  3.257003e-01  2.000000e-07
 72  88  0  0  0  2  2.975388e-01  2.000000e-07
 72  66  0  0  0  2  2.676832e-01  2.000000e-07
 72  67  0 -1  0  2  2.712153e-01  2.000000e-07
 72  87  0 -1  0  2  3.101341e-01  2.000000e-07
 72  60  0  0  0  2  3.652866e-01  2.000000e-07
 72  85  0  0  0  2  2.551533e-01  2.000000e-07
 55  12 -1  0  0  2  5.555427e-01  2.000000e-07
 55  7 -1  0  0  2  4.060333e-01  2.000000e-07
 55  56  0  1  0  2  4.551010e-01  2.000000e-07
 55  76  0  1  0  2  4.598596e-01  2.000000e-07
 55  83 -1  0  0  2  5.430734e-01  2.000000e-07
 55  71  0  0  0  2  2.922689e-01  2.000000e-07
 55  3  0  0  0  2  6.721472e-02  2.000000e-07
 55  57  0  0  0  2  2.944824e-01  2.000000e-07
 55  58  0  1  0  2  4.130159e-01  2.000000e-07
 55  8 -1  0  0  2  4.209314e-01  2.000000e-07
 55  11 -1  1  0  2  5.152302e-01  2.000000e-07
 55  67  0  0  0  2  2.514650e-01  2.000000e-07
 55  78  0  0  0  2  1.922331e-01  2.000000e-07
 55  87 -1  0  0  2  4.216886e-01  2.000000e-07
 55  77 -1  0  0  2  2.952902e-01  2.000000e-07
 55  74  0  0  0  2  1.465477e-01  2.000000e-07
 55  85 -1  1  0  2  5.252253e-01  2.000000e-07
 12  7  0  0  0  2  3.336446e-01  2.000000e-07
 12  83  0  0  0  2  8.677554e-02  2.000000e-07
 12  57  1  0  0  2  5.834304e-01  2.000000e-07
 12  58  1  0  0  2  5.728138e-01  2.000000e-07
 12  10  0  0  0  2  1.322795e-01  2.000000e-07
 12  59  0  0  0  2  9.616484e-02  2.000000e-07
 12  88  0  0  0  2  1.421670e-01  2.000000e-07
 12  78  1  0  0  2  3.676370e-01  2.000000e-07
 12  87  0  0  0  2  3.139118e-01  2.000000e-07
 12  60  0  0  0  2  3.296181e-01  2.000000e-07
 12  85  0  0  0  2  2.812982e-01  2.000000e-07
 12  61  0  0  0  2  1.171410e-01  2.000000e-07
 7  82  0  0  0  2  1.804576e-01  2.000000e-07
 7  83  0  0  0  2  2.628507e-01  2.000000e-07
 7  71  0  0  0  2  3.144294e-01  2.000000e-07
 7  8  0  0  0  2  6.380613e-02  2.000000e-07
 7  84  0  0  0  2  2.188633e-01  2.000000e-07
 7  66  0  1  0  2  5.443242e-01  2.000000e-07
 7  87  0  0  0  2  2.383004e-02  2.000000e-07
 7  77  0  0  0  2  1.172694e-01  2.000000e-07
 7  85  0  1  0  2  3.978675e-01  2.000000e-07
 56  70 -1  0  0  2  3.923685e-01  2.000000e-07
 56  76  0  0  0  2  2.100954e-01  2.000000e-07
 56  3  0 -1  0  2  5.218235e-01  2.000000e-07
 56  58  0  0  0  2  2.316105e-01  2.000000e-07
 56  10 -1  0  0  2  3.099355e-01  2.000000e-07
 56  11 -1  0  0  2  1.551072e-01  2.000000e-07
 56  78  0 -1  0  2  5.751043e-01  2.000000e-07
 56  77 -1 -1  0  2  4.958020e-01  2.000000e-07
 56  62  0  0  0  2  6.200997e-02  2.000000e-07
 56  85 -1  0  0  2  2.204583e-01  2.000000e-07
 65  63  0  0  0  2  1.643934e-01  2.000000e-07
 65  83  0  0  0  2  2.777708e-01  2.000000e-07
 65  3  0  0  0  2  3.555095e-01  2.000000e-07
 65  8  0  0  0  2  2.319622e-01  2.000000e-07
 65  10  0  0  0  2  4.163211e-01  2.000000e-07
 65  0  0  0  0  2  1.739214e-01  2.000000e-07
 65  59  0  0  0  2  4.598438e-01  2.000000e-07
 65  84  0  0  0  2  7.450470e-02  2.000000e-07
 65  67  0  0  0  2  1.400331e-01  2.000000e-07
 65  6  0  0  0  2  2.082891e-01  2.000000e-07
 65  2  0  0  0  2  4.225146e-01  2.000000e-07
 65  61  0  0  0  2  3.255075e-01  2.000000e-07
 76  63  0 -1  0  2  4.259186e-01  2.000000e-07
 76  3  0 -1  0  2  5.238323e-01  2.000000e-07
 76  57  0  0  0  2  2.981761e-01  2.000000e-07
 76  58  0  0  0  2  5.549744e-02  2.000000e-07
 76  67  0 -1  0  2  4.638601e-01  2.000000e-07
 76  2  0  0  0  2  1.671028e-01  2.000000e-07
 76  60  0  0  0  2  2.149554e-01  2.000000e-07
 76  62  0  0  0  2  2.002378e-01  2.000000e-07
 76  79  0  0  0  2  1.484137e-01  2.000000e-07
 82  71  0  0  0  2  2.143352e-01  2.000000e-07
 82  8  0  0  0  2  1.255962e-01  2.000000e-07
 82  11  0  1  0  2  3.561284e-01  2.000000e-07
 82  84  0  0  0  2  2.576334e-01  2.000000e-07
 82  67  0  0  0  2  2.575696e-01  2.000000e-07
 82  6  0  0  0  2  7.294007e-02  2.000000e-07
 82  85  0  1  0  2  2.919221e-01  2.000000e-07
 63  68  0  1  0  2  2.176577e-01  2.000000e-07
 63  13  0  0  0  2  2.895025e-01  2.000000e-07
 63  3  0  0  0  2  2.797837e-01  2.000000e-07
 63  0  0  0  0  2  1.339718e-01  2.000000e-07
 63  67  0  0  0  2  4.463889e-02  2.000000e-07
 63  78  0  0  0  2  4.406080e-01  2.000000e-07
 63  87  0  0  0  2  3.433300e-01  2.000000e-07
 63  74  0  0  0  2  1.203250e-01  2.000000e-07
 63  61  0  0  0  2  4.758004e-01  2.000000e-07
 83  13  0  0  0  2  1.901104e-01  2.000000e-07
 83  57  0  0  0  2  3.857053e-01  2.000000e-07
 83  57  1  0  0  2  6.145953e-01  2.000000e-07
 83  8  0  0  0  2  3.215144e-01  2.000000e-07
 83  59  0  0  0  2  1.826315e-01  2.000000e-07
 83  11  0  0  0  2  3.560842e-01  2.000000e-07
 83  84  0  0  0  2  2.054539e-01  2.000000e-07
 83  88  0  0  0  2  2.165463e-01  2.000000e-07
 83  87  0  0  0  2  2.411330e-01  2.000000e-07
 83  60  0  0  0  2  3.274295e-01  2.000000e-07
 83  85  0  0  0  2  3.667949e-01  2.000000e-07
 71  3  0  0  0  2  2.988521e-01  2.000000e-07
 71  84  0  0  0  2  1.980165e-01  2.000000e-07
 71  66  0  1  0  2  3.040801e-01  2.000000e-07
 71  67  0  0  0  2  4.365415e-02  2.000000e-07
 71  6  0  0  0  2  2.518121e-01  2.000000e-07
 71  87  0  0  0  2  3.050668e-01  2.000000e-07
 71  74  0  0  0  2  1.512918e-01  2.000000e-07
 13  57  0  0  0  2  2.189419e-01  2.000000e-07
 13  84  0  0  0  2  9.596348e-02  2.000000e-07
 13  87  0  0  0  2  2.786874e-01  2.000000e-07
 13  60  0  0  0  2  2.677157e-01  2.000000e-07
 13  74  0  0  0  2  3.314350e-01  2.000000e-07
 3  57  0  0  0  2  2.313012e-01  2.000000e-07
 3  67  0  0  0  2  2.555012e-01  2.000000e-07
 3  78  0  0  0  2  1.608542e-01  2.000000e-07
 3  2  0  0  0  2  3.472749e-01  2.000000e-07
 3  77 -1  0  0  2  3.062117e-01  2.000000e-07
 3  74  0  0  0  2  1.718686e-01  2.000000e-07
 57  58  0  0  0  2  3.432138e-01  2.000000e-07
 57  84  0  0  0  2  2.937736e-01  2.000000e-07
 57  2  0  0  0  2  1.355476e-01  2.000000e-07
 57  60  0  0  0  2  2.153337e-01  2.000000e-07
 57  74  0  0  0  2  3.120124e-01  2.000000e-07
 58  69 -1 -1  0  2  5.010544e-01  2.000000e-07
 58  88 -1  0  0  2  5.594041e-01  2.000000e-07
 58  66  0  0  0  2  1.176473e-01  2.000000e-07
 58  60  0  0  0  2  2.266856e-01  2.000000e-07
 58  62  0  0  0  2  2.352239e-01  2.000000e-07
 58  85 -1  0  0  2  4.454999e-01  2.000000e-07
 8  11  0  1  0  2  3.877476e-01  2.000000e-07
 8  84  0  0  0  2  2.430981e-01  2.000000e-07
 8  6  0  0  0  2  5.326756e-02  2.000000e-07
 8  77  0  0  0  2  1.557193e-01  2.000000e-07
 8  85  0  1  0  2  3.375913e-01  2.000000e-07
 10  59  0  0  0  2  1.438355e-01  2.000000e-07
 10  78  1  0  0  2  2.420083e-01  2.000000e-07
 10  77  0  0  0  2  2.614965e-01  2.000000e-07
 10  62  1  0  0  2  2.671424e-01  2.000000e-07
 10  61  0  0  0  2  2.476083e-01  2.000000e-07
 0  88  0  1  0  2  4.141997e-01  2.000000e-07
 0  66  0  1  0  2  2.854854e-01  2.000000e-07
 0  67  0  0  0  2  1.613369e-01  2.000000e-07
 0  87  0  0  0  2  2.615929e-01  2.000000e-07
 0  79  0  1  0  2  3.604670e-01  2.000000e-07
 59  88  0  0  0  2  1.018918e-01  2.000000e-07
 59  2  0  0  0  2  4.884052e-01  2.000000e-07
 59  62  1  0  0  2  2.586043e-01  2.000000e-07
 59  61  0  0  0  2  1.827970e-01  2.000000e-07
 59  79  0  0  0  2  4.263255e-01  2.000000e-07
 11  58  1  0  0  2  3.849221e-01  2.000000e-07
 11  6  0 -1  0  2  3.754709e-01  2.000000e-07
 11  77  0 -1  0  2  4.612468e-01  2.000000e-07
 11  62  1  0  0  2  1.818514e-01  2.000000e-07
 11  85  0  0  0  2  7.061249e-02  2.000000e-07
 84  67  0  0  0  2  2.057649e-01  2.000000e-07
 84  6  0  0  0  2  2.353817e-01  2.000000e-07
 84  87  0  0  0  2  1.977716e-01  2.000000e-07
 88  53  1  0  0  2  5.878730e-01  2.000000e-07
 88  70  0  0  0  2  2.725359e-01  2.000000e-07
 88  66  0  0  0  2  3.959499e-01  2.000000e-07
 88  60  0  0  0  2  2.861843e-01  2.000000e-07
 88  62  1  0  0  2  3.307708e-01  2.000000e-07
 88  85  0  0  0  2  1.691357e-01  2.000000e-07
 88  61  0  0  0  2  1.535105e-01  2.000000e-07
 88  79  0  0  0  2  3.308239e-01  2.000000e-07
 66  87  0 -1  0  2  5.459622e-01  2.000000e-07
 66  60  0  0  0  2  2.299415e-01  2.000000e-07
 66  62  0  0  0  2  3.508881e-01  2.000000e-07
 66  61  0  0  0  2  4.069861e-01  2.000000e-07
 66  79  0  0  0  2  1.166082e-01  2.000000e-07
 67  6  0  0  0  2  2.921779e-01  2.000000e-07
 78  2  0  0  0  2  3.584476e-01  2.000000e-07
 78  87 -1  0  0  2  3.132507e-01  2.000000e-07
 78  77 -1  0  0  2  1.931170e-01  2.000000e-07
 78  74  0  0  0  2  3.297547e-01  2.000000e-07
 78  62  0  0  0  2  3.644271e-01  2.000000e-07
 78  62  0  1  0  2  6.357314e-01  2.000000e-07
 2  74  0  0  0  2  4.470075e-01  2.000000e-07
 2  62  0  0  0  2  2.911240e-01  2.000000e-07
 2  61  0  0  0  2  3.204062e-01  2.000000e-07
 2  79  0  0  0  2  1.753710e-01  2.000000e-07
 87  74  0  0  0  2  4.523077e-01  2.000000e-07
 87  61  0  0  0  2  3.489837e-01  2.000000e-07
 60  85  0  0  0  2  4.248818e-01  2.000000e-07
 60  61  0  0  0  2  2.163679e-01  2.000000e-07
 62  12 -1  0  0  2  3.385469e-01  2.000000e-07
 62  79  0  0  0  2  3.477605e-01  2.000000e-07
 61  79  0  0  0  2  3.073417e-01  2.000000e-07
 79  53  0  0  0  2  2.310024e-01  2.000000e-07
 64  68  0  1  0  1  2.399950e-01  3.000000e-07
 64  1  0  1  0  1  1.929555e-01  3.000000e-07
 64  67  0  0  0  1  1.176837e-01  3.000000e-07
 64  74  0  0  0  1  5.278758e-02  3.000000e-07
 73  81  0  0  0  1  1.214110e-01  3.000000e-07
 73  3  0  0  0  1  1.893523e-01  3.000000e-07
 73  57  0  0  0  1  1.505299e-01  3.000000e-07
 73  74  0  0  0  1  1.811333e-01  3.000000e-07
 51  83  0  0  0  1  1.868220e-01  3.000000e-07
 51  10  0  0  0  1  1.277554e-01  3.000000e-07
 51  78  1  0  0  1  1.849963e-01  3.000000e-07
 51  87  0  0  0  1  1.811252e-01  3.000000e-07
 51  77  0  0  0  1  1.343422e-01  3.000000e-07
 52  53  0  0  0  1  1.357409e-01  3.000000e-07
 52  76  0  0  0  1  2.547573e-01  3.000000e-07
 52  3  0  0  0  1  2.419094e-01  3.000000e-07
 52  78  0  0  0  1  1.900815e-01  3.000000e-07
 52  2  0  0  0  1  1.795984e-01  3.000000e-07
 52  62  0  0  0  1  2.317810e-01  3.000000e-07
 5  69  0  0  0  1  1.083265e-01  3.000000e-07
 5  77  0  0  0  1  1.180743e-01  3.000000e-07
 68  4  0  0  0  1  1.140810e-01  3.000000e-07
 68  1  0  0  0  1  1.716547e-01  3.000000e-07
 68  72  0  0  0  1  1.262031e-01  3.000000e-07
 68  63  0 -1  0  1  2.176577e-01  3.000000e-07
 68  0  0 -1  0  1  1.681988e-01  3.000000e-07
 68  66  0  0  0  1  1.415134e-01  3.000000e-07
 53  57  0  0  0  1  9.428472e-02  3.000000e-07
 53  2  0  0  0  1  5.565854e-02  3.000000e-07
 9  59  0  0  0  1  6.006813e-02  3.000000e-07
 9  11  0  0  0  1  1.193144e-01  3.000000e-07
 9  88  0  0  0  1  9.095045e-02  3.000000e-07
 9  62  1  0  0  1  2.399443e-01  3.000000e-07
 9  85  0  0  0  1  1.320360e-01  3.000000e-07
 54  4  0  0  0  1  8.140378e-02  3.000000e-07
 54  72  0  0  0  1  2.112134e-01  3.000000e-07
 54  88  0  0  0  1  2.545555e-01  3.000000e-07
 54  60  0  0  0  1  1.579484e-01  3.000000e-07
 54  61  0  0  0  1  2.770069e-01  3.000000e-07
 54  79  0  0  0  1  1.031582e-01  3.000000e-07
 4  66  0  0  0  1  6.027895e-02  3.000000e-07
 4  79  0  0  0  1  8.555514e-02  3.000000e-07
 80  7  0  0  0  1  7.789893e-02  3.000000e-07
 80  65  0  0  0  1  1.944167e-01  3.000000e-07
 80  82  0  0  0  1  1.031438e-01  3.000000e-07
 80  87  0  0  0  1  8.557733e-02  3.000000e-07
 1  55  0 -1  0  1  3.271286e-01  3.000000e-07
 1  56  0  0  0  1  3.174855e-01  3.000000e-07
 1  58  0  0  0  1  1.230993e-01  3.000000e-07
 1  66  0  0  0  1  5.792730e-02  3.000000e-07
 69  70  0  1  0  1  2.340202e-01  3.000000e-07
 69  8  0  0  0  1  1.172474e-01  3.000000e-07
 69  11  0  1  0  1  3.230747e-01  3.000000e-07
 69  6  0  0  0  1  1.521794e-01  3.000000e-07
 69  85  0  1  0  1  2.905061e-01  3.000000e-07
 81  65  0  0  0  1  1.090964e-01  3.000000e-07
 81  13  0  0  0  1  6.919383e-02  3.000000e-07
 81  57  0  0  0  1  2.096696e-01  3.000000e-07
 81  84  0  0  0  1  8.664658e-02  3.000000e-07
 81  67  0  0  0  1  1.821584e-01  3.000000e-07
 70  72  0  0  0  1  8.098340e-02  3.000000e-07
 70  82  0 -1  0  1  1.142726e-01  3.000000e-07
 70  88  0  0  0  1  2.725359e-01  3.000000e-07
 70  6  0 -1  0  1  1.675693e-01  3.000000e-07
 70  85  0  0  0  1  1.892501e-01  3.000000e-07
 72  0  0 -1  0  1  1.169472e-01  3.000000e-07
 72  88  0  0  0  1  2.975388e-01  3.000000e-07
 55  56  0  1  0  1  4.551010e-01  3.000000e-07
 55  3  0  0  0  1  6.721472e-02  3.000000e-07
 55  78  0  0  0  1  1.922331e-01  3.000000e-07
 55  77 -1  0  0  1  2.952902e-01  3.000000e-07
 55  74  0  0  0  1  1.465477e-01  3.000000e-07
 12  83  0  0  0  1  8.677554e-02  3.000000e-07
 12  10  0  0  0  1  1.322795e-01  3.000000e-07
 12  59  0  0  0  1  9.616484e-02  3.000000e-07
 12  88  0  0  0  1  1.421670e-01  3.000000e-07
 12  61  0  0  0  1  1.171410e-01  3.000000e-07
 7  8  0  0  0  1  6.380613e-02  3.000000e-07
 7  77  0  0  0  1  1.172694e-01  3.000000e-07
 56  76  0  0  0  1  2.100954e-01  3.000000e-07
 56  58  0  0  0  1  2.316105e-01  3.000000e-07
 56  11 -1  0  0  1  1.551072e-01  3.000000e-07
 56  62  0  0  0  1  6.200997e-02  3.000000e-07
 65  82  0  0  0  1  2.101917e-01  3.000000e-07
 65  71  0  0  0  1  1.254984e-01  3.000000e-07
 65  0  0  0  0  1  1.739214e-01  3.000000e-07
 65  84  0  0  0  1  7.450470e-02  3.000000e-07
 65  67  0  0  0  1  1.400331e-01  3.000000e-07
 65  87  0  0  0  1  2.117556e-01  3.000000e-07
 76  58  0  0  0  1  5.549744e-02  3.000000e-07
 76  2  0  0  0  1  1.671028e-01  3.000000e-07
 76  62  0  0  0  1  2.002378e-01  3.000000e-07
 76  79  0  0  0  1  1.484137e-01  3.000000e-07
 82  72  0  1  0  1  1.217212e-01  3.000000e-07
 82  6  0  0  0  1  7.294007e-02  3.000000e-07
 63  0  0  0  0  1  1.339718e-01  3.000000e-07
 83  13  0  0  0  1  1.901104e-01  3.000000e-07
 83  10  0  0  0  1  1.669339e-01  3.000000e-07
 83  84  0  0  0  1  2.054539e-01  3.000000e-07
 83  61  0  0  0  1  1.182476e-01  3.000000e-07
 71  0  0  0  0  1  1.182961e-01  3.000000e-07
 13  57  0  0  0  1  2.189419e-01  3.000000e-07
 13  84  0  0  0  1  9.596348e-02  3.000000e-07
 13  60  0  0  0  1  2.677157e-01  3.000000e-07
 13  61  0  0  0  1  1.883841e-01  3.000000e-07
 3  57  0  0  0  1  2.313012e-01  3.000000e-07
 3  78  0  0  0  1  1.608542e-01  3.000000e-07
 3  74  0  0  0  1  1.718686e-01  3.000000e-07
 57  2  0  0  0  1  1.355476e-01  3.000000e-07
 57  60  0  0  0  1  2.153337e-01  3.000000e-07
 58  66  0  0  0  1  1.176473e-01  3.000000e-07
 58  79  0  0  0  1  1.348290e-01  3.000000e-07
 8  6  0  0  0  1  5.326756e-02  3.000000e-07
 10  59  0  0  0  1  1.438355e-01  3.000000e-07
 10  78  1  0  0  1  2.420083e-01  3.000000e-07
 10  62  1  0  0  1  2.671424e-01  3.000000e-07
 11  62  1  0  0  1  1.818514e-01  3.000000e-07
 11  85  0  0  0  1  7.061249e-02  3.000000e-07
 84  87  0  0  0  1  1.977716e-01  3.000000e-07
 88  85  0  0  0  1  1.691357e-01  3.000000e-07
 88  61  0  0  0  1  1.535105e-01  3.000000e-07
 67  74  0  0  0  1  1.156471e-01  3.000000e-07
 78  77 -1  0  0  1  1.931170e-01  3.000000e-07
 2  60  0  0  0  1  1.303553e-01  3.000000e-07
 2  79  0  0  0  1  1.753710e-01  3.000000e-07
 87  77  0  0  0  1  1.286578e-01  3.000000e-07
 60  61  0  0  0  1  2.163679e-01  3.000000e-07
 60  79  0  0  0  1  1.137169e-01  3.000000e-07
 1.112594e-01  4.490787e-01  0
-1.252636e-01 -3.864075e-01  0
-1.340361e-01 -7.454941e-02  0
-2.519728e-01  2.520862e-01  0
-3.339967e-02 -3.140554e-01  0
 3.440489e-01  3.393506e-01  0
 2.726357e-01  3.959101e-01  0
 3.289203e-01  3.030468e-01  0
 3.164552e-01  3.656235e-01  0
 3.598610e-01 -1.700851e-01  0
 4.263206e-01  1.337078e-02  0
 4.328124e-01 -2.644992e-01  0
 3.011606e-01 -2.944100e-02  0
 8.776037e-02  1.219409e-01  0
-2.031778e-01 -1.455630e-01  1.699323e-01
 7.913848e-02  3.224693e-01  2.005956e-01
-1.495822e-01  2.330303e-01  1.074180e-01
-2.490489e-01  3.424340e-01  2.284287e-01
-6.457414e-02  2.950953e-01  1.057237e-01
-8.848299e-02  1.870758e-01  2.299763e-01
-1.687506e-02  8.098689e-02  2.290423e-01
 1.382085e-01 -2.903249e-01  1.021223e-01
 2.772733e-01 -1.832167e-01 -4.185688e-01
-3.162578e-01  3.721084e-01 -3.203377e-01
-5.936522e-02  3.460409e-01 -3.190752e-01
-1.553187e-01  2.659561e-02 -3.551838e-01
-7.235647e-02 -4.571344e-05 -3.341403e-01
-2.352582e-01  1.995706e-03 -1.217478e-01
-2.021226e-01 -4.246232e-01 -2.680427e-01
-4.055772e-01 -2.139066e-01 -4.410999e-01
-3.609281e-01 -4.450555e-01 -1.710550e-01
-4.057696e-01 -1.993240e-01 -4.308629e-01
-1.598401e-01 -3.490891e-01 -3.597523e-01
-2.341477e-01 -3.734446e-01  4.219812e-01
-2.755130e-01 -4.039644e-01 -3.810317e-01
-2.691037e-01 -4.150172e-01 -2.470505e-01
 4.370708e-01 -2.050719e-01 -4.192433e-01
 8.729359e-02 -1.737456e-02 -3.983315e-01
 4.151494e-01 -3.937787e-01  3.769686e-01
-9.830087e-02  3.480115e-01  3.066721e-01
-2.091732e-01 -2.574258e-01  3.405377e-01
 2.410587e-01  4.195505e-01  2.940973e-01
-2.230888e-01 -4.115515e-01  3.518502e-01
-2.277059e-01 -1.301333e-01  1.438777e-01
 1.054676e-01  2.617431e-01 -3.486071e-01
-7.475350e-02  2.129404e-01 -3.721403e-01
-2.336563e-01 -1.404992e-02  3.679025e-01
 1.540570e-01 -3.034189e-01 -3.782482e-01
-2.343813e-01  1.266654e-01  2.504630e-01
 3.811961e-01 -2.893867e-01  1.862963e-01
-7.767655e-04  1.638580e-01 -1.860022e-01
 4.254176e-01  1.411230e-01  0
-2.906856e-01  1.329443e-02  0
-1.606573e-01 -2.567012e-02  0
 3.790055e-02 -2.747762e-01  0
-2.653204e-01  3.179623e-01  0
-4.126313e-01 -2.514377e-01  0
-1.223827e-01  6.049636e-02  0
-1.824822e-01 -2.774145e-01  0
 3.530513e-01 -1.104042e-01  0
-1.410844e-02 -1.256362e-01  0
 1.844719e-01 -3.972374e-02  0
-4.010660e-01 -1.905158e-01  0
-1.091525e-02  3.941079e-01  0
-1.093043e-01  4.212981e-01  0
 1.027737e-01  2.753645e-01  0
-8.561300e-02 -3.441772e-01  0
-1.587201e-02  3.497450e-01  0
 4.613162e-02 -3.958433e-01  0
 4.239027e-01  4.125489e-01  0
 2.428377e-01 -4.391913e-01  0
 2.201661e-02  3.714277e-01  0
 1.621089e-01 -4.456076e-01  0
-6.951970e-02  2.014388e-01  0
-1.292719e-01  3.724327e-01  0
-1.201208e-01 -4.379413e-01  2.975856e-01
-2.040478e-01 -2.262785e-01  0
 4.426265e-01  2.743584e-01  0
-3.924969e-01  1.738106e-01  0
-5.572476e-02 -2.314644e-01  0
 2.771774e-01  3.612784e-01  0
 4.996559e-02  1.799008e-01  0
 2.220362e-01  4.484454e-01  0
 2.631379e-01  4.856072e-02  0
 1.322812e-01  2.069520e-01  0
 3.726694e-01 -3.014983e-01  0
 3.177277e-01  9.492039e-02 -1.460228e-01
 3.143452e-01  2.841938e-01  0
 2.689367e-01 -1.679079e-01  0
 2.933333e-01 -4.098393e-01 -1.248571e-01