 703  90  1.200000e-05  51 -2 -2
 9  12  0  0  0  3  3.021963e-01  1.000000e-07
 9  89  0  0  0  3  3.650594e-01  1.000000e-07
 9  27  0  0  0  3  2.116361e-01  1.000000e-07
 9  30  0  0  0  3  3.179372e-01  1.000000e-07
 9  11  1  0  0  3  3.149279e-01  1.000000e-07
 9  10  0  0  0  3  3.049549e-01  1.000000e-07
 9  13  1  0  1  3  4.532824e-01  1.000000e-07
 9  38  0  0  1  3  3.083353e-01  1.000000e-07
 12  26  0  0  0  3  2.709464e-01  1.000000e-07
 12  89  0  0  0  3  2.004825e-01  1.000000e-07
 12  7  0  0  0  3  9.678474e-02  1.000000e-07
 12  30  0  0  0  3  2.900664e-01  1.000000e-07
 12  10  0  0  0  3  2.887868e-01  1.000000e-07
 12  15  0  0  0  3  3.330518e-01  1.000000e-07
 12  36  0  0  1  3  3.918802e-01  1.000000e-07
 12  33  0  0  1  3  2.547199e-01  1.000000e-07
 6  26  0 -1  0  3  3.502260e-01  1.000000e-07
 6  89  0  0  0  3  3.868060e-01  1.000000e-07
 6  14  0 -1  0  3  4.685174e-01  1.000000e-07
 6  28  0  0  0  3  1.644641e-01  1.000000e-07
 6  41  0 -1  0  3  2.591363e-01  1.000000e-07
 6  30  0  0  0  3  2.146041e-01  1.000000e-07
 6  32  0  0  0  3  1.671804e-01  1.000000e-07
 6  15  0 -1  0  3  3.276300e-01  1.000000e-07
 26  89  0  0  0  3  4.017141e-01  1.000000e-07
 26  14  0  0  0  3  2.301427e-01  1.000000e-07
 26  28  0  1  0  3  2.811506e-01  1.000000e-07
 26  17  0  0  0  3  3.080300e-01  1.000000e-07
 26  7  0  0  0  3  3.251788e-01  1.000000e-07
 26  10  0  0  0  3  1.984078e-01  1.000000e-07
 26  38  0  1  1  3  4.522552e-01  1.000000e-07
 89  8  0  0  0  3  3.538633e-01  1.000000e-07
 89  7  0  0  0  3  2.521123e-01  1.000000e-07
 89  29  0  0  0  3  3.607692e-01  1.000000e-07
 89  10  0  0  0  3  4.027536e-01  1.000000e-07
 27  14  0 -1  0  3  3.811393e-01  1.000000e-07
 27  28  0  0  0  3  3.831405e-01  1.000000e-07
 27  8  1  0  0  3  4.009922e-01  1.000000e-07
 27  17  1 -1  0  3  5.616491e-01  1.000000e-07
 27  11  1  0  0  3  1.826036e-01  1.000000e-07
 27  31  0 -1  0  3  3.835909e-01  1.000000e-07
 27  22  1  0  1  3  3.027331e-01  1.000000e-07
 14  31  0  0  0  3  5.013319e-02  1.000000e-07
 14  10  0  0  0  3  1.728242e-01  1.000000e-07
 14  38  0  1  1  3  3.736575e-01  1.000000e-07
 28  41  0 -1  0  3  3.333044e-01  1.000000e-07
 28  17  0 -1  0  3  3.387115e-01  1.000000e-07
 28  31  0 -1  0  3  3.912378e-01  1.000000e-07
 28  19  0  0  1  3  3.156990e-01  1.000000e-07
 28  38  0  0  1  3  3.524089e-01  1.000000e-07
 41  17  0  0  0  3  3.269652e-01  1.000000e-07
 41  32  0  1  0  3  3.473467e-01  1.000000e-07
 41  15  0  0  0  3  1.074419e-01  1.000000e-07
 8  30  0  0  0  3  3.136661e-01  1.000000e-07
 8  11  0  0  0  3  3.202361e-01  1.000000e-07
 8  31 -1 -1  0  3  5.915099e-01  1.000000e-07
 8  15  0 -1  0  3  4.799744e-01  1.000000e-07
 8  15  0  0  0  3  5.772691e-01  1.000000e-07
 17  29  0  0  0  3  4.923214e-01  1.000000e-07
 17  31 -1  0  0  3  4.469435e-01  1.000000e-07
 17  18  0  0  1  3  3.354410e-01  1.000000e-07
 17  36  0  0  1  3  3.666573e-01  1.000000e-07
 7  36  0  0  1  3  3.900754e-01  1.000000e-07
 7  13  0  0  1  3  4.761042e-01  1.000000e-07
 7  33  0  0  1  3  2.349529e-01  1.000000e-07
 7  34  0  0  1  3  5.307403e-01  1.000000e-07
 7  37  0  0  1  3  4.534373e-01  1.000000e-07
 29  11  0  0  0  3  1.996868e-01  1.000000e-07
 29  10 -1  0  0  3  5.861348e-01  1.000000e-07
 29  32  0  0  0  3  3.128711e-01  1.000000e-07
 29  15  0  0  0  3  5.277002e-01  1.000000e-07
 29  19  0  0  1  3  2.724966e-01  1.000000e-07
 29  22  0  0  1  3  2.704707e-01  1.000000e-07
 29  13  0  0  1  3  4.285108e-01  1.000000e-07
 30  32  0  0  0  3  2.303998e-01  1.000000e-07
 30  19  0  0  1  3  2.278146e-01  1.000000e-07
 30  33  0  0  1  3  2.997203e-01  1.000000e-07
 30  38  0  0  1  3  4.197334e-01  1.000000e-07
 11  10 -1  0  0  3  5.105622e-01  1.000000e-07
 11  35  0  0  1  3  2.586654e-01  1.000000e-07
 11  13  0  0  1  3  4.337434e-01  1.000000e-07
 11  37  0 -1  1  3  4.883911e-01  1.000000e-07
 31  10  0  0  0  3  1.802495e-01  1.000000e-07
 31  36  0  0  1  3  3.655238e-01  1.000000e-07
 31  88  0  0  1  3  5.079691e-01  1.000000e-07
 31  37  1  0  1  3  4.111316e-01  1.000000e-07
 10  33  0  0  1  3  3.762544e-01  1.000000e-07
 32  19  0  0  1  3  3.162203e-01  1.000000e-07
 32  18  0 -1  1  3  3.884095e-01  1.000000e-07
 32  25  0  0  1  3  3.934049e-01  1.000000e-07
 32  39  0  0  1  3  3.914918e-01  1.000000e-07
 32  37  0 -1  1  3  3.605037e-01  1.000000e-07
 5  86  1  0  0  3  5.141546e-01  1.000000e-07
 5  36  0  0  0  3  4.143884e-01  1.000000e-07
 5  39  1  1  0  3  4.137012e-01  1.000000e-07
 5  40  1  1  0  3  3.743240e-01  1.000000e-07
 5  38  0  1  0  3  4.064488e-01  1.000000e-07
 5  37  1  0  0  3  3.897375e-01  1.000000e-07
 19  20  0  0  0  3  2.552218e-01  1.000000e-07
 19  35  0  0  0  3  3.178171e-01  1.000000e-07
 19  39  0  0  0  3  3.732256e-01  1.000000e-07
 19  38  0  0  0  3  3.919219e-01  1.000000e-07
 19  23  0  0  0  3  2.642379e-01  1.000000e-07
 86  22  0  0  0  3  2.635853e-01  1.000000e-07
 86  24 -1  0  0  3  3.730658e-01  1.000000e-07
 86  13  0  0  0  3  3.019482e-01  1.000000e-07
 86  39  0  0  0  3  2.994307e-01  1.000000e-07
 86  40  0  0  0  3  1.799401e-01  1.000000e-07
 16  18  0  0  0  3  1.462043e-01  1.000000e-07
 16  25  0  1  0  3  2.104934e-01  1.000000e-07
 16  34  0  0  0  3  1.484498e-01  1.000000e-07
 16  39  0  1  0  3  3.622804e-01  1.000000e-07
 16  40  0  1  0  3  3.622140e-01  1.000000e-07
 16  37  0  0  0  3  2.466261e-01  1.000000e-07
 20  35  0  0  0  3  3.624250e-01  1.000000e-07
 20  24  0  0  0  3  4.381609e-01  1.000000e-07
 20  25  0  0  0  3  1.785421e-01  1.000000e-07
 20  33  0  0  0  3  3.748480e-01  1.000000e-07
 20  34  0  0  0  3  5.648941e-01  1.000000e-07
 20  39  0  0  0  3  3.364108e-01  1.000000e-07
 20  40  0  0  0  3  3.399530e-01  1.000000e-07
 20  23  0  0  0  3  2.269904e-01  1.000000e-07
 22  21 -1  0  0  3  4.202349e-01  1.000000e-07
 22  33 -1  0  0  3  4.735621e-01  1.000000e-07
 22  39  0  0  0  3  2.137542e-01  1.000000e-07
 22  40  0  0  0  3  3.376995e-01  1.000000e-07
 22  38 -1  0  0  3  3.212634e-01  1.000000e-07
 22  23 -1  0  0  3  4.845229e-01  1.000000e-07
 21  24  0  0  0  3  2.356490e-01  1.000000e-07
 21  88  0  0  0  3  3.950979e-01  1.000000e-07
 21  33  0  0  0  3  4.314574e-01  1.000000e-07
 21  40  1  0  0  3  2.810509e-01  1.000000e-07
 18  25  0  1  0  3  1.542795e-01  1.000000e-07
 18  36  0  0  0  3  3.348113e-01  1.000000e-07
 18  34  0  0  0  3  2.106524e-01  1.000000e-07
 18  39  0  1  0  3  3.059207e-01  1.000000e-07
 18  37  0  0  0  3  1.409911e-01  1.000000e-07
 35  7  0  0 -1  3  3.829170e-01  1.000000e-07
 35  13  0  0  0  3  2.559583e-01  1.000000e-07
 35  33  0  0  0  3  4.326846e-01  1.000000e-07
 35  34  0  0  0  3  4.658327e-01  1.000000e-07
 35  39  0  0  0  3  2.410403e-01  1.000000e-07
 35  37  0  0  0  3  4.583179e-01  1.000000e-07
 24  36  0 -1  0  3  4.158646e-01  1.000000e-07
 24  33  0  0  0  3  4.102998e-01  1.000000e-07
 24  40  1  0  0  3  3.059275e-01  1.000000e-07
 24  38  0  0  0  3  1.390587e-01  1.000000e-07
 25  36  0 -1  0  3  3.667971e-01  1.000000e-07
 25  34  0 -1  0  3  3.038404e-01  1.000000e-07
 25  23  0  0  0  3  3.658850e-01  1.000000e-07
 36  88  0  0  0  3  3.194156e-01  1.000000e-07
 13  88 -1  0  0  3  3.595145e-01  1.000000e-07
 13  33 -1  0  0  3  5.171728e-01  1.000000e-07
 13  37  0  0  0  3  2.735470e-01  1.000000e-07
 88  33  0  0  0  3  4.060484e-01  1.000000e-07
 88  34  0  0  0  3  4.562432e-01  1.000000e-07
 88  23  0  0  0  3  4.124636e-01  1.000000e-07
 33  23  0  0  0  3  2.585556e-01  1.000000e-07
 34  23  0  0  0  3  5.708695e-01  1.000000e-07
 34  37  0  0  0  3  2.829238e-01  1.000000e-07
 39  24 -1  0  0  3  2.939691e-01  1.000000e-07
 39  40  0  0  0  3  2.477234e-01  1.000000e-07
 38  23  0  0  0  3  3.176573e-01  1.000000e-07
 37  38 -1  1  0  3  4.874500e-01  1.000000e-07
 15  78  0  0  0  3  2.447593e-01  1.000000e-07
 83  86  0  0  0  3  3.447265e-01  1.000000e-07
 41  79  0  0  0  3  1.629736e-01  1.000000e-07
 81  24  0  1  0  3  4.347808e-01  1.000000e-07
 8  80  0  0  0  3  2.096433e-01  1.000000e-07
 75  16  0 -1  0  3  2.345225e-01  1.000000e-07
 17  54  0  0  0  3  3.862337e-01  1.000000e-07
 55  16  0  0  0  3  1.577019e-01  1.000000e-07
 11  56  0  0  0  3  4.076941e-01  1.000000e-07
 69  86  0  0  0  3  1.730716e-01  1.000000e-07
 27  61  1  0  0  3  3.653692e-01  1.000000e-07
 66  40  0  0  0  3  1.322480e-01  1.000000e-07
 14  57  0  0  0  3  3.628119e-01  1.000000e-07
 64  88  0  0  0  3  1.674585e-01  1.000000e-07
 14  73  0  1  0  3  4.718179e-01  1.000000e-07
 82  21  0  0  0  3  1.426505e-01  1.000000e-07
 14  54  1  0  0  3  4.338197e-01  1.000000e-07
 55  16  0  0  0  3  2.006064e-01  1.000000e-07
 8  61  0  0  0  3  2.780451e-01  1.000000e-07
 80  5 -1 -1  0  3  2.768202e-01  1.000000e-07
 28  73  0  0  0  3  4.296136e-01  1.000000e-07
 87  21  0  0  0  3  1.252277e-01  1.000000e-07
 41  58  0  0  0  3  1.326994e-01  1.000000e-07
 54  25  0  1  0  3  3.028114e-01  1.000000e-07
 41  4  0  1  0  3  1.815101e-01  1.000000e-07
 74  23  0  0  0  3  3.843592e-01  1.000000e-07
 9  56  1  0  0  3  4.455760e-01  1.000000e-07
 2  86  0  0  0  3  1.933161e-01  1.000000e-07
 89  47  0  0  0  3  2.645816e-01  1.000000e-07
 87  21  0  0  0  3  1.712025e-01  1.000000e-07
 6  77  0  0  0  3  2.226600e-01  1.000000e-07
 62  25  0  0  0  3  2.569588e-01  1.000000e-07
 15  55  0  0  0  3  2.659435e-01  1.000000e-07
 54  5 -1  0  0  3  3.056514e-01  1.000000e-07
 15  79  0  0  0  3  1.973036e-01  1.000000e-07
 45  88  0  0  0  3  2.543216e-01  1.000000e-07
 41  81  0  0  0  3  2.178131e-01  1.000000e-07
 79  5  0  0  0  3  2.765770e-01  1.000000e-07
 30  87  0  0  0  3  4.150352e-01  1.000000e-07
 73  21  0  0  0  3  1.251418e-01  1.000000e-07
 67  61  0  0  0  2  2.615642e-01  2.000000e-07
 67  0  0  0  0  2  2.396782e-02  2.000000e-07
 67  68  0  0  0  2  2.127221e-01  2.000000e-07
 67  66  0  0  0  2  1.339431e-01  2.000000e-07
 67  69  0  0  0  2  1.467898e-01  2.000000e-07
 67  72  0  0  0  2  2.159245e-01  2.000000e-07
 67  75  0  0  0  2  9.355882e-02  2.000000e-07
 67  60  0  0  0  2  2.607731e-01  2.000000e-07
 67  52  0  0  0  2  2.026484e-01  2.000000e-07
 67  2  0  0  0  2  2.966614e-01  2.000000e-07
 67  80  0  0  0  2  1.739361e-01  2.000000e-07
 67  63  0  0  0  2  1.293118e-01  2.000000e-07
 43  54  0  0  0  2  4.880820e-01  2.000000e-07
 43  50  0  0  0  2  3.573916e-01  2.000000e-07
 43  68  0  0  0  2  7.099431e-02  2.000000e-07
 43  69  0  0  0  2  1.524356e-01  2.000000e-07
 43  55  0  0  0  2  4.723944e-01  2.000000e-07
 43  51  0  0  0  2  1.817621e-01  2.000000e-07
 43  56  0  0  0  2  2.999266e-01  2.000000e-07
 43  78  0  0  0  2  1.831652e-01  2.000000e-07
 43  59 -1  0  0  2  6.358397e-01  2.000000e-07
 43  62  0  0  0  2  2.435200e-01  2.000000e-07
 43  70 -1  0  0  2  4.401815e-01  2.000000e-07
 43  52  0  0  0  2  1.228114e-01  2.000000e-07
 43  63  0  0  0  2  2.521238e-01  2.000000e-07
 43  42  0  0  0  2  6.693011e-02  2.000000e-07
 43  53  0  0  0  2  1.911567e-01  2.000000e-07
 43  84 -1  0  0  2  5.525391e-01  2.000000e-07
 61  54  0 -1  0  2  2.875875e-01  2.000000e-07
 61  85 -1  0  0  2  3.934971e-01  2.000000e-07
 61  66  0  0  0  2  1.389060e-01  2.000000e-07
 61  76 -1  0  0  2  4.488050e-01  2.000000e-07
 61  69  0  0  0  2  2.536361e-01  2.000000e-07
 61  1 -1  0  0  2  1.425574e-01  2.000000e-07
 61  82 -1  0  0  2  2.775215e-01  2.000000e-07
 61  77  0  0  0  2  3.036154e-01  2.000000e-07
 61  47 -1  0  0  2  4.754544e-01  2.000000e-07
 61  59 -1 -1  0  2  3.114185e-01  2.000000e-07
 61  70 -1  0  0  2  2.886974e-01  2.000000e-07
 61  3 -1 -1  0  2  3.150346e-01  2.000000e-07
 61  80  0  0  0  2  1.992493e-01  2.000000e-07
 61  63  0  0  0  2  3.677457e-01  2.000000e-07
 65  0  1  0  0  2  4.179655e-01  2.000000e-07
 65  66  1  0  0  2  3.110819e-01  2.000000e-07
 65  55  1 -1  0  2  4.173164e-01  2.000000e-07
 65  1  0  0  0  2  7.008820e-02  2.000000e-07
 65  56  1  0  0  2  3.213924e-01  2.000000e-07
 65  57  0 -1  0  2  3.974220e-01  2.000000e-07
 65  82  0  0  0  2  9.715258e-02  2.000000e-07
 65  58  1 -1  0  2  4.715519e-01  2.000000e-07
 65  75  1  0  0  2  3.994212e-01  2.000000e-07
 65  3  0 -1  0  2  2.656079e-01  2.000000e-07
 65  79  0 -1  0  2  4.232056e-01  2.000000e-07
 65  80  1  0  0  2  3.735386e-01  2.000000e-07
 65  71  0  0  0  2  1.780979e-01  2.000000e-07
 65  73  0  0  0  2  9.599955e-02  2.000000e-07
 65  74  0  0  0  2  2.669851e-01  2.000000e-07
 0  68  0  0  0  2  2.145095e-01  2.000000e-07
 0  66  0  0  0  2  1.101272e-01  2.000000e-07
 0  1 -1  0  0  2  3.804783e-01  2.000000e-07
 0  56  0  0  0  2  2.937369e-01  2.000000e-07
 0  72  0  0  0  2  2.380963e-01  2.000000e-07
 0  75  0  0  0  2  8.501737e-02  2.000000e-07
 0  62  0  0  0  2  1.203629e-01  2.000000e-07
 0  60  0  0  0  2  2.835926e-01  2.000000e-07
 54  55  0  0  0  2  1.570159e-02  2.000000e-07
 54  51  0  0  0  2  4.756869e-01  2.000000e-07
 54  1 -1  1  0  2  3.362477e-01  2.000000e-07
 54  56  0  0  0  2  5.303299e-01  2.000000e-07
 54  77  0  1  0  2  2.219698e-01  2.000000e-07
 54  78  0  0  0  2  3.090678e-01  2.000000e-07
 54  4  0  1  0  2  3.647916e-01  2.000000e-07
 54  64 -1  0  0  2  4.857741e-01  2.000000e-07
 54  64  0  0  0  2  5.990967e-01  2.000000e-07
 54  59 -1  0  0  2  3.257496e-01  2.000000e-07
 54  62  0  1  0  2  3.395775e-01  2.000000e-07
 54  70 -1  0  0  2  6.072204e-01  2.000000e-07
 54  3 -1  0  0  2  3.009414e-01  2.000000e-07
 54  80  0  1  0  2  1.749533e-01  2.000000e-07
 54  63  0  1  0  2  3.574916e-01  2.000000e-07
 54  45  0  0  0  2  3.086393e-01  2.000000e-07
 54  53  0  0  0  2  5.474556e-01  2.000000e-07
 54  81  0  0  0  2  5.200139e-01  2.000000e-07
 54  84 -1  0  0  2  4.218282e-01  2.000000e-07
 50  85  0  0  0  2  1.826809e-01  2.000000e-07
 50  76  0  0  0  2  4.018264e-01  2.000000e-07
 50  55  0  0  0  2  5.557462e-01  2.000000e-07
 50  51  0  0  0  2  1.787299e-01  2.000000e-07
 50  87  0  0  0  2  3.049605e-01  2.000000e-07
 50  64  0  0  0  2  1.703788e-01  2.000000e-07
 50  47  0  0  0  2  1.166757e-01  2.000000e-07
 50  48  0  0  0  2  3.744033e-02  2.000000e-07
 50  70  0  0  0  2  2.904558e-01  2.000000e-07
 50  52  0  0  0  2  2.856272e-01  2.000000e-07
 50  49  0  0  0  2  7.616683e-02  2.000000e-07
 50  42  0  0  0  2  3.372452e-01  2.000000e-07
 50  53  0  0  0  2  1.795419e-01  2.000000e-07
 50  81  0  0  0  2  2.461316e-01  2.000000e-07
 50  84  0  0  0  2  2.228322e-01  2.000000e-07
 68  66  0  0  0  2  2.417382e-01  2.000000e-07
 68  69  0  0  0  2  1.165550e-01  2.000000e-07
 68  55  0  0  0  2  4.408850e-01  2.000000e-07
 68  56  0  0  0  2  2.350137e-01  2.000000e-07
 68  72  0  0  0  2  2.317043e-01  2.000000e-07
 68  58  0  0  0  2  4.827230e-01  2.000000e-07
 68  83  0  0  0  2  2.602215e-01  2.000000e-07
 68  78  0  0  0  2  1.716879e-01  2.000000e-07
 68  62  0  0  0  2  2.846581e-01  2.000000e-07
 68  52  0  0  0  2  1.933286e-01  2.000000e-07
 68  2  0  0  0  2  1.192357e-01  2.000000e-07
 68  46  0  0  0  2  2.842273e-01  2.000000e-07
 68  53  0  0  0  2  2.581748e-01  2.000000e-07
 85  66  1  0  0  2  4.184689e-01  2.000000e-07
 85  76  0  0  0  2  3.552904e-01  2.000000e-07
 85  69  1  0  0  2  4.038389e-01  2.000000e-07
 85  56  1  0  0  2  2.274752e-01  2.000000e-07
 85  57  0  0  0  2  2.770037e-01  2.000000e-07
 85  82  0  0  0  2  3.066967e-01  2.000000e-07
 85  47  0  0  0  2  1.234891e-01  2.000000e-07
 85  48  0  0  0  2  2.201127e-01  2.000000e-07
 85  60  0  0  0  2  3.589533e-01  2.000000e-07
 85  2  1  0  0  2  3.469763e-01  2.000000e-07
 85  49  0  0  0  2  2.298108e-01  2.000000e-07
 85  71  0  0  0  2  1.646459e-01  2.000000e-07
 85  46  0  0  0  2  2.735734e-01  2.000000e-07
 85  84  0  0  0  2  2.400503e-01  2.000000e-07
 66  69  0  0  0  2  1.272087e-01  2.000000e-07
 66  56  0  0  0  2  2.178713e-01  2.000000e-07
 66  82 -1  0  0  2  3.956829e-01  2.000000e-07
 66  75  0  0  0  2  1.314439e-01  2.000000e-07
 66  2  0  0  0  2  2.708885e-01  2.000000e-07
 66  3 -1 -1  0  2  4.443641e-01  2.000000e-07
 66  80  0  0  0  2  1.719842e-01  2.000000e-07
 66  71 -1  0  0  2  2.956669e-01  2.000000e-07
 76  51  0  0  0  2  3.724207e-01  2.000000e-07
 76  87  0  0  0  2  9.688703e-02  2.000000e-07
 76  82  0  0  0  2  1.715394e-01  2.000000e-07
 76  4  0  0  0  2  1.149522e-01  2.000000e-07
 76  47  0  0  0  2  2.951424e-01  2.000000e-07
 76  59  0 -1  0  2  3.967299e-01  2.000000e-07
 76  60  0  0  0  2  6.256417e-02  2.000000e-07
 76  70  0  0  0  2  3.626978e-01  2.000000e-07
 76  52  0  0  0  2  2.695908e-01  2.000000e-07
 76  3  0 -1  0  2  4.295175e-01  2.000000e-07
 76  79  0 -1  0  2  3.939824e-01  2.000000e-07
 76  63  0  0  0  2  1.894291e-01  2.000000e-07
 76  73  0  0  0  2  2.192538e-01  2.000000e-07
 76  42  0  0  0  2  3.148032e-01  2.000000e-07
 76  74  0  0  0  2  4.522082e-02  2.000000e-07
 76  81  0 -1  0  2  3.804911e-01  2.000000e-07
 69  77  0  0  0  2  3.123829e-01  2.000000e-07
 69  78  0  0  0  2  2.862014e-01  2.000000e-07
 69  70 -1  0  0  2  3.096638e-01  2.000000e-07
 69  52  0  0  0  2  2.438723e-01  2.000000e-07
 69  2  0  0  0  2  1.562493e-01  2.000000e-07
 69  63  0  0  0  2  2.677679e-01  2.000000e-07
 69  84 -1  0  0  2  4.935711e-01  2.000000e-07
 55  1 -1  1  0  2  3.473868e-01  2.000000e-07
 55  56  0  0  0  2  5.170151e-01  2.000000e-07
 55  57 -1  0  0  2  4.180173e-01  2.000000e-07
 55  58  0  0  0  2  9.688503e-02  2.000000e-07
 55  4  0  1  0  2  3.695676e-01  2.000000e-07
 55  64 -1  0  0  2  4.823645e-01  2.000000e-07
 55  64  0  0  0  2  5.908213e-01  2.000000e-07
 55  59 -1  0  0  2  3.284345e-01  2.000000e-07
 55  62  0  1  0  2  3.511589e-01  2.000000e-07
 55  70 -1  0  0  2  5.959150e-01  2.000000e-07
 55  2  0  0  0  2  3.920780e-01  2.000000e-07
 55  49  0  0  0  2  5.222416e-01  2.000000e-07
 55  46  0  0  0  2  5.052387e-01  2.000000e-07
 55  53  0  0  0  2  5.329967e-01  2.000000e-07
 51  78  0  0  0  2  1.977627e-01  2.000000e-07
 51  47  0  0  0  2  2.097706e-01  2.000000e-07
 51  44  0  0  0  2  1.334462e-01  2.000000e-07
 51  48  0  0  0  2  1.566853e-01  2.000000e-07
 51  52  0  0  0  2  1.462727e-01  2.000000e-07
 51  42  0  0  0  2  1.763906e-01  2.000000e-07
 51  45  0  0  0  2  1.817014e-01  2.000000e-07
 51  81  0  0  0  2  3.645190e-01  2.000000e-07
 1  66  1  0  0  2  2.799977e-01  2.000000e-07
 1  56  1  0  0  2  3.383216e-01  2.000000e-07
 1  57  0 -1  0  2  3.653351e-01  2.000000e-07
 1  58  1 -1  0  2  4.038674e-01  2.000000e-07
 1  64  0 -1  0  2  4.177031e-01  2.000000e-07
 1  59  0 -1  0  2  2.035227e-01  2.000000e-07
 1  62  1  0  0  2  4.741485e-01  2.000000e-07
 1  70  0  0  0  2  3.040774e-01  2.000000e-07
 1  71  0  0  0  2  2.264816e-01  2.000000e-07
 1  63  1  0  0  2  5.051395e-01  2.000000e-07
 1  73  0  0  0  2  1.635686e-01  2.000000e-07
 1  74  0  0  0  2  3.240330e-01  2.000000e-07
 87  82  0  0  0  2  1.904957e-01  2.000000e-07
 87  72  0  0  0  2  1.755538e-01  2.000000e-07
 87  4  0  0  0  2  2.039921e-01  2.000000e-07
 87  62  0  0  0  2  2.440547e-01  2.000000e-07
 87  60  0  0  0  2  8.758732e-02  2.000000e-07
 87  70  0  0  0  2  2.995741e-01  2.000000e-07
 87  49  0  0  0  2  2.717867e-01  2.000000e-07
 87  71  0  0  0  2  2.602334e-01  2.000000e-07
 87  63  0  0  0  2  2.135913e-01  2.000000e-07
 87  73  0  0  0  2  2.059932e-01  2.000000e-07
 87  74  0  0  0  2  1.418741e-01  2.000000e-07
 87  53  0  0  0  2  2.169615e-01  2.000000e-07
 56  57 -1  0  0  2  3.875804e-01  2.000000e-07
 56  64 -1  0  0  2  3.910143e-01  2.000000e-07
 56  62  0  0  0  2  4.114551e-01  2.000000e-07
 56  70 -1  0  0  2  1.403370e-01  2.000000e-07
 56  2  0  0  0  2  1.559312e-01  2.000000e-07
 56  49 -1  0  0  2  4.565667e-01  2.000000e-07
 56  71 -1  0  0  2  1.841730e-01  2.000000e-07
 56  63  0  0  0  2  4.387795e-01  2.000000e-07
 56  53  0  0  0  2  4.910410e-01  2.000000e-07
 57  82  0  1  0  2  4.215768e-01  2.000000e-07
 57  58  1  0  0  2  5.146608e-01  2.000000e-07
 57  64  0  0  0  2  6.560580e-02  2.000000e-07
 57  48  0  0  0  2  2.426826e-01  2.000000e-07
 57  2  1  0  0  2  4.021825e-01  2.000000e-07
 57  49  0  0  0  2  3.060653e-01  2.000000e-07
 57  3  0  0  0  2  1.579044e-01  2.000000e-07
 57  79  0  0  0  2  1.918727e-01  2.000000e-07
 57  80  1  1  0  2  5.391983e-01  2.000000e-07
 57  71  0  0  0  2  4.303095e-01  2.000000e-07
 57  84  0  0  0  2  4.333504e-02  2.000000e-07
 82  64  0 -1  0  2  4.554916e-01  2.000000e-07
 82  47  0  0  0  2  3.112897e-01  2.000000e-07
 82  60  0  0  0  2  2.270195e-01  2.000000e-07
 82  3  0 -1  0  2  3.165671e-01  2.000000e-07
 82  79  0 -1  0  2  4.020228e-01  2.000000e-07
 82  71  0  0  0  2  1.845640e-01  2.000000e-07
 82  73  0  0  0  2  7.294638e-02  2.000000e-07
 82  74  0  0  0  2  1.753261e-01  2.000000e-07
 72  83  0  0  0  2  2.914715e-01  2.000000e-07
 72  47  0  0  0  2  2.286181e-01  2.000000e-07
 72  62  0  0  0  2  1.896580e-01  2.000000e-07
 72  48  0  0  0  2  2.727285e-01  2.000000e-07
 72  60  0  0  0  2  1.762499e-01  2.000000e-07
 72  49  0  0  0  2  2.072293e-01  2.000000e-07
 72  71  0  0  0  2  4.049115e-01  2.000000e-07
 72  74  0  0  0  2  2.719530e-01  2.000000e-07
 72  46  0  0  0  2  1.582965e-01  2.000000e-07
 72  53  0  0  0  2  1.029248e-01  2.000000e-07
 58  77  0  1  0  2  1.529820e-01  2.000000e-07
 58  83  0  0  0  2  3.122224e-01  2.000000e-07
 58  78  0  0  0  2  3.185127e-01  2.000000e-07
 58  4  0  1  0  2  2.730658e-01  2.000000e-07
 58  64  0  0  0  2  5.276664e-01  2.000000e-07
 58  75  0  1  0  2  2.216968e-01  2.000000e-07
 58  62  0  1  0  2  2.760922e-01  2.000000e-07
 58  60  0  1  0  2  3.726930e-01  2.000000e-07
 58  2  0  0  0  2  4.547026e-01  2.000000e-07
 58  49  0  0  0  2  4.969442e-01  2.000000e-07
 58  3 -1  0  0  2  3.941137e-01  2.000000e-07
 58  79  0  0  0  2  3.738949e-01  2.000000e-07
 58  80  0  1  0  2  1.560519e-01  2.000000e-07
 58  74  0  1  0  2  3.573639e-01  2.000000e-07
 58  46  0  0  0  2  4.907435e-01  2.000000e-07
 58  45  0  0  0  2  2.746530e-01  2.000000e-07
 77  76  0  0  0  2  2.709193e-01  2.000000e-07
 77  78  0 -1  0  2  4.640056e-01  2.000000e-07
 77  4  0  0  0  2  1.808641e-01  2.000000e-07
 77  75  0  0  0  2  1.097766e-01  2.000000e-07
 77  60  0  0  0  2  2.417604e-01  2.000000e-07
 77  52  0  0  0  2  3.186202e-01  2.000000e-07
 77  3 -1 -1  0  2  4.865975e-01  2.000000e-07
 77  79  0 -1  0  2  4.191536e-01  2.000000e-07
 77  80  0  0  0  2  1.088741e-01  2.000000e-07
 77  63  0  0  0  2  1.364960e-01  2.000000e-07
 77  45  0 -1  0  2  3.932888e-01  2.000000e-07
 77  81  0 -1  0  2  4.608125e-01  2.000000e-07
 83  78  0  0  0  2  1.205287e-01  2.000000e-07
 83  44  0  0  0  2  2.834771e-02  2.000000e-07
 83  48  0  0  0  2  2.112832e-01  2.000000e-07
 83  52  0  0  0  2  2.680415e-01  2.000000e-07
 83  2  0  0  0  2  3.137193e-01  2.000000e-07
 83  79  0  0  0  2  2.410151e-01  2.000000e-07
 83  46  0  0  0  2  1.812739e-01  2.000000e-07
 83  45  0  0  0  2  4.403682e-02  2.000000e-07
 78  59 -1  0  0  2  5.090465e-01  2.000000e-07
 78  52  0  0  0  2  2.652285e-01  2.000000e-07
 78  2  0  0  0  2  1.969095e-01  2.000000e-07
 78  3 -1  0  0  2  4.759582e-01  2.000000e-07
 78  80  0  1  0  2  4.685903e-01  2.000000e-07
 78  45  0  0  0  2  1.424988e-01  2.000000e-07
 78  84 -1  0  0  2  4.781712e-01  2.000000e-07
 4  64  0 -1  0  2  4.529218e-01  2.000000e-07
 4  59  0 -1  0  2  4.043930e-01  2.000000e-07
 4  62  0  0  0  2  1.845264e-01  2.000000e-07
 4  79  0 -1  0  2  3.240769e-01  2.000000e-07
 4  63  0  0  0  2  1.613997e-01  2.000000e-07
 4  74  0  0  0  2  8.437005e-02  2.000000e-07
 4  81  0 -1  0  2  3.347063e-01  2.000000e-07
 64  65  0  1  0  2  4.429141e-01  2.000000e-07
 64  59  0  0  0  2  2.202683e-01  2.000000e-07
 64  70  0  0  0  2  3.326052e-01  2.000000e-07
 64  49  0  0  0  2  2.410383e-01  2.000000e-07
 64  79  0  0  0  2  1.542134e-01  2.000000e-07
 64  71  0  0  0  2  4.045760e-01  2.000000e-07
 64  74  0  1  0  2  4.572072e-01  2.000000e-07
 64  53  0  0  0  2  3.475994e-01  2.000000e-07
 64  81  0  0  0  2  1.192959e-01  2.000000e-07
 47  48  0  0  0  2  1.462237e-01  2.000000e-07
 47  60  0  0  0  2  2.790731e-01  2.000000e-07
 47  70  0  0  0  2  2.153770e-01  2.000000e-07
 47  52  0  0  0  2  2.534761e-01  2.000000e-07
 47  49  0  0  0  2  1.247248e-01  2.000000e-07
 47  46  0  0  0  2  1.561098e-01  2.000000e-07
 47  84  0  0  0  2  2.901253e-01  2.000000e-07
 75  1 -1  0  0  2  3.503501e-01  2.000000e-07
 75  62  0  0  0  2  1.248663e-01  2.000000e-07
 75  60  0  0  0  2  2.909614e-01  2.000000e-07
 75  80  0  0  0  2  8.044477e-02  2.000000e-07
 44  48  0  0  0  2  1.847748e-01  2.000000e-07
 44  52  0  0  0  2  2.690813e-01  2.000000e-07
 44  79  0  0  0  2  2.167567e-01  2.000000e-07
 44  45  0  0  0  2  4.985391e-02  2.000000e-07
 44  81  0  0  0  2  3.016894e-01  2.000000e-07
 59  70  0  0  0  2  4.982554e-01  2.000000e-07
 59  3  0  0  0  2  3.317676e-02  2.000000e-07
 59  74  0  1  0  2  3.674365e-01  2.000000e-07
 59  81  0  0  0  2  1.837376e-01  2.000000e-07
 59  84  0  0  0  2  1.951332e-01  2.000000e-07
 62  60  0  0  0  2  1.692005e-01  2.000000e-07
 62  63  0  0  0  2  3.170978e-02  2.000000e-07
 62  42  0  0  0  2  1.895361e-01  2.000000e-07
 62  74  0  0  0  2  2.292532e-01  2.000000e-07
 62  53  0  0  0  2  2.925043e-01  2.000000e-07
 48  52  0  0  0  2  2.779349e-01  2.000000e-07
 48  49  0  0  0  2  6.551737e-02  2.000000e-07
 48  79  0  0  0  2  1.884895e-01  2.000000e-07
 48  46  0  0  0  2  1.206502e-01  2.000000e-07
 48  45  0  0  0  2  2.256123e-01  2.000000e-07
 48  81  0  0  0  2  2.349330e-01  2.000000e-07
 48  84  0  0  0  2  2.379721e-01  2.000000e-07
 60  52  0  0  0  2  2.101785e-01  2.000000e-07
 60  49  0  0  0  2  3.306465e-01  2.000000e-07
 60  3  0 -1  0  2  4.916167e-01  2.000000e-07
 60  79  0 -1  0  2  4.381973e-01  2.000000e-07
 60  71  0  0  0  2  3.378761e-01  2.000000e-07
 60  74  0  0  0  2  9.582620e-02  2.000000e-07
 60  46  0  0  0  2  3.021821e-01  2.000000e-07
 70  85  0  0  0  2  1.079332e-01  2.000000e-07
 70  49  0  0  0  2  3.329666e-01  2.000000e-07
 70  71  0  0  0  2  8.255259e-02  2.000000e-07
 70  63  1  0  0  2  5.583308e-01  2.000000e-07
 70  73  0  0  0  2  1.916253e-01  2.000000e-07
 70  53  0  0  0  2  3.785039e-01  2.000000e-07
 70  84  0  0  0  2  3.110663e-01  2.000000e-07
 52  63  0  0  0  2  1.882137e-01  2.000000e-07
 52  42  0  0  0  2  6.532784e-02  2.000000e-07
 2  3 -1  0  0  2  4.373827e-01  2.000000e-07
 2  84 -1  0  0  2  3.648583e-01  2.000000e-07
 49  79  0  0  0  2  2.453261e-01  2.000000e-07
 49  71  0  0  0  2  3.630558e-01  2.000000e-07
 49  46  0  0  0  2  5.855412e-02  2.000000e-07
 49  53  0  0  0  2  1.067531e-01  2.000000e-07
 3  79  0  0  0  2  2.882159e-01  2.000000e-07
 3  80  1  1  0  2  3.913144e-01  2.000000e-07
 3  81  0  0  0  2  2.013110e-01  2.000000e-07
 3  84  0  0  0  2  1.840201e-01  2.000000e-07
 79  74  0  1  0  2  3.491537e-01  2.000000e-07
 79  46  0  0  0  2  2.845853e-01  2.000000e-07
 79  45  0  0  0  2  2.185535e-01  2.000000e-07
 79  81  0  0  0  2  8.694960e-02  2.000000e-07
 79  84  0  0  0  2  2.214027e-01  2.000000e-07
 80  45  0 -1  0  2  4.299376e-01  2.000000e-07
 71  73  0  0  0  2  1.118884e-01  2.000000e-07
 71  46  0  0  0  2  3.909389e-01  2.000000e-07
 71  53  0  0  0  2  3.863585e-01  2.000000e-07
 63  53  0  0  0  2  2.788603e-01  2.000000e-07
 73  61  1  0  0  2  2.417725e-01  2.000000e-07
 73  59  0 -1  0  2  3.310788e-01  2.000000e-07
 73  74  0  0  0  2  2.340904e-01  2.000000e-07
 42  69  0  0  0  2  1.796351e-01  2.000000e-07
 42  53  0  0  0  2  1.593685e-01  2.000000e-07
 74  81  0 -1  0  2  3.383038e-01  2.000000e-07
 46  53  0  0  0  2  5.544266e-02  2.000000e-07
 45  81  0  0  0  2  3.054824e-01  2.000000e-07
 81  84  0  0  0  2  1.661803e-01  2.000000e-07
 67  69  0  0  0  1  1.467898e-01  3.000000e-07
 67  75  0  0  0  1  9.355882e-02  3.000000e-07
 67  62  0  0  0  1  1.005537e-01  3.000000e-07
 67  42  0  0  0  1  1.640658e-01  3.000000e-07
 43  69  0  0  0  1  1.524356e-01  3.000000e-07
 43  51  0  0  0  1  1.817621e-01  3.000000e-07
 43  78  0  0  0  1  1.831652e-01  3.000000e-07
 43  42  0  0  0  1  6.693011e-02  3.000000e-07
 61  65 -1  0  0  1  1.842337e-01  3.000000e-07
 61  54  0 -1  0  1  2.875875e-01  3.000000e-07
 61  66  0  0  0  1  1.389060e-01  3.000000e-07
 61  1 -1  0  0  1  1.425574e-01  3.000000e-07
 61  56  0  0  0  1  2.595320e-01  3.000000e-07
 61  80  0  0  0  1  1.992493e-01  3.000000e-07
 65  1  0  0  0  1  7.008820e-02  3.000000e-07
 65  82  0  0  0  1  9.715258e-02  3.000000e-07
 65  59  0 -1  0  1  2.432837e-01  3.000000e-07
 65  71  0  0  0  1  1.780979e-01  3.000000e-07
 65  73  0  0  0  1  9.599955e-02  3.000000e-07
 0  66  0  0  0  1  1.101272e-01  3.000000e-07
 0  69  0  0  0  1  1.362005e-01  3.000000e-07
 0  75  0  0  0  1  8.501737e-02  3.000000e-07
 54  1 -1  1  0  1  3.362477e-01  3.000000e-07
 54  58  0  0  0  1  9.419072e-02  3.000000e-07
 54  3 -1  0  0  1  3.009414e-01  3.000000e-07
 54  80  0  1  0  1  1.749533e-01  3.000000e-07
 50  85  0  0  0  1  1.826809e-01  3.000000e-07
 50  64  0  0  0  1  1.703788e-01  3.000000e-07
 50  47  0  0  0  1  1.166757e-01  3.000000e-07
 50  49  0  0  0  1  7.616683e-02  3.000000e-07
 68  69  0  0  0  1  1.165550e-01  3.000000e-07
 68  78  0  0  0  1  1.716879e-01  3.000000e-07
 68  2  0  0  0  1  1.192357e-01  3.000000e-07
 85  56  1  0  0  1  2.274752e-01  3.000000e-07
 85  64  0  0  0  1  2.430702e-01  3.000000e-07
 85  70  0  0  0  1  1.079332e-01  3.000000e-07
 85  71  0  0  0  1  1.646459e-01  3.000000e-07
 85  84  0  0  0  1  2.400503e-01  3.000000e-07
 66  69  0  0  0  1  1.272087e-01  3.000000e-07
 66  75  0  0  0  1  1.314439e-01  3.000000e-07
 66  80  0  0  0  1  1.719842e-01  3.000000e-07
 76  87  0  0  0  1  9.688703e-02  3.000000e-07
 76  82  0  0  0  1  1.715394e-01  3.000000e-07
 76  60  0  0  0  1  6.256417e-02  3.000000e-07
 69  2  0  0  0  1  1.562493e-01  3.000000e-07
 69  42  0  0  0  1  1.796351e-01  3.000000e-07
 55  78  0  0  0  1  2.935313e-01  3.000000e-07
 55  3 -1  0  0  1  3.025665e-01  3.000000e-07
 55  45  0  0  0  1  2.958780e-01  3.000000e-07
 51  83  0  0  0  1  1.418416e-01  3.000000e-07
 51  44  0  0  0  1  1.334462e-01  3.000000e-07
 51  52  0  0  0  1  1.462727e-01  3.000000e-07
 51  46  0  0  0  1  5.383516e-02  3.000000e-07
 51  53  0  0  0  1  7.291654e-02  3.000000e-07
 1  59  0 -1  0  1  2.035227e-01  3.000000e-07
 87  72  0  0  0  1  1.755538e-01  3.000000e-07
 87  47  0  0  0  1  1.992749e-01  3.000000e-07
 87  71  0  0  0  1  2.602334e-01  3.000000e-07
 87  73  0  0  0  1  2.059932e-01  3.000000e-07
 87  53  0  0  0  1  2.169615e-01  3.000000e-07
 56  70 -1  0  0  1  1.403370e-01  3.000000e-07
 56  2  0  0  0  1  1.559312e-01  3.000000e-07
 56  71 -1  0  0  1  1.841730e-01  3.000000e-07
 56  84 -1  0  0  1  3.445356e-01  3.000000e-07
 57  64  0  0  0  1  6.560580e-02  3.000000e-07
 57  59  0  0  0  1  1.631131e-01  3.000000e-07
 57  3  0  0  0  1  1.579044e-01  3.000000e-07
 57  81  0  0  0  1  1.272763e-01  3.000000e-07
 82  73  0  0  0  1  7.294638e-02  3.000000e-07
 82  74  0  0  0  1  1.753261e-01  3.000000e-07
 82  81  0 -1  0  1  3.523471e-01  3.000000e-07
 72  60  0  0  0  1  1.762499e-01  3.000000e-07
 72  63  0  0  0  1  1.763211e-01  3.000000e-07
 72  53  0  0  0  1  1.029248e-01  3.000000e-07
 58  77  0  1  0  1  1.529820e-01  3.000000e-07
 58  4  0  1  0  1  2.730658e-01  3.000000e-07
 58  79  0  0  0  1  3.738949e-01  3.000000e-07
 58  80  0  1  0  1  1.560519e-01  3.000000e-07
 58  45  0  0  0  1  2.746530e-01  3.000000e-07
 77  4  0  0  0  1  1.808641e-01  3.000000e-07
 77  75  0  0  0  1  1.097766e-01  3.000000e-07
 77  62  0  0  0  1  1.231305e-01  3.000000e-07
 77  63  0  0  0  1  1.364960e-01  3.000000e-07
 83  78  0  0  0  1  1.205287e-01  3.000000e-07
 78  2  0  0  0  1  1.969095e-01  3.000000e-07
 78  45  0  0  0  1  1.424988e-01  3.000000e-07
 4  60  0  0  0  1  1.272454e-01  3.000000e-07
 4  63  0  0  0  1  1.613997e-01  3.000000e-07
 4  74  0  0  0  1  8.437005e-02  3.000000e-07
 4  81  0 -1  0  1  3.347063e-01  3.000000e-07
 64  48  0  0  0  1  1.772228e-01  3.000000e-07
 64  79  0  0  0  1  1.542134e-01  3.000000e-07
 64  84  0  0  0  1  7.336040e-02  3.000000e-07
 47  49  0  0  0  1  1.247248e-01  3.000000e-07
 47  71  0  0  0  1  2.385594e-01  3.000000e-07
 75  62  0  0  0  1  1.248663e-01  3.000000e-07
 75  80  0  0  0  1  8.044477e-02  3.000000e-07
 44  48  0  0  0  1  1.847748e-01  3.000000e-07
 44  49  0  0  0  1  1.788363e-01  3.000000e-07
 44  79  0  0  0  1  2.167567e-01  3.000000e-07
 59  82  0  1  0  1  2.878781e-01  3.000000e-07
 59  81  0  0  0  1  1.837376e-01  3.000000e-07
 62  42  0  0  0  1  1.895361e-01  3.000000e-07
 48  49  0  0  0  1  6.551737e-02  3.000000e-07
 48  79  0  0  0  1  1.884895e-01  3.000000e-07
 60  63  0  0  0  1  1.375195e-01  3.000000e-07
 70  71  0  0  0  1  8.255259e-02  3.000000e-07
 52  63  0  0  0  1  1.882137e-01  3.000000e-07
 52  42  0  0  0  1  6.532784e-02  3.000000e-07
 52  53  0  0  0  1  1.063927e-01  3.000000e-07
 2  3 -1  0  0  1  4.373827e-01  3.000000e-07
 2  84 -1  0  0  1  3.648583e-01  3.000000e-07
 49  46  0  0  0  1  5.855412e-02  3.000000e-07
 49  53  0  0  0  1  1.067531e-01  3.000000e-07
 3  84  0  0  0  1  1.840201e-01  3.000000e-07
 79  45  0  0  0  1  2.185535e-01  3.000000e-07
 79  81  0  0  0  1  8.694960e-02  3.000000e-07
 71  73  0  0  0  1  1.118884e-01  3.000000e-07
 63  42  0  0  0  1  1.930500e-01  3.000000e-07
 46  53  0  0  0  1  5.544266e-02  3.000000e-07
 81  74  0  1  0  1  3.383038e-01  3.000000e-07
-2.026639e-01 -2.679301e-01  0
 4.490044e-01 -4.209949e-01  0
-3.214651e-01 -3.367907e-03  0
 4.351545e-01  3.600459e-01  0
 5.384343e-02 -4.258269e-01  0
 4.312634e-01  4.040682e-01 -1.384580e-01
-3.342191e-02 -3.838294e-01  2.156096e-01
-3.930603e-02  5.769647e-02  3.942643e-01
-2.386923e-01 -2.467556e-01  1.390707e-01
 2.881921e-01 -8.376664e-02  3.910840e-01
 2.887630e-01  2.190886e-01  3.553644e-01
-4.178327e-01 -1.963905e-01  3.996916e-01
 3.777147e-02  7.718877e-02  3.390701e-01
-4.285415e-01  1.581096e-01 -3.506118e-01
 3.520202e-01  3.788023e-01  3.364369e-01
-6.893868e-02  3.046765e-01  1.204706e-01
-2.496893e-01  4.210601e-01 -1.555748e-01
-1.771590e-01  3.694179e-01  3.810241e-01
-2.065012e-01  4.442716e-01 -2.933126e-01
-3.182014e-02 -1.785835e-01 -4.395923e-01
-8.103710e-02 -2.610151e-01 -2.031164e-01
 3.157472e-01 -1.919250e-01 -1.017190e-01
-4.332294e-01 -1.148588e-01 -4.298127e-01
 1.302037e-01 -1.827204e-01 -2.308992e-01
 3.426902e-01 -3.298245e-01 -2.908969e-01
-1.474672e-01 -4.203113e-01 -2.488223e-01
 1.266529e-01  3.330601e-01  3.455432e-01
 4.158106e-01 -2.454851e-01  3.426018e-01
 6.237131e-02 -3.932579e-01  3.489633e-01
-2.339199e-01 -1.195788e-01  3.874091e-01
 1.649526e-03 -2.106146e-01  3.373533e-01
 3.759313e-01  3.748722e-01  3.803248e-01
-1.154901e-01 -4.077995e-01  3.592742e-01
 1.001575e-01 -3.478234e-02 -4.408101e-01
-1.737092e-01  2.936623e-01 -1.497300e-01
-3.278938e-01 -7.372215e-02 -3.910925e-01
 1.007131e-01  3.442071e-01 -3.810913e-01
-2.782864e-01  3.818597e-01 -3.973804e-01
 3.290986e-01 -3.310113e-01 -4.292847e-01
-3.731098e-01 -3.088177e-01 -3.630560e-01
-4.116263e-01 -2.564823e-01 -1.240071e-01
 3.807171e-03  3.829142e-01  1.090400e-01
-9.825756e-02 -1.208549e-01  0
-1.450506e-01 -7.300048e-02  0
-1.648001e-02  1.453648e-01  0
-4.150740e-02  1.884814e-01  0
 6.558890e-02  7.954460e-04  0
 2.112518e-01 -5.535232e-02  0
 1.564235e-01  8.020289e-02  0
 1.178169e-01  2.726845e-02  0
 1.871476e-01  5.880640e-02  0
 1.377048e-02  1.539254e-02  0
-3.297221e-02 -1.232106e-01  0
 4.478869e-02 -5.059754e-02  0
-2.665310e-01  3.997220e-01  0
-2.632579e-01  3.843654e-01  0
-4.437485e-01 -1.001217e-01  0
 3.492527e-01  2.275520e-01  0
-1.765699e-01  4.276307e-01  0
 4.083424e-01  3.795858e-01  0
 7.898331e-02 -3.010897e-01  0
-4.227207e-01 -3.588005e-01  0
-8.997125e-02 -3.102098e-01  0
-5.826531e-02 -3.097171e-01  0
 2.949392e-01  1.907530e-01  0
 3.940026e-01 -3.775535e-01  0
-3.126175e-01 -2.741119e-01  0
-1.790852e-01 -2.636291e-01  0
-2.133676e-01 -5.368775e-02  0
-2.750708e-01 -1.525705e-01  0
 4.171353e-01 -1.185921e-01  0
 4.012577e-01 -1.996034e-01  0
 2.665684e-04 -1.433946e-01  0
 3.438949e-01 -2.956686e-01  0
 1.270944e-01 -3.839629e-01  0
-2.073429e-01 -3.528186e-01  0
 1.289211e-01 -3.387790e-01  0
-1.270116e-01 -4.276369e-01  0
-1.601433e-01  1.095419e-01  0
 1.618255e-01  2.686150e-01  0
-2.358849e-01 -4.280297e-01  0
 2.435157e-01  2.983965e-01  0
 2.998032e-01 -3.537814e-01  0
-4.481655e-02  1.445691e-01  0
 3.682683e-01  1.886119e-01  0
 3.345807e-01 -4.906292e-02  0
-4.056518e-01 -8.253619e-02 -1.696744e-01
 1.446997e-01 -2.431854e-01  0
 2.721618e-01  1.970909e-01 -1.552849e-01
 1.916279e-02 -5.092041e-03  1.571998e-01