 729  90  1.200000e-05  57 -2 -2
 26  27  0  0  0  3  2.314958e-01  1.000000e-07
 26  21  0  0  0  3  6.987967e-02  1.000000e-07
 26  25  0  0  0  3  1.548046e-01  1.000000e-07
 26  17  0  0  0  3  3.930069e-01  1.000000e-07
 26  20  0  0  0  3  8.899629e-02  1.000000e-07
 26  18  0  0  0  3  3.720784e-01  1.000000e-07
 26  24  0  0  0  3  2.377661e-01  1.000000e-07
 27  21  0  0  0  3  2.854084e-01  1.000000e-07
 27  20  0  0  0  3  2.472245e-01  1.000000e-07
 27  18  0  0  0  3  2.565640e-01  1.000000e-07
 27  19  0  0  0  3  3.681620e-01  1.000000e-07
 27  31 -1  0  0  3  3.752556e-01  1.000000e-07
 27  38  0  0  1  3  3.551357e-01  1.000000e-07
 27  36  0  0  1  3  4.113484e-01  1.000000e-07
 21  80  0  0  0  3  2.537002e-01  1.000000e-07
 21  20  0  0  0  3  8.483688e-02  1.000000e-07
 21  24  0  0  0  3  2.381509e-01  1.000000e-07
 21  76  0  0  0  3  2.388133e-01  1.000000e-07
 21  32  0  0  0  3  4.368736e-01  1.000000e-07
 80  20  0  0  0  3  2.597137e-01  1.000000e-07
 80  19  0  0  0  3  1.940288e-01  1.000000e-07
 80  16  0  0  0  3  1.489397e-01  1.000000e-07
 80  31  0  0  0  3  2.982662e-01  1.000000e-07
 80  23  0  0  1  3  4.671560e-01  1.000000e-07
 80  37  0  0  1  3  3.496364e-01  1.000000e-07
 25  29  0  0  0  3  1.898250e-01  1.000000e-07
 25  20  0  0  0  3  8.842601e-02  1.000000e-07
 25  22  0  0  0  3  2.470361e-01  1.000000e-07
 25  19  0  0  0  3  2.342823e-01  1.000000e-07
 25  24  0  0  0  3  2.118412e-01  1.000000e-07
 25  32  0  0  0  3  3.922013e-01  1.000000e-07
 25  23  0  0  1  3  3.489765e-01  1.000000e-07
 25  35  0  0  1  3  2.275637e-01  1.000000e-07
 29  20  0  0  0  3  1.900428e-01  1.000000e-07
 29  18  0  0  0  3  3.686863e-01  1.000000e-07
 29  30  0  0  0  3  2.132838e-01  1.000000e-07
 29  24  0  0  0  3  3.054395e-01  1.000000e-07
 29  23  0  0  1  3  3.762320e-01  1.000000e-07
 29  5  0  0  1  3  3.705857e-01  1.000000e-07
 29  40  0  0  1  3  3.800135e-01  1.000000e-07
 29  35  0  0  1  3  3.164907e-01  1.000000e-07
 17  18  0  0  0  3  4.128091e-01  1.000000e-07
 17  30  0  0  0  3  2.357481e-01  1.000000e-07
 17  28  0  0  0  3  1.768295e-01  1.000000e-07
 17  39 -1  1  0  3  5.407052e-01  1.000000e-07
 17  32 -1  0  0  3  3.225584e-01  1.000000e-07
 20  24  0  0  0  3  1.711680e-01  1.000000e-07
 18  31 -1  0  0  3  3.393588e-01  1.000000e-07
 30  22  0  0  0  3  2.620920e-01  1.000000e-07
 30  16 -1  0  0  3  2.725784e-01  1.000000e-07
 30  28  0  0  0  3  8.763613e-02  1.000000e-07
 30  23  0  0  1  3  4.188171e-01  1.000000e-07
 30  5  0  0  1  3  3.597401e-01  1.000000e-07
 30  40  0  0  1  3  2.342101e-01  1.000000e-07
 30  37 -1  0  1  3  3.485730e-01  1.000000e-07
 22  24  0  1  0  3  6.294783e-01  1.000000e-07
 22  32  0  0  0  3  5.043726e-01  1.000000e-07
 22  23  0  0  1  3  3.752538e-01  1.000000e-07
 22  38  0  1  1  3  6.045146e-01  1.000000e-07
 19  31  0  0  0  3  3.309021e-01  1.000000e-07
 19  39  0  0  0  3  2.897818e-01  1.000000e-07
 19  33  0  0  1  3  4.134936e-01  1.000000e-07
 19  35  0  0  1  3  3.577008e-01  1.000000e-07
 16  31  0  0  0  3  2.155405e-01  1.000000e-07
 16  76  0  0  0  3  3.002523e-01  1.000000e-07
 16  28  1  0  0  3  2.737520e-01  1.000000e-07
 16  32  0  0  0  3  1.652939e-01  1.000000e-07
 16  40  1  0  1  3  3.841669e-01  1.000000e-07
 16  37  0  0  1  3  2.745947e-01  1.000000e-07
 31  33  0  0  1  3  3.357466e-01  1.000000e-07
 31  34  0 -1  1  3  5.413687e-01  1.000000e-07
 31  14  0  0  1  3  3.515555e-01  1.000000e-07
 31  37  0  0  1  3  2.346686e-01  1.000000e-07
 24  33  0  0  1  3  3.841520e-01  1.000000e-07
 24  38  0  0  1  3  3.551722e-01  1.000000e-07
 24  35  0  0  1  3  2.650987e-01  1.000000e-07
 28  32 -1  0  0  3  2.638274e-01  1.000000e-07
 28  23  0  0  1  3  4.435797e-01  1.000000e-07
 28  34 -1  0  1  3  3.948479e-01  1.000000e-07
 28  38  0  1  1  3  5.954787e-01  1.000000e-07
 28  36  0  1  1  3  6.229360e-01  1.000000e-07
 39  32  0 -1  0  3  4.147665e-01  1.000000e-07
 39  23  0 -1  1  3  6.045549e-01  1.000000e-07
 39  61  0 -1  1  3  5.509759e-01  1.000000e-07
 39  34  0 -1  1  3  3.937943e-01  1.000000e-07
 39  13  0 -1  1  3  6.001905e-01  1.000000e-07
 32  9  0  0  1  3  4.147910e-01  1.000000e-07
 8  61  0  0  0  3  2.639132e-01  1.000000e-07
 8  33  0  1  0  3  4.864096e-01  1.000000e-07
 8  10  0  0  0  3  1.962219e-01  1.000000e-07
 8  34  0  0  0  3  9.365104e-02  1.000000e-07
 8  13  0  0  0  3  3.731513e-01  1.000000e-07
 8  36  0  1  0  3  5.560861e-01  1.000000e-07
 8  11  0  1  0  3  2.150396e-01  1.000000e-07
 8  9  0  0  0  3  1.222109e-01  1.000000e-07
 8  12  0  1  0  3  4.002851e-01  1.000000e-07
 23  34  0  0  0  3  4.671522e-01  1.000000e-07
 23  36  0  1  0  3  5.126697e-01  1.000000e-07
 61  12  0  1  0  3  4.655748e-01  1.000000e-07
 5  6  0  0  0  3  4.365527e-01  1.000000e-07
 5  40  0  0  0  3  2.651071e-01  1.000000e-07
 5  35  0  0  0  3  2.673029e-01  1.000000e-07
 5  13  0  0  0  3  3.959429e-01  1.000000e-07
 5  36  0  0  0  3  2.221766e-01  1.000000e-07
 5  15  0  0  0  3  2.682909e-01  1.000000e-07
 5  14 -1  0  0  3  3.987968e-01  1.000000e-07
 33  35  0  0  0  3  2.641889e-01  1.000000e-07
 33  36  0  0  0  3  3.760746e-01  1.000000e-07
 33  15  0  0  0  3  4.339017e-01  1.000000e-07
 33  11  0  0  0  3  3.817500e-01  1.000000e-07
 33  12  0  0  0  3  1.935704e-01  1.000000e-07
 6  81  0  0  0  3  1.730456e-01  1.000000e-07
 6  35  0  0  0  3  3.032331e-01  1.000000e-07
 6  13  0  0  0  3  3.387756e-01  1.000000e-07
 6  37  0  0  0  3  3.025127e-01  1.000000e-07
 6  12  0  0  0  3  2.246327e-01  1.000000e-07
 10  34  0  0  0  3  2.199166e-01  1.000000e-07
 10  40  1  0  0  3  2.503352e-01  1.000000e-07
 10  81  0  0  0  3  2.970145e-01  1.000000e-07
 10  13  1  0  0  3  5.796103e-01  1.000000e-07
 10  15  1  1  0  3  6.545366e-01  1.000000e-07
 10  37  0  0  0  3  2.920471e-01  1.000000e-07
 10  9  0  0  0  3  1.194172e-01  1.000000e-07
 34  15  1  1  0  3  5.819233e-01  1.000000e-07
 34  11  0  1  0  3  2.335266e-01  1.000000e-07
 34  9  0  0  0  3  1.880252e-01  1.000000e-07
 40  28  0  0 -1  3  2.712088e-01  1.000000e-07
 40  32 -1  0 -1  3  4.110098e-01  1.000000e-07
 40  7  0  0  0  3  3.374536e-01  1.000000e-07
 7  38  0  0  0  3  2.883738e-01  1.000000e-07
 7  81  0  0  0  3  5.914867e-01  1.000000e-07
 7  13  0  0  0  3  5.410801e-01  1.000000e-07
 7  15  0  0  0  3  2.501800e-01  1.000000e-07
 7  11 -1  0  0  3  3.610490e-01  1.000000e-07
 7  14 -1  0  0  3  2.724183e-01  1.000000e-07
 7  12 -1  0  0  3  3.444013e-01  1.000000e-07
 38  35  0  0  0  3  3.387887e-01  1.000000e-07
 38  36  0  0  0  3  1.230338e-01  1.000000e-07
 38  15  0  0  0  3  2.384642e-01  1.000000e-07
 38  11 -1  0  0  3  4.632755e-01  1.000000e-07
 38  14 -1  0  0  3  4.253827e-01  1.000000e-07
 81  35  0  0  0  3  3.695921e-01  1.000000e-07
 81  13  0  0  0  3  2.555855e-01  1.000000e-07
 81  37  0  0  0  3  3.733679e-01  1.000000e-07
 81  9  0  0  0  3  2.393124e-01  1.000000e-07
 13  36  0  1  0  3  5.036907e-01  1.000000e-07
 13  9  0  0  0  3  3.303913e-01  1.000000e-07
 36  15  0  0  0  3  1.841067e-01  1.000000e-07
 15  12  0  0  0  3  4.548759e-01  1.000000e-07
 11  14  0  0  0  3  2.925126e-01  1.000000e-07
 11  9  0 -1  0  3  3.084823e-01  1.000000e-07
 11  12  0  0  0  3  2.359673e-01  1.000000e-07
 14  39  0  0 -1  3  4.503017e-01  1.000000e-07
 14  37  0  0  0  3  1.951617e-01  1.000000e-07
 14  12  0  0  0  3  1.262314e-01  1.000000e-07
 37  7  1  0  0  3  3.812852e-01  1.000000e-07
 37  9  0  0  0  3  3.441350e-01  1.000000e-07
 16  88  0  0  0  3  3.771405e-01  1.000000e-07
 84  10  0  0  0  3  2.235642e-01  1.000000e-07
 17  86 -1  0  0  3  3.085513e-01  1.000000e-07
 84  9  0  0  0  3  2.600763e-01  1.000000e-07
 22  55  0  1  0  3  4.477303e-01  1.000000e-07
 60  15  0  0  0  3  2.326241e-01  1.000000e-07
 19  62  0  0  0  3  4.135997e-01  1.000000e-07
 66  61  0 -1  0  3  2.693168e-01  1.000000e-07
 26  83  0  0  0  3  3.212798e-01  1.000000e-07
 43  61  0  0  0  3  2.406717e-01  1.000000e-07
 6  73  0  0  0  3  2.974900e-01  1.000000e-07
 74  18  1  0  0  3  2.149337e-01  1.000000e-07
 76  0  0  0  0  3  2.245372e-01  1.000000e-07
 70  10  0  0  0  3  2.998231e-01  1.000000e-07
 18  82  0  0  0  3  1.285963e-01  1.000000e-07
 77  40  0  0  0  3  3.738699e-01  1.000000e-07
 27  59  0  0  0  3  2.884945e-01  1.000000e-07
 60  15  0  0  0  3  1.723437e-01  1.000000e-07
 80  43  0  0  0  3  3.868953e-01  1.000000e-07
 42  61  0  0  0  3  2.139846e-01  1.000000e-07
 76  3  0  0  0  3  2.628180e-01  1.000000e-07
 71  11  0  0  0  3  2.596271e-01  1.000000e-07
 80  63  0  0  0  3  3.232211e-01  1.000000e-07
 58  81  0  0  0  3  1.151400e-01  1.000000e-07
 17  78  0  0  0  3  3.657089e-01  1.000000e-07
 47  61  0  0  0  3  2.522884e-01  1.000000e-07
 19  64  0  0  0  3  3.441426e-01  1.000000e-07
 59  15  0  0  0  3  2.104097e-01  1.000000e-07
 22  83  0  0  0  3  3.619471e-01  1.000000e-07
 78  61  0  0  0  3  2.002808e-01  1.000000e-07
 17  85  0  0  0  3  2.633685e-01  1.000000e-07
 79  40  0  0  0  3  3.516186e-01  1.000000e-07
 18  73 -1  0  0  3  1.728221e-01  1.000000e-07
 71  12  0  0  0  3  2.506190e-01  1.000000e-07
 18  56  0  0  0  3  1.765168e-01  1.000000e-07
 82  15  0  0  0  3  2.489866e-01  1.000000e-07
 21  58  0  0  0  3  2.568139e-01  1.000000e-07
 41  81  0  0  0  3  1.291709e-01  1.000000e-07
 76  74  0  0  0  3  1.806271e-01  1.000000e-07
 75  14  0  0  0  3  2.619314e-01  1.000000e-07
 21  83  0  0  0  3  3.004457e-01  1.000000e-07
 43  61  0  0  0  3  2.346252e-01  1.000000e-07
 26  57  0  0  0  3  2.749188e-01  1.000000e-07
 72  6  0  0  0  3  1.897439e-01  1.000000e-07
 76  2  0  0  0  3  2.620675e-01  1.000000e-07
 64  15  0  0  0  3  2.649424e-01  1.000000e-07
 22  78  0  0  0  3  3.248974e-01  1.000000e-07
 87  13  0  0  0  3  2.916003e-01  1.000000e-07
 76  62  0  0  0  3  3.182292e-01  1.000000e-07
 1  61  0 -1  0  3  3.426370e-01  1.000000e-07
 76  75  0  0  0  3  1.637594e-01  1.000000e-07
 58  6  0  0  0  3  1.624510e-01  1.000000e-07
 39  54  0 -1  0  3  4.449382e-01  1.000000e-07
 53  61  0  0  0  3  2.023023e-01  1.000000e-07
 76  63  0  0  0  3  2.016235e-01  1.000000e-07
 58  81  0  0  0  3  1.398211e-01  1.000000e-07
 49  46  0  0  0  2  1.275984e-01  2.000000e-07
 49  84 -1  0  0  2  3.229889e-01  2.000000e-07
 49  65 -1  1  0  2  3.520831e-01  2.000000e-07
 49  50  0  0  0  2  1.508877e-01  2.000000e-07
 49  56  0  1  0  2  3.771519e-01  2.000000e-07
 49  51  0  0  0  2  1.909284e-01  2.000000e-07
 49  67 -1  1  0  2  3.772395e-01  2.000000e-07
 49  88 -1  0  0  2  3.249050e-01  2.000000e-07
 49  45  0  0  0  2  1.232165e-01  2.000000e-07
 49  79  0  0  0  2  1.946116e-01  2.000000e-07
 49  85  0  0  0  2  1.545248e-01  2.000000e-07
 49  59  0  1  0  2  4.238492e-01  2.000000e-07
 49  86 -1  0  0  2  2.492028e-01  2.000000e-07
 49  60  0  1  0  2  2.930151e-01  2.000000e-07
 49  68 -1  1  0  2  3.865337e-01  2.000000e-07
 46  47  0  0  0  2  1.333549e-01  2.000000e-07
 46  77  0  0  0  2  1.612144e-01  2.000000e-07
 46  69  0  0  0  2  3.647101e-01  2.000000e-07
 46  50  0  0  0  2  9.924338e-02  2.000000e-07
 46  51  0  0  0  2  1.276633e-01  2.000000e-07
 46  88 -1  0  0  2  3.608842e-01  2.000000e-07
 46  45  0  0  0  2  2.589434e-02  2.000000e-07
 46  82  0  0  0  2  3.539912e-01  2.000000e-07
 46  89  0  0  0  2  3.095756e-01  2.000000e-07
 46  48  0  0  0  2  2.548533e-01  2.000000e-07
 46  79  0  0  0  2  1.560275e-01  2.000000e-07
 46  85  0  0  0  2  1.343451e-01  2.000000e-07
 70  42  0  0  0  2  1.448634e-01  2.000000e-07
 70  54  0  0  0  2  2.023231e-01  2.000000e-07
 70  77  1  0  0  2  3.421144e-01  2.000000e-07
 70  63  0  0  0  2  1.445808e-01  2.000000e-07
 70  41  0  0  0  2  2.041903e-01  2.000000e-07
 70  73  0  0  0  2  2.330112e-01  2.000000e-07
 70  74  0  0  0  2  2.260900e-01  2.000000e-07
 70  57  0  0  0  2  3.131443e-01  2.000000e-07
 70  67  0  0  0  2  4.596920e-01  2.000000e-07
 70  88  0  0  0  2  5.483975e-02  2.000000e-07
 70  75  0  0  0  2  2.013956e-01  2.000000e-07
 70  71  0  0  0  2  3.553958e-01  2.000000e-07
 70  58  0  0  0  2  1.967151e-01  2.000000e-07
 70  4  0  0  0  2  3.677772e-01  2.000000e-07
 70  79  1  0  0  2  2.786673e-01  2.000000e-07
 70  85  1  0  0  2  2.837936e-01  2.000000e-07
 70  0  0  0  0  2  8.739150e-02  2.000000e-07
 70  86  0  0  0  2  1.880404e-01  2.000000e-07
 70  68  0  1  0  2  4.284872e-01  2.000000e-07
 47  83  0  0  0  2  1.936443e-01  2.000000e-07
 47  77  0  0  0  2  2.323300e-01  2.000000e-07
 47  69  0  0  0  2  3.176207e-01  2.000000e-07
 47  51  0  0  0  2  9.774800e-02  2.000000e-07
 47  45  0  0  0  2  1.252033e-01  2.000000e-07
 47  89  0  0  0  2  2.862774e-01  2.000000e-07
 47  48  0  0  0  2  1.775872e-01  2.000000e-07
 47  58  0  0  0  2  3.869782e-01  2.000000e-07
 47  78  0  0  0  2  7.717311e-02  2.000000e-07
 47  79  0  0  0  2  2.657505e-01  2.000000e-07
 47  59  0  1  0  2  4.000993e-01  2.000000e-07
 47  86  0  0  0  2  5.301931e-01  2.000000e-07
 47  60  0  1  0  2  3.560583e-01  2.000000e-07
 47  62  0  1  0  2  4.225870e-01  2.000000e-07
 42  83  0  0  0  2  1.734810e-01  2.000000e-07
 42  54  0  0  0  2  1.042686e-01  2.000000e-07
 42  63  0  0  0  2  1.651358e-01  2.000000e-07
 42  84  0  0  0  2  1.410464e-01  2.000000e-07
 42  41  0  0  0  2  9.980711e-02  2.000000e-07
 42  43  0  0  0  2  1.232876e-01  2.000000e-07
 42  85  1  0  0  2  3.877716e-01  2.000000e-07
 42  53  0  0  0  2  3.232673e-01  2.000000e-07
 42  86  0  0  0  2  1.906955e-01  2.000000e-07
 64  69  0  0  0  2  1.575661e-01  2.000000e-07
 64  66  0  0  0  2  2.083833e-01  2.000000e-07
 64  57  0  0  0  2  1.922446e-01  2.000000e-07
 64  75  0  0  0  2  3.163380e-01  2.000000e-07
 64  89  0  0  0  2  2.236188e-01  2.000000e-07
 64  58  0  0  0  2  2.768504e-01  2.000000e-07
 64  3  0  0  0  2  3.368132e-01  2.000000e-07
 64  60  0  0  0  2  2.931536e-01  2.000000e-07
 64  62  0  0  0  2  2.536416e-01  2.000000e-07
 83  54  0  0  0  2  2.218597e-01  2.000000e-07
 83  63  0  0  0  2  2.481013e-01  2.000000e-07
 83  84  0  0  0  2  3.141894e-01  2.000000e-07
 83  50  0  0  0  2  2.945961e-01  2.000000e-07
 83  55  0  1  0  2  3.414551e-01  2.000000e-07
 83  72  0  0  0  2  3.255144e-01  2.000000e-07
 83  43  0  0  0  2  6.268458e-02  2.000000e-07
 83  45  0  0  0  2  3.187183e-01  2.000000e-07
 83  48  0  0  0  2  1.948897e-01  2.000000e-07
 83  58  0  0  0  2  2.322014e-01  2.000000e-07
 83  78  0  0  0  2  1.166848e-01  2.000000e-07
 83  44  0  0  0  2  2.727317e-01  2.000000e-07
 83  59  0  1  0  2  4.456622e-01  2.000000e-07
 83  0  0  0  0  2  3.008619e-01  2.000000e-07
 83  53  0  0  0  2  1.956088e-01  2.000000e-07
 83  86  0  0  0  2  3.465204e-01  2.000000e-07
 83  87  0  0  0  2  9.971961e-02  2.000000e-07
 83  62  0  1  0  2  3.772738e-01  2.000000e-07
 54  65  0  1  0  2  3.203606e-01  2.000000e-07
 54  1  0  1  0  2  3.168339e-01  2.000000e-07
 54  55  0  1  0  2  3.726141e-01  2.000000e-07
 54  66  0  1  0  2  3.907056e-01  2.000000e-07
 54  67  0  1  0  2  3.989800e-01  2.000000e-07
 54  43  0  0  0  2  1.952391e-01  2.000000e-07
 54  71  0  1  0  2  4.695541e-01  2.000000e-07
 54  52  1  0  0  2  4.701140e-01  2.000000e-07
 54  78  0  0  0  2  3.255086e-01  2.000000e-07
 54  79  1  0  0  2  3.851279e-01  2.000000e-07
 54  85  1  0  0  2  3.680644e-01  2.000000e-07
 54  53  0  0  0  2  3.081700e-01  2.000000e-07
 54  86  0  0  0  2  1.311390e-01  2.000000e-07
 54  62  0  1  0  2  3.248168e-01  2.000000e-07
 54  68  0  1  0  2  2.442502e-01  2.000000e-07
 77  69  0  0  0  2  2.743639e-01  2.000000e-07
 77  73 -1  0  0  2  3.413260e-01  2.000000e-07
 77  74 -1  0  0  2  4.087963e-01  2.000000e-07
 77  51  0  0  0  2  2.775969e-01  2.000000e-07
 77  67 -1  0  0  2  5.143894e-01  2.000000e-07
 77  88 -1  0  0  2  2.906472e-01  2.000000e-07
 77  43  0  0  0  2  4.269420e-01  2.000000e-07
 77  82  0  0  0  2  1.930158e-01  2.000000e-07
 77  89  0  0  0  2  2.033749e-01  2.000000e-07
 77  52  0  0  0  2  2.034550e-01  2.000000e-07
 77  78  0  0  0  2  2.907749e-01  2.000000e-07
 77  79  0  0  0  2  8.089454e-02  2.000000e-07
 77  85  0  0  0  2  1.118069e-01  2.000000e-07
 77  87  0  0  0  2  2.994353e-01  2.000000e-07
 63  41  0  0  0  2  1.382975e-01  2.000000e-07
 63  73  0  0  0  2  2.438365e-01  2.000000e-07
 63  66  0  0  0  2  4.799935e-01  2.000000e-07
 63  57  0  0  0  2  1.720405e-01  2.000000e-07
 63  43  0  0  0  2  1.871040e-01  2.000000e-07
 63  71  0  0  0  2  3.093786e-01  2.000000e-07
 63  4  0  0  0  2  2.599935e-01  2.000000e-07
 63  0  0  0  0  2  7.494115e-02  2.000000e-07
 63  87  0  0  0  2  2.671292e-01  2.000000e-07
 84  72  0  0  0  2  4.186887e-01  2.000000e-07
 84  73  0  0  0  2  2.840093e-01  2.000000e-07
 84  88  0  0  0  2  5.167700e-02  2.000000e-07
 84  75  0  0  0  2  2.640553e-01  2.000000e-07
 84  82  1  0  0  2  3.507624e-01  2.000000e-07
 84  48  0  0  0  2  4.594397e-01  2.000000e-07
 84  58  0  0  0  2  2.480184e-01  2.000000e-07
 84  78  0  0  0  2  4.306684e-01  2.000000e-07
 84  85  1  0  0  2  2.505737e-01  2.000000e-07
 84  0  0  0  0  2  1.494478e-01  2.000000e-07
 84  86  0  0  0  2  1.256597e-01  2.000000e-07
 65  83  0 -1  0  2  4.999578e-01  2.000000e-07
 65  50  1 -1  0  2  4.736749e-01  2.000000e-07
 65  55  0  0  0  2  3.961129e-01  2.000000e-07
 65  56  1  0  0  2  2.829943e-01  2.000000e-07
 65  72  0  0  0  2  4.483743e-01  2.000000e-07
 65  73  0  0  0  2  3.007116e-01  2.000000e-07
 65  74  0  0  0  2  2.964682e-01  2.000000e-07
 65  82  1  0  0  2  4.046117e-01  2.000000e-07
 65  71  0  0  0  2  1.662367e-01  2.000000e-07
 65  52  1 -1  0  2  4.512092e-01  2.000000e-07
 65  3  0  0  0  2  1.476997e-01  2.000000e-07
 65  85  1 -1  0  2  4.610007e-01  2.000000e-07
 65  2  0  0  0  2  3.944071e-01  2.000000e-07
 65  86  0 -1  0  2  2.998013e-01  2.000000e-07
 65  60  1  0  0  2  3.969647e-01  2.000000e-07
 65  62  0  0  0  2  2.654001e-01  2.000000e-07
 65  68  0  0  0  2  1.003309e-01  2.000000e-07
 1  55  0  0  0  2  2.997086e-01  2.000000e-07
 1  66  0  0  0  2  2.701935e-01  2.000000e-07
 1  67  0  0  0  2  1.502217e-01  2.000000e-07
 1  71  0  0  0  2  1.611781e-01  2.000000e-07
 1  4  0  0  0  2  1.857290e-01  2.000000e-07
 1  3  0  0  0  2  1.140351e-01  2.000000e-07
 1  62  0  0  0  2  1.666129e-01  2.000000e-07
 1  68  0  0  0  2  7.666796e-02  2.000000e-07
 69  56  0  0  0  2  3.413391e-01  2.000000e-07
 69  72  0  0  0  2  1.568613e-01  2.000000e-07
 69  57  0  0  0  2  1.611798e-01  2.000000e-07
 69  82  0  0  0  2  2.861995e-01  2.000000e-07
 69  89  0  0  0  2  7.360188e-02  2.000000e-07
 69  48  0  0  0  2  1.454720e-01  2.000000e-07
 69  58  0  0  0  2  2.799116e-01  2.000000e-07
 69  78  0  0  0  2  3.081662e-01  2.000000e-07
 69  59  0  0  0  2  2.925626e-01  2.000000e-07
 69  2  0  0  0  2  2.036878e-01  2.000000e-07
 69  60  0  0  0  2  3.585833e-01  2.000000e-07
 50  55  0  1  0  2  2.940569e-01  2.000000e-07
 50  56  0  1  0  2  4.097169e-01  2.000000e-07
 50  45  0  0  0  2  7.368087e-02  2.000000e-07
 50  71 -1  1  0  2  5.967534e-01  2.000000e-07
 50  52  0  0  0  2  6.732729e-02  2.000000e-07
 50  48  0  0  0  2  2.883710e-01  2.000000e-07
 50  44  0  0  0  2  9.739588e-02  2.000000e-07
 50  85  0  0  0  2  2.280123e-01  2.000000e-07
 50  59  0  1  0  2  3.389472e-01  2.000000e-07
 50  87  0  0  0  2  2.718267e-01  2.000000e-07
 55  56  0  0  0  2  3.929274e-01  2.000000e-07
 55  72  0  0  0  2  3.443404e-01  2.000000e-07
 55  66  0  0  0  2  5.244051e-02  2.000000e-07
 55  71  0  0  0  2  4.195256e-01  2.000000e-07
 55  44  0 -1  0  2  1.969074e-01  2.000000e-07
 55  59  0  0  0  2  1.095535e-01  2.000000e-07
 55  53  0 -1  0  2  1.610746e-01  2.000000e-07
 55  2  0  0  0  2  3.084057e-01  2.000000e-07
 55  60  0  0  0  2  2.139942e-01  2.000000e-07
 56  72  0  0  0  2  4.485533e-01  2.000000e-07
 56  73 -1  0  0  2  2.755489e-01  2.000000e-07
 56  74 -1  0  0  2  3.383609e-01  2.000000e-07
 56  66  0  0  0  2  3.977594e-01  2.000000e-07
 56  67 -1  0  0  2  2.182558e-01  2.000000e-07
 56  82  0  0  0  2  2.034478e-01  2.000000e-07
 56  89  0  0  0  2  3.155693e-01  2.000000e-07
 56  89  0  0  0  2  3.155693e-01  2.000000e-07
 56  71 -1  0  0  2  2.804714e-01  2.000000e-07
 56  52  0 -1  0  2  4.299904e-01  2.000000e-07
 56  48  0  0  0  2  4.544080e-01  2.000000e-07
 56  3 -1  0  0  2  3.209100e-01  2.000000e-07
 56  44  0 -1  0  2  3.853958e-01  2.000000e-07
 56  59  0  0  0  2  3.071345e-01  2.000000e-07
 56  60  0  0  0  2  1.906736e-01  2.000000e-07
 56  60  0  0  0  2  1.906736e-01  2.000000e-07
 41  57  0  0  0  2  1.813310e-01  2.000000e-07
 41  43  0  0  0  2  4.966871e-02  2.000000e-07
 41  58  0  0  0  2  1.335962e-01  2.000000e-07
 41  78  0  0  0  2  2.228235e-01  2.000000e-07
 41  86  0  0  0  2  2.904758e-01  2.000000e-07
 41  68  0  1  0  2  4.223635e-01  2.000000e-07
 72  63  0  0  0  2  2.202655e-01  2.000000e-07
 72  73  0  0  0  2  3.668546e-01  2.000000e-07
 72  74  0  0  0  2  2.882024e-01  2.000000e-07
 72  66  0  0  0  2  2.945492e-01  2.000000e-07
 72  88  0  0  0  2  4.162192e-01  2.000000e-07
 72  75  0  0  0  2  2.351526e-01  2.000000e-07
 72  82  0  0  0  2  4.372956e-01  2.000000e-07
 72  71  0  0  0  2  3.350422e-01  2.000000e-07
 72  48  0  0  0  2  2.350836e-01  2.000000e-07
 72  58  0  0  0  2  1.716830e-01  2.000000e-07
 72  4  0  0  0  2  1.843443e-01  2.000000e-07
 72  59  0  0  0  2  2.720682e-01  2.000000e-07
 72  0  0  0  0  2  2.838844e-01  2.000000e-07
 72  2  0  0  0  2  5.540316e-02  2.000000e-07
 72  87  0  0  0  2  2.680854e-01  2.000000e-07
 73  74  0  0  0  2  7.894903e-02  2.000000e-07
 73  67  0  0  0  2  2.317183e-01  2.000000e-07
 73  88  0  0  0  2  2.379123e-01  2.000000e-07
 73  82  1  0  0  2  1.999432e-01  2.000000e-07
 73  89  1  0  0  2  4.231054e-01  2.000000e-07
 73  71  0  0  0  2  1.478117e-01  2.000000e-07
 73  4  0  0  0  2  2.528965e-01  2.000000e-07
 73  79  1  0  0  2  3.280692e-01  2.000000e-07
 73  85  1  0  0  2  3.592344e-01  2.000000e-07
 73  0  0  0  0  2  1.914123e-01  2.000000e-07
 73  2  0  0  0  2  3.373317e-01  2.000000e-07
 73  60  1  0  0  2  4.661186e-01  2.000000e-07
 74  67  0  0  0  2  2.420867e-01  2.000000e-07
 74  88  0  0  0  2  2.487031e-01  2.000000e-07
 74  75  0  0  0  2  6.360344e-02  2.000000e-07
 74  82  1  0  0  2  2.786373e-01  2.000000e-07
 74  89  1  0  0  2  5.016642e-01  2.000000e-07
 74  3  0  0  0  2  1.645282e-01  2.000000e-07
 74  79  1  0  0  2  3.851549e-01  2.000000e-07
 74  0  0  0  0  2  1.587372e-01  2.000000e-07
 74  2  0  0  0  2  2.585472e-01  2.000000e-07
 74  60  1  0  0  2  5.266043e-01  2.000000e-07
 51  66  0  1  0  2  3.178575e-01  2.000000e-07
 51  67 -1  1  0  2  5.095568e-01  2.000000e-07
 51  45  0  0  0  2  1.041832e-01  2.000000e-07
 51  52  0  0  0  2  1.036210e-01  2.000000e-07
 51  78  0  0  0  2  1.513207e-01  2.000000e-07
 51  79  0  0  0  2  2.836030e-01  2.000000e-07
 51  44  0  0  0  2  7.138857e-02  2.000000e-07
 51  59  0  1  0  2  3.216804e-01  2.000000e-07
 51  53  0  0  0  2  1.504740e-01  2.000000e-07
 51  60  0  1  0  2  2.599108e-01  2.000000e-07
 51  62  0  1  0  2  3.822167e-01  2.000000e-07
 66  57  0  0  0  2  3.896515e-01  2.000000e-07
 66  89  0  0  0  2  4.099626e-01  2.000000e-07
 66  71  0  0  0  2  3.771955e-01  2.000000e-07
 66  48  0  0  0  2  4.930679e-01  2.000000e-07
 66  4  0  0  0  2  2.504777e-01  2.000000e-07
 66  44  0 -1  0  2  2.478803e-01  2.000000e-07
 66  53  0 -1  0  2  2.113200e-01  2.000000e-07
 66  87  0  0  0  2  5.517393e-01  2.000000e-07
 66  60  0  0  0  2  2.327563e-01  2.000000e-07
 66  62  0  0  0  2  1.055090e-01  2.000000e-07
 57  43  0  0  0  2  1.993255e-01  2.000000e-07
 57  89  0  0  0  2  2.210412e-01  2.000000e-07
 57  58  0  0  0  2  1.188957e-01  2.000000e-07
 57  78  0  0  0  2  2.801941e-01  2.000000e-07
 57  4  0  0  0  2  2.540806e-01  2.000000e-07
 57  87  0  0  0  2  1.792355e-01  2.000000e-07
 67  75  0  0  0  2  2.950277e-01  2.000000e-07
 67  89  1  0  0  2  5.108192e-01  2.000000e-07
 67  71  0  0  0  2  1.190382e-01  2.000000e-07
 67  52  1 -1  0  2  4.685587e-01  2.000000e-07
 67  4  0  0  0  2  2.603355e-01  2.000000e-07
 67  3  0  0  0  2  1.283967e-01  2.000000e-07
 67  79  1 -1  0  2  5.426790e-01  2.000000e-07
 67  79  1  0  0  2  5.276000e-01  2.000000e-07
 67  44  1 -1  0  2  4.993715e-01  2.000000e-07
 67  60  1  0  0  2  3.597044e-01  2.000000e-07
 67  68  0  0  0  2  1.756100e-01  2.000000e-07
 88  75  0  0  0  2  2.364391e-01  2.000000e-07
 88  82  1  0  0  2  3.000667e-01  2.000000e-07
 88  58  0  0  0  2  2.507124e-01  2.000000e-07
 88  79  1  0  0  2  2.247089e-01  2.000000e-07
 88  85  1  0  0  2  2.289629e-01  2.000000e-07
 88  0  0  0  0  2  1.341324e-01  2.000000e-07
 88  86  0  0  0  2  1.647415e-01  2.000000e-07
 43  89  0  0  0  2  3.435616e-01  2.000000e-07
 43  52  0  0  0  2  3.928480e-01  2.000000e-07
 43  78  0  0  0  2  1.759047e-01  2.000000e-07
 43  53  0  0  0  2  2.527672e-01  2.000000e-07
 43  87  0  0  0  2  1.278250e-01  2.000000e-07
 45  48  0  0  0  2  2.637616e-01  2.000000e-07
 45  59  0  1  0  2  4.113939e-01  2.000000e-07
 45  60  0  1  0  2  3.190860e-01  2.000000e-07
 75  58  0  0  0  2  1.513989e-01  2.000000e-07
 75  4  0  0  0  2  1.700101e-01  2.000000e-07
 75  3  0  0  0  2  1.979395e-01  2.000000e-07
 75  2  0  0  0  2  2.134671e-01  2.000000e-07
 82  89  0  0  0  2  2.231963e-01  2.000000e-07
 82  89  0  0  0  2  2.231963e-01  2.000000e-07
 82  48  0  0  0  2  3.372231e-01  2.000000e-07
 82  85  0  0  0  2  2.674766e-01  2.000000e-07
 82  87  0  0  0  2  4.289266e-01  2.000000e-07
 82  60  0  0  0  2  3.655510e-01  2.000000e-07
 89  52  0  0  0  2  3.505736e-01  2.000000e-07
 89  48  0  0  0  2  1.390994e-01  2.000000e-07
 89  78  0  0  0  2  2.947553e-01  2.000000e-07
 89  85  0  0  0  2  3.143318e-01  2.000000e-07
 89  87  0  0  0  2  2.335418e-01  2.000000e-07
 89  60  0  0  0  2  3.723985e-01  2.000000e-07
 71  52  1 -1  0  2  5.872649e-01  2.000000e-07
 71  4  0  0  0  2  1.650682e-01  2.000000e-07
 71  44  1 -1  0  2  6.100415e-01  2.000000e-07
 71  85  1 -1  0  2  6.195128e-01  2.000000e-07
 71  0  0  0  0  2  2.882521e-01  2.000000e-07
 71  2  0  0  0  2  2.885639e-01  2.000000e-07
 52  78  0  0  0  2  2.172985e-01  2.000000e-07
 52  79  0  0  0  2  1.893017e-01  2.000000e-07
 52  44  0  0  0  2  1.643269e-01  2.000000e-07
 52  85  0  0  0  2  1.612413e-01  2.000000e-07
 52  53  0  0  0  2  2.539877e-01  2.000000e-07
 52  87  0  0  0  2  2.919820e-01  2.000000e-07
 52  60  0  1  0  2  3.005374e-01  2.000000e-07
 48  58  0  0  0  2  2.647215e-01  2.000000e-07
 48  78  0  0  0  2  1.629392e-01  2.000000e-07
 48  85  0  0  0  2  3.189436e-01  2.000000e-07
 48  87  0  0  0  2  9.525277e-02  2.000000e-07
 58  78  0  0  0  2  3.228517e-01  2.000000e-07
 58  4  0  0  0  2  2.426794e-01  2.000000e-07
 58  2  0  0  0  2  1.898403e-01  2.000000e-07
 58  86  0  0  0  2  3.546384e-01  2.000000e-07
 58  68  0  1  0  2  5.376338e-01  2.000000e-07
 78  53  0  0  0  2  1.530502e-01  2.000000e-07
 78  86  0  0  0  2  4.548266e-01  2.000000e-07
 78  62  0  1  0  2  3.896609e-01  2.000000e-07
 78  68  0  1  0  2  4.656122e-01  2.000000e-07
 4  3  0  0  0  2  1.323061e-01  2.000000e-07
 4  62  0  0  0  2  2.000351e-01  2.000000e-07
 3  59  0  0  0  2  3.889113e-01  2.000000e-07
 3  2  0  0  0  2  2.628065e-01  2.000000e-07
 3  60  1  0  0  2  4.825184e-01  2.000000e-07
 3  62  0  0  0  2  2.369260e-01  2.000000e-07
 3  68  0  0  0  2  1.853034e-01  2.000000e-07
 79  85  0  0  0  2  4.096209e-02  2.000000e-07
 79  86 -1  0  0  2  2.660790e-01  2.000000e-07
 79  68 -1  1  0  2  4.998632e-01  2.000000e-07
 44  59  0  1  0  2  2.509205e-01  2.000000e-07
 44  53  0  0  0  2  1.112625e-01  2.000000e-07
 44  87  0  0  0  2  2.844459e-01  2.000000e-07
 85  0 -1  0  0  2  3.544980e-01  2.000000e-07
 85  86 -1  0  0  2  2.434614e-01  2.000000e-07
 85  87  0  0  0  2  3.684338e-01  2.000000e-07
 59  2  0  0  0  2  2.503328e-01  2.000000e-07
 59  86  0 -1  0  2  5.792803e-01  2.000000e-07
 59  60  0  0  0  2  1.592242e-01  2.000000e-07
 59  62  0  0  0  2  1.944300e-01  2.000000e-07
 0  86  0  0  0  2  2.727943e-01  2.000000e-07
 0  87  0  0  0  2  3.345565e-01  2.000000e-07
 53  87  0  0  0  2  2.433455e-01  2.000000e-07
 53  60  0  1  0  2  2.779560e-01  2.000000e-07
 53  62  0  1  0  2  2.469989e-01  2.000000e-07
 2  62  0  0  0  2  2.604793e-01  2.000000e-07
 86  62  0  1  0  2  4.028605e-01  2.000000e-07
 86  68  0  1  0  2  2.617983e-01  2.000000e-07
 87  45  0  0  0  2  2.724549e-01  2.000000e-07
 60  44  0 -1  0  2  2.065727e-01  2.000000e-07
 60  62  0  0  0  2  3.378747e-01  2.000000e-07
 60  68 -1  0  0  2  4.850808e-01  2.000000e-07
 62  68  0  0  0  2  1.882331e-01  2.000000e-07
 49  46  0  0  0  1  1.275984e-01  3.000000e-07
 49  65 -1  1  0  1  3.520831e-01  3.000000e-07
 49  50  0  0  0  1  1.508877e-01  3.000000e-07
 49  67 -1  1  0  1  3.772395e-01  3.000000e-07
 49  52  0  0  0  1  1.043503e-01  3.000000e-07
 49  60  0  1  0  1  2.930151e-01  3.000000e-07
 46  47  0  0  0  1  1.333549e-01  3.000000e-07
 46  77  0  0  0  1  1.612144e-01  3.000000e-07
 46  85  0  0  0  1  1.343451e-01  3.000000e-07
 70  42  0  0  0  1  1.448634e-01  3.000000e-07
 70  84  0  0  0  1  6.280595e-02  3.000000e-07
 70  88  0  0  0  1  5.483975e-02  3.000000e-07
 70  0  0  0  0  1  8.739150e-02  3.000000e-07
 47  51  0  0  0  1  9.774800e-02  3.000000e-07
 47  45  0  0  0  1  1.252033e-01  3.000000e-07
 47  48  0  0  0  1  1.775872e-01  3.000000e-07
 47  78  0  0  0  1  7.717311e-02  3.000000e-07
 42  54  0  0  0  1  1.042686e-01  3.000000e-07
 42  63  0  0  0  1  1.651358e-01  3.000000e-07
 42  84  0  0  0  1  1.410464e-01  3.000000e-07
 42  41  0  0  0  1  9.980711e-02  3.000000e-07
 42  43  0  0  0  1  1.232876e-01  3.000000e-07
 64  69  0  0  0  1  1.575661e-01  3.000000e-07
 64  56  0  0  0  1  3.628389e-01  3.000000e-07
 64  72  0  0  0  1  1.057268e-01  3.000000e-07
 64  66  0  0  0  1  2.083833e-01  3.000000e-07
 64  4  0  0  0  1  2.070684e-01  3.000000e-07
 64  59  0  0  0  1  1.692150e-01  3.000000e-07
 83  54  0  0  0  1  2.218597e-01  3.000000e-07
 83  43  0  0  0  1  6.268458e-02  3.000000e-07
 83  78  0  0  0  1  1.166848e-01  3.000000e-07
 83  53  0  0  0  1  1.956088e-01  3.000000e-07
 83  87  0  0  0  1  9.971961e-02  3.000000e-07
 54  84  0  0  0  1  1.635541e-01  3.000000e-07
 54  53  0  0  0  1  3.081700e-01  3.000000e-07
 54  86  0  0  0  1  1.311390e-01  3.000000e-07
 54  68  0  1  0  1  2.442502e-01  3.000000e-07
 77  82  0  0  0  1  1.930158e-01  3.000000e-07
 77  89  0  0  0  1  2.033749e-01  3.000000e-07
 77  48  0  0  0  1  2.304775e-01  3.000000e-07
 77  79  0  0  0  1  8.089454e-02  3.000000e-07
 77  85  0  0  0  1  1.118069e-01  3.000000e-07
 63  41  0  0  0  1  1.382975e-01  3.000000e-07
 63  75  0  0  0  1  1.322635e-01  3.000000e-07
 63  58  0  0  0  1  5.326710e-02  3.000000e-07
 63  0  0  0  0  1  7.494115e-02  3.000000e-07
 84  88  0  0  0  1  5.167700e-02  3.000000e-07
 84  86  0  0  0  1  1.256597e-01  3.000000e-07
 65  1  0  0  0  1  1.025240e-01  3.000000e-07
 65  67  0  0  0  1  7.947865e-02  3.000000e-07
 65  3  0  0  0  1  1.476997e-01  3.000000e-07
 65  86  0 -1  0  1  2.998013e-01  3.000000e-07
 65  68  0  0  0  1  1.003309e-01  3.000000e-07
 1  4  0  0  0  1  1.857290e-01  3.000000e-07
 1  3  0  0  0  1  1.140351e-01  3.000000e-07
 1  62  0  0  0  1  1.666129e-01  3.000000e-07
 1  68  0  0  0  1  7.666796e-02  3.000000e-07
 69  56  0  0  0  1  3.413391e-01  3.000000e-07
 69  72  0  0  0  1  1.568613e-01  3.000000e-07
 69  57  0  0  0  1  1.611798e-01  3.000000e-07
 69  89  0  0  0  1  7.360188e-02  3.000000e-07
 69  48  0  0  0  1  1.454720e-01  3.000000e-07
 50  45  0  0  0  1  7.368087e-02  3.000000e-07
 50  52  0  0  0  1  6.732729e-02  3.000000e-07
 50  44  0  0  0  1  9.739588e-02  3.000000e-07
 50  60  0  1  0  1  2.580397e-01  3.000000e-07
 55  66  0  0  0  1  5.244051e-02  3.000000e-07
 55  44  0 -1  0  1  1.969074e-01  3.000000e-07
 55  59  0  0  0  1  1.095535e-01  3.000000e-07
 55  53  0 -1  0  1  1.610746e-01  3.000000e-07
 55  60  0  0  0  1  2.139942e-01  3.000000e-07
 55  62  0  0  0  1  1.337206e-01  3.000000e-07
 56  73 -1  0  0  1  2.755489e-01  3.000000e-07
 56  67 -1  0  0  1  2.182558e-01  3.000000e-07
 56  89  0  0  0  1  3.155693e-01  3.000000e-07
 56  60  0  0  0  1  1.906736e-01  3.000000e-07
 41  57  0  0  0  1  1.813310e-01  3.000000e-07
 41  58  0  0  0  1  1.335962e-01  3.000000e-07
 72  57  0  0  0  1  9.541402e-02  3.000000e-07
 72  58  0  0  0  1  1.716830e-01  3.000000e-07
 72  2  0  0  0  1  5.540316e-02  3.000000e-07
 73  74  0  0  0  1  7.894903e-02  3.000000e-07
 73  67  0  0  0  1  2.317183e-01  3.000000e-07
 73  82  1  0  0  1  1.999432e-01  3.000000e-07
 73  71  0  0  0  1  1.478117e-01  3.000000e-07
 73  0  0  0  0  1  1.914123e-01  3.000000e-07
 74  75  0  0  0  1  6.360344e-02  3.000000e-07
 74  71  0  0  0  1  1.302524e-01  3.000000e-07
 74  4  0  0  0  1  1.829323e-01  3.000000e-07
 74  0  0  0  0  1  1.587372e-01  3.000000e-07
 51  44  0  0  0  1  7.138857e-02  3.000000e-07
 51  53  0  0  0  1  1.504740e-01  3.000000e-07
 66  59  0  0  0  1  9.336503e-02  3.000000e-07
 66  62  0  0  0  1  1.055090e-01  3.000000e-07
 57  48  0  0  0  1  1.700428e-01  3.000000e-07
 57  58  0  0  0  1  1.188957e-01  3.000000e-07
 57  87  0  0  0  1  1.792355e-01  3.000000e-07
 67  71  0  0  0  1  1.190382e-01  3.000000e-07
 67  3  0  0  0  1  1.283967e-01  3.000000e-07
 88  82  1  0  0  1  3.000667e-01  3.000000e-07
 88  79  1  0  0  1  2.247089e-01  3.000000e-07
 88  85  1  0  0  1  2.289629e-01  3.000000e-07
 88  0  0  0  0  1  1.341324e-01  3.000000e-07
 88  86  0  0  0  1  1.647415e-01  3.000000e-07
 43  87  0  0  0  1  1.278250e-01  3.000000e-07
 75  58  0  0  0  1  1.513989e-01  3.000000e-07
 75  4  0  0  0  1  1.700101e-01  3.000000e-07
 75  0  0  0  0  1  1.198994e-01  3.000000e-07
 75  2  0  0  0  1  2.134671e-01  3.000000e-07
 82  89  0  0  0  1  2.231963e-01  3.000000e-07
 82  79  0  0  0  1  2.266979e-01  3.000000e-07
 89  48  0  0  0  1  1.390994e-01  3.000000e-07
 71  4  0  0  0  1  1.650682e-01  3.000000e-07
 71  3  0  0  0  1  5.425993e-02  3.000000e-07
 48  78  0  0  0  1  1.629392e-01  3.000000e-07
 48  87  0  0  0  1  9.525277e-02  3.000000e-07
 58  2  0  0  0  1  1.898403e-01  3.000000e-07
 78  53  0  0  0  1  1.530502e-01  3.000000e-07
 78  87  0  0  0  1  1.009717e-01  3.000000e-07
 4  3  0  0  0  1  1.323061e-01  3.000000e-07
 4  2  0  0  0  1  1.315155e-01  3.000000e-07
 4  62  0  0  0  1  2.000351e-01  3.000000e-07
 44  53  0  0  0  1  1.112625e-01  3.000000e-07
 44  60  0  1  0  1  2.065727e-01  3.000000e-07
 85  86 -1  0  0  1  2.434614e-01  3.000000e-07
 59  60  0  0  0  1  1.592242e-01  3.000000e-07
 86  68  0  1  0  1  2.617983e-01  3.000000e-07
 62  53  0 -1  0  1  2.469989e-01  3.000000e-07
 62  68  0  0  0  1  1.882331e-01  3.000000e-07
 2.330113e-01  7.311304e-02  0
 2.223209e-01 -3.517901e-01  0
 2.173437e-02 -1.174496e-01  0
 2.531518e-01 -2.420018e-01  0
 1.316150e-01 -1.897171e-01  0
-2.676352e-01 -8.721541e-02 -3.285989e-01
 1.310844e-01 -2.911060e-02 -1.605966e-01
-3.953178e-01 -1.505184e-01 -1.433084e-01
 2.905207e-01  4.017476e-01 -2.560159e-01
 2.762626e-01  2.882594e-01 -2.129738e-01
 3.819531e-01  2.327638e-01 -2.161709e-01
 3.668729e-01 -4.216771e-01 -1.599246e-01
 2.661096e-01 -2.084687e-01 -1.682609e-01
-4.227487e-02  2.350872e-01 -2.827236e-01
 3.483093e-01 -1.395094e-01 -2.347605e-01
-1.829039e-01 -2.811169e-01 -1.636660e-01
 3.320841e-01  8.790219e-02  3.646685e-01
-3.974307e-01  2.943951e-01  2.526695e-01
-4.422650e-01 -9.255547e-02  1.160296e-01
 1.150454e-01 -1.003220e-01  2.676895e-01
-5.664900e-02  7.955125e-05  2.986342e-01
-4.116160e-02  3.568900e-02  2.232061e-01
-1.932293e-01  2.355122e-01  3.150071e-01
-7.405731e-02  2.159463e-01 -3.297033e-01
-3.506367e-02 -1.570896e-01  3.629024e-01
-3.205352e-02  5.472882e-02  3.636548e-01
-1.098783e-01  2.724581e-02  2.326874e-01
-2.492895e-01 -1.528949e-01  2.739684e-01
-4.328605e-01  2.208553e-01  4.095302e-01
-2.185041e-01  8.666506e-02  3.478498e-01
-4.082621e-01  1.392261e-01  4.298203e-01
 4.084885e-01 -1.057480e-01  4.205224e-01
 3.073135e-01  2.509974e-01  3.750808e-01
 1.889572e-01 -1.278010e-01 -3.264056e-01
 3.469746e-01  4.183385e-01 -3.288734e-01
-2.828199e-02 -8.382439e-03 -4.177406e-01
-1.552383e-01 -2.781038e-01 -3.456573e-01
 3.405043e-01 -6.940553e-03 -3.777734e-01
-2.676570e-01 -2.457021e-01 -3.837293e-01
 2.234745e-01 -3.428823e-01  3.833660e-01
-4.281118e-01  1.236227e-01 -3.373344e-01
 7.890593e-02  1.822313e-01  0
 1.642747e-01  2.339385e-01  0
 4.232442e-02  2.158285e-01  0
-2.039057e-01  4.428981e-01  0
-3.201276e-01  3.182258e-01  0
-3.317406e-01  2.950816e-01  0
-1.985596e-01  2.882740e-01  0
-1.485927e-01  1.178613e-01  0
-4.262982e-01  3.807566e-01  0
-2.754618e-01  3.768247e-01  0
-2.353796e-01  3.788221e-01  0
-3.308594e-01  3.385615e-01  0
-9.351563e-02  4.289921e-01  0
 1.990692e-01  3.322303e-01  0
-7.138756e-02 -4.114604e-01  0
-4.259382e-01 -2.420916e-01  0
-7.570687e-03  2.284891e-02  0
 1.077499e-01  5.178602e-02  0
-1.282925e-01 -3.178453e-01  0
-2.803177e-01 -3.651813e-01  0
 4.016819e-02  3.845008e-01 -1.743069e-01
 5.740019e-02 -3.754756e-01  0
 1.581878e-01  6.891492e-02  0
-7.299747e-02 -1.579198e-01  0
 3.227808e-01 -3.722593e-01  0
-4.756177e-02 -3.647449e-01  0
 3.650555e-01 -3.049563e-01  0
 2.385217e-01 -4.267269e-01  0
-1.608169e-01 -2.709619e-02  0
 2.799983e-01  1.467981e-01  0
 2.956391e-01 -2.082533e-01  0
-1.067485e-02 -7.251460e-02  0
 3.561787e-01 -7.340806e-02  0
 2.774482e-01 -7.927749e-02  0
 2.230198e-01 -4.636930e-02  0
 1.683416e-01 -6.116424e-02  1.618901e-01
-3.779428e-01  1.406295e-01  0
-1.219934e-01  2.786147e-01  0
-4.442458e-01  1.869743e-01  0
 1.926272e-01  7.106985e-02  3.151560e-01
 1.208033e-01  1.367306e-01 -1.122670e-01
-4.467383e-01 -3.970985e-02  0
-8.156997e-03  2.529901e-01  0
 3.024174e-01  2.054664e-01  0
-4.480029e-01  2.277638e-01  0
 3.301409e-01  3.280298e-01  0
-8.195272e-02  1.859215e-01  0
 3.322956e-01  1.633024e-01  0
-2.277625e-01  3.490045e-03  0