 715  90  1.200000e-05  71 -2 -2
 31  32  0  0  0  3  2.239688e-01  1.000000e-07
 31  30  0  0  0  3  1.873264e-01  1.000000e-07
 31  28  0  0  0  3  2.085900e-01  1.000000e-07
 31  29  0  0  0  3  1.517428e-01  1.000000e-07
 31  38  0  0  0  3  2.396004e-01  1.000000e-07
 31  44  0  0  1  3  4.635612e-01  1.000000e-07
 26  79  0  0  0  3  3.900459e-01  1.000000e-07
 26  39  0  0  0  3  3.277499e-01  1.000000e-07
 26  40  0  0  0  3  2.298516e-01  1.000000e-07
 26  52  0  0  0  3  2.772587e-01  1.000000e-07
 26  34  0  0  0  3  3.786552e-01  1.000000e-07
 26  33  0  0  0  3  1.809260e-01  1.000000e-07
 26  35  0  0  0  3  3.923010e-01  1.000000e-07
 26  36  0  0  1  3  4.459989e-01  1.000000e-07
 26  37  0  0  1  3  4.878648e-01  1.000000e-07
 79  32  0  1  0  3  3.456975e-01  1.000000e-07
 79  30  0  1  0  3  2.461831e-01  1.000000e-07
 79  45 -1  1  0  3  5.006009e-01  1.000000e-07
 39  34  1  0  0  3  4.125052e-01  1.000000e-07
 39  27  0  0  0  3  3.321059e-01  1.000000e-07
 39  41  1  0  0  3  4.019475e-01  1.000000e-07
 39  42  0  0  0  3  2.864293e-01  1.000000e-07
 39  14  0  0  1  3  3.769019e-01  1.000000e-07
 39  47  0  0  1  3  2.840725e-01  1.000000e-07
 39  21  0  0  1  3  2.415538e-01  1.000000e-07
 39  20  0  0  1  3  2.160626e-01  1.000000e-07
 32  30  0  0  0  3  2.019033e-01  1.000000e-07
 32  27  0 -1  0  3  4.853769e-01  1.000000e-07
 32  28  0  0  0  3  3.627108e-01  1.000000e-07
 32  45  0  0  0  3  4.457814e-01  1.000000e-07
 32  42  0  0  0  3  4.739405e-01  1.000000e-07
 32  49  0  0  1  3  5.284440e-01  1.000000e-07
 48  34  1  0  0  3  2.872297e-01  1.000000e-07
 48  41  1  0  0  3  1.841471e-01  1.000000e-07
 48  45  0  0  0  3  3.662001e-01  1.000000e-07
 48  29  1  0  0  3  3.757746e-01  1.000000e-07
 48  14  0  0  1  3  2.362831e-01  1.000000e-07
 48  47  0  0  1  3  3.798882e-01  1.000000e-07
 48  43  1  0  1  3  3.700528e-01  1.000000e-07
 40  42  0  0  0  3  1.583977e-01  1.000000e-07
 40  35  0  0  0  3  4.102728e-01  1.000000e-07
 40  22  0  0  1  3  3.795376e-01  1.000000e-07
 40  17  0  0  1  3  4.246001e-01  1.000000e-07
 40  15  0  0  1  3  4.685865e-01  1.000000e-07
 40  44  0  0  1  3  3.534911e-01  1.000000e-07
 40  47  0  0  1  3  3.983592e-01  1.000000e-07
 40  88  0  0  1  3  4.722154e-01  1.000000e-07
 52  34  0  0  0  3  4.004711e-01  1.000000e-07
 52  28  0  0  0  3  1.976860e-01  1.000000e-07
 52  33  0  0  0  3  2.380744e-01  1.000000e-07
 52  29  0  0  0  3  2.070392e-01  1.000000e-07
 30  34  0 -1  0  3  4.342008e-01  1.000000e-07
 30  45 -1  0  0  3  3.866545e-01  1.000000e-07
 30  29  0  0  0  3  2.024691e-01  1.000000e-07
 30  38  0  0  0  3  1.603325e-01  1.000000e-07
 30  35  0 -1  0  3  3.213336e-01  1.000000e-07
 30  37  0 -1  1  3  4.177541e-01  1.000000e-07
 34  27 -1  0  0  3  5.600780e-01  1.000000e-07
 34  35  0  0  0  3  4.856975e-01  1.000000e-07
 34  36  0  0  1  3  4.325816e-01  1.000000e-07
 34  20 -1  0  1  3  4.540305e-01  1.000000e-07
 27  33  0  0  0  3  2.389436e-01  1.000000e-07
 27  42  0  0  0  3  3.551262e-01  1.000000e-07
 28  33  0  0  0  3  3.038583e-01  1.000000e-07
 28  42  0  0  0  3  4.188836e-01  1.000000e-07
 28  38  0  0  0  3  2.530198e-01  1.000000e-07
 28  44  0  0  1  3  4.766121e-01  1.000000e-07
 28  43  0  0  1  3  3.868045e-01  1.000000e-07
 28  36  0  0  1  3  5.191038e-01  1.000000e-07
 33  45  0  0  0  3  4.559900e-01  1.000000e-07
 33  42  0  0  0  3  1.934215e-01  1.000000e-07
 33  44  0  0  1  3  4.093928e-01  1.000000e-07
 41  29  0  0  0  3  3.283046e-01  1.000000e-07
 41  14 -1  0  1  3  3.029244e-01  1.000000e-07
 41  17  0  0  1  3  3.881360e-01  1.000000e-07
 41  47 -1  0  1  3  3.694393e-01  1.000000e-07
 41  43  0  0  1  3  3.843653e-01  1.000000e-07
 41  37  0  0  1  3  3.438361e-01  1.000000e-07
 45  42  0  0  0  3  3.750323e-01  1.000000e-07
 45  19  0 -1  1  3  4.402409e-01  1.000000e-07
 29  38  0  0  0  3  1.894067e-01  1.000000e-07
 42  14  0  0  1  3  2.721668e-01  1.000000e-07
 42  44  0  0  1  3  2.847509e-01  1.000000e-07
 38  17  0  0  1  3  3.703447e-01  1.000000e-07
 38  43  0  0  1  3  2.549551e-01  1.000000e-07
 38  49  0  0  1  3  4.389193e-01  1.000000e-07
 38  36  0 -1  1  3  4.747214e-01  1.000000e-07
 38  37  0 -1  1  3  4.480488e-01  1.000000e-07
 35  23  0  1  1  3  2.671088e-01  1.000000e-07
 35  44  0  1  1  3  3.647555e-01  1.000000e-07
 35  19  0  0  1  3  1.812795e-01  1.000000e-07
 35  21  0  0  1  3  2.190803e-01  1.000000e-07
 35  37  0  0  1  3  3.718902e-01  1.000000e-07
 22  24  0  0  0  3  2.192213e-01  1.000000e-07
 22  18  0  0  0  3  1.895812e-01  1.000000e-07
 22  23  0  1  0  3  2.845363e-01  1.000000e-07
 22  25  0  0  0  3  1.659136e-01  1.000000e-07
 22  47  0  0  0  3  2.522241e-01  1.000000e-07
 22  49  1  1  0  3  5.394324e-01  1.000000e-07
 22  19  0  0  0  3  1.976216e-01  1.000000e-07
 22  21  0  0  0  3  1.544253e-01  1.000000e-07
 24  17  0  0  0  3  5.731867e-01  1.000000e-07
 24  49  0  1  0  3  4.879450e-01  1.000000e-07
 24  19  0  0  0  3  1.734043e-01  1.000000e-07
 24  36  0  0  0  3  2.483845e-01  1.000000e-07
 24  21  0  0  0  3  2.004388e-01  1.000000e-07
 24  16  0  1  0  3  4.741184e-01  1.000000e-07
 24  88  0  1  0  3  3.759361e-01  1.000000e-07
 24  51  0  1  0  3  4.484546e-01  1.000000e-07
 18  23  0  1  0  3  3.211065e-01  1.000000e-07
 18  25  0  0  0  3  1.334545e-01  1.000000e-07
 18  49  1  1  0  3  5.927489e-01  1.000000e-07
 18  21  0  0  0  3  2.564828e-01  1.000000e-07
 18  88  0  1  0  3  4.255125e-01  1.000000e-07
 14  15  0  0  0  3  2.767240e-01  1.000000e-07
 14  44  0  0  0  3  3.137162e-01  1.000000e-07
 14  47  0  0  0  3  2.786651e-01  1.000000e-07
 14  43  1  0  0  3  2.193259e-01  1.000000e-07
 14  46  1  0  0  3  3.303802e-01  1.000000e-07
 17  23  0  0  0  3  4.700625e-01  1.000000e-07
 17  47 -1  0  0  3  4.465620e-01  1.000000e-07
 17  37  0  0  0  3  4.090390e-01  1.000000e-07
 17  51  0  0  0  3  2.458416e-01  1.000000e-07
 17  46  0  0  0  3  2.069797e-01  1.000000e-07
 23  49  1  0  0  3  5.408231e-01  1.000000e-07
 23  19  0 -1  0  3  1.858017e-01  1.000000e-07
 23  88  0  0  0  3  2.607557e-01  1.000000e-07
 23  20  0 -1  0  3  3.413862e-01  1.000000e-07
 25  47  0  0  0  3  2.897897e-01  1.000000e-07
 25  36  0  0  0  3  4.387226e-01  1.000000e-07
 25  21  0  0  0  3  2.869871e-01  1.000000e-07
 25  16  1  1  0  3  6.074081e-01  1.000000e-07
 15  43  1  0  0  3  3.471916e-01  1.000000e-07
 15  88  0  0  0  3  2.676910e-01  1.000000e-07
 44  43  1  0  0  3  3.991424e-01  1.000000e-07
 44  88  0  0  0  3  2.440481e-01  1.000000e-07
 47  20  0  0  0  3  1.716181e-01  1.000000e-07
 43  23 -1  0  0  3  4.692402e-01  1.000000e-07
 43  20 -1 -1  0  3  4.844838e-01  1.000000e-07
 49  15 -1  0  0  3  3.739768e-01  1.000000e-07
 49  20 -1 -1  0  3  4.924224e-01  1.000000e-07
 49  46  0  0  0  3  1.803328e-01  1.000000e-07
 19  36  0  0  0  3  2.218159e-01  1.000000e-07
 19  21  0  0  0  3  8.055376e-02  1.000000e-07
 19  20  0  0  0  3  2.843192e-01  1.000000e-07
 36  21  0  0  0  3  2.433929e-01  1.000000e-07
 36  16  0  1  0  3  4.778339e-01  1.000000e-07
 36  37  0  0  0  3  1.959687e-01  1.000000e-07
 36  51  0  0  0  3  5.755728e-01  1.000000e-07
 36  46  0  0  0  3  5.689314e-01  1.000000e-07
 21  20  0  0  0  3  2.356582e-01  1.000000e-07
 16  51  0  0  0  3  2.559021e-01  1.000000e-07
 16  46  0  0  0  3  1.905947e-01  1.000000e-07
 88  51  0  0  0  3  2.049348e-01  1.000000e-07
 20  37  1  0  0  3  3.398978e-01  1.000000e-07
 37  46  0  0  0  3  5.024259e-01  1.000000e-07
 48  54  0  0  0  3  4.022891e-01  1.000000e-07
 59  25  0  0  0  3  1.986343e-01  1.000000e-07
 52  50  0  0  0  3  1.770810e-01  1.000000e-07
 84  46  0  0  0  3  2.494231e-01  1.000000e-07
 79  56  0  0  0  3  2.999779e-01  1.000000e-07
 74  51  0  0  0  3  3.559864e-01  1.000000e-07
 27  77  0  0  0  3  1.667346e-01  1.000000e-07
 55  25  0  0  0  3  1.848992e-01  1.000000e-07
 52  69  0  0  0  3  1.787337e-01  1.000000e-07
 12  88  0  0  0  3  2.303573e-01  1.000000e-07
 31  67  0 -1  0  3  3.657181e-01  1.000000e-07
 76  18  0  0  0  3  2.395539e-01  1.000000e-07
 33  69  0  0  0  3  2.638950e-01  1.000000e-07
 89  88  0  0  0  3  2.043864e-01  1.000000e-07
 48  66  0  0  0  3  3.391216e-01  1.000000e-07
 65  15  0  0  0  3  1.902815e-01  1.000000e-07
 27  71  0  0  0  3  2.527385e-01  1.000000e-07
 11  51  0  0  0  3  2.525685e-01  1.000000e-07
 52  84  0  0  0  3  2.184187e-01  1.000000e-07
 78  16  0  0  0  3  1.780382e-01  1.000000e-07
 41  50  0  0  0  3  3.653014e-01  1.000000e-07
 61  46  0  0  0  3  2.192300e-01  1.000000e-07
 31  78  0  0  0  3  2.666711e-01  1.000000e-07
 84  16  0  0  0  3  1.358595e-01  1.000000e-07
 32  67  0 -1  0  3  4.335330e-01  1.000000e-07
 76  18  0  0  0  3  1.758570e-01  1.000000e-07
 29  78  0  0  0  3  2.162008e-01  1.000000e-07
 84  16  0  0  0  3  1.249292e-01  1.000000e-07
 52  13  0  0  0  3  1.506610e-01  1.000000e-07
 11  51  0  0  0  3  1.509662e-01  1.000000e-07
 33  65  0  0  0  3  2.819825e-01  1.000000e-07
 86  15  0  0  0  3  2.141180e-01  1.000000e-07
 27  77  0  0  0  3  1.709183e-01  1.000000e-07
 55  18  0  0  0  3  1.786419e-01  1.000000e-07
 45  85  0  0  0  3  4.026286e-01  1.000000e-07
 2  88  0  0  0  3  2.202982e-01  1.000000e-07
 79  10  0  1  0  3  1.936159e-01  1.000000e-07
 80  16  0  0  0  3  1.869088e-01  1.000000e-07
 79  53  0  0  0  3  2.668639e-01  1.000000e-07
 75  25 -1  0  0  3  3.514275e-01  1.000000e-07
 29  78  0  0  0  3  2.123149e-01  1.000000e-07
 84  46  0  0  0  3  2.119964e-01  1.000000e-07
 31  84  0  0  0  3  2.394853e-01  1.000000e-07
 78  51  0  0  0  3  1.499852e-01  1.000000e-07
 45  80  1  0  0  3  3.844279e-01  1.000000e-07
 60  49  0  0  0  3  2.168858e-01  1.000000e-07
 79  75  0  0  0  3  1.592155e-01  1.000000e-07
 53  47 -1  0  0  3  4.616057e-01  1.000000e-07
 27  63  0  0  0  3  2.223740e-01  1.000000e-07
 54  15  0  0  0  3  2.802325e-01  1.000000e-07
 49  75  0 -1  0  3  2.654486e-01  1.000000e-07
 6  79  0  0  0  3  1.686590e-01  1.000000e-07
 29  80  0  0  0  3  2.966302e-01  1.000000e-07
 50  15 -1  0  0  3  2.657078e-01  1.000000e-07
 85  0  0  0  0  2  2.063046e-01  2.000000e-07
 85  12  0  0  0  2  2.818606e-01  2.000000e-07
 85  83  0  0  0  2  1.288089e-01  2.000000e-07
 85  86  0  0  0  2  1.962829e-01  2.000000e-07
 85  69  0  0  0  2  2.199580e-01  2.000000e-07
 85  87  0  0  0  2  2.354679e-01  2.000000e-07
 85  65  0  0  0  2  2.497864e-01  2.000000e-07
 85  4  0  0  0  2  1.152229e-01  2.000000e-07
 85  89  0  0  0  2  1.743479e-01  2.000000e-07
 85  2  0  0  0  2  8.315702e-02  2.000000e-07
 3  81  0  0  0  2  2.902593e-01  2.000000e-07
 3  1  0  0  0  2  7.297236e-02  2.000000e-07
 3  71  0  0  0  2  2.565314e-01  2.000000e-07
 3  72  0  0  0  2  1.325008e-01  2.000000e-07
 3  4  0  0  0  2  1.500320e-01  2.000000e-07
 3  89  0  0  0  2  1.282507e-01  2.000000e-07
 3  70  0  0  0  2  1.607007e-01  2.000000e-07
 3  73  0 -1  0  2  3.009980e-01  2.000000e-07
 3  68  0  0  0  2  3.776697e-01  2.000000e-07
 3  82  0  0  0  2  8.844538e-02  2.000000e-07
 0  81  0  0  0  2  9.439568e-02  2.000000e-07
 0  80  1  0  0  2  2.364973e-01  2.000000e-07
 0  60  1  0  0  2  2.396434e-01  2.000000e-07
 0  83  0  0  0  2  1.397952e-01  2.000000e-07
 0  86  0  0  0  2  1.814469e-01  2.000000e-07
 0  61  1  0  0  2  4.699560e-01  2.000000e-07
 0  62  0 -1  0  2  3.208360e-01  2.000000e-07
 0  65  0  0  0  2  2.322329e-01  2.000000e-07
 0  84  1  0  0  2  4.113414e-01  2.000000e-07
 0  66  0  0  0  2  2.521981e-01  2.000000e-07
 0  68  0  0  0  2  9.044170e-02  2.000000e-07
 0  82  0  0  0  2  3.102025e-01  2.000000e-07
 81  80  1  0  0  2  2.145863e-01  2.000000e-07
 81  83  0  0  0  2  9.522899e-02  2.000000e-07
 81  62  0 -1  0  2  2.316570e-01  2.000000e-07
 81  64  0 -1  0  2  1.836151e-01  2.000000e-07
 81  71  0  0  0  2  4.656567e-01  2.000000e-07
 81  4  0  0  0  2  1.646890e-01  2.000000e-07
 81  10  1  0  0  2  3.096466e-01  2.000000e-07
 81  8  0 -1  0  2  3.392405e-01  2.000000e-07
 81  9  0 -1  0  2  2.832581e-01  2.000000e-07
 81  73  0 -1  0  2  2.178595e-01  2.000000e-07
 81  68  0  0  0  2  1.688225e-01  2.000000e-07
 81  82  0  0  0  2  2.765044e-01  2.000000e-07
 12  86  0  0  0  2  3.100963e-01  2.000000e-07
 12  61  0  0  0  2  2.514628e-01  2.000000e-07
 12  69  0  0  0  2  6.538330e-02  2.000000e-07
 12  57  0  0  0  2  2.481030e-01  2.000000e-07
 12  63  0  0  0  2  3.841368e-01  2.000000e-07
 12  87  0  0  0  2  2.623921e-01  2.000000e-07
 12  11  0  0  0  2  6.910062e-02  2.000000e-07
 12  89  0  0  0  2  1.194086e-01  2.000000e-07
 53  13  0  0  0  2  3.306358e-01  2.000000e-07
 53  60  0  1  0  2  3.850501e-01  2.000000e-07
 53  74  0  0  0  2  5.927361e-02  2.000000e-07
 53  61  0  0  0  2  2.070949e-01  2.000000e-07
 53  59 -1  0  0  2  4.018961e-01  2.000000e-07
 53  56  0  0  0  2  5.331575e-02  2.000000e-07
 53  62 -1  0  0  2  3.421051e-01  2.000000e-07
 53  57  0  0  0  2  3.288020e-01  2.000000e-07
 53  64 -1  0  0  2  4.913754e-01  2.000000e-07
 53  87  0  1  0  2  4.774391e-01  2.000000e-07
 53  5 -1  0  0  2  2.765458e-01  2.000000e-07
 53  76  0  0  0  2  3.383274e-01  2.000000e-07
 53  11  0  0  0  2  3.365878e-01  2.000000e-07
 53  50  0  0  0  2  3.214963e-01  2.000000e-07
 53  58 -1  0  0  2  4.605372e-01  2.000000e-07
 53  72  0  1  0  2  4.575476e-01  2.000000e-07
 53  10  0  1  0  2  3.661552e-01  2.000000e-07
 53  66 -1  0  0  2  3.975108e-01  2.000000e-07
 53  67  0  0  0  2  3.905478e-01  2.000000e-07
 53  9 -1  0  0  2  3.873346e-01  2.000000e-07
 13  74  0  0  0  2  3.360842e-01  2.000000e-07
 13  56  0  0  0  2  2.782922e-01  2.000000e-07
 13  57  0  0  0  2  2.931633e-01  2.000000e-07
 13  71  0  0  0  2  1.632001e-01  2.000000e-07
 13  84  0  0  0  2  1.471870e-01  2.000000e-07
 13  11  0  0  0  2  6.239927e-02  2.000000e-07
 13  50  0  0  0  2  1.104734e-01  2.000000e-07
 13  58  0  0  0  2  5.488253e-01  2.000000e-07
 13  77  0  0  0  2  4.501112e-01  2.000000e-07
 13  78  0  0  0  2  1.915165e-01  2.000000e-07
 13  89  0  0  0  2  2.060863e-01  2.000000e-07
 13  70  0  0  0  2  3.075352e-01  2.000000e-07
 13  68 -1  0  0  2  4.285882e-01  2.000000e-07
 80  60  0  0  0  2  3.115123e-02  2.000000e-07
 80  62 -1 -1  0  2  2.433594e-01  2.000000e-07
 80  75  0 -1  0  2  2.033234e-01  2.000000e-07
 80  84  0  0  0  2  2.769201e-01  2.000000e-07
 80  10  0  0  0  2  9.511475e-02  2.000000e-07
 80  78  0  0  0  2  2.362872e-01  2.000000e-07
 80  9 -1 -1  0  2  3.407257e-01  2.000000e-07
 80  68 -1  0  0  2  2.174359e-01  2.000000e-07
 60  83 -1  0  0  2  2.983985e-01  2.000000e-07
 60  86 -1  0  0  2  4.156024e-01  2.000000e-07
 60  61  0  0  0  2  4.770459e-01  2.000000e-07
 60  62 -1 -1  0  2  2.125683e-01  2.000000e-07
 60  64 -1 -1  0  2  2.951429e-01  2.000000e-07
 60  87  0  0  0  2  3.858971e-01  2.000000e-07
 60  5 -1 -1  0  2  4.054541e-01  2.000000e-07
 60  75  0 -1  0  2  1.983033e-01  2.000000e-07
 60  76  0 -1  0  2  5.421825e-01  2.000000e-07
 60  84  0  0  0  2  3.066563e-01  2.000000e-07
 60  50  0  0  0  2  3.738001e-01  2.000000e-07
 60  4 -1  0  0  2  3.609868e-01  2.000000e-07
 60  10  0  0  0  2  1.093605e-01  2.000000e-07
 60  66 -1  0  0  2  4.252283e-01  2.000000e-07
 60  67  0 -1  0  2  5.246220e-01  2.000000e-07
 60  78  0  0  0  2  2.653748e-01  2.000000e-07
 60  68 -1  0  0  2  2.321074e-01  2.000000e-07
 54  59  0  0  0  2  4.422929e-02  2.000000e-07
 54  55  0  0  0  2  2.106961e-01  2.000000e-07
 54  62  0  0  0  2  2.902789e-01  2.000000e-07
 54  63  0  0  0  2  7.998454e-02  2.000000e-07
 54  65  0  0  0  2  2.256581e-01  2.000000e-07
 54  5  0  0  0  2  1.687567e-01  2.000000e-07
 54  71  0  0  0  2  3.481863e-01  2.000000e-07
 54  8  0  0  0  2  1.745352e-01  2.000000e-07
 54  77  0  0  0  2  2.086372e-01  2.000000e-07
 54  9  0  0  0  2  1.998292e-01  2.000000e-07
 74  59 -1  0  0  2  4.590256e-01  2.000000e-07
 74  56  0  0  0  2  7.261366e-02  2.000000e-07
 74  57  0  0  0  2  2.839936e-01  2.000000e-07
 74  6  0  0  0  2  1.930000e-01  2.000000e-07
 74  71  0  0  0  2  3.931397e-01  2.000000e-07
 74  75  0  0  0  2  2.230174e-01  2.000000e-07
 74  50  0  0  0  2  3.459299e-01  2.000000e-07
 74  58 -1  0  0  2  5.123106e-01  2.000000e-07
 74  7  0  0  0  2  2.111095e-01  2.000000e-07
 74  10  0  1  0  2  3.545446e-01  2.000000e-07
 74  77  0  0  0  2  3.407203e-01  2.000000e-07
 74  9 -1  0  0  2  4.332011e-01  2.000000e-07
 74  68 -1  0  0  2  5.732514e-01  2.000000e-07
 83  86  0  0  0  2  2.445599e-01  2.000000e-07
 83  55  0 -1  0  2  3.655811e-01  2.000000e-07
 83  62  0 -1  0  2  2.759036e-01  2.000000e-07
 83  64  0 -1  0  2  1.705026e-01  2.000000e-07
 83  4  0  0  0  2  7.343695e-02  2.000000e-07
 83  8  0 -1  0  2  3.114524e-01  2.000000e-07
 83  67  0 -1  0  2  3.009650e-01  2.000000e-07
 83  9  0 -1  0  2  2.963726e-01  2.000000e-07
 83  2  0  0  0  2  8.584031e-02  2.000000e-07
 83  82  0  0  0  2  1.823607e-01  2.000000e-07
 86  69  0  0  0  2  2.776635e-01  2.000000e-07
 86  57  0  0  0  2  3.582995e-01  2.000000e-07
 86  63  0  0  0  2  2.127094e-01  2.000000e-07
 86  65  0  0  0  2  5.963510e-02  2.000000e-07
 86  4  0  0  0  2  2.841581e-01  2.000000e-07
 86  66  0  0  0  2  1.677648e-01  2.000000e-07
 86  89  0  0  0  2  2.672460e-01  2.000000e-07
 86  68  0  0  0  2  1.984639e-01  2.000000e-07
 61  69  0  0  0  2  3.073472e-01  2.000000e-07
 61  59 -1  0  0  2  4.479595e-01  2.000000e-07
 61  56  0  0  0  2  1.618001e-01  2.000000e-07
 61  62 -1  0  0  2  4.975926e-01  2.000000e-07
 61  57  0  0  0  2  3.246964e-01  2.000000e-07
 61  87  0  0  0  2  4.221073e-01  2.000000e-07
 61  65 -1  0  0  2  4.694912e-01  2.000000e-07
 61  5 -1  0  0  2  3.397151e-01  2.000000e-07
 61  71  0  0  0  2  2.851315e-01  2.000000e-07
 61  76  0  0  0  2  4.306147e-01  2.000000e-07
 61  84  0  0  0  2  2.296472e-01  2.000000e-07
 61  11  0  0  0  2  1.829804e-01  2.000000e-07
 61  50  0  0  0  2  1.146821e-01  2.000000e-07
 61  7  0  0  0  2  3.614058e-01  2.000000e-07
 61  66 -1  0  0  2  3.318621e-01  2.000000e-07
 69  57  0  0  0  2  2.971790e-01  2.000000e-07
 69  63  0  0  0  2  3.879092e-01  2.000000e-07
 69  87  0  0  0  2  2.118601e-01  2.000000e-07
 69  65  0  0  0  2  2.922566e-01  2.000000e-07
 69  71  0  0  0  2  8.611347e-02  2.000000e-07
 69  76  0  0  0  2  4.755488e-01  2.000000e-07
 69  84  0  0  0  2  2.265949e-01  2.000000e-07
 69  7  0  0  0  2  4.365125e-01  2.000000e-07
 69  67  0 -1  0  2  4.419625e-01  2.000000e-07
 69  2  0  0  0  2  2.887097e-01  2.000000e-07
 69  82  0  0  0  2  2.668936e-01  2.000000e-07
 59  56  1  0  0  2  4.282844e-01  2.000000e-07
 59  62  0  0  0  2  2.577049e-01  2.000000e-07
 59  65  0  0  0  2  2.436903e-01  2.000000e-07
 59  5  0  0  0  2  1.254151e-01  2.000000e-07
 59  71  0  0  0  2  3.896867e-01  2.000000e-07
 59  84  1  0  0  2  5.979096e-01  2.000000e-07
 59  50  1  0  0  2  5.010470e-01  2.000000e-07
 59  58  0  0  0  2  1.223435e-01  2.000000e-07
 59  66  0  0  0  2  2.215215e-01  2.000000e-07
 59  8  0  0  0  2  1.814834e-01  2.000000e-07
 59  77  0  0  0  2  2.362752e-01  2.000000e-07
 59  9  0  0  0  2  1.744666e-01  2.000000e-07
 59  89  0  0  0  2  4.814287e-01  2.000000e-07
 59  68  0  0  0  2  4.177498e-01  2.000000e-07
 55  62  0  0  0  2  3.312199e-01  2.000000e-07
 55  57  0  0  0  2  1.721932e-01  2.000000e-07
 55  63  0  0  0  2  2.833441e-01  2.000000e-07
 55  65  0  0  0  2  3.960991e-01  2.000000e-07
 55  5  0  0  0  2  3.450514e-01  2.000000e-07
 55  71  0  0  0  2  3.771886e-01  2.000000e-07
 55  76  0  0  0  2  8.056609e-02  2.000000e-07
 55  7  0  0  0  2  1.378407e-01  2.000000e-07
 55  8  0  0  0  2  1.016823e-01  2.000000e-07
 55  77  0  0  0  2  1.282786e-02  2.000000e-07
 55  67  0  0  0  2  1.292013e-01  2.000000e-07
 56  62 -1  0  0  2  3.913885e-01  2.000000e-07
 56  65 -1  0  0  2  5.305253e-01  2.000000e-07
 56  5 -1  0  0  2  3.035095e-01  2.000000e-07
 56  71  0  0  0  2  3.595169e-01  2.000000e-07
 56  75  0  0  0  2  2.870904e-01  2.000000e-07
 56  76  0  0  0  2  3.275306e-01  2.000000e-07
 56  84  0  0  0  2  3.890207e-01  2.000000e-07
 56  50  0  0  0  2  2.763335e-01  2.000000e-07
 56  7  0  0  0  2  2.560914e-01  2.000000e-07
 56  9 -1  0  0  2  4.305342e-01  2.000000e-07
 56  68 -1  0  0  2  5.033358e-01  2.000000e-07
 62  63  0  0  0  2  3.451937e-01  2.000000e-07
 62  64  0  0  0  2  1.514371e-01  2.000000e-07
 62  5  0  0  0  2  2.213673e-01  2.000000e-07
 62  75  1  0  0  2  3.018176e-01  2.000000e-07
 62  76  1  0  0  2  6.172293e-01  2.000000e-07
 62  8  0  0  0  2  2.299847e-01  2.000000e-07
 62  67  0  0  0  2  3.700705e-01  2.000000e-07
 62  9  0  0  0  2  9.990401e-02  2.000000e-07
 62  2  0  1  0  2  3.323874e-01  2.000000e-07
 57  63  0  0  0  2  2.744853e-01  2.000000e-07
 57  64  0  0  0  2  4.038895e-01  2.000000e-07
 57  87  0  1  0  2  5.109223e-01  2.000000e-07
 57  6  0  0  0  2  3.641585e-01  2.000000e-07
 57  5  0  0  0  2  4.088263e-01  2.000000e-07
 57  76  0  0  0  2  1.791184e-01  2.000000e-07
 57  11  0  0  0  2  2.391419e-01  2.000000e-07
 57  58  0  0  0  2  2.628843e-01  2.000000e-07
 57  72  0  1  0  2  4.574798e-01  2.000000e-07
 57  66  0  0  0  2  4.104505e-01  2.000000e-07
 57  77  0  0  0  2  1.593734e-01  2.000000e-07
 57  67  0  0  0  2  2.690794e-01  2.000000e-07
 57  89  0  0  0  2  3.454147e-01  2.000000e-07
 63  64  0  0  0  2  3.763810e-01  2.000000e-07
 63  65  0  0  0  2  1.534570e-01  2.000000e-07
 63  5  0  0  0  2  1.716635e-01  2.000000e-07
 63  58  0  0  0  2  2.018498e-01  2.000000e-07
 63  66  0  0  0  2  1.538819e-01  2.000000e-07
 64  1  0  1  0  2  2.826024e-01  2.000000e-07
 64  5  0  0  0  2  3.159880e-01  2.000000e-07
 64  58  0  0  0  2  1.809842e-01  2.000000e-07
 64  72  0  1  0  2  3.373428e-01  2.000000e-07
 64  4  0  1  0  2  1.643489e-01  2.000000e-07
 64  10  1  1  0  2  4.011800e-01  2.000000e-07
 64  67  0  0  0  2  2.336061e-01  2.000000e-07
 64  9  0  0  0  2  1.310898e-01  2.000000e-07
 64  73  0  0  0  2  4.128131e-02  2.000000e-07
 64  2  0  1  0  2  1.983632e-01  2.000000e-07
 64  68  0  1  0  2  3.520484e-01  2.000000e-07
 1  87  0  0  0  2  1.169395e-01  2.000000e-07
 1  72  0  0  0  2  7.621535e-02  2.000000e-07
 1  4  0  0  0  2  1.481801e-01  2.000000e-07
 1  89  0  0  0  2  1.848116e-01  2.000000e-07
 1  70  0  0  0  2  1.226553e-01  2.000000e-07
 1  73  0 -1  0  2  2.660897e-01  2.000000e-07
 1  82  0  0  0  2  3.934722e-02  2.000000e-07
 87  80  0  0  0  2  3.669295e-01  2.000000e-07
 87  75  0 -1  0  2  2.802868e-01  2.000000e-07
 87  84  0  0  0  2  2.171947e-01  2.000000e-07
 87  11  0  0  0  2  3.001256e-01  2.000000e-07
 87  50  0  0  0  2  3.250369e-01  2.000000e-07
 87  72  0  0  0  2  6.233470e-02  2.000000e-07
 87  4  0  0  0  2  2.647082e-01  2.000000e-07
 87  67  0 -1  0  2  2.623220e-01  2.000000e-07
 87  78  0  0  0  2  2.087945e-01  2.000000e-07
 87  89  0  0  0  2  1.718607e-01  2.000000e-07
 87  2  0  0  0  2  2.424567e-01  2.000000e-07
 6  75  0  0  0  2  9.627041e-02  2.000000e-07
 6  58  0  0  0  2  4.695755e-01  2.000000e-07
 6  72  0  1  0  2  2.309086e-01  2.000000e-07
 6  7  0  0  0  2  2.200790e-01  2.000000e-07
 6  10  0  1  0  2  2.116977e-01  2.000000e-07
 6  77  0  0  0  2  3.292097e-01  2.000000e-07
 6  70  0  1  0  2  2.202123e-01  2.000000e-07
 6  73  0  0  0  2  4.347505e-01  2.000000e-07
 6  82  0  1  0  2  3.167053e-01  2.000000e-07
 65  81  0  0  0  2  3.173844e-01  2.000000e-07
 65  5  0  0  0  2  3.024756e-01  2.000000e-07
 65  71  0  0  0  2  2.648409e-01  2.000000e-07
 65  84  1  0  0  2  5.215654e-01  2.000000e-07
 65  66  0  0  0  2  1.385937e-01  2.000000e-07
 65  68  0  0  0  2  2.314585e-01  2.000000e-07
 65  82  0  0  0  2  3.846265e-01  2.000000e-07
 5  58  0  0  0  2  2.063184e-01  2.000000e-07
 5  66  0  0  0  2  2.167558e-01  2.000000e-07
 5  67  0  0  0  2  4.461504e-01  2.000000e-07
 71  85  0  0  0  2  2.728281e-01  2.000000e-07
 71  76  0  0  0  2  3.897840e-01  2.000000e-07
 71  84  0  0  0  2  2.745444e-01  2.000000e-07
 71  58  0  0  0  2  4.276229e-01  2.000000e-07
 71  7  0  0  0  2  3.528334e-01  2.000000e-07
 71  77  0  0  0  2  3.647192e-01  2.000000e-07
 71  89  0  0  0  2  1.353080e-01  2.000000e-07
 71  70  0  0  0  2  3.220176e-01  2.000000e-07
 71  68  0  0  0  2  4.618757e-01  2.000000e-07
 71  82  0  0  0  2  3.441782e-01  2.000000e-07
 75  76  0  0  0  2  3.455735e-01  2.000000e-07
 75  84  0  1  0  2  3.300398e-01  2.000000e-07
 75  7  0  0  0  2  3.105165e-01  2.000000e-07
 75  10  0  1  0  2  1.336620e-01  2.000000e-07
 75  67  0  0  0  2  3.378222e-01  2.000000e-07
 75  9 -1  0  0  2  3.936032e-01  2.000000e-07
 75  70  0  1  0  2  2.590028e-01  2.000000e-07
 75  82  0  1  0  2  3.860081e-01  2.000000e-07
 76  7  0  0  0  2  7.179215e-02  2.000000e-07
 76  8  0  0  0  2  1.743115e-01  2.000000e-07
 76  77  0  0  0  2  7.927061e-02  2.000000e-07
 76  67  0  0  0  2  9.096409e-02  2.000000e-07
 76  82  0  1  0  2  2.795744e-01  2.000000e-07
 84  67  0 -1  0  2  4.715565e-01  2.000000e-07
 84  78  0  0  0  2  4.440628e-02  2.000000e-07
 84  70  0  0  0  2  2.269597e-01  2.000000e-07
 84  68 -1  0  0  2  3.329070e-01  2.000000e-07
 84  82  0  0  0  2  3.642685e-01  2.000000e-07
 11  50  0  0  0  2  1.716345e-01  2.000000e-07
 11  78  0  0  0  2  2.433675e-01  2.000000e-07
 11  89  0  0  0  2  1.818321e-01  2.000000e-07
 50  66 -1  0  0  2  3.374959e-01  2.000000e-07
 50  78  0  0  0  2  1.529889e-01  2.000000e-07
 50  89  0  0  0  2  2.951558e-01  2.000000e-07
 50  68 -1  0  0  2  3.206504e-01  2.000000e-07
 58  72  0  1  0  2  4.233009e-01  2.000000e-07
 58  8  0  0  0  2  6.159618e-02  2.000000e-07
 58  77  0  0  0  2  1.504692e-01  2.000000e-07
 58  9  0  0  0  2  1.097978e-01  2.000000e-07
 58  89  0  0  0  2  5.408512e-01  2.000000e-07
 58  73  0  0  0  2  1.594695e-01  2.000000e-07
 58  68  0  0  0  2  5.384659e-01  2.000000e-07
 72  4  0  0  0  2  2.205245e-01  2.000000e-07
 72  10  0  0  0  2  3.108935e-01  2.000000e-07
 72  77  0 -1  0  2  3.388150e-01  2.000000e-07
 72  67  0 -1  0  2  2.020603e-01  2.000000e-07
 72  78  0  0  0  2  2.682783e-01  2.000000e-07
 72  89  0  0  0  2  2.046572e-01  2.000000e-07
 72  70  0  0  0  2  5.499538e-02  2.000000e-07
 72  73  0 -1  0  2  3.140315e-01  2.000000e-07
 7  77  0  0  0  2  1.310876e-01  2.000000e-07
 7  67  0  0  0  2  1.494322e-01  2.000000e-07
 7  82  0  1  0  2  3.310317e-01  2.000000e-07
 4  66  0  0  0  2  4.269103e-01  2.000000e-07
 4  67  0 -1  0  2  2.345183e-01  2.000000e-07
 4  89  0  0  0  2  2.712776e-01  2.000000e-07
 4  73  0 -1  0  2  1.669483e-01  2.000000e-07
 4  2  0  0  0  2  3.402381e-02  2.000000e-07
 4  68  0  0  0  2  3.015251e-01  2.000000e-07
 10  78  0  0  0  2  1.874607e-01  2.000000e-07
 10  9 -1 -1  0  2  3.990393e-01  2.000000e-07
 10  70  0  0  0  2  2.641897e-01  2.000000e-07
 10  73 -1 -1  0  2  4.418338e-01  2.000000e-07
 10  68 -1  0  0  2  2.936741e-01  2.000000e-07
 66  89  0  0  0  2  4.292697e-01  2.000000e-07
 66  68  0  0  0  2  1.993104e-01  2.000000e-07
 8  77  0  0  0  2  1.110565e-01  2.000000e-07
 8  67  0  0  0  2  1.797134e-01  2.000000e-07
 8  9  0  0  0  2  1.370894e-01  2.000000e-07
 8  73  0  0  0  2  1.235375e-01  2.000000e-07
 77  70  0  1  0  2  3.823353e-01  2.000000e-07
 77  73  0  0  0  2  2.098435e-01  2.000000e-07
 77  82  0  1  0  2  3.142264e-01  2.000000e-07
 67  2  0  1  0  2  2.478874e-01  2.000000e-07
 67  82  0  1  0  2  1.887004e-01  2.000000e-07
 78  89  0  0  0  2  2.622686e-01  2.000000e-07
 78  70  0  0  0  2  2.139160e-01  2.000000e-07
 78  68 -1  0  0  2  3.147655e-01  2.000000e-07
 9  73  0  0  0  2  1.373318e-01  2.000000e-07
 89  70  0  0  0  2  1.962819e-01  2.000000e-07
 89  68  0  0  0  2  4.292704e-01  2.000000e-07
 70  73  0 -1  0  2  3.689542e-01  2.000000e-07
 70  82  0  0  0  2  1.586595e-01  2.000000e-07
 73  82  0  1  0  2  2.278106e-01  2.000000e-07
 82  85  0  0  0  2  1.359643e-01  2.000000e-07
 82  8  0 -1  0  2  3.041316e-01  2.000000e-07
 82  2  0  0  0  2  9.830493e-02  2.000000e-07
 85  3  0  0  0  1  9.100460e-02  3.000000e-07
 85  0  0  0  0  1  2.063046e-01  3.000000e-07
 85  83  0  0  0  1  1.288089e-01  3.000000e-07
 85  86  0  0  0  1  1.962829e-01  3.000000e-07
 85  89  0  0  0  1  1.743479e-01  3.000000e-07
 85  2  0  0  0  1  8.315702e-02  3.000000e-07
 3  1  0  0  0  1  7.297236e-02  3.000000e-07
 3  87  0  0  0  1  1.444945e-01  3.000000e-07
 3  2  0  0  0  1  1.188479e-01  3.000000e-07
 0  81  0  0  0  1  9.439568e-02  3.000000e-07
 0  83  0  0  0  1  1.397952e-01  3.000000e-07
 0  86  0  0  0  1  1.814469e-01  3.000000e-07
 0  68  0  0  0  1  9.044170e-02  3.000000e-07
 81  80  1  0  0  1  2.145863e-01  3.000000e-07
 81  60  1  0  0  1  2.052447e-01  3.000000e-07
 81  83  0  0  0  1  9.522899e-02  3.000000e-07
 81  64  0 -1  0  1  1.836151e-01  3.000000e-07
 81  68  0  0  0  1  1.688225e-01  3.000000e-07
 12  13  0  0  0  1  1.163079e-01  3.000000e-07
 12  69  0  0  0  1  6.538330e-02  3.000000e-07
 12  71  0  0  0  1  5.441576e-02  3.000000e-07
 12  11  0  0  0  1  6.910062e-02  3.000000e-07
 53  74  0  0  0  1  5.927361e-02  3.000000e-07
 53  56  0  0  0  1  5.331575e-02  3.000000e-07
 53  62 -1  0  0  1  3.421051e-01  3.000000e-07
 53  5 -1  0  0  1  2.765458e-01  3.000000e-07
 53  75  0  0  0  1  2.418942e-01  3.000000e-07
 13  61  0  0  0  1  1.473642e-01  3.000000e-07
 13  69  0  0  0  1  1.630543e-01  3.000000e-07
 13  84  0  0  0  1  1.471870e-01  3.000000e-07
 13  50  0  0  0  1  1.104734e-01  3.000000e-07
 80  10  0  0  0  1  9.511475e-02  3.000000e-07
 80  78  0  0  0  1  2.362872e-01  3.000000e-07
 80  68 -1  0  0  1  2.174359e-01  3.000000e-07
 60  62 -1 -1  0  1  2.125683e-01  3.000000e-07
 60  75  0 -1  0  1  1.983033e-01  3.000000e-07
 60  10  0  0  0  1  1.093605e-01  3.000000e-07
 54  57  0  0  0  1  2.404832e-01  3.000000e-07
 54  63  0  0  0  1  7.998454e-02  3.000000e-07
 54  58  0  0  0  1  1.231177e-01  3.000000e-07
 54  77  0  0  0  1  2.086372e-01  3.000000e-07
 74  56  0  0  0  1  7.261366e-02  3.000000e-07
 74  57  0  0  0  1  2.839936e-01  3.000000e-07
 74  6  0  0  0  1  1.930000e-01  3.000000e-07
 74  7  0  0  0  1  2.111095e-01  3.000000e-07
 83  4  0  0  0  1  7.343695e-02  3.000000e-07
 86  65  0  0  0  1  5.963510e-02  3.000000e-07
 86  71  0  0  0  1  2.683667e-01  3.000000e-07
 86  89  0  0  0  1  2.672460e-01  3.000000e-07
 86  68  0  0  0  1  1.984639e-01  3.000000e-07
 61  56  0  0  0  1  1.618001e-01  3.000000e-07
 61  5 -1  0  0  1  3.397151e-01  3.000000e-07
 61  11  0  0  0  1  1.829804e-01  3.000000e-07
 61  50  0  0  0  1  1.146821e-01  3.000000e-07
 61  66 -1  0  0  1  3.318621e-01  3.000000e-07
 69  71  0  0  0  1  8.611347e-02  3.000000e-07
 69  84  0  0  0  1  2.265949e-01  3.000000e-07
 69  89  0  0  0  1  5.427320e-02  3.000000e-07
 59  63  0  0  0  1  9.026714e-02  3.000000e-07
 59  5  0  0  0  1  1.254151e-01  3.000000e-07
 59  58  0  0  0  1  1.223435e-01  3.000000e-07
 59  9  0  0  0  1  1.744666e-01  3.000000e-07
 55  76  0  0  0  1  8.056609e-02  3.000000e-07
 55  8  0  0  0  1  1.016823e-01  3.000000e-07
 55  67  0  0  0  1  1.292013e-01  3.000000e-07
 56  57  0  0  0  1  2.919018e-01  3.000000e-07
 56  5 -1  0  0  1  3.035095e-01  3.000000e-07
 56  11  0  0  0  1  2.832761e-01  3.000000e-07
 62  64  0  0  0  1  1.514371e-01  3.000000e-07
 62  5  0  0  0  1  2.213673e-01  3.000000e-07
 62  75  1  0  0  1  3.018176e-01  3.000000e-07
 62  9  0  0  0  1  9.990401e-02  3.000000e-07
 57  63  0  0  0  1  2.744853e-01  3.000000e-07
 57  65  0  0  0  1  3.183869e-01  3.000000e-07
 57  71  0  0  0  1  2.111528e-01  3.000000e-07
 57  11  0  0  0  1  2.391419e-01  3.000000e-07
 57  7  0  0  0  1  1.530207e-01  3.000000e-07
 57  77  0  0  0  1  1.593734e-01  3.000000e-07
 63  65  0  0  0  1  1.534570e-01  3.000000e-07
 63  5  0  0  0  1  1.716635e-01  3.000000e-07
 63  66  0  0  0  1  1.538819e-01  3.000000e-07
 64  83  0  1  0  1  1.705026e-01  3.000000e-07
 64  4  0  1  0  1  1.643489e-01  3.000000e-07
 64  9  0  0  0  1  1.310898e-01  3.000000e-07
 1  87  0  0  0  1  1.169395e-01  3.000000e-07
 1  72  0  0  0  1  7.621535e-02  3.000000e-07
 87  84  0  0  0  1  2.171947e-01  3.000000e-07
 87  72  0  0  0  1  6.233470e-02  3.000000e-07
 87  78  0  0  0  1  2.087945e-01  3.000000e-07
 87  89  0  0  0  1  1.718607e-01  3.000000e-07
 6  75  0  0  0  1  9.627041e-02  3.000000e-07
 6  72  0  1  0  1  2.309086e-01  3.000000e-07
 6  7  0  0  0  1  2.200790e-01  3.000000e-07
 6  67  0  0  0  1  2.433832e-01  3.000000e-07
 6  70  0  1  0  1  2.202123e-01  3.000000e-07
 65  71  0  0  0  1  2.648409e-01  3.000000e-07
 65  66  0  0  0  1  1.385937e-01  3.000000e-07
 71  89  0  0  0  1  1.353080e-01  3.000000e-07
 75  10  0  1  0  1  1.336620e-01  3.000000e-07
 76  7  0  0  0  1  7.179215e-02  3.000000e-07
 76  67  0  0  0  1  9.096409e-02  3.000000e-07
 84  50  0  0  0  1  1.178432e-01  3.000000e-07
 84  89  0  0  0  1  2.389665e-01  3.000000e-07
 50  66 -1  0  0  1  3.374959e-01  3.000000e-07
 50  78  0  0  0  1  1.529889e-01  3.000000e-07
 50  68 -1  0  0  1  3.206504e-01  3.000000e-07
 58  8  0  0  0  1  6.159618e-02  3.000000e-07
 58  77  0  0  0  1  1.504692e-01  3.000000e-07
 58  9  0  0  0  1  1.097978e-01  3.000000e-07
 72  67  0 -1  0  1  2.020603e-01  3.000000e-07
 72  70  0  0  0  1  5.499538e-02  3.000000e-07
 72  82  0  0  0  1  1.077677e-01  3.000000e-07
 7  77  0  0  0  1  1.310876e-01  3.000000e-07
 7  67  0  0  0  1  1.494322e-01  3.000000e-07
 4  67  0 -1  0  1  2.345183e-01  3.000000e-07
 4  73  0 -1  0  1  1.669483e-01  3.000000e-07
 4  82  0  0  0  1  1.127568e-01  3.000000e-07
 10  78  0  0  0  1  1.874607e-01  3.000000e-07
 10  70  0  0  0  1  2.641897e-01  3.000000e-07
 66  68  0  0  0  1  1.993104e-01  3.000000e-07
 8  67  0  0  0  1  1.797134e-01  3.000000e-07
 8  9  0  0  0  1  1.370894e-01  3.000000e-07
 8  73  0  0  0  1  1.235375e-01  3.000000e-07
 67  73  0  0  0  1  1.944265e-01  3.000000e-07
 67  82  0  1  0  1  1.887004e-01  3.000000e-07
 78  70  0  0  0  1  2.139160e-01  3.000000e-07
 78  68 -1  0  0  1  3.147655e-01  3.000000e-07
 9  73  0  0  0  1  1.373318e-01  3.000000e-07
 70  75  0 -1  0  1  2.590028e-01  3.000000e-07
 2  82  0  0  0  1  9.830493e-02  3.000000e-07
 3.681556e-01 -2.966787e-01  0
 4.934539e-02 -4.009035e-01  0
 1.774924e-01 -3.910450e-01  0
 7.418448e-02 -3.322887e-01  0
 1.963729e-01 -4.193496e-01  0
 4.398881e-01  1.667519e-01  0
-1.869250e-01  4.151256e-01  0
-2.431267e-02  2.668286e-01  0
 2.113559e-01  3.037643e-01  0
 3.465615e-01  3.264125e-01  0
-3.347956e-01 -4.333812e-01  0
-9.760883e-02 -7.517098e-02  0
-3.929854e-02 -1.122493e-01  0
-1.549390e-01 -9.980673e-02  0
 4.116628e-01 -9.485604e-02 -4.414951e-01
 3.172755e-01 -1.330248e-01 -1.841814e-01
-3.380095e-01 -3.367130e-01 -1.188129e-01
-2.312679e-01 -1.106867e-01 -3.471923e-01
 1.215938e-01  3.352212e-01 -1.527588e-01
 6.093446e-02  3.982226e-01 -3.981387e-01
 3.312032e-01  3.099517e-01 -3.988194e-01
 9.630006e-02  3.265008e-01 -4.078423e-01
 2.184270e-01  3.132816e-01 -3.142612e-01
 1.159547e-01 -4.268346e-01 -3.683050e-01
 3.019581e-02  3.852635e-01 -2.279733e-01
 2.215331e-01  2.472700e-01 -1.620767e-01
-8.200797e-03  1.014317e-01  2.464668e-01
 7.676197e-02  1.596267e-01  1.461542e-01
-2.126164e-01 -1.093725e-01  3.254464e-01
-2.922561e-01 -2.417278e-01  2.056160e-01
-2.623834e-01 -4.274356e-01  2.805426e-01
-1.496197e-01 -2.855368e-01  2.332113e-01
-8.568733e-02 -4.452780e-01  3.765899e-01
 7.534555e-02 -5.900189e-02  2.425576e-01
-3.809562e-01  1.549048e-01  2.861378e-01
-2.088834e-02  4.393121e-01  4.454039e-01
-1.463352e-01  3.196477e-01 -3.899184e-01
-3.323704e-01  2.761428e-01 -4.335298e-01
-3.432610e-01 -3.214954e-01  3.696603e-01
 2.376102e-01  2.143868e-01  4.315023e-01
 1.011551e-01  4.763281e-02  4.413481e-01
-4.167842e-01  2.965406e-02  3.421025e-01
 1.988459e-01 -6.653501e-02  3.912277e-01
-4.474209e-01 -2.591611e-01 -4.061360e-01
 1.537715e-01 -2.717423e-01 -4.165709e-01
 3.568628e-01 -4.032649e-01  3.433440e-01
-3.698491e-01 -1.698860e-01 -2.053076e-01
 4.218988e-01  1.704385e-01 -3.568294e-01
 4.140972e-01 -4.188017e-02  3.282499e-01
-3.780322e-01 -3.496592e-01 -1.937072e-01
-2.640630e-01 -1.170207e-01  0
-1.226661e-01 -2.011736e-01 -1.460559e-01
-1.317749e-01 -1.254165e-01  1.457606e-01
-2.860486e-01  2.037230e-01  0
 2.731786e-01  1.405452e-01  0
 1.131103e-01  2.775523e-01  0
-2.566961e-01  1.592146e-01  0
 3.319670e-02  1.250259e-01  0
 2.571961e-01  2.626210e-01  0
 3.150421e-01  1.548168e-01  0
-4.435465e-01 -4.449112e-01  0
-2.654735e-01 -2.347284e-03  0
 4.254962e-01  3.876509e-01  0
 3.011766e-01  6.562090e-02  0
 2.839983e-01  4.416096e-01  0
 2.723879e-01 -8.511157e-02  0
 4.057223e-01 -4.729426e-02  0
 5.546698e-02  3.931821e-01  0
 4.412478e-01 -2.434131e-01  0
-7.462704e-03 -1.693585e-01  0
-7.322304e-02 -3.962867e-01  0
 7.547601e-03 -8.456335e-02  0
-2.414469e-02 -4.211022e-01  0
 2.477740e-01  4.218120e-01  0
-2.317060e-01  2.273926e-01  0
-2.782806e-01  4.454924e-01  0
 3.704477e-02  3.041030e-01  0
 1.067743e-01  2.663985e-01  0
-2.450136e-01 -2.688190e-01  0
-2.471545e-01  3.839415e-01  1.230764e-01
-4.285896e-01 -4.175856e-01  0
 3.585299e-01 -3.905823e-01  0
 8.361946e-02 -4.202294e-01  0
 2.633117e-01 -3.891474e-01  0
-2.261746e-01 -2.286069e-01  0
 1.622374e-01 -3.092992e-01  0
 2.690998e-01 -1.446559e-01  0
-6.432471e-02 -3.734453e-01  0
 7.345292e-02 -2.434580e-01 -1.878606e-01
 1.262872e-02 -2.197759e-01  0