 717  90  1.200000e-05  63 -2 -2
 9  30  0  0  0  3  5.180275e-01  1.000000e-07
 9  31  0  1  0  3  5.682849e-01  1.000000e-07
 9  42  0  0  0  3  3.389524e-01  1.000000e-07
 9  32  0  0  0  3  4.572351e-01  1.000000e-07
 9  33  0  0  0  3  2.008270e-01  1.000000e-07
 9  34  0  1  0  3  4.940515e-01  1.000000e-07
 9  37  0  0  1  3  3.156429e-01  1.000000e-07
 9  39  0  0  1  3  3.599403e-01  1.000000e-07
 9  13  0  0  1  3  3.489016e-01  1.000000e-07
 30  17  1  0  0  3  3.153571e-01  1.000000e-07
 30  31  0  1  0  3  2.871047e-01  1.000000e-07
 30  25  1  0  0  3  4.247914e-01  1.000000e-07
 30  32  0  0  0  3  2.202510e-01  1.000000e-07
 30  29  1  1  0  3  4.625962e-01  1.000000e-07
 30  11  0  1  1  3  6.320037e-01  1.000000e-07
 30  38  1  1  1  3  4.491791e-01  1.000000e-07
 30  13  0  0  1  3  3.391935e-01  1.000000e-07
 22  24  0  0  0  3  1.372024e-01  1.000000e-07
 22  78  0  0  0  3  2.136858e-01  1.000000e-07
 22  25  0  0  0  3  1.897972e-01  1.000000e-07
 22  33  0  0  0  3  1.927734e-01  1.000000e-07
 22  23  0  0  0  3  2.056102e-01  1.000000e-07
 22  34  0  0  0  3  3.586024e-01  1.000000e-07
 22  26  0  0  0  3  2.196629e-01  1.000000e-07
 17  31 -1  1  0  3  3.778876e-01  1.000000e-07
 17  32 -1  0  0  3  3.453545e-01  1.000000e-07
 17  38  0  1  1  3  5.346660e-01  1.000000e-07
 17  41  0  0  1  3  4.329359e-01  1.000000e-07
 24  21  0  0  0  3  2.160631e-01  1.000000e-07
 24  78  0  0  0  3  2.646378e-01  1.000000e-07
 24  25  0  0  0  3  2.713222e-01  1.000000e-07
 24  33  0  0  0  3  2.461231e-01  1.000000e-07
 24  29  0  0  0  3  2.790207e-01  1.000000e-07
 24  26  0  0  0  3  1.329579e-01  1.000000e-07
 24  35  0  0  1  3  3.630668e-01  1.000000e-07
 24  27  0  0  1  3  4.274512e-01  1.000000e-07
 21  25  0  0  0  3  3.944617e-01  1.000000e-07
 21  32  0  0  0  3  5.249732e-01  1.000000e-07
 21  33  0  0  0  3  3.392082e-01  1.000000e-07
 21  26  0  0  0  3  2.780052e-01  1.000000e-07
 21  36  0  0  1  3  3.441733e-01  1.000000e-07
 21  37  0  0  1  3  4.028709e-01  1.000000e-07
 21  27  0  0  1  3  4.037316e-01  1.000000e-07
 31  28  0  0  0  3  2.377552e-01  1.000000e-07
 31  19  0  0  0  3  1.336336e-01  1.000000e-07
 31  18  0  0  0  3  1.023600e-01  1.000000e-07
 31  34  1  0  0  3  3.863855e-01  1.000000e-07
 31  35  0  0  1  3  5.366449e-01  1.000000e-07
 31  13  0 -1  1  3  5.366643e-01  1.000000e-07
 42  78  0  0  0  3  3.208772e-01  1.000000e-07
 42  32 -1  0  0  3  2.890734e-01  1.000000e-07
 42  33  0  0  0  3  2.916125e-01  1.000000e-07
 42  23  0  0  0  3  3.299865e-01  1.000000e-07
 42  40  0  0  1  3  4.241632e-01  1.000000e-07
 42  41  0  0  1  3  3.816372e-01  1.000000e-07
 78  32  0  0  0  3  5.519983e-01  1.000000e-07
 78  33  0  0  0  3  1.002179e-01  1.000000e-07
 78  23  0  0  0  3  3.092676e-01  1.000000e-07
 78  19  0  0  0  3  5.895303e-01  1.000000e-07
 25  32 -1  0  0  3  3.710075e-01  1.000000e-07
 25  33  0  0  0  3  1.592309e-01  1.000000e-07
 25  23  0  0  0  3  1.731828e-01  1.000000e-07
 25  27  0  0  1  3  3.120102e-01  1.000000e-07
 25  41  0  0  1  3  4.048521e-01  1.000000e-07
 28  32  0  0  0  3  4.506924e-01  1.000000e-07
 28  23  1  0  0  3  2.799987e-01  1.000000e-07
 28  29  1  0  0  3  2.017557e-01  1.000000e-07
 28  18  0  0  0  3  3.008287e-01  1.000000e-07
 28  35  0  0  1  3  4.868836e-01  1.000000e-07
 28  36  0  0  1  3  4.421979e-01  1.000000e-07
 28  20  1  0  1  3  5.077361e-01  1.000000e-07
 28  38  1  0  1  3  4.268449e-01  1.000000e-07
 32  40  1  0  1  3  4.818563e-01  1.000000e-07
 33  23  0  0  0  3  2.680634e-01  1.000000e-07
 33  27  0  0  1  3  3.900845e-01  1.000000e-07
 19  18  0  0  0  3  5.031167e-02  1.000000e-07
 19  35  0  0  1  3  5.317917e-01  1.000000e-07
 29  17  0 -1  0  3  3.752656e-01  1.000000e-07
 29  18 -1  0  0  3  3.678674e-01  1.000000e-07
 29  26  0  0  0  3  2.959218e-01  1.000000e-07
 29  38  0  0  1  3  4.635552e-01  1.000000e-07
 18  34  1  0  0  3  4.340988e-01  1.000000e-07
 34  26  0  0  0  3  2.549871e-01  1.000000e-07
 26  35  0  0  1  3  4.280884e-01  1.000000e-07
 26  38  0  0  1  3  5.155295e-01  1.000000e-07
 43  35  0  1  0  3  4.422442e-01  1.000000e-07
 43  37  0  0  0  3  2.833519e-01  1.000000e-07
 43  20  0  1  0  3  4.424972e-01  1.000000e-07
 43  6  0  0  0  3  2.959443e-01  1.000000e-07
 43  12  0  1  0  3  3.701755e-01  1.000000e-07
 43  39  0  0  0  3  2.543395e-01  1.000000e-07
 35  21  0  0 -1  3  2.176758e-01  1.000000e-07
 35  10  0  0  0  3  4.424474e-01  1.000000e-07
 35  11  0  0  0  3  4.218960e-02  1.000000e-07
 36  37  0  0  0  3  3.024133e-01  1.000000e-07
 36  20  1  0  0  3  4.995351e-01  1.000000e-07
 36  6  0  0  0  3  3.469383e-01  1.000000e-07
 36  16  0  0  0  3  3.132624e-01  1.000000e-07
 36  11  0  0  0  3  2.539191e-01  1.000000e-07
 36  14  0  0  0  3  2.345347e-01  1.000000e-07
 36  40  1  0  0  3  5.188384e-01  1.000000e-07
 37  6  0  0  0  3  2.163278e-01  1.000000e-07
 37  11  0  0  0  3  3.673899e-01  1.000000e-07
 37  15  0  0  0  3  2.776856e-01  1.000000e-07
 37  39  0  0  0  3  1.255617e-01  1.000000e-07
 37  13  0  0  0  3  2.561591e-01  1.000000e-07
 20  27  0  0  0  3  3.967639e-01  1.000000e-07
 20  81 -1  0  0  3  2.832409e-01  1.000000e-07
 20  40  0  0  0  3  4.805245e-01  1.000000e-07
 27  38  0  0  0  3  4.183350e-01  1.000000e-07
 27  39  0  0  0  3  1.622893e-01  1.000000e-07
 27  40  0  0  0  3  1.559365e-01  1.000000e-07
 10  43  0 -1  0  3  4.180992e-01  1.000000e-07
 10  12  0  0  0  3  8.456473e-02  1.000000e-07
 10  81  0  0  0  3  1.475448e-01  1.000000e-07
 10  15  0 -1  0  3  3.158251e-01  1.000000e-07
 10  38  1  0  0  3  3.981440e-01  1.000000e-07
 6  16  0  0  0  3  2.891689e-01  1.000000e-07
 6  15  0  0  0  3  2.712888e-01  1.000000e-07
 6  14  0  0  0  3  4.628136e-01  1.000000e-07
 6  39  0  0  0  3  2.214651e-01  1.000000e-07
 12  81  0  0  0  3  1.748047e-01  1.000000e-07
 12  16  0 -1  0  3  3.547507e-01  1.000000e-07
 12  11  0  0  0  3  3.999475e-01  1.000000e-07
 12  15  0 -1  0  3  2.980658e-01  1.000000e-07
 12  14  0  0  0  3  2.319000e-01  1.000000e-07
 7  16 -1  0  0  3  5.946666e-01  1.000000e-07
 7  15  0  0  0  3  3.763664e-01  1.000000e-07
 7  38  0  1  0  3  4.019305e-01  1.000000e-07
 7  39  0  0  0  3  2.781569e-01  1.000000e-07
 7  8  0  0  0  3  2.700646e-01  1.000000e-07
 81  14  0  0  0  3  1.395924e-01  1.000000e-07
 16  15  0  0  0  3  1.038564e-01  1.000000e-07
 16  14  0  0  0  3  4.596111e-01  1.000000e-07
 16  13  0  0  0  3  1.967587e-01  1.000000e-07
 16  8  1  0  0  3  5.304423e-01  1.000000e-07
 16  41  1  0  0  3  4.220710e-01  1.000000e-07
 11  15  0 -1  0  3  5.077331e-01  1.000000e-07
 11  14  0  0  0  3  3.393465e-01  1.000000e-07
 11  13  0 -1  0  3  5.959611e-01  1.000000e-07
 15  13  0  0  0  3  2.339008e-01  1.000000e-07
 38  14 -1  0  0  3  4.221755e-01  1.000000e-07
 38  41  0 -1  0  3  3.165816e-01  1.000000e-07
 14  8  1  0  0  3  5.936730e-01  1.000000e-07
 14  40  1  0  0  3  5.608736e-01  1.000000e-07
 39  8  0  0  0  3  1.106897e-01  1.000000e-07
 39  40  0  0  0  3  2.060549e-01  1.000000e-07
 39  41  0  0  0  3  3.303269e-01  1.000000e-07
 13  40  1  0  0  3  4.741993e-01  1.000000e-07
 8  40  0  0  0  3  1.275965e-01  1.000000e-07
 8  41  0  0  0  3  2.591885e-01  1.000000e-07
 40  41  0  0  0  3  2.024107e-01  1.000000e-07
 41  13 -1  0  0  3  4.091189e-01  1.000000e-07
 78  1  0  0  0  3  1.685277e-01  1.000000e-07
 55  6  0  0  0  3  1.433371e-01  1.000000e-07
 29  73  0  0  0  3  2.115710e-01  1.000000e-07
 86  20  0  0  0  3  2.242090e-01  1.000000e-07
 19  54  0  0  0  3  1.897578e-01  1.000000e-07
 72  43  0 -1  0  3  3.164684e-01  1.000000e-07
 34  77  0 -1  0  3  1.584050e-01  1.000000e-07
 70  7  0  0  0  3  1.521071e-01  1.000000e-07
 34  85  0  0  0  3  1.231404e-01  1.000000e-07
 87  20  0  0  0  3  2.471840e-01  1.000000e-07
 17  85  0  1  0  3  2.554182e-01  1.000000e-07
 86  10 -1  0  0  3  2.558936e-01  1.000000e-07
 23  61  0  0  0  3  2.490215e-01  1.000000e-07
 79  8  0  0  0  3  3.249143e-01  1.000000e-07
 42  71  0  0  0  3  2.343202e-01  1.000000e-07
 77  7  0  0  0  3  1.165160e-01  1.000000e-07
 26  60  0  0  0  3  2.427306e-01  1.000000e-07
 74  43  0 -1  0  3  2.910205e-01  1.000000e-07
 18  84  0  0  0  3  1.292420e-01  1.000000e-07
 72  10  0  0  0  3  1.691292e-01  1.000000e-07
 19  59  0 -1  0  3  3.117310e-01  1.000000e-07
 57  7  0  0  0  3  2.436837e-01  1.000000e-07
 22  88  0  0  0  3  2.431604e-01  1.000000e-07
 83  20  0  0  0  3  2.481844e-01  1.000000e-07
 16  82  0  0  0  3  3.125179e-01  1.000000e-07
 75  23  1  0  0  3  3.037652e-01  1.000000e-07
 19  84  0  0  0  3  1.371671e-01  1.000000e-07
 72  12  0  0  0  3  1.172757e-01  1.000000e-07
 34  85  0  0  0  3  1.899715e-01  1.000000e-07
 86  10 -1  0  0  3  2.885175e-01  1.000000e-07
 78  53  0  0  0  3  1.528592e-01  1.000000e-07
 61  27  0  0  0  3  3.727053e-01  1.000000e-07
 26  76  0  0  0  3  1.941363e-01  1.000000e-07
 52  11  0  0  0  3  3.835817e-01  1.000000e-07
 17  71  0  0  0  3  1.881877e-01  1.000000e-07
 77  7  0  0  0  3  1.192054e-01  1.000000e-07
 18  84  0  0  0  3  1.289057e-01  1.000000e-07
 72  12  0  0  0  3  1.166529e-01  1.000000e-07
 19  58  0 -1  0  3  3.120572e-01  1.000000e-07
 57  6  0  0  0  3  2.969805e-01  1.000000e-07
 19  84  0  0  0  3  1.652485e-01  1.000000e-07
 50  81  0  0  0  3  1.280155e-01  1.000000e-07
 18  72  0  0  0  3  1.716076e-01  1.000000e-07
 84  15  0 -1  0  3  2.940040e-01  1.000000e-07
 34  85  0  0  0  3  2.161186e-01  1.000000e-07
 86  81 -1  0  0  3  2.056608e-01  1.000000e-07
 22  61  0  0  0  3  2.441676e-01  1.000000e-07
 53  8  0  0  0  3  3.300229e-01  1.000000e-07
 18  84  0  0  0  3  1.489373e-01  1.000000e-07
 45  81  0  0  0  3  1.221220e-01  1.000000e-07
 29  80 -1  0  0  3  2.581573e-01  1.000000e-07
 45  81  0  0  0  3  1.296943e-01  1.000000e-07
 42  79  0  0  0  3  2.247132e-01  1.000000e-07
 56  8  0  0  0  3  3.093272e-01  1.000000e-07
 23  80 -1  0  0  3  3.292589e-01  1.000000e-07
 51  81  0  0  0  3  1.537923e-01  1.000000e-07
 17  75 -1  0  0  3  2.575265e-01  1.000000e-07
 82  16  0  0  0  3  3.560779e-01  1.000000e-07
 52  53  0  0  0  2  1.584077e-01  2.000000e-07
 52  83  0  0  0  2  2.674575e-01  2.000000e-07
 52  66  0  0  0  2  2.553369e-01  2.000000e-07
 52  49  0  0  0  2  4.373439e-01  2.000000e-07
 52  50  0  0  0  2  3.683350e-01  2.000000e-07
 52  55  0  0  0  2  1.816929e-01  2.000000e-07
 52  44  0  0  0  2  3.001142e-01  2.000000e-07
 52  56  0  0  0  2  3.128826e-01  2.000000e-07
 52  48  0  0  0  2  2.498136e-01  2.000000e-07
 52  47  0  0  0  2  3.308141e-01  2.000000e-07
 52  89  0  0  0  2  1.405455e-01  2.000000e-07
 52  88  0  0  0  2  2.721704e-01  2.000000e-07
 52  76  0  0  0  2  2.691992e-01  2.000000e-07
 52  73  0  0  0  2  3.019348e-01  2.000000e-07
 52  74  0  0  0  2  3.662959e-01  2.000000e-07
 52  60  0  0  0  2  3.408428e-01  2.000000e-07
 52  87  0  0  0  2  2.882062e-01  2.000000e-07
 52  1  0  0  0  2  2.063229e-01  2.000000e-07
 79  53  0  0  0  2  2.528259e-01  2.000000e-07
 79  65 -1  0  0  2  3.971681e-01  2.000000e-07
 79  83  0  0  0  2  3.775647e-01  2.000000e-07
 79  70  0  0  0  2  2.726457e-01  2.000000e-07
 79  49 -1  0  0  2  3.797284e-01  2.000000e-07
 79  46 -1  0  0  2  3.645416e-01  2.000000e-07
 79  45 -1  1  0  2  4.543305e-01  2.000000e-07
 79  68 -1  0  0  2  3.893982e-01  2.000000e-07
 79  71  0  0  0  2  1.847549e-01  2.000000e-07
 79  56  0  0  0  2  1.103318e-01  2.000000e-07
 79  82 -1  0  0  2  2.910246e-01  2.000000e-07
 79  77  0  0  0  2  2.613924e-01  2.000000e-07
 79  48  0  0  0  2  3.386711e-01  2.000000e-07
 79  62  0  0  0  2  2.025395e-01  2.000000e-07
 79  85  0  1  0  2  4.135004e-01  2.000000e-07
 79  75 -1  0  0  2  2.443121e-01  2.000000e-07
 79  61  0  0  0  2  2.437523e-01  2.000000e-07
 64  65  0  0  0  2  3.272309e-01  2.000000e-07
 64  63  0  0  0  2  2.346930e-01  2.000000e-07
 64  84  0  0  0  2  2.899652e-01  2.000000e-07
 64  66  0  0  0  2  1.347473e-01  2.000000e-07
 64  3  0  0  0  2  4.112614e-01  2.000000e-07
 64  67  0  0  0  2  1.278089e-01  2.000000e-07
 64  49  0  0  0  2  1.518316e-01  2.000000e-07
 64  50  0  0  0  2  1.659093e-01  2.000000e-07
 64  44  0  0  0  2  1.668907e-01  2.000000e-07
 64  51  0  0  0  2  1.939310e-01  2.000000e-07
 64  47  0  0  0  2  1.773894e-01  2.000000e-07
 64  89  0  0  0  2  1.602071e-01  2.000000e-07
 64  76  0  0  0  2  2.603603e-01  2.000000e-07
 64  73  1  0  0  2  4.470679e-01  2.000000e-07
 64  86  1  0  0  2  3.758063e-01  2.000000e-07
 64  75  0  0  0  2  3.819225e-01  2.000000e-07
 53  66  0  0  0  2  3.090353e-01  2.000000e-07
 53  55  0  0  0  2  1.328216e-01  2.000000e-07
 53  51 -1  0  0  2  4.539295e-01  2.000000e-07
 53  69  0  0  0  2  3.668030e-01  2.000000e-07
 53  56  0  0  0  2  1.555860e-01  2.000000e-07
 53  82 -1  0  0  2  5.026565e-01  2.000000e-07
 53  77  0  0  0  2  3.184890e-01  2.000000e-07
 53  48  0  0  0  2  2.517333e-01  2.000000e-07
 53  47  0  0  0  2  3.619333e-01  2.000000e-07
 53  62  0  0  0  2  4.248306e-01  2.000000e-07
 53  57  0  0  0  2  4.163282e-01  2.000000e-07
 53  76  0  0  0  2  4.271290e-01  2.000000e-07
 53  73  0  0  0  2  3.392220e-01  2.000000e-07
 53  58  0  0  0  2  3.842174e-01  2.000000e-07
 53  61  0  0  0  2  1.029158e-01  2.000000e-07
 53  59  0  0  0  2  3.893695e-01  2.000000e-07
 53  1  0  0  0  2  1.356713e-01  2.000000e-07
 53  4  0  0  0  2  2.788528e-01  2.000000e-07
 65  63  0  0  0  2  3.464557e-01  2.000000e-07
 65  84  0  1  0  2  3.865908e-01  2.000000e-07
 65  3  0  0  0  2  9.332569e-02  2.000000e-07
 65  49  0  0  0  2  2.749065e-01  2.000000e-07
 65  46  0  0  0  2  7.140602e-02  2.000000e-07
 65  55  0  0  0  2  3.072898e-01  2.000000e-07
 65  45  0  1  0  2  3.622569e-01  2.000000e-07
 65  68  0  0  0  2  9.392177e-02  2.000000e-07
 65  69  0  0  0  2  7.146842e-02  2.000000e-07
 65  72  0  1  0  2  3.111487e-01  2.000000e-07
 65  47  0  0  0  2  1.545741e-01  2.000000e-07
 65  89  0  0  0  2  3.806452e-01  2.000000e-07
 65  57  0  0  0  2  2.333855e-01  2.000000e-07
 65  85  1  1  0  2  5.204676e-01  2.000000e-07
 65  75  0  0  0  2  1.538957e-01  2.000000e-07
 65  5  0  0  0  2  2.655287e-01  2.000000e-07
 83  49 -1  0  0  2  3.400623e-01  2.000000e-07
 83  55  0  0  0  2  4.014820e-01  2.000000e-07
 83  51 -1  0  0  2  2.922493e-01  2.000000e-07
 83  56  0  0  0  2  3.572355e-01  2.000000e-07
 83  48  0  0  0  2  4.039951e-02  2.000000e-07
 83  89  0  0  0  2  3.991273e-01  2.000000e-07
 83  88  0  0  0  2  5.523057e-02  2.000000e-07
 83  73  0  0  0  2  5.628185e-02  2.000000e-07
 83  86  0  0  0  2  1.381710e-01  2.000000e-07
 83  61  0  0  0  2  1.897461e-01  2.000000e-07
 83  0  0  0  0  2  1.072709e-01  2.000000e-07
 83  87  0  0  0  2  1.511742e-01  2.000000e-07
 63  3  0  0  0  2  3.886884e-01  2.000000e-07
 63  67  0  0  0  2  2.739812e-01  2.000000e-07
 63  55  0  0  0  2  1.053565e-01  2.000000e-07
 63  44  0  0  0  2  2.936793e-01  2.000000e-07
 63  56  0  0  0  2  3.147195e-01  2.000000e-07
 63  89  0  0  0  2  1.063384e-01  2.000000e-07
 63  76  0  0  0  2  3.034574e-01  2.000000e-07
 63  73  0  0  0  2  4.068010e-01  2.000000e-07
 63  61  0  0  0  2  2.380972e-01  2.000000e-07
 63  5  0  0  0  2  2.281825e-01  2.000000e-07
 63  0  0  0  0  2  4.055325e-01  2.000000e-07
 63  1  0  0  0  2  1.338363e-01  2.000000e-07
 70  84  0  1  0  2  4.558398e-01  2.000000e-07
 70  3  0  0  0  2  3.480509e-01  2.000000e-07
 70  2  0  0  0  2  1.496316e-02  2.000000e-07
 70  55  0  0  0  2  3.001958e-01  2.000000e-07
 70  71  0  0  0  2  9.263571e-02  2.000000e-07
 70  72  0  1  0  2  4.231187e-01  2.000000e-07
 70  56  0  0  0  2  2.218174e-01  2.000000e-07
 70  57  0  0  0  2  2.209010e-01  2.000000e-07
 70  76  0  1  0  2  3.757903e-01  2.000000e-07
 70  85  0  1  0  2  3.767920e-01  2.000000e-07
 70  74  0  1  0  2  1.973540e-01  2.000000e-07
 70  5  0  0  0  2  1.937312e-01  2.000000e-07
 70  0  0  1  0  2  4.040355e-01  2.000000e-07
 70  87  0  1  0  2  3.572767e-01  2.000000e-07
 84  49  0  0  0  2  3.717516e-01  2.000000e-07
 84  44  0  0  0  2  1.582544e-01  2.000000e-07
 84  51  0  0  0  2  3.804368e-01  2.000000e-07
 84  45  0  0  0  2  1.199307e-01  2.000000e-07
 84  72  0  0  0  2  7.556663e-02  2.000000e-07
 84  89  0  0  0  2  3.456067e-01  2.000000e-07
 84  57  0 -1  0  2  2.738902e-01  2.000000e-07
 84  76  0  0  0  2  2.042325e-01  2.000000e-07
 84  80  0  0  0  2  1.940502e-01  2.000000e-07
 84  73  1  0  0  2  4.286351e-01  2.000000e-07
 84  85  1  0  0  2  3.343125e-01  2.000000e-07
 84  86  1  0  0  2  3.323399e-01  2.000000e-07
 84  60  0  0  0  2  2.672273e-01  2.000000e-07
 84  0  1  0  0  2  4.469247e-01  2.000000e-07
 66  3  0  0  0  2  2.994970e-01  2.000000e-07
 66  67  0  0  0  2  1.194449e-01  2.000000e-07
 66  50  0  0  0  2  2.954331e-01  2.000000e-07
 66  44  0  0  0  2  2.757326e-01  2.000000e-07
 66  51  0  0  0  2  2.549387e-01  2.000000e-07
 66  68  0  0  0  2  3.221324e-01  2.000000e-07
 66  82  0  0  0  2  2.586070e-01  2.000000e-07
 66  47  0  0  0  2  8.069130e-02  2.000000e-07
 66  76  0  0  0  2  3.397625e-01  2.000000e-07
 66  58  0  0  0  2  3.402542e-01  2.000000e-07
 66  5  0  0  0  2  2.580761e-01  2.000000e-07
 66  1  0  0  0  2  2.091858e-01  2.000000e-07
 66  4  0  0  0  2  3.947721e-01  2.000000e-07
 3  2  0  0  0  2  3.362224e-01  2.000000e-07
 3  54  0  1  0  2  3.119082e-01  2.000000e-07
 3  68  0  0  0  2  5.985937e-02  2.000000e-07
 3  72  0  1  0  2  2.300429e-01  2.000000e-07
 3  57  0  0  0  2  1.491894e-01  2.000000e-07
 3  58  0  0  0  2  1.283002e-01  2.000000e-07
 3  75  0  0  0  2  2.060642e-01  2.000000e-07
 3  5  0  0  0  2  2.479384e-01  2.000000e-07
 67  44  0  0  0  2  2.943142e-01  2.000000e-07
 67  51  0  0  0  2  1.399561e-01  2.000000e-07
 67  68  0  0  0  2  3.010748e-01  2.000000e-07
 67  58  0  0  0  2  3.821555e-01  2.000000e-07
 67  75  0  0  0  2  2.545978e-01  2.000000e-07
 67  1  0  0  0  2  3.201891e-01  2.000000e-07
 49  46  0  0  0  2  2.043878e-01  2.000000e-07
 49  50  0  0  0  2  2.606828e-01  2.000000e-07
 49  51  0  0  0  2  4.971334e-02  2.000000e-07
 49  82  0  0  0  2  2.044947e-01  2.000000e-07
 49  47  0  0  0  2  1.799480e-01  2.000000e-07
 49  89  0  0  0  2  3.036434e-01  2.000000e-07
 49  80  0  0  0  2  2.995290e-01  2.000000e-07
 49  86  1  0  0  2  3.078251e-01  2.000000e-07
 49  75  0  0  0  2  2.681318e-01  2.000000e-07
 49  61  1  0  0  2  4.101699e-01  2.000000e-07
 2  54  0  1  0  2  2.822719e-01  2.000000e-07
 2  71  0  0  0  2  1.065776e-01  2.000000e-07
 2  72  0  1  0  2  4.081951e-01  2.000000e-07
 2  77  0  0  0  2  3.150091e-02  2.000000e-07
 2  76  0  1  0  2  3.630525e-01  2.000000e-07
 2  74  0  1  0  2  1.941512e-01  2.000000e-07
 2  58  0  0  0  2  2.097209e-01  2.000000e-07
 2  5  0  0  0  2  1.919316e-01  2.000000e-07
 2  4  0  0  0  2  5.470878e-02  2.000000e-07
 46  68  0  0  0  2  1.538267e-01  2.000000e-07
 46  69  0  0  0  2  1.022217e-01  2.000000e-07
 46  82  0  0  0  2  7.354939e-02  2.000000e-07
 46  47  0  0  0  2  1.164619e-01  2.000000e-07
 50  84  0  0  0  2  1.240697e-01  2.000000e-07
 50  54  0  0  0  2  2.265776e-01  2.000000e-07
 50  44  0  0  0  2  7.662569e-02  2.000000e-07
 50  51  0  0  0  2  2.789042e-01  2.000000e-07
 50  45  0  0  0  2  2.089375e-01  2.000000e-07
 50  82  0  0  0  2  4.551066e-01  2.000000e-07
 50  47  0  0  0  2  3.430802e-01  2.000000e-07
 50  89  0  0  0  2  2.432840e-01  2.000000e-07
 50  57  0 -1  0  2  3.734294e-01  2.000000e-07
 50  80  0  0  0  2  2.017894e-01  2.000000e-07
 50  86  1  0  0  2  3.196004e-01  2.000000e-07
 50  60  0  0  0  2  2.947684e-01  2.000000e-07
 54  44  0  0  0  2  1.814202e-01  2.000000e-07
 54  45  0  0  0  2  2.983614e-01  2.000000e-07
 54  72  0  0  0  2  1.957747e-01  2.000000e-07
 54  77  0 -1  0  2  3.049553e-01  2.000000e-07
 54  76  0  0  0  2  1.014096e-01  2.000000e-07
 54  74  0  0  0  2  2.452101e-01  2.000000e-07
 54  58  0 -1  0  2  2.368134e-01  2.000000e-07
 54  59  0 -1  0  2  2.078996e-01  2.000000e-07
 54  60  0  0  0  2  7.972409e-02  2.000000e-07
 54  5  0 -1  0  2  3.839686e-01  2.000000e-07
 54  4  0 -1  0  2  3.055552e-01  2.000000e-07
 55  69  0  0  0  2  2.358675e-01  2.000000e-07
 55  71  0  0  0  2  2.667131e-01  2.000000e-07
 55  56  0  0  0  2  2.408293e-01  2.000000e-07
 55  77  0  0  0  2  3.120897e-01  2.000000e-07
 55  47  0  0  0  2  2.326967e-01  2.000000e-07
 55  89  0  0  0  2  2.086102e-01  2.000000e-07
 55  57  0  0  0  2  3.267385e-01  2.000000e-07
 55  61  0  0  0  2  2.317649e-01  2.000000e-07
 55  59  0  0  0  2  3.047431e-01  2.000000e-07
 55  5  0  0  0  2  1.256483e-01  2.000000e-07
 44  51  0  0  0  2  3.244664e-01  2.000000e-07
 44  45  0  0  0  2  2.663532e-01  2.000000e-07
 44  72  0  0  0  2  2.256255e-01  2.000000e-07
 44  89  0  0  0  2  1.873546e-01  2.000000e-07
 44  76  0  0  0  2  1.119813e-01  2.000000e-07
 44  80  0  0  0  2  2.775422e-01  2.000000e-07
 44  73  1  0  0  2  4.863787e-01  2.000000e-07
 44  74  0  0  0  2  3.845770e-01  2.000000e-07
 44  60  0  0  0  2  2.375171e-01  2.000000e-07
 51  45  0  0  0  2  3.959154e-01  2.000000e-07
 51  82  0  0  0  2  2.167198e-01  2.000000e-07
 51  48  1  0  0  2  2.851897e-01  2.000000e-07
 51  80  0  0  0  2  2.821358e-01  2.000000e-07
 51  73  1  0  0  2  3.077069e-01  2.000000e-07
 51  86  1  0  0  2  2.707988e-01  2.000000e-07
 51  75  0  0  0  2  2.710852e-01  2.000000e-07
 51  61  1  0  0  2  3.618173e-01  2.000000e-07
 45  68  0 -1  0  2  2.688418e-01  2.000000e-07
 45  72  0  0  0  2  1.133802e-01  2.000000e-07
 45  62  1 -1  0  2  2.927105e-01  2.000000e-07
 45  57  0 -1  0  2  3.279134e-01  2.000000e-07
 45  80  0  0  0  2  1.334009e-01  2.000000e-07
 45  73  1  0  0  2  3.528958e-01  2.000000e-07
 45  85  1  0  0  2  2.284463e-01  2.000000e-07
 45  58  0 -1  0  2  3.504030e-01  2.000000e-07
 45  75  0 -1  0  2  3.366605e-01  2.000000e-07
 45  60  0  0  0  2  3.774339e-01  2.000000e-07
 68  69  0  0  0  2  1.513998e-01  2.000000e-07
 68  72  0  1  0  2  2.202501e-01  2.000000e-07
 68  82  0  0  0  2  1.657720e-01  2.000000e-07
 68  47  0  0  0  2  2.484512e-01  2.000000e-07
 68  62  1  0  0  2  3.536119e-01  2.000000e-07
 68  57  0  0  0  2  1.990737e-01  2.000000e-07
 68  85  1  1  0  2  4.388625e-01  2.000000e-07
 68  58  0  0  0  2  1.845396e-01  2.000000e-07
 68  75  0  0  0  2  1.554550e-01  2.000000e-07
 68  59  0  0  0  2  2.195227e-01  2.000000e-07
 69  82  0  0  0  2  1.717562e-01  2.000000e-07
 69  47  0  0  0  2  1.164931e-01  2.000000e-07
 69  57  0  0  0  2  2.253543e-01  2.000000e-07
 69  58  0  0  0  2  1.871157e-01  2.000000e-07
 69  59  0  0  0  2  2.263100e-01  2.000000e-07
 71  56  0  0  0  2  1.306927e-01  2.000000e-07
 71  62  0  0  0  2  2.274634e-01  2.000000e-07
 71  85  0  1  0  2  3.916019e-01  2.000000e-07
 71  74  0  1  0  2  2.640827e-01  2.000000e-07
 71  75 -1  0  0  2  4.115043e-01  2.000000e-07
 71  61  0  0  0  2  3.048046e-01  2.000000e-07
 71  5  0  0  0  2  1.937773e-01  2.000000e-07
 71  0  0  1  0  2  4.489724e-01  2.000000e-07
 71  1  0  0  0  2  2.409467e-01  2.000000e-07
 71  4  0  0  0  2  1.029607e-01  2.000000e-07
 72  62  1 -1  0  2  3.769449e-01  2.000000e-07
 72  57  0 -1  0  2  2.209331e-01  2.000000e-07
 72  76  0  0  0  2  2.453168e-01  2.000000e-07
 72  73  1  0  0  2  4.608771e-01  2.000000e-07
 72  85  1  0  0  2  3.417061e-01  2.000000e-07
 72  58  0 -1  0  2  2.487106e-01  2.000000e-07
 72  75  0 -1  0  2  3.359965e-01  2.000000e-07
 72  0  1  0  0  2  4.696101e-01  2.000000e-07
 56  77  0  0  0  2  2.176789e-01  2.000000e-07
 56  48  0  0  0  2  3.168678e-01  2.000000e-07
 56  57  0  0  0  2  3.984757e-01  2.000000e-07
 56  85  0  1  0  2  4.699427e-01  2.000000e-07
 56  61  0  0  0  2  1.838864e-01  2.000000e-07
 56  5  0  0  0  2  2.343390e-01  2.000000e-07
 56  87  0  1  0  2  5.181864e-01  2.000000e-07
 82  48  1  0  0  2  4.359883e-01  2.000000e-07
 82  47  0  0  0  2  1.796264e-01  2.000000e-07
 82  80  0  0  0  2  4.984083e-01  2.000000e-07
 82  75  0  0  0  2  7.443345e-02  2.000000e-07
 77  62  0  0  0  2  2.408798e-01  2.000000e-07
 77  57  0  0  0  2  2.384580e-01  2.000000e-07
 77  85  0  1  0  2  3.597003e-01  2.000000e-07
 77  74  0  1  0  2  1.886731e-01  2.000000e-07
 77  59  0  0  0  2  2.108594e-01  2.000000e-07
 77  60  0  1  0  2  2.491200e-01  2.000000e-07
 77  87  0  1  0  2  3.454608e-01  2.000000e-07
 77  4  0  0  0  2  7.408511e-02  2.000000e-07
 48  49 -1  0  0  2  3.343489e-01  2.000000e-07
 48  62  0 -1  0  2  4.664861e-01  2.000000e-07
 48  80 -1  0  0  2  3.044472e-01  2.000000e-07
 48  73  0  0  0  2  9.664252e-02  2.000000e-07
 48  86  0  0  0  2  1.722653e-01  2.000000e-07
 48  74  0  0  0  2  3.474248e-01  2.000000e-07
 48  60  0  0  0  2  4.305040e-01  2.000000e-07
 48  87  0  0  0  2  1.847244e-01  2.000000e-07
 47  89  0  0  0  2  2.340268e-01  2.000000e-07
 47  58  0  0  0  2  2.989155e-01  2.000000e-07
 62  51 -1  0  0  2  4.950890e-01  2.000000e-07
 62  82 -1  0  0  2  3.471798e-01  2.000000e-07
 62  80 -1  1  0  2  3.247819e-01  2.000000e-07
 62  73  0  1  0  2  3.706865e-01  2.000000e-07
 62  85  0  1  0  2  2.111098e-01  2.000000e-07
 62  74  0  1  0  2  2.598615e-01  2.000000e-07
 62  75 -1  0  0  2  2.740464e-01  2.000000e-07
 62  61  0  0  0  2  4.404490e-01  2.000000e-07
 62  60  0  1  0  2  4.131835e-01  2.000000e-07
 62  87  0  1  0  2  3.098290e-01  2.000000e-07
 62  4  0  0  0  2  3.071291e-01  2.000000e-07
 89  57  0 -1  0  2  5.032182e-01  2.000000e-07
 89  88  0  0  0  2  3.936898e-01  2.000000e-07
 89  76  0  0  0  2  2.075174e-01  2.000000e-07
 89  61  0  0  0  2  3.125317e-01  2.000000e-07
 89  60  0  0  0  2  3.225867e-01  2.000000e-07
 89  0  0  0  0  2  4.083562e-01  2.000000e-07
 89  87  0  0  0  2  3.840873e-01  2.000000e-07
 57  76  0  1  0  2  2.958179e-01  2.000000e-07
 57  80  0  1  0  2  4.510558e-01  2.000000e-07
 57  85  1  1  0  2  5.490014e-01  2.000000e-07
 57  59  0  0  0  2  3.037503e-02  2.000000e-07
 57  60  0  1  0  2  2.120045e-01  2.000000e-07
 57  5  0  0  0  2  2.088433e-01  2.000000e-07
 57  87  0  1  0  2  4.699277e-01  2.000000e-07
 88  85  0  0  0  2  1.860062e-01  2.000000e-07
 88  86  0  0  0  2  1.277080e-01  2.000000e-07
 88  0  0  0  0  2  5.285789e-02  2.000000e-07
 76  73  0  0  0  2  4.260610e-01  2.000000e-07
 76  74  0  0  0  2  2.725959e-01  2.000000e-07
 76  0  0  0  0  2  3.815408e-01  2.000000e-07
 76  87  0  0  0  2  3.358324e-01  2.000000e-07
 76  1  0  0  0  2  4.372676e-01  2.000000e-07
 80  73  1  0  0  2  2.347356e-01  2.000000e-07
 80  85  1  0  0  2  1.656004e-01  2.000000e-07
 80  86  1  0  0  2  1.385363e-01  2.000000e-07
 80  74  1  0  0  2  4.080705e-01  2.000000e-07
 73  86  0  0  0  2  9.630352e-02  2.000000e-07
 73  74  0  0  0  2  2.804796e-01  2.000000e-07
 73  61  0  0  0  2  2.444216e-01  2.000000e-07
 73  0  0  0  0  2  6.275948e-02  2.000000e-07
 73  1  0  0  0  2  4.631112e-01  2.000000e-07
 85  86  0  0  0  2  1.258900e-01  2.000000e-07
 85  75 -1 -1  0  2  4.286647e-01  2.000000e-07
 85  0  0  0  0  2  1.455848e-01  2.000000e-07
 85  87  0  0  0  2  1.607009e-01  2.000000e-07
 86  0  0  0  0  2  1.267388e-01  2.000000e-07
 86  87  0  0  0  2  1.756459e-01  2.000000e-07
 74  75 -1 -1  0  2  5.334322e-01  2.000000e-07
 74  60  0  0  0  2  1.655391e-01  2.000000e-07
 74  0  0  0  0  2  2.178176e-01  2.000000e-07
 74  4  0 -1  0  2  2.480418e-01  2.000000e-07
 58  59  0  0  0  2  4.035558e-02  2.000000e-07
 58  5  0  0  0  2  1.748661e-01  2.000000e-07
 58  1  0  0  0  2  2.665501e-01  2.000000e-07
 58  4  0  0  0  2  1.839413e-01  2.000000e-07
 75  61  1  0  0  2  4.302137e-01  2.000000e-07
 75  0  1  1  0  2  5.698815e-01  2.000000e-07
 61  88  0  0  0  2  2.293422e-01  2.000000e-07
 61  5  0  0  0  2  3.105893e-01  2.000000e-07
 61  1  0  0  0  2  2.378458e-01  2.000000e-07
 61  4  0  0  0  2  3.620765e-01  2.000000e-07
 59  45  0  1  0  2  3.582151e-01  2.000000e-07
 59  60  0  1  0  2  2.141529e-01  2.000000e-07
 59  4  0  0  0  2  1.619618e-01  2.000000e-07
 60  87  0  0  0  2  2.842233e-01  2.000000e-07
 5  1  0  0  0  2  9.908597e-02  2.000000e-07
 5  4  0  0  0  2  1.373804e-01  2.000000e-07
 0  62  0 -1  0  2  3.264196e-01  2.000000e-07
 0  87  0  0  0  2  5.372120e-02  2.000000e-07
 87  79  0 -1  0  2  4.936617e-01  2.000000e-07
 87  80 -1  0  0  2  2.947804e-01  2.000000e-07
 1  4  0  0  0  2  2.202918e-01  2.000000e-07
 52  53  0  0  0  1  1.584077e-01  3.000000e-07
 52  63  0  0  0  1  1.073516e-01  3.000000e-07
 52  48  0  0  0  1  2.498136e-01  3.000000e-07
 52  89  0  0  0  1  1.405455e-01  3.000000e-07
 52  88  0  0  0  1  2.721704e-01  3.000000e-07
 52  76  0  0  0  1  2.691992e-01  3.000000e-07
 52  61  0  0  0  1  1.766736e-01  3.000000e-07
 79  51 -1  0  0  1  3.486314e-01  3.000000e-07
 79  56  0  0  0  1  1.103318e-01  3.000000e-07
 79  82 -1  0  0  1  2.910246e-01  3.000000e-07
 79  48  0  0  0  1  3.386711e-01  3.000000e-07
 79  62  0  0  0  1  2.025395e-01  3.000000e-07
 79  75 -1  0  0  1  2.443121e-01  3.000000e-07
 79  61  0  0  0  1  2.437523e-01  3.000000e-07
 64  66  0  0  0  1  1.347473e-01  3.000000e-07
 64  67  0  0  0  1  1.278089e-01  3.000000e-07
 64  50  0  0  0  1  1.659093e-01  3.000000e-07
 64  44  0  0  0  1  1.668907e-01  3.000000e-07
 64  89  0  0  0  1  1.602071e-01  3.000000e-07
 53  63  0  0  0  1  1.690728e-01  3.000000e-07
 53  55  0  0  0  1  1.328216e-01  3.000000e-07
 53  56  0  0  0  1  1.555860e-01  3.000000e-07
 53  61  0  0  0  1  1.029158e-01  3.000000e-07
 53  1  0  0  0  1  1.356713e-01  3.000000e-07
 65  3  0  0  0  1  9.332569e-02  3.000000e-07
 65  46  0  0  0  1  7.140602e-02  3.000000e-07
 65  68  0  0  0  1  9.392177e-02  3.000000e-07
 65  69  0  0  0  1  7.146842e-02  3.000000e-07
 65  82  0  0  0  1  1.193095e-01  3.000000e-07
 65  75  0  0  0  1  1.538957e-01  3.000000e-07
 83  88  0  0  0  1  5.523057e-02  3.000000e-07
 83  73  0  0  0  1  5.628185e-02  3.000000e-07
 83  86  0  0  0  1  1.381710e-01  3.000000e-07
 63  55  0  0  0  1  1.053565e-01  3.000000e-07
 63  89  0  0  0  1  1.063384e-01  3.000000e-07
 70  71  0  0  0  1  9.263571e-02  3.000000e-07
 70  4  0  0  0  1  5.697363e-02  3.000000e-07
 84  50  0  0  0  1  1.240697e-01  3.000000e-07
 84  54  0  0  0  1  1.875745e-01  3.000000e-07
 84  44  0  0  0  1  1.582544e-01  3.000000e-07
 84  45  0  0  0  1  1.199307e-01  3.000000e-07
 84  72  0  0  0  1  7.556663e-02  3.000000e-07
 84  80  0  0  0  1  1.940502e-01  3.000000e-07
 66  67  0  0  0  1  1.194449e-01  3.000000e-07
 66  55  0  0  0  1  1.911965e-01  3.000000e-07
 66  69  0  0  0  1  1.773303e-01  3.000000e-07
 66  47  0  0  0  1  8.069130e-02  3.000000e-07
 66  89  0  0  0  1  1.535071e-01  3.000000e-07
 3  68  0  0  0  1  5.985937e-02  3.000000e-07
 3  69  0  0  0  1  1.221761e-01  3.000000e-07
 3  72  0  1  0  1  2.300429e-01  3.000000e-07
 3  57  0  0  0  1  1.491894e-01  3.000000e-07
 3  58  0  0  0  1  1.283002e-01  3.000000e-07
 67  49  0  0  0  1  9.225413e-02  3.000000e-07
 67  46  0  0  0  1  1.483951e-01  3.000000e-07
 67  82  0  0  0  1  1.808859e-01  3.000000e-07
 67  47  0  0  0  1  8.905990e-02  3.000000e-07
 49  50  0  0  0  1  2.606828e-01  3.000000e-07
 2  74  0  1  0  1  1.941512e-01  3.000000e-07
 2  59  0  0  0  1  1.793646e-01  3.000000e-07
 2  60  0  1  0  1  2.318629e-01  3.000000e-07
 46  69  0  0  0  1  1.022217e-01  3.000000e-07
 46  82  0  0  0  1  7.354939e-02  3.000000e-07
 50  51  0  0  0  1  2.789042e-01  3.000000e-07
 50  80  0  0  0  1  2.017894e-01  3.000000e-07
 54  44  0  0  0  1  1.814202e-01  3.000000e-07
 54  72  0  0  0  1  1.957747e-01  3.000000e-07
 54  57  0 -1  0  1  1.945807e-01  3.000000e-07
 54  76  0  0  0  1  1.014096e-01  3.000000e-07
 54  60  0  0  0  1  7.972409e-02  3.000000e-07
 55  69  0  0  0  1  2.358675e-01  3.000000e-07
 44  89  0  0  0  1  1.873546e-01  3.000000e-07
 51  82  0  0  0  1  2.167198e-01  3.000000e-07
 51  48  1  0  0  1  2.851897e-01  3.000000e-07
 51  80  0  0  0  1  2.821358e-01  3.000000e-07
 51  86  1  0  0  1  2.707988e-01  3.000000e-07
 45  72  0  0  0  1  1.133802e-01  3.000000e-07
 45  80  0  0  0  1  1.334009e-01  3.000000e-07
 45  85  1  0  0  1  2.284463e-01  3.000000e-07
 45  75  0 -1  0  1  3.366605e-01  3.000000e-07
 68  45  0  1  0  1  2.688418e-01  3.000000e-07
 68  72  0  1  0  1  2.202501e-01  3.000000e-07
 68  75  0  0  0  1  1.554550e-01  3.000000e-07
 69  47  0  0  0  1  1.164931e-01  3.000000e-07
 69  1  0  0  0  1  2.317609e-01  3.000000e-07
 71  56  0  0  0  1  1.306927e-01  3.000000e-07
 71  77  0  0  0  1  8.701613e-02  3.000000e-07
 71  62  0  0  0  1  2.274634e-01  3.000000e-07
 71  5  0  0  0  1  1.937773e-01  3.000000e-07
 71  4  0  0  0  1  1.029607e-01  3.000000e-07
 72  57  0 -1  0  1  2.209331e-01  3.000000e-07
 56  61  0  0  0  1  1.838864e-01  3.000000e-07
 56  5  0  0  0  1  2.343390e-01  3.000000e-07
 77  62  0  0  0  1  2.408798e-01  3.000000e-07
 77  74  0  1  0  1  1.886731e-01  3.000000e-07
 48  88  0  0  0  1  9.227153e-02  3.000000e-07
 48  86  0  0  0  1  1.722653e-01  3.000000e-07
 48  61  0  0  0  1  1.520896e-01  3.000000e-07
 62  85  0  1  0  1  2.111098e-01  3.000000e-07
 62  74  0  1  0  1  2.598615e-01  3.000000e-07
 62  75 -1  0  0  1  2.740464e-01  3.000000e-07
 89  76  0  0  0  1  2.075174e-01  3.000000e-07
 57  60  0  1  0  1  2.120045e-01  3.000000e-07
 88  0  0  0  0  1  5.285789e-02  3.000000e-07
 88  87  0  0  0  1  9.660235e-02  3.000000e-07
 76  87  0  0  0  1  3.358324e-01  3.000000e-07
 80  85  1  0  0  1  1.656004e-01  3.000000e-07
 80  86  1  0  0  1  1.385363e-01  3.000000e-07
 73  86  0  0  0  1  9.630352e-02  3.000000e-07
 73  0  0  0  0  1  6.275948e-02  3.000000e-07
 85  74  0  0  0  1  2.434168e-01  3.000000e-07
 85  0  0  0  0  1  1.455848e-01  3.000000e-07
 85  87  0  0  0  1  1.607009e-01  3.000000e-07
 86  0  0  0  0  1  1.267388e-01  3.000000e-07
 74  60  0  0  0  1  1.655391e-01  3.000000e-07
 74  87  0  0  0  1  1.664810e-01  3.000000e-07
 58  5  0  0  0  1  1.748661e-01  3.000000e-07
 59  60  0  1  0  1  2.141529e-01  3.000000e-07
 59  5  0  0  0  1  1.838517e-01  3.000000e-07
 59  4  0  0  0  1  1.619618e-01  3.000000e-07
 60  87  0  0  0  1  2.842233e-01  3.000000e-07
 5  1  0  0  0  1  9.908597e-02  3.000000e-07
 5  4  0  0  0  1  1.373804e-01  3.000000e-07
 0  87  0  0  0  1  5.372120e-02  3.000000e-07
-3.092700e-01 -2.501415e-01  0
-2.721628e-02  1.364393e-01  0
-1.128337e-01  3.966237e-01  0
 2.171221e-01  3.320116e-01  0
-8.674684e-02  3.485350e-01  0
-1.067994e-02  2.341357e-01  0
-5.163537e-03  1.414323e-01 -1.285427e-01
-1.928915e-01  3.769791e-01 -1.055846e-01
-2.411237e-01  1.879035e-01 -2.922901e-01
-4.718126e-02  2.182115e-01  3.473308e-01
 3.263734e-01 -4.005072e-01 -1.669949e-01
 2.762457e-02 -2.013170e-01 -3.712246e-01
 2.593730e-01 -4.034210e-01 -1.154814e-01
 2.160673e-01  2.358019e-01 -4.243644e-01
 3.128056e-01 -1.896200e-01 -1.876737e-01
 1.635003e-01  3.338767e-01 -2.186277e-01
 2.372444e-01  2.617127e-01 -2.304723e-01
-3.258598e-01  4.287419e-01  1.666847e-01
 2.842134e-01 -3.791716e-01  1.276111e-01
 2.363676e-01 -3.655173e-01  1.350685e-01
-3.605314e-01 -2.708129e-01 -2.207189e-01
 4.640373e-02 -1.253866e-01  3.814717e-01
-2.440592e-01 -7.868992e-02  2.162509e-01
-4.253720e-01  1.795840e-02  2.240175e-01
-1.352174e-01 -1.456428e-01  2.662037e-01
-2.977254e-01  6.117457e-02  3.327878e-01
-1.094609e-01 -2.499508e-01  1.878822e-01
-2.076654e-01  6.417239e-02 -3.684973e-01
 4.314695e-01 -2.021705e-01  3.212194e-01
-4.013941e-01 -2.060337e-01  2.082776e-01
 4.398522e-01  3.925798e-01  3.746549e-01
 3.437502e-01 -3.929633e-01  2.097252e-01
 3.933140e-01  2.367252e-01  2.261488e-01
-1.700705e-01  9.704286e-02  2.446279e-01
-2.838662e-01 -4.188553e-01  1.099562e-01
 2.530080e-02 -1.867272e-01 -4.107430e-01
 2.142825e-01 -3.359871e-02 -3.324392e-01
-1.569529e-02  1.624618e-01 -3.435882e-01
-3.275197e-01 -3.363272e-01 -3.530316e-01
-1.310844e-01  1.917177e-01 -3.036487e-01
-3.146055e-01  1.743494e-01 -3.957192e-01
-3.942609e-01  3.597642e-01 -4.114186e-01
-3.352483e-01  3.351845e-01  2.123365e-01
-4.582121e-02  4.181554e-01 -2.252603e-01
 1.689393e-01 -2.370148e-01  0
 3.710732e-01 -4.104677e-01  0
 2.900292e-01  1.845505e-01  0
 2.122751e-01  9.784596e-02  0
-3.225775e-01 -1.056301e-01  0
 3.575329e-01 -8.368229e-03  0
 2.452778e-01 -2.436432e-01  0
 4.066330e-01 -1.615246e-02  0
-7.626223e-02 -6.396934e-02  0
-1.490417e-01  7.672947e-02  0
 7.333460e-02 -3.911999e-01  0
-2.016145e-02  1.088457e-01  0
-2.426636e-01  2.009950e-01  0
 9.331073e-02  4.152475e-01  0
 9.555601e-02  3.730316e-01  0
 6.647718e-02  4.010136e-01  0
-6.138531e-03 -3.975206e-01  0
-2.331047e-01  1.735718e-02  0
-3.823921e-01  4.317345e-01  0
 4.743636e-03  6.475062e-03  0
 2.232381e-01 -7.920434e-02  0
 2.545596e-01  2.465241e-01  0
 1.576180e-01  3.848528e-02  0
 2.770499e-01  3.672406e-02  0
 2.767010e-01  3.377987e-01  0
 1.917052e-01  2.125086e-01  0
-1.261107e-01  3.897233e-01  0
-1.851902e-01  3.183722e-01  0
 2.622894e-01 -4.424232e-01  0
-3.461421e-01 -1.993557e-01  0
-1.704111e-01 -4.179590e-01  0
 4.082256e-01  2.549280e-01  0
 7.020005e-02 -2.898388e-01  0
-1.443016e-01  3.951832e-01  0
-1.342481e-01  9.266590e-02  1.511334e-01
-3.485363e-01  2.320447e-01  0
 4.400759e-01 -2.962992e-01  0
 3.812244e-01 -2.785559e-01 -1.046355e-01
 3.626722e-01  1.960619e-01  0
-3.311121e-01 -1.451178e-01  0
 2.593303e-01 -3.669146e-01  0
-4.064623e-01 -3.585324e-01  0
-4.352139e-01 -2.359696e-01  0
-2.655244e-01 -2.813231e-01  0
-3.134538e-01 -1.974494e-01  0
 6.306376e-02 -8.244414e-02  0