 710  90  1.200000e-05  49 -2 -2
 29  31  1  0  0  3  5.316148e-01  1.000000e-07
 29  80  0  1  0  3  4.214111e-01  1.000000e-07
 29  33  0  0  0  3  4.089055e-01  1.000000e-07
 29  32  1  0  0  3  4.832839e-01  1.000000e-07
 29  47  0  0  0  3  2.729491e-01  1.000000e-07
 29  34  0  1  0  3  1.953461e-01  1.000000e-07
 29  30  1  1  0  3  2.862631e-01  1.000000e-07
 29  39  0  0  1  3  3.539272e-01  1.000000e-07
 29  44  0  0  1  3  5.131859e-01  1.000000e-07
 37  25  0  0  0  3  1.833508e-01  1.000000e-07
 37  22  0  0  0  3  2.197121e-01  1.000000e-07
 37  38  0  0  0  3  1.871628e-01  1.000000e-07
 37  23  0  0  0  3  1.819427e-01  1.000000e-07
 37  30  0  0  0  3  3.073227e-01  1.000000e-07
 37  24  0  0  1  3  4.740348e-01  1.000000e-07
 37  42  0  0  1  3  3.581383e-01  1.000000e-07
 31  36  0  0  0  3  2.453427e-01  1.000000e-07
 31  33  0  0  0  3  1.798191e-01  1.000000e-07
 31  32  0  0  0  3  2.757554e-01  1.000000e-07
 31  47 -1  0  0  3  6.144583e-01  1.000000e-07
 31  38  0  0  0  3  2.725000e-01  1.000000e-07
 31  26  0  0  0  3  1.150534e-01  1.000000e-07
 31  27  0  0  0  3  2.727903e-01  1.000000e-07
 31  44  0  0  1  3  3.517928e-01  1.000000e-07
 36  25  0  1  0  3  3.486039e-01  1.000000e-07
 36  47  0  0  0  3  4.466942e-01  1.000000e-07
 36  28  0  0  0  3  2.710635e-01  1.000000e-07
 36  26  0  0  0  3  1.832961e-01  1.000000e-07
 36  23  0  1  0  3  3.067015e-01  1.000000e-07
 36  24  0  1  1  3  5.188051e-01  1.000000e-07
 46  22  0  0  0  3  3.014305e-01  1.000000e-07
 46  38  0  0  0  3  9.159060e-02  1.000000e-07
 46  26  0  0  0  3  2.484251e-01  1.000000e-07
 46  35  0  0  0  3  2.205067e-01  1.000000e-07
 46  27  0  0  0  3  1.234571e-01  1.000000e-07
 80  25  0  0  0  3  4.023994e-01  1.000000e-07
 80  22  0  0  0  3  4.393323e-01  1.000000e-07
 80  22  1  0  0  3  5.648892e-01  1.000000e-07
 80  35  0  0  0  3  2.736887e-01  1.000000e-07
 80  42  1  0  1  3  4.942584e-01  1.000000e-07
 25  22  0  0  0  3  6.900145e-02  1.000000e-07
 25  34  0  0  0  3  5.245030e-01  1.000000e-07
 25  38  0  0  0  3  2.450494e-01  1.000000e-07
 25  23  0  0  0  3  2.295111e-01  1.000000e-07
 25  35  0  0  0  3  2.599352e-01  1.000000e-07
 25  24  0  0  1  3  5.139376e-01  1.000000e-07
 33  47  0  0  0  3  4.582648e-01  1.000000e-07
 33  26  0  0  0  3  2.169309e-01  1.000000e-07
 33  23  0  1  0  3  4.070556e-01  1.000000e-07
 33  39  0  0  1  3  2.911001e-01  1.000000e-07
 33  44  0  0  1  3  3.742480e-01  1.000000e-07
 33  24  0  1  1  3  4.213868e-01  1.000000e-07
 33  79  0  1  1  3  3.421800e-01  1.000000e-07
 32  28  0  0  0  3  3.024971e-01  1.000000e-07
 32  26  0  0  0  3  2.049355e-01  1.000000e-07
 32  27  0  0  0  3  3.441456e-01  1.000000e-07
 32  30  0  1  0  3  4.069241e-01  1.000000e-07
 32  41  0  0  1  3  4.197065e-01  1.000000e-07
 22  35  0  0  0  3  3.087101e-01  1.000000e-07
 47  34  0  1  0  3  3.613478e-01  1.000000e-07
 47  28  0  0  0  3  3.241506e-01  1.000000e-07
 47  19  1  0  1  3  5.785001e-01  1.000000e-07
 34  23  0  0  0  3  5.505951e-01  1.000000e-07
 34  35  0  0  0  3  4.862313e-01  1.000000e-07
 34  30  1  0  0  3  3.144037e-01  1.000000e-07
 34  39  0 -1  1  3  3.022426e-01  1.000000e-07
 34  24  0  0  1  3  3.412813e-01  1.000000e-07
 34  45  0  0  1  3  3.040604e-01  1.000000e-07
 28  38  0  0  0  3  2.786422e-01  1.000000e-07
 28  26  0  0  0  3  1.524853e-01  1.000000e-07
 28  27  0  0  0  3  1.247709e-01  1.000000e-07
 28  44  0  0  1  3  4.399498e-01  1.000000e-07
 38  26  0  0  0  3  2.633003e-01  1.000000e-07
 38  35  0  0  0  3  2.387670e-01  1.000000e-07
 38  19  0  0  1  3  4.599095e-01  1.000000e-07
 38  24  0  0  1  3  5.051114e-01  1.000000e-07
 26  27  0  0  0  3  1.979358e-01  1.000000e-07
 23  40  0  0  1  3  4.840823e-01  1.000000e-07
 23  41  0 -1  1  3  4.641578e-01  1.000000e-07
 23  42  0  0  1  3  3.223777e-01  1.000000e-07
 23  89  0  0  1  3  5.508554e-01  1.000000e-07
 35  27  0  0  0  3  1.998829e-01  1.000000e-07
 35  24  0  0  1  3  5.069470e-01  1.000000e-07
 27  44  0  0  1  3  4.664551e-01  1.000000e-07
 30  41  0 -1  1  3  4.173236e-01  1.000000e-07
 30  45 -1  0  1  3  3.809774e-01  1.000000e-07
 30  79  0  0  1  3  5.658387e-01  1.000000e-07
 30  89  0  0  1  3  4.672356e-01  1.000000e-07
 18  40  0  0  0  3  3.497075e-01  1.000000e-07
 18  45 -1  0  0  3  4.204440e-01  1.000000e-07
 18  88  0  0  0  3  3.462236e-01  1.000000e-07
 18  79  0  0  0  3  4.286672e-01  1.000000e-07
 18  20  0  0  0  3  2.723015e-01  1.000000e-07
 18  50 -1  0  0  3  5.140558e-01  1.000000e-07
 39  15  0  0  0  3  2.205599e-01  1.000000e-07
 39  44  0  0  0  3  3.875826e-01  1.000000e-07
 39  17  0  0  0  3  1.783068e-01  1.000000e-07
 39  45  0  1  0  3  2.954570e-01  1.000000e-07
 39  79  0  1  0  3  1.904426e-01  1.000000e-07
 39  16  0  0  0  3  4.355517e-01  1.000000e-07
 15  44  0  0  0  3  4.508830e-01  1.000000e-07
 15  17  0  0  0  3  3.077370e-01  1.000000e-07
 15  41  1  0  0  3  3.765302e-01  1.000000e-07
 15  50  0  0  0  3  5.400986e-01  1.000000e-07
 15  42  1  1  0  3  4.030515e-01  1.000000e-07
 15  16  1  0  0  3  3.946198e-01  1.000000e-07
 15  89  1  1  0  3  4.258055e-01  1.000000e-07
 19  78  0  0  0  3  1.889615e-01  1.000000e-07
 19  44 -1  0  0  3  5.258996e-01  1.000000e-07
 19  41  0  0  0  3  1.856855e-01  1.000000e-07
 19  88  0  0  0  3  1.758531e-01  1.000000e-07
 19  20  0  0  0  3  3.275403e-01  1.000000e-07
 19  21  0  0  0  3  2.961771e-01  1.000000e-07
 19  42  0  0  0  3  3.709020e-01  1.000000e-07
 78  17 -1  0  0  3  4.825547e-01  1.000000e-07
 78  41  0  0  0  3  2.164359e-01  1.000000e-07
 78  50 -1  0  0  3  5.056505e-01  1.000000e-07
 78  21  0  0  0  3  3.040348e-01  1.000000e-07
 78  16  0  0  0  3  1.992396e-01  1.000000e-07
 78  89  0  1  0  3  3.592450e-01  1.000000e-07
 44  40  0  0  0  3  2.874580e-01  1.000000e-07
 44  20  1  0  0  3  5.120422e-01  1.000000e-07
 44  43  0  0  0  3  2.363123e-01  1.000000e-07
 17  45  0  1  0  3  4.223329e-01  1.000000e-07
 17  79  0  1  0  3  3.196195e-01  1.000000e-07
 17  21  0  0  0  3  3.283988e-01  1.000000e-07
 17  16  0  0  0  3  4.319060e-01  1.000000e-07
 17  14  0  0  0  3  2.598782e-01  1.000000e-07
 40  41  0  0  0  3  3.019479e-01  1.000000e-07
 40  24  0  0  0  3  3.688603e-01  1.000000e-07
 40  88  0  0  0  3  1.510353e-01  1.000000e-07
 40  20  0  0  0  3  3.329261e-01  1.000000e-07
 40  21  0  0  0  3  1.405069e-01  1.000000e-07
 40  42  0  0  0  3  3.808398e-01  1.000000e-07
 41  21  0  0  0  3  2.710294e-01  1.000000e-07
 41  16  0  0  0  3  5.831211e-02  1.000000e-07
 24  43  0  0  0  3  3.271574e-01  1.000000e-07
 45  15  0 -1  0  3  2.847279e-01  1.000000e-07
 45  20  1  0  0  3  2.586137e-01  1.000000e-07
 45  42  1  0  0  3  2.675764e-01  1.000000e-07
 45  89  1  0  0  3  3.912960e-01  1.000000e-07
 88  20  0  0  0  3  3.018286e-01  1.000000e-07
 88  21  0  0  0  3  2.047257e-01  1.000000e-07
 88  43  0  0  0  3  2.969253e-01  1.000000e-07
 88  16  0  0  0  3  2.744925e-01  1.000000e-07
 88  14  0  0  0  3  3.162446e-01  1.000000e-07
 79  43  0  0  0  3  4.283957e-01  1.000000e-07
 79  89  0  0  0  3  4.449703e-01  1.000000e-07
 20  50 -1  0  0  3  3.757269e-01  1.000000e-07
 20  42  0  0  0  3  1.131582e-01  1.000000e-07
 20  89  0  0  0  3  3.303696e-01  1.000000e-07
 50  43  0  0  0  3  2.639674e-01  1.000000e-07
 21  43  0  0  0  3  1.799981e-01  1.000000e-07
 21  16  0  0  0  3  2.445389e-01  1.000000e-07
 21  14  0  0  0  3  1.823939e-01  1.000000e-07
 42  89  0  0  0  3  3.818355e-01  1.000000e-07
 43  14  0  0  0  3  1.312210e-01  1.000000e-07
 16  14  0  0  0  3  3.871205e-01  1.000000e-07
 16  89  0  1  0  3  4.000160e-01  1.000000e-07
 14  89  0  1  0  3  5.684614e-01  1.000000e-07
 80  3  0  0  0  3  1.738450e-01  1.000000e-07
 4  79  0  0  0  3  3.458751e-01  1.000000e-07
 47  75  0  0  0  3  2.705955e-01  1.000000e-07
 76  14  0  0  0  3  2.288942e-01  1.000000e-07
 30  67  0  0  0  3  4.240464e-01  1.000000e-07
 71  89  0  0  0  3  1.287651e-01  1.000000e-07
 28  54  0  0  0  3  2.780630e-01  1.000000e-07
 77  50  0  0  0  3  2.056317e-01  1.000000e-07
 46  81  0  0  0  3  1.859465e-01  1.000000e-07
 9  88  0  0  0  3  2.713873e-01  1.000000e-07
 46  83  0  0  0  3  2.587221e-01  1.000000e-07
 85  18  0  0  0  3  1.987485e-01  1.000000e-07
 27  54  0  0  0  3  2.288312e-01  1.000000e-07
 13  50  0  0  0  3  2.090751e-01  1.000000e-07
 80  61  0  0  0  3  1.587038e-01  1.000000e-07
 55  45  0  0  0  3  3.038190e-01  1.000000e-07
 27  62  0  0  0  3  1.663661e-01  1.000000e-07
 49  14  0  0  0  3  1.274793e-01  1.000000e-07
 32  64  0  0  0  3  2.162790e-01  1.000000e-07
 1  78  0  0  0  3  2.792333e-01  1.000000e-07
 36  73  0  1  0  3  2.691278e-01  1.000000e-07
 72  79  0  0  0  3  3.363149e-01  1.000000e-07
 80  71  1  0  0  3  2.832841e-01  1.000000e-07
 11  89  0  0  0  3  2.296813e-01  1.000000e-07
 22  57  0  0  0  3  1.261303e-01  1.000000e-07
 83  18  0  0  0  3  1.449221e-01  1.000000e-07
 46  82  0  0  0  3  1.861321e-01  1.000000e-07
 49  14  0  0  0  3  1.394331e-01  1.000000e-07
 28  74  0  0  0  3  2.179304e-01  1.000000e-07
 58  17  0  0  0  3  2.118080e-01  1.000000e-07
 37  83  0  0  0  3  3.065007e-01  1.000000e-07
 84  18  0  0  0  3  1.360185e-01  1.000000e-07
 22  57  0  0  0  3  1.542802e-01  1.000000e-07
 56  89  0  0  0  3  1.719275e-01  1.000000e-07
 46  81  0  0  0  3  2.204784e-01  1.000000e-07
 69  78  0  0  0  3  3.106878e-01  1.000000e-07
 47  77  0  0  0  3  2.549923e-01  1.000000e-07
 75  50  0  0  0  3  2.571898e-01  1.000000e-07
 36  58  0  0  0  3  2.886921e-01  1.000000e-07
 66  17  0  0  0  3  2.316398e-01  1.000000e-07
 50  59  0  0  0  3  2.359190e-01  1.000000e-07
 61  37  1  0  0  3  4.572038e-01  1.000000e-07
 35  86  0  0  0  3  1.715704e-01  1.000000e-07
 49  43  0  0  0  3  1.933503e-01  1.000000e-07
 22  48  0  0  0  3  1.612922e-01  1.000000e-07
 57  43  0  0  0  3  2.596264e-01  1.000000e-07
 32  56  0  1  0  3  2.340806e-01  1.000000e-07
 67  89  0  0  0  3  1.597904e-01  1.000000e-07
 62  82  0  0  0  2  2.201994e-01  2.000000e-07
 62  0  0  0  0  2  2.621671e-01  2.000000e-07
 62  76  0  0  0  2  4.957394e-02  2.000000e-07
 62  6  0  0  0  2  2.859609e-01  2.000000e-07
 62  12  0  0  0  2  3.274674e-01  2.000000e-07
 62  53  1  0  0  2  4.917417e-01  2.000000e-07
 62  68  1  0  0  2  5.704349e-01  2.000000e-07
 62  54  0  0  0  2  7.203732e-02  2.000000e-07
 62  81  0  0  0  2  3.026478e-01  2.000000e-07
 62  49  0  0  0  2  1.676974e-01  2.000000e-07
 62  63  1  0  0  2  6.123983e-01  2.000000e-07
 62  13  0  0  0  2  2.436543e-01  2.000000e-07
 62  60  0  0  0  2  4.478644e-01  2.000000e-07
 62  66  0  0  0  2  2.405681e-01  2.000000e-07
 62  87  0  0  0  2  2.847773e-01  2.000000e-07
 62  74  0  0  0  2  1.613828e-01  2.000000e-07
 67  0  0 -1  0  2  3.811710e-01  2.000000e-07
 67  72  0  0  0  2  3.442869e-01  2.000000e-07
 67  83  0  0  0  2  2.002266e-01  2.000000e-07
 67  68  0 -1  0  2  2.108946e-01  2.000000e-07
 67  73  0  0  0  2  2.783646e-01  2.000000e-07
 67  8 -1 -1  0  2  4.124602e-01  2.000000e-07
 67  56  0  0  0  2  3.752339e-02  2.000000e-07
 67  57  0  0  0  2  1.984878e-01  2.000000e-07
 67  63  0 -1  0  2  4.618190e-01  2.000000e-07
 67  11  0  0  0  2  1.633478e-01  2.000000e-07
 67  71  0  0  0  2  2.161359e-02  2.000000e-07
 67  1  0 -1  0  2  3.406739e-01  2.000000e-07
 82  75  0  0  0  2  3.350191e-01  2.000000e-07
 82  0  0  0  0  2  3.195693e-01  2.000000e-07
 82  76  0  0  0  2  2.684041e-01  2.000000e-07
 82  9  0  0  0  2  5.971136e-02  2.000000e-07
 82  51  0  0  0  2  3.560148e-01  2.000000e-07
 82  52  0  0  0  2  2.585630e-01  2.000000e-07
 82  54  0  0  0  2  2.552640e-01  2.000000e-07
 82  81  0  0  0  2  1.130937e-01  2.000000e-07
 82  49  0  0  0  2  1.068431e-01  2.000000e-07
 82  69  0  0  0  2  1.751729e-01  2.000000e-07
 82  10  0  0  0  2  2.366985e-01  2.000000e-07
 82  57  0  0  0  2  3.069119e-01  2.000000e-07
 82  48  0  0  0  2  7.279761e-02  2.000000e-07
 82  63  0  0  0  2  2.518958e-01  2.000000e-07
 82  64  0  0  0  2  2.764701e-01  2.000000e-07
 82  58  0  0  0  2  3.626704e-01  2.000000e-07
 82  85  0  0  0  2  1.394380e-01  2.000000e-07
 82  86  0  0  0  2  1.139500e-01  2.000000e-07
 82  74  0  0  0  2  3.235981e-01  2.000000e-07
 75  76  0  0  0  2  6.992078e-02  2.000000e-07
 75  52  1  0  0  2  4.637744e-01  2.000000e-07
 75  54  0  0  0  2  9.068746e-02  2.000000e-07
 75  8  0  0  0  2  2.360738e-01  2.000000e-07
 75  2  0  0  0  2  1.725913e-01  2.000000e-07
 75  70  0  0  0  2  3.238511e-01  2.000000e-07
 75  7  0  0  0  2  2.312885e-01  2.000000e-07
 75  63  1  0  0  2  4.965393e-01  2.000000e-07
 75  13  0  0  0  2  2.530702e-01  2.000000e-07
 75  58  0  0  0  2  2.040572e-01  2.000000e-07
 75  59  0  0  0  2  3.571133e-01  2.000000e-07
 75  77  0  0  0  2  4.516982e-02  2.000000e-07
 75  86  0  0  0  2  2.706179e-01  2.000000e-07
 75  74  0  0  0  2  1.908275e-01  2.000000e-07
 0  72  0  1  0  2  2.778859e-01  2.000000e-07
 0  68  0  0  0  2  3.489586e-01  2.000000e-07
 0  73  0  1  0  2  2.108377e-01  2.000000e-07
 0  81  0  0  0  2  3.063819e-01  2.000000e-07
 0  63  0  0  0  2  2.759770e-01  2.000000e-07
 0  65  0  0  0  2  2.466995e-01  2.000000e-07
 0  66  0  0  0  2  9.931299e-02  2.000000e-07
 0  74  0  0  0  2  1.533727e-01  2.000000e-07
 72  51  0  0  0  2  1.321968e-01  2.000000e-07
 72  83  0  0  0  2  3.323903e-01  2.000000e-07
 72  5  0  0  0  2  1.059729e-01  2.000000e-07
 72  68  0 -1  0  2  4.603063e-01  2.000000e-07
 72  68  1 -1  0  2  5.955137e-01  2.000000e-07
 72  73  0  0  0  2  9.186001e-02  2.000000e-07
 72  55  0  0  0  2  3.420410e-01  2.000000e-07
 72  8  0 -1  0  2  4.726423e-01  2.000000e-07
 72  49  0  0  0  2  3.933689e-01  2.000000e-07
 72  57  0  0  0  2  2.062076e-01  2.000000e-07
 72  48  0  0  0  2  3.888621e-01  2.000000e-07
 72  13  0  0  0  2  3.656450e-01  2.000000e-07
 72  60  0  0  0  2  9.982839e-02  2.000000e-07
 72  66  0 -1  0  2  2.314335e-01  2.000000e-07
 72  86  0  0  0  2  3.796215e-01  2.000000e-07
 72  74  0 -1  0  2  3.044360e-01  2.000000e-07
 76  68  1  0  0  2  5.219923e-01  2.000000e-07
 76  8  0  0  0  2  2.998338e-01  2.000000e-07
 76  49  0  0  0  2  2.067596e-01  2.000000e-07
 76  63  1  0  0  2  5.651083e-01  2.000000e-07
 76  13  0  0  0  2  2.443886e-01  2.000000e-07
 76  66  0  0  0  2  2.457803e-01  2.000000e-07
 76  86  0  0  0  2  2.159878e-01  2.000000e-07
 76  74  0  0  0  2  1.602122e-01  2.000000e-07
 9  51  0  0  0  2  3.610663e-01  2.000000e-07
 9  12  0  0  0  2  6.954105e-02  2.000000e-07
 9  54  0  0  0  2  3.140821e-01  2.000000e-07
 9  69  0  0  0  2  1.328379e-01  2.000000e-07
 9  84  0  0  0  2  2.161642e-01  2.000000e-07
 9  70  0  0  0  2  4.262024e-01  2.000000e-07
 9  57  0  0  0  2  2.705236e-01  2.000000e-07
 9  58  0  0  0  2  4.149170e-01  2.000000e-07
 9  60  0  0  0  2  3.413713e-01  2.000000e-07
 9  86  0  0  0  2  1.592578e-01  2.000000e-07
 9  87  0  0  0  2  3.754803e-01  2.000000e-07
 51  3  0  0  0  2  1.009663e-01  2.000000e-07
 51  5  0  0  0  2  1.080390e-01  2.000000e-07
 51  73  0  0  0  2  2.202659e-01  2.000000e-07
 51  55  0  0  0  2  2.188047e-01  2.000000e-07
 51  84  0  0  0  2  3.791043e-01  2.000000e-07
 51  70  0  0  0  2  2.256240e-01  2.000000e-07
 51  57  0  0  0  2  2.429382e-01  2.000000e-07
 51  13  0  0  0  2  2.341699e-01  2.000000e-07
 51  59  0  0  0  2  3.265883e-01  2.000000e-07
 51  60  0  0  0  2  5.276224e-02  2.000000e-07
 51  86  0  0  0  2  2.789955e-01  2.000000e-07
 3  6  0 -1  0  2  3.603082e-01  2.000000e-07
 3  5  0  0  0  2  6.518620e-02  2.000000e-07
 3  4  0  0  0  2  1.725325e-02  2.000000e-07
 3  73  0  0  0  2  2.518279e-01  2.000000e-07
 3  55  0  0  0  2  2.000931e-01  2.000000e-07
 3  70  0  0  0  2  2.237606e-01  2.000000e-07
 3  61  0  0  0  2  2.475501e-01  2.000000e-07
 3  58  0 -1  0  2  3.236988e-01  2.000000e-07
 3  59  0  0  0  2  2.960789e-01  2.000000e-07
 3  60  0  0  0  2  1.406751e-01  2.000000e-07
 52  55 -1  0  0  2  4.345362e-01  2.000000e-07
 52  8 -1  0  0  2  3.840177e-01  2.000000e-07
 52  69  0  0  0  2  8.464245e-02  2.000000e-07
 52  10  0  0  0  2  1.625692e-01  2.000000e-07
 52  57  0  0  0  2  3.707321e-01  2.000000e-07
 52  48  0  0  0  2  2.271843e-01  2.000000e-07
 52  63  0  0  0  2  1.388042e-01  2.000000e-07
 52  13 -1  0  0  2  4.752103e-01  2.000000e-07
 52  64  0  0  0  2  2.998586e-01  2.000000e-07
 52  85  0  0  0  2  1.616053e-01  2.000000e-07
 52  11  0  0  0  2  2.765660e-01  2.000000e-07
 52  59 -1  0  0  2  3.277133e-01  2.000000e-07
 52  1  0  0  0  2  2.483710e-01  2.000000e-07
 6  4  0  1  0  2  3.432242e-01  2.000000e-07
 6  53  1  0  0  2  2.469423e-01  2.000000e-07
 6  68  1  0  0  2  2.901929e-01  2.000000e-07
 6  54  0  0  0  2  2.746084e-01  2.000000e-07
 6  8  0  0  0  2  7.654671e-02  2.000000e-07
 6  56  1  1  0  2  5.030330e-01  2.000000e-07
 6  2  0  0  0  2  2.683201e-02  2.000000e-07
 6  61  0  1  0  2  4.537685e-01  2.000000e-07
 6  7  0  0  0  2  1.305196e-01  2.000000e-07
 6  58  0  0  0  2  2.292130e-01  2.000000e-07
 6  60  0  1  0  2  4.697119e-01  2.000000e-07
 6  77  0  0  0  2  1.957853e-01  2.000000e-07
 6  66  0  0  0  2  3.054820e-01  2.000000e-07
 12  83  0  0  0  2  2.081673e-01  2.000000e-07
 12  53  0  0  0  2  3.634914e-01  2.000000e-07
 12  54  0  0  0  2  3.704406e-01  2.000000e-07
 12  81  0  0  0  2  4.461077e-02  2.000000e-07
 12  69  0  0  0  2  6.384253e-02  2.000000e-07
 12  84  0  0  0  2  2.035435e-01  2.000000e-07
 12  10  0  0  0  2  1.478625e-01  2.000000e-07
 12  61 -1  0  0  2  4.751447e-01  2.000000e-07
 12  64  0  0  0  2  2.720640e-01  2.000000e-07
 12  11  0  0  0  2  3.182229e-01  2.000000e-07
 12  65  0  0  0  2  2.279687e-01  2.000000e-07
 12  60  0  0  0  2  3.971413e-01  2.000000e-07
 12  66  0  0  0  2  4.204485e-01  2.000000e-07
 12  87 -1  0  0  2  5.866050e-01  2.000000e-07
 12  87  0  0  0  2  4.449508e-01  2.000000e-07
 83  68  0 -1  0  2  4.111119e-01  2.000000e-07
 83  81  0  0  0  2  2.527389e-01  2.000000e-07
 83  49  0  0  0  2  3.211778e-01  2.000000e-07
 83  56  0  0  0  2  1.717349e-01  2.000000e-07
 83  84  0  0  0  2  3.109236e-02  2.000000e-07
 83  57  0  0  0  2  1.270941e-01  2.000000e-07
 83  48  0  0  0  2  1.910742e-01  2.000000e-07
 83  13  0  0  0  2  4.533826e-01  2.000000e-07
 83  85  0  0  0  2  1.473868e-01  2.000000e-07
 83  11  0  0  0  2  1.687521e-01  2.000000e-07
 83  60  0  0  0  2  3.035439e-01  2.000000e-07
 83  66  0 -1  0  2  5.107651e-01  2.000000e-07
 83  71  0  0  0  2  2.061434e-01  2.000000e-07
 5  4  0  0  0  2  6.013228e-02  2.000000e-07
 5  73  0  0  0  2  1.906316e-01  2.000000e-07
 5  55  0  0  0  2  2.634861e-01  2.000000e-07
 5  8  0 -1  0  2  3.969554e-01  2.000000e-07
 5  2  0 -1  0  2  3.301910e-01  2.000000e-07
 5  57  0  0  0  2  2.965973e-01  2.000000e-07
 5  58  0 -1  0  2  2.726393e-01  2.000000e-07
 5  74  0 -1  0  2  3.092298e-01  2.000000e-07
 4  73  0  0  0  2  2.503017e-01  2.000000e-07
 4  55  0  0  0  2  2.115846e-01  2.000000e-07
 4  8  0 -1  0  2  3.827840e-01  2.000000e-07
 4  2  0 -1  0  2  3.300124e-01  2.000000e-07
 4  61  0  0  0  2  2.518765e-01  2.000000e-07
 4  58  0 -1  0  2  3.090142e-01  2.000000e-07
 4  59  0  0  0  2  3.045951e-01  2.000000e-07
 4  60  0  0  0  2  1.516038e-01  2.000000e-07
 4  71  1  0  0  2  4.755357e-01  2.000000e-07
 53  68  0  0  0  2  1.421626e-01  2.000000e-07
 53  54 -1  0  0  2  4.517810e-01  2.000000e-07
 53  56  0  1  0  2  3.782979e-01  2.000000e-07
 53  69  0  0  0  2  3.049314e-01  2.000000e-07
 53  70 -1  0  0  2  5.323711e-01  2.000000e-07
 53  61 -1  0  0  2  5.519863e-01  2.000000e-07
 53  61 -1  1  0  2  5.092611e-01  2.000000e-07
 53  7 -1  0  0  2  1.415952e-01  2.000000e-07
 53  63  0  0  0  2  1.919683e-01  2.000000e-07
 53  13 -1  0  0  2  5.250969e-01  2.000000e-07
 53  65  0  0  0  2  1.582096e-01  2.000000e-07
 53  77 -1  0  0  2  3.545971e-01  2.000000e-07
 53  1  0  0  0  2  9.735000e-02  2.000000e-07
 53  87 -1  0  0  2  5.305293e-01  2.000000e-07
 68  55 -1  1  0  2  4.903357e-01  2.000000e-07
 68  8 -1  0  0  2  2.222390e-01  2.000000e-07
 68  56  0  1  0  2  2.416628e-01  2.000000e-07
 68  61 -1  1  0  2  3.918752e-01  2.000000e-07
 68  63  0  0  0  2  2.937171e-01  2.000000e-07
 68  64  0  0  0  2  2.842601e-01  2.000000e-07
 68  11  0  1  0  2  3.350263e-01  2.000000e-07
 68  65  0  0  0  2  2.424197e-01  2.000000e-07
 68  60  0  1  0  2  5.235747e-01  2.000000e-07
 68  66 -1  0  0  2  5.730404e-01  2.000000e-07
 68  66  0  0  0  2  4.351733e-01  2.000000e-07
 68  71  0  1  0  2  2.074194e-01  2.000000e-07
 68  1  0  0  0  2  1.653551e-01  2.000000e-07
 68  87 -1  1  0  2  5.820343e-01  2.000000e-07
 68  74 -1  0  0  2  5.316878e-01  2.000000e-07
 54  70  0  0  0  2  2.715292e-01  2.000000e-07
 54  64  0  0  0  2  3.742671e-01  2.000000e-07
 54  58  0  0  0  2  2.439003e-01  2.000000e-07
 54  77  0  0  0  2  9.720669e-02  2.000000e-07
 54  66  0  0  0  2  3.018545e-01  2.000000e-07
 54  86  0  0  0  2  1.808097e-01  2.000000e-07
 54  87  0  0  0  2  2.243122e-01  2.000000e-07
 73  56  0  0  0  2  2.529505e-01  2.000000e-07
 73  84  0  0  0  2  3.448419e-01  2.000000e-07
 73  57  0  0  0  2  1.942481e-01  2.000000e-07
 73  63  0 -1  0  2  4.479737e-01  2.000000e-07
 73  64  0 -1  0  2  2.891152e-01  2.000000e-07
 73  58  0 -1  0  2  2.609123e-01  2.000000e-07
 73  60  0  0  0  2  1.787623e-01  2.000000e-07
 73  1  0 -1  0  2  3.832917e-01  2.000000e-07
 73  74  0 -1  0  2  2.804021e-01  2.000000e-07
 55  8  0 -1  0  2  5.094705e-01  2.000000e-07
 55  63  1  0  0  2  5.516003e-01  2.000000e-07
 55  13  0  0  0  2  1.343054e-01  2.000000e-07
 55  11  1  0  0  2  3.141869e-01  2.000000e-07
 55  65  1  0  0  2  5.870824e-01  2.000000e-07
 55  59  0  0  0  2  1.082647e-01  2.000000e-07
 55  60  0  0  0  2  2.699857e-01  2.000000e-07
 55  66  0 -1  0  2  5.189428e-01  2.000000e-07
 55  71  1  0  0  2  4.140081e-01  2.000000e-07
 55  87  0  0  0  2  9.171349e-02  2.000000e-07
 81  49  0  0  0  2  2.197285e-01  2.000000e-07
 81  48  0  0  0  2  1.135959e-01  2.000000e-07
 81  63  0  0  0  2  1.473110e-01  2.000000e-07
 81  13  0  0  0  2  4.119572e-01  2.000000e-07
 81  85  0  0  0  2  1.057618e-01  2.000000e-07
 81  11  0  0  0  2  3.588112e-01  2.000000e-07
 81  65  0  0  0  2  1.941786e-01  2.000000e-07
 81  60  0  0  0  2  4.263768e-01  2.000000e-07
 81  66  0  0  0  2  3.782979e-01  2.000000e-07
 81  87  0  0  0  2  4.492032e-01  2.000000e-07
 8  56  1  1  0  2  4.480112e-01  2.000000e-07
 8  2  0  0  0  2  1.032812e-01  2.000000e-07
 8  61  0  1  0  2  4.501720e-01  2.000000e-07
 8  7  0  0  0  2  7.659316e-02  2.000000e-07
 8  63  1  0  0  2  3.486133e-01  2.000000e-07
 8  59  0  1  0  2  5.379213e-01  2.000000e-07
 8  71  1  1  0  2  4.019473e-01  2.000000e-07
 8  1  1  0  0  2  2.680488e-01  2.000000e-07
 8  74  0  0  0  2  3.244177e-01  2.000000e-07
 49  48  0  0  0  2  1.512603e-01  2.000000e-07
 49  13  0  0  0  2  1.929108e-01  2.000000e-07
 49  60  0  0  0  2  2.969737e-01  2.000000e-07
 49  86  0  0  0  2  1.415331e-02  2.000000e-07
 49  74  0  0  0  2  3.122211e-01  2.000000e-07
 56  84  0  0  0  2  1.781363e-01  2.000000e-07
 56  10  0  0  0  2  2.433209e-01  2.000000e-07
 56  57  0  0  0  2  1.609648e-01  2.000000e-07
 56  61 -1  0  0  2  3.424092e-01  2.000000e-07
 56  7 -1 -1  0  2  4.801392e-01  2.000000e-07
 56  11  0  0  0  2  1.683234e-01  2.000000e-07
 56  59 -1  0  0  2  3.881551e-01  2.000000e-07
 56  60  0  0  0  2  3.377025e-01  2.000000e-07
 56  66  0 -1  0  2  4.156581e-01  2.000000e-07
 56  71  0  0  0  2  5.582015e-02  2.000000e-07
 56  1  0 -1  0  2  3.610213e-01  2.000000e-07
 69  10  0  0  0  2  1.581030e-01  2.000000e-07
 69  61 -1  0  0  2  4.464137e-01  2.000000e-07
 69  63  0  0  0  2  1.262564e-01  2.000000e-07
 69  64  0  0  0  2  2.547997e-01  2.000000e-07
 69  65  0  0  0  2  1.816838e-01  2.000000e-07
 69  59 -1  0  0  2  4.038173e-01  2.000000e-07
 69  1  0  0  0  2  2.545064e-01  2.000000e-07
 84  10  0  0  0  2  6.696085e-02  2.000000e-07
 84  57  0  0  0  2  1.566676e-01  2.000000e-07
 84  61 -1  0  0  2  3.440028e-01  2.000000e-07
 84  11  0  0  0  2  1.453605e-01  2.000000e-07
 84  60  0  0  0  2  3.346056e-01  2.000000e-07
 84  87 -1  0  0  2  5.089145e-01  2.000000e-07
 2  61  0  1  0  2  4.554294e-01  2.000000e-07
 2  7  0  0  0  2  1.551047e-01  2.000000e-07
 2  58  0  0  0  2  2.024243e-01  2.000000e-07
 2  77  0  0  0  2  1.902432e-01  2.000000e-07
 2  74  0  0  0  2  2.218988e-01  2.000000e-07
 10  57  0  0  0  2  2.115012e-01  2.000000e-07
 10  61 -1  0  0  2  3.505012e-01  2.000000e-07
 10  11  0  0  0  2  1.729656e-01  2.000000e-07
 10  59 -1  0  0  2  3.373594e-01  2.000000e-07
 10  71  0  0  0  2  2.649383e-01  2.000000e-07
 70  61  0  0  0  2  1.472234e-01  2.000000e-07
 70  60  0  0  0  2  2.741142e-01  2.000000e-07
 70  77  0  0  0  2  2.887319e-01  2.000000e-07
 70  86  0  0  0  2  2.759266e-01  2.000000e-07
 70  87  0  0  0  2  5.458647e-02  2.000000e-07
 57  48  0  0  0  2  2.425652e-01  2.000000e-07
 57  85  0  0  0  2  2.374671e-01  2.000000e-07
 57  11  0  0  0  2  2.599887e-01  2.000000e-07
 57  59 -1  0  0  2  4.858088e-01  2.000000e-07
 57  86  0  0  0  2  3.130760e-01  2.000000e-07
 57  71  0  0  0  2  2.155169e-01  2.000000e-07
 48  63  0  0  0  2  2.603091e-01  2.000000e-07
 48  85  0  0  0  2  7.826618e-02  2.000000e-07
 48  86  0  0  0  2  1.520901e-01  2.000000e-07
 61  7  0  0  0  2  4.828397e-01  2.000000e-07
 61  11  1  0  0  2  2.047419e-01  2.000000e-07
 61  59  0  0  0  2  8.782280e-02  2.000000e-07
 61  60  0  0  0  2  3.557398e-01  2.000000e-07
 61  77  0  0  0  2  3.970322e-01  2.000000e-07
 61  71  1  0  0  2  2.987987e-01  2.000000e-07
 61  87  0  0  0  2  2.016570e-01  2.000000e-07
 7  52  1  0  0  2  3.114370e-01  2.000000e-07
 7  69  1  0  0  2  3.738192e-01  2.000000e-07
 7  63  1  0  0  2  2.919350e-01  2.000000e-07
 7  59  0  0  0  2  3.962463e-01  2.000000e-07
 7  77  0  0  0  2  2.154570e-01  2.000000e-07
 7  1  1  0  0  2  2.349392e-01  2.000000e-07
 63  13 -1  0  0  2  5.691125e-01  2.000000e-07
 63  64  0  0  0  2  1.673458e-01  2.000000e-07
 63  85  0  0  0  2  2.305374e-01  2.000000e-07
 63  11  0  0  0  2  4.142329e-01  2.000000e-07
 63  65  0  0  0  2  5.629339e-02  2.000000e-07
 63  71  0  1  0  2  4.682920e-01  2.000000e-07
 63  1  0  0  0  2  1.286946e-01  2.000000e-07
 63  74  0  0  0  2  3.881905e-01  2.000000e-07
 13  65  1  0  0  2  5.935383e-01  2.000000e-07
 13  59  0  0  0  2  1.961868e-01  2.000000e-07
 13  60  0  0  0  2  2.711544e-01  2.000000e-07
 13  86  0  0  0  2  1.849297e-01  2.000000e-07
 13  87  0  0  0  2  4.259335e-02  2.000000e-07
 64  56  0  1  0  2  3.817071e-01  2.000000e-07
 64  58  0  0  0  2  2.678011e-01  2.000000e-07
 64  65  0  0  0  2  1.363875e-01  2.000000e-07
 64  60  0  1  0  2  4.659117e-01  2.000000e-07
 64  66  0  0  0  2  2.084946e-01  2.000000e-07
 64  1  0  0  0  2  1.665537e-01  2.000000e-07
 64  74  0  0  0  2  2.445113e-01  2.000000e-07
 58  60  0  1  0  2  3.657068e-01  2.000000e-07
 58  77  0  0  0  2  2.487341e-01  2.000000e-07
 58  66  0  0  0  2  8.022512e-02  2.000000e-07
 58  74  0  0  0  2  3.907590e-02  2.000000e-07
 85  11  0  0  0  2  2.712281e-01  2.000000e-07
 11  65  0  0  0  2  4.678806e-01  2.000000e-07
 11  59 -1  0  0  2  2.286559e-01  2.000000e-07
 11  71  0  0  0  2  1.499856e-01  2.000000e-07
 11  87 -1  0  0  2  3.877151e-01  2.000000e-07
 65  66  0  0  0  2  3.448455e-01  2.000000e-07
 65  1  0  0  0  2  7.758840e-02  2.000000e-07
 65  87 -1  0  0  2  5.878990e-01  2.000000e-07
 59  77  0  0  0  2  3.143276e-01  2.000000e-07
 59  86  0  0  0  2  3.811044e-01  2.000000e-07
 59  71  1  0  0  2  3.527808e-01  2.000000e-07
 60  68  1 -1  0  2  6.090864e-01  2.000000e-07
 60  66  0 -1  0  2  3.292555e-01  2.000000e-07
 60  87  0  0  0  2  2.637607e-01  2.000000e-07
 77  86  0  0  0  2  2.749871e-01  2.000000e-07
 77  87  0  0  0  2  2.544655e-01  2.000000e-07
 66  74  0  0  0  2  8.685021e-02  2.000000e-07
 62  0  0  0  0  1  2.621671e-01  3.000000e-07
 62  54  0  0  0  1  7.203732e-02  3.000000e-07
 62  49  0  0  0  1  1.676974e-01  3.000000e-07
 62  64  0  0  0  1  3.027038e-01  3.000000e-07
 62  74  0  0  0  1  1.613828e-01  3.000000e-07
 67  68  0 -1  0  1  2.108946e-01  3.000000e-07
 67  73  0  0  0  1  2.783646e-01  3.000000e-07
 82  9  0  0  0  1  5.971136e-02  3.000000e-07
 82  81  0  0  0  1  1.130937e-01  3.000000e-07
 82  49  0  0  0  1  1.068431e-01  3.000000e-07
 82  48  0  0  0  1  7.279761e-02  3.000000e-07
 82  64  0  0  0  1  2.764701e-01  3.000000e-07
 82  86  0  0  0  1  1.139500e-01  3.000000e-07
 75  76  0  0  0  1  6.992078e-02  3.000000e-07
 75  6  0  0  0  1  1.839897e-01  3.000000e-07
 75  54  0  0  0  1  9.068746e-02  3.000000e-07
 75  2  0  0  0  1  1.725913e-01  3.000000e-07
 75  58  0  0  0  1  2.040572e-01  3.000000e-07
 75  74  0  0  0  1  1.908275e-01  3.000000e-07
 0  73  0  1  0  1  2.108377e-01  3.000000e-07
 0  64  0  0  0  1  1.104886e-01  3.000000e-07
 0  66  0  0  0  1  9.931299e-02  3.000000e-07
 0  74  0  0  0  1  1.533727e-01  3.000000e-07
 72  5  0  0  0  1  1.059729e-01  3.000000e-07
 72  73  0  0  0  1  9.186001e-02  3.000000e-07
 72  57  0  0  0  1  2.062076e-01  3.000000e-07
 72  60  0  0  0  1  9.982839e-02  3.000000e-07
 72  66  0 -1  0  1  2.314335e-01  3.000000e-07
 76  54  0  0  0  1  5.859922e-02  3.000000e-07
 76  74  0  0  0  1  1.602122e-01  3.000000e-07
 9  12  0  0  0  1  6.954105e-02  3.000000e-07
 9  81  0  0  0  1  8.582284e-02  3.000000e-07
 9  85  0  0  0  1  7.972691e-02  3.000000e-07
 51  3  0  0  0  1  1.009663e-01  3.000000e-07
 51  55  0  0  0  1  2.188047e-01  3.000000e-07
 51  13  0  0  0  1  2.341699e-01  3.000000e-07
 51  60  0  0  0  1  5.276224e-02  3.000000e-07
 51  86  0  0  0  1  2.789955e-01  3.000000e-07
 51  87  0  0  0  1  2.210125e-01  3.000000e-07
 3  5  0  0  0  1  6.518620e-02  3.000000e-07
 3  61  0  0  0  1  2.475501e-01  3.000000e-07
 52  53  0  0  0  1  2.712873e-01  3.000000e-07
 52  69  0  0  0  1  8.464245e-02  3.000000e-07
 52  7 -1  0  0  1  3.114370e-01  3.000000e-07
 52  63  0  0  0  1  1.388042e-01  3.000000e-07
 52  11  0  0  0  1  2.765660e-01  3.000000e-07
 6  4  0  1  0  1  3.432242e-01  3.000000e-07
 6  8  0  0  0  1  7.654671e-02  3.000000e-07
 6  7  0  0  0  1  1.305196e-01  3.000000e-07
 6  77  0  0  0  1  1.957853e-01  3.000000e-07
 12  69  0  0  0  1  6.384253e-02  3.000000e-07
 12  85  0  0  0  1  6.157612e-02  3.000000e-07
 83  56  0  0  0  1  1.717349e-01  3.000000e-07
 83  10  0  0  0  1  8.761856e-02  3.000000e-07
 83  57  0  0  0  1  1.270941e-01  3.000000e-07
 83  48  0  0  0  1  1.910742e-01  3.000000e-07
 83  85  0  0  0  1  1.473868e-01  3.000000e-07
 5  4  0  0  0  1  6.013228e-02  3.000000e-07
 5  2  0 -1  0  1  3.301910e-01  3.000000e-07
 5  58  0 -1  0  1  2.726393e-01  3.000000e-07
 5  66  0 -1  0  1  2.591876e-01  3.000000e-07
 4  8  0 -1  0  1  3.827840e-01  3.000000e-07
 4  2  0 -1  0  1  3.300124e-01  3.000000e-07
 4  61  0  0  0  1  2.518765e-01  3.000000e-07
 53  7 -1  0  0  1  1.415952e-01  3.000000e-07
 53  63  0  0  0  1  1.919683e-01  3.000000e-07
 53  65  0  0  0  1  1.582096e-01  3.000000e-07
 53  1  0  0  0  1  9.735000e-02  3.000000e-07
 68  73  0  1  0  1  3.713608e-01  3.000000e-07
 68  8 -1  0  0  1  2.222390e-01  3.000000e-07
 68  64  0  0  0  1  2.842601e-01  3.000000e-07
 68  71  0  1  0  1  2.074194e-01  3.000000e-07
 68  1  0  0  0  1  1.653551e-01  3.000000e-07
 54  49  0  0  0  1  1.744972e-01  3.000000e-07
 54  13  0  0  0  1  1.857903e-01  3.000000e-07
 54  77  0  0  0  1  9.720669e-02  3.000000e-07
 54  86  0  0  0  1  1.808097e-01  3.000000e-07
 73  56  0  0  0  1  2.529505e-01  3.000000e-07
 73  57  0  0  0  1  1.942481e-01  3.000000e-07
 73  66  0 -1  0  1  1.956915e-01  3.000000e-07
 55  61  0  0  0  1  1.154326e-01  3.000000e-07
 55  59  0  0  0  1  1.082647e-01  3.000000e-07
 55  87  0  0  0  1  9.171349e-02  3.000000e-07
 81  69  0  0  0  1  6.750192e-02  3.000000e-07
 81  63  0  0  0  1  1.473110e-01  3.000000e-07
 81  64  0  0  0  1  2.278411e-01  3.000000e-07
 8  53  1  0  0  1  1.709257e-01  3.000000e-07
 8  61  0  1  0  1  4.501720e-01  3.000000e-07
 8  7  0  0  0  1  7.659316e-02  3.000000e-07
 56  84  0  0  0  1  1.781363e-01  3.000000e-07
 56  57  0  0  0  1  1.609648e-01  3.000000e-07
 56  11  0  0  0  1  1.683234e-01  3.000000e-07
 56  71  0  0  0  1  5.582015e-02  3.000000e-07
 69  10  0  0  0  1  1.581030e-01  3.000000e-07
 69  63  0  0  0  1  1.262564e-01  3.000000e-07
 69  85  0  0  0  1  1.062271e-01  3.000000e-07
 84  10  0  0  0  1  6.696085e-02  3.000000e-07
 84  11  0  0  0  1  1.453605e-01  3.000000e-07
 10  85  0  0  0  1  9.833703e-02  3.000000e-07
 10  11  0  0  0  1  1.729656e-01  3.000000e-07
 70  59  0  0  0  1  1.164252e-01  3.000000e-07
 70  87  0  0  0  1  5.458647e-02  3.000000e-07
 57  48  0  0  0  1  2.425652e-01  3.000000e-07
 57  60  0  0  0  1  1.926500e-01  3.000000e-07
 48  85  0  0  0  1  7.826618e-02  3.000000e-07
 48  60  0  0  0  1  3.127997e-01  3.000000e-07
 48  86  0  0  0  1  1.520901e-01  3.000000e-07
 61  11  1  0  0  1  2.047419e-01  3.000000e-07
 61  71  1  0  0  1  2.987987e-01  3.000000e-07
 7  59  0  0  0  1  3.962463e-01  3.000000e-07
 7  77  0  0  0  1  2.154570e-01  3.000000e-07
 63  64  0  0  0  1  1.673458e-01  3.000000e-07
 63  65  0  0  0  1  5.629339e-02  3.000000e-07
 13  59  0  0  0  1  1.961868e-01  3.000000e-07
 13  77  0  0  0  1  2.264353e-01  3.000000e-07
 13  86  0  0  0  1  1.849297e-01  3.000000e-07
 64  1  0  0  0  1  1.665537e-01  3.000000e-07
 58  66  0  0  0  1  8.022512e-02  3.000000e-07
 11  71  0  0  0  1  1.499856e-01  3.000000e-07
 65  1  0  0  0  1  7.758840e-02  3.000000e-07
 59  52  1  0  0  1  3.277133e-01  3.000000e-07
 59  77  0  0  0  1  3.143276e-01  3.000000e-07
 59  87  0  0  0  1  1.613516e-01  3.000000e-07
 60  86  0  0  0  1  2.830097e-01  3.000000e-07
 66  74  0  0  0  1  8.685021e-02  3.000000e-07
-6.807430e-02  3.451535e-01  0
-3.295597e-01  2.917210e-01  0
 3.014388e-01  3.307643e-01  0
 1.795699e-01 -3.441049e-01  0
 1.844715e-01 -3.606473e-01  0
 1.303402e-01 -3.868329e-01  0
 3.280859e-01  3.276193e-01  0
 4.380375e-01  2.572915e-01  0
 4.046196e-01  3.262100e-01  0
-1.295167e-01 -3.795747e-03  0
-2.736668e-01 -1.068989e-01  0
-3.994005e-01 -2.256766e-01  0
-1.953748e-01  1.853501e-02  0
 2.040284e-01 -7.428885e-02  0
 3.318213e-02  1.249208e-01 -1.273184e-01
 4.240085e-01  4.148048e-01 -3.774951e-01
-1.979863e-01  3.016226e-01 -3.826611e-01
 1.928724e-01  3.168138e-01 -1.995178e-01
-2.435055e-01 -2.565388e-01 -1.305621e-01
-3.380996e-01  1.390643e-01 -3.854955e-01
-4.089167e-01 -1.761130e-01 -3.313577e-01
-6.019659e-02  1.253319e-01 -2.839957e-01
-1.261025e-01 -2.491202e-01  1.136323e-01
-2.130112e-01 -3.197537e-01  3.335271e-01
 1.178519e-01 -2.511532e-01 -3.644564e-01
-8.921109e-02 -2.234343e-01  1.659817e-01
-2.855081e-02  2.610508e-01  2.788411e-01
 3.243270e-02  1.101810e-01  1.661561e-01
 9.516203e-02  2.106885e-01  2.052849e-01
 4.422850e-01  4.216956e-01  4.062295e-01
-3.739251e-01 -3.590978e-01  4.170156e-01
-5.831165e-02  2.403682e-01  3.880373e-01
-1.278479e-01  4.141086e-01  1.855034e-01
 3.756983e-02  3.803897e-01  4.474985e-01
 3.192972e-01 -4.275735e-01  4.239577e-01
 1.201318e-01 -6.939415e-02  1.623061e-01
-4.024808e-02  4.414659e-01  2.486585e-01
-1.928813e-01 -1.432552e-01  2.942053e-01
-8.778122e-02  5.864588e-03  2.524061e-01
 2.109660e-01  4.406069e-01 -3.265658e-01
-1.355842e-01  1.383379e-02 -3.243324e-01
-2.275088e-01  2.817796e-01 -4.288670e-01
-4.145840e-01 -2.204294e-01 -4.353227e-01
 2.908607e-02  6.127872e-03 -1.829100e-01
 1.414705e-01  6.346386e-02 -3.827245e-01
 3.758434e-01 -3.157745e-01 -2.989931e-01
-7.020439e-02  4.167691e-02  1.699599e-01
 3.848275e-01  3.454759e-01  1.505140e-01
-1.214188e-01 -3.241666e-02  0
 2.621247e-02  5.179523e-04  0
 2.838803e-01 -5.544762e-02 -1.518111e-01
 9.882026e-02 -2.834940e-01  0
-3.355709e-01  4.342280e-02  0
-4.266396e-01  2.989679e-01  0
 1.642975e-01  1.072035e-01  0
 2.901522e-01 -1.773453e-01  0
-2.858335e-01 -3.499154e-01  0
-1.439298e-01 -2.739351e-01  0
 9.934319e-02  3.422957e-01  0
 3.902365e-01 -1.360610e-01  0
 4.748755e-02 -2.956927e-01  0
 3.958671e-01 -2.237032e-01  0
 1.052263e-01  1.484343e-01  0
-2.828218e-01  1.718133e-01  0
-1.630339e-01  2.886699e-01  0
-2.852120e-01  2.280560e-01  0
 2.641563e-02  3.757268e-01  0
-3.188346e-01 -3.677740e-01  0
-4.040846e-01  4.393298e-01  0
-2.511536e-01  4.959299e-02  0
 2.739253e-01 -1.412112e-01  0
-3.400007e-01 -3.633986e-01  0
 2.453808e-02 -3.928474e-01  0
-5.130368e-02 -4.446768e-01  0
 8.071647e-02  3.079449e-01  0
 2.206804e-01  1.782329e-01  0
 1.521170e-01  1.645228e-01  0
 2.530882e-01  1.467679e-01  0
-3.297517e-01  2.587386e-01 -2.394995e-01
 1.210015e-01 -3.922879e-01 -3.107354e-01
 3.108540e-01 -2.655906e-01  1.561830e-01
-1.847773e-01  6.186875e-02  0
-7.761415e-02  2.572665e-02  0
-2.354422e-01 -1.857399e-01  0
-2.638666e-01 -1.731388e-01  0
-1.989749e-01 -4.293578e-02  0
 2.945974e-02 -1.325780e-02  0
 2.315630e-01 -1.067856e-01  0
-2.537044e-01  6.897949e-02 -2.480551e-01
-2.839461e-01 -4.032980e-01 -1.266301e-01