 714  90  1.200000e-05  59 -2 -2
 1  72  0  0  0  3  3.005994e-01  1.000000e-07
 1  76  0  0  0  3  3.104848e-01  1.000000e-07
 1  31  0  0  0  3  2.121272e-01  1.000000e-07
 1  30  0  0  0  3  3.085114e-01  1.000000e-07
 1  29  0 -1  0  3  3.913739e-01  1.000000e-07
 1  19  0  0  0  3  3.319107e-01  1.000000e-07
 1  6  0  0  0  3  2.802369e-01  1.000000e-07
 1  22  0  0  1  3  3.310621e-01  1.000000e-07
 1  24  0  0  1  3  2.918380e-01  1.000000e-07
 7  31  0  0  0  3  4.932044e-01  1.000000e-07
 7  73  0  1  0  3  3.800793e-01  1.000000e-07
 7  8 -1  0  0  3  3.439388e-01  1.000000e-07
 7  79  0  0  0  3  4.960486e-01  1.000000e-07
 7  19  0  1  0  3  3.085586e-01  1.000000e-07
 7  21  0  0  1  3  2.595335e-01  1.000000e-07
 7  28  0  0  1  3  4.012191e-01  1.000000e-07
 11  26  0  0  0  3  4.411671e-01  1.000000e-07
 11  31  0  0  0  3  3.394943e-01  1.000000e-07
 11  17  0  0  0  3  3.194803e-01  1.000000e-07
 11  79  0  0  0  3  3.893021e-01  1.000000e-07
 11  15  0  0  1  3  3.987178e-01  1.000000e-07
 11  18 -1  0  1  3  4.549769e-01  1.000000e-07
 11  22  0  0  1  3  4.489803e-01  1.000000e-07
 11  16  0  0  1  3  5.339162e-01  1.000000e-07
 11  24  0  0  1  3  4.171802e-01  1.000000e-07
 2  72 -1  0  0  3  2.602668e-01  1.000000e-07
 2  3 -1  0  0  3  3.906250e-01  1.000000e-07
 2  26  0  0  0  3  9.741935e-02  1.000000e-07
 2  73  0  0  0  3  2.035073e-01  1.000000e-07
 2  79  0  0  0  3  1.981167e-01  1.000000e-07
 72  3  0  0  0  3  2.808784e-01  1.000000e-07
 72  26  1  0  0  3  2.418628e-01  1.000000e-07
 72  31  0  0  0  3  2.925614e-01  1.000000e-07
 72  17  1  0  0  3  3.520578e-01  1.000000e-07
 72  6  0  0  0  3  4.290134e-01  1.000000e-07
 4  76  0  0  0  3  6.748698e-02  1.000000e-07
 4  5  0  0  0  3  3.681850e-01  1.000000e-07
 4  26  0  0  0  3  4.306868e-01  1.000000e-07
 4  73  0  0  0  3  2.845661e-01  1.000000e-07
 4  79  0  0  0  3  3.045111e-01  1.000000e-07
 4  19  0  0  0  3  1.427896e-01  1.000000e-07
 4  6  0  0  0  3  1.869810e-01  1.000000e-07
 4  24  0  0  1  3  3.170020e-01  1.000000e-07
 4  25  0  0  1  3  2.938504e-01  1.000000e-07
 76  3  0  0  0  3  3.679558e-01  1.000000e-07
 76  73  0  0  0  3  2.841108e-01  1.000000e-07
 76  29  0 -1  0  3  3.042329e-01  1.000000e-07
 76  19  0  0  0  3  1.358181e-01  1.000000e-07
 5  31  0  0  0  3  1.355941e-01  1.000000e-07
 5  30  0  0  0  3  2.584103e-01  1.000000e-07
 5  6  0  0  0  3  3.178856e-01  1.000000e-07
 5  20  0  0  1  3  2.836164e-01  1.000000e-07
 5  21  0  0  1  3  4.195977e-01  1.000000e-07
 5  22  0  0  1  3  2.732933e-01  1.000000e-07
 5  23  0  0  1  3  4.579838e-01  1.000000e-07
 5  24  0  0  1  3  2.750261e-01  1.000000e-07
 3  26  1  0  0  3  3.809750e-01  1.000000e-07
 3  30  0  0  0  3  3.970562e-01  1.000000e-07
 3  6  0  0  0  3  4.013590e-01  1.000000e-07
 3  20  0  0  1  3  3.318068e-01  1.000000e-07
 3  27  0  0  1  3  3.659586e-01  1.000000e-07
 26  18 -1  0  1  3  4.579205e-01  1.000000e-07
 26  20 -1  0  1  3  4.619367e-01  1.000000e-07
 26  25  0  0  1  3  5.563577e-01  1.000000e-07
 31  79  0  0  0  3  3.979821e-01  1.000000e-07
 31  6  0  0  0  3  3.120861e-01  1.000000e-07
 73  8 -1 -1  0  3  4.064949e-01  1.000000e-07
 73  79  0  0  0  3  2.573435e-01  1.000000e-07
 73  6  0  0  0  3  3.002967e-01  1.000000e-07
 8  30  0  0  0  3  3.116960e-01  1.000000e-07
 8  29  0  0  0  3  3.139088e-01  1.000000e-07
 8  18  0  0  1  3  3.570017e-01  1.000000e-07
 8  75  0  0  1  3  5.192083e-01  1.000000e-07
 8  28  1  0  1  3  4.153523e-01  1.000000e-07
 8  25  1  1  1  3  4.957700e-01  1.000000e-07
 30  17  1  0  0  3  2.628345e-01  1.000000e-07
 30  29  0  0  0  3  4.220599e-01  1.000000e-07
 30  20  0  0  1  3  3.738447e-01  1.000000e-07
 17  15  0  0  1  3  4.401489e-01  1.000000e-07
 17  18 -1  0  1  3  3.041783e-01  1.000000e-07
 17  20 -1  0  1  3  4.372097e-01  1.000000e-07
 17  10  0  0  1  3  6.150032e-01  1.000000e-07
 29  12  0  0  1  3  4.872821e-01  1.000000e-07
 29  18  0  0  1  3  4.613090e-01  1.000000e-07
 29  9  0  1  1  3  3.853493e-01  1.000000e-07
 29  27  0  1  1  3  4.552855e-01  1.000000e-07
 79  6  0  0  0  3  1.721553e-01  1.000000e-07
 79  24  0  0  1  3  4.834670e-01  1.000000e-07
 19  9  0  0  1  3  3.598633e-01  1.000000e-07
 19  21  0 -1  1  3  3.177477e-01  1.000000e-07
 19  10  0  0  1  3  2.750027e-01  1.000000e-07
 19  24  0  0  1  3  3.493545e-01  1.000000e-07
 19  25  0  0  1  3  2.774190e-01  1.000000e-07
 15  12 -1  0  0  3  3.717196e-01  1.000000e-07
 15  18 -1  0  0  3  2.634375e-01  1.000000e-07
 15  75 -1  0  0  3  3.861354e-01  1.000000e-07
 15  77  0  0  0  3  7.900089e-02  1.000000e-07
 15  14 -1  0  0  3  4.690631e-01  1.000000e-07
 15  28  0  0  0  3  1.009007e-01  1.000000e-07
 15  25  0  1  0  3  3.937788e-01  1.000000e-07
 12  18  0  0  0  3  1.446732e-01  1.000000e-07
 12  20  0  0  0  3  1.461644e-01  1.000000e-07
 12  21  0  0  0  3  4.665105e-01  1.000000e-07
 12  75  0  0  0  3  3.986234e-01  1.000000e-07
 12  22  0  0  0  3  2.315374e-01  1.000000e-07
 12  14  0  0  0  3  1.826003e-01  1.000000e-07
 12  23  0  0  0  3  4.006288e-01  1.000000e-07
 0  74  0  0  0  3  3.424266e-01  1.000000e-07
 0  77  0  0  0  3  1.616206e-01  1.000000e-07
 0  78  0  1  0  3  3.558401e-01  1.000000e-07
 0  27 -1  1  0  3  3.811731e-01  1.000000e-07
 0  28  0  0  0  3  1.114212e-01  1.000000e-07
 18  75  0  0  0  3  3.907181e-01  1.000000e-07
 18  28  1  0  0  3  2.817977e-01  1.000000e-07
 9  20  0  0  0  3  3.530362e-01  1.000000e-07
 9  74  0 -1  0  3  4.114619e-01  1.000000e-07
 9  22  0  0  0  3  2.378724e-01  1.000000e-07
 9  10  0  0  0  3  2.039608e-01  1.000000e-07
 9  78  0  0  0  3  2.431175e-01  1.000000e-07
 20  14  0  0  0  3  2.236904e-01  1.000000e-07
 20  10  1  0  0  3  5.797528e-01  1.000000e-07
 74  77  0  0  0  3  2.625359e-01  1.000000e-07
 74  23  0  0  0  3  1.277764e-01  1.000000e-07
 74  13  0  0  0  3  9.720452e-02  1.000000e-07
 21  77  0  0  0  3  3.480983e-01  1.000000e-07
 21  22  0  0  0  3  4.282706e-01  1.000000e-07
 21  23  0  0  0  3  1.665284e-01  1.000000e-07
 21  13  0  0  0  3  1.526447e-01  1.000000e-07
 21  24  0  0  0  3  4.759379e-01  1.000000e-07
 75  14  0  0  0  3  3.991787e-01  1.000000e-07
 75  23  0  0  0  3  2.535236e-01  1.000000e-07
 75  28  1  0  0  3  3.183638e-01  1.000000e-07
 75  13  0  0  0  3  2.898542e-01  1.000000e-07
 77  28  0  0  0  3  1.499582e-01  1.000000e-07
 77  13  0  0  0  3  3.414641e-01  1.000000e-07
 22  14  0  0  0  3  1.246803e-01  1.000000e-07
 22  23  0  0  0  3  3.821544e-01  1.000000e-07
 22  16  0  0  0  3  3.062099e-01  1.000000e-07
 22  13  0  0  0  3  3.751294e-01  1.000000e-07
 14  23  0  0  0  3  3.771425e-01  1.000000e-07
 14  27  0  0  0  3  3.282578e-01  1.000000e-07
 14  16  0  0  0  3  3.761497e-01  1.000000e-07
 14  13  0  0  0  3  3.809260e-01  1.000000e-07
 23  9  0  1  0  3  4.008299e-01  1.000000e-07
 23  25  0  1  0  3  3.713737e-01  1.000000e-07
 10  78  0  0  0  3  2.029417e-01  1.000000e-07
 10  27 -1  0  0  3  5.138789e-01  1.000000e-07
 10  16  0  0  0  3  2.954890e-01  1.000000e-07
 10  24  0  0  0  3  1.467310e-01  1.000000e-07
 10  25  0  0  0  3  1.738965e-01  1.000000e-07
 78  27 -1  0  0  3  4.726257e-01  1.000000e-07
 78  16  0  0  0  3  2.275655e-01  1.000000e-07
 78  24  0  0  0  3  2.867341e-01  1.000000e-07
 78  25  0  0  0  3  2.145358e-01  1.000000e-07
 27  16  1  0  0  3  5.340511e-01  1.000000e-07
 27  28  1 -1  0  3  4.069171e-01  1.000000e-07
 16  13  0  0  0  3  4.706192e-01  1.000000e-07
 28  25  0  1  0  3  3.602480e-01  1.000000e-07
 13  24  0  0  0  3  4.710294e-01  1.000000e-07
 17  55  0  0  0  3  3.376734e-01  1.000000e-07
 57  0  0  0  0  3  2.337170e-01  1.000000e-07
 30  61  1  0  0  3  3.492949e-01  1.000000e-07
 81  77  0  0  0  3  2.896595e-01  1.000000e-07
 72  88  0  0  0  3  2.556267e-01  1.000000e-07
 48  75  0  0  0  3  3.398219e-01  1.000000e-07
 2  63  0  0  0  3  1.748104e-01  1.000000e-07
 32  78  0  0  0  3  3.007217e-01  1.000000e-07
 30  69  0  0  0  3  3.642343e-01  1.000000e-07
 71  0  1  0  0  3  2.740172e-01  1.000000e-07
 76  45  0  0  0  3  2.876643e-01  1.000000e-07
 84  78  0  0  0  3  2.268221e-01  1.000000e-07
 7  54  0  0  0  3  3.810993e-01  1.000000e-07
 44  74  0  0  0  3  2.721861e-01  1.000000e-07
 76  44  0 -1  0  3  3.260184e-01  1.000000e-07
 70  74  0  0  0  3  3.047594e-01  1.000000e-07
 79  34  0  0  0  3  2.348489e-01  1.000000e-07
 62  77  0  0  0  3  3.211669e-01  1.000000e-07
 7  67  0  0  0  3  3.787479e-01  1.000000e-07
 33  77  0  0  0  3  2.328635e-01  1.000000e-07
 31  64  0  0  0  3  3.350271e-01  1.000000e-07
 68  13  0  0  0  3  3.356092e-01  1.000000e-07
 2  58  0  0  0  3  2.137404e-01  1.000000e-07
 63  0  0 -1  0  3  3.404273e-01  1.000000e-07
 72  42  0  0  0  3  2.374639e-01  1.000000e-07
 88  77  1  0  0  3  3.685172e-01  1.000000e-07
 31  59  0  0  0  3  3.664718e-01  1.000000e-07
 60  16  0  0  0  3  1.849045e-01  1.000000e-07
 26  62  0  0  0  3  2.579383e-01  1.000000e-07
 81  77  0  0  0  3  2.981004e-01  1.000000e-07
 8  55  1  0  0  3  3.317245e-01  1.000000e-07
 56  0  0  0  0  3  2.165854e-01  1.000000e-07
 73  37 -1  0  0  3  3.043937e-01  1.000000e-07
 38  75  0 -1  0  3  3.317948e-01  1.000000e-07
 6  65  0  0  0  3  2.173488e-01  1.000000e-07
 66  16  0  0  0  3  1.550748e-01  1.000000e-07
 3  71  0 -1  0  3  3.883799e-01  1.000000e-07
 39  75  0  0  0  3  2.286083e-01  1.000000e-07
 17  61  0  0  0  3  3.118214e-01  1.000000e-07
 57  77  0  0  0  3  2.379018e-01  1.000000e-07
 29  70  0  0  0  3  4.466055e-01  1.000000e-07
 40  74  0  0  0  3  2.819019e-01  1.000000e-07
 73  58  0  0  0  3  2.435884e-01  1.000000e-07
 45  74  0 -1  0  3  3.600661e-01  1.000000e-07
 76  43  0  0  0  3  2.915171e-01  1.000000e-07
 53  9  0  0  0  3  3.114215e-01  1.000000e-07
 2  63  0  0  0  3  1.486562e-01  1.000000e-07
 58  27 -1  0  0  3  3.599482e-01  1.000000e-07
 2  62  0  0  0  3  2.010683e-01  1.000000e-07
 34  77  0  0  0  3  3.530043e-01  1.000000e-07
 68  48  0  0  0  2  2.015297e-01  2.000000e-07
 68  82  0  0  0  2  1.276325e-01  2.000000e-07
 68  84  0  0  0  2  3.438727e-01  2.000000e-07
 68  85  0  0  0  2  2.223317e-01  2.000000e-07
 68  59  0  0  0  2  1.133115e-01  2.000000e-07
 68  46  0  0  0  2  2.512672e-01  2.000000e-07
 68  39  0  0  0  2  4.260811e-01  2.000000e-07
 68  47  0  0  0  2  2.696847e-01  2.000000e-07
 68  64  0  0  0  2  1.477817e-01  2.000000e-07
 68  41  0  0  0  2  1.807977e-01  2.000000e-07
 68  51  0  0  0  2  3.945370e-01  2.000000e-07
 53  48  0  0  0  2  4.162839e-01  2.000000e-07
 53  45  0  0  0  2  1.086656e-01  2.000000e-07
 53  84  0  0  0  2  8.343605e-02  2.000000e-07
 53  58  0  0  0  2  2.840652e-01  2.000000e-07
 53  59  0  0  0  2  2.804135e-01  2.000000e-07
 53  49  0  0  0  2  1.160111e-01  2.000000e-07
 53  86  0 -1  0  2  3.455882e-01  2.000000e-07
 53  46  0  0  0  2  2.780369e-01  2.000000e-07
 53  47  0  0  0  2  2.600308e-01  2.000000e-07
 53  43  0  0  0  2  6.942558e-02  2.000000e-07
 53  89  0  0  0  2  2.273494e-01  2.000000e-07
 53  34  0  0  0  2  3.265170e-01  2.000000e-07
 53  50  0  0  0  2  2.355536e-01  2.000000e-07
 53  66  0  0  0  2  7.474220e-02  2.000000e-07
 80  48  0  0  0  2  2.542919e-01  2.000000e-07
 80  81  1  0  0  2  4.355319e-01  2.000000e-07
 80  82  0  0  0  2  2.735281e-01  2.000000e-07
 80  69  0  0  0  2  4.384625e-01  2.000000e-07
 80  83  0  0  0  2  7.597286e-02  2.000000e-07
 80  38  0  0  0  2  2.310728e-01  2.000000e-07
 80  58  1  0  0  2  3.691746e-01  2.000000e-07
 80  49  0  0  0  2  3.783846e-01  2.000000e-07
 80  46  0  0  0  2  1.626359e-01  2.000000e-07
 80  52  0  0  0  2  1.892645e-01  2.000000e-07
 80  42  0  0  0  2  2.526799e-01  2.000000e-07
 80  62  1  0  0  2  3.765170e-01  2.000000e-07
 80  37  0  0  0  2  1.980801e-01  2.000000e-07
 80  89  1  0  0  2  4.379632e-01  2.000000e-07
 80  66  0  0  0  2  3.797669e-01  2.000000e-07
 48  82  0  0  0  2  1.330986e-01  2.000000e-07
 48  36  0  0  0  2  3.249765e-01  2.000000e-07
 48  69  0  0  0  2  2.722910e-01  2.000000e-07
 48  83  0  0  0  2  2.176244e-01  2.000000e-07
 48  85  0  0  0  2  3.791332e-01  2.000000e-07
 48  59  0  0  0  2  3.071062e-01  2.000000e-07
 48  60  0  0  0  2  3.361606e-01  2.000000e-07
 48  70  0  0  0  2  4.514242e-01  2.000000e-07
 48  46  0  0  0  2  1.786064e-01  2.000000e-07
 48  42  0  0  0  2  1.768096e-01  2.000000e-07
 48  88  0  0  0  2  1.192890e-01  2.000000e-07
 48  71  0  0  0  2  4.001056e-01  2.000000e-07
 48  89  0  0  0  2  4.705474e-01  2.000000e-07
 48  41  0  0  0  2  5.440667e-02  2.000000e-07
 48  66  0  0  0  2  3.515233e-01  2.000000e-07
 48  51  0  0  0  2  3.755143e-01  2.000000e-07
 81  54  0  0  0  2  2.379021e-01  2.000000e-07
 81  55  0  0  0  2  1.047873e-01  2.000000e-07
 81  69 -1  0  0  2  2.117781e-01  2.000000e-07
 81  83 -1  0  0  2  3.608636e-01  2.000000e-07
 81  85  0  0  0  2  3.122698e-01  2.000000e-07
 81  60  0  0  0  2  3.438587e-01  2.000000e-07
 81  42 -1  0  0  2  2.229690e-01  2.000000e-07
 81  61  0  0  0  2  2.944838e-02  2.000000e-07
 81  62  0  0  0  2  1.250313e-01  2.000000e-07
 81  35  0  0  0  2  2.647229e-01  2.000000e-07
 81  32  0  0  0  2  3.731858e-01  2.000000e-07
 45  44  0 -1  0  2  2.066478e-01  2.000000e-07
 45  58  0  0  0  2  2.506649e-01  2.000000e-07
 45  49  0  0  0  2  9.431431e-02  2.000000e-07
 45  86  0 -1  0  2  2.440563e-01  2.000000e-07
 45  43  0  0  0  2  7.901483e-02  2.000000e-07
 45  89  0  0  0  2  2.947686e-01  2.000000e-07
 45  65  0  0  0  2  1.886848e-01  2.000000e-07
 45  51  0 -1  0  2  3.247173e-01  2.000000e-07
 54  36  0  0  0  2  3.238572e-01  2.000000e-07
 54  55  0  0  0  2  1.687371e-01  2.000000e-07
 54  44  0  0  0  2  1.336528e-01  2.000000e-07
 54  56  0  0  0  2  1.474005e-01  2.000000e-07
 54  84  0  1  0  2  4.120003e-01  2.000000e-07
 54  85  0  0  0  2  1.729823e-01  2.000000e-07
 54  58  0  1  0  2  3.198564e-01  2.000000e-07
 54  60  0  0  0  2  3.544570e-01  2.000000e-07
 54  86  0  0  0  2  8.629879e-02  2.000000e-07
 54  70  0  0  0  2  1.545764e-01  2.000000e-07
 54  40  0  0  0  2  3.300861e-01  2.000000e-07
 54  61  0  0  0  2  2.185739e-01  2.000000e-07
 54  33  0  0  0  2  1.246817e-01  2.000000e-07
 54  64  0  0  0  2  2.475526e-01  2.000000e-07
 54  65  0  1  0  2  4.510156e-01  2.000000e-07
 54  35  0  0  0  2  3.301077e-01  2.000000e-07
 54  67  0  0  0  2  6.689709e-02  2.000000e-07
 82  36  0  0  0  2  3.739354e-01  2.000000e-07
 82  69  0  0  0  2  4.017861e-01  2.000000e-07
 82  83  0  0  0  2  2.738291e-01  2.000000e-07
 82  84  0  0  0  2  3.306759e-01  2.000000e-07
 82  38  0  0  0  2  4.057845e-01  2.000000e-07
 82  59  0  0  0  2  2.011763e-01  2.000000e-07
 82  60  0  0  0  2  2.321785e-01  2.000000e-07
 82  47  0  0  0  2  1.452558e-01  2.000000e-07
 82  87  0  0  0  2  2.600280e-01  2.000000e-07
 82  88  0  0  0  2  2.508030e-01  2.000000e-07
 82  34  0  0  0  2  3.505525e-01  2.000000e-07
 82  64  0  0  0  2  2.726737e-01  2.000000e-07
 82  41  0  0  0  2  8.503504e-02  2.000000e-07
 82  35  0  0  0  2  3.244695e-01  2.000000e-07
 82  66  0  0  0  2  2.204163e-01  2.000000e-07
 36  69  0  0  0  2  3.140474e-01  2.000000e-07
 36  60  0  0  0  2  3.799508e-01  2.000000e-07
 36  70  0  0  0  2  1.751784e-01  2.000000e-07
 36  40  0  0  0  2  3.221599e-02  2.000000e-07
 36  39  0  0  0  2  1.881896e-01  2.000000e-07
 36  88  0  0  0  2  3.498129e-01  2.000000e-07
 36  71  0  0  0  2  2.369730e-01  2.000000e-07
 36  64  0  0  0  2  2.122039e-01  2.000000e-07
 36  51  0  0  0  2  1.178479e-01  2.000000e-07
 55  69 -1  0  0  2  2.164378e-01  2.000000e-07
 55  85  0  0  0  2  2.964409e-01  2.000000e-07
 55  57  0  0  0  2  2.832848e-02  2.000000e-07
 55  42 -1  0  0  2  3.009513e-01  2.000000e-07
 55  62  0  0  0  2  2.223725e-01  2.000000e-07
 55  33  0  0  0  2  9.066438e-02  2.000000e-07
 55  71 -1  0  0  2  3.358492e-01  2.000000e-07
 55  67  0  0  0  2  1.267542e-01  2.000000e-07
 44  56  0  0  0  2  2.135098e-01  2.000000e-07
 44  85  0  0  0  2  1.877896e-01  2.000000e-07
 44  58  0  1  0  2  3.033287e-01  2.000000e-07
 44  49  0  1  0  2  2.570780e-01  2.000000e-07
 44  86  0  0  0  2  1.002617e-01  2.000000e-07
 44  70  0  0  0  2  6.505152e-02  2.000000e-07
 44  65  0  1  0  2  3.694511e-01  2.000000e-07
 44  67  0  0  0  2  1.796629e-01  2.000000e-07
 44  51  0  0  0  2  3.030715e-01  2.000000e-07
 56  45  0  1  0  2  3.138297e-01  2.000000e-07
 56  69 -1  0  0  2  3.337204e-01  2.000000e-07
 56  84  0  1  0  2  3.579613e-01  2.000000e-07
 56  38 -1  1  0  2  4.007519e-01  2.000000e-07
 56  57  0  0  0  2  2.013203e-01  2.000000e-07
 56  58  0  1  0  2  2.019095e-01  2.000000e-07
 56  52 -1  1  0  2  4.316408e-01  2.000000e-07
 56  39 -1  0  0  2  4.009495e-01  2.000000e-07
 56  61  0  0  0  2  2.498561e-01  2.000000e-07
 56  71 -1  0  0  2  3.586581e-01  2.000000e-07
 69  83  0  0  0  2  3.671455e-01  2.000000e-07
 69  70  0  0  0  2  4.890456e-01  2.000000e-07
 69  40  0  0  0  2  3.185126e-01  2.000000e-07
 69  42  0  0  0  2  1.888814e-01  2.000000e-07
 69  39  0  0  0  2  1.930693e-01  2.000000e-07
 69  61  1  0  0  2  2.038045e-01  2.000000e-07
 69  37  0  1  0  2  3.672797e-01  2.000000e-07
 69  88  0  0  0  2  1.778744e-01  2.000000e-07
 69  71  0  0  0  2  1.976349e-01  2.000000e-07
 69  51  0  0  0  2  2.665002e-01  2.000000e-07
 83  38  0  0  0  2  3.063401e-01  2.000000e-07
 83  58  1  0  0  2  3.807658e-01  2.000000e-07
 83  61  1  0  0  2  3.853944e-01  2.000000e-07
 83  87  0  0  0  2  1.728604e-01  2.000000e-07
 83  37  0  0  0  2  2.680748e-01  2.000000e-07
 83  63  1  0  0  2  3.779377e-01  2.000000e-07
 83  88  0  0  0  2  2.038198e-01  2.000000e-07
 83  89  1  0  0  2  4.033327e-01  2.000000e-07
 83  34  1  0  0  2  4.016541e-01  2.000000e-07
 83  35  1  0  0  2  4.350810e-01  2.000000e-07
 83  66  0  0  0  2  4.198738e-01  2.000000e-07
 83  32  1  0  0  2  4.025300e-01  2.000000e-07
 84  38 -1  0  0  2  5.992278e-01  2.000000e-07
 84  38  0  0  0  2  4.435497e-01  2.000000e-07
 84  57  0 -1  0  2  5.519108e-01  2.000000e-07
 84  58  0  0  0  2  2.125013e-01  2.000000e-07
 84  59  0  0  0  2  2.668071e-01  2.000000e-07
 84  86  0 -1  0  2  3.268723e-01  2.000000e-07
 84  40  0 -1  0  2  4.357996e-01  2.000000e-07
 84  47  0  0  0  2  3.309131e-01  2.000000e-07
 84  62  0  0  0  2  3.998911e-01  2.000000e-07
 84  87 -1  0  0  2  5.993696e-01  2.000000e-07
 84  87  0  0  0  2  4.009403e-01  2.000000e-07
 84  63  0  0  0  2  1.379903e-01  2.000000e-07
 84  34  0  0  0  2  2.730583e-01  2.000000e-07
 84  64  0 -1  0  2  5.700648e-01  2.000000e-07
 84  65  0  0  0  2  5.485681e-02  2.000000e-07
 84  35  0  0  0  2  2.832132e-01  2.000000e-07
 84  50  0  0  0  2  3.140197e-01  2.000000e-07
 84  66  0  0  0  2  1.142613e-01  2.000000e-07
 85  59  0  0  0  2  2.308260e-01  2.000000e-07
 85  60  0  0  0  2  2.221179e-01  2.000000e-07
 85  86  0  0  0  2  2.314702e-01  2.000000e-07
 85  70  0  0  0  2  1.382634e-01  2.000000e-07
 85  62  0  0  0  2  3.134310e-01  2.000000e-07
 85  33  0  0  0  2  2.107988e-01  2.000000e-07
 85  89  0  0  0  2  3.746534e-01  2.000000e-07
 85  64  0  0  0  2  7.532785e-02  2.000000e-07
 85  50  0  1  0  2  4.367671e-01  2.000000e-07
 85  67  0  0  0  2  2.374905e-01  2.000000e-07
 85  51  0  0  0  2  3.315460e-01  2.000000e-07
 38  57  1 -1  0  2  4.645493e-01  2.000000e-07
 38  58  1  0  0  2  3.927367e-01  2.000000e-07
 38  49  0  0  0  2  2.713656e-01  2.000000e-07
 38  86  1 -1  0  2  5.126942e-01  2.000000e-07
 38  40  0 -1  0  2  3.006234e-01  2.000000e-07
 38  39  0 -1  0  2  1.965164e-01  2.000000e-07
 38  61  1 -1  0  2  4.887837e-01  2.000000e-07
 38  87  0  0  0  2  1.592317e-01  2.000000e-07
 38  37  0  0  0  2  7.405980e-02  2.000000e-07
 38  63  1  0  0  2  5.060140e-01  2.000000e-07
 38  50  0  0  0  2  1.423808e-01  2.000000e-07
 38  66  0  0  0  2  3.782399e-01  2.000000e-07
 57  86  0  0  0  2  2.403252e-01  2.000000e-07
 57  52 -1  1  0  2  5.087188e-01  2.000000e-07
 57  42 -1  0  0  2  2.816383e-01  2.000000e-07
 57  61  0  0  0  2  4.860654e-02  2.000000e-07
 57  62  0  0  0  2  1.942055e-01  2.000000e-07
 57  87 -1  1  0  2  5.999091e-01  2.000000e-07
 57  33  0  0  0  2  8.151992e-02  2.000000e-07
 57  71 -1  0  0  2  3.498862e-01  2.000000e-07
 57  34  0  0  0  2  3.073477e-01  2.000000e-07
 57  50 -1  1  0  2  5.697078e-01  2.000000e-07
 57  67  0  0  0  2  1.463246e-01  2.000000e-07
 57  51 -1  0  0  2  4.574575e-01  2.000000e-07
 58  49  0  0  0  2  3.428432e-01  2.000000e-07
 58  86  0 -1  0  2  2.421435e-01  2.000000e-07
 58  52 -1  0  0  2  4.011506e-01  2.000000e-07
 58  37 -1  0  0  2  3.206253e-01  2.000000e-07
 58  63  0  0  0  2  1.710598e-01  2.000000e-07
 58  89  0  0  0  2  2.489880e-01  2.000000e-07
 58  65  0  0  0  2  2.126397e-01  2.000000e-07
 58  67  0 -1  0  2  2.846598e-01  2.000000e-07
 58  32  0  0  0  2  2.335985e-01  2.000000e-07
 59  46  0  0  0  2  3.069022e-01  2.000000e-07
 59  47  0  0  0  2  3.163102e-01  2.000000e-07
 59  62  0  0  0  2  2.913859e-01  2.000000e-07
 59  33  0  0  0  2  3.346126e-01  2.000000e-07
 59  89  0  0  0  2  1.861490e-01  2.000000e-07
 59  34  0  0  0  2  1.524941e-01  2.000000e-07
 59  64  0  0  0  2  1.751454e-01  2.000000e-07
 59  41  0  0  0  2  2.759167e-01  2.000000e-07
 60  70  0  0  0  2  3.600014e-01  2.000000e-07
 60  61  0  0  0  2  3.589511e-01  2.000000e-07
 60  89  0  0  0  2  1.715465e-01  2.000000e-07
 60  64  0  0  0  2  1.749022e-01  2.000000e-07
 60  65  0  0  0  2  2.290031e-01  2.000000e-07
 60  35  0  0  0  2  9.336466e-02  2.000000e-07
 60  66  0  0  0  2  2.283254e-01  2.000000e-07
 60  32  0  0  0  2  1.855332e-01  2.000000e-07
 49  70  0 -1  0  2  2.805128e-01  2.000000e-07
 49  46  0  0  0  2  2.902086e-01  2.000000e-07
 49  40  0 -1  0  2  2.740869e-01  2.000000e-07
 49  52  0  0  0  2  2.569645e-01  2.000000e-07
 49  43  0  0  0  2  4.682204e-02  2.000000e-07
 49  37  0  0  0  2  3.387253e-01  2.000000e-07
 49  71  0 -1  0  2  3.468755e-01  2.000000e-07
 49  89  0  0  0  2  3.416116e-01  2.000000e-07
 49  65  0  0  0  2  2.379520e-01  2.000000e-07
 49  66  0  0  0  2  1.741480e-01  2.000000e-07
 49  51  0 -1  0  2  2.688308e-01  2.000000e-07
 86  56  0  0  0  2  1.134766e-01  2.000000e-07
 86  40  0  0  0  2  3.253936e-01  2.000000e-07
 86  52 -1  1  0  2  5.416009e-01  2.000000e-07
 86  62  0  1  0  2  6.503874e-01  2.000000e-07
 86  87 -1  1  0  2  5.986547e-01  2.000000e-07
 86  33  0  0  0  2  2.033226e-01  2.000000e-07
 86  43  0  1  0  2  3.211461e-01  2.000000e-07
 86  89  0  1  0  2  4.480606e-01  2.000000e-07
 86  64  0  0  0  2  3.061722e-01  2.000000e-07
 86  50  0  1  0  2  4.069900e-01  2.000000e-07
 86  67  0  0  0  2  9.470856e-02  2.000000e-07
 86  51  0  0  0  2  4.031510e-01  2.000000e-07
 70  84  0  1  0  2  3.737179e-01  2.000000e-07
 70  40  0  0  0  2  1.771059e-01  2.000000e-07
 70  71  0  0  0  2  3.927411e-01  2.000000e-07
 70  64  0  0  0  2  1.964210e-01  2.000000e-07
 70  65  0  1  0  2  4.239671e-01  2.000000e-07
 70  66  0  1  0  2  4.306111e-01  2.000000e-07
 70  51  0  0  0  2  2.638513e-01  2.000000e-07
 46  52  0  0  0  2  2.362877e-01  2.000000e-07
 46  42  0  0  0  2  2.885886e-01  2.000000e-07
 46  47  0  0  0  2  2.905329e-02  2.000000e-07
 46  43  0  0  0  2  2.832415e-01  2.000000e-07
 46  89  0  0  0  2  4.100893e-01  2.000000e-07
 46  41  0  0  0  2  1.299090e-01  2.000000e-07
 46  66  0  0  0  2  2.328788e-01  2.000000e-07
 40  39  0  0  0  2  1.743368e-01  2.000000e-07
 40  37  0  1  0  2  3.669726e-01  2.000000e-07
 40  71  0  0  0  2  2.206294e-01  2.000000e-07
 40  64  0  0  0  2  2.401875e-01  2.000000e-07
 40  65  0  1  0  2  4.906382e-01  2.000000e-07
 40  50  0  1  0  2  2.316050e-01  2.000000e-07
 40  66  0  1  0  2  4.482064e-01  2.000000e-07
 52  47  0  0  0  2  2.120468e-01  2.000000e-07
 52  62  1  0  0  2  5.519646e-01  2.000000e-07
 52  87  0  0  0  2  1.101459e-01  2.000000e-07
 52  43  0  0  0  2  2.879108e-01  2.000000e-07
 52  37  0  0  0  2  8.501933e-02  2.000000e-07
 52  71  0 -1  0  2  2.131079e-01  2.000000e-07
 52  89  1  0  0  2  5.573130e-01  2.000000e-07
 52  50  0  0  0  2  1.396992e-01  2.000000e-07
 52  67  1 -1  0  2  5.069169e-01  2.000000e-07
 52  51  0 -1  0  2  2.514969e-01  2.000000e-07
 42  47  0  0  0  2  3.128314e-01  2.000000e-07
 42  62  1  0  0  2  2.351696e-01  2.000000e-07
 42  87  0  0  0  2  3.378565e-01  2.000000e-07
 42  88  0  0  0  2  6.813584e-02  2.000000e-07
 42  71  0  0  0  2  3.780956e-01  2.000000e-07
 42  41  0  0  0  2  2.163499e-01  2.000000e-07
 42  51  0  0  0  2  4.116571e-01  2.000000e-07
 39  57  1  0  0  2  3.712075e-01  2.000000e-07
 39  37  0  1  0  2  2.396063e-01  2.000000e-07
 39  88  0  0  0  2  3.213163e-01  2.000000e-07
 39  71  0  0  0  2  5.087604e-02  2.000000e-07
 39  64  0  0  0  2  3.883521e-01  2.000000e-07
 39  50  0  1  0  2  2.253835e-01  2.000000e-07
 39  51  0  0  0  2  8.862449e-02  2.000000e-07
 47  87  0  0  0  2  1.173269e-01  2.000000e-07
 47  43  0  0  0  2  2.600219e-01  2.000000e-07
 47  88  0  0  0  2  2.905229e-01  2.000000e-07
 47  41  0  0  0  2  1.586268e-01  2.000000e-07
 47  50  0  0  0  2  2.467572e-01  2.000000e-07
 61  39 -1  0  0  2  3.771437e-01  2.000000e-07
 61  33  0  0  0  2  1.028744e-01  2.000000e-07
 61  88 -1  0  0  2  2.848601e-01  2.000000e-07
 61  34  0  0  0  2  2.792859e-01  2.000000e-07
 61  64  0  0  0  2  3.583607e-01  2.000000e-07
 61  32  0  0  0  2  3.985609e-01  2.000000e-07
 62  87 -1  0  0  2  4.778907e-01  2.000000e-07
 62  33  0  0  0  2  1.885228e-01  2.000000e-07
 62  88 -1  0  0  2  3.010026e-01  2.000000e-07
 62  89  0  0  0  2  2.390411e-01  2.000000e-07
 62  34  0  0  0  2  1.501444e-01  2.000000e-07
 87  39  0 -1  0  2  3.532464e-01  2.000000e-07
 87  63  1  0  0  2  4.807405e-01  2.000000e-07
 87  88  0  0  0  2  3.389999e-01  2.000000e-07
 87  34  1  0  0  2  5.513017e-01  2.000000e-07
 87  50  0  0  0  2  2.034530e-01  2.000000e-07
 87  66  0  0  0  2  3.046476e-01  2.000000e-07
 87  67  1 -1  0  2  5.785364e-01  2.000000e-07
 33  56  0  0  0  2  2.063893e-01  2.000000e-07
 33  34  0  0  0  2  2.631461e-01  2.000000e-07
 33  64  0  0  0  2  2.686550e-01  2.000000e-07
 33  35  0  0  0  2  2.545931e-01  2.000000e-07
 33  67  0  0  0  2  1.234097e-01  2.000000e-07
 43  50  0  0  0  2  1.736759e-01  2.000000e-07
 43  51  0 -1  0  2  3.155210e-01  2.000000e-07
 37  56  1 -1  0  2  3.485957e-01  2.000000e-07
 37  63  1  0  0  2  4.322401e-01  2.000000e-07
 37  71  0 -1  0  2  1.961989e-01  2.000000e-07
 37  66  0  0  0  2  4.274617e-01  2.000000e-07
 63  56  0 -1  0  2  3.672583e-01  2.000000e-07
 63  34  0  0  0  2  1.882087e-01  2.000000e-07
 63  65  0  0  0  2  9.405935e-02  2.000000e-07
 63  35  0  0  0  2  2.130796e-01  2.000000e-07
 63  66  0  0  0  2  2.209893e-01  2.000000e-07
 63  32  0  0  0  2  6.284463e-02  2.000000e-07
 88  68  0  0  0  2  3.134120e-01  2.000000e-07
 88  57  1  0  0  2  3.212384e-01  2.000000e-07
 88  34  1  0  0  2  4.427608e-01  2.000000e-07
 88  64  0  0  0  2  3.970862e-01  2.000000e-07
 88  41  0  0  0  2  1.669191e-01  2.000000e-07
 88  35  1  0  0  2  4.674434e-01  2.000000e-07
 88  51  0  0  0  2  3.620195e-01  2.000000e-07
 71  50  0  1  0  2  2.247039e-01  2.000000e-07
 71  67  1  0  0  2  4.028985e-01  2.000000e-07
 71  51  0  0  0  2  1.288934e-01  2.000000e-07
 89  65  0  0  0  2  1.064624e-01  2.000000e-07
 89  66  0  0  0  2  2.028168e-01  2.000000e-07
 89  32  0  0  0  2  1.638368e-02  2.000000e-07
 34  64  0  0  0  2  2.563919e-01  2.000000e-07
 34  35  0  0  0  2  3.539851e-02  2.000000e-07
 64  35  0  0  0  2  2.216145e-01  2.000000e-07
 64  50  0  1  0  2  4.613077e-01  2.000000e-07
 64  51  0  0  0  2  3.294252e-01  2.000000e-07
 65  35  0  0  0  2  2.313653e-01  2.000000e-07
 65  66  0  0  0  2  1.291137e-01  2.000000e-07
 65  32  0  0  0  2  9.420833e-02  2.000000e-07
 41  51  0  0  0  2  4.188501e-01  2.000000e-07
 35  66  0  0  0  2  2.778103e-01  2.000000e-07
 35  32  0  0  0  2  1.546972e-01  2.000000e-07
 50  36  0 -1  0  2  2.637674e-01  2.000000e-07
 50  51  0 -1  0  2  1.822203e-01  2.000000e-07
 66  32  0  0  0  2  1.985278e-01  2.000000e-07
 32  80 -1  0  0  2  4.345150e-01  2.000000e-07
 68  48  0  0  0  1  2.015297e-01  3.000000e-07
 68  82  0  0  0  1  1.276325e-01  3.000000e-07
 68  36  0  0  0  1  2.931361e-01  3.000000e-07
 68  59  0  0  0  1  1.133115e-01  3.000000e-07
 68  64  0  0  0  1  1.477817e-01  3.000000e-07
 68  41  0  0  0  1  1.807977e-01  3.000000e-07
 53  45  0  0  0  1  1.086656e-01  3.000000e-07
 53  84  0  0  0  1  8.343605e-02  3.000000e-07
 53  43  0  0  0  1  6.942558e-02  3.000000e-07
 53  66  0  0  0  1  7.474220e-02  3.000000e-07
 80  83  0  0  0  1  7.597286e-02  3.000000e-07
 80  58  1  0  0  1  3.691746e-01  3.000000e-07
 80  46  0  0  0  1  1.626359e-01  3.000000e-07
 80  47  0  0  0  1  1.623262e-01  3.000000e-07
 80  87  0  0  0  1  1.013817e-01  3.000000e-07
 80  37  0  0  0  1  1.980801e-01  3.000000e-07
 48  36  0  0  0  1  3.249765e-01  3.000000e-07
 48  83  0  0  0  1  2.176244e-01  3.000000e-07
 48  88  0  0  0  1  1.192890e-01  3.000000e-07
 48  41  0  0  0  1  5.440667e-02  3.000000e-07
 81  69 -1  0  0  1  2.117781e-01  3.000000e-07
 81  42 -1  0  0  1  2.229690e-01  3.000000e-07
 81  62  0  0  0  1  1.250313e-01  3.000000e-07
 81  33  0  0  0  1  1.164333e-01  3.000000e-07
 45  44  0 -1  0  1  2.066478e-01  3.000000e-07
 45  84  0  0  0  1  1.341701e-01  3.000000e-07
 45  49  0  0  0  1  9.431431e-02  3.000000e-07
 45  86  0 -1  0  1  2.440563e-01  3.000000e-07
 45  43  0  0  0  1  7.901483e-02  3.000000e-07
 54  44  0  0  0  1  1.336528e-01  3.000000e-07
 54  85  0  0  0  1  1.729823e-01  3.000000e-07
 54  70  0  0  0  1  1.545764e-01  3.000000e-07
 54  33  0  0  0  1  1.246817e-01  3.000000e-07
 54  67  0  0  0  1  6.689709e-02  3.000000e-07
 82  59  0  0  0  1  2.011763e-01  3.000000e-07
 82  46  0  0  0  1  1.244081e-01  3.000000e-07
 82  47  0  0  0  1  1.452558e-01  3.000000e-07
 82  66  0  0  0  1  2.204163e-01  3.000000e-07
 36  85  0  0  0  1  2.156243e-01  3.000000e-07
 36  70  0  0  0  1  1.751784e-01  3.000000e-07
 36  39  0  0  0  1  1.881896e-01  3.000000e-07
 36  88  0  0  0  1  3.498129e-01  3.000000e-07
 36  64  0  0  0  1  2.122039e-01  3.000000e-07
 36  51  0  0  0  1  1.178479e-01  3.000000e-07
 55  56  0  0  0  1  1.745353e-01  3.000000e-07
 55  69 -1  0  0  1  2.164378e-01  3.000000e-07
 55  61  0  0  0  1  7.572712e-02  3.000000e-07
 55  33  0  0  0  1  9.066438e-02  3.000000e-07
 55  71 -1  0  0  1  3.358492e-01  3.000000e-07
 55  67  0  0  0  1  1.267542e-01  3.000000e-07
 44  49  0  1  0  1  2.570780e-01  3.000000e-07
 44  86  0  0  0  1  1.002617e-01  3.000000e-07
 44  70  0  0  0  1  6.505152e-02  3.000000e-07
 56  58  0  1  0  1  2.019095e-01  3.000000e-07
 56  86  0  0  0  1  1.134766e-01  3.000000e-07
 56  37 -1  1  0  1  3.485957e-01  3.000000e-07
 56  71 -1  0  0  1  3.586581e-01  3.000000e-07
 69  42  0  0  0  1  1.888814e-01  3.000000e-07
 69  39  0  0  0  1  1.930693e-01  3.000000e-07
 69  61  1  0  0  1  2.038045e-01  3.000000e-07
 69  88  0  0  0  1  1.778744e-01  3.000000e-07
 83  46  0  0  0  1  1.884032e-01  3.000000e-07
 83  88  0  0  0  1  2.038198e-01  3.000000e-07
 83  41  0  0  0  1  2.130816e-01  3.000000e-07
 84  58  0  0  0  1  2.125013e-01  3.000000e-07
 84  63  0  0  0  1  1.379903e-01  3.000000e-07
 84  65  0  0  0  1  5.485681e-02  3.000000e-07
 85  70  0  0  0  1  1.382634e-01  3.000000e-07
 85  33  0  0  0  1  2.107988e-01  3.000000e-07
 85  64  0  0  0  1  7.532785e-02  3.000000e-07
 85  35  0  0  0  1  2.414615e-01  3.000000e-07
 38  37  0  0  0  1  7.405980e-02  3.000000e-07
 38  71  0 -1  0  1  1.638232e-01  3.000000e-07
 38  50  0  0  0  1  1.423808e-01  3.000000e-07
 38  51  0 -1  0  1  2.143307e-01  3.000000e-07
 57  33  0  0  0  1  8.151992e-02  3.000000e-07
 58  86  0 -1  0  1  2.421435e-01  3.000000e-07
 58  37 -1  0  0  1  3.206253e-01  3.000000e-07
 58  63  0  0  0  1  1.710598e-01  3.000000e-07
 59  89  0  0  0  1  1.861490e-01  3.000000e-07
 59  64  0  0  0  1  1.751454e-01  3.000000e-07
 59  66  0  0  0  1  2.118852e-01  3.000000e-07
 60  89  0  0  0  1  1.715465e-01  3.000000e-07
 60  64  0  0  0  1  1.749022e-01  3.000000e-07
 60  35  0  0  0  1  9.336466e-02  3.000000e-07
 49  70  0 -1  0  1  2.805128e-01  3.000000e-07
 49  40  0 -1  0  1  2.740869e-01  3.000000e-07
 49  47  0  0  0  1  2.643729e-01  3.000000e-07
 49  50  0  0  0  1  1.324178e-01  3.000000e-07
 86  67  0  0  0  1  9.470856e-02  3.000000e-07
 70  40  0  0  0  1  1.771059e-01  3.000000e-07
 46  41  0  0  0  1  1.299090e-01  3.000000e-07
 40  50  0  1  0  1  2.316050e-01  3.000000e-07
 40  51  0  0  0  1  9.506995e-02  3.000000e-07
 52  87  0  0  0  1  1.101459e-01  3.000000e-07
 52  37  0  0  0  1  8.501933e-02  3.000000e-07
 52  50  0  0  0  1  1.396992e-01  3.000000e-07
 42  62  1  0  0  1  2.351696e-01  3.000000e-07
 42  88  0  0  0  1  6.813584e-02  3.000000e-07
 39  71  0  0  0  1  5.087604e-02  3.000000e-07
 39  51  0  0  0  1  8.862449e-02  3.000000e-07
 47  43  0  0  0  1  2.600219e-01  3.000000e-07
 47  50  0  0  0  1  2.467572e-01  3.000000e-07
 47  66  0  0  0  1  2.210916e-01  3.000000e-07
 61  33  0  0  0  1  1.028744e-01  3.000000e-07
 62  33  0  0  0  1  1.885228e-01  3.000000e-07
 62  63  0  0  0  1  2.816727e-01  3.000000e-07
 62  34  0  0  0  1  1.501444e-01  3.000000e-07
 62  35  0  0  0  1  1.691131e-01  3.000000e-07
 87  37  0  0  0  1  1.591251e-01  3.000000e-07
 87  50  0  0  0  1  2.034530e-01  3.000000e-07
 33  35  0  0  0  1  2.545931e-01  3.000000e-07
 43  66  0  0  0  1  1.325204e-01  3.000000e-07
 37  71  0 -1  0  1  1.961989e-01  3.000000e-07
 63  83 -1  0  0  1  3.779377e-01  3.000000e-07
 63  65  0  0  0  1  9.405935e-02  3.000000e-07
 63  32  0  0  0  1  6.284463e-02  3.000000e-07
 71  51  0  0  0  1  1.288934e-01  3.000000e-07
 89  34  0  0  0  1  1.182749e-01  3.000000e-07
 89  65  0  0  0  1  1.064624e-01  3.000000e-07
 89  35  0  0  0  1  1.383136e-01  3.000000e-07
 89  66  0  0  0  1  2.028168e-01  3.000000e-07
 64  35  0  0  0  1  2.216145e-01  3.000000e-07
 65  66  0  0  0  1  1.291137e-01  3.000000e-07
 65  32  0  0  0  1  9.420833e-02  3.000000e-07
 50  51  0 -1  0  1  1.822203e-01  3.000000e-07
-3.968286e-01  4.017207e-01 -2.065839e-01
 1.820939e-01 -1.668417e-01  3.735234e-01
-3.800098e-01 -1.581334e-01  1.297055e-01
 3.192865e-01 -3.047176e-01  3.313940e-01
-6.680252e-02 -3.298159e-01  3.355600e-01
 1.525453e-01 -4.472530e-02  4.141099e-01
-4.668208e-02 -1.897735e-01  2.133096e-01
-2.211472e-01  3.418671e-01  3.703768e-01
 4.407434e-01  3.744725e-01  3.164061e-01
 8.772938e-02 -2.962988e-01 -3.023021e-01
-8.634236e-02 -2.918586e-01 -4.085064e-01
-1.263641e-01  1.764077e-01  4.226987e-01
 3.376390e-01  3.758788e-02 -3.890324e-01
 1.216547e-02  2.851849e-01 -3.021629e-01
 2.375745e-01 -1.676454e-02 -2.462886e-01
-3.797176e-01  2.524695e-01 -2.789684e-01
-1.029989e-01 -1.457775e-01 -1.521929e-01
-4.178221e-01  1.353278e-01  2.984716e-01
 4.465675e-01  1.237707e-01 -4.294977e-01
 2.487550e-03 -4.458398e-01  3.816711e-01
 3.649183e-01 -1.047815e-01 -4.077631e-01
-4.803869e-02  2.946229e-01 -4.421157e-01
 1.446152e-01 -6.560053e-02 -3.135107e-01
 5.021923e-02  3.046716e-01 -3.080407e-01
 3.222641e-03 -1.763011e-01 -3.960747e-01
-1.882710e-01 -4.324729e-01 -4.173468e-01
-3.963893e-01 -8.965946e-02  1.970372e-01
 4.085422e-01 -2.886653e-01 -3.140620e-01
-4.337875e-01  3.370161e-01 -2.894213e-01
 1.527434e-01  4.455547e-01  4.190806e-01
 3.247041e-01  8.821837e-02  2.745993e-01
 1.554941e-01  3.095377e-02  3.016389e-01
-1.864568e-01 -1.576785e-01  0
-2.802435e-01  2.266733e-01  0
-2.006851e-01 -2.415792e-02  0
-1.718140e-01 -3.675776e-03  0
 1.202953e-01  3.170067e-01  0
 3.909329e-01 -3.975681e-01  0
 3.213618e-01 -4.229596e-01  0
 2.968857e-01  3.820542e-01  0
 1.257583e-01  3.487562e-01  0
 2.272734e-01 -2.401446e-02  0
 4.313221e-01  4.789836e-02  0
 2.206387e-02 -3.514723e-01  0
-9.386041e-02  4.013953e-01  0
-4.123019e-02 -3.987714e-01  0
 2.250232e-01 -1.539039e-01  0
 2.196639e-01 -1.824586e-01  0
 2.564314e-01  2.191916e-02  0
 5.236731e-02 -3.871655e-01  0
 1.790103e-01 -4.258439e-01  0
 2.091313e-01  3.944425e-01  0
 3.090319e-01 -3.747533e-01  0
-1.562294e-02 -2.931661e-01  0
-2.034654e-01  3.249111e-01  0
-3.617365e-01  2.664091e-01  0
-3.052309e-01  4.315444e-01  0
-3.609599e-01  2.380912e-01  0
-2.898900e-01 -3.671297e-01  0
-4.848551e-02 -1.468491e-02  0
-7.850123e-02 -6.787196e-03  0
-3.771972e-01  1.922770e-01  0
-3.335174e-01  4.583436e-02  0
-2.189357e-01 -2.114797e-01  0
-2.046005e-02  1.582037e-01  0
-1.268462e-01 -2.306291e-01  0
 1.869522e-03 -2.204996e-01  0
-2.657844e-01  3.492331e-01  0
 5.511596e-02  3.120882e-02  0
 4.238837e-01  2.366333e-01  0
-5.131434e-02  3.521862e-01  0
 3.365442e-01  4.139222e-01  0
 3.672043e-01 -9.856777e-02  1.467354e-01
-3.041632e-01 -3.404433e-01  1.789559e-01
-6.821921e-02  3.248160e-01 -2.645279e-01
 2.649500e-01  3.781663e-01 -1.950653e-01
-4.075864e-02 -3.631566e-01  2.829805e-01
-3.202054e-01  2.609957e-01 -2.277167e-01
-1.331640e-01 -3.598901e-01 -2.231290e-01
-1.915453e-01 -1.093847e-01  1.665147e-01
 3.810682e-01 -1.997338e-01  0
-3.776137e-01  1.628316e-01  0
 1.484302e-01 -5.586876e-02  0
 4.119442e-01 -1.303180e-01  0
-9.746937e-02 -2.769569e-01  0
-6.975938e-02  2.151586e-01  0
-1.936936e-01  4.106548e-01  0
 3.032852e-01 -2.647574e-01  0
 3.663218e-01  6.833017e-02  0
-1.848746e-01 -1.413714e-01  0