 735  90  1.200000e-05  0 -2 -2
 35  11  0  0  0  3  4.447199e-01  1.000000e-07
 35  22  0  0  0  3  2.881859e-01  1.000000e-07
 35  40  0 -1  0  3  4.650824e-01  1.000000e-07
 35  45 -1 -1  0  3  5.019358e-01  1.000000e-07
 35  33  0  0  1  3  4.306024e-01  1.000000e-07
 35  26 -1  0  1  3  5.282618e-01  1.000000e-07
 35  28  0  0  1  3  3.470203e-01  1.000000e-07
 35  30  0  0  1  3  3.620756e-01  1.000000e-07
 36  20  0  0  0  3  3.541321e-01  1.000000e-07
 36  21  0  0  0  3  1.362089e-01  1.000000e-07
 36  22  0  0  0  3  1.349444e-01  1.000000e-07
 36  23  0  0  0  3  2.068670e-01  1.000000e-07
 36  40  0  0  0  3  2.616535e-01  1.000000e-07
 36  42  0  0  0  3  2.030872e-01  1.000000e-07
 36  12  0  0  0  3  2.581739e-01  1.000000e-07
 20  37  0  0  0  3  1.241881e-01  1.000000e-07
 20  38  0  0  0  3  5.850576e-01  1.000000e-07
 20  39  0  0  0  3  1.937393e-01  1.000000e-07
 20  23  0  0  0  3  5.007429e-01  1.000000e-07
 20  42  0  0  0  3  3.897755e-01  1.000000e-07
 20  43  0  0  1  3  5.750357e-01  1.000000e-07
 20  34  0  0  1  3  3.851631e-01  1.000000e-07
 15  37  0  0  0  3  2.360581e-01  1.000000e-07
 15  39  0  0  0  3  2.679067e-01  1.000000e-07
 15  18  0  0  0  3  2.588309e-01  1.000000e-07
 15  40  1  0  0  3  3.726813e-01  1.000000e-07
 15  17  0  0  1  3  4.392064e-01  1.000000e-07
 37  45  0  0  0  3  2.418179e-01  1.000000e-07
 37  12  0  0  0  3  2.288186e-01  1.000000e-07
 37  17  0  0  1  3  4.937574e-01  1.000000e-07
 37  14  0  0  1  3  3.084295e-01  1.000000e-07
 37  34  0  0  1  3  3.478654e-01  1.000000e-07
 11  38  0  0  0  3  2.832730e-01  1.000000e-07
 11  39  0 -1  0  3  4.276775e-01  1.000000e-07
 11  18  0 -1  0  3  3.195212e-01  1.000000e-07
 11  42  0  0  0  3  3.446189e-01  1.000000e-07
 38  18  0 -1  0  3  1.856184e-01  1.000000e-07
 38  45  0 -1  0  3  2.424645e-01  1.000000e-07
 38  41  0  0  0  3  1.500516e-01  1.000000e-07
 38  47  1  0  0  3  6.194969e-01  1.000000e-07
 38  32  0  0  1  3  2.883671e-01  1.000000e-07
 38  14  0 -1  1  3  3.103046e-01  1.000000e-07
 38  13  0 -1  1  3  4.896616e-01  1.000000e-07
 21  22  0  0  0  3  1.793507e-01  1.000000e-07
 21  23  0  0  0  3  2.407418e-01  1.000000e-07
 21  41  0  0  0  3  3.876213e-01  1.000000e-07
 21  42  0  0  0  3  2.469380e-01  1.000000e-07
 39  18  0  0  0  3  1.583625e-01  1.000000e-07
 39  45  0  0  0  3  2.412099e-01  1.000000e-07
 39  12  0  0  0  3  1.919197e-01  1.000000e-07
 39  14  0  0  1  3  2.848277e-01  1.000000e-07
 39  34  0  0  1  3  3.446606e-01  1.000000e-07
 18  45  0  0  0  3  1.746830e-01  1.000000e-07
 18  41  0  1  0  3  2.192890e-01  1.000000e-07
 18  12  0  0  0  3  3.016907e-01  1.000000e-07
 18  14  0  0  1  3  2.496801e-01  1.000000e-07
 19  23  0  0  0  3  5.616907e-02  1.000000e-07
 19  40  0  0  0  3  2.793157e-01  1.000000e-07
 19  47  0  0  0  3  1.425905e-01  1.000000e-07
 22  23  0  0  0  3  1.956166e-01  1.000000e-07
 22  40  0  0  0  3  2.924623e-01  1.000000e-07
 22  42  0  0  0  3  2.351449e-01  1.000000e-07
 22  47  0  0  0  3  8.746756e-02  1.000000e-07
 22  33  0  0  1  3  4.883283e-01  1.000000e-07
 22  46  0  0  1  3  5.144095e-01  1.000000e-07
 40  42  0  0  0  3  3.899738e-01  1.000000e-07
 40  87  0  0  1  3  5.645008e-01  1.000000e-07
 40  46  0  0  1  3  4.503080e-01  1.000000e-07
 45  26  0  1  1  3  5.741354e-01  1.000000e-07
 45  17  0  0  1  3  3.931384e-01  1.000000e-07
 45  13  0  0  1  3  4.227442e-01  1.000000e-07
 41  12  0 -1  0  3  4.285157e-01  1.000000e-07
 41  32  0  0  1  3  3.533006e-01  1.000000e-07
 41  27  0  0  1  3  3.573982e-01  1.000000e-07
 41  43  0  0  1  3  3.196259e-01  1.000000e-07
 41  14  0 -1  1  3  3.598284e-01  1.000000e-07
 41  28  0  0  1  3  4.108703e-01  1.000000e-07
 42  46  0  0  1  3  4.267377e-01  1.000000e-07
 42  34  0  0  1  3  2.594762e-01  1.000000e-07
 12  14  0  0  1  3  3.327193e-01  1.000000e-07
 12  87  0  0  1  3  5.731631e-01  1.000000e-07
 12  46  0  0  1  3  4.314623e-01  1.000000e-07
 47  32 -1  0  1  3  6.638709e-01  1.000000e-07
 47  25 -1  0  1  3  6.294773e-01  1.000000e-07
 47  17 -1  0  1  3  6.068115e-01  1.000000e-07
 33  25 -1  0  0  3  3.519739e-01  1.000000e-07
 33  27  0  0  0  3  2.744713e-01  1.000000e-07
 33  24  0  0  0  3  3.416753e-01  1.000000e-07
 33  26 -1  0  0  3  3.361636e-01  1.000000e-07
 33  31  0  0  0  3  8.824375e-02  1.000000e-07
 33  30  0  0  0  3  1.673495e-01  1.000000e-07
 32  25  0  0  0  3  4.784996e-01  1.000000e-07
 32  24  0  0  0  3  3.504477e-01  1.000000e-07
 32  26  0  0  0  3  2.580327e-01  1.000000e-07
 32  43  0  0  0  3  2.003403e-01  1.000000e-07
 32  31  1  0  0  3  4.392556e-01  1.000000e-07
 32  34  0  0  0  3  4.688657e-01  1.000000e-07
 25  59  0  0  0  3  4.456426e-01  1.000000e-07
 25  44  0  0  0  3  5.094027e-01  1.000000e-07
 25  87  1  0  0  3  4.085372e-01  1.000000e-07
 25  31  1  0  0  3  3.196874e-01  1.000000e-07
 25  34  0  0  0  3  4.690014e-01  1.000000e-07
 27  42  0  0 -1  3  2.550775e-01  1.000000e-07
 27  29  0  0  0  3  1.341105e-01  1.000000e-07
 27  43  0  0  0  3  1.452062e-01  1.000000e-07
 27  44  0  0  0  3  2.072969e-01  1.000000e-07
 27  28  0  0  0  3  2.597521e-01  1.000000e-07
 27  30  0  0  0  3  2.230055e-01  1.000000e-07
 27  34  0  0  0  3  2.858643e-01  1.000000e-07
 24  89  0 -1  0  3  5.058302e-01  1.000000e-07
 24  43  0  0  0  3  2.441053e-01  1.000000e-07
 24  59  0  0  0  3  4.185531e-01  1.000000e-07
 24  60  0  0  0  3  3.926074e-01  1.000000e-07
 26  59  0  0  0  3  6.583627e-02  1.000000e-07
 26  30  1  0  0  3  3.362751e-01  1.000000e-07
 29  89  0 -1  0  3  5.076484e-01  1.000000e-07
 29  43  0  0  0  3  2.028017e-01  1.000000e-07
 29  60  0  0  0  3  2.989033e-01  1.000000e-07
 29  44  0  0  0  3  2.675116e-01  1.000000e-07
 29  28  0  0  0  3  1.883115e-01  1.000000e-07
 29  31  0  0  0  3  3.004680e-01  1.000000e-07
 29  30  0  0  0  3  1.527560e-01  1.000000e-07
 89  59  0  1  0  3  3.643327e-01  1.000000e-07
 89  13  0  0  0  3  2.517331e-01  1.000000e-07
 89  44  0  0  0  3  4.611193e-01  1.000000e-07
 43  17  0  0  0  3  5.135881e-01  1.000000e-07
 43  44  0  0  0  3  2.815268e-01  1.000000e-07
 43  28  0  0  0  3  3.210337e-01  1.000000e-07
 17  14  0  0  0  3  2.854503e-01  1.000000e-07
 17  13  0  0  0  3  1.106343e-01  1.000000e-07
 17  44  0  0  0  3  4.818328e-01  1.000000e-07
 17  46  1  0  0  3  4.370624e-01  1.000000e-07
 14  13  0  0  0  3  3.138787e-01  1.000000e-07
 14  44  0  0  0  3  3.739174e-01  1.000000e-07
 14  46  0  0  0  3  4.221141e-01  1.000000e-07
 59  13  0 -1  0  3  4.032521e-01  1.000000e-07
 59  31  1  0  0  3  3.036486e-01  1.000000e-07
 60  87  0 -1  0  3  1.828683e-01  1.000000e-07
 60  28  0  0  0  3  1.616287e-01  1.000000e-07
 60  31  0  0  0  3  3.300320e-01  1.000000e-07
 60  30  0  0  0  3  2.077359e-01  1.000000e-07
 13  87  1  0  0  3  3.592714e-01  1.000000e-07
 44  46  0  0  0  3  1.515905e-01  1.000000e-07
 44  34  0  0  0  3  1.795974e-01  1.000000e-07
 87  28  0  1  0  3  2.635163e-01  1.000000e-07
 28  30  0  0  0  3  1.269281e-01  1.000000e-07
 31  30  0  0  0  3  2.056918e-01  1.000000e-07
 46  34  0  0  0  3  2.809428e-01  1.000000e-07
 19  49  0  0  0  3  1.822930e-01  1.000000e-07
 86  13 -1  0  0  3  3.345514e-01  1.000000e-07
 11  50  0  0  0  3  2.731743e-01  1.000000e-07
 73  89  0 -1  0  3  1.727849e-01  1.000000e-07
 19  71  0  0  0  3  1.359640e-01  1.000000e-07
 54  31  0  0  0  3  1.882128e-01  1.000000e-07
 11  55  0  0  0  3  3.079346e-01  1.000000e-07
 56  60  0  0  0  3  2.120691e-01  1.000000e-07
 15  16  0  0  0  3  2.864902e-01  1.000000e-07
 53  13  0  0  0  3  2.296549e-01  1.000000e-07
 23  71  0  0  0  3  1.392602e-01  1.000000e-07
 54  31  0  0  0  3  1.939522e-01  1.000000e-07
 47  65  0  0  0  3  3.454386e-01  1.000000e-07
 2  60  0  0  0  3  1.805555e-01  1.000000e-07
 47  70 -1  0  0  3  3.406265e-01  1.000000e-07
 4  59  0  0  0  3  2.010294e-01  1.000000e-07
 20  88  0  0  0  3  3.446699e-01  1.000000e-07
 8  87  0  0  0  3  2.838902e-01  1.000000e-07
 21  76  0  0  0  3  2.160525e-01  1.000000e-07
 51  31  0  0  0  3  2.158253e-01  1.000000e-07
 21  51  0  0  0  3  1.875937e-01  1.000000e-07
 76  30  0  0  0  3  2.568264e-01  1.000000e-07
 21  81  0  0  0  3  1.765749e-01  1.000000e-07
 56  29  0  0  0  3  2.226902e-01  1.000000e-07
 45  52  0  1  0  3  4.269945e-01  1.000000e-07
 70  26  0  0  0  3  1.744758e-01  1.000000e-07
 35  48  0  0  0  3  4.181166e-01  1.000000e-07
 55  60  0  0  0  3  1.294128e-01  1.000000e-07
 21  81  0  0  0  3  1.884876e-01  1.000000e-07
 66  24  0  0  0  3  1.139820e-01  1.000000e-07
 11  80  0  0  0  3  2.225062e-01  1.000000e-07
 72  24  0  0  0  3  1.253560e-01  1.000000e-07
 19  54  0  0  0  3  2.156282e-01  1.000000e-07
 61  26 -1  0  0  3  2.586235e-01  1.000000e-07
 19  49  0  0  0  3  1.546480e-01  1.000000e-07
 86  25 -1  0  0  3  2.576719e-01  1.000000e-07
 23  78  0  0  0  3  2.051557e-01  1.000000e-07
 49  87  0  0  0  3  2.744125e-01  1.000000e-07
 23  71  0  0  0  3  1.309849e-01  1.000000e-07
 79  33  0  0  0  3  2.457777e-01  1.000000e-07
 23  79  0  0  0  3  1.364384e-01  1.000000e-07
 86  46  0  0  0  3  2.870422e-01  1.000000e-07
 15  52  0  1  0  3  3.739639e-01  1.000000e-07
 70  59  0  0  0  3  1.889277e-01  1.000000e-07
 19  54  0  0  0  3  2.250402e-01  1.000000e-07
 61  59 -1  0  0  3  2.602872e-01  1.000000e-07
 11  50  0  0  0  3  2.287057e-01  1.000000e-07
 56  28  0  0  0  3  3.067256e-01  1.000000e-07
 47  54  0  0  0  3  2.486176e-01  1.000000e-07
 71  31  0  0  0  3  1.756084e-01  1.000000e-07
 18  75  0  0  0  3  3.504384e-01  1.000000e-07
 84  89  0  0  0  3  1.184646e-01  1.000000e-07
 36  79  0  0  0  3  2.604381e-01  1.000000e-07
 77  46  0  0  0  3  2.738540e-01  1.000000e-07
 12  75  0  0  0  3  4.010969e-01  1.000000e-07
 84  89  0  0  0  3  1.413503e-01  1.000000e-07
 19  78  0  0  0  3  2.117024e-01  1.000000e-07
 49  87  0  0  0  3  2.814515e-01  1.000000e-07
 37  75  0  0  0  3  2.889108e-01  1.000000e-07
 83  89  0  0  0  3  1.268218e-01  1.000000e-07
 40  82  0  0  0  3  3.263545e-01  1.000000e-07
 85  87  0  0  0  3  1.790517e-01  1.000000e-07
 39  75  0  0  0  3  2.985074e-01  1.000000e-07
 84  89  0  0  0  3  1.227779e-01  1.000000e-07
 15  52  0  1  0  3  3.657959e-01  1.000000e-07
 70  26  0  0  0  3  1.916348e-01  1.000000e-07
 15  85  1  0  0  3  3.681264e-01  1.000000e-07
 82  87  0  0  0  3  2.137706e-01  1.000000e-07
 36  81  0  0  0  3  2.825331e-01  1.000000e-07
 66  24  0  0  0  3  1.190565e-01  1.000000e-07
 48  68  0 -1  0  2  2.677200e-01  2.000000e-07
 48  9  0 -1  0  2  4.294304e-01  2.000000e-07
 48  82  0 -1  0  2  3.953139e-01  2.000000e-07
 48  57  0  0  0  2  1.050509e-01  2.000000e-07
 48  52 -1  0  0  2  2.482416e-01  2.000000e-07
 48  84  0 -1  0  2  4.546114e-01  2.000000e-07
 48  70 -1  0  0  2  2.573035e-01  2.000000e-07
 48  2  0  0  0  2  1.470097e-01  2.000000e-07
 48  62 -1  0  0  2  4.165185e-01  2.000000e-07
 48  16 -1 -1  0  2  3.845798e-01  2.000000e-07
 48  53 -1 -1  0  2  3.482304e-01  2.000000e-07
 48  56  0  0  0  2  2.555908e-01  2.000000e-07
 48  61  0  0  0  2  1.752193e-01  2.000000e-07
 48  55  0  0  0  2  1.857588e-01  2.000000e-07
 48  6  0  0  0  2  1.010872e-01  2.000000e-07
 8  75  0  0  0  2  1.153115e-01  2.000000e-07
 8  10  0  0  0  2  1.236775e-01  2.000000e-07
 8  82  0  0  0  2  3.756678e-01  2.000000e-07
 8  64  0  0  0  2  1.518049e-01  2.000000e-07
 8  50  0  1  0  2  4.458498e-01  2.000000e-07
 8  52  0  1  0  2  5.306615e-01  2.000000e-07
 8  77  0  0  0  2  1.662263e-01  2.000000e-07
 8  85  0  0  0  2  4.322468e-01  2.000000e-07
 8  7  0  0  0  2  2.694538e-01  2.000000e-07
 8  69  0  0  0  2  8.464779e-02  2.000000e-07
 8  65  0  1  0  2  5.964761e-01  2.000000e-07
 8  83  0  0  0  2  2.802893e-01  2.000000e-07
 75  82  0  0  0  2  4.298893e-01  2.000000e-07
 75  64  0  0  0  2  2.038968e-01  2.000000e-07
 75  50  0  1  0  2  3.393919e-01  2.000000e-07
 75  52  0  1  0  2  4.211462e-01  2.000000e-07
 75  77  0  0  0  2  2.813960e-01  2.000000e-07
 75  84  0  0  0  2  1.135606e-01  2.000000e-07
 75  1  0  1  0  2  5.811372e-01  2.000000e-07
 75  85  0  0  0  2  4.714083e-01  2.000000e-07
 75  70  0  1  0  2  4.802521e-01  2.000000e-07
 75  62  0  1  0  2  4.803089e-01  2.000000e-07
 75  16  0  0  0  2  3.640018e-01  2.000000e-07
 75  88  0  0  0  2  2.023784e-01  2.000000e-07
 75  7  0  0  0  2  2.245891e-01  2.000000e-07
 75  53  0  0  0  2  3.269133e-01  2.000000e-07
 75  65  0  1  0  2  5.402699e-01  2.000000e-07
 75  74  0  1  0  2  4.796822e-01  2.000000e-07
 75  83  0  0  0  2  2.384861e-01  2.000000e-07
 75  80  0  1  0  2  4.944124e-01  2.000000e-07
 10  68  0  0  0  2  3.208349e-01  2.000000e-07
 10  9  0  0  0  2  2.597834e-01  2.000000e-07
 10  49  0  0  0  2  2.546419e-01  2.000000e-07
 10  51  0  0  0  2  3.741910e-01  2.000000e-07
 10  76  0  0  0  2  3.891466e-01  2.000000e-07
 10  77  0  0  0  2  1.050268e-01  2.000000e-07
 10  85  0  0  0  2  3.498386e-01  2.000000e-07
 10  88  0  0  0  2  5.975623e-02  2.000000e-07
 10  7  0  0  0  2  2.952367e-01  2.000000e-07
 10  69  0  0  0  2  1.718221e-01  2.000000e-07
 10  81  0  0  0  2  2.677204e-01  2.000000e-07
 10  66  0  0  0  2  2.767635e-01  2.000000e-07
 10  79  0  0  0  2  2.128836e-01  2.000000e-07
 10  54  0  0  0  2  3.758454e-01  2.000000e-07
 10  63  0  0  0  2  2.427690e-01  2.000000e-07
 10  86  0  0  0  2  2.388611e-01  2.000000e-07
 72  58  0  0  0  2  1.685455e-01  2.000000e-07
 72  51  0  0  0  2  2.902764e-01  2.000000e-07
 72  3  0  0  0  2  2.207775e-01  2.000000e-07
 72  4  0  0  0  2  2.170411e-01  2.000000e-07
 72  5  0  0  0  2  1.622110e-01  2.000000e-07
 72  73  0  0  0  2  1.454888e-01  2.000000e-07
 72  81  0  0  0  2  1.696516e-01  2.000000e-07
 72  66  0  0  0  2  1.294118e-01  2.000000e-07
 72  56  0  0  0  2  2.129299e-01  2.000000e-07
 72  74  0  0  0  2  5.388693e-02  2.000000e-07
 72  63  0  0  0  2  1.643814e-01  2.000000e-07
 72  55  0  0  0  2  2.871817e-01  2.000000e-07
 72  80  0  0  0  2  1.947955e-02  2.000000e-07
 68  9  0  0  0  2  1.767878e-01  2.000000e-07
 68  82  0  0  0  2  2.514678e-01  2.000000e-07
 68  49  0  0  0  2  3.939814e-01  2.000000e-07
 68  52 -1  1  0  2  4.242995e-01  2.000000e-07
 68  78  0  0  0  2  2.862240e-01  2.000000e-07
 68  85  0  0  0  2  2.400959e-01  2.000000e-07
 68  2  0  1  0  2  3.126475e-01  2.000000e-07
 68  88  0  0  0  2  2.617814e-01  2.000000e-07
 68  7  0  0  0  2  9.487619e-02  2.000000e-07
 68  53 -1  0  0  2  4.281353e-01  2.000000e-07
 68  65  0  1  0  2  2.867868e-01  2.000000e-07
 68  55  0  1  0  2  2.244988e-01  2.000000e-07
 68  6  0  1  0  2  3.681844e-01  2.000000e-07
 9  82  0  0  0  2  3.564064e-01  2.000000e-07
 9  50  0  1  0  2  2.693397e-01  2.000000e-07
 9  84  0  0  0  2  3.015233e-02  2.000000e-07
 9  78  0  0  0  2  3.144206e-01  2.000000e-07
 9  62  0  1  0  2  4.370640e-01  2.000000e-07
 9  73  0  1  0  2  3.013329e-01  2.000000e-07
 9  88  0  0  0  2  2.074270e-01  2.000000e-07
 9  7  0  0  0  2  8.627341e-02  2.000000e-07
 9  69  0  0  0  2  2.778342e-01  2.000000e-07
 9  53  0  0  0  2  4.062246e-01  2.000000e-07
 9  56  0  1  0  2  3.427842e-01  2.000000e-07
 9  63  0  0  0  2  4.521136e-01  2.000000e-07
 9  55  0  1  0  2  3.221073e-01  2.000000e-07
 9  80  0  1  0  2  4.051199e-01  2.000000e-07
 82  49  0  0  0  2  1.712689e-01  2.000000e-07
 82  57  0  1  0  2  4.999447e-01  2.000000e-07
 82  77  0  0  0  2  3.641342e-01  2.000000e-07
 82  84  0  0  0  2  3.555753e-01  2.000000e-07
 82  78  0  0  0  2  1.413927e-01  2.000000e-07
 82  85  0  0  0  2  7.841194e-02  2.000000e-07
 82  70 -1  1  0  2  4.953643e-01  2.000000e-07
 82  16 -1  0  0  2  2.178965e-01  2.000000e-07
 82  88  0  0  0  2  2.540075e-01  2.000000e-07
 82  67 -1  0  0  2  4.308044e-01  2.000000e-07
 82  53 -1  0  0  2  3.062265e-01  2.000000e-07
 82  65  0  1  0  2  4.875457e-01  2.000000e-07
 82  79  0  0  0  2  2.659383e-01  2.000000e-07
 82  83 -1  0  0  2  3.523725e-01  2.000000e-07
 82  71  0  0  0  2  3.141941e-01  2.000000e-07
 49  58 -1  0  0  2  4.912466e-01  2.000000e-07
 49  52 -1  1  0  2  5.441574e-01  2.000000e-07
 49  78  0  0  0  2  1.293797e-01  2.000000e-07
 49  85  0  0  0  2  2.426796e-01  2.000000e-07
 49  5 -1  0  0  2  4.895703e-01  2.000000e-07
 49  16 -1  0  0  2  3.204561e-01  2.000000e-07
 49  88  0  0  0  2  2.651180e-01  2.000000e-07
 49  69 -1  0  0  2  5.827157e-01  2.000000e-07
 49  53 -1  0  0  2  4.254562e-01  2.000000e-07
 49  71  0  0  0  2  1.429508e-01  2.000000e-07
 49  54  0  0  0  2  1.819148e-01  2.000000e-07
 49  86  0  0  0  2  4.308132e-02  2.000000e-07
 58  64  0  0  0  2  3.050125e-01  2.000000e-07
 58  57  1  0  0  2  3.968513e-01  2.000000e-07
 58  3  0  0  0  2  9.460941e-02  2.000000e-07
 58  5  0  0  0  2  2.801189e-02  2.000000e-07
 58  62  0  0  0  2  6.817112e-02  2.000000e-07
 58  16  0  0  0  2  5.377409e-01  2.000000e-07
 58  73  0  0  0  2  2.007431e-01  2.000000e-07
 58  67  0  0  0  2  1.642121e-01  2.000000e-07
 58  53  0 -1  0  2  4.294479e-01  2.000000e-07
 58  53  0  0  0  2  6.077102e-01  2.000000e-07
 58  66  0  0  0  2  2.622150e-01  2.000000e-07
 58  83  0  0  0  2  3.967222e-01  2.000000e-07
 58  71  1  0  0  2  4.422129e-01  2.000000e-07
 58  63  0  0  0  2  2.372554e-01  2.000000e-07
 58  6  1  0  0  2  3.251415e-01  2.000000e-07
 58  80  0  0  0  2  1.869184e-01  2.000000e-07
 64  0  0  0  0  2  2.167841e-01  2.000000e-07
 64  77  0  0  0  2  1.998278e-01  2.000000e-07
 64  1  0  0  0  2  2.650039e-01  2.000000e-07
 64  62  0  0  0  2  3.617840e-01  2.000000e-07
 64  88  0  0  0  2  2.618295e-01  2.000000e-07
 64  67  0  0  0  2  2.817199e-01  2.000000e-07
 64  69  0  0  0  2  6.861840e-02  2.000000e-07
 64  74  0  0  0  2  3.294216e-01  2.000000e-07
 64  83  0  0  0  2  1.942533e-01  2.000000e-07
 64  63  0  0  0  2  1.771237e-01  2.000000e-07
 50  51  0  0  0  2  3.431409e-01  2.000000e-07
 50  3  0  0  0  2  2.226903e-01  2.000000e-07
 50  73  0  0  0  2  3.964428e-02  2.000000e-07
 50  7  0 -1  0  2  2.759352e-01  2.000000e-07
 50  69  0 -1  0  2  4.995374e-01  2.000000e-07
 50  65  0  0  0  2  3.549213e-01  2.000000e-07
 50  81  0  0  0  2  2.912288e-01  2.000000e-07
 50  56  0  0  0  2  2.366316e-01  2.000000e-07
 50  74  0  0  0  2  1.420168e-01  2.000000e-07
 50  55  0  0  0  2  2.835645e-01  2.000000e-07
 51  76  0  0  0  2  3.119498e-02  2.000000e-07
 51  2  0  0  0  2  6.298352e-02  2.000000e-07
 51  65  0  0  0  2  6.603598e-02  2.000000e-07
 51  81  0  0  0  2  1.728926e-01  2.000000e-07
 51  56  0  0  0  2  1.090896e-01  2.000000e-07
 51  74  0  0  0  2  3.425301e-01  2.000000e-07
 51  71  0  0  0  2  1.961324e-01  2.000000e-07
 51  54  0  0  0  2  2.158238e-01  2.000000e-07
 51  61  0  0  0  2  1.464569e-01  2.000000e-07
 51  55  0  0  0  2  1.169487e-01  2.000000e-07
 51  86  0  0  0  2  2.843699e-01  2.000000e-07
 0  76  0  0  0  2  2.768743e-01  2.000000e-07
 0  77  0  0  0  2  9.306324e-02  2.000000e-07
 0  78  0  0  0  2  3.015339e-01  2.000000e-07
 0  1  0  0  0  2  9.057666e-02  2.000000e-07
 0  79  0  0  0  2  2.374987e-01  2.000000e-07
 0  71  0  0  0  2  3.042330e-01  2.000000e-07
 0  63  0  0  0  2  7.525051e-02  2.000000e-07
 0  80  0  0  0  2  1.895015e-01  2.000000e-07
 76  57  0  0  0  2  1.238559e-01  2.000000e-07
 76  77  0  0  0  2  3.218559e-01  2.000000e-07
 76  84  0 -1  0  2  4.749938e-01  2.000000e-07
 76  1  0  0  0  2  2.596922e-01  2.000000e-07
 76  70 -1  0  0  2  4.002064e-01  2.000000e-07
 76  67 -1  0  0  2  4.242061e-01  2.000000e-07
 76  65  0  0  0  2  5.177215e-02  2.000000e-07
 76  81  0  0  0  2  2.020078e-01  2.000000e-07
 76  74  0  0  0  2  3.731705e-01  2.000000e-07
 76  79  0  0  0  2  2.252958e-01  2.000000e-07
 76  54  0  0  0  2  1.941264e-01  2.000000e-07
 57  84  0 -1  0  2  5.225069e-01  2.000000e-07
 57  1  0  0  0  2  3.828321e-01  2.000000e-07
 57  70 -1  0  0  2  2.767329e-01  2.000000e-07
 57  2  0  0  0  2  9.859781e-02  2.000000e-07
 57  65  0  0  0  2  1.198058e-01  2.000000e-07
 57  56  0  0  0  2  2.413233e-01  2.000000e-07
 57  79  0  0  0  2  2.719857e-01  2.000000e-07
 57  71  0  0  0  2  1.894435e-01  2.000000e-07
 57  55  0  0  0  2  1.959302e-01  2.000000e-07
 57  6  0  0  0  2  9.066315e-02  2.000000e-07
 57  80  0  0  0  2  4.241583e-01  2.000000e-07
 52  3  0  0  0  2  2.005910e-01  2.000000e-07
 52  4  0  0  0  2  2.473876e-01  2.000000e-07
 52  85  1 -1  0  2  3.173185e-01  2.000000e-07
 52  70  0  0  0  2  1.088702e-01  2.000000e-07
 52  2  1  0  0  2  3.872971e-01  2.000000e-07
 52  16  0 -1  0  2  2.483933e-01  2.000000e-07
 52  73  0  0  0  2  2.799677e-01  2.000000e-07
 52  67  0  0  0  2  3.703308e-01  2.000000e-07
 52  69  0 -1  0  2  5.366958e-01  2.000000e-07
 52  53  0 -1  0  2  1.561870e-01  2.000000e-07
 52  65  1  0  0  2  3.936032e-01  2.000000e-07
 52  74  0  0  0  2  3.382665e-01  2.000000e-07
 52  83  0 -1  0  2  3.685615e-01  2.000000e-07
 52  54  1  0  0  2  4.050718e-01  2.000000e-07
 52  6  1  0  0  2  2.196376e-01  2.000000e-07
 3  4  0  0  0  2  5.396757e-02  2.000000e-07
 3  5  0  0  0  2  1.225885e-01  2.000000e-07
 3  73  0  0  0  2  1.830921e-01  2.000000e-07
 3  53  0 -1  0  2  3.378719e-01  2.000000e-07
 3  74  0  0  0  2  1.669523e-01  2.000000e-07
 3  6  1  0  0  2  2.613846e-01  2.000000e-07
 77  78  0  0  0  2  2.231816e-01  2.000000e-07
 77  1  0  0  0  2  1.836386e-01  2.000000e-07
 77  85  0  0  0  2  4.378631e-01  2.000000e-07
 77  88  0  0  0  2  1.639319e-01  2.000000e-07
 77  69  0  0  0  2  1.595032e-01  2.000000e-07
 77  81  0  0  0  2  1.684495e-01  2.000000e-07
 77  74  0  0  0  2  3.325529e-01  2.000000e-07
 77  79  0  0  0  2  2.064872e-01  2.000000e-07
 84  78  0  0  0  2  3.017964e-01  2.000000e-07
 84  1  0  1  0  2  5.073089e-01  2.000000e-07
 84  62  0  1  0  2  4.554784e-01  2.000000e-07
 84  73  0  1  0  2  3.214607e-01  2.000000e-07
 84  88  0  0  0  2  1.859349e-01  2.000000e-07
 84  53  0  0  0  2  3.986701e-01  2.000000e-07
 84  65  0  1  0  2  4.321854e-01  2.000000e-07
 84  56  0  1  0  2  3.729185e-01  2.000000e-07
 84  83  0  0  0  2  3.487411e-01  2.000000e-07
 84  63  0  0  0  2  4.224003e-01  2.000000e-07
 84  80  0  1  0  2  4.312657e-01  2.000000e-07
 78  88  0  0  0  2  1.423661e-01  2.000000e-07
 78  53 -1  0  0  2  4.464849e-01  2.000000e-07
 78  79  0  0  0  2  1.607831e-01  2.000000e-07
 78  71  0  0  0  2  2.411814e-01  2.000000e-07
 78  63  0  0  0  2  3.650123e-01  2.000000e-07
 78  86  0  0  0  2  1.365335e-01  2.000000e-07
 1  70  0  0  0  2  4.233376e-01  2.000000e-07
 1  62  0  0  0  2  2.549773e-01  2.000000e-07
 1  67  0  0  0  2  3.642277e-01  2.000000e-07
 1  65  0  0  0  2  2.847847e-01  2.000000e-07
 1  74  0  0  0  2  1.635834e-01  2.000000e-07
 1  79  0  0  0  2  2.944875e-01  2.000000e-07
 1  71  0  0  0  2  3.405156e-01  2.000000e-07
 1  63  0  0  0  2  8.789163e-02  2.000000e-07
 1  80  0  0  0  2  1.008499e-01  2.000000e-07
 4  70  0  0  0  2  1.424038e-01  2.000000e-07
 4  5  0  0  0  2  8.256291e-02  2.000000e-07
 4  67  0  0  0  2  1.571083e-01  2.000000e-07
 4  69  0  0  0  2  4.098534e-01  2.000000e-07
 4  74  0  0  0  2  1.660845e-01  2.000000e-07
 4  54  1  0  0  2  3.362425e-01  2.000000e-07
 4  6  1  0  0  2  2.683697e-01  2.000000e-07
 85  70 -1  1  0  2  4.169541e-01  2.000000e-07
 85  16 -1  0  0  2  1.661037e-01  2.000000e-07
 85  7  0  0  0  2  3.199519e-01  2.000000e-07
 85  69 -1  0  0  2  5.594830e-01  2.000000e-07
 85  65  0  1  0  2  4.365059e-01  2.000000e-07
 85  79  0  0  0  2  3.430171e-01  2.000000e-07
 85  83 -1  0  0  2  3.265489e-01  2.000000e-07
 85  54  0  0  0  2  4.128892e-01  2.000000e-07
 85  86  0  0  0  2  2.818328e-01  2.000000e-07
 70  62  0  0  0  2  1.683612e-01  2.000000e-07
 70  16  0 -1  0  2  3.571001e-01  2.000000e-07
 70  67  0  0  0  2  2.626214e-01  2.000000e-07
 70  53  0 -1  0  2  2.614257e-01  2.000000e-07
 70  65  1  0  0  2  3.852642e-01  2.000000e-07
 70  74  0  0  0  2  2.633059e-01  2.000000e-07
 70  79  1  0  0  2  4.979758e-01  2.000000e-07
 70  83  0 -1  0  2  4.669178e-01  2.000000e-07
 70  71  1  0  0  2  4.013731e-01  2.000000e-07
 5  73  0  0  0  2  2.151632e-01  2.000000e-07
 5  69  0  0  0  2  3.327076e-01  2.000000e-07
 5  53  0  0  0  2  5.868420e-01  2.000000e-07
 5  66  0  0  0  2  2.442505e-01  2.000000e-07
 5  74  0  0  0  2  1.223706e-01  2.000000e-07
 5  71  1  0  0  2  4.486388e-01  2.000000e-07
 5  54  1  0  0  2  3.846997e-01  2.000000e-07
 5  63  0  0  0  2  2.130301e-01  2.000000e-07
 5  6  1  0  0  2  3.457504e-01  2.000000e-07
 2  65  0  0  0  2  2.925182e-02  2.000000e-07
 2  56  0  0  0  2  1.439030e-01  2.000000e-07
 2  54  0  0  0  2  1.994919e-01  2.000000e-07
 2  61  0  0  0  2  1.137584e-01  2.000000e-07
 2  55  0  0  0  2  1.127307e-01  2.000000e-07
 2  6  0  0  0  2  1.844349e-01  2.000000e-07
 62  57  1  0  0  2  4.109631e-01  2.000000e-07
 62  73  0  0  0  2  1.377225e-01  2.000000e-07
 62  67  0  0  0  2  2.262376e-01  2.000000e-07
 62  53  0 -1  0  2  3.751214e-01  2.000000e-07
 62  71  1  0  0  2  4.823102e-01  2.000000e-07
 62  63  0  0  0  2  2.659020e-01  2.000000e-07
 62  6  1  0  0  2  3.302396e-01  2.000000e-07
 62  80  0  0  0  2  1.707170e-01  2.000000e-07
 16  53  0  0  0  2  1.064798e-01  2.000000e-07
 16  83  0  0  0  2  1.778966e-01  2.000000e-07
 73  7  0 -1  0  2  3.133847e-01  2.000000e-07
 73  69  0 -1  0  2  5.186790e-01  2.000000e-07
 73  53  0 -1  0  2  3.466717e-01  2.000000e-07
 73  66  0  0  0  2  2.699354e-01  2.000000e-07
 73  56  0  0  0  2  2.655205e-01  2.000000e-07
 73  80  0  0  0  2  1.565185e-01  2.000000e-07
 88  7  0  0  0  2  2.364283e-01  2.000000e-07
 88  66  0  0  0  2  3.359809e-01  2.000000e-07
 88  79  0  0  0  2  2.481996e-01  2.000000e-07
 88  63  0  0  0  2  2.975004e-01  2.000000e-07
 88  86  0  0  0  2  2.587977e-01  2.000000e-07
 7  69  0  0  0  2  3.505465e-01  2.000000e-07
 7  65  0  1  0  2  3.270551e-01  2.000000e-07
 7  56  0  1  0  2  2.843464e-01  2.000000e-07
 7  55  0  1  0  2  2.499843e-01  2.000000e-07
 67  85  1  0  0  2  4.583548e-01  2.000000e-07
 67  69  0  0  0  2  3.499104e-01  2.000000e-07
 67  65  1  0  0  2  4.418306e-01  2.000000e-07
 67  74  0  0  0  2  2.807168e-01  2.000000e-07
 67  79  1  0  0  2  3.866278e-01  2.000000e-07
 67  83  0  0  0  2  2.847550e-01  2.000000e-07
 67  71  1  0  0  2  3.078520e-01  2.000000e-07
 67  54  1  0  0  2  2.504561e-01  2.000000e-07
 67  63  0  0  0  2  3.142825e-01  2.000000e-07
 69  53  0  0  0  2  4.096613e-01  2.000000e-07
 69  81  0  0  0  2  2.924858e-01  2.000000e-07
 69  66  0  0  0  2  2.680458e-01  2.000000e-07
 69  74  0  0  0  2  3.674852e-01  2.000000e-07
 69  83  0  0  0  2  2.329702e-01  2.000000e-07
 69  54  1  0  0  2  5.805373e-01  2.000000e-07
 69  63  0  0  0  2  1.896694e-01  2.000000e-07
 53  83  0  0  0  2  2.160598e-01  2.000000e-07
 53  63  0  0  0  2  5.691195e-01  2.000000e-07
 53  6  1  1  0  2  3.549000e-01  2.000000e-07
 65  81  0  0  0  2  2.336312e-01  2.000000e-07
 65  74  0  0  0  2  3.787864e-01  2.000000e-07
 65  54  0  0  0  2  2.287414e-01  2.000000e-07
 65  61  0  0  0  2  1.425602e-01  2.000000e-07
 65  55  0  0  0  2  8.362836e-02  2.000000e-07
 65  6  0  0  0  2  2.000381e-01  2.000000e-07
 81  66  0  0  0  2  5.448701e-02  2.000000e-07
 81  56  0  0  0  2  1.669866e-01  2.000000e-07
 81  74  0  0  0  2  2.217398e-01  2.000000e-07
 81  71  0  0  0  2  2.753050e-01  2.000000e-07
 81  54  0  0  0  2  3.273900e-01  2.000000e-07
 81  61  0  0  0  2  2.936662e-01  2.000000e-07
 81  55  0  0  0  2  2.375793e-01  2.000000e-07
 81  86  0  0  0  2  3.068112e-01  2.000000e-07
 66  56  0  0  0  2  1.957537e-01  2.000000e-07
 66  74  0  0  0  2  1.776882e-01  2.000000e-07
 66  71  0  0  0  2  3.278685e-01  2.000000e-07
 66  63  0  0  0  2  8.737323e-02  2.000000e-07
 66  86  0  0  0  2  3.515509e-01  2.000000e-07
 66  80  0  0  0  2  1.144032e-01  2.000000e-07
 56  71  0  0  0  2  3.027132e-01  2.000000e-07
 56  61  0  0  0  2  2.509842e-01  2.000000e-07
 56  63  0  0  0  2  2.829516e-01  2.000000e-07
 56  55  0  0  0  2  7.803083e-02  2.000000e-07
 56  80  0  0  0  2  1.958896e-01  2.000000e-07
 79  71  0  0  0  2  9.660670e-02  2.000000e-07
 79  54  0  0  0  2  1.630552e-01  2.000000e-07
 79  63  0  0  0  2  3.125993e-01  2.000000e-07
 83  71  1  0  0  2  4.583837e-01  2.000000e-07
 83  63  0  0  0  2  3.618081e-01  2.000000e-07
 71  16 -1  0  0  2  4.417787e-01  2.000000e-07
 71  54  0  0  0  2  6.734584e-02  2.000000e-07
 71  61  0  0  0  2  1.191548e-01  2.000000e-07
 71  63  0  0  0  2  3.784171e-01  2.000000e-07
 71  6  0  0  0  2  2.519702e-01  2.000000e-07
 71  86  0  0  0  2  1.100959e-01  2.000000e-07
 71  80  0  0  0  2  4.200413e-01  2.000000e-07
 54  58 -1  0  0  2  3.770211e-01  2.000000e-07
 54  61  0  0  0  2  9.137480e-02  2.000000e-07
 54  6  0  0  0  2  1.990098e-01  2.000000e-07
 54  86  0  0  0  2  1.603933e-01  2.000000e-07
 61  6  0  0  0  2  1.418704e-01  2.000000e-07
 61  86  0  0  0  2  2.291913e-01  2.000000e-07
 63  86  0  0  0  2  3.782344e-01  2.000000e-07
 63  80  0  0  0  2  1.583264e-01  2.000000e-07
 48  57  0  0  0  1  1.050509e-01  3.000000e-07
 48  52 -1  0  0  1  2.482416e-01  3.000000e-07
 48  85  0 -1  0  1  3.303425e-01  3.000000e-07
 48  2  0  0  0  1  1.470097e-01  3.000000e-07
 48  65  0  0  0  1  1.475393e-01  3.000000e-07
 48  55  0  0  0  1  1.857588e-01  3.000000e-07
 8  75  0  0  0  1  1.153115e-01  3.000000e-07
 8  10  0  0  0  1  1.236775e-01  3.000000e-07
 8  77  0  0  0  1  1.662263e-01  3.000000e-07
 8  84  0  0  0  1  1.727922e-01  3.000000e-07
 8  88  0  0  0  1  1.226448e-01  3.000000e-07
 8  69  0  0  0  1  8.464779e-02  3.000000e-07
 75  64  0  0  0  1  2.038968e-01  3.000000e-07
 75  84  0  0  0  1  1.135606e-01  3.000000e-07
 75  69  0  0  0  1  1.604711e-01  3.000000e-07
 75  53  0  0  0  1  3.269133e-01  3.000000e-07
 75  83  0  0  0  1  2.384861e-01  3.000000e-07
 10  77  0  0  0  1  1.050268e-01  3.000000e-07
 10  78  0  0  0  1  1.500590e-01  3.000000e-07
 10  88  0  0  0  1  5.975623e-02  3.000000e-07
 10  79  0  0  0  1  2.128836e-01  3.000000e-07
 72  50  0  0  0  1  1.530206e-01  3.000000e-07
 72  1  0  0  0  1  1.155112e-01  3.000000e-07
 72  5  0  0  0  1  1.622110e-01  3.000000e-07
 72  73  0  0  0  1  1.454888e-01  3.000000e-07
 72  74  0  0  0  1  5.388693e-02  3.000000e-07
 72  63  0  0  0  1  1.643814e-01  3.000000e-07
 68  82  0  0  0  1  2.514678e-01  3.000000e-07
 68  78  0  0  0  1  2.862240e-01  3.000000e-07
 68  85  0  0  0  1  2.400959e-01  3.000000e-07
 68  88  0  0  0  1  2.617814e-01  3.000000e-07
 68  7  0  0  0  1  9.487619e-02  3.000000e-07
 68  55  0  1  0  1  2.244988e-01  3.000000e-07
 9  50  0  1  0  1  2.693397e-01  3.000000e-07
 9  7  0  0  0  1  8.627341e-02  3.000000e-07
 82  49  0  0  0  1  1.712689e-01  3.000000e-07
 82  78  0  0  0  1  1.413927e-01  3.000000e-07
 82  85  0  0  0  1  7.841194e-02  3.000000e-07
 82  16 -1  0  0  1  2.178965e-01  3.000000e-07
 49  16 -1  0  0  1  3.204561e-01  3.000000e-07
 49  67 -1  0  0  1  3.322439e-01  3.000000e-07
 49  71  0  0  0  1  1.429508e-01  3.000000e-07
 49  54  0  0  0  1  1.819148e-01  3.000000e-07
 58  4  0  0  0  1  5.786823e-02  3.000000e-07
 58  62  0  0  0  1  6.817112e-02  3.000000e-07
 58  74  0  0  0  1  1.224031e-01  3.000000e-07
 64  5  0  0  0  1  2.772320e-01  3.000000e-07
 64  67  0  0  0  1  2.817199e-01  3.000000e-07
 64  69  0  0  0  1  6.861840e-02  3.000000e-07
 64  83  0  0  0  1  1.942533e-01  3.000000e-07
 64  63  0  0  0  1  1.771237e-01  3.000000e-07
 50  7  0 -1  0  1  2.759352e-01  3.000000e-07
 50  53  0 -1  0  1  3.628936e-01  3.000000e-07
 50  56  0  0  0  1  2.366316e-01  3.000000e-07
 50  80  0  0  0  1  1.596159e-01  3.000000e-07
 51  65  0  0  0  1  6.603598e-02  3.000000e-07
 51  81  0  0  0  1  1.728926e-01  3.000000e-07
 51  56  0  0  0  1  1.090896e-01  3.000000e-07
 51  79  0  0  0  1  2.251994e-01  3.000000e-07
 51  71  0  0  0  1  1.961324e-01  3.000000e-07
 51  55  0  0  0  1  1.169487e-01  3.000000e-07
 0  77  0  0  0  1  9.306324e-02  3.000000e-07
 0  81  0  0  0  1  8.785894e-02  3.000000e-07
 0  66  0  0  0  1  7.918880e-02  3.000000e-07
 0  79  0  0  0  1  2.374987e-01  3.000000e-07
 76  65  0  0  0  1  5.177215e-02  3.000000e-07
 76  71  0  0  0  1  1.829940e-01  3.000000e-07
 76  61  0  0  0  1  1.185351e-01  3.000000e-07
 57  2  0  0  0  1  9.859781e-02  3.000000e-07
 57  61  0  0  0  1  7.031503e-02  3.000000e-07
 57  6  0  0  0  1  9.066315e-02  3.000000e-07
 52  85  1 -1  0  1  3.173185e-01  3.000000e-07
 52  70  0  0  0  1  1.088702e-01  3.000000e-07
 52  73  0  0  0  1  2.799677e-01  3.000000e-07
 52  53  0 -1  0  1  1.561870e-01  3.000000e-07
 52  6  1  0  0  1  2.196376e-01  3.000000e-07
 3  4  0  0  0  1  5.396757e-02  3.000000e-07
 3  73  0  0  0  1  1.830921e-01  3.000000e-07
 77  69  0  0  0  1  1.595032e-01  3.000000e-07
 77  79  0  0  0  1  2.064872e-01  3.000000e-07
 77  63  0  0  0  1  1.433108e-01  3.000000e-07
 84  88  0  0  0  1  1.859349e-01  3.000000e-07
 84  7  0  0  0  1  1.111438e-01  3.000000e-07
 78  88  0  0  0  1  1.423661e-01  3.000000e-07
 78  79  0  0  0  1  1.607831e-01  3.000000e-07
 78  86  0  0  0  1  1.365335e-01  3.000000e-07
 1  81  0  0  0  1  6.581543e-02  3.000000e-07
 1  63  0  0  0  1  8.789163e-02  3.000000e-07
 1  80  0  0  0  1  1.008499e-01  3.000000e-07
 4  70  0  0  0  1  1.424038e-01  3.000000e-07
 4  5  0  0  0  1  8.256291e-02  3.000000e-07
 4  62  0  0  0  1  7.987053e-02  3.000000e-07
 85  16 -1  0  0  1  1.661037e-01  3.000000e-07
 85  53 -1  0  0  1  2.391424e-01  3.000000e-07
 70  73  0  0  0  1  2.429734e-01  3.000000e-07
 70  6  1  0  0  1  1.869918e-01  3.000000e-07
 5  67  0  0  0  1  1.583507e-01  3.000000e-07
 5  74  0  0  0  1  1.223706e-01  3.000000e-07
 5  63  0  0  0  1  2.130301e-01  3.000000e-07
 2  61  0  0  0  1  1.137584e-01  3.000000e-07
 62  73  0  0  0  1  1.377225e-01  3.000000e-07
 16  53  0  0  0  1  1.064798e-01  3.000000e-07
 16  83  0  0  0  1  1.778966e-01  3.000000e-07
 73  74  0  0  0  1  1.210759e-01  3.000000e-07
 88  7  0  0  0  1  2.364283e-01  3.000000e-07
 7  56  0  1  0  1  2.843464e-01  3.000000e-07
 7  55  0  1  0  1  2.499843e-01  3.000000e-07
 67  83  0  0  0  1  2.847550e-01  3.000000e-07
 67  54  1  0  0  1  2.504561e-01  3.000000e-07
 67  6  1  0  0  1  2.891146e-01  3.000000e-07
 69  63  0  0  0  1  1.896694e-01  3.000000e-07
 53  83  0  0  0  1  2.160598e-01  3.000000e-07
 65  55  0  0  0  1  8.362836e-02  3.000000e-07
 81  66  0  0  0  1  5.448701e-02  3.000000e-07
 81  56  0  0  0  1  1.669866e-01  3.000000e-07
 81  80  0  0  0  1  1.518417e-01  3.000000e-07
 66  63  0  0  0  1  8.737323e-02  3.000000e-07
 56  55  0  0  0  1  7.803083e-02  3.000000e-07
 56  80  0  0  0  1  1.958896e-01  3.000000e-07
 79  86  0  0  0  1  7.199543e-02  3.000000e-07
 83  49  1  0  0  1  3.809654e-01  3.000000e-07
 71  54  0  0  0  1  6.734584e-02  3.000000e-07
 71  61  0  0  0  1  1.191548e-01  3.000000e-07
 71  86  0  0  0  1  1.100959e-01  3.000000e-07
 54  61  0  0  0  1  9.137480e-02  3.000000e-07
 54  6  0  0  0  1  1.990098e-01  3.000000e-07
 61  6  0  0  0  1  1.418704e-01  3.000000e-07
 6  4 -1  0  0  1  2.683697e-01  3.000000e-07
-2.266149e-02 -4.426040e-02  0
 6.616782e-03 -1.299745e-01  0
-2.595598e-01 -2.483325e-01  0
 2.987316e-01 -2.665468e-01  0
 3.008657e-01 -2.126214e-01  0
 2.364771e-01 -1.609423e-01  0
-4.404788e-01 -2.841731e-01  0
-9.444378e-02  4.367145e-01  0
 2.110001e-02  1.932910e-01  0
-2.091383e-02  3.915875e-01  0
-9.120914e-02  1.414955e-01  0
 1.230065e-01 -3.028997e-01  1.856512e-01
-4.996918e-02  1.982039e-01  3.332086e-01
 4.014351e-01  2.912086e-01 -2.290645e-01
 1.644126e-01  3.021390e-01 -4.345414e-01
 3.811015e-01  3.221040e-01  2.857537e-01
 4.416839e-01  3.166325e-01  0
 3.902101e-01  2.010242e-01 -2.921575e-01
 1.508160e-01  4.229308e-01  3.473655e-01
-3.602053e-01 -4.804820e-04  1.248145e-01
 1.774282e-01  1.177723e-01  2.014632e-01
-1.173809e-01 -1.382816e-01  1.729605e-01
-2.527664e-01 -9.652258e-02  2.829314e-01
-3.043383e-01  5.287209e-03  1.240573e-01
 1.756785e-03 -1.543561e-01 -1.045925e-01
 4.305929e-01  1.240221e-01 -2.079638e-01
 4.482368e-01 -3.364283e-01 -1.497019e-01
-6.417528e-02 -1.636619e-01 -3.391275e-01
-1.806280e-01 -3.776339e-01 -2.489837e-01
-9.180923e-02 -2.144757e-01 -2.181319e-01
-2.352106e-01 -2.636916e-01 -2.367928e-01
-3.759899e-01 -1.280727e-01 -1.727787e-01
 2.451624e-01 -3.060619e-01 -3.059694e-01
-3.125487e-01 -1.153388e-01 -2.327788e-01
 2.780862e-02  8.538978e-02 -4.451022e-01
-2.557778e-01 -3.536271e-01  4.130825e-01
-1.421445e-01 -2.747837e-02  2.482087e-01
 1.678621e-01  2.225077e-01  2.675061e-01
 1.971458e-01 -4.191041e-01  4.331255e-01
 1.163214e-01  2.812944e-01  2.854952e-01
-2.690198e-01  1.948347e-01  3.024503e-01
 5.093468e-02 -3.928426e-01  4.119561e-01
-5.622792e-02 -1.134426e-01  4.109137e-01
 7.547238e-02 -2.028446e-01 -3.321936e-01
-6.368250e-02  3.942202e-02 -2.975502e-01
 3.197227e-01  3.826359e-01  3.663656e-01
-1.796791e-01  1.299104e-01 -2.609946e-01
-3.268799e-01 -7.026713e-02  2.446114e-01
-3.647019e-01 -3.510797e-01  0
-3.390303e-01  8.295358e-02  0
 1.004853e-01 -3.679835e-01  0
-2.064243e-01 -2.145163e-01  0
 4.027856e-01 -4.380388e-01  0
 3.850263e-01  4.067872e-01  0
-3.848533e-01 -9.309541e-02  0
-1.803188e-01 -3.285141e-01  0
-1.191885e-01 -2.800178e-01  0
-3.581353e-01 -2.462343e-01  0
 2.496642e-01 -1.856559e-01  0
 3.862749e-01 -3.148267e-01 -1.443636e-01
-2.695212e-01 -4.372124e-01 -1.278547e-01
-3.479061e-01 -1.766673e-01  0
 2.309316e-01 -2.512028e-01  0
 5.187129e-02 -5.462888e-02  0
 1.400560e-01  9.898188e-02  0
-2.408851e-01 -2.708475e-01  0
-4.542950e-03 -1.213486e-01  0
 3.657990e-01 -6.955962e-02  0
-1.887448e-01  4.471454e-01  0
 8.039703e-02  1.328831e-01  0
 3.787131e-01 -3.318633e-01  0
-3.265152e-01 -5.944828e-02  0
 8.384896e-02 -2.158700e-01  0
 1.365333e-01 -3.514847e-01  0
 1.357368e-01 -2.304114e-01  0
 7.842799e-02  2.933421e-01  0
-2.372653e-01 -2.192020e-01  0
-5.206874e-02  4.403445e-02  0
-2.393471e-01  1.654299e-01  0
-2.549098e-01  5.401755e-03  0
 6.467434e-02 -2.124368e-01  0
-5.895134e-02 -1.242744e-01  0
-3.496474e-01  2.538931e-01  0
 3.010172e-01  2.077286e-01  0
-1.123528e-02  3.630307e-01  0
-3.922413e-01  3.197277e-01  0
-3.117051e-01  4.964692e-02  0
-2.573655e-01  3.843420e-01 -1.659369e-01
-1.013394e-01  2.003868e-01  0
 1.929743e-01  3.775249e-01 -1.174259e-01