 714  90  1.200000e-05  62 -2 -2
 7  38  0  0  0  3  5.395975e-01  1.000000e-07
 7  74 -1 -1  0  3  4.907894e-01  1.000000e-07
 7  40  0  0  0  3  3.056109e-01  1.000000e-07
 7  36  0  0  0  3  3.031062e-01  1.000000e-07
 7  37  0  0  0  3  3.865040e-01  1.000000e-07
 7  35 -1  0  1  3  3.931419e-01  1.000000e-07
 7  33 -1  0  1  3  2.881650e-01  1.000000e-07
 7  34  0  0  1  3  3.161675e-01  1.000000e-07
 38  40  0  0  0  3  4.739830e-01  1.000000e-07
 38  36  0  0  0  3  3.173471e-01  1.000000e-07
 38  37  0  0  0  3  3.470927e-01  1.000000e-07
 38  18  0  0  0  3  3.149617e-01  1.000000e-07
 38  16  0  0  0  3  1.651487e-01  1.000000e-07
 38  14  0  0  0  3  4.793914e-01  1.000000e-07
 11  40  0  1  0  3  1.355579e-01  1.000000e-07
 11  26  0  0  0  3  2.751023e-01  1.000000e-07
 11  44  0  0  0  3  4.491735e-01  1.000000e-07
 11  43  0  0  0  3  2.508371e-01  1.000000e-07
 11  13  0  0  1  3  3.088021e-01  1.000000e-07
 11  12  0  1  1  3  2.798618e-01  1.000000e-07
 11  29  0  0  1  3  3.324333e-01  1.000000e-07
 23  17  0  0  0  3  2.819011e-01  1.000000e-07
 23  25  0  0  0  3  2.860452e-01  1.000000e-07
 23  44  0  0  0  3  3.134704e-01  1.000000e-07
 23  24  0  0  0  3  3.047538e-01  1.000000e-07
 23  18  0  0  0  3  3.743523e-01  1.000000e-07
 23  16  0  0  0  3  2.431170e-01  1.000000e-07
 23  28  0  0  1  3  3.328313e-01  1.000000e-07
 23  20  0  0  1  3  3.296511e-01  1.000000e-07
 23  21  0  0  1  3  4.167649e-01  1.000000e-07
 74  15  0  0  0  3  2.706339e-01  1.000000e-07
 74  37  1  0  0  3  4.817461e-01  1.000000e-07
 74  19  0  0  0  3  3.566961e-01  1.000000e-07
 74  43  1  0  0  3  3.070932e-01  1.000000e-07
 74  33  0  1  1  3  5.479212e-01  1.000000e-07
 17  36  0  0  0  3  2.466397e-01  1.000000e-07
 17  37  0  0  0  3  1.512183e-01  1.000000e-07
 17  26  0  0  0  3  3.008259e-01  1.000000e-07
 17  44  0  0  0  3  2.127568e-01  1.000000e-07
 17  16  0  0  0  3  1.461941e-01  1.000000e-07
 17  28  0  0  1  3  3.505687e-01  1.000000e-07
 17  34  0  0  1  3  3.824928e-01  1.000000e-07
 17  29  0  0  1  3  4.248551e-01  1.000000e-07
 40  36  0  0  0  3  2.010890e-01  1.000000e-07
 40  5  0  0  1  3  3.761910e-01  1.000000e-07
 40  12  0  0  1  3  2.188381e-01  1.000000e-07
 40  29  0 -1  1  3  4.045455e-01  1.000000e-07
 15  37  1  0  0  3  3.741951e-01  1.000000e-07
 15  25  0  0  0  3  1.677967e-01  1.000000e-07
 15  44  0  0  0  3  4.392109e-01  1.000000e-07
 15  24  0  0  0  3  2.257871e-01  1.000000e-07
 36  16  0  0  0  3  2.319314e-01  1.000000e-07
 36  14  0  0  0  3  2.393352e-01  1.000000e-07
 36  28  0  0  1  3  2.567649e-01  1.000000e-07
 37  24 -1  0  0  3  5.174458e-01  1.000000e-07
 37  19 -1  0  0  3  2.840514e-01  1.000000e-07
 26  25  0  0  0  3  3.313413e-01  1.000000e-07
 26  44  0  0  0  3  3.075100e-01  1.000000e-07
 26  24  0  0  0  3  3.589805e-01  1.000000e-07
 26  14  0  1  0  3  3.636901e-01  1.000000e-07
 26  20  0  0  1  3  3.603210e-01  1.000000e-07
 26  29  0  0  1  3  3.583921e-01  1.000000e-07
 25  24  0  0  0  3  2.794993e-01  1.000000e-07
 25  18  0  0  0  3  3.896956e-01  1.000000e-07
 25  19  0  0  0  3  8.561327e-02  1.000000e-07
 25  13  0  0  1  3  4.070799e-01  1.000000e-07
 25  28  0  0  1  3  4.669628e-01  1.000000e-07
 25  21  0  0  1  3  4.227730e-01  1.000000e-07
 44  16  0  0  0  3  2.187337e-01  1.000000e-07
 44  43  0  0  0  3  4.656786e-01  1.000000e-07
 24  16  0  0  0  3  2.323321e-01  1.000000e-07
 24  19  0  0  0  3  3.220265e-01  1.000000e-07
 24  30  0  0  1  3  4.311863e-01  1.000000e-07
 18  16  0  0  0  3  2.376343e-01  1.000000e-07
 18  27  0  0  1  3  3.052407e-01  1.000000e-07
 18  33  0  0  1  3  3.573720e-01  1.000000e-07
 18  28  0  0  1  3  3.103390e-01  1.000000e-07
 18  30  0  0  1  3  3.163514e-01  1.000000e-07
 16  28  0  0  1  3  3.214197e-01  1.000000e-07
 14  11  0 -1  0  3  1.805193e-01  1.000000e-07
 14  13  0 -1  1  3  2.784469e-01  1.000000e-07
 14  12  0  0  1  3  1.739574e-01  1.000000e-07
 14  27  0  0  1  3  3.148046e-01  1.000000e-07
 14  33  0  0  1  3  3.850845e-01  1.000000e-07
 19  43  1  0  0  3  3.890050e-01  1.000000e-07
 19  22  1  0  1  3  3.677807e-01  1.000000e-07
 19  34  1  0  1  3  3.582852e-01  1.000000e-07
 19  30  0  0  1  3  3.957677e-01  1.000000e-07
 19  31  0  0  1  3  3.922118e-01  1.000000e-07
 43  22  0  0  1  3  4.507969e-01  1.000000e-07
 43  31 -1  0  1  3  4.846247e-01  1.000000e-07
 5  41  0 -1  0  3  3.863733e-01  1.000000e-07
 5  39  0 -1  0  3  3.523085e-01  1.000000e-07
 9  35  0  0  0  3  4.368552e-01  1.000000e-07
 9  27  0  0  0  3  3.550059e-01  1.000000e-07
 9  28  0  0  0  3  3.639592e-01  1.000000e-07
 9  32  0  0  0  3  4.982440e-01  1.000000e-07
 9  31  0 -1  0  3  4.822398e-01  1.000000e-07
 9  10  0  0  0  3  4.451110e-01  1.000000e-07
 13  12  0  1  0  3  2.371750e-01  1.000000e-07
 13  41  0  0  0  3  3.138328e-01  1.000000e-07
 13  27  0  1  0  3  3.586108e-01  1.000000e-07
 13  39  0  0  0  3  3.193864e-01  1.000000e-07
 13  33  0  1  0  3  3.789147e-01  1.000000e-07
 13  29  0  0  0  3  3.440613e-01  1.000000e-07
 35  27  0  0  0  3  2.098734e-01  1.000000e-07
 35  20  0  0  0  3  4.632984e-01  1.000000e-07
 35  42  1  0  0  3  5.708337e-01  1.000000e-07
 35  22  1  0  0  3  4.700882e-01  1.000000e-07
 35  34  1  0  0  3  3.458128e-01  1.000000e-07
 35  30  0  0  0  3  1.792513e-01  1.000000e-07
 35  21  0  0  0  3  3.943426e-01  1.000000e-07
 12  41  0 -1  0  3  3.732369e-01  1.000000e-07
 12  27  0  0  0  3  2.764887e-01  1.000000e-07
 12  28  0  0  0  3  3.106818e-01  1.000000e-07
 12  29  0 -1  0  3  3.940220e-01  1.000000e-07
 41  32  0  0  0  3  2.117456e-01  1.000000e-07
 41  42  0  0  0  3  2.309987e-01  1.000000e-07
 41  29  0  0  0  3  3.004767e-01  1.000000e-07
 41  21  0  0  0  3  3.003093e-01  1.000000e-07
 27  33  0  0  0  3  1.117438e-01  1.000000e-07
 27  28  0  0  0  3  3.161970e-01  1.000000e-07
 27  31  0 -1  0  3  3.806339e-01  1.000000e-07
 39  12  0  1  0  3  3.505055e-01  1.000000e-07
 39  32  0  0  0  3  2.677650e-01  1.000000e-07
 39  8  0  1  0  3  5.046868e-01  1.000000e-07
 39  10  0  1  0  3  5.214109e-01  1.000000e-07
 33  30  0  0  0  3  1.333230e-01  1.000000e-07
 33  31  0 -1  0  3  3.273817e-01  1.000000e-07
 33  10  0  0  0  3  2.069109e-01  1.000000e-07
 28  32  0  0  0  3  3.444769e-01  1.000000e-07
 28  30  0  0  0  3  3.698292e-01  1.000000e-07
 20  32  0  0  0  3  1.418872e-01  1.000000e-07
 20  42  0  0  0  3  2.785899e-01  1.000000e-07
 20  22  0  0  0  3  3.799139e-01  1.000000e-07
 20  34  0  0  0  3  4.273005e-01  1.000000e-07
 20  29  0  0  0  3  2.896528e-01  1.000000e-07
 20  21  0  0  0  3  2.088678e-01  1.000000e-07
 32  42  0  0  0  3  2.445820e-01  1.000000e-07
 32  8  0  0  0  3  5.402045e-01  1.000000e-07
 32  21  0  0  0  3  2.242287e-01  1.000000e-07
 42  5  0  1  0  3  4.889443e-01  1.000000e-07
 42  22  0  0  0  3  2.264536e-01  1.000000e-07
 42  8 -1  0  0  3  6.275965e-01  1.000000e-07
 22  34  0  0  0  3  1.987773e-01  1.000000e-07
 22  29  0  0  0  3  1.634702e-01  1.000000e-07
 22  21 -1  0  0  3  4.545805e-01  1.000000e-07
 22  31 -1  0  0  3  3.478727e-01  1.000000e-07
 34  36  0  0 -1  3  3.807516e-01  1.000000e-07
 34  8 -1  0  0  3  4.644544e-01  1.000000e-07
 34  29  0  0  0  3  3.242283e-01  1.000000e-07
 34  30 -1  0  0  3  3.361715e-01  1.000000e-07
 34  10 -1  0  0  3  4.179960e-01  1.000000e-07
 8  31  0 -1  0  3  4.125758e-01  1.000000e-07
 8  10  0  0  0  3  1.269347e-01  1.000000e-07
 29  10 -1  1  0  3  5.604801e-01  1.000000e-07
 30  21  0  0  0  3  4.468671e-01  1.000000e-07
 30  10  0  0  0  3  2.664553e-01  1.000000e-07
 21  31  0  0  0  3  2.576490e-01  1.000000e-07
 31  10  0  1  0  3  3.266749e-01  1.000000e-07
 10  42  1 -1  0  3  6.002194e-01  1.000000e-07
 26  63  0  0  0  3  3.925240e-01  1.000000e-07
 69  39  0  0  0  3  1.143781e-01  1.000000e-07
 38  67  0  0  0  3  1.527494e-01  1.000000e-07
 6  5  0  0  0  3  2.815780e-01  1.000000e-07
 15  80  0  0  0  3  3.499594e-01  1.000000e-07
 63  39  0  0  0  3  1.805990e-01  1.000000e-07
 37  68  0  0  0  3  3.258727e-01  1.000000e-07
 73  42  0  0  0  3  1.702655e-01  1.000000e-07
 15  54  0  0  0  3  3.555785e-01  1.000000e-07
 81  8  0  0  0  3  1.877180e-01  1.000000e-07
 43  73  0  0  0  3  3.537879e-01  1.000000e-07
 77  42  0  0  0  3  1.921183e-01  1.000000e-07
 74  3  1  0  0  3  2.177638e-01  1.000000e-07
 65  5  0  1  0  3  3.794175e-01  1.000000e-07
 40  6  0  0  0  3  4.356639e-01  1.000000e-07
 53  9  0  0  0  3  1.920874e-01  1.000000e-07
 43  64  0  0  0  3  3.813055e-01  1.000000e-07
 70  41  0  0  0  3  1.715659e-01  1.000000e-07
 15  80  0  0  0  3  2.930026e-01  1.000000e-07
 59  32  0  0  0  3  1.958766e-01  1.000000e-07
 7  71  0  0  0  3  4.684880e-01  1.000000e-07
 66  5  0  0  0  3  2.177724e-01  1.000000e-07
 44  4  0  0  0  3  1.344984e-01  1.000000e-07
 57  42  0  0  0  3  1.859380e-01  1.000000e-07
 44  4  0  0  0  3  1.526392e-01  1.000000e-07
 56  41  0  0  0  3  1.748434e-01  1.000000e-07
 40  71  0  0  0  3  4.344166e-01  1.000000e-07
 6  5  0  0  0  3  2.066867e-01  1.000000e-07
 24  59  0  0  0  3  2.197873e-01  1.000000e-07
 82  21  0  0  0  3  2.428403e-01  1.000000e-07
 38  60  0  0  0  3  1.629705e-01  1.000000e-07
 58  9  0  0  0  3  2.784002e-01  1.000000e-07
 74  1  0  0  0  3  1.556978e-01  1.000000e-07
 78  21  0  0  0  3  2.916492e-01  1.000000e-07
 37  81 -1  0  0  3  4.679760e-01  1.000000e-07
 75  8  0  0  0  3  1.690977e-01  1.000000e-07
 74  89  0  1  0  3  2.017868e-01  1.000000e-07
 81  8  0  0  0  3  1.927527e-01  1.000000e-07
 36  71  0  0  0  3  3.920614e-01  1.000000e-07
 67  5  0  0  0  3  2.098826e-01  1.000000e-07
 39  69  0  0  0  3  1.179176e-01  1.000000e-07
 63  14  0  1  0  3  4.736247e-01  1.000000e-07
 9  71  0  0  0  3  2.375934e-01  1.000000e-07
 6  43  0 -1  0  3  3.742897e-01  1.000000e-07
 11  69  0  0  0  3  4.085939e-01  1.000000e-07
 70  39  0  0  0  3  1.141986e-01  1.000000e-07
 15  77  1  0  0  3  3.255441e-01  1.000000e-07
 68  42  0  0  0  3  2.485105e-01  1.000000e-07
 18  55  0 -1  0  3  4.718496e-01  1.000000e-07
 63  39  0  0  0  3  1.574270e-01  1.000000e-07
 64  45  0  0  0  2  4.365754e-01  2.000000e-07
 64  65  0  0  0  2  2.540741e-01  2.000000e-07
 64  53  0  1  0  2  4.340339e-01  2.000000e-07
 64  85 -1  0  0  2  4.612473e-01  2.000000e-07
 64  73  0  0  0  2  1.665855e-01  2.000000e-07
 64  55  0  0  0  2  2.952819e-01  2.000000e-07
 64  56  0  0  0  2  2.209712e-01  2.000000e-07
 64  2  0  1  0  2  3.893602e-01  2.000000e-07
 64  89 -1  1  0  2  5.983393e-01  2.000000e-07
 64  57  0  0  0  2  9.675696e-02  2.000000e-07
 64  63  0  0  0  2  2.180334e-01  2.000000e-07
 64  3  0  0  0  2  2.530834e-01  2.000000e-07
 64  70  0  0  0  2  9.134228e-02  2.000000e-07
 64  68  0  0  0  2  2.909938e-01  2.000000e-07
 64  67  0  1  0  2  4.459598e-01  2.000000e-07
 45  65  0  0  0  2  4.337539e-01  2.000000e-07
 45  87  0  0  0  2  2.936694e-02  2.000000e-07
 45  52  0  0  0  2  3.815118e-01  2.000000e-07
 45  66  0  0  0  2  1.242436e-01  2.000000e-07
 45  56  0  0  0  2  4.270110e-01  2.000000e-07
 45  57  0  0  0  2  3.840724e-01  2.000000e-07
 45  77  0  0  0  2  3.024911e-01  2.000000e-07
 45  79  0  0  0  2  5.291937e-02  2.000000e-07
 45  88  0  0  0  2  3.090092e-02  2.000000e-07
 45  67  0  0  0  2  2.086670e-01  2.000000e-07
 65  85 -1  0  0  2  2.257004e-01  2.000000e-07
 65  86 -1  0  0  2  2.214218e-01  2.000000e-07
 65  87  0  0  0  2  4.054030e-01  2.000000e-07
 65  56  0  0  0  2  4.534259e-01  2.000000e-07
 65  57  0  0  0  2  3.184968e-01  2.000000e-07
 65  77  0  0  0  2  1.372624e-01  2.000000e-07
 65  59 -1  0  0  2  4.143902e-01  2.000000e-07
 65  63  0  0  0  2  4.721064e-01  2.000000e-07
 65  88  0  0  0  2  4.373289e-01  2.000000e-07
 65  51 -1  0  0  2  4.021143e-01  2.000000e-07
 65  3  0  0  0  2  9.191797e-02  2.000000e-07
 65  47 -1  0  0  2  3.788865e-01  2.000000e-07
 65  68  0  0  0  2  2.322580e-01  2.000000e-07
 71  53  0  0  0  2  2.441854e-01  2.000000e-07
 71  72  0  0  0  2  2.477636e-01  2.000000e-07
 71  87  0  0  0  2  2.396373e-01  2.000000e-07
 71  6  0  0  0  2  1.106579e-01  2.000000e-07
 71  66  0  0  0  2  8.888023e-02  2.000000e-07
 71  69  0 -1  0  2  3.919411e-01  2.000000e-07
 71  2  0  0  0  2  2.391822e-01  2.000000e-07
 71  76  0  0  0  2  2.568318e-01  2.000000e-07
 71  58  0  0  0  2  2.075954e-01  2.000000e-07
 71  63  0 -1  0  2  4.491684e-01  2.000000e-07
 71  79  0  0  0  2  2.345322e-01  2.000000e-07
 71  60  0  0  0  2  2.199508e-01  2.000000e-07
 71  70  0 -1  0  2  3.983887e-01  2.000000e-07
 71  67  0  0  0  2  5.958268e-02  2.000000e-07
 53  62  0  0  0  2  2.826591e-01  2.000000e-07
 53  6  0  0  0  2  1.335448e-01  2.000000e-07
 53  55  0 -1  0  2  3.154832e-01  2.000000e-07
 53  48  0  0  0  2  1.653948e-01  2.000000e-07
 53  83  0  0  0  2  1.302772e-01  2.000000e-07
 53  69  0 -1  0  2  3.552645e-01  2.000000e-07
 53  89  0  0  0  2  2.425709e-01  2.000000e-07
 53  63  0 -1  0  2  3.517403e-01  2.000000e-07
 53  78  0 -1  0  2  3.877670e-01  2.000000e-07
 53  60  0  0  0  2  1.164899e-01  2.000000e-07
 53  84  0  0  0  2  3.096420e-01  2.000000e-07
 53  70  0 -1  0  2  3.775203e-01  2.000000e-07
 53  49  0  0  0  2  2.745761e-01  2.000000e-07
 53  67  0  0  0  2  2.136984e-01  2.000000e-07
 1  72  1  1  0  2  3.549912e-01  2.000000e-07
 1  85  0  0  0  2  1.764917e-01  2.000000e-07
 1  73  1  0  0  2  3.590144e-01  2.000000e-07
 1  86  0  0  0  2  9.925227e-02  2.000000e-07
 1  75  0  0  0  2  4.370757e-01  2.000000e-07
 1  2  1  1  0  2  3.759093e-01  2.000000e-07
 1  89  0  1  0  2  2.436125e-01  2.000000e-07
 1  77  1  0  0  2  3.331351e-01  2.000000e-07
 1  82  0  0  0  2  2.952930e-01  2.000000e-07
 1  78  0  0  0  2  5.243383e-02  2.000000e-07
 1  80  0  0  0  2  2.865809e-01  2.000000e-07
 1  84  0  0  0  2  4.411472e-01  2.000000e-07
 1  81  0  1  0  2  3.720244e-01  2.000000e-07
 1  68  1  0  0  2  3.953458e-01  2.000000e-07
 72  65  0 -1  0  2  2.966490e-01  2.000000e-07
 72  73  0 -1  0  2  3.875897e-01  2.000000e-07
 72  54 -1  0  0  2  4.383936e-01  2.000000e-07
 72  86 -1 -1  0  2  2.643377e-01  2.000000e-07
 72  66  0  0  0  2  2.395368e-01  2.000000e-07
 72  75 -1  0  0  2  3.600295e-01  2.000000e-07
 72  69  0 -1  0  2  4.191203e-01  2.000000e-07
 72  2  0  0  0  2  3.580705e-02  2.000000e-07
 72  77  0 -1  0  2  4.112965e-01  2.000000e-07
 72  4  0 -1  0  2  5.179877e-01  2.000000e-07
 72  63  0 -1  0  2  5.134897e-01  2.000000e-07
 72  88  0  0  0  2  2.919933e-01  2.000000e-07
 72  3  0 -1  0  2  2.047741e-01  2.000000e-07
 85  73  1  0  0  2  3.065658e-01  2.000000e-07
 85  50  0  0  0  2  2.335045e-01  2.000000e-07
 85  86  0  0  0  2  2.639095e-01  2.000000e-07
 85  87  1  0  0  2  4.034082e-01  2.000000e-07
 85  62  0  0  0  2  4.228758e-01  2.000000e-07
 85  55  0  0  0  2  3.273297e-01  2.000000e-07
 85  89  0  1  0  2  4.197241e-01  2.000000e-07
 85  59  0  0  0  2  1.889068e-01  2.000000e-07
 85  63  0  0  0  2  3.724616e-01  2.000000e-07
 85  78  0  0  0  2  2.090613e-01  2.000000e-07
 85  51  0  0  0  2  1.932552e-01  2.000000e-07
 85  3  1  0  0  2  2.961696e-01  2.000000e-07
 85  80  0  0  0  2  2.688286e-01  2.000000e-07
 85  84  0  0  0  2  2.870085e-01  2.000000e-07
 85  68  1  0  0  2  2.777100e-01  2.000000e-07
 85  49  0  0  0  2  3.210449e-01  2.000000e-07
 73  0  0  0  0  2  3.689620e-01  2.000000e-07
 73  75 -1  0  0  2  3.705560e-01  2.000000e-07
 73  69  0  0  0  2  2.811268e-01  2.000000e-07
 73  2  0  1  0  2  4.233912e-01  2.000000e-07
 73  76  0  0  0  2  2.848908e-01  2.000000e-07
 73  89 -1  1  0  2  5.403060e-01  2.000000e-07
 73  77  0  0  0  2  5.254819e-02  2.000000e-07
 73  4  0  0  0  2  2.177394e-01  2.000000e-07
 73  70  0  0  0  2  2.520830e-01  2.000000e-07
 73  68  0  0  0  2  1.409231e-01  2.000000e-07
 50  87  1  0  0  2  3.747957e-01  2.000000e-07
 50  52  0  0  0  2  2.577237e-01  2.000000e-07
 50  48  0  0  0  2  3.044993e-01  2.000000e-07
 50  83  0  0  0  2  2.922487e-01  2.000000e-07
 50  89  0  0  0  2  3.672565e-01  2.000000e-07
 50  88  1  0  0  2  3.679114e-01  2.000000e-07
 50  51  0  0  0  2  4.802087e-02  2.000000e-07
 50  47  0  0  0  2  6.201040e-02  2.000000e-07
 50  84  0  0  0  2  7.303781e-02  2.000000e-07
 50  49  0  0  0  2  1.065476e-01  2.000000e-07
 54  86  0 -1  0  2  4.721404e-01  2.000000e-07
 54  52  0  0  0  2  2.112218e-01  2.000000e-07
 54  75  0  0  0  2  1.718435e-01  2.000000e-07
 54  83  0  0  0  2  2.328573e-01  2.000000e-07
 54  59  0  0  0  2  1.688777e-01  2.000000e-07
 54  82  0  0  0  2  1.608953e-01  2.000000e-07
 54  88  1  0  0  2  3.913906e-01  2.000000e-07
 54  51  0  0  0  2  9.995601e-02  2.000000e-07
 54  46  0  0  0  2  1.839498e-01  2.000000e-07
 54  47  0  0  0  2  1.162093e-01  2.000000e-07
 54  61  0  0  0  2  2.349473e-01  2.000000e-07
 54  84  0  0  0  2  4.132575e-02  2.000000e-07
 54  81  0  0  0  2  1.849170e-01  2.000000e-07
 86  55  0  0  0  2  2.907780e-01  2.000000e-07
 86  56  0  0  0  2  4.562084e-01  2.000000e-07
 86  83  0  1  0  2  3.187160e-01  2.000000e-07
 86  2  1  1  0  2  2.818090e-01  2.000000e-07
 86  89  0  1  0  2  1.794388e-01  2.000000e-07
 86  77  1  0  0  2  3.539445e-01  2.000000e-07
 86  58  0  1  0  2  4.806011e-01  2.000000e-07
 86  59  0  0  0  2  4.126466e-01  2.000000e-07
 86  63  0  0  0  2  3.723809e-01  2.000000e-07
 86  82  0  0  0  2  3.924751e-01  2.000000e-07
 86  78  0  0  0  2  1.147654e-01  2.000000e-07
 86  88  1  1  0  2  5.248873e-01  2.000000e-07
 86  46  0  1  0  2  4.301974e-01  2.000000e-07
 86  3  1  0  0  2  1.938175e-01  2.000000e-07
 86  81  0  1  0  2  2.875262e-01  2.000000e-07
 87  62  0  0  0  2  3.327575e-01  2.000000e-07
 87  0  0  0  0  2  7.332896e-02  2.000000e-07
 87  48  0  0  0  2  3.534194e-01  2.000000e-07
 87  75 -1  0  0  2  2.334753e-01  2.000000e-07
 87  83 -1  0  0  2  5.486420e-01  2.000000e-07
 87  2  0  0  0  2  2.988557e-01  2.000000e-07
 87  76  0  0  0  2  1.509367e-01  2.000000e-07
 87  89 -1  0  0  2  5.214210e-01  2.000000e-07
 87  57  0  0  0  2  3.702345e-01  2.000000e-07
 87  88  0  0  0  2  3.876474e-02  2.000000e-07
 87  3  0 -1  0  2  5.340962e-01  2.000000e-07
 87  60  0  0  0  2  3.644264e-01  2.000000e-07
 87  81 -1  0  0  2  4.041571e-01  2.000000e-07
 87  68  0  0  0  2  1.732925e-01  2.000000e-07
 87  49 -1  0  0  2  4.636519e-01  2.000000e-07
 87  67  0  0  0  2  2.369880e-01  2.000000e-07
 62  55  0  0  0  2  4.189597e-01  2.000000e-07
 62  48  0  0  0  2  1.173571e-01  2.000000e-07
 62  76  0  0  0  2  1.916945e-01  2.000000e-07
 62  57  0  0  0  2  3.156606e-01  2.000000e-07
 62  51  0  0  0  2  2.880064e-01  2.000000e-07
 62  61  0  0  0  2  3.670905e-02  2.000000e-07
 62  80  0  0  0  2  2.532326e-01  2.000000e-07
 62  84  0  0  0  2  2.326420e-01  2.000000e-07
 62  70  0  0  0  2  3.901894e-01  2.000000e-07
 62  68  0  0  0  2  3.996749e-01  2.000000e-07
 62  49  0  0  0  2  2.147631e-01  2.000000e-07
 62  67  0  0  0  2  2.506771e-01  2.000000e-07
 6  69  0 -1  0  2  3.569846e-01  2.000000e-07
 6  58  0  0  0  2  1.087369e-01  2.000000e-07
 6  63  0 -1  0  2  3.906839e-01  2.000000e-07
 6  60  0  0  0  2  1.323938e-01  2.000000e-07
 6  61  0  0  0  2  2.770760e-01  2.000000e-07
 6  70  0 -1  0  2  3.710341e-01  2.000000e-07
 0  66  0  0  0  2  8.006079e-02  2.000000e-07
 0  75 -1  0  0  2  2.761993e-01  2.000000e-07
 0  2  0  0  0  2  2.517654e-01  2.000000e-07
 0  76  0  0  0  2  1.625946e-01  2.000000e-07
 0  77  0  0  0  2  3.462702e-01  2.000000e-07
 0  79  0  0  0  2  8.534325e-02  2.000000e-07
 0  88  0  0  0  2  5.338081e-02  2.000000e-07
 0  81 -1  0  0  2  4.076133e-01  2.000000e-07
 0  68  0  0  0  2  2.457469e-01  2.000000e-07
 52  66  0  0  0  2  3.302226e-01  2.000000e-07
 52  48  0  0  0  2  4.981934e-02  2.000000e-07
 52  56  0  0  0  2  3.627642e-01  2.000000e-07
 52  83  0  0  0  2  1.874293e-01  2.000000e-07
 52  57  0  0  0  2  4.456027e-01  2.000000e-07
 52  58  0  0  0  2  1.065504e-01  2.000000e-07
 52  59  0  0  0  2  2.641685e-01  2.000000e-07
 52  63  0 -1  0  2  5.190340e-01  2.000000e-07
 52  79  0  0  0  2  3.598816e-01  2.000000e-07
 52  51  0  0  0  2  2.715301e-01  2.000000e-07
 52  46  0  0  0  2  7.694148e-02  2.000000e-07
 52  61  0  0  0  2  1.089921e-01  2.000000e-07
 52  49  0  0  0  2  1.525352e-01  2.000000e-07
 52  67  0  0  0  2  2.341301e-01  2.000000e-07
 55  83  0  1  0  2  3.338969e-01  2.000000e-07
 55  69  0  0  0  2  1.765532e-01  2.000000e-07
 55  89  0  1  0  2  2.833515e-01  2.000000e-07
 55  57  0  0  0  2  2.660990e-01  2.000000e-07
 55  63  0  0  0  2  8.326325e-02  2.000000e-07
 55  78  0  0  0  2  1.897369e-01  2.000000e-07
 55  51  0  0  0  2  4.129919e-01  2.000000e-07
 55  80  0  0  0  2  1.727737e-01  2.000000e-07
 55  70  0  0  0  2  2.039409e-01  2.000000e-07
 66  2  0  0  0  2  2.188569e-01  2.000000e-07
 66  58  0  0  0  2  2.685932e-01  2.000000e-07
 66  63  0 -1  0  2  5.353257e-01  2.000000e-07
 66  79  0  0  0  2  1.568629e-01  2.000000e-07
 66  88  0  0  0  2  1.291119e-01  2.000000e-07
 66  3  0 -1  0  2  4.253345e-01  2.000000e-07
 66  67  0  0  0  2  1.082176e-01  2.000000e-07
 48  56  0  0  0  2  3.586177e-01  2.000000e-07
 48  83  0  0  0  2  2.176943e-01  2.000000e-07
 48  57  0  0  0  2  4.277636e-01  2.000000e-07
 48  59  0  0  0  2  2.971626e-01  2.000000e-07
 48  51  0  0  0  2  3.149146e-01  2.000000e-07
 48  49  0  0  0  2  2.006963e-01  2.000000e-07
 48  67  0  0  0  2  1.871498e-01  2.000000e-07
 75  77  1  0  0  2  3.206150e-01  2.000000e-07
 75  82  0  0  0  2  2.139469e-01  2.000000e-07
 75  79  1  0  0  2  2.804209e-01  2.000000e-07
 75  88  1  0  0  2  2.257246e-01  2.000000e-07
 75  47  0  0  0  2  9.876680e-02  2.000000e-07
 75  84  0  0  0  2  2.059587e-01  2.000000e-07
 75  81  0  0  0  2  2.371888e-01  2.000000e-07
 75  68  1  0  0  2  2.438559e-01  2.000000e-07
 56  69  0  0  0  2  1.630758e-01  2.000000e-07
 56  57  0  0  0  2  1.353279e-01  2.000000e-07
 56  77  0  0  0  2  3.660096e-01  2.000000e-07
 56  4  0  0  0  2  1.136251e-01  2.000000e-07
 56  59  0  0  0  2  2.623903e-01  2.000000e-07
 56  63  0  0  0  2  1.321712e-01  2.000000e-07
 56  82  0  0  0  2  3.134672e-01  2.000000e-07
 56  78  0  0  0  2  3.420834e-01  2.000000e-07
 56  79  0  0  0  2  3.748743e-01  2.000000e-07
 56  51  0  0  0  2  3.572740e-01  2.000000e-07
 56  61  0  0  0  2  2.539148e-01  2.000000e-07
 56  80  0  0  0  2  1.049903e-01  2.000000e-07
 83  89  0  0  0  2  1.399553e-01  2.000000e-07
 83  58  0  0  0  2  1.772645e-01  2.000000e-07
 83  63  0 -1  0  2  3.945837e-01  2.000000e-07
 83  88  1  0  0  2  5.228777e-01  2.000000e-07
 83  51  0  0  0  2  3.308937e-01  2.000000e-07
 83  46  0  0  0  2  1.133536e-01  2.000000e-07
 83  3  1 -1  0  2  4.871114e-01  2.000000e-07
 83  47  0  0  0  2  3.425204e-01  2.000000e-07
 83  49  0  0  0  2  2.099026e-01  2.000000e-07
 83  67  0  0  0  2  3.340656e-01  2.000000e-07
 69  2  0  1  0  2  4.465261e-01  2.000000e-07
 69  77  0  0  0  2  3.331096e-01  2.000000e-07
 69  4  0  0  0  2  1.768878e-01  2.000000e-07
 69  63  0  0  0  2  1.036649e-01  2.000000e-07
 69  78  0  0  0  2  3.659681e-01  2.000000e-07
 69  60  0  1  0  2  4.541583e-01  2.000000e-07
 69  80  0  0  0  2  2.321297e-01  2.000000e-07
 69  70  0  0  0  2  2.905800e-02  2.000000e-07
 2  75 -1  0  0  2  3.253030e-01  2.000000e-07
 2  89 -1  0  0  2  3.136180e-01  2.000000e-07
 2  88  0  0  0  2  2.600923e-01  2.000000e-07
 2  81 -1  0  0  2  2.761587e-01  2.000000e-07
 2  70  0 -1  0  2  4.366833e-01  2.000000e-07
 2  67  0  0  0  2  2.951235e-01  2.000000e-07
 76  77  0  0  0  2  2.855795e-01  2.000000e-07
 76  58  0  0  0  2  2.968150e-01  2.000000e-07
 76  4  0  0  0  2  2.073383e-01  2.000000e-07
 76  79  0  0  0  2  1.004855e-01  2.000000e-07
 76  60  0  0  0  2  2.739866e-01  2.000000e-07
 76  61  0  0  0  2  2.281806e-01  2.000000e-07
 76  80  0  0  0  2  3.558502e-01  2.000000e-07
 76  70  0  0  0  2  3.641914e-01  2.000000e-07
 76  68  0  0  0  2  2.173778e-01  2.000000e-07
 76  67  0  0  0  2  2.188946e-01  2.000000e-07
 89  63  0 -1  0  2  3.612811e-01  2.000000e-07
 89  78  0 -1  0  2  2.162026e-01  2.000000e-07
 89  3  1 -1  0  2  3.499866e-01  2.000000e-07
 89  60  0  0  0  2  3.267874e-01  2.000000e-07
 89  84  0  0  0  2  3.367750e-01  2.000000e-07
 89  81  0  0  0  2  1.446823e-01  2.000000e-07
 89  70  1 -1  0  2  6.740848e-01  2.000000e-07
 89  49  0  0  0  2  3.148003e-01  2.000000e-07
 89  67  1  0  0  2  6.026128e-01  2.000000e-07
 57  63  0  0  0  2  1.828371e-01  2.000000e-07
 57  51  0  0  0  2  4.887866e-01  2.000000e-07
 57  70  0  0  0  2  9.835127e-02  2.000000e-07
 57  68  0  0  0  2  2.804878e-01  2.000000e-07
 57  67  0  0  0  2  4.785337e-01  2.000000e-07
 77  4  0  0  0  2  2.558086e-01  2.000000e-07
 77  63  0  0  0  2  4.197770e-01  2.000000e-07
 77  82 -1  0  0  2  3.733022e-01  2.000000e-07
 77  79  0  0  0  2  2.699449e-01  2.000000e-07
 77  88  0  0  0  2  3.098612e-01  2.000000e-07
 77  47 -1  0  0  2  3.409421e-01  2.000000e-07
 58  63  0 -1  0  2  4.276261e-01  2.000000e-07
 58  78  0 -1  0  2  4.703868e-01  2.000000e-07
 58  79  0  0  0  2  3.432721e-01  2.000000e-07
 58  46  0  0  0  2  1.200551e-01  2.000000e-07
 58  60  0  0  0  2  3.575305e-02  2.000000e-07
 58  61  0  0  0  2  1.973406e-01  2.000000e-07
 58  81  0  0  0  2  3.112087e-01  2.000000e-07
 58  67  0  0  0  2  1.613349e-01  2.000000e-07
 4  63  0  0  0  2  2.093315e-01  2.000000e-07
 4  79  0  0  0  2  2.835480e-01  2.000000e-07
 4  61  0  0  0  2  2.750793e-01  2.000000e-07
 4  80  0  0  0  2  2.166072e-01  2.000000e-07
 4  70  0  0  0  2  1.593666e-01  2.000000e-07
 59  63  0  0  0  2  3.272196e-01  2.000000e-07
 59  82  0  0  0  2  5.854844e-02  2.000000e-07
 59  51  0  0  0  2  9.571623e-02  2.000000e-07
 59  46  0  0  0  2  2.861929e-01  2.000000e-07
 59  47  0  0  0  2  1.627015e-01  2.000000e-07
 59  61  0  0  0  2  2.089535e-01  2.000000e-07
 63  82  0  0  0  2  3.640358e-01  2.000000e-07
 63  78  0  0  0  2  2.669446e-01  2.000000e-07
 63  51  0  0  0  2  4.207810e-01  2.000000e-07
 63  3  0  0  0  2  4.631769e-01  2.000000e-07
 63  67  0  1  0  2  4.673064e-01  2.000000e-07
 82  65  1  0  0  2  3.679150e-01  2.000000e-07
 82  78  0  0  0  2  3.090886e-01  2.000000e-07
 82  47  0  0  0  2  1.166150e-01  2.000000e-07
 82  61  0  0  0  2  2.605601e-01  2.000000e-07
 82  80  0  0  0  2  2.203823e-01  2.000000e-07
 82  84  0  0  0  2  1.461025e-01  2.000000e-07
 78  6  0  1  0  2  4.960359e-01  2.000000e-07
 78  46  0  1  0  2  4.486927e-01  2.000000e-07
 78  60  0  1  0  2  4.975404e-01  2.000000e-07
 78  80  0  0  0  2  2.608374e-01  2.000000e-07
 78  81  0  1  0  2  3.537551e-01  2.000000e-07
 79  88  0  0  0  2  8.097700e-02  2.000000e-07
 88  51 -1  0  0  2  3.906054e-01  2.000000e-07
 88  3  0 -1  0  2  4.956115e-01  2.000000e-07
 88  47 -1  0  0  2  3.202526e-01  2.000000e-07
 88  67  0  0  0  2  2.241006e-01  2.000000e-07
 51  87  1  0  0  2  3.931108e-01  2.000000e-07
 51  47  0  0  0  2  7.036670e-02  2.000000e-07
 51  49  0  0  0  2  1.301414e-01  2.000000e-07
 46  60  0  0  0  2  1.102843e-01  2.000000e-07
 46  61  0  0  0  2  1.787215e-01  2.000000e-07
 46  84  0  0  0  2  1.718015e-01  2.000000e-07
 46  81  0  0  0  2  2.067617e-01  2.000000e-07
 3  68  0  0  0  2  3.165381e-01  2.000000e-07
 3  67  0  1  0  2  4.612848e-01  2.000000e-07
 60  62  0  0  0  2  1.678347e-01  2.000000e-07
 60  61  0  0  0  2  1.616324e-01  2.000000e-07
 60  84  0  0  0  2  2.578062e-01  2.000000e-07
 60  81  0  0  0  2  3.127924e-01  2.000000e-07
 60  49  0  0  0  2  2.241681e-01  2.000000e-07
 60  67  0  0  0  2  1.675897e-01  2.000000e-07
 61  80  0  0  0  2  2.504590e-01  2.000000e-07
 61  84  0  0  0  2  1.960545e-01  2.000000e-07
 80  84  0  0  0  2  3.036540e-01  2.000000e-07
 80  70  0  0  0  2  2.441894e-01  2.000000e-07
 80  49  0  0  0  2  3.174942e-01  2.000000e-07
 84  87  1  0  0  2  4.391910e-01  2.000000e-07
 84  81  0  0  0  2  2.160446e-01  2.000000e-07
 84  68  1  0  0  2  4.246095e-01  2.000000e-07
 84  49  0  0  0  2  3.522915e-02  2.000000e-07
 81  72  1  0  0  2  2.954861e-01  2.000000e-07
 81  68  1  0  0  2  4.743400e-01  2.000000e-07
 81  49  0  0  0  2  2.042813e-01  2.000000e-07
 70  68  0  0  0  2  3.632990e-01  2.000000e-07
 70  67  0  1  0  2  4.313366e-01  2.000000e-07
 68  50 -1  0  0  2  3.516734e-01  2.000000e-07
 64  71  0  1  0  1  4.030929e-01  3.000000e-07
 64  69  0  0  0  1  1.192595e-01  3.000000e-07
 64  57  0  0  0  1  9.675696e-02  3.000000e-07
 64  3  0  0  0  1  2.530834e-01  3.000000e-07
 64  70  0  0  0  1  9.134228e-02  3.000000e-07
 65  1 -1  0  0  1  2.217122e-01  3.000000e-07
 65  73  0  0  0  1  1.448454e-01  3.000000e-07
 65  86 -1  0  0  1  2.214218e-01  3.000000e-07
 65  77  0  0  0  1  1.372624e-01  3.000000e-07
 65  3  0  0  0  1  9.191797e-02  3.000000e-07
 71  72  0  0  0  1  2.477636e-01  3.000000e-07
 71  6  0  0  0  1  1.106579e-01  3.000000e-07
 71  66  0  0  0  1  8.888023e-02  3.000000e-07
 71  69  0 -1  0  1  3.919411e-01  3.000000e-07
 71  2  0  0  0  1  2.391822e-01  3.000000e-07
 71  67  0  0  0  1  5.958268e-02  3.000000e-07
 53  6  0  0  0  1  1.335448e-01  3.000000e-07
 53  55  0 -1  0  1  3.154832e-01  3.000000e-07
 53  83  0  0  0  1  1.302772e-01  3.000000e-07
 53  89  0  0  0  1  2.425709e-01  3.000000e-07
 53  58  0  0  0  1  8.442822e-02  3.000000e-07
 53  46  0  0  0  1  1.381779e-01  3.000000e-07
 1  85  0  0  0  1  1.764917e-01  3.000000e-07
 1  86  0  0  0  1  9.925227e-02  3.000000e-07
 1  78  0  0  0  1  5.243383e-02  3.000000e-07
 72  64  0 -1  0  1  3.569843e-01  3.000000e-07
 72  86 -1 -1  0  1  2.643377e-01  3.000000e-07
 72  3  0 -1  0  1  2.047741e-01  3.000000e-07
 85  65  1  0  0  1  2.257004e-01  3.000000e-07
 85  77  1  0  0  1  2.610101e-01  3.000000e-07
 85  82  0  0  0  1  1.464094e-01  3.000000e-07
 85  78  0  0  0  1  2.090613e-01  3.000000e-07
 85  68  1  0  0  1  2.777100e-01  3.000000e-07
 73  57  0  0  0  1  1.947616e-01  3.000000e-07
 73  77  0  0  0  1  5.254819e-02  3.000000e-07
 73  4  0  0  0  1  2.177394e-01  3.000000e-07
 73  3  0  0  0  1  2.039870e-01  3.000000e-07
 73  68  0  0  0  1  1.409231e-01  3.000000e-07
 50  54  0  0  0  1  5.965444e-02  3.000000e-07
 50  75  0  0  0  1  1.422112e-01  3.000000e-07
 50  47  0  0  0  1  6.201040e-02  3.000000e-07
 50  84  0  0  0  1  7.303781e-02  3.000000e-07
 54  75  0  0  0  1  1.718435e-01  3.000000e-07
 54  81  0  0  0  1  1.849170e-01  3.000000e-07
 54  49  0  0  0  1  6.019980e-02  3.000000e-07
 86  2  1  1  0  1  2.818090e-01  3.000000e-07
 86  78  0  0  0  1  1.147654e-01  3.000000e-07
 86  3  1  0  0  1  1.938175e-01  3.000000e-07
 87  75 -1  0  0  1  2.334753e-01  3.000000e-07
 87  79  0  0  0  1  5.045403e-02  3.000000e-07
 87  68  0  0  0  1  1.732925e-01  3.000000e-07
 62  48  0  0  0  1  1.173571e-01  3.000000e-07
 62  56  0  0  0  1  2.414102e-01  3.000000e-07
 62  76  0  0  0  1  1.916945e-01  3.000000e-07
 62  4  0  0  0  1  2.488963e-01  3.000000e-07
 62  80  0  0  0  1  2.532326e-01  3.000000e-07
 6  69  0 -1  0  1  3.569846e-01  3.000000e-07
 6  58  0  0  0  1  1.087369e-01  3.000000e-07
 6  60  0  0  0  1  1.323938e-01  3.000000e-07
 6  67  0  0  0  1  8.788156e-02  3.000000e-07
 0  66  0  0  0  1  8.006079e-02  3.000000e-07
 0  76  0  0  0  1  1.625946e-01  3.000000e-07
 0  79  0  0  0  1  8.534325e-02  3.000000e-07
 52  46  0  0  0  1  7.694148e-02  3.000000e-07
 52  60  0  0  0  1  7.628027e-02  3.000000e-07
 52  61  0  0  0  1  1.089921e-01  3.000000e-07
 52  49  0  0  0  1  1.525352e-01  3.000000e-07
 55  69  0  0  0  1  1.765532e-01  3.000000e-07
 55  63  0  0  0  1  8.326325e-02  3.000000e-07
 55  78  0  0  0  1  1.897369e-01  3.000000e-07
 55  80  0  0  0  1  1.727737e-01  3.000000e-07
 66  2  0  0  0  1  2.188569e-01  3.000000e-07
 66  88  0  0  0  1  1.291119e-01  3.000000e-07
 66  67  0  0  0  1  1.082176e-01  3.000000e-07
 48  76  0  0  0  1  2.454765e-01  3.000000e-07
 48  60  0  0  0  1  5.116869e-02  3.000000e-07
 48  61  0  0  0  1  1.107198e-01  3.000000e-07
 48  67  0  0  0  1  1.871498e-01  3.000000e-07
 75  88  1  0  0  1  2.257246e-01  3.000000e-07
 75  47  0  0  0  1  9.876680e-02  3.000000e-07
 75  81  0  0  0  1  2.371888e-01  3.000000e-07
 56  57  0  0  0  1  1.353279e-01  3.000000e-07
 56  4  0  0  0  1  1.136251e-01  3.000000e-07
 56  63  0  0  0  1  1.321712e-01  3.000000e-07
 56  80  0  0  0  1  1.049903e-01  3.000000e-07
 56  70  0  0  0  1  1.645651e-01  3.000000e-07
 83  89  0  0  0  1  1.399553e-01  3.000000e-07
 83  81  0  0  0  1  1.484624e-01  3.000000e-07
 69  53  0  1  0  1  3.552645e-01  3.000000e-07
 69  63  0  0  0  1  1.036649e-01  3.000000e-07
 2  75 -1  0  0  1  3.253030e-01  3.000000e-07
 2  89 -1  0  0  1  3.136180e-01  3.000000e-07
 2  81 -1  0  0  1  2.761587e-01  3.000000e-07
 76  4  0  0  0  1  2.073383e-01  3.000000e-07
 76  79  0  0  0  1  1.004855e-01  3.000000e-07
 76  67  0  0  0  1  2.188946e-01  3.000000e-07
 89  86  0 -1  0  1  1.794388e-01  3.000000e-07
 89  55  0 -1  0  1  2.833515e-01  3.000000e-07
 57  4  0  0  0  1  6.845710e-02  3.000000e-07
 77  68  0  0  0  1  1.042642e-01  3.000000e-07
 58  46  0  0  0  1  1.200551e-01  3.000000e-07
 4  68  0  0  0  1  2.681745e-01  3.000000e-07
 59  82  0  0  0  1  5.854844e-02  3.000000e-07
 59  51  0  0  0  1  9.571623e-02  3.000000e-07
 59  61  0  0  0  1  2.089535e-01  3.000000e-07
 59  80  0  0  0  1  1.772630e-01  3.000000e-07
 59  84  0  0  0  1  1.407361e-01  3.000000e-07
 59  49  0  0  0  1  1.654195e-01  3.000000e-07
 63  80  0  0  0  1  1.522658e-01  3.000000e-07
 82  51  0  0  0  1  6.435182e-02  3.000000e-07
 82  47  0  0  0  1  1.166150e-01  3.000000e-07
 78  89  0  1  0  1  2.162026e-01  3.000000e-07
 78  80  0  0  0  1  2.608374e-01  3.000000e-07
 79  68  0  0  0  1  1.756923e-01  3.000000e-07
 51  47  0  0  0  1  7.036670e-02  3.000000e-07
 51  84  0  0  0  1  9.514960e-02  3.000000e-07
 46  60  0  0  0  1  1.102843e-01  3.000000e-07
 46  81  0  0  0  1  2.067617e-01  3.000000e-07
 60  67  0  0  0  1  1.675897e-01  3.000000e-07
 61  80  0  0  0  1  2.504590e-01  3.000000e-07
 61  49  0  0  0  1  1.781370e-01  3.000000e-07
 81  49  0  0  0  1  2.042813e-01  3.000000e-07
-2.937851e-01 -1.565691e-01  0
 3.338120e-01  3.418952e-01  0
-4.187009e-01 -3.751597e-01  0
-4.354922e-01  3.862523e-01  0
-1.198499e-01  1.619142e-01  0
-1.981540e-01 -3.640981e-01 -2.046375e-01
-8.553737e-02 -3.088729e-01  0
-4.294812e-01 -3.242796e-01  4.402312e-01
 3.495518e-01 -3.242171e-01 -1.121918e-01
-4.769342e-02 -4.179685e-01 -1.896384e-01
 3.942018e-01 -3.740666e-01 -2.200520e-01
-1.430415e-01  4.325065e-01  3.923916e-01
-2.780953e-02 -4.419764e-01 -3.855955e-01
 7.881414e-02  3.476116e-01 -4.102973e-01
-2.374385e-02 -4.408403e-01  4.404983e-01
 3.235321e-01  1.105923e-01  2.125156e-01
-4.465066e-02 -6.393568e-02  2.713794e-01
-1.813505e-01 -1.599264e-02  2.910602e-01
 1.151138e-01 -2.302444e-01  3.287099e-01
 4.047357e-01  9.793930e-02  3.619715e-01
-1.705962e-03  8.407851e-02 -2.834371e-01
 1.905616e-01  1.354134e-01 -2.200047e-01
-3.730030e-01  1.332244e-01 -3.471377e-01
 3.721854e-02  1.303146e-01  3.924997e-01
 1.761218e-01 -5.990864e-02  1.991195e-01
 3.209908e-01  9.667421e-02  3.797148e-01
 7.019060e-03  2.024928e-01  3.763672e-01
 2.215664e-01 -3.235505e-01 -4.008577e-01
-3.013919e-02 -1.326959e-01 -4.149774e-01
-2.401491e-01  2.267366e-01 -3.652435e-01
 3.254362e-01 -2.323919e-01 -4.349893e-01
 3.355317e-01  3.216367e-01 -3.233853e-01
-1.131241e-02  7.666347e-02 -1.420698e-01
 3.247446e-01 -3.641609e-01 -4.147048e-01
-3.893550e-01 -5.996784e-02 -3.909759e-01
 3.398707e-01 -2.277528e-01 -2.563803e-01
-1.435695e-01 -2.420142e-01  3.822634e-01
-3.256916e-01  2.469057e-02  3.104896e-01
-6.832366e-02 -9.548987e-02  1.110110e-01
-2.888058e-02  3.418798e-01 -1.096702e-01
-1.457237e-01 -4.373162e-01  4.301094e-01
-5.632337e-02  2.834282e-01 -1.344181e-01
-2.434781e-01  1.509136e-01 -1.622279e-01
-3.748522e-01  4.121777e-01  2.987444e-01
-1.041177e-01  7.952980e-02  1.173477e-01
-3.103005e-01 -1.154490e-01  0
 1.241079e-01 -2.196341e-01  0
 3.563592e-01 -2.991887e-02  0
 1.793903e-02 -1.703889e-01  0
 2.104860e-01 -1.137791e-01  0
 3.003561e-01 -5.654481e-02  0
 2.888968e-01 -9.911234e-03  0
 6.766525e-02 -1.673443e-01  0
 4.572979e-02 -3.334321e-01  0
 2.704215e-01 -1.081450e-01  0
 9.559614e-02  3.550506e-01  0
-9.076354e-03  1.872098e-01  0
-1.381482e-01  2.278805e-01  0
 9.995734e-03 -2.569390e-01  0
 2.155316e-01  5.156341e-02  0
 1.383755e-02 -2.213929e-01  0
 4.006974e-02 -6.190340e-02  0
 4.259086e-03 -5.383178e-02  0
 2.226615e-02  3.156110e-01  0
-1.955452e-01  3.057746e-01  0
-4.494072e-01  2.953937e-01  0
-2.569988e-01 -2.276782e-01  0
-1.512096e-01 -2.504749e-01  0
-3.738157e-01  7.578110e-02  0
-7.972036e-02  3.341899e-01  0
-1.054184e-01  3.206260e-01  0
-1.947641e-01 -2.911332e-01  0
-4.119719e-01 -4.103288e-01  0
-3.321233e-01  2.103956e-01  0
 3.835522e-01  3.567688e-01  1.174501e-01
 4.402672e-01 -8.201798e-02  0
-1.864516e-01 -3.443595e-02  0
-3.750156e-01  1.800384e-01  0
 2.852201e-01  3.615963e-01  0
-2.794757e-01 -7.243407e-02  0
 9.579799e-02  1.822770e-01  0
 3.198122e-01 -2.863439e-01  0
 2.740688e-01  5.270894e-02  0
 1.753859e-01 -3.207262e-01  0
 2.343926e-01 -8.790312e-02  0
 3.642498e-01  1.680480e-01  0
 3.760921e-01  4.316917e-01  0
-3.264267e-01 -9.090592e-02  0
-3.386759e-01 -1.276845e-01  0
 2.712976e-01 -4.226499e-01  0