 720  90  1.200000e-05  3 -2 -2
 15  81 -1  0  0  3  4.404739e-01  1.000000e-07
 15  16 -1  0  0  3  3.862085e-01  1.000000e-07
 15  39  0  0  0  3  3.280960e-01  1.000000e-07
 15  41  0  0  0  3  5.495712e-01  1.000000e-07
 15  33 -1  0  1  3  3.849068e-01  1.000000e-07
 15  82 -1  0  1  3  5.838161e-01  1.000000e-07
 15  42  0  0  1  3  4.878081e-01  1.000000e-07
 11  39  0 -1  0  3  4.250422e-01  1.000000e-07
 11  32 -1 -1  0  3  4.901972e-01  1.000000e-07
 11  41  0  0  0  3  1.990841e-01  1.000000e-07
 11  43 -1  0  0  3  7.164727e-01  1.000000e-07
 11  33 -1 -1  1  3  4.107460e-01  1.000000e-07
 11  34  0 -1  1  3  3.399561e-01  1.000000e-07
 11  36  0 -1  1  3  3.150631e-01  1.000000e-07
 9  10  0  0  0  3  1.360012e-01  1.000000e-07
 9  39  0  0  0  3  4.800184e-01  1.000000e-07
 9  40 -1  0  0  3  3.739364e-01  1.000000e-07
 9  41  0  0  0  3  2.023514e-01  1.000000e-07
 9  44  0  0  0  3  3.845139e-01  1.000000e-07
 9  43  0  0  0  3  4.907151e-01  1.000000e-07
 38  19  0  0  0  3  4.642052e-01  1.000000e-07
 38  10  0  0  0  3  4.688514e-01  1.000000e-07
 38  14  0  0  0  3  2.693680e-01  1.000000e-07
 38  39  0  0  0  3  6.031340e-01  1.000000e-07
 38  13  0 -1  0  3  3.743586e-01  1.000000e-07
 38  18  0 -1  0  3  4.125840e-01  1.000000e-07
 38  43  0  0  0  3  3.085233e-01  1.000000e-07
 38  35  0  0  1  3  4.801382e-01  1.000000e-07
 38  20  0  0  1  3  3.970016e-01  1.000000e-07
 19  12  0  0  0  3  1.613052e-01  1.000000e-07
 19  81  0  0  0  3  1.106806e-01  1.000000e-07
 19  16  0  0  0  3  3.191936e-01  1.000000e-07
 19  40  0  0  0  3  2.807768e-01  1.000000e-07
 19  43  0  0  0  3  5.263426e-01  1.000000e-07
 12  81  0  0  0  3  2.368825e-01  1.000000e-07
 12  13  0  0  0  3  3.134506e-01  1.000000e-07
 12  18  0  0  0  3  2.946249e-01  1.000000e-07
 12  43  0  0  0  3  5.615038e-01  1.000000e-07
 10  81 -1  0  0  3  3.260595e-01  1.000000e-07
 10  40 -1  0  0  3  4.294674e-01  1.000000e-07
 10  43  0  0  0  3  5.629298e-01  1.000000e-07
 10  42  0  0  1  3  5.239308e-01  1.000000e-07
 81  16  0  0  0  3  3.386840e-01  1.000000e-07
 81  40  0  0  0  3  3.108193e-01  1.000000e-07
 16  39  0  0  0  3  3.009827e-01  1.000000e-07
 16  40  0  0  0  3  3.857752e-01  1.000000e-07
 16  17  1  0  0  3  4.229766e-01  1.000000e-07
 16  18  0  0  0  3  1.146789e-01  1.000000e-07
 16  42  0  0  1  3  5.101740e-01  1.000000e-07
 14  39  0 -1  0  3  4.355493e-01  1.000000e-07
 14  17  0 -1  0  3  2.987525e-01  1.000000e-07
 14  41  0  0  0  3  8.914080e-02  1.000000e-07
 14  44  0 -1  0  3  4.267378e-01  1.000000e-07
 14  43  0  0  0  3  4.142659e-01  1.000000e-07
 14  34  0 -1  1  3  3.631469e-01  1.000000e-07
 39  13  0  0  0  3  1.452270e-01  1.000000e-07
 39  18  0  0  0  3  2.034116e-01  1.000000e-07
 39  44  0  0  0  3  1.746089e-01  1.000000e-07
 40  14  1  0  0  3  4.371392e-01  1.000000e-07
 40  20  0  0  1  3  4.636235e-01  1.000000e-07
 40  42  1  0  1  3  6.431797e-01  1.000000e-07
 32  13  0  0  0  3  2.091128e-01  1.000000e-07
 32  18  0  0  0  3  1.541486e-01  1.000000e-07
 32  34  0  0  1  3  3.923113e-01  1.000000e-07
 32  35  0  1  1  3  3.449493e-01  1.000000e-07
 32  82  0  0  1  3  4.107872e-01  1.000000e-07
 32  29  0  0  1  3  2.916646e-01  1.000000e-07
 32  22  0  0  1  3  3.804754e-01  1.000000e-07
 32  36  1  0  1  3  4.514458e-01  1.000000e-07
 17  44  0  0  0  3  2.345573e-01  1.000000e-07
 17  33 -1  0  1  3  3.713293e-01  1.000000e-07
 17  34  0  0  1  3  3.323304e-01  1.000000e-07
 17  35 -1  1  1  3  4.141543e-01  1.000000e-07
 17  36  0  0  1  3  2.118693e-01  1.000000e-07
 13  18  0  0  0  3  7.621030e-02  1.000000e-07
 13  44  0  0  0  3  3.007290e-01  1.000000e-07
 13  43  0  1  0  3  2.960566e-01  1.000000e-07
 13  34  0  0  1  3  3.805536e-01  1.000000e-07
 41  34  0 -1  1  3  4.073636e-01  1.000000e-07
 41  86  0  0  1  3  5.586097e-01  1.000000e-07
 41  75  0  0  1  3  4.567743e-01  1.000000e-07
 41  25  0 -1  1  3  4.853982e-01  1.000000e-07
 18  43  0  1  0  3  3.467519e-01  1.000000e-07
 18  37  0  0  1  3  3.911385e-01  1.000000e-07
 44  43  0  1  0  3  4.065079e-01  1.000000e-07
 44  42  0  0  1  3  4.789870e-01  1.000000e-07
 33  82  0  0  0  3  4.106974e-01  1.000000e-07
 33  37  0  0  0  3  4.070033e-01  1.000000e-07
 33  26  1  0  0  3  1.855391e-01  1.000000e-07
 33  22  0  0  0  3  7.752316e-02  1.000000e-07
 33  21  0  1  0  3  2.321575e-01  1.000000e-07
 33  25  1  0  0  3  2.156978e-01  1.000000e-07
 34  15  0  0 -1  3  3.699982e-01  1.000000e-07
 34  30  0  1  0  3  2.988038e-01  1.000000e-07
 34  29  0  0  0  3  2.559709e-01  1.000000e-07
 35  11  1  0 -1  3  3.779681e-01  1.000000e-07
 35  20  0  0  0  3  3.150340e-01  1.000000e-07
 35  30  0  0  0  3  3.304154e-01  1.000000e-07
 35  31  0  0  0  3  3.453910e-01  1.000000e-07
 35  29  0 -1  0  3  3.058133e-01  1.000000e-07
 35  21  0  0  0  3  1.715573e-01  1.000000e-07
 28  82  0  0  0  3  1.336874e-01  1.000000e-07
 28  37  0  0  0  3  7.792372e-02  1.000000e-07
 28  86  0  0  0  3  3.279861e-01  1.000000e-07
 28  29  0  0  0  3  2.129604e-01  1.000000e-07
 28  23  0  0  0  3  2.946892e-01  1.000000e-07
 28  22  0  0  0  3  3.499490e-01  1.000000e-07
 28  21  0  1  0  3  4.099558e-01  1.000000e-07
 28  27  0  0  0  3  4.421211e-01  1.000000e-07
 28  24  0  0  0  3  1.208878e-01  1.000000e-07
 20  30  0  0  0  3  1.047351e-01  1.000000e-07
 20  31  0  0  0  3  1.894480e-01  1.000000e-07
 20  75  0  0  0  3  6.804038e-02  1.000000e-07
 20  21  0  0  0  3  2.761810e-01  1.000000e-07
 30  41  0  0 -1  3  4.879136e-01  1.000000e-07
 30  29  0 -1  0  3  2.425466e-01  1.000000e-07
 30  21  0  0  0  3  2.728816e-01  1.000000e-07
 30  27  0 -1  0  3  4.378454e-01  1.000000e-07
 30  25  0 -1  0  3  4.320927e-01  1.000000e-07
 31  75  0  0  0  3  2.021781e-01  1.000000e-07
 31  21  0  0  0  3  3.014150e-01  1.000000e-07
 31  24  0  0  0  3  3.075541e-01  1.000000e-07
 82  26  1  0  0  3  4.821669e-01  1.000000e-07
 82  36  1  0  0  3  5.327891e-01  1.000000e-07
 82  24  0  0  0  3  1.414154e-01  1.000000e-07
 37  16  0  0 -1  3  3.787605e-01  1.000000e-07
 37  42  0  0  0  3  2.573213e-01  1.000000e-07
 37  29  0  0  0  3  2.076408e-01  1.000000e-07
 37  23  0  0  0  3  3.071917e-01  1.000000e-07
 37  22  0  0  0  3  3.588950e-01  1.000000e-07
 37  24  0  0  0  3  1.387330e-01  1.000000e-07
 26  40 -1  0 -1  3  6.254691e-01  1.000000e-07
 26  86  0  0  0  3  2.864022e-01  1.000000e-07
 26  23  0  0  0  3  2.383681e-01  1.000000e-07
 26  22 -1  0  0  3  2.387460e-01  1.000000e-07
 26  27  0  0  0  3  1.434728e-01  1.000000e-07
 26  25  0  0  0  3  1.171548e-01  1.000000e-07
 26  36  0  0  0  3  1.678160e-01  1.000000e-07
 42  75  0  0  0  3  2.968592e-01  1.000000e-07
 42  36  0  0  0  3  4.245664e-01  1.000000e-07
 42  24  0  0  0  3  1.739274e-01  1.000000e-07
 86  75  0  0  0  3  4.299395e-01  1.000000e-07
 86  23  0  0  0  3  1.034453e-01  1.000000e-07
 86  36  0  0  0  3  3.610166e-01  1.000000e-07
 86  24  0  0  0  3  2.620219e-01  1.000000e-07
 29  23  0  0  0  3  3.699678e-01  1.000000e-07
 29  22  0  0  0  3  2.893773e-01  1.000000e-07
 29  21  0  1  0  3  2.729733e-01  1.000000e-07
 29  27  0  0  0  3  4.312297e-01  1.000000e-07
 75  27  0 -1  0  3  5.417906e-01  1.000000e-07
 75  25  0 -1  0  3  5.185181e-01  1.000000e-07
 75  24  0  0  0  3  3.201244e-01  1.000000e-07
 23  27  0  0  0  3  2.292041e-01  1.000000e-07
 23  25  0  0  0  3  2.726032e-01  1.000000e-07
 23  36  0  0  0  3  2.826782e-01  1.000000e-07
 23  24  0  0  0  3  2.557885e-01  1.000000e-07
 22  27  1  0  0  3  3.342793e-01  1.000000e-07
 27  25  0  0  0  3  1.510046e-01  1.000000e-07
 25  36  0  0  0  3  1.521921e-01  1.000000e-07
 18  79  0  0  0  3  3.808243e-01  1.000000e-07
 85  21  0  1  0  3  1.938276e-01  1.000000e-07
 81  1  0  0  0  3  2.000339e-01  1.000000e-07
 60  22  0  0  0  3  3.160835e-01  1.000000e-07
 81  72  1  0  0  3  2.387357e-01  1.000000e-07
 63  86  0  0  0  3  2.806574e-01  1.000000e-07
 44  84  0  0  0  3  3.001312e-01  1.000000e-07
 78  27  0  0  0  3  1.313132e-01  1.000000e-07
 12  80  0  0  0  3  2.080409e-01  1.000000e-07
 59  86  0  0  0  3  2.531661e-01  1.000000e-07
 19  62  0  0  0  3  2.703906e-01  1.000000e-07
 69  21  0  0  0  3  2.776695e-01  1.000000e-07
 9  73  0  0  0  3  3.538303e-01  1.000000e-07
 53  30  0  0  0  3  3.077385e-01  1.000000e-07
 19  68  0  0  0  3  1.809551e-01  1.000000e-07
 52  31  0  0  0  3  1.790686e-01  1.000000e-07
 19  76  0  0  0  3  1.705914e-01  1.000000e-07
 0  82  0  0  0  3  2.500558e-01  1.000000e-07
 14  84  0 -1  0  3  4.547189e-01  1.000000e-07
 78  27  0  0  0  3  1.472591e-01  1.000000e-07
 11  78  0 -1  0  3  4.657484e-01  1.000000e-07
 84  27  0  0  0  3  1.374307e-01  1.000000e-07
 44  56  0  0  0  3  3.053706e-01  1.000000e-07
 48  86  0  0  0  3  1.711885e-01  1.000000e-07
 9  51  0  0  0  3  3.533939e-01  1.000000e-07
 83  25  0 -1  0  3  3.530100e-01  1.000000e-07
 81  68  0  0  0  3  1.786436e-01  1.000000e-07
 76  31  0  0  0  3  2.078741e-01  1.000000e-07
 10  67 -1  0  0  3  3.493189e-01  1.000000e-07
 61  31  0  0  0  3  2.770493e-01  1.000000e-07
 17  77 -1  0  0  3  4.345693e-01  1.000000e-07
 60  22  0  0  0  3  2.315998e-01  1.000000e-07
 17  78  0  0  0  3  4.140332e-01  1.000000e-07
 84  27  0  0  0  3  1.281224e-01  1.000000e-07
 12  64  0  0  0  3  1.336006e-01  1.000000e-07
 65  82  0  0  0  3  2.383692e-01  1.000000e-07
 12  76  0  0  0  3  1.756197e-01  1.000000e-07
 68  31  0  0  0  3  2.115359e-01  1.000000e-07
 10  63  0  0  0  3  2.158967e-01  1.000000e-07
 66  86  0  0  0  3  1.729924e-01  1.000000e-07
 9  66  0  0  0  3  3.032965e-01  1.000000e-07
 63  86  0  0  0  3  1.866132e-01  1.000000e-07
 10  74  0  0  0  3  2.772401e-01  1.000000e-07
 5  75  0  0  0  3  3.399672e-01  1.000000e-07
 12  64  0  0  0  3  1.379912e-01  1.000000e-07
 65  24  0  0  0  3  2.390831e-01  1.000000e-07
 15  78  0  0  0  3  4.180218e-01  1.000000e-07
 84  27  0  0  0  3  1.296618e-01  1.000000e-07
 43  55  0  0  0  3  1.255580e-01  1.000000e-07
 54  20  0  0  0  3  2.717319e-01  1.000000e-07
 51  57  0  0  0  2  2.710352e-01  2.000000e-07
 51  61 -1  0  0  2  2.415129e-01  2.000000e-07
 51  70  0  0  0  2  2.552284e-01  2.000000e-07
 51  83  0  0  0  2  1.869083e-01  2.000000e-07
 51  46 -1  0  0  2  3.267768e-01  2.000000e-07
 51  77 -1 -1  0  2  2.908632e-01  2.000000e-07
 51  77 -1 -1  0  2  2.908632e-01  2.000000e-07
 51  66  0  0  0  2  3.955463e-01  2.000000e-07
 51  45 -1  0  0  2  2.880261e-01  2.000000e-07
 51  84  0 -1  0  2  3.445715e-01  2.000000e-07
 51  58  0  0  0  2  2.603993e-01  2.000000e-07
 51  6  0  0  0  2  2.682073e-01  2.000000e-07
 51  53  0  0  0  2  2.179701e-01  2.000000e-07
 51  88 -1  0  0  2  3.101517e-01  2.000000e-07
 51  54  0  0  0  2  3.136971e-01  2.000000e-07
 51  80  0 -1  0  2  5.203241e-01  2.000000e-07
 51  78  0 -1  0  2  3.209235e-01  2.000000e-07
 51  67 -1  0  0  2  2.553226e-01  2.000000e-07
 60  65  0  0  0  2  2.943239e-01  2.000000e-07
 60  61  0  1  0  2  4.718895e-01  2.000000e-07
 60  62  0  1  0  2  4.836949e-01  2.000000e-07
 60  1  0  0  0  2  2.507424e-01  2.000000e-07
 60  83  1  1  0  2  4.305133e-01  2.000000e-07
 60  46  0  1  0  2  3.486369e-01  2.000000e-07
 60  77  0  0  0  2  9.196483e-02  2.000000e-07
 60  68  0  0  0  2  4.666026e-01  2.000000e-07
 60  50  0  0  0  2  3.925155e-01  2.000000e-07
 60  72  1  0  0  2  3.431432e-01  2.000000e-07
 60  49  1  0  0  2  4.861210e-01  2.000000e-07
 60  0  0  0  0  2  3.085532e-01  2.000000e-07
 60  48  1  0  0  2  3.863032e-01  2.000000e-07
 60  63  1  0  0  2  3.755891e-01  2.000000e-07
 60  59  1  0  0  2  4.584147e-01  2.000000e-07
 60  87  0  0  0  2  3.132658e-01  2.000000e-07
 60  7  1  0  0  2  5.064448e-01  2.000000e-07
 60  78  1  0  0  2  1.581569e-01  2.000000e-07
 60  67  0  0  0  2  4.877318e-01  2.000000e-07
 8  52  0  0  0  2  2.214863e-01  2.000000e-07
 8  57  0  0  0  2  1.764132e-01  2.000000e-07
 8  5  0  0  0  2  1.096881e-01  2.000000e-07
 8  73  0  0  0  2  1.258269e-01  2.000000e-07
 8  2  0  0  0  2  1.934778e-01  2.000000e-07
 8  63  0  0  0  2  3.487812e-01  2.000000e-07
 8  3  0  0  0  2  1.253923e-01  2.000000e-07
 8  74  0  0  0  2  1.173253e-01  2.000000e-07
 8  71  0  0  0  2  9.718678e-02  2.000000e-07
 8  55  0  0  0  2  2.109705e-01  2.000000e-07
 89  57  0  1  0  2  3.857991e-01  2.000000e-07
 89  65  0  0  0  2  2.431335e-01  2.000000e-07
 89  83  0  1  0  2  3.373503e-01  2.000000e-07
 89  77  0  0  0  2  4.551361e-01  2.000000e-07
 89  49  0  0  0  2  1.032275e-01  2.000000e-07
 89  0  0  0  0  2  2.967626e-01  2.000000e-07
 89  63  0  0  0  2  3.820711e-01  2.000000e-07
 89  59  0  0  0  2  1.814354e-01  2.000000e-07
 89  88  0  1  0  2  5.481067e-01  2.000000e-07
 89  54  0  1  0  2  3.412741e-01  2.000000e-07
 89  69  0  1  0  2  5.182695e-01  2.000000e-07
 89  85  0  0  0  2  1.653706e-01  2.000000e-07
 89  80  0  0  0  2  1.261018e-01  2.000000e-07
 89  55  0  1  0  2  3.210099e-01  2.000000e-07
 89  64  0  0  0  2  2.759648e-01  2.000000e-07
 89  79  0  0  0  2  1.742015e-01  2.000000e-07
 52  57  0  0  0  2  3.505513e-01  2.000000e-07
 52  62  0  0  0  2  1.340539e-01  2.000000e-07
 52  68  0  0  0  2  6.083183e-02  2.000000e-07
 52  2  0  0  0  2  3.442130e-02  2.000000e-07
 52  3  0  0  0  2  1.810096e-01  2.000000e-07
 52  47  0  0  0  2  1.457627e-01  2.000000e-07
 52  88  0  0  0  2  1.856636e-01  2.000000e-07
 52  54  0  0  0  2  3.368711e-01  2.000000e-07
 52  69  0  0  0  2  1.169048e-01  2.000000e-07
 52  55  0  0  0  2  3.041287e-01  2.000000e-07
 52  64  0  0  0  2  2.014399e-01  2.000000e-07
 52  67  0  0  0  2  2.694753e-01  2.000000e-07
 57  70  0  0  0  2  3.764477e-01  2.000000e-07
 57  83  0  0  0  2  1.449850e-01  2.000000e-07
 57  73  0  0  0  2  9.174618e-02  2.000000e-07
 57  58  0  0  0  2  2.078578e-02  2.000000e-07
 57  63  0  0  0  2  4.322089e-01  2.000000e-07
 57  3  0  0  0  2  3.017578e-01  2.000000e-07
 57  88  0  0  0  2  4.416758e-01  2.000000e-07
 57  54  0  0  0  2  5.620400e-02  2.000000e-07
 57  69  0  0  0  2  3.624938e-01  2.000000e-07
 57  85  0 -1  0  2  3.058247e-01  2.000000e-07
 57  74  0  0  0  2  2.071392e-01  2.000000e-07
 57  55  0  0  0  2  1.173206e-01  2.000000e-07
 57  64  0  0  0  2  4.412834e-01  2.000000e-07
 76  61  0  0  0  2  3.207816e-01  2.000000e-07
 76  70  1  0  0  2  4.027183e-01  2.000000e-07
 76  1  0  0  0  2  1.329429e-01  2.000000e-07
 76  0  0  0  0  2  8.043545e-02  2.000000e-07
 76  58  0  0  0  2  4.699382e-01  2.000000e-07
 76  47  0  0  0  2  2.916672e-01  2.000000e-07
 76  88  0  0  0  2  3.057909e-01  2.000000e-07
 76  54  0  0  0  2  4.728999e-01  2.000000e-07
 76  87  0  0  0  2  2.085936e-01  2.000000e-07
 76  80  0  0  0  2  3.508607e-01  2.000000e-07
 76  71  0  0  0  2  2.303674e-01  2.000000e-07
 76  64  0  0  0  2  9.521813e-02  2.000000e-07
 76  56  0  0  0  2  4.030750e-01  2.000000e-07
 65  62  0  0  0  2  3.816109e-01  2.000000e-07
 65  1  0  0  0  2  1.263083e-01  2.000000e-07
 65  77  0  0  0  2  3.589331e-01  2.000000e-07
 65  68  0  0  0  2  2.343038e-01  2.000000e-07
 65  50  0  0  0  2  2.426776e-01  2.000000e-07
 65  72  1  0  0  2  4.611061e-01  2.000000e-07
 65  49  0  0  0  2  3.463384e-01  2.000000e-07
 65  0  0  0  0  2  5.861225e-02  2.000000e-07
 65  2  0  0  0  2  3.175687e-01  2.000000e-07
 65  59  0  0  0  2  3.257512e-01  2.000000e-07
 65  87  0  0  0  2  8.542279e-02  2.000000e-07
 65  71  0  0  0  2  3.378087e-01  2.000000e-07
 65  64  0  0  0  2  1.301314e-01  2.000000e-07
 65  79  0  0  0  2  2.284058e-01  2.000000e-07
 65  67  0  0  0  2  4.105748e-01  2.000000e-07
 61  70  1  0  0  2  1.862905e-01  2.000000e-07
 61  62  0  0  0  2  1.369715e-01  2.000000e-07
 61  1  0  0  0  2  3.337350e-01  2.000000e-07
 61  46  0  0  0  2  2.066529e-01  2.000000e-07
 61  66  1  0  0  2  3.827035e-01  2.000000e-07
 61  4  1  0  0  2  3.022384e-01  2.000000e-07
 61  45  0  0  0  2  1.976820e-01  2.000000e-07
 61  72  1  0  0  2  3.308253e-01  2.000000e-07
 61  47  0  0  0  2  1.842036e-01  2.000000e-07
 61  53  1  0  0  2  3.981213e-01  2.000000e-07
 61  7  1  0  0  2  3.066963e-01  2.000000e-07
 61  71  0  0  0  2  3.742892e-01  2.000000e-07
 61  78  1 -1  0  2  4.979650e-01  2.000000e-07
 70  1 -1  0  0  2  3.483838e-01  2.000000e-07
 70  83  0  0  0  2  3.875772e-01  2.000000e-07
 70  66  0  0  0  2  1.968772e-01  2.000000e-07
 70  4  0  0  0  2  1.533479e-01  2.000000e-07
 70  45 -1  0  0  2  3.735599e-01  2.000000e-07
 70  72  0  0  0  2  1.631656e-01  2.000000e-07
 70  0 -1  0  0  2  4.223707e-01  2.000000e-07
 70  58  0  0  0  2  3.563758e-01  2.000000e-07
 70  63  0  0  0  2  1.994940e-01  2.000000e-07
 70  47 -1  0  0  2  3.676893e-01  2.000000e-07
 70  88 -1  0  0  2  3.052612e-01  2.000000e-07
 70  78  0  0  0  2  4.270309e-01  2.000000e-07
 70  67 -1  0  0  2  1.490342e-01  2.000000e-07
 62  1  0  0  0  2  3.192398e-01  2.000000e-07
 62  46  0  0  0  2  1.445077e-01  2.000000e-07
 62  77  0 -1  0  2  3.986448e-01  2.000000e-07
 62  4  1  0  0  2  4.388468e-01  2.000000e-07
 62  68  0  0  0  2  1.644748e-01  2.000000e-07
 62  50  0 -1  0  2  5.097500e-01  2.000000e-07
 62  72  1  0  0  2  4.359201e-01  2.000000e-07
 62  2  0  0  0  2  1.469928e-01  2.000000e-07
 62  47  0  0  0  2  6.346607e-02  2.000000e-07
 62  53  1  0  0  2  5.319713e-01  2.000000e-07
 62  69  0  0  0  2  6.080653e-02  2.000000e-07
 62  87  0  0  0  2  4.608158e-01  2.000000e-07
 62  7  1  0  0  2  4.393578e-01  2.000000e-07
 62  71  0  0  0  2  2.412247e-01  2.000000e-07
 62  55  0  0  0  2  3.415424e-01  2.000000e-07
 62  67  0  0  0  2  1.643879e-01  2.000000e-07
 1  77  0  0  0  2  3.357086e-01  2.000000e-07
 1  66  1  0  0  2  4.409931e-01  2.000000e-07
 1  72  1  0  0  2  3.372676e-01  2.000000e-07
 1  0  0  0  0  2  9.049775e-02  2.000000e-07
 1  63  1  0  0  2  3.952815e-01  2.000000e-07
 1  87  0  0  0  2  2.059029e-01  2.000000e-07
 1  71  0  0  0  2  3.613523e-01  2.000000e-07
 1  78  1  0  0  2  3.569403e-01  2.000000e-07
 1  79  0  0  0  2  3.146676e-01  2.000000e-07
 83  77 -1 -1  0  2  3.811661e-01  2.000000e-07
 83  84  0 -1  0  2  2.020904e-01  2.000000e-07
 83  49  0 -1  0  2  2.379904e-01  2.000000e-07
 83  73  0  0  0  2  2.055777e-01  2.000000e-07
 83  58  0  0  0  2  1.493239e-01  2.000000e-07
 83  63  0 -1  0  2  5.127418e-01  2.000000e-07
 83  53  0  0  0  2  1.596019e-01  2.000000e-07
 83  59  0 -1  0  2  3.977906e-01  2.000000e-07
 83  88 -1  0  0  2  4.963760e-01  2.000000e-07
 83  54  0  0  0  2  1.599206e-01  2.000000e-07
 83  80  0 -1  0  2  3.739418e-01  2.000000e-07
 83  78  0 -1  0  2  3.124426e-01  2.000000e-07
 83  55  0  0  0  2  2.138708e-01  2.000000e-07
 83  67 -1  0  0  2  4.325236e-01  2.000000e-07
 46  45  0  0  0  2  4.321145e-02  2.000000e-07
 46  50  0 -1  0  2  3.895709e-01  2.000000e-07
 46  47  0  0  0  2  9.981164e-02  2.000000e-07
 46  88  0  0  0  2  1.041778e-01  2.000000e-07
 46  54  0  0  0  2  3.596737e-01  2.000000e-07
 46  85  0 -1  0  2  2.873938e-01  2.000000e-07
 46  87  0 -1  0  2  4.497804e-01  2.000000e-07
 46  71  0  0  0  2  3.072813e-01  2.000000e-07
 46  78  1 -1  0  2  4.369139e-01  2.000000e-07
 46  79  0 -1  0  2  2.970248e-01  2.000000e-07
 77  61  0  1  0  2  3.801712e-01  2.000000e-07
 77  45  0  1  0  2  2.351531e-01  2.000000e-07
 77  50  0  0  0  2  4.038598e-01  2.000000e-07
 77  49  1  0  0  2  4.812326e-01  2.000000e-07
 77  0  0  0  0  2  3.830774e-01  2.000000e-07
 77  63  1  0  0  2  4.413053e-01  2.000000e-07
 77  53  1  1  0  2  4.911020e-01  2.000000e-07
 77  59  1  0  0  2  4.907250e-01  2.000000e-07
 77  88  0  1  0  2  3.454904e-01  2.000000e-07
 77  69  0  1  0  2  3.973319e-01  2.000000e-07
 77  85  0  0  0  2  3.510585e-01  2.000000e-07
 77  80  1  0  0  2  5.126381e-01  2.000000e-07
 77  78  1  0  0  2  1.778041e-01  2.000000e-07
 77  78  1  0  0  2  1.778041e-01  2.000000e-07
 77  55  0  1  0  2  4.893688e-01  2.000000e-07
 77  79  0  0  0  2  2.873072e-01  2.000000e-07
 66  4  0  0  0  2  1.796455e-01  2.000000e-07
 66  72  0  0  0  2  1.044810e-01  2.000000e-07
 66  5  0  0  0  2  2.230898e-01  2.000000e-07
 66  58  0  0  0  2  3.586255e-01  2.000000e-07
 66  6  0  0  0  2  2.068809e-01  2.000000e-07
 66  63  0  0  0  2  5.702969e-02  2.000000e-07
 66  80  0  0  0  2  2.551436e-01  2.000000e-07
 66  7  0  0  0  2  1.175283e-01  2.000000e-07
 66  71  0  0  0  2  3.642524e-01  2.000000e-07
 66  78  0  0  0  2  3.390181e-01  2.000000e-07
 66  64  0  0  0  2  3.739113e-01  2.000000e-07
 66  56  0  0  0  2  1.772943e-01  2.000000e-07
 4  58  0  0  0  2  2.113633e-01  2.000000e-07
 4  6  0  0  0  2  8.620975e-02  2.000000e-07
 4  53  0  0  0  2  1.503846e-01  2.000000e-07
 4  7  0  0  0  2  6.529151e-02  2.000000e-07
 68  76  0  0  0  2  1.026486e-01  2.000000e-07
 68  0  0  0  0  2  1.828471e-01  2.000000e-07
 68  2  0  0  0  2  9.126647e-02  2.000000e-07
 68  3  0  0  0  2  1.785532e-01  2.000000e-07
 68  88  0  0  0  2  2.190666e-01  2.000000e-07
 68  69  0  0  0  2  1.662380e-01  2.000000e-07
 68  64  0  0  0  2  1.552584e-01  2.000000e-07
 68  67  0  0  0  2  2.666876e-01  2.000000e-07
 45  47  0  0  0  2  1.339271e-01  2.000000e-07
 45  88  0  0  0  2  1.170003e-01  2.000000e-07
 45  85  0 -1  0  2  3.054221e-01  2.000000e-07
 45  78  1 -1  0  2  3.973303e-01  2.000000e-07
 45  79  0 -1  0  2  3.027341e-01  2.000000e-07
 84  50  0  0  0  2  2.180311e-01  2.000000e-07
 84  49  0  0  0  2  9.315850e-02  2.000000e-07
 84  58  0  1  0  2  3.246316e-01  2.000000e-07
 84  48  0  0  0  2  1.109951e-01  2.000000e-07
 84  53  0  1  0  2  3.550391e-01  2.000000e-07
 84  54  0  1  0  2  2.902408e-01  2.000000e-07
 84  85  0  0  0  2  2.741419e-01  2.000000e-07
 84  87  0  0  0  2  3.457854e-01  2.000000e-07
 84  80  0  0  0  2  1.768449e-01  2.000000e-07
 84  78  0  0  0  2  2.369296e-01  2.000000e-07
 84  56  0  0  0  2  1.941434e-01  2.000000e-07
 50  49  0  0  0  2  1.254963e-01  2.000000e-07
 50  48  0  0  0  2  2.441161e-01  2.000000e-07
 50  53  0  1  0  2  4.361235e-01  2.000000e-07
 50  59  0  0  0  2  2.424839e-01  2.000000e-07
 50  54  0  1  0  2  3.110895e-01  2.000000e-07
 50  85  0  0  0  2  1.062667e-01  2.000000e-07
 50  87  0  0  0  2  1.572927e-01  2.000000e-07
 50  71  0  1  0  2  4.994475e-01  2.000000e-07
 50  78  1  0  0  2  5.504963e-01  2.000000e-07
 50  55  0  1  0  2  2.813848e-01  2.000000e-07
 50  79  0  0  0  2  1.178819e-01  2.000000e-07
 50  56  0  0  0  2  2.715975e-01  2.000000e-07
 72  48  0  0  0  2  2.680805e-01  2.000000e-07
 72  59  0  0  0  2  2.579289e-01  2.000000e-07
 72  7  0  0  0  2  1.649304e-01  2.000000e-07
 72  78  0  0  0  2  2.776106e-01  2.000000e-07
 72  67 -1  0  0  2  2.867699e-01  2.000000e-07
 72  56  0  0  0  2  2.252354e-01  2.000000e-07
 5  73  0  0  0  2  6.920618e-02  2.000000e-07
 5  58  0  0  0  2  1.416681e-01  2.000000e-07
 5  6  0  0  0  2  3.894426e-02  2.000000e-07
 5  53  0  0  0  2  1.101282e-01  2.000000e-07
 5  54  0  0  0  2  2.067849e-01  2.000000e-07
 5  74  0  0  0  2  4.817245e-02  2.000000e-07
 5  7  0  0  0  2  1.566625e-01  2.000000e-07
 5  71  0  0  0  2  2.066070e-01  2.000000e-07
 5  56  0  0  0  2  3.462159e-01  2.000000e-07
 49  57  0  1  0  2  3.069820e-01  2.000000e-07
 49  48  0  0  0  2  1.506560e-01  2.000000e-07
 49  63  0  0  0  2  3.736597e-01  2.000000e-07
 49  53  0  1  0  2  3.688377e-01  2.000000e-07
 49  59  0  0  0  2  1.962706e-01  2.000000e-07
 49  55  0  1  0  2  2.682518e-01  2.000000e-07
 73  63  0  0  0  2  3.415758e-01  2.000000e-07
 73  53  0  0  0  2  5.294008e-02  2.000000e-07
 73  74  0  0  0  2  1.171717e-01  2.000000e-07
 73  7  0  0  0  2  2.044222e-01  2.000000e-07
 73  71  0  0  0  2  2.167546e-01  2.000000e-07
 73  55  0  0  0  2  1.915615e-01  2.000000e-07
 73  67 -1  0  0  2  4.166680e-01  2.000000e-07
 0  63  1  0  0  2  4.848814e-01  2.000000e-07
 0  88  0  0  0  2  3.760387e-01  2.000000e-07
 0  87  0  0  0  2  1.430887e-01  2.000000e-07
 0  80  0  0  0  2  3.278638e-01  2.000000e-07
 0  64  0  0  0  2  1.164155e-01  2.000000e-07
 0  79  0  0  0  2  2.850264e-01  2.000000e-07
 0  67  0  0  0  2  3.536265e-01  2.000000e-07
 58  6  0  0  0  2  1.518339e-01  2.000000e-07
 58  63  0  0  0  2  4.119677e-01  2.000000e-07
 58  3  0  0  0  2  2.934217e-01  2.000000e-07
 58  47  0  0  0  2  3.842435e-01  2.000000e-07
 58  53  0  0  0  2  6.346187e-02  2.000000e-07
 58  54  0  0  0  2  7.660173e-02  2.000000e-07
 58  80  0  0  0  2  5.254625e-01  2.000000e-07
 58  71  0  0  0  2  2.416397e-01  2.000000e-07
 58  64  0  0  0  2  4.343333e-01  2.000000e-07
 2  3  0  0  0  2  1.707311e-01  2.000000e-07
 2  69  0  0  0  2  1.150703e-01  2.000000e-07
 2  71  0  0  0  2  9.709098e-02  2.000000e-07
 2  55  0  0  0  2  2.704266e-01  2.000000e-07
 6  53  0  0  0  2  1.049689e-01  2.000000e-07
 6  74  0  0  0  2  6.328665e-02  2.000000e-07
 6  7  0  0  0  2  1.247741e-01  2.000000e-07
 6  56  0  0  0  2  3.465731e-01  2.000000e-07
 48  83  0  1  0  2  3.104308e-01  2.000000e-07
 48  59  0  0  0  2  9.675021e-02  2.000000e-07
 48  78  0  0  0  2  2.322925e-01  2.000000e-07
 48  56  0  0  0  2  8.531896e-02  2.000000e-07
 63  3  0  0  0  2  3.409229e-01  2.000000e-07
 63  59  0  0  0  2  2.017957e-01  2.000000e-07
 63  80  0  0  0  2  2.570472e-01  2.000000e-07
 63  74  0  0  0  2  2.407011e-01  2.000000e-07
 63  7  0  0  0  2  1.568441e-01  2.000000e-07
 63  78  0  0  0  2  2.853462e-01  2.000000e-07
 63  64  0  0  0  2  4.125947e-01  2.000000e-07
 63  67 -1  0  0  2  3.360272e-01  2.000000e-07
 3  59  0  0  0  2  2.797244e-01  2.000000e-07
 3  74  0  0  0  2  1.787605e-01  2.000000e-07
 3  71  0  0  0  2  1.060166e-01  2.000000e-07
 3  64  0  0  0  2  1.426369e-01  2.000000e-07
 47  88  0  0  0  2  6.803600e-02  2.000000e-07
 47  54  0  0  0  2  3.392433e-01  2.000000e-07
 47  71  0  0  0  2  2.245020e-01  2.000000e-07
 47  64  0  0  0  2  3.458234e-01  2.000000e-07
 53  54  0  0  0  2  1.396280e-01  2.000000e-07
 53  74  0  0  0  2  1.571139e-01  2.000000e-07
 53  7  0  0  0  2  2.106232e-01  2.000000e-07
 53  71  0  0  0  2  2.669555e-01  2.000000e-07
 53  78  0 -1  0  2  4.602612e-01  2.000000e-07
 53  55  0  0  0  2  1.995280e-01  2.000000e-07
 53  67 -1  0  0  2  3.883197e-01  2.000000e-07
 59  87  0  0  0  2  2.739490e-01  2.000000e-07
 59  74  0  0  0  2  3.004767e-01  2.000000e-07
 59  7  0  0  0  2  3.095262e-01  2.000000e-07
 59  71  0  0  0  2  3.840978e-01  2.000000e-07
 59  64  0  0  0  2  2.766839e-01  2.000000e-07
 59  56  0  0  0  2  3.641820e-02  2.000000e-07
 88  54  0  0  0  2  4.059717e-01  2.000000e-07
 88  69  0  0  0  2  8.638903e-02  2.000000e-07
 88  85  0 -1  0  2  3.831608e-01  2.000000e-07
 88  64  0  0  0  2  3.742519e-01  2.000000e-07
 88  79  0 -1  0  2  4.001087e-01  2.000000e-07
 88  67  0  0  0  2  1.581229e-01  2.000000e-07
 54  85  0 -1  0  2  2.508053e-01  2.000000e-07
 54  80  0 -1  0  2  4.249808e-01  2.000000e-07
 54  71  0  0  0  2  2.435267e-01  2.000000e-07
 69  85  0 -1  0  2  3.539322e-01  2.000000e-07
 69  55  0  0  0  2  2.807810e-01  2.000000e-07
 69  67  0  0  0  2  2.245953e-01  2.000000e-07
 85  87  0  0  0  2  2.248928e-01  2.000000e-07
 85  80  0  0  0  2  2.899804e-01  2.000000e-07
 85  71  0  1  0  2  4.049909e-01  2.000000e-07
 85  55  0  1  0  2  2.049673e-01  2.000000e-07
 85  79  0  0  0  2  8.852662e-02  2.000000e-07
 87  80  0  0  0  2  2.282821e-01  2.000000e-07
 87  71  0  0  0  2  3.843625e-01  2.000000e-07
 87  78  1  0  0  2  4.655770e-01  2.000000e-07
 87  79  0  0  0  2  1.603874e-01  2.000000e-07
 87  56  0  0  0  2  3.102616e-01  2.000000e-07
 80  78  0  0  0  2  3.371863e-01  2.000000e-07
 80  64  0  0  0  2  2.604035e-01  2.000000e-07
 80  79  0  0  0  2  2.965512e-01  2.000000e-07
 80  56  0  0  0  2  8.763514e-02  2.000000e-07
 74  7  0  0  0  2  1.405154e-01  2.000000e-07
 74  71  0  0  0  2  2.072466e-01  2.000000e-07
 74  67 -1  0  0  2  4.058287e-01  2.000000e-07
 74  56  0  0  0  2  2.982793e-01  2.000000e-07
 7  67 -1  0  0  2  2.751109e-01  2.000000e-07
 7  56  0  0  0  2  2.910056e-01  2.000000e-07
 71  55  0  0  0  2  2.307373e-01  2.000000e-07
 71  56  0  0  0  2  4.011134e-01  2.000000e-07
 78  79 -1  0  0  2  4.411314e-01  2.000000e-07
 78  56  0  0  0  2  2.831666e-01  2.000000e-07
 64  54  0  0  0  2  4.523914e-01  2.000000e-07
 64  79  0  0  0  2  3.314908e-01  2.000000e-07
 67  57  1  0  0  2  4.674343e-01  2.000000e-07
 67  77  0 -1  0  2  4.210043e-01  2.000000e-07
 67  4  1  0  0  2  2.787474e-01  2.000000e-07
 51  61 -1  0  0  1  2.415129e-01  3.000000e-07
 51  70  0  0  0  1  2.552284e-01  3.000000e-07
 51  77 -1 -1  0  1  2.908632e-01  3.000000e-07
 51  4  0  0  0  1  2.260462e-01  3.000000e-07
 51  45 -1  0  0  1  2.880261e-01  3.000000e-07
 51  53  0  0  0  1  2.179701e-01  3.000000e-07
 51  67 -1  0  0  1  2.553226e-01  3.000000e-07
 60  65  0  0  0  1  2.943239e-01  3.000000e-07
 60  77  0  0  0  1  9.196483e-02  3.000000e-07
 60  72  1  0  0  1  3.431432e-01  3.000000e-07
 60  87  0  0  0  1  3.132658e-01  3.000000e-07
 60  78  1  0  0  1  1.581569e-01  3.000000e-07
 60  79  0  0  0  1  2.850202e-01  3.000000e-07
 8  57  0  0  0  1  1.764132e-01  3.000000e-07
 8  5  0  0  0  1  1.096881e-01  3.000000e-07
 8  73  0  0  0  1  1.258269e-01  3.000000e-07
 8  58  0  0  0  1  1.682308e-01  3.000000e-07
 8  3  0  0  0  1  1.253923e-01  3.000000e-07
 8  54  0  0  0  1  1.971313e-01  3.000000e-07
 8  74  0  0  0  1  1.173253e-01  3.000000e-07
 8  71  0  0  0  1  9.718678e-02  3.000000e-07
 89  50  0  0  0  1  6.106494e-02  3.000000e-07
 89  49  0  0  0  1  1.032275e-01  3.000000e-07
 89  87  0  0  0  1  1.610850e-01  3.000000e-07
 89  80  0  0  0  1  1.261018e-01  3.000000e-07
 52  62  0  0  0  1  1.340539e-01  3.000000e-07
 52  68  0  0  0  1  6.083183e-02  3.000000e-07
 52  69  0  0  0  1  1.169048e-01  3.000000e-07
 57  83  0  0  0  1  1.449850e-01  3.000000e-07
 57  54  0  0  0  1  5.620400e-02  3.000000e-07
 76  1  0  0  0  1  1.329429e-01  3.000000e-07
 76  68  0  0  0  1  1.026486e-01  3.000000e-07
 76  0  0  0  0  1  8.043545e-02  3.000000e-07
 76  64  0  0  0  1  9.521813e-02  3.000000e-07
 65  1  0  0  0  1  1.263083e-01  3.000000e-07
 65  0  0  0  0  1  5.861225e-02  3.000000e-07
 65  87  0  0  0  1  8.542279e-02  3.000000e-07
 65  64  0  0  0  1  1.301314e-01  3.000000e-07
 61  62  0  0  0  1  1.369715e-01  3.000000e-07
 61  45  0  0  0  1  1.976820e-01  3.000000e-07
 61  88  0  0  0  1  1.193849e-01  3.000000e-07
 70  1 -1  0  0  1  3.483838e-01  3.000000e-07
 70  4  0  0  0  1  1.533479e-01  3.000000e-07
 70  72  0  0  0  1  1.631656e-01  3.000000e-07
 70  7  0  0  0  1  1.305794e-01  3.000000e-07
 70  67 -1  0  0  1  1.490342e-01  3.000000e-07
 62  47  0  0  0  1  6.346607e-02  3.000000e-07
 62  88  0  0  0  1  5.462190e-02  3.000000e-07
 62  69  0  0  0  1  6.080653e-02  3.000000e-07
 62  67  0  0  0  1  1.643879e-01  3.000000e-07
 1  68  0  0  0  1  2.158778e-01  3.000000e-07
 1  0  0  0  0  1  9.049775e-02  3.000000e-07
 1  67  0  0  0  1  3.051141e-01  3.000000e-07
 83  84  0 -1  0  1  2.020904e-01  3.000000e-07
 83  58  0  0  0  1  1.493239e-01  3.000000e-07
 83  53  0  0  0  1  1.596019e-01  3.000000e-07
 83  54  0  0  0  1  1.599206e-01  3.000000e-07
 83  78  0 -1  0  1  3.124426e-01  3.000000e-07
 46  47  0  0  0  1  9.981164e-02  3.000000e-07
 46  88  0  0  0  1  1.041778e-01  3.000000e-07
 46  55  0  0  0  1  2.976472e-01  3.000000e-07
 46  79  0 -1  0  1  2.970248e-01  3.000000e-07
 77  45  0  1  0  1  2.351531e-01  3.000000e-07
 77  78  1  0  0  1  1.778041e-01  3.000000e-07
 77  79  0  0  0  1  2.873072e-01  3.000000e-07
 66  72  0  0  0  1  1.044810e-01  3.000000e-07
 66  63  0  0  0  1  5.702969e-02  3.000000e-07
 66  3  0  0  0  1  2.904282e-01  3.000000e-07
 66  59  0  0  0  1  2.004277e-01  3.000000e-07
 66  74  0  0  0  1  1.839084e-01  3.000000e-07
 66  7  0  0  0  1  1.175283e-01  3.000000e-07
 4  6  0  0  0  1  8.620975e-02  3.000000e-07
 4  53  0  0  0  1  1.503846e-01  3.000000e-07
 4  7  0  0  0  1  6.529151e-02  3.000000e-07
 68  2  0  0  0  1  9.126647e-02  3.000000e-07
 68  3  0  0  0  1  1.785532e-01  3.000000e-07
 68  71  0  0  0  1  1.580998e-01  3.000000e-07
 68  67  0  0  0  1  2.666876e-01  3.000000e-07
 45  88  0  0  0  1  1.170003e-01  3.000000e-07
 45  79  0 -1  0  1  3.027341e-01  3.000000e-07
 84  49  0  0  0  1  9.315850e-02  3.000000e-07
 84  48  0  0  0  1  1.109951e-01  3.000000e-07
 84  78  0  0  0  1  2.369296e-01  3.000000e-07
 50  49  0  0  0  1  1.254963e-01  3.000000e-07
 50  85  0  0  0  1  1.062667e-01  3.000000e-07
 50  87  0  0  0  1  1.572927e-01  3.000000e-07
 50  79  0  0  0  1  1.178819e-01  3.000000e-07
 72  63  0  0  0  1  6.072826e-02  3.000000e-07
 72  7  0  0  0  1  1.649304e-01  3.000000e-07
 72  78  0  0  0  1  2.776106e-01  3.000000e-07
 5  73  0  0  0  1  6.920618e-02  3.000000e-07
 49  48  0  0  0  1  1.506560e-01  3.000000e-07
 49  54  0  1  0  1  2.710510e-01  3.000000e-07
 49  85  0  0  0  1  1.865330e-01  3.000000e-07
 49  80  0  0  0  1  1.539302e-01  3.000000e-07
 73  58  0  0  0  1  7.268443e-02  3.000000e-07
 73  6  0  0  0  1  8.194577e-02  3.000000e-07
 73  53  0  0  0  1  5.294008e-02  3.000000e-07
 0  64  0  0  0  1  1.164155e-01  3.000000e-07
 58  53  0  0  0  1  6.346187e-02  3.000000e-07
 2  55  0  0  0  1  2.704266e-01  3.000000e-07
 6  53  0  0  0  1  1.049689e-01  3.000000e-07
 6  74  0  0  0  1  6.328665e-02  3.000000e-07
 48  63  0  0  0  1  2.256118e-01  3.000000e-07
 48  59  0  0  0  1  9.675021e-02  3.000000e-07
 48  78  0  0  0  1  2.322925e-01  3.000000e-07
 48  56  0  0  0  1  8.531896e-02  3.000000e-07
 63  78  0  0  0  1  2.853462e-01  3.000000e-07
 63  56  0  0  0  1  1.712722e-01  3.000000e-07
 3  74  0  0  0  1  1.787605e-01  3.000000e-07
 3  71  0  0  0  1  1.060166e-01  3.000000e-07
 3  64  0  0  0  1  1.426369e-01  3.000000e-07
 47  88  0  0  0  1  6.803600e-02  3.000000e-07
 47  55  0  0  0  1  2.852074e-01  3.000000e-07
 59  80  0  0  0  1  5.546371e-02  3.000000e-07
 59  64  0  0  0  1  2.766839e-01  3.000000e-07
 54  55  0  0  0  1  6.418814e-02  3.000000e-07
 69  55  0  0  0  1  2.807810e-01  3.000000e-07
 85  46  0  1  0  1  2.873938e-01  3.000000e-07
 85  55  0  1  0  1  2.049673e-01  3.000000e-07
 85  79  0  0  0  1  8.852662e-02  3.000000e-07
 87  80  0  0  0  1  2.282821e-01  3.000000e-07
 87  79  0  0  0  1  1.603874e-01  3.000000e-07
 80  64  0  0  0  1  2.604035e-01  3.000000e-07
 74  7  0  0  0  1  1.405154e-01  3.000000e-07
 71  55  0  0  0  1  2.307373e-01  3.000000e-07
 1.979906e-01  1.004227e-01  0
 2.884101e-01  1.041851e-01  0
 1.367289e-01 -1.627249e-01  0
 8.120101e-04 -5.940152e-02  0
-2.902262e-01 -1.611485e-01  0
-1.662121e-01 -1.742868e-01  0
-2.051484e-01 -1.750729e-01  0
-3.024949e-01 -9.702003e-02  0
-5.657653e-02 -1.708905e-01  0
-3.456911e-01 -9.940432e-02  2.627266e-01
-3.348257e-01  2.167098e-02  2.017427e-01
-3.907543e-01 -3.929807e-01  4.275593e-01
 1.168514e-01  9.840165e-02  1.328379e-01
 2.995266e-02  3.446575e-01  3.062101e-01
-3.064446e-01 -3.127941e-01  3.895737e-01
-4.254313e-01  3.014849e-01  4.067388e-01
 1.956594e-01  2.605763e-01  3.441994e-01
-4.133115e-01  4.088106e-01  4.076983e-01
 9.921563e-02  3.199657e-01  3.262343e-01
 2.438095e-01  3.172781e-03  1.616903e-01
 5.870431e-02 -2.680484e-01 -2.362346e-01
 2.668149e-01 -4.354973e-01 -1.660431e-01
 3.561092e-01  4.130159e-01 -2.172792e-01
-2.219715e-01  1.987055e-01 -2.271310e-01
 1.483024e-02  1.020435e-01 -2.301545e-01
-3.642844e-01  4.285158e-01 -2.624412e-01
-4.192376e-01  3.324787e-01 -2.239410e-01
-3.242649e-01  3.772437e-01 -1.261621e-01
 7.254153e-02  2.080263e-01 -2.230182e-01
 7.492365e-02  4.115607e-01 -2.856296e-01
 1.173790e-02 -3.613426e-01 -2.285025e-01
 1.821916e-01 -1.462682e-01 -1.600047e-01
 1.828455e-01  3.660049e-01  4.472641e-01
 4.202774e-01  4.181192e-01 -2.604792e-01
-1.601378e-01  4.472229e-01 -3.804738e-01
 3.227554e-01 -4.140659e-01 -3.268014e-01
-3.966387e-01  3.507778e-01 -3.892184e-01
 7.620630e-02  2.044770e-01 -3.007748e-01
-3.787858e-02 -2.945707e-01  3.796059e-01
-1.020094e-01  3.044916e-01  3.516367e-01
 3.121096e-01 -1.006191e-01  4.134798e-01
-2.807582e-01 -2.286959e-01  4.041957e-01
-1.183793e-01  3.736630e-02 -3.213841e-01
-3.064809e-02 -4.428650e-01  1.091559e-01
-2.620593e-01  2.750282e-01  2.883578e-01
 3.113586e-01 -3.770308e-01  0
 2.719843e-01 -3.592293e-01  0
 2.366366e-01 -2.658864e-01  0
-2.067190e-01  2.547063e-01  0
-1.028325e-01  3.638155e-01  0
 2.090880e-02  3.429006e-01  0
-4.012410e-01 -3.580562e-01  0
 1.627763e-01 -1.402225e-01  0
-1.978090e-01 -2.797849e-01  0
-8.763365e-02 -3.655600e-01  0
-2.497316e-02 -3.794805e-01  0
-1.894850e-01  1.711460e-01  0
-1.316048e-01 -3.305538e-01  0
-1.445462e-01 -3.142883e-01  0
-1.531880e-01  1.741145e-01  0
 4.128601e-01  3.218637e-01  0
 4.109196e-01 -2.062509e-01  0
 2.742114e-01 -2.147388e-01  0
-3.189037e-01  5.896338e-02  0
 9.356954e-02  4.895586e-02  0
 1.718713e-01  1.528934e-01  0
-2.790706e-01  1.815029e-02  0
 4.310608e-01 -1.655284e-01  0
 1.780135e-01 -8.132989e-02  0
 2.199541e-01 -2.421902e-01  0
-4.328428e-01 -1.047917e-01  0
 3.975259e-02 -1.580075e-01  0
-3.788383e-01  4.917752e-02  0
-1.595696e-01 -2.431734e-01  0
-1.650276e-01 -1.261289e-01  0
 1.441329e-02 -2.176163e-01 -2.473882e-01
 1.846237e-01  2.110564e-02  0
 4.185226e-01  4.136540e-01  0
-4.289834e-01  3.222217e-01  0
 1.334311e-01  3.780413e-01  0
-1.109840e-01  2.101013e-01  0
 3.459387e-01  3.831391e-02  1.375054e-01
 1.560567e-01  1.045767e-01 -2.370084e-01
-2.312853e-01 -4.358365e-01  0
-1.959810e-01  3.651807e-01  0
 6.831004e-02  4.380097e-01  0
-2.374310e-01  1.201286e-01 -1.616512e-01
 1.171442e-01  2.184830e-01  0
 3.044375e-01 -2.602353e-01  0
-2.207127e-02  2.995228e-01  0