 716  90  1.200000e-05  48 -2 -2
 46  26  0  0  0  3  3.732993e-01  1.000000e-07
 46  14  0  0  0  3  3.988391e-01  1.000000e-07
 46  28  0  0  0  3  2.696954e-01  1.000000e-07
 46  45 -1  0  0  3  4.721343e-01  1.000000e-07
 46  41 -1 -1  1  3  5.952272e-01  1.000000e-07
 46  21  0  0  1  3  5.144805e-01  1.000000e-07
 46  25  0  0  1  3  4.905938e-01  1.000000e-07
 27  26  0  0  0  3  1.537117e-01  1.000000e-07
 27  30  0  0  0  3  2.252485e-01  1.000000e-07
 27  28  0  0  0  3  2.146469e-01  1.000000e-07
 27  50  0  0  0  3  2.404295e-01  1.000000e-07
 27  53  0  0  0  3  1.324696e-01  1.000000e-07
 27  31  0  0  0  3  2.456111e-01  1.000000e-07
 27  40  0  0  1  3  3.008608e-01  1.000000e-07
 27  34  0  0  1  3  2.879848e-01  1.000000e-07
 26  29  0  0  0  3  2.231052e-01  1.000000e-07
 26  28  0  0  0  3  1.586715e-01  1.000000e-07
 26  50  0  0  0  3  2.328654e-01  1.000000e-07
 26  53  0  0  0  3  2.517893e-01  1.000000e-07
 26  40  0  0  1  3  2.545940e-01  1.000000e-07
 26  34  0  0  1  3  2.909398e-01  1.000000e-07
 14  44  0  0  0  3  3.502318e-01  1.000000e-07
 14  89  0  0  0  3  2.609101e-01  1.000000e-07
 14  51  0  0  0  3  3.569790e-01  1.000000e-07
 14  45  0  0  0  3  5.578112e-01  1.000000e-07
 29  35  0  0  0  3  2.532270e-01  1.000000e-07
 29  32  0  0  1  3  4.422019e-01  1.000000e-07
 29  38  0  0  1  3  2.201584e-01  1.000000e-07
 29  39  0  0  1  3  1.777699e-01  1.000000e-07
 29  41  0  0  1  3  3.969627e-01  1.000000e-07
 29  40  0  0  1  3  3.582364e-01  1.000000e-07
 29  34  0  0  1  3  2.735268e-01  1.000000e-07
 29  25  0  0  1  3  4.266147e-01  1.000000e-07
 44  30 -1  0  0  3  4.921167e-01  1.000000e-07
 44  89  0  0  0  3  3.071116e-01  1.000000e-07
 44  22 -1  0  0  3  4.414784e-01  1.000000e-07
 44  50 -1  0  0  3  5.421496e-01  1.000000e-07
 44  17  0  0  0  3  2.199849e-01  1.000000e-07
 44  51  0  0  0  3  1.379759e-01  1.000000e-07
 44  35  0  0  0  3  4.079906e-01  1.000000e-07
 44  41 -1  0  1  3  4.428141e-01  1.000000e-07
 30  22  0  0  0  3  5.005145e-01  1.000000e-07
 30  50  0  0  0  3  1.587043e-01  1.000000e-07
 30  24  1  0  0  3  2.059349e-01  1.000000e-07
 30  31  0  0  0  3  1.437737e-01  1.000000e-07
 30  45  0  0  0  3  1.471309e-01  1.000000e-07
 30  23  0  0  1  3  3.075498e-01  1.000000e-07
 30  34  0  0  1  3  2.203149e-01  1.000000e-07
 89  24  0  0  0  3  1.284568e-01  1.000000e-07
 89  35  0  0  0  3  3.127326e-01  1.000000e-07
 89  32  0  0  1  3  4.067058e-01  1.000000e-07
 89  42  0  0  1  3  4.502534e-01  1.000000e-07
 89  33  0  0  1  3  4.033382e-01  1.000000e-07
 89  25  0  0  1  3  3.997843e-01  1.000000e-07
 28  50  0  0  0  3  3.389211e-01  1.000000e-07
 28  35  0  0  0  3  1.359533e-01  1.000000e-07
 28  53  0  0  0  3  3.115162e-01  1.000000e-07
 28  45  0  0  0  3  4.060557e-01  1.000000e-07
 22  24  1  0  0  3  5.489574e-01  1.000000e-07
 22  53  0  1  0  3  3.822805e-01  1.000000e-07
 22  45  0  0  0  3  5.599674e-01  1.000000e-07
 22  45  0  1  0  3  4.475324e-01  1.000000e-07
 50  17  0  0  0  3  3.520905e-01  1.000000e-07
 50  8  0  0  0  3  4.914111e-01  1.000000e-07
 50  45  0  0  0  3  2.728187e-01  1.000000e-07
 50  39  0  0  1  3  2.339492e-01  1.000000e-07
 17  51  0  0  0  3  2.367596e-01  1.000000e-07
 17  35  0  0  0  3  3.411921e-01  1.000000e-07
 17  53  0  1  0  3  5.190381e-01  1.000000e-07
 17  32  0  0  1  3  3.910082e-01  1.000000e-07
 17  39  0  0  1  3  3.619778e-01  1.000000e-07
 17  21  0  1  1  3  5.336827e-01  1.000000e-07
 17  20  0  0  1  3  4.061804e-01  1.000000e-07
 51  8  0  0  0  3  2.379285e-01  1.000000e-07
 51  31 -1  1  0  3  5.783825e-01  1.000000e-07
 51  41 -1  0  1  3  4.625329e-01  1.000000e-07
 51  20  0  0  1  3  4.470459e-01  1.000000e-07
 51  33  0  1  1  3  6.551662e-01  1.000000e-07
 24  31 -1  0  0  3  1.840843e-01  1.000000e-07
 24  45 -1  0  0  3  2.131679e-01  1.000000e-07
 24  23 -1  0  1  3  3.679970e-01  1.000000e-07
 24  37 -1  0  1  3  3.843570e-01  1.000000e-07
 24  33  0  0  1  3  4.196910e-01  1.000000e-07
 24  34 -1  0  1  3  3.514145e-01  1.000000e-07
 35  32  0  0  1  3  4.104895e-01  1.000000e-07
 35  40  0  0  1  3  2.941676e-01  1.000000e-07
 35  33  0  0  1  3  3.835908e-01  1.000000e-07
 35  25  0  0  1  3  3.146162e-01  1.000000e-07
 53  8  0 -1  0  3  5.523751e-01  1.000000e-07
 53  45  0  0  0  3  2.461798e-01  1.000000e-07
 53  40  0  0  1  3  2.864785e-01  1.000000e-07
 31  22  0 -1  0  3  4.427824e-01  1.000000e-07
 31  45  0  0  0  3  1.468168e-01  1.000000e-07
 31  37  0  0  1  3  3.023869e-01  1.000000e-07
 31  33  1  0  1  3  4.776649e-01  1.000000e-07
 31  34  0  0  1  3  2.389519e-01  1.000000e-07
 23  32  1  0  0  3  3.580180e-01  1.000000e-07
 23  36  1  0  0  3  4.408682e-01  1.000000e-07
 23  37  0  0  0  3  1.674809e-01  1.000000e-07
 23  39  0  0  0  3  2.100955e-01  1.000000e-07
 23  42  1  0  0  3  3.399966e-01  1.000000e-07
 23  33  1  0  0  3  4.045353e-01  1.000000e-07
 23  34  0  0  0  3  2.230186e-01  1.000000e-07
 15  38  0  0  0  3  1.233994e-01  1.000000e-07
 15  39  0  0  0  3  1.428693e-01  1.000000e-07
 15  16  0  0  0  3  4.466315e-01  1.000000e-07
 15  41  0  0  0  3  3.234077e-01  1.000000e-07
 15  40  0  0  0  3  4.174781e-01  1.000000e-07
 15  43  0  1  0  3  5.472932e-01  1.000000e-07
 32  38  0  0  0  3  3.680366e-01  1.000000e-07
 32  41 -1  0  0  3  5.210322e-01  1.000000e-07
 32  42  0  0  0  3  2.103822e-01  1.000000e-07
 32  25  0  0  0  3  2.300947e-01  1.000000e-07
 36  38  0  0  0  3  3.479555e-01  1.000000e-07
 36  16  0  0  0  3  5.337938e-01  1.000000e-07
 36  42  0  0  0  3  3.019862e-01  1.000000e-07
 36  20  0  0  0  3  1.021995e-01  1.000000e-07
 36  25  0  0  0  3  3.370480e-01  1.000000e-07
 36  47  0  0  0  3  4.515703e-01  1.000000e-07
 36  19 -1  1  0  3  5.995285e-01  1.000000e-07
 36  52  0  0  0  3  1.228933e-01  1.000000e-07
 18  41 -1 -1  0  3  5.764047e-01  1.000000e-07
 18  42  0  0  0  3  2.290031e-01  1.000000e-07
 18  20  0 -1  0  3  4.744078e-01  1.000000e-07
 18  33  0  0  0  3  2.267542e-01  1.000000e-07
 18  47  0  0  0  3  1.486698e-01  1.000000e-07
 18  19 -1  0  0  3  3.650828e-01  1.000000e-07
 18  52  0 -1  0  3  4.902598e-01  1.000000e-07
 37  39  0  0  0  3  2.569987e-01  1.000000e-07
 37  16  0  0  0  3  3.799243e-01  1.000000e-07
 37  21  0  0  0  3  3.023033e-01  1.000000e-07
 37  40  0  0  0  3  2.608001e-01  1.000000e-07
 37  43  0  0  0  3  3.666793e-01  1.000000e-07
 37  19  0  0  0  3  3.493942e-01  1.000000e-07
 38  39  0  0  0  3  1.272545e-01  1.000000e-07
 38  16  0  0  0  3  4.704365e-01  1.000000e-07
 38  21  0  1  0  3  4.932656e-01  1.000000e-07
 38  43  0  1  0  3  5.419939e-01  1.000000e-07
 38  25  0  0  0  3  4.045066e-01  1.000000e-07
 39  41  0  0  0  3  2.716260e-01  1.000000e-07
 39  34  0  0  0  3  2.747824e-01  1.000000e-07
 16  52  0  0  0  3  5.583735e-01  1.000000e-07
 41  21  0  1  0  3  3.125637e-01  1.000000e-07
 21  20  0 -1  0  3  5.179908e-01  1.000000e-07
 21  40  0  0  0  3  1.250904e-01  1.000000e-07
 21  34  0  0  0  3  2.563028e-01  1.000000e-07
 21  19  0  0  0  3  2.597526e-01  1.000000e-07
 42  25  0  0  0  3  1.756728e-01  1.000000e-07
 42  19 -1  0  0  3  4.659737e-01  1.000000e-07
 42  52  0  0  0  3  3.840413e-01  1.000000e-07
 20  46  0  1 -1  3  6.006030e-01  1.000000e-07
 20  43  0  1  0  3  4.842512e-01  1.000000e-07
 20  47  0  1  0  3  4.740292e-01  1.000000e-07
 20  52  0  0  0  3  1.316234e-01  1.000000e-07
 40  43  0  0  0  3  2.373393e-01  1.000000e-07
 43  47  0  0  0  3  3.171102e-01  1.000000e-07
 43  19  0  0  0  3  2.413677e-01  1.000000e-07
 43  52  0 -1  0  3  5.040159e-01  1.000000e-07
 33  47  0  0  0  3  1.869028e-01  1.000000e-07
 33  19 -1  0  0  3  4.700930e-01  1.000000e-07
 34  19  0  0  0  3  3.625862e-01  1.000000e-07
 25  47  0  0  0  3  2.125689e-01  1.000000e-07
 47  52  0 -1  0  3  4.991290e-01  1.000000e-07
 19  52  1 -1  0  3  5.987271e-01  1.000000e-07
 22  68  1  0  0  3  3.286137e-01  1.000000e-07
 81  52  0  0  0  3  2.295667e-01  1.000000e-07
 14  49  0  0  0  3  1.990282e-01  1.000000e-07
 6  52  0  0  0  3  1.693842e-01  1.000000e-07
 89  0  0  0  0  3  3.185229e-01  1.000000e-07
 78  42  0  0  0  3  2.327065e-01  1.000000e-07
 8  61  0  1  0  3  2.670233e-01  1.000000e-07
 58  47  0  0  0  3  2.946757e-01  1.000000e-07
 22  57  0  0  0  3  2.180584e-01  1.000000e-07
 71  15  0  0  0  3  3.336758e-01  1.000000e-07
 46  75  0  0  0  3  2.713763e-01  1.000000e-07
 84  18  0  0  0  3  1.244414e-01  1.000000e-07
 14  48  0  0  0  3  2.030145e-01  1.000000e-07
 80  15  0  0  0  3  3.784548e-01  1.000000e-07
 8  58  0  1  0  3  2.979064e-01  1.000000e-07
 61  18  0  0  0  3  2.553510e-01  1.000000e-07
 14  87  0  0  0  3  2.390374e-01  1.000000e-07
 72  16  0  0  0  3  2.055237e-01  1.000000e-07
 27  66  0  0  0  3  3.243429e-01  1.000000e-07
 55  16  0  0  0  3  1.332341e-01  1.000000e-07
 51  6  0  0  0  3  3.201831e-01  1.000000e-07
 12  52  0  0  0  3  1.327196e-01  1.000000e-07
 53  55  0  0  0  3  3.671306e-01  1.000000e-07
 63  16  0  0  0  3  1.363583e-01  1.000000e-07
 8  64  0  0  0  3  1.772833e-01  1.000000e-07
 70  15  0  0  0  3  3.691387e-01  1.000000e-07
 8  62  0  1  0  3  2.906197e-01  1.000000e-07
 61  16  0  0  0  3  2.790974e-01  1.000000e-07
 28  88  0  0  0  3  2.837917e-01  1.000000e-07
 13  47  0  0  0  3  1.609070e-01  1.000000e-07
 8  12  0  0  0  3  1.381526e-01  1.000000e-07
 7  52  0  0  0  3  1.313264e-01  1.000000e-07
 14  86  0  0  0  3  1.571564e-01  1.000000e-07
 72  25  0  0  0  3  3.368269e-01  1.000000e-07
 28  66  0  0  0  3  2.798214e-01  1.000000e-07
 55  16  0  0  0  3  1.380676e-01  1.000000e-07
 8  11  0  0  0  3  2.430664e-01  1.000000e-07
 54  43  0  1  0  3  3.055616e-01  1.000000e-07
 72  83  0  0  0  2  2.724537e-01  2.000000e-07
 72  7  0  0  0  2  3.399947e-01  2.000000e-07
 72  64  0  0  0  2  3.344227e-01  2.000000e-07
 72  80  0  0  0  2  2.289569e-01  2.000000e-07
 72  84  0  0  0  2  2.111197e-01  2.000000e-07
 72  2  0  0  0  2  4.953495e-01  2.000000e-07
 72  13  0  0  0  2  2.382367e-01  2.000000e-07
 72  85  0  0  0  2  8.677746e-02  2.000000e-07
 72  6  0  0  0  2  2.898724e-01  2.000000e-07
 72  4  0  0  0  2  5.073499e-01  2.000000e-07
 72  86  0  0  0  2  4.662439e-02  2.000000e-07
 72  74  0  0  0  2  5.171355e-01  2.000000e-07
 72  66  0  0  0  2  2.885226e-01  2.000000e-07
 72  59  0  0  0  2  4.819793e-01  2.000000e-07
 72  67  0  0  0  2  2.732687e-01  2.000000e-07
 72  0  0  0  0  2  2.169814e-01  2.000000e-07
 72  63  0  0  0  2  3.698470e-01  2.000000e-07
 72  48  0  0  0  2  9.615250e-02  2.000000e-07
 72  70  0  0  0  2  3.311508e-01  2.000000e-07
 72  79  0  0  0  2  4.817020e-01  2.000000e-07
 72  49  0  0  0  2  1.334647e-01  2.000000e-07
 82  10  0  0  0  2  1.989443e-01  2.000000e-07
 82  1  0  0  0  2  2.626990e-01  2.000000e-07
 82  7  0  0  0  2  2.117829e-01  2.000000e-07
 82  54  0  0  0  2  2.982530e-01  2.000000e-07
 82  80  0  0  0  2  2.622954e-01  2.000000e-07
 82  75  0  0  0  2  3.428001e-01  2.000000e-07
 82  85  0  0  0  2  1.271232e-01  2.000000e-07
 82  57 -1  0  0  2  4.744710e-01  2.000000e-07
 82  86  0  0  0  2  1.499463e-01  2.000000e-07
 82  87  0  0  0  2  2.259316e-01  2.000000e-07
 82  73 -1  0  0  2  5.445346e-01  2.000000e-07
 82  76  0  0  0  2  3.037146e-01  2.000000e-07
 82  68  0  0  0  2  2.200989e-01  2.000000e-07
 82  48  0  0  0  2  1.694707e-01  2.000000e-07
 82  79 -1  0  0  2  4.365209e-01  2.000000e-07
 82  49  0  0  0  2  1.090651e-01  2.000000e-07
 83  81  0  0  0  2  7.498812e-02  2.000000e-07
 83  7  0  0  0  2  1.776117e-01  2.000000e-07
 83  84  0  0  0  2  4.089390e-01  2.000000e-07
 83  85  0  0  0  2  2.125933e-01  2.000000e-07
 83  6  0  0  0  2  1.273008e-01  2.000000e-07
 83  12  0  0  0  2  1.642690e-01  2.000000e-07
 83  74 -1  0  0  2  3.750701e-01  2.000000e-07
 83  60  0  0  0  2  2.130133e-01  2.000000e-07
 83  71 -1  0  0  2  3.851230e-01  2.000000e-07
 83  0  0  0  0  2  2.193543e-01  2.000000e-07
 83  78  0  0  0  2  2.766900e-01  2.000000e-07
 83  68  0  0  0  2  1.327434e-01  2.000000e-07
 83  69 -1  0  0  2  5.048821e-01  2.000000e-07
 83  48  0  0  0  2  2.451096e-01  2.000000e-07
 83  49  0  0  0  2  1.773127e-01  2.000000e-07
 10  81  0  0  0  2  2.925581e-01  2.000000e-07
 10  64  0  0  0  2  1.215669e-01  2.000000e-07
 10  54  0  0  0  2  2.725611e-01  2.000000e-07
 10  80  0  0  0  2  7.232455e-02  2.000000e-07
 10  65  0  0  0  2  2.096422e-01  2.000000e-07
 10  12  0  0  0  2  1.641436e-01  2.000000e-07
 10  67  0  0  0  2  1.558960e-01  2.000000e-07
 10  48  0  0  0  2  1.179462e-01  2.000000e-07
 10  11  0  0  0  2  1.844805e-01  2.000000e-07
 10  9  0  0  0  2  1.718084e-01  2.000000e-07
 1  81  0  0  0  2  4.146122e-01  2.000000e-07
 1  75  0  0  0  2  1.008397e-01  2.000000e-07
 1  86  0  0  0  2  1.347320e-01  2.000000e-07
 1  87  0  0  0  2  1.330085e-01  2.000000e-07
 1  73 -1  0  0  2  4.713295e-01  2.000000e-07
 1  76  0  0  0  2  1.547679e-01  2.000000e-07
 1  77  0  0  0  2  2.052547e-01  2.000000e-07
 1  78  0  0  0  2  2.385943e-01  2.000000e-07
 81  7  0  0  0  2  1.837941e-01  2.000000e-07
 81  54  0  0  0  2  2.153812e-01  2.000000e-07
 81  84  0  0  0  2  4.772541e-01  2.000000e-07
 81  75  0  0  0  2  4.809886e-01  2.000000e-07
 81  56  0  1  0  2  3.161594e-01  2.000000e-07
 81  57 -1  0  0  2  3.513366e-01  2.000000e-07
 81  87  0  0  0  2  3.886787e-01  2.000000e-07
 81  60  0  0  0  2  1.486660e-01  2.000000e-07
 81  77  0  1  0  2  4.386111e-01  2.000000e-07
 81  67 -1  0  0  2  5.994012e-01  2.000000e-07
 81  78  0  0  0  2  3.150740e-01  2.000000e-07
 81  68  0  0  0  2  6.130909e-02  2.000000e-07
 81  69 -1  0  0  2  4.586498e-01  2.000000e-07
 81  61  0  1  0  2  3.576959e-01  2.000000e-07
 81  48  0  0  0  2  3.158759e-01  2.000000e-07
 7  64  0  0  0  2  1.618429e-01  2.000000e-07
 7  54  0  0  0  2  1.018550e-01  2.000000e-07
 7  80  0  0  0  2  2.384798e-01  2.000000e-07
 7  65  0  0  0  2  2.856495e-01  2.000000e-07
 7  85  0  0  0  2  3.218492e-01  2.000000e-07
 7  6  0  0  0  2  5.814681e-02  2.000000e-07
 7  12  0  0  0  2  1.745857e-02  2.000000e-07
 7  58  0  1  0  2  2.954228e-01  2.000000e-07
 7  60  0  0  0  2  1.902809e-01  2.000000e-07
 7  77  0  1  0  2  3.589742e-01  2.000000e-07
 7  61  0  1  0  2  2.906470e-01  2.000000e-07
 7  70  0  0  0  2  1.682880e-01  2.000000e-07
 7  49  0  0  0  2  2.066987e-01  2.000000e-07
 64  2  0  0  0  2  3.310598e-01  2.000000e-07
 64  13  0  1  0  2  4.780187e-01  2.000000e-07
 64  6  0  0  0  2  1.830681e-01  2.000000e-07
 64  12  0  0  0  2  1.624072e-01  2.000000e-07
 64  4  0  0  0  2  5.543115e-01  2.000000e-07
 64  58  0  1  0  2  3.921996e-01  2.000000e-07
 64  74  0  0  0  2  4.271192e-01  2.000000e-07
 64  59  0  0  0  2  6.148874e-01  2.000000e-07
 64  59  0  1  0  2  5.112549e-01  2.000000e-07
 64  71  0  0  0  2  3.243652e-01  2.000000e-07
 64  67  0  0  0  2  1.822043e-01  2.000000e-07
 64  63  0  0  0  2  5.247499e-01  2.000000e-07
 64  63  0  1  0  2  5.266818e-01  2.000000e-07
 64  69  0  0  0  2  2.085986e-01  2.000000e-07
 64  61  0  1  0  2  3.856324e-01  2.000000e-07
 64  48  0  0  0  2  2.386694e-01  2.000000e-07
 64  70  0  0  0  2  7.967591e-03  2.000000e-07
 64  11  0  0  0  2  6.495596e-02  2.000000e-07
 54  80  0  0  0  2  3.290357e-01  2.000000e-07
 54  55  0  1  0  2  3.963658e-01  2.000000e-07
 54  75  0  1  0  2  3.961710e-01  2.000000e-07
 54  65  0  0  0  2  3.354225e-01  2.000000e-07
 54  56  0  1  0  2  2.368915e-01  2.000000e-07
 54  57 -1  0  0  2  5.082523e-01  2.000000e-07
 54  60  0  0  0  2  1.412849e-01  2.000000e-07
 54  88  0  1  0  2  3.962693e-01  2.000000e-07
 54  11  0  0  0  2  2.044132e-01  2.000000e-07
 54  9  0  0  0  2  2.931984e-01  2.000000e-07
 54  62  0  1  0  2  2.587627e-01  2.000000e-07
 80  65  0  0  0  2  1.719310e-01  2.000000e-07
 80  86  0  0  0  2  2.517885e-01  2.000000e-07
 80  87  0  0  0  2  2.469899e-01  2.000000e-07
 80  73  0  0  0  2  4.174041e-01  2.000000e-07
 80  66  0  0  0  2  3.156537e-01  2.000000e-07
 80  67  0  0  0  2  8.359113e-02  2.000000e-07
 80  48  0  0  0  2  1.365465e-01  2.000000e-07
 80  70  0  0  0  2  1.261660e-01  2.000000e-07
 80  79  0  0  0  2  3.021956e-01  2.000000e-07
 80  49  0  0  0  2  1.579880e-01  2.000000e-07
 84  75  0  0  0  2  4.667551e-02  2.000000e-07
 84  56  0  0  0  2  2.264073e-01  2.000000e-07
 84  13  0  0  0  2  1.711078e-01  2.000000e-07
 84  6  0  0  0  2  4.727398e-01  2.000000e-07
 84  58  0  0  0  2  1.984454e-01  2.000000e-07
 84  87  0  0  0  2  1.924981e-01  2.000000e-07
 84  59  0  0  0  2  5.261684e-01  2.000000e-07
 84  76  0  0  0  2  1.479224e-01  2.000000e-07
 84  0  0  0  0  2  2.241965e-01  2.000000e-07
 84  78  0  0  0  2  2.617652e-01  2.000000e-07
 84  63  0  0  0  2  4.253268e-01  2.000000e-07
 84  48  0  0  0  2  3.072455e-01  2.000000e-07
 84  88  0  0  0  2  8.193383e-02  2.000000e-07
 84  62  0  0  0  2  3.487828e-01  2.000000e-07
 55  5  0  0  0  2  2.971614e-01  2.000000e-07
 55  75  1  0  0  2  6.205556e-01  2.000000e-07
 55  65  0 -1  0  2  4.565802e-01  2.000000e-07
 55  56  1  0  0  2  5.995545e-01  2.000000e-07
 55  13  0  0  0  2  1.763732e-01  2.000000e-07
 55  57  0 -1  0  2  4.552277e-01  2.000000e-07
 55  87  0  0  0  2  2.984332e-01  2.000000e-07
 55  73  0  0  0  2  2.400924e-01  2.000000e-07
 55  59  0  0  0  2  1.828230e-01  2.000000e-07
 55  77  0  0  0  2  2.458288e-01  2.000000e-07
 55  67  0  0  0  2  3.926702e-01  2.000000e-07
 55  63  0  0  0  2  1.028985e-01  2.000000e-07
 55  70  0 -1  0  2  4.586122e-01  2.000000e-07
 55  88  0  0  0  2  2.716783e-01  2.000000e-07
 55  62  0  0  0  2  1.462144e-01  2.000000e-07
 5  54  1 -1  0  2  5.125690e-01  2.000000e-07
 5  75  1  0  0  2  3.753577e-01  2.000000e-07
 5  57  0 -1  0  2  2.859351e-01  2.000000e-07
 5  58  1  0  0  2  4.349425e-01  2.000000e-07
 5  73  0  0  0  2  2.205377e-01  2.000000e-07
 5  66  0  0  0  2  3.312787e-01  2.000000e-07
 5  59  0  0  0  2  1.350790e-01  2.000000e-07
 5  76  1  0  0  2  3.426341e-01  2.000000e-07
 5  60  1 -1  0  2  3.868368e-01  2.000000e-07
 5  71  0 -1  0  2  3.560827e-01  2.000000e-07
 5  77  1  0  0  2  4.813613e-01  2.000000e-07
 5  3  0  0  0  2  1.952825e-01  2.000000e-07
 5  63  0  0  0  2  2.459088e-01  2.000000e-07
 5  69  0 -1  0  2  3.588872e-01  2.000000e-07
 5  61  1  0  0  2  4.415029e-01  2.000000e-07
 5  70  0 -1  0  2  4.980856e-01  2.000000e-07
 75  81  0 -1  0  2  5.203975e-01  2.000000e-07
 75  56  0  0  0  2  2.063298e-01  2.000000e-07
 75  57 -1 -1  0  2  5.828151e-01  2.000000e-07
 75  57 -1  0  0  2  6.633900e-01  2.000000e-07
 75  87  0  0  0  2  2.317080e-01  2.000000e-07
 75  73 -1  0  0  2  4.064836e-01  2.000000e-07
 75  59 -1  0  0  2  4.401771e-01  2.000000e-07
 75  76  0  0  0  2  1.130307e-01  2.000000e-07
 75  77  0  0  0  2  1.824471e-01  2.000000e-07
 75  67 -1  0  0  2  6.873782e-01  2.000000e-07
 75  78  0  0  0  2  2.372437e-01  2.000000e-07
 75  88  0  0  0  2  1.286079e-01  2.000000e-07
 75  62  0  0  0  2  3.819098e-01  2.000000e-07
 65  5  0  1  0  2  4.229048e-01  2.000000e-07
 65  57  0  0  0  2  2.085447e-01  2.000000e-07
 65  71  0  0  0  2  1.992794e-01  2.000000e-07
 65  77  0  1  0  2  4.998190e-01  2.000000e-07
 65  67  0  0  0  2  1.584833e-01  2.000000e-07
 65  70  0  0  0  2  1.200401e-01  2.000000e-07
 65  79  0  0  0  2  2.338427e-01  2.000000e-07
 65  9  0  0  0  2  4.638374e-02  2.000000e-07
 65  62  0  1  0  2  3.376703e-01  2.000000e-07
 2  74  0  0  0  2  1.224719e-01  2.000000e-07
 2  66  0  0  0  2  3.767708e-01  2.000000e-07
 2  71  0  0  0  2  1.088121e-01  2.000000e-07
 2  68  1  0  0  2  3.888252e-01  2.000000e-07
 2  69  0  0  0  2  1.702491e-01  2.000000e-07
 2  70  0  0  0  2  3.242616e-01  2.000000e-07
 2  79  0  0  0  2  3.625341e-02  2.000000e-07
 56  12  0 -1  0  2  3.390452e-01  2.000000e-07
 56  57 -1 -1  0  2  4.176875e-01  2.000000e-07
 56  4 -1  0  0  2  4.064310e-01  2.000000e-07
 56  58  0  0  0  2  1.326703e-01  2.000000e-07
 56  59 -1  0  0  2  4.219664e-01  2.000000e-07
 56  76  0  0  0  2  2.794919e-01  2.000000e-07
 56  60  0 -1  0  2  1.700557e-01  2.000000e-07
 56  3 -1  0  0  2  3.582755e-01  2.000000e-07
 56  78  0  0  0  2  4.073334e-01  2.000000e-07
 56  69 -1 -1  0  2  5.358944e-01  2.000000e-07
 56  11  0 -1  0  2  4.318995e-01  2.000000e-07
 56  62  0  0  0  2  3.578969e-01  2.000000e-07
 13  85  0  0  0  2  2.912649e-01  2.000000e-07
 13  58  0  0  0  2  1.751815e-01  2.000000e-07
 13  86  0  0  0  2  2.650015e-01  2.000000e-07
 13  66  0  0  0  2  2.309357e-01  2.000000e-07
 13  59  0  0  0  2  3.588653e-01  2.000000e-07
 13  76  0  0  0  2  3.186108e-01  2.000000e-07
 13  77  0  0  0  2  9.474338e-02  2.000000e-07
 13  63  0  0  0  2  2.649559e-01  2.000000e-07
 13  61  0  0  0  2  1.742167e-01  2.000000e-07
 13  70  0 -1  0  2  4.851589e-01  2.000000e-07
 13  62  0  0  0  2  1.936163e-01  2.000000e-07
 85  6  0  0  0  2  2.655531e-01  2.000000e-07
 85  86  0  0  0  2  4.016195e-02  2.000000e-07
 85  76  0  0  0  2  2.186475e-01  2.000000e-07
 85  77  0  0  0  2  3.345176e-01  2.000000e-07
 85  0  0  0  0  2  1.335358e-01  2.000000e-07
 85  68  0  0  0  2  3.453016e-01  2.000000e-07
 85  79 -1  0  0  2  4.751432e-01  2.000000e-07
 85  49  0  0  0  2  1.361450e-01  2.000000e-07
 6  12  0  0  0  2  4.135380e-02  2.000000e-07
 6  60  0  0  0  2  2.043735e-01  2.000000e-07
 6  68  0  0  0  2  1.706242e-01  2.000000e-07
 6  48  0  0  0  2  2.215260e-01  2.000000e-07
 6  70  0  0  0  2  1.877599e-01  2.000000e-07
 12  81  0  0  0  2  1.763234e-01  2.000000e-07
 12  54  0  0  0  2  1.179750e-01  2.000000e-07
 12  58  0  1  0  2  3.114851e-01  2.000000e-07
 12  60  0  0  0  2  1.966515e-01  2.000000e-07
 12  48  0  0  0  2  2.480078e-01  2.000000e-07
 12  11  0  0  0  2  1.783265e-01  2.000000e-07
 57  73  0  0  0  2  5.071895e-01  2.000000e-07
 57  59  0  1  0  2  3.827520e-01  2.000000e-07
 57  71  0  0  0  2  7.090854e-02  2.000000e-07
 57  77  1  1  0  2  6.123728e-01  2.000000e-07
 57  67  0  0  0  2  3.249563e-01  2.000000e-07
 57  78  1  0  0  2  4.268537e-01  2.000000e-07
 57  68  1  0  0  2  3.393246e-01  2.000000e-07
 57  69  0  0  0  2  1.215325e-01  2.000000e-07
 57  61  1  1  0  2  5.429020e-01  2.000000e-07
 57  79  0  0  0  2  2.153393e-01  2.000000e-07
 57  9  0  0  0  2  2.518489e-01  2.000000e-07
 57  62  0  1  0  2  3.933222e-01  2.000000e-07
 4  73  0  0  0  2  5.135246e-02  2.000000e-07
 4  74  0  0  0  2  2.146327e-01  2.000000e-07
 4  66  0  0  0  2  2.316319e-01  2.000000e-07
 4  59  0  0  0  2  1.447405e-01  2.000000e-07
 4  76  1  0  0  2  2.653283e-01  2.000000e-07
 4  3  0  0  0  2  4.990770e-02  2.000000e-07
 4  67  0  0  0  2  3.757402e-01  2.000000e-07
 4  63  0  0  0  2  1.865226e-01  2.000000e-07
 4  69  0  0  0  2  4.779865e-01  2.000000e-07
 58  59  0  0  0  2  4.808274e-01  2.000000e-07
 58  76  0  0  0  2  3.144992e-01  2.000000e-07
 58  60  0 -1  0  2  2.173481e-01  2.000000e-07
 58  3 -1  0  0  2  4.563531e-01  2.000000e-07
 58  63  0  0  0  2  4.097279e-01  2.000000e-07
 58  61  0  0  0  2  7.411006e-03  2.000000e-07
 58  11  0 -1  0  2  3.484389e-01  2.000000e-07
 58  62  0  0  0  2  2.275476e-01  2.000000e-07
 86  87  0  0  0  2  8.129197e-02  2.000000e-07
 86  73 -1  0  0  2  5.425986e-01  2.000000e-07
 86  66  0  0  0  2  3.347033e-01  2.000000e-07
 86  76  0  0  0  2  2.423107e-01  2.000000e-07
 86  77  0  0  0  2  3.174012e-01  2.000000e-07
 86  49  0  0  0  2  1.271667e-01  2.000000e-07
 86  88  0  0  0  2  1.793128e-01  2.000000e-07
 87  66  0  0  0  2  2.565888e-01  2.000000e-07
 87  59  0  0  0  2  4.472457e-01  2.000000e-07
 87  67  0  0  0  2  2.798639e-01  2.000000e-07
 87  78  0  0  0  2  3.241126e-01  2.000000e-07
 87  48  0  0  0  2  1.239608e-01  2.000000e-07
 87  88  0  0  0  2  1.363044e-01  2.000000e-07
 87  62  0  0  0  2  3.799793e-01  2.000000e-07
 73  74  0  0  0  2  2.292071e-01  2.000000e-07
 73  66  0  0  0  2  1.805605e-01  2.000000e-07
 73  59  0  0  0  2  1.203076e-01  2.000000e-07
 73  76  1  0  0  2  3.166687e-01  2.000000e-07
 73  3  0  0  0  2  9.836465e-02  2.000000e-07
 73  67  0  0  0  2  3.460156e-01  2.000000e-07
 73  78  1  0  0  2  2.969087e-01  2.000000e-07
 73  63  0  0  0  2  1.376485e-01  2.000000e-07
 73  79  0  0  0  2  2.918721e-01  2.000000e-07
 74  66  0  0  0  2  3.284779e-01  2.000000e-07
 74  76  1  0  0  2  3.066256e-01  2.000000e-07
 74  71  0  0  0  2  2.220909e-01  2.000000e-07
 74  3  0  0  0  2  2.344926e-01  2.000000e-07
 74  67  0  0  0  2  2.840165e-01  2.000000e-07
 74  0  1  0  0  2  2.773274e-01  2.000000e-07
 74  78  1  0  0  2  1.981560e-01  2.000000e-07
 74  63  0  0  0  2  3.391863e-01  2.000000e-07
 74  68  1  0  0  2  4.090248e-01  2.000000e-07
 74  69  0  0  0  2  2.911583e-01  2.000000e-07
 74  79  0  0  0  2  9.181621e-02  2.000000e-07
 66  77  0  0  0  2  3.216030e-01  2.000000e-07
 66  67  0  0  0  2  2.721923e-01  2.000000e-07
 66  63  0  0  0  2  8.682695e-02  2.000000e-07
 66  70  0  0  0  2  4.377542e-01  2.000000e-07
 66  79  0  0  0  2  3.460173e-01  2.000000e-07
 66  49  0  0  0  2  3.677939e-01  2.000000e-07
 66  88  0  0  0  2  2.907529e-01  2.000000e-07
 59  60  1 -1  0  2  5.198632e-01  2.000000e-07
 59  71  0 -1  0  2  4.532161e-01  2.000000e-07
 59  3  0  0  0  2  1.613469e-01  2.000000e-07
 59  67  0  0  0  2  4.331715e-01  2.000000e-07
 59  78  1  0  0  2  3.896440e-01  2.000000e-07
 59  63  0  0  0  2  1.121386e-01  2.000000e-07
 59  69  0 -1  0  2  4.236671e-01  2.000000e-07
 59  69  0  0  0  2  5.814473e-01  2.000000e-07
 59  48  0  0  0  2  4.941586e-01  2.000000e-07
 59  11  0 -1  0  2  4.501907e-01  2.000000e-07
 59  62  0  0  0  2  2.732773e-01  2.000000e-07
 76  60  0 -1  0  2  4.493635e-01  2.000000e-07
 76  77  0  0  0  2  2.954754e-01  2.000000e-07
 76  3 -1  0  0  2  2.229088e-01  2.000000e-07
 76  0  0  0  0  2  1.412147e-01  2.000000e-07
 76  78  0  0  0  2  1.304852e-01  2.000000e-07
 76  61  0  0  0  2  3.213117e-01  2.000000e-07
 76  79 -1  0  0  2  3.957245e-01  2.000000e-07
 60  3 -1  1  0  2  4.980360e-01  2.000000e-07
 60  68  0  0  0  2  8.935805e-02  2.000000e-07
 60  69 -1  0  0  2  4.899804e-01  2.000000e-07
 60  61  0  1  0  2  2.173932e-01  2.000000e-07
 60  11  0  0  0  2  3.398663e-01  2.000000e-07
 71  60  1  0  0  2  3.876560e-01  2.000000e-07
 71  78  1  0  0  2  3.667466e-01  2.000000e-07
 71  68  1  0  0  2  3.416965e-01  2.000000e-07
 71  69  0  0  0  2  1.199630e-01  2.000000e-07
 71  70  0  0  0  2  3.193185e-01  2.000000e-07
 71  79  0  0  0  2  1.449591e-01  2.000000e-07
 77  54  0 -1  0  2  2.591040e-01  2.000000e-07
 77  63  0  0  0  2  3.441281e-01  2.000000e-07
 77  61  0  0  0  2  8.129637e-02  2.000000e-07
 77  70  0 -1  0  2  4.402665e-01  2.000000e-07
 77  88  0  0  0  2  1.381756e-01  2.000000e-07
 77  62  0  0  0  2  2.021815e-01  2.000000e-07
 3  78  1  0  0  2  2.289279e-01  2.000000e-07
 3  63  0  0  0  2  2.257325e-01  2.000000e-07
 3  79  0  0  0  2  3.171049e-01  2.000000e-07
 67  78  1  0  0  2  4.809657e-01  2.000000e-07
 67  69  0  0  0  2  2.181662e-01  2.000000e-07
 67  48  0  0  0  2  1.943469e-01  2.000000e-07
 67  79  0  0  0  2  2.231127e-01  2.000000e-07
 67  11  0  0  0  2  2.357602e-01  2.000000e-07
 67  9  0  0  0  2  1.565238e-01  2.000000e-07
 67  62  0  0  0  2  5.311853e-01  2.000000e-07
 0  78  0  0  0  2  9.001270e-02  2.000000e-07
 78  4 -1  0  0  2  2.514952e-01  2.000000e-07
 78  69 -1  0  0  2  4.658463e-01  2.000000e-07
 78  48  0  0  0  2  3.622448e-01  2.000000e-07
 63  69  0 -1  0  2  4.821916e-01  2.000000e-07
 63  70  0 -1  0  2  5.311050e-01  2.000000e-07
 68  5 -1  1  0  2  4.229898e-01  2.000000e-07
 68  58  0  1  0  2  3.044503e-01  2.000000e-07
 68  61  0  1  0  2  3.038846e-01  2.000000e-07
 68  79 -1  0  0  2  4.071467e-01  2.000000e-07
 69  70  0  0  0  2  2.043783e-01  2.000000e-07
 69  11  0  0  0  2  1.991193e-01  2.000000e-07
 69  9  0  0  0  2  1.312485e-01  2.000000e-07
 69  62  0  1  0  2  3.490004e-01  2.000000e-07
 48  49  0  0  0  2  6.937133e-02  2.000000e-07
 70  61  0  1  0  2  3.935460e-01  2.000000e-07
 70  79  0  0  0  2  3.368609e-01  2.000000e-07
 70  49  0  0  0  2  2.203311e-01  2.000000e-07
 79  0  1  0  0  2  3.498476e-01  2.000000e-07
 88  62  0  0  0  2  2.988125e-01  2.000000e-07
 11  9  0  0  0  2  9.433971e-02  2.000000e-07
 9  62  0  1  0  2  3.231467e-01  2.000000e-07
 62  11  0 -1  0  2  2.493706e-01  2.000000e-07
 72  48  0  0  0  1  9.615250e-02  3.000000e-07
 82  83  0  0  0  1  8.799208e-02  3.000000e-07
 82  6  0  0  0  1  1.536451e-01  3.000000e-07
 82  0  0  0  0  1  1.711936e-01  3.000000e-07
 82  49  0  0  0  1  1.090651e-01  3.000000e-07
 83  81  0  0  0  1  7.498812e-02  3.000000e-07
 83  6  0  0  0  1  1.273008e-01  3.000000e-07
 83  78  0  0  0  1  2.766900e-01  3.000000e-07
 10  64  0  0  0  1  1.215669e-01  3.000000e-07
 10  80  0  0  0  1  7.232455e-02  3.000000e-07
 10  12  0  0  0  1  1.641436e-01  3.000000e-07
 10  48  0  0  0  1  1.179462e-01  3.000000e-07
 10  70  0  0  0  1  1.188244e-01  3.000000e-07
 10  49  0  0  0  1  1.057750e-01  3.000000e-07
 1  84  0  0  0  1  7.056570e-02  3.000000e-07
 1  75  0  0  0  1  1.008397e-01  3.000000e-07
 1  85  0  0  0  1  1.377614e-01  3.000000e-07
 1  86  0  0  0  1  1.347320e-01  3.000000e-07
 1  0  0  0  0  1  1.801299e-01  3.000000e-07
 1  88  0  0  0  1  8.067395e-02  3.000000e-07
 81  2 -1  0  0  1  3.711362e-01  3.000000e-07
 81  6  0  0  0  1  1.519853e-01  3.000000e-07
 81  74 -1  0  0  1  3.738850e-01  3.000000e-07
 81  71 -1  0  0  1  3.411223e-01  3.000000e-07
 81  78  0  0  0  1  3.150740e-01  3.000000e-07
 7  64  0  0  0  1  1.618429e-01  3.000000e-07
 7  54  0  0  0  1  1.018550e-01  3.000000e-07
 7  6  0  0  0  1  5.814681e-02  3.000000e-07
 7  68  0  0  0  1  1.835861e-01  3.000000e-07
 64  12  0  0  0  1  1.624072e-01  3.000000e-07
 64  11  0  0  0  1  6.495596e-02  3.000000e-07
 54  60  0  0  0  1  1.412849e-01  3.000000e-07
 54  68  0  0  0  1  1.841212e-01  3.000000e-07
 54  61  0  1  0  1  1.888678e-01  3.000000e-07
 54  11  0  0  0  1  2.044132e-01  3.000000e-07
 54  62  0  1  0  1  2.587627e-01  3.000000e-07
 80  67  0  0  0  1  8.359113e-02  3.000000e-07
 80  48  0  0  0  1  1.365465e-01  3.000000e-07
 80  70  0  0  0  1  1.261660e-01  3.000000e-07
 80  9  0  0  0  1  1.466378e-01  3.000000e-07
 84  77  0  0  0  1  1.561764e-01  3.000000e-07
 84  88  0  0  0  1  8.193383e-02  3.000000e-07
 55  13  0  0  0  1  1.763732e-01  3.000000e-07
 55  66  0  0  0  1  1.254253e-01  3.000000e-07
 55  59  0  0  0  1  1.828230e-01  3.000000e-07
 55  63  0  0  0  1  1.028985e-01  3.000000e-07
 55  62  0  0  0  1  1.462144e-01  3.000000e-07
 5  56  1  0  0  1  3.058914e-01  3.000000e-07
 5  57  0 -1  0  1  2.859351e-01  3.000000e-07
 5  59  0  0  0  1  1.350790e-01  3.000000e-07
 5  60  1 -1  0  1  3.868368e-01  3.000000e-07
 5  3  0  0  0  1  1.952825e-01  3.000000e-07
 5  62  0  0  0  1  3.403822e-01  3.000000e-07
 75  56  0  0  0  1  2.063298e-01  3.000000e-07
 75  76  0  0  0  1  1.130307e-01  3.000000e-07
 75  77  0  0  0  1  1.824471e-01  3.000000e-07
 65  2  0  0  0  1  2.146254e-01  3.000000e-07
 65  67  0  0  0  1  1.584833e-01  3.000000e-07
 65  69  0  0  0  1  8.705298e-02  3.000000e-07
 65  11  0  0  0  1  1.322537e-01  3.000000e-07
 2  74  0  0  0  1  1.224719e-01  3.000000e-07
 2  71  0  0  0  1  1.088121e-01  3.000000e-07
 2  67  0  0  0  1  2.289154e-01  3.000000e-07
 2  69  0  0  0  1  1.702491e-01  3.000000e-07
 56  58  0  0  0  1  1.326703e-01  3.000000e-07
 56  76  0  0  0  1  2.794919e-01  3.000000e-07
 56  3 -1  0  0  1  3.582755e-01  3.000000e-07
 13  87  0  0  0  1  1.982070e-01  3.000000e-07
 13  66  0  0  0  1  2.309357e-01  3.000000e-07
 13  77  0  0  0  1  9.474338e-02  3.000000e-07
 13  88  0  0  0  1  1.068115e-01  3.000000e-07
 13  62  0  0  0  1  1.936163e-01  3.000000e-07
 85  0  0  0  0  1  1.335358e-01  3.000000e-07
 85  49  0  0  0  1  1.361450e-01  3.000000e-07
 6  68  0  0  0  1  1.706242e-01  3.000000e-07
 6  49  0  0  0  1  1.585815e-01  3.000000e-07
 57  60  1  0  0  1  3.695033e-01  3.000000e-07
 57  71  0  0  0  1  7.090854e-02  3.000000e-07
 57  68  1  0  0  1  3.393246e-01  3.000000e-07
 57  69  0  0  0  1  1.215325e-01  3.000000e-07
 57  62  0  1  0  1  3.933222e-01  3.000000e-07
 4  74  0  0  0  1  2.146327e-01  3.000000e-07
 4  59  0  0  0  1  1.447405e-01  3.000000e-07
 58  60  0 -1  0  1  2.173481e-01  3.000000e-07
 58  77  0  0  0  1  8.129278e-02  3.000000e-07
 86  87  0  0  0  1  8.129197e-02  3.000000e-07
 86  48  0  0  0  1  1.152967e-01  3.000000e-07
 86  49  0  0  0  1  1.271667e-01  3.000000e-07
 87  66  0  0  0  1  2.565888e-01  3.000000e-07
 87  48  0  0  0  1  1.239608e-01  3.000000e-07
 87  88  0  0  0  1  1.363044e-01  3.000000e-07
 73  74  0  0  0  1  2.292071e-01  3.000000e-07
 73  66  0  0  0  1  1.805605e-01  3.000000e-07
 73  59  0  0  0  1  1.203076e-01  3.000000e-07
 74  3  0  0  0  1  2.344926e-01  3.000000e-07
 74  67  0  0  0  1  2.840165e-01  3.000000e-07
 74  78  1  0  0  1  1.981560e-01  3.000000e-07
 74  79  0  0  0  1  9.181621e-02  3.000000e-07
 66  67  0  0  0  1  2.721923e-01  3.000000e-07
 66  63  0  0  0  1  8.682695e-02  3.000000e-07
 66  48  0  0  0  1  2.984336e-01  3.000000e-07
 59  3  0  0  0  1  1.613469e-01  3.000000e-07
 59  63  0  0  0  1  1.121386e-01  3.000000e-07
 76  3 -1  0  0  1  2.229088e-01  3.000000e-07
 76  0  0  0  0  1  1.412147e-01  3.000000e-07
 76  78  0  0  0  1  1.304852e-01  3.000000e-07
 60  56  0  1  0  1  1.700557e-01  3.000000e-07
 60  68  0  0  0  1  8.935805e-02  3.000000e-07
 60  61  0  1  0  1  2.173932e-01  3.000000e-07
 71  68  1  0  0  1  3.416965e-01  3.000000e-07
 71  69  0  0  0  1  1.199630e-01  3.000000e-07
 77  61  0  0  0  1  8.129637e-02  3.000000e-07
 77  88  0  0  0  1  1.381756e-01  3.000000e-07
 3  78  1  0  0  1  2.289279e-01  3.000000e-07
 67  79  0  0  0  1  2.231127e-01  3.000000e-07
 0  78  0  0  0  1  9.001270e-02  3.000000e-07
 69  11  0  0  0  1  1.991193e-01  3.000000e-07
 69  62  0  1  0  1  3.490004e-01  3.000000e-07
 61  62  0  0  0  1  2.208909e-01  3.000000e-07
 48  49  0  0  0  1  6.937133e-02  3.000000e-07
 70  11  0  0  0  1  7.031578e-02  3.000000e-07
 70  9  0  0  0  1  7.376091e-02  3.000000e-07
 11  9  0  0  0  1  9.433971e-02  3.000000e-07
-3.399161e-01 -3.151448e-02  0
-2.171188e-01 -1.633007e-01  0
 3.355885e-01  1.320212e-01  0
 4.095294e-01 -2.122394e-01  0
 3.638886e-01 -1.920479e-01  0
 3.800022e-01 -4.052767e-01  0
-1.577198e-01  2.350856e-01  0
-1.317083e-01  2.870900e-01  0
-1.069615e-01  2.825384e-01  1.348711e-01
 1.036965e-01  2.424787e-01  0
-3.471949e-02  1.406988e-01  0
 3.804177e-02  3.102241e-01  0
-1.357113e-01  2.700965e-01  0
-7.541267e-02 -2.860500e-01  0
-1.486312e-01  2.328118e-02  1.506446e-01
 2.208949e-01  1.473302e-01 -2.808282e-01
 6.912625e-02 -2.445282e-01 -1.295239e-01
-5.094797e-02  2.330375e-01  3.624703e-01
-3.186084e-01 -2.718596e-01 -1.156050e-01
 3.526782e-01 -3.961860e-01 -2.144779e-01
-1.683896e-01  3.001251e-01 -2.545293e-01
 1.808395e-01 -3.473141e-01 -4.030366e-01
 3.925812e-01  3.908732e-01  1.835222e-01
 4.112399e-01  5.822322e-02 -3.745322e-01
-4.468571e-01 -1.126286e-01  3.320484e-01
-1.653238e-01 -1.164481e-01 -3.228705e-01
 5.354495e-02 -1.238530e-01  3.914928e-01
 1.652408e-01 -1.969805e-01  3.153108e-01
-3.631429e-02 -1.454008e-01  2.625058e-01
 1.358594e-01  7.657416e-02  4.446834e-01
 3.516726e-01 -7.724983e-02  3.558650e-01
 4.030756e-01 -2.101210e-01  3.752003e-01
-2.376410e-01  1.019673e-01 -3.199548e-01
-2.530718e-01 -1.541567e-01 -2.980014e-01
 2.883959e-01 -1.171502e-01 -4.369088e-01
-3.142547e-02 -1.062596e-01  3.926110e-01
-1.992395e-01  2.058034e-01 -2.301073e-01
 3.202254e-01 -8.195506e-02 -3.637495e-01
 1.232979e-01  1.652294e-01 -3.541893e-01
 2.290960e-01  1.508180e-01 -4.234192e-01
 1.155706e-01 -2.412513e-01 -3.912779e-01
 3.494253e-01  3.931889e-01 -4.470387e-01
-3.101305e-01 -7.507647e-02 -2.324251e-01
 1.264004e-01 -3.252067e-01 -1.695481e-01
-2.656347e-01  2.273506e-01  4.101213e-01
 3.685808e-01 -1.657659e-01  2.395614e-01
-2.007752e-01 -3.588957e-01  2.521064e-01
-1.777424e-01 -2.378732e-01 -1.488381e-01
-7.465913e-02  2.972073e-02  0
-1.217830e-01  8.062966e-02  0
 2.324212e-01  2.476182e-02  3.795250e-01
-2.640146e-01  3.215265e-01  3.092966e-01
-1.622126e-01  2.636662e-01 -1.282070e-01
 2.085151e-01 -3.176400e-01  3.487297e-01
-1.513955e-01  3.870242e-01  0
 9.978725e-02 -3.063603e-01  0
-3.164473e-01 -4.430479e-01  0
 3.460998e-01  3.108051e-01  0
-1.853927e-01 -4.224060e-01  0
 2.825305e-01 -3.117588e-01  0
-2.926720e-01  3.885666e-01  0
-1.789879e-01 -4.261344e-01  0
 4.144003e-02 -4.404284e-01  0
 1.873965e-01 -2.523907e-01  0
 2.498628e-02  2.465937e-01  0
 1.500045e-01  2.398295e-01  0
 1.323568e-01 -1.852375e-01  0
 1.113181e-01  8.614055e-02  0
-3.146908e-01  3.019639e-01  0
 2.325311e-01  2.675348e-01  0
 2.996562e-02  2.403737e-01  0
 3.492838e-01  2.399681e-01  0
-1.239829e-01 -5.281693e-02  0
 3.126379e-01 -1.952793e-01  0
 3.878215e-01  2.124627e-02  0
-2.832802e-01 -2.394013e-01  0
-3.717784e-01 -1.690877e-01  0
-1.413683e-01 -3.540659e-01  0
-4.277465e-01 -5.121505e-02  0
 3.342219e-01  9.579360e-02  0
 3.258956e-02  1.142350e-01  0
-3.095951e-01  2.408669e-01  0
-2.292698e-01  9.911722e-02  0
-2.708296e-01  1.766762e-01  0
-2.373867e-01 -2.308930e-01  0
-2.064964e-01 -2.594943e-02  0
-1.681208e-01 -3.779406e-02  0
-1.059889e-01 -9.021559e-02  0
-1.566842e-01 -2.167418e-01  0
-3.313352e-01 -5.820151e-02  3.181378e-01