 705  90  1.200000e-05  39 -2 -2
 9  4  0  0  0  3  2.134688e-01  1.000000e-07
 9  8  0  0  0  3  4.137879e-02  1.000000e-07
 9  1  0  0  0  3  3.275940e-01  1.000000e-07
 9  73  0  0  0  3  1.882216e-01  1.000000e-07
 9  6  0  0  0  3  1.691549e-01  1.000000e-07
 9  5  0 -1  0  3  5.142705e-01  1.000000e-07
 4  35  0 -1  0  3  4.513246e-01  1.000000e-07
 4  24  0 -1  0  3  4.264621e-01  1.000000e-07
 4  25  0  0  0  3  2.699077e-01  1.000000e-07
 4  6  0  0  0  3  4.923668e-02  1.000000e-07
 4  7  0 -1  0  3  3.332818e-01  1.000000e-07
 4  5  0 -1  0  3  4.597685e-01  1.000000e-07
 4  29  0  0  1  3  3.193918e-01  1.000000e-07
 4  30  0 -1  1  3  5.418863e-01  1.000000e-07
 23  3  0  0  0  3  3.516878e-01  1.000000e-07
 23  72  0  0  0  3  2.292256e-01  1.000000e-07
 23  24  0  0  0  3  2.417414e-01  1.000000e-07
 23  2  0  0  0  3  1.362627e-01  1.000000e-07
 23  73  0  0  0  3  2.400137e-01  1.000000e-07
 23  6  0  0  0  3  3.702520e-01  1.000000e-07
 23  27  0  0  1  3  4.611367e-01  1.000000e-07
 23  18  0  0  1  3  4.168704e-01  1.000000e-07
 23  29  0  0  1  3  3.912708e-01  1.000000e-07
 35  14  1  1  0  3  5.588825e-01  1.000000e-07
 35  6  0  1  0  3  4.773926e-01  1.000000e-07
 35  10  0  1  0  3  4.449741e-01  1.000000e-07
 35  26  0  0  0  3  2.726526e-01  1.000000e-07
 35  5  0  0  0  3  3.899870e-01  1.000000e-07
 8  3  0  0  0  3  3.041066e-01  1.000000e-07
 8  36  1  0  0  3  4.591010e-01  1.000000e-07
 8  2  0  0  0  3  3.988306e-01  1.000000e-07
 8  6  0  0  0  3  1.887237e-01  1.000000e-07
 8  10  0  0  0  3  3.892578e-01  1.000000e-07
 8  5  0  0  0  3  5.060834e-01  1.000000e-07
 1  36  0  0  0  3  2.176572e-01  1.000000e-07
 1  25  0  0  0  3  2.071709e-01  1.000000e-07
 1  73  0  0  0  3  2.188498e-01  1.000000e-07
 1  10 -1  0  0  3  3.754013e-01  1.000000e-07
 14  72  0  0  0  3  4.390774e-01  1.000000e-07
 14  25  0  0  0  3  3.801924e-01  1.000000e-07
 14  26 -1 -1  0  3  5.357231e-01  1.000000e-07
 14  32  0 -1  1  3  2.732657e-01  1.000000e-07
 14  27 -1 -1  1  3  5.371576e-01  1.000000e-07
 14  21  0  0  1  3  2.792116e-01  1.000000e-07
 14  30  0 -1  1  3  3.621459e-01  1.000000e-07
 14  31  0  0  1  3  4.742484e-01  1.000000e-07
 3  72  1  0  0  3  4.966871e-01  1.000000e-07
 3  6  0  0  0  3  3.490189e-01  1.000000e-07
 3  10  0  0  0  3  3.546447e-01  1.000000e-07
 36  72  0  0  0  3  3.481347e-01  1.000000e-07
 36  10 -1  0  0  3  2.054731e-01  1.000000e-07
 36  26 -1  0  0  3  4.241003e-01  1.000000e-07
 36  18 -1  0  1  3  4.092177e-01  1.000000e-07
 72  73  0  0  0  3  1.514245e-01  1.000000e-07
 72  26 -1  0  0  3  4.991464e-01  1.000000e-07
 72  5  0  0  0  3  3.355036e-01  1.000000e-07
 72  31  0  0  1  3  4.400475e-01  1.000000e-07
 24  25  0  1  0  3  5.359737e-01  1.000000e-07
 24  2  0  0  0  3  1.274657e-01  1.000000e-07
 24  7  0  0  0  3  1.511895e-01  1.000000e-07
 24  26  0  0  0  3  3.854460e-01  1.000000e-07
 24  27  0  0  1  3  4.464857e-01  1.000000e-07
 24  13  0  0  1  3  4.729357e-01  1.000000e-07
 25  73  0  0  0  3  1.342838e-01  1.000000e-07
 25  5  0 -1  0  3  5.081467e-01  1.000000e-07
 25  21  0  0  1  3  5.240111e-01  1.000000e-07
 25  31  0  0  1  3  3.300944e-01  1.000000e-07
 2  73  0  0  0  3  2.940093e-01  1.000000e-07
 2  7  0  0  0  3  2.380094e-01  1.000000e-07
 2  26 -1  0  0  3  6.026965e-01  1.000000e-07
 2  32  0  0  1  3  5.196449e-01  1.000000e-07
 2  28  0  0  1  3  3.354144e-01  1.000000e-07
 2  83  0  0  1  3  5.071963e-01  1.000000e-07
 73  5  0  0  0  3  4.022160e-01  1.000000e-07
 6  5  0 -1  0  3  4.778540e-01  1.000000e-07
 6  31  0  0  1  3  3.665694e-01  1.000000e-07
 7  10  0  1  0  3  4.406589e-01  1.000000e-07
 7  26  0  0  0  3  3.530942e-01  1.000000e-07
 7  5  0  0  0  3  2.230911e-01  1.000000e-07
 7  27  0  0  1  3  4.583110e-01  1.000000e-07
 10  27  0 -1  1  3  5.548359e-01  1.000000e-07
 26  5  1  0  0  3  6.119766e-01  1.000000e-07
 26  28  1  0  1  3  5.343995e-01  1.000000e-07
 15  32  0 -1  0  3  2.942969e-01  1.000000e-07
 15  21  0  0  0  3  3.231702e-01  1.000000e-07
 15  22 -1  0  0  3  4.821370e-01  1.000000e-07
 15  20 -1  0  0  3  5.102469e-01  1.000000e-07
 15  16  0  0  0  3  1.842520e-01  1.000000e-07
 15  33  0  0  0  3  2.725921e-01  1.000000e-07
 19  15  1  0  0  3  3.985171e-01  1.000000e-07
 19  18  0  0  0  3  8.916983e-02  1.000000e-07
 19  28  0  0  0  3  5.284231e-01  1.000000e-07
 19  21  1  0  0  3  2.372982e-01  1.000000e-07
 19  29  0  0  0  3  1.224426e-01  1.000000e-07
 19  17  0  0  0  3  1.845863e-01  1.000000e-07
 19  20  0  0  0  3  2.980702e-01  1.000000e-07
 19  74  0  0  0  3  4.107269e-01  1.000000e-07
 19  31  0  0  0  3  2.817739e-01  1.000000e-07
 32  24  0  0 -1  3  4.623062e-01  1.000000e-07
 32  27 -1  0  0  3  4.209152e-01  1.000000e-07
 32  21  0  1  0  3  3.832645e-01  1.000000e-07
 32  29 -1  1  0  3  5.568743e-01  1.000000e-07
 32  16  0  1  0  3  2.076169e-01  1.000000e-07
 32  34  0  0  0  3  2.600413e-01  1.000000e-07
 27  18  0  0  0  3  3.352486e-01  1.000000e-07
 27  28  0  0  0  3  5.237274e-01  1.000000e-07
 27  13  0  0  0  3  3.950846e-01  1.000000e-07
 18  28  0  0  0  3  5.402119e-01  1.000000e-07
 18  21  1  0  0  3  2.014081e-01  1.000000e-07
 18  29  0  0  0  3  1.570678e-01  1.000000e-07
 18  17  0  0  0  3  2.007577e-01  1.000000e-07
 18  31  0  0  0  3  3.209552e-01  1.000000e-07
 28  11  0  0  0  3  4.143345e-01  1.000000e-07
 28  16  0  0  0  3  4.939770e-01  1.000000e-07
 28  74  0  0  0  3  2.999770e-01  1.000000e-07
 28  30  0  0  0  3  3.786923e-01  1.000000e-07
 28  83  0  0  0  3  2.582421e-01  1.000000e-07
 21  36  0  0 -1  3  3.767208e-01  1.000000e-07
 21  17 -1  0  0  3  2.616766e-01  1.000000e-07
 21  16  0  0  0  3  2.720110e-01  1.000000e-07
 21  83  0  0  0  3  4.426874e-01  1.000000e-07
 22  13  0 -1  0  3  3.031913e-01  1.000000e-07
 22  30  0 -1  0  3  3.790416e-01  1.000000e-07
 22  31  0  0  0  3  3.198398e-01  1.000000e-07
 22  34  1 -1  0  3  5.104675e-01  1.000000e-07
 22  12  0 -1  0  3  1.853418e-01  1.000000e-07
 22  33  0  0  0  3  2.663486e-01  1.000000e-07
 29  20  0  0  0  3  3.126112e-01  1.000000e-07
 29  13  0 -1  0  3  5.017562e-01  1.000000e-07
 29  31  0  0  0  3  1.883969e-01  1.000000e-07
 29  34  1 -1  0  3  5.288068e-01  1.000000e-07
 17  20  0  0  0  3  3.325000e-01  1.000000e-07
 17  74  0  0  0  3  4.186187e-01  1.000000e-07
 17  74  1  0  0  3  5.962953e-01  1.000000e-07
 17  83  1  0  0  3  4.127812e-01  1.000000e-07
 17  33  1  0  0  3  5.567397e-01  1.000000e-07
 11  13  0  0  0  3  1.109166e-01  1.000000e-07
 11  30  0  0  0  3  2.803067e-01  1.000000e-07
 11  83  0  0  0  3  4.368497e-01  1.000000e-07
 11  34  0  0  0  3  4.325820e-01  1.000000e-07
 11  12  0  0  0  3  5.480594e-02  1.000000e-07
 11  33  0  1  0  3  3.059252e-01  1.000000e-07
 20  74  0  0  0  3  2.010892e-01  1.000000e-07
 20  31  0  0  0  3  2.907058e-01  1.000000e-07
 16  74  0  0  0  3  3.948663e-01  1.000000e-07
 16  30  0 -1  0  3  2.065980e-01  1.000000e-07
 16  31  0  0  0  3  3.766305e-01  1.000000e-07
 16  34  0 -1  0  3  2.417116e-01  1.000000e-07
 16  33  0  0  0  3  2.212828e-01  1.000000e-07
 74  83  0  0  0  3  4.713266e-01  1.000000e-07
 13  30  0  0  0  3  3.239720e-01  1.000000e-07
 13  31  0  1  0  3  4.876776e-01  1.000000e-07
 13  34  1  0  0  3  5.256124e-01  1.000000e-07
 30  25  0  1 -1  3  5.091622e-01  1.000000e-07
 30  12  0  0  0  3  3.012052e-01  1.000000e-07
 31  12  0 -1  0  3  4.209890e-01  1.000000e-07
 83  34  0  0  0  3  2.891237e-01  1.000000e-07
 34  12 -1  0  0  3  5.437279e-01  1.000000e-07
 12  33  0  1  0  3  2.881718e-01  1.000000e-07
 8  67  0  0  0  3  1.314467e-01  1.000000e-07
 71  22  0  0  0  3  1.810802e-01  1.000000e-07
 7  70  0  0  0  3  2.386369e-01  1.000000e-07
 89  13  0  0  0  3  2.052752e-01  1.000000e-07
 1  85  0  0  0  3  1.985213e-01  1.000000e-07
 75  15  0  0  0  3  2.081051e-01  1.000000e-07
 3  69  0  0  0  3  2.484989e-01  1.000000e-07
 58  74  0  0  0  3  2.554056e-01  1.000000e-07
 3  82  0  0  0  3  2.097512e-01  1.000000e-07
 78  83  1  0  0  3  4.176288e-01  1.000000e-07
 35  81  0  0  0  3  1.745367e-01  1.000000e-07
 42  83  1  0  0  3  3.988881e-01  1.000000e-07
 35  80  0  0  0  3  2.137187e-01  1.000000e-07
 81  34  1  0  0  3  2.642424e-01  1.000000e-07
 36  79  0  0  0  3  2.428307e-01  1.000000e-07
 85  15  0  0  0  3  1.931176e-01  1.000000e-07
 36  88 -1  0  0  3  3.359213e-01  1.000000e-07
 86  20  0  0  0  3  2.378300e-01  1.000000e-07
 73  66  0  0  0  3  2.198793e-01  1.000000e-07
 59  33  0  0  0  3  1.476335e-01  1.000000e-07
 10  88  0  0  0  3  3.420827e-01  1.000000e-07
 86  22  0  0  0  3  1.853681e-01  1.000000e-07
 8  71  0  0  0  3  1.286372e-01  1.000000e-07
 55  74  0  0  0  3  1.945267e-01  1.000000e-07
 1  66  0  0  0  3  1.805030e-01  1.000000e-07
 64  33  0  0  0  3  1.243691e-01  1.000000e-07
 9  67  0  0  0  3  1.932386e-01  1.000000e-07
 87  12  0 -1  0  3  2.248331e-01  1.000000e-07
 6  87  0  0  0  3  2.789931e-01  1.000000e-07
 67  12  0 -1  0  3  1.766745e-01  1.000000e-07
 10  86  0  0  0  3  3.500537e-01  1.000000e-07
 88  20  0  0  0  3  1.920587e-01  1.000000e-07
 3  78  0  0  0  3  1.625230e-01  1.000000e-07
 82  17  0  0  0  3  2.503562e-01  1.000000e-07
 73  38  0  0  0  3  1.699625e-01  1.000000e-07
 59  74  0  0  0  3  1.675745e-01  1.000000e-07
 1  64  0  0  0  3  2.113700e-01  1.000000e-07
 59  74  0  0  0  3  2.138581e-01  1.000000e-07
 3  69  0  0  0  3  2.291848e-01  1.000000e-07
 84  20  0  0  0  3  2.172681e-01  1.000000e-07
 1  85  0  0  0  3  2.278205e-01  1.000000e-07
 75  34  0 -1  0  3  2.415744e-01  1.000000e-07
 5  60  0  0  0  3  1.486821e-01  1.000000e-07
 63  11  0  0  0  3  1.781267e-01  1.000000e-07
 7  68  0  0  0  3  2.521615e-01  1.000000e-07
 65  11  0  0  0  3  1.656936e-01  1.000000e-07
 35  89  0  0  0  3  2.218428e-01  1.000000e-07
 70  12  0  0  0  3  2.308210e-01  1.000000e-07
 72  38  0  0  0  3  2.544319e-01  1.000000e-07
 39  74  0  0  0  3  1.762324e-01  1.000000e-07
 9  71  0  0  0  3  1.469830e-01  1.000000e-07
 67  74  0  0  0  3  1.939045e-01  1.000000e-07
 9  66  0  0  0  3  1.859659e-01  1.000000e-07
 59  33  0  0  0  3  1.670705e-01  1.000000e-07
 76  68 -1  0  0  2  5.045558e-01  2.000000e-07
 76  77  0  0  0  2  1.581547e-01  2.000000e-07
 76  85  0  1  0  2  1.492867e-01  2.000000e-07
 76  61  0  1  0  2  4.155068e-01  2.000000e-07
 76  52  0  0  0  2  4.025552e-01  2.000000e-07
 76  63  0  0  0  2  2.471084e-01  2.000000e-07
 76  47 -1  1  0  2  3.596972e-01  2.000000e-07
 76  87  0  1  0  2  3.130712e-01  2.000000e-07
 76  64  0  1  0  2  4.009700e-01  2.000000e-07
 76  48 -1  0  0  2  5.052114e-01  2.000000e-07
 76  88 -1  1  0  2  4.413777e-01  2.000000e-07
 76  43 -1  1  0  2  3.108618e-01  2.000000e-07
 76  80 -1  0  0  2  2.998891e-01  2.000000e-07
 76  66  0  1  0  2  3.527871e-01  2.000000e-07
 76  57  0  0  0  2  3.097781e-01  2.000000e-07
 76  41  0  0  0  2  3.779174e-01  2.000000e-07
 68  77  1  0  0  2  3.874257e-01  2.000000e-07
 68  69  0  0  0  2  4.544849e-01  2.000000e-07
 68  52  0  0  0  2  3.470011e-01  2.000000e-07
 68  63  0  0  0  2  3.567703e-01  2.000000e-07
 68  47  0  1  0  2  2.695216e-01  2.000000e-07
 68  87  0  1  0  2  2.729659e-01  2.000000e-07
 68  70  0  0  0  2  1.421961e-01  2.000000e-07
 68  48  0  0  0  2  2.440770e-01  2.000000e-07
 68  60  0  0  0  2  3.216028e-01  2.000000e-07
 68  37  0  0  0  2  3.441573e-01  2.000000e-07
 68  65  0  0  0  2  2.180627e-02  2.000000e-07
 68  42  0  0  0  2  3.560220e-01  2.000000e-07
 68  88  0  1  0  2  2.732643e-01  2.000000e-07
 68  43  0  1  0  2  3.528745e-01  2.000000e-07
 68  56  0  0  0  2  2.417969e-01  2.000000e-07
 68  66  0  1  0  2  3.948940e-01  2.000000e-07
 77  85  0  1  0  2  2.855492e-01  2.000000e-07
 77  61  0  1  0  2  5.322731e-01  2.000000e-07
 77  51  0  0  0  2  3.341659e-01  2.000000e-07
 77  79  0  1  0  2  4.527301e-01  2.000000e-07
 77  63  0  0  0  2  3.039395e-01  2.000000e-07
 77  87  0  1  0  2  4.684085e-01  2.000000e-07
 77  0  0  1  0  2  4.577402e-01  2.000000e-07
 77  64  0  1  0  2  5.504653e-01  2.000000e-07
 77  48 -1  0  0  2  3.491774e-01  2.000000e-07
 77  60  0  0  0  2  3.326806e-01  2.000000e-07
 77  65 -1  0  0  2  3.672400e-01  2.000000e-07
 77  42 -1  0  0  2  2.144019e-01  2.000000e-07
 77  88 -1  1  0  2  4.106589e-01  2.000000e-07
 77  81 -1  0  0  2  1.722909e-01  2.000000e-07
 77  57  0  0  0  2  2.182210e-01  2.000000e-07
 85  46  0 -1  0  2  6.116470e-01  2.000000e-07
 85  61  0  0  0  2  2.674118e-01  2.000000e-07
 85  51  0 -1  0  2  4.554842e-01  2.000000e-07
 85  52  0 -1  0  2  5.117318e-01  2.000000e-07
 85  79  0  0  0  2  2.424527e-01  2.000000e-07
 85  62  0 -1  0  2  5.010245e-01  2.000000e-07
 85  47 -1  0  0  2  3.384072e-01  2.000000e-07
 85  87  0  0  0  2  2.629074e-01  2.000000e-07
 85  0  0  0  0  2  2.423433e-01  2.000000e-07
 85  40  0 -1  0  2  5.015429e-01  2.000000e-07
 85  64  0  0  0  2  2.671240e-01  2.000000e-07
 85  54  0  0  0  2  4.444318e-01  2.000000e-07
 85  60  0 -1  0  2  3.635415e-01  2.000000e-07
 85  88 -1  0  0  2  4.095110e-01  2.000000e-07
 85  43 -1  0  0  2  2.614242e-01  2.000000e-07
 85  80 -1 -1  0  2  4.082263e-01  2.000000e-07
 85  75  0  0  0  2  2.116639e-01  2.000000e-07
 85  81 -1 -1  0  2  4.431205e-01  2.000000e-07
 85  66  0  0  0  2  2.444685e-01  2.000000e-07
 85  41  0 -1  0  2  5.271838e-01  2.000000e-07
 50  78 -1  0  0  2  3.239215e-01  2.000000e-07
 50  61  0  0  0  2  1.561168e-01  2.000000e-07
 50  51  0  0  0  2  1.991363e-01  2.000000e-07
 50  79  0  0  0  2  2.531929e-01  2.000000e-07
 50  38  0  0  0  2  2.572555e-01  2.000000e-07
 50  62  0  0  0  2  2.698951e-01  2.000000e-07
 50  40  0  0  0  2  1.751341e-01  2.000000e-07
 50  53  0  0  0  2  3.403818e-01  2.000000e-07
 50  54  0  0  0  2  3.270079e-02  2.000000e-07
 50  42 -1  0  0  2  3.021027e-01  2.000000e-07
 50  75  0  0  0  2  2.365689e-01  2.000000e-07
 50  41  0  0  0  2  7.654195e-02  2.000000e-07
 78  46  0  0  0  2  2.368423e-01  2.000000e-07
 78  61  1  0  0  2  3.845956e-01  2.000000e-07
 78  69  0  0  0  2  2.469227e-01  2.000000e-07
 78  79  1  0  0  2  3.456328e-01  2.000000e-07
 78  84  0  0  0  2  1.485405e-01  2.000000e-07
 78  86  0  0  0  2  4.210519e-01  2.000000e-07
 78  45  0  0  0  2  1.416945e-01  2.000000e-07
 78  40  1  0  0  2  1.729744e-01  2.000000e-07
 78  42  0  0  0  2  9.926328e-02  2.000000e-07
 78  88  0  0  0  2  4.347427e-01  2.000000e-07
 78  81  0  0  0  2  1.736479e-01  2.000000e-07
 78  82  0  0  0  2  2.595081e-02  2.000000e-07
 78  56  0  0  0  2  2.534995e-01  2.000000e-07
 46  52  0  0  0  2  2.414333e-01  2.000000e-07
 46  84  0  0  0  2  2.187503e-01  2.000000e-07
 46  62  0  0  0  2  2.626525e-01  2.000000e-07
 46  47  0  1  0  2  4.290707e-01  2.000000e-07
 46  45  0  0  0  2  1.896265e-01  2.000000e-07
 46  49  0  0  0  2  1.343077e-01  2.000000e-07
 46  70  0  0  0  2  5.235012e-02  2.000000e-07
 46  48  0  0  0  2  7.644099e-02  2.000000e-07
 46  67  0  1  0  2  4.986627e-01  2.000000e-07
 46  53  0  0  0  2  2.232001e-01  2.000000e-07
 46  44  0  0  0  2  1.885049e-01  2.000000e-07
 46  89  0  0  0  2  9.585877e-02  2.000000e-07
 46  81  0  0  0  2  2.286165e-01  2.000000e-07
 46  56  0  0  0  2  6.160824e-02  2.000000e-07
 46  66  0  1  0  2  5.584214e-01  2.000000e-07
 61  51  0  0  0  2  3.314311e-01  2.000000e-07
 61  69 -1  0  0  2  5.318666e-01  2.000000e-07
 61  79  0  0  0  2  1.371315e-01  2.000000e-07
 61  63  0  0  0  2  4.374077e-01  2.000000e-07
 61  38  0  0  0  2  2.299933e-01  2.000000e-07
 61  0  0  0  0  2  3.653550e-01  2.000000e-07
 61  59  0  0  0  2  2.535073e-01  2.000000e-07
 61  64  0  0  0  2  1.903132e-01  2.000000e-07
 61  39  0  0  0  2  3.502371e-01  2.000000e-07
 61  42 -1  0  0  2  4.006538e-01  2.000000e-07
 61  88 -1  0  0  2  4.430370e-01  2.000000e-07
 61  43 -1  0  0  2  3.276040e-01  2.000000e-07
 61  75  0  0  0  2  1.056278e-01  2.000000e-07
 61  57  0  0  0  2  2.851028e-01  2.000000e-07
 51  63  0  0  0  2  1.097242e-01  2.000000e-07
 51  38  0  0  0  2  2.829366e-01  2.000000e-07
 51  62  0  0  0  2  9.604954e-02  2.000000e-07
 51  40  0  0  0  2  2.883294e-01  2.000000e-07
 51  59  0  0  0  2  3.817515e-01  2.000000e-07
 51  39  0  0  0  2  1.785250e-01  2.000000e-07
 51  60  0  0  0  2  1.313085e-01  2.000000e-07
 51  42 -1  0  0  2  4.003336e-01  2.000000e-07
 51  81 -1  0  0  2  4.375833e-01  2.000000e-07
 51  57  0  0  0  2  2.053214e-01  2.000000e-07
 51  41  0  0  0  2  2.144251e-01  2.000000e-07
 69  52  0  0  0  2  2.862917e-01  2.000000e-07
 69  58  0  0  0  2  3.276218e-02  2.000000e-07
 69  47  0  0  0  2  3.988879e-01  2.000000e-07
 69  45  0  0  0  2  1.122752e-01  2.000000e-07
 69  87  0  0  0  2  4.300838e-01  2.000000e-07
 69  59  0  0  0  2  2.892743e-01  2.000000e-07
 69  70  0  0  0  2  3.131478e-01  2.000000e-07
 69  64  0  0  0  2  3.386623e-01  2.000000e-07
 69  48  0  0  0  2  2.359884e-01  2.000000e-07
 69  39  0  0  0  2  2.099136e-01  2.000000e-07
 69  37  0  0  0  2  2.400870e-01  2.000000e-07
 69  42  0  0  0  2  3.394884e-01  2.000000e-07
 69  88  0  0  0  2  3.251993e-01  2.000000e-07
 69  43  0  0  0  2  4.174200e-01  2.000000e-07
 69  55  0  0  0  2  7.309634e-02  2.000000e-07
 69  56  0  0  0  2  2.167094e-01  2.000000e-07
 69  57  1  0  0  2  4.965403e-01  2.000000e-07
 52  63  0  0  0  2  1.556045e-01  2.000000e-07
 52  62  0  0  0  2  2.214811e-02  2.000000e-07
 52  87  0  1  0  2  4.334982e-01  2.000000e-07
 52  64  0  0  0  2  3.603397e-01  2.000000e-07
 52  48  0  0  0  2  2.982663e-01  2.000000e-07
 52  53  0  0  0  2  1.243554e-01  2.000000e-07
 52  54  0  0  0  2  3.044403e-01  2.000000e-07
 52  37  0  0  0  2  4.682727e-02  2.000000e-07
 52  55  0  0  0  2  2.349013e-01  2.000000e-07
 52  66  0  0  0  2  4.414447e-01  2.000000e-07
 52  66  0  1  0  2  5.616014e-01  2.000000e-07
 52  57  0  0  0  2  3.222811e-01  2.000000e-07
 52  41  0  0  0  2  3.226627e-01  2.000000e-07
 79  84 -1  0  0  2  3.829815e-01  2.000000e-07
 79  86 -1  0  0  2  3.666304e-01  2.000000e-07
 79  47 -1  0  0  2  2.791639e-01  2.000000e-07
 79  40  0  0  0  2  3.171537e-01  2.000000e-07
 79  48 -1  0  0  2  4.989832e-01  2.000000e-07
 79  54  0  0  0  2  2.597509e-01  2.000000e-07
 79  88 -1  0  0  2  3.059123e-01  2.000000e-07
 79  43 -1  0  0  2  1.970060e-01  2.000000e-07
 79  80 -1 -1  0  2  5.246190e-01  2.000000e-07
 79  75  0  0  0  2  2.025469e-01  2.000000e-07
 79  81 -1 -1  0  2  5.625697e-01  2.000000e-07
 79  82 -1  0  0  2  3.328107e-01  2.000000e-07
 79  41  0  0  0  2  2.810493e-01  2.000000e-07
 63  87  0  1  0  2  3.339307e-01  2.000000e-07
 63  0  0  1  0  2  3.399207e-01  2.000000e-07
 63  39  0  0  0  2  2.478597e-01  2.000000e-07
 63  60  0  0  0  2  3.519338e-02  2.000000e-07
 63  37  0  0  0  2  2.009278e-01  2.000000e-07
 63  42 -1  0  0  2  4.279532e-01  2.000000e-07
 63  57  0  0  0  2  2.551416e-01  2.000000e-07
 84  86  0  0  0  2  3.148841e-01  2.000000e-07
 84  58  0  0  0  2  9.113749e-02  2.000000e-07
 84  47  0  0  0  2  4.160094e-01  2.000000e-07
 84  45  0  0  0  2  2.936105e-02  2.000000e-07
 84  49  0  0  0  2  2.182986e-01  2.000000e-07
 84  48  0  0  0  2  1.691677e-01  2.000000e-07
 84  71  0  0  0  2  2.854193e-01  2.000000e-07
 84  44  0  0  0  2  9.384134e-02  2.000000e-07
 84  43  0  0  0  2  4.133753e-01  2.000000e-07
 84  55  0  0  0  2  1.643615e-01  2.000000e-07
 84  82  0  0  0  2  1.717701e-01  2.000000e-07
 38  62  0  0  0  2  2.610929e-01  2.000000e-07
 38  58  0  0  0  2  2.648478e-01  2.000000e-07
 38  59  0  0  0  2  9.960900e-02  2.000000e-07
 38  67  0  0  0  2  2.476863e-01  2.000000e-07
 38  53  0  0  0  2  2.023729e-01  2.000000e-07
 38  71  0  0  0  2  2.182591e-01  2.000000e-07
 38  54  0  0  0  2  2.896591e-01  2.000000e-07
 38  39  0  0  0  2  1.787548e-01  2.000000e-07
 38  55  0  0  0  2  1.908130e-01  2.000000e-07
 38  75  0  0  0  2  1.761357e-01  2.000000e-07
 38  66  0  0  0  2  1.790792e-01  2.000000e-07
 86  58  0  0  0  2  2.976089e-01  2.000000e-07
 86  47  0  0  0  2  1.704441e-01  2.000000e-07
 86  45  0  0  0  2  3.429627e-01  2.000000e-07
 86  0  0  0  0  2  2.931778e-01  2.000000e-07
 86  59  0  0  0  2  2.957105e-01  2.000000e-07
 86  67  0  0  0  2  1.250766e-01  2.000000e-07
 86  71  0  0  0  2  1.335050e-01  2.000000e-07
 86  89  0 -1  0  2  3.862806e-01  2.000000e-07
 86  65  0 -1  0  2  2.812918e-01  2.000000e-07
 86  88  0  0  0  2  8.862811e-02  2.000000e-07
 86  80  0 -1  0  2  4.544884e-01  2.000000e-07
 86  81  0 -1  0  2  4.818559e-01  2.000000e-07
 62  58  0  0  0  2  2.797051e-01  2.000000e-07
 62  0  0  1  0  2  4.460315e-01  2.000000e-07
 62  70  0  0  0  2  2.842240e-01  2.000000e-07
 62  53  0  0  0  2  1.398574e-01  2.000000e-07
 62  54  0  0  0  2  2.840081e-01  2.000000e-07
 62  44  0  0  0  2  2.566568e-01  2.000000e-07
 62  39  0  0  0  2  1.060344e-01  2.000000e-07
 62  89  0  0  0  2  3.213745e-01  2.000000e-07
 62  60  0  0  0  2  1.393751e-01  2.000000e-07
 62  56  0  0  0  2  2.125561e-01  2.000000e-07
 62  66  0  1  0  2  5.604127e-01  2.000000e-07
 62  41  0  0  0  2  3.012749e-01  2.000000e-07
 58  45  0  0  0  2  9.645556e-02  2.000000e-07
 58  59  0  0  0  2  3.051899e-01  2.000000e-07
 58  67  0  0  0  2  2.909950e-01  2.000000e-07
 58  53  0  0  0  2  1.427839e-01  2.000000e-07
 58  71  0  0  0  2  2.311631e-01  2.000000e-07
 58  44  0  0  0  2  4.111742e-02  2.000000e-07
 58  39  0  0  0  2  1.920268e-01  2.000000e-07
 58  88  0  0  0  2  3.571634e-01  2.000000e-07
 58  56  0  0  0  2  1.839939e-01  2.000000e-07
 47  87  0  0  0  2  4.003788e-01  2.000000e-07
 47  49  0 -1  0  2  3.932555e-01  2.000000e-07
 47  48  0 -1  0  2  4.438333e-01  2.000000e-07
 47  67  0  0  0  2  2.879574e-01  2.000000e-07
 47  71  0  0  0  2  3.039482e-01  2.000000e-07
 47  89  0 -1  0  2  3.351612e-01  2.000000e-07
 47  88  0  0  0  2  8.261190e-02  2.000000e-07
 47  43  0  0  0  2  8.903986e-02  2.000000e-07
 47  80  0 -1  0  2  3.224139e-01  2.000000e-07
 47  55  0  0  0  2  4.404722e-01  2.000000e-07
 47  66  0  0  0  2  4.575617e-01  2.000000e-07
 45  49  0  0  0  2  1.931467e-01  2.000000e-07
 45  44  0  0  0  2  8.608736e-02  2.000000e-07
 45  88  0  0  0  2  3.835766e-01  2.000000e-07
 45  82  0  0  0  2  1.666467e-01  2.000000e-07
 45  56  0  0  0  2  1.695229e-01  2.000000e-07
 87  0  0  0  0  2  2.392772e-02  2.000000e-07
 87  59  0  0  0  2  2.092821e-01  2.000000e-07
 87  64  0  0  0  2  2.344492e-01  2.000000e-07
 87  60  0 -1  0  2  3.117253e-01  2.000000e-07
 87  65  0 -1  0  2  2.876484e-01  2.000000e-07
 87  88  0  0  0  2  3.424059e-01  2.000000e-07
 87  55  0  0  0  2  4.020198e-01  2.000000e-07
 87  66  0  0  0  2  1.354481e-01  2.000000e-07
 0  59  0  0  0  2  1.949730e-01  2.000000e-07
 0  64  0  0  0  2  2.153620e-01  2.000000e-07
 0  67  0  0  0  2  1.885834e-01  2.000000e-07
 0  89  0 -1  0  2  3.875024e-01  2.000000e-07
 0  60  0 -1  0  2  3.196850e-01  2.000000e-07
 0  65  0 -1  0  2  3.115462e-01  2.000000e-07
 0  88  0  0  0  2  3.597391e-01  2.000000e-07
 0  66  0  0  0  2  1.174379e-01  2.000000e-07
 40  42 -1  0  0  2  1.277599e-01  2.000000e-07
 40  80 -1  0  0  2  2.214047e-01  2.000000e-07
 40  81 -1  0  0  2  2.015978e-01  2.000000e-07
 40  82 -1  0  0  2  1.472786e-01  2.000000e-07
 40  41  0  0  0  2  1.005201e-01  2.000000e-07
 49  48  0  0  0  2  7.867165e-02  2.000000e-07
 49  44  0  0  0  2  2.447636e-01  2.000000e-07
 49  89  0  0  0  2  1.447229e-01  2.000000e-07
 49  80  0  0  0  2  1.271112e-01  2.000000e-07
 49  81  0  0  0  2  9.879867e-02  2.000000e-07
 49  82  0  0  0  2  1.585444e-01  2.000000e-07
 49  57  1  0  0  2  3.230692e-01  2.000000e-07
 49  41  1  0  0  2  3.557585e-01  2.000000e-07
 59  64  0  0  0  2  6.416230e-02  2.000000e-07
 59  67  0  0  0  2  1.759993e-01  2.000000e-07
 59  88  0  0  0  2  3.836597e-01  2.000000e-07
 59  75  0  0  0  2  1.628378e-01  2.000000e-07
 59  66  0  0  0  2  8.292880e-02  2.000000e-07
 70  89  0  0  0  2  4.546220e-02  2.000000e-07
 70  60  0  0  0  2  3.027606e-01  2.000000e-07
 70  37  0  0  0  2  2.449306e-01  2.000000e-07
 70  65  0  0  0  2  1.465364e-01  2.000000e-07
 70  42  0  0  0  2  2.687316e-01  2.000000e-07
 70  81  0  0  0  2  2.226827e-01  2.000000e-07
 70  56  0  0  0  2  1.073676e-01  2.000000e-07
 64  54  0  0  0  2  3.113890e-01  2.000000e-07
 64  39  0  0  0  2  2.803621e-01  2.000000e-07
 64  37  0  0  0  2  3.475062e-01  2.000000e-07
 64  43 -1  0  0  2  4.536823e-01  2.000000e-07
 64  55  0  0  0  2  2.777632e-01  2.000000e-07
 64  66  0  0  0  2  9.929034e-02  2.000000e-07
 64  57  0  0  0  2  4.166951e-01  2.000000e-07
 48  53  0  0  0  2  2.499836e-01  2.000000e-07
 48  54  1  0  0  2  4.446404e-01  2.000000e-07
 48  44  0  0  0  2  1.731309e-01  2.000000e-07
 48  42  0  0  0  2  1.859572e-01  2.000000e-07
 48  43  0  0  0  2  5.692865e-01  2.000000e-07
 48  80  0  0  0  2  2.054964e-01  2.000000e-07
 48  55  0  0  0  2  2.685457e-01  2.000000e-07
 48  82  0  0  0  2  1.818815e-01  2.000000e-07
 48  66  0  1  0  2  6.254505e-01  2.000000e-07
 48  57  1  0  0  2  3.836461e-01  2.000000e-07
 48  41  1  0  0  2  4.065146e-01  2.000000e-07
 67  71  0  0  0  2  6.000314e-02  2.000000e-07
 67  89  0 -1  0  2  4.137301e-01  2.000000e-07
 67  65  0 -1  0  2  3.106983e-01  2.000000e-07
 67  66  0  0  0  2  1.765379e-01  2.000000e-07
 53  71  0  0  0  2  2.934133e-01  2.000000e-07
 53  54  0  0  0  2  3.644136e-01  2.000000e-07
 53  44  0  0  0  2  1.276706e-01  2.000000e-07
 53  55  0  0  0  2  1.110357e-01  2.000000e-07
 53  41  0  0  0  2  3.939401e-01  2.000000e-07
 71  44  0  0  0  2  2.704180e-01  2.000000e-07
 71  55  0  0  0  2  1.927602e-01  2.000000e-07
 71  66  0  0  0  2  1.966809e-01  2.000000e-07
 54  55  0  0  0  2  4.313909e-01  2.000000e-07
 54  75  0  0  0  2  2.645040e-01  2.000000e-07
 54  82 -1  0  0  2  2.693742e-01  2.000000e-07
 54  66  0  0  0  2  4.085190e-01  2.000000e-07
 54  57  0  0  0  2  1.098177e-01  2.000000e-07
 54  41  0  0  0  2  4.410295e-02  2.000000e-07
 44  55  0  0  0  2  9.657949e-02  2.000000e-07
 44  56  0  0  0  2  1.429437e-01  2.000000e-07
 39  60  0  0  0  2  2.446965e-01  2.000000e-07
 39  37  0  0  0  2  6.877870e-02  2.000000e-07
 39  56  0  0  0  2  2.000370e-01  2.000000e-07
 39  57  0  0  0  2  3.601585e-01  2.000000e-07
 89  60  0  0  0  2  3.246031e-01  2.000000e-07
 89  65  0  0  0  2  1.058271e-01  2.000000e-07
 89  80  0  0  0  2  2.148688e-01  2.000000e-07
 89  81  0  0  0  2  2.092694e-01  2.000000e-07
 89  66  0  1  0  2  4.927505e-01  2.000000e-07
 60  37  0  0  0  2  1.904623e-01  2.000000e-07
 60  65  0  0  0  2  3.428637e-01  2.000000e-07
 60  81 -1  0  0  2  4.756485e-01  2.000000e-07
 60  56  0  0  0  2  2.783123e-01  2.000000e-07
 37  65  0  0  0  2  3.595709e-01  2.000000e-07
 37  56  0  0  0  2  1.580359e-01  2.000000e-07
 37  57  0  0  0  2  3.618414e-01  2.000000e-07
 65  42  0  0  0  2  3.439115e-01  2.000000e-07
 65  88  0  1  0  2  2.607286e-01  2.000000e-07
 65  81  0  0  0  2  2.650857e-01  2.000000e-07
 42  81  0  0  0  2  9.253112e-02  2.000000e-07
 42  57  1  0  0  2  1.980541e-01  2.000000e-07
 88  43  0  0  0  2  1.485948e-01  2.000000e-07
 88  81  0 -1  0  2  4.182887e-01  2.000000e-07
 43  77  1 -1  0  2  3.220607e-01  2.000000e-07
 43  54  1  0  0  2  4.520481e-01  2.000000e-07
 43  80  0 -1  0  2  3.524188e-01  2.000000e-07
 43  55  0  0  0  2  4.700800e-01  2.000000e-07
 43  57  1  0  0  2  5.280553e-01  2.000000e-07
 80  81  0  0  0  2  3.797888e-02  2.000000e-07
 80  82  0  0  0  2  2.069584e-01  2.000000e-07
 80  57  1  0  0  2  2.605442e-01  2.000000e-07
 80  41  1  0  0  2  3.138461e-01  2.000000e-07
 55  66  0  0  0  2  3.104347e-01  2.000000e-07
 75  66  0  0  0  2  1.655177e-01  2.000000e-07
 81  82  0  0  0  2  1.704007e-01  2.000000e-07
 82  41  1  0  0  2  2.355304e-01  2.000000e-07
 57  41  0  0  0  2  7.062691e-02  2.000000e-07
 76  77  0  0  0  1  1.581547e-01  3.000000e-07
 76  85  0  1  0  1  1.492867e-01  3.000000e-07
 76  0  0  1  0  1  3.009866e-01  3.000000e-07
 76  60  0  0  0  1  2.621351e-01  3.000000e-07
 76  43 -1  1  0  1  3.108618e-01  3.000000e-07
 68  86  0  1  0  1  2.876486e-01  3.000000e-07
 68  70  0  0  0  1  1.421961e-01  3.000000e-07
 68  67  0  1  0  1  3.080806e-01  3.000000e-07
 68  89  0  0  0  1  1.056535e-01  3.000000e-07
 68  60  0  0  0  1  3.216028e-01  3.000000e-07
 77  63  0  0  0  1  3.039395e-01  3.000000e-07
 77  47 -1  1  0  1  3.307796e-01  3.000000e-07
 77  40  0  0  0  1  2.308863e-01  3.000000e-07
 77  43 -1  1  0  1  3.220607e-01  3.000000e-07
 77  80 -1  0  0  1  1.458313e-01  3.000000e-07
 77  57  0  0  0  1  2.182210e-01  3.000000e-07
 85  79  0  0  0  1  2.424527e-01  3.000000e-07
 85  0  0  0  0  1  2.423433e-01  3.000000e-07
 85  66  0  0  0  1  2.444685e-01  3.000000e-07
 50  61  0  0  0  1  1.561168e-01  3.000000e-07
 50  51  0  0  0  1  1.991363e-01  3.000000e-07
 50  38  0  0  0  1  2.572555e-01  3.000000e-07
 50  39  0  0  0  1  2.881318e-01  3.000000e-07
 78  84  0  0  0  1  1.485405e-01  3.000000e-07
 78  45  0  0  0  1  1.416945e-01  3.000000e-07
 78  49  0  0  0  1  1.465205e-01  3.000000e-07
 78  48  0  0  0  1  1.606275e-01  3.000000e-07
 78  42  0  0  0  1  9.926328e-02  3.000000e-07
 46  70  0  0  0  1  5.235012e-02  3.000000e-07
 46  48  0  0  0  1  7.644099e-02  3.000000e-07
 46  56  0  0  0  1  6.160824e-02  3.000000e-07
 61  79  0  0  0  1  1.371315e-01  3.000000e-07
 61  38  0  0  0  1  2.299933e-01  3.000000e-07
 61  54  0  0  0  1  1.773880e-01  3.000000e-07
 61  75  0  0  0  1  1.056278e-01  3.000000e-07
 51  63  0  0  0  1  1.097242e-01  3.000000e-07
 51  62  0  0  0  1  9.604954e-02  3.000000e-07
 51  57  0  0  0  1  2.053214e-01  3.000000e-07
 69  84  0  0  0  1  9.841170e-02  3.000000e-07
 69  86  0  0  0  1  2.648483e-01  3.000000e-07
 69  71  0  0  0  1  2.019392e-01  3.000000e-07
 52  39  0  0  0  1  9.739748e-02  3.000000e-07
 52  60  0  0  0  1  1.483380e-01  3.000000e-07
 52  56  0  0  0  1  1.906051e-01  3.000000e-07
 79  54  0  0  0  1  2.597509e-01  3.000000e-07
 79  43 -1  0  0  1  1.970060e-01  3.000000e-07
 79  75  0  0  0  1  2.025469e-01  3.000000e-07
 79  82 -1  0  0  1  3.328107e-01  3.000000e-07
 79  41  0  0  0  1  2.810493e-01  3.000000e-07
 63  57  0  0  0  1  2.551416e-01  3.000000e-07
 84  86  0  0  0  1  3.148841e-01  3.000000e-07
 84  58  0  0  0  1  9.113749e-02  3.000000e-07
 84  44  0  0  0  1  9.384134e-02  3.000000e-07
 84  82  0  0  0  1  1.717701e-01  3.000000e-07
 38  59  0  0  0  1  9.960900e-02  3.000000e-07
 38  64  0  0  0  1  1.022178e-01  3.000000e-07
 38  71  0  0  0  1  2.182591e-01  3.000000e-07
 38  55  0  0  0  1  1.908130e-01  3.000000e-07
 38  75  0  0  0  1  1.761357e-01  3.000000e-07
 86  67  0  0  0  1  1.250766e-01  3.000000e-07
 86  65  0 -1  0  1  2.812918e-01  3.000000e-07
 86  88  0  0  0  1  8.862811e-02  3.000000e-07
 62  39  0  0  0  1  1.060344e-01  3.000000e-07
 62  60  0  0  0  1  1.393751e-01  3.000000e-07
 58  55  0  0  0  1  7.405511e-02  3.000000e-07
 47  65  0 -1  0  1  2.520931e-01  3.000000e-07
 47  88  0  0  0  1  8.261190e-02  3.000000e-07
 47  43  0  0  0  1  8.903986e-02  3.000000e-07
 47  80  0 -1  0  1  3.224139e-01  3.000000e-07
 45  48  0  0  0  1  1.404129e-01  3.000000e-07
 45  44  0  0  0  1  8.608736e-02  3.000000e-07
 45  56  0  0  0  1  1.695229e-01  3.000000e-07
 87  68  0 -1  0  1  2.729659e-01  3.000000e-07
 87  67  0  0  0  1  1.815361e-01  3.000000e-07
 87  66  0  0  0  1  1.354481e-01  3.000000e-07
 0  60  0 -1  0  1  3.196850e-01  3.000000e-07
 0  66  0  0  0  1  1.174379e-01  3.000000e-07
 40  42 -1  0  0  1  1.277599e-01  3.000000e-07
 40  82 -1  0  0  1  1.472786e-01  3.000000e-07
 40  57  0  0  0  1  8.430157e-02  3.000000e-07
 40  41  0  0  0  1  1.005201e-01  3.000000e-07
 49  70  0  0  0  1  1.411890e-01  3.000000e-07
 49  48  0  0  0  1  7.867165e-02  3.000000e-07
 49  89  0  0  0  1  1.447229e-01  3.000000e-07
 49  42  0  0  0  1  1.275687e-01  3.000000e-07
 49  80  0  0  0  1  1.271112e-01  3.000000e-07
 59  64  0  0  0  1  6.416230e-02  3.000000e-07
 59  67  0  0  0  1  1.759993e-01  3.000000e-07
 59  71  0  0  0  1  1.689916e-01  3.000000e-07
 59  66  0  0  0  1  8.292880e-02  3.000000e-07
 70  48  0  0  0  1  1.105614e-01  3.000000e-07
 70  60  0  0  0  1  3.027606e-01  3.000000e-07
 70  56  0  0  0  1  1.073676e-01  3.000000e-07
 64  75  0  0  0  1  9.939699e-02  3.000000e-07
 64  66  0  0  0  1  9.929034e-02  3.000000e-07
 48  56  0  0  0  1  1.078726e-01  3.000000e-07
 67  71  0  0  0  1  6.000314e-02  3.000000e-07
 67  66  0  0  0  1  1.765379e-01  3.000000e-07
 53  44  0  0  0  1  1.276706e-01  3.000000e-07
 53  39  0  0  0  1  5.280724e-02  3.000000e-07
 53  37  0  0  0  1  8.058675e-02  3.000000e-07
 53  55  0  0  0  1  1.110357e-01  3.000000e-07
 53  56  0  0  0  1  1.615982e-01  3.000000e-07
 71  55  0  0  0  1  1.927602e-01  3.000000e-07
 54  57  0  0  0  1  1.098177e-01  3.000000e-07
 44  55  0  0  0  1  9.657949e-02  3.000000e-07
 44  56  0  0  0  1  1.429437e-01  3.000000e-07
 39  37  0  0  0  1  6.877870e-02  3.000000e-07
 39  55  0  0  0  1  1.474937e-01  3.000000e-07
 89  65  0  0  0  1  1.058271e-01  3.000000e-07
 89  80  0  0  0  1  2.148688e-01  3.000000e-07
 60  87  0  1  0  1  3.117253e-01  3.000000e-07
 37  56  0  0  0  1  1.580359e-01  3.000000e-07
 65  88  0  1  0  1  2.607286e-01  3.000000e-07
 65  80  0  0  0  1  2.554915e-01  3.000000e-07
 42  80  0  0  0  1  1.255819e-01  3.000000e-07
 42  81  0  0  0  1  9.253112e-02  3.000000e-07
 42  82  0  0  0  1  8.673752e-02  3.000000e-07
 88  79  1  0  0  1  3.059123e-01  3.000000e-07
 88  43  0  0  0  1  1.485948e-01  3.000000e-07
 43  85  1  0  0  1  2.614242e-01  3.000000e-07
 75  66  0  0  0  1  1.655177e-01  3.000000e-07
 57  41  0  0  0  1  7.062691e-02  3.000000e-07
-5.485179e-02 -4.350444e-01  0
-2.139378e-01 -2.810032e-01  1.637983e-01
 2.048272e-02  1.012152e-01  3.075537e-01
 3.792400e-01 -5.745141e-02  1.612448e-01
 2.088557e-01 -3.869698e-01  2.647901e-01
-3.841685e-02  2.495152e-01  1.302531e-01
 2.047033e-01 -3.515800e-01  2.308112e-01
 1.538857e-01  2.854491e-01  2.374825e-01
 1.318603e-01 -2.266142e-01  1.095921e-01
 1.106318e-01 -2.583088e-01  1.256235e-01
 4.443335e-01 -3.857213e-01  2.786100e-01
 4.996886e-02  3.799893e-01 -1.560481e-01
 7.865195e-02  4.256320e-01 -1.461630e-01
 1.141775e-01  3.034829e-01 -2.042821e-01
-3.470899e-01 -4.033294e-01  3.938003e-01
-3.813350e-01 -4.383572e-01 -1.717058e-01
-2.491674e-01 -3.971939e-01 -2.933039e-01
 4.107098e-01 -9.844467e-02 -2.483873e-01
 3.823544e-01 -1.772621e-01 -4.308357e-01
 3.439795e-01 -2.244411e-01 -3.656224e-01
 1.391810e-01 -2.648870e-01 -1.528607e-01
-4.225474e-01 -2.217499e-01 -4.079721e-01
 1.385806e-01 -3.990483e-01 -1.509734e-01
 7.547517e-02 -2.049308e-02  3.345806e-01
 5.694527e-02  2.205353e-01  3.336439e-01
-2.711139e-02 -2.567755e-01  2.499880e-01
 4.231545e-01  1.127645e-01  3.869811e-01
 4.170061e-01  1.555674e-01 -4.104559e-01
-9.795144e-02  6.486705e-02 -3.807493e-01
 2.630759e-01 -2.790831e-01 -4.395213e-01
-1.373024e-01  4.406684e-01 -3.555960e-01
 7.495529e-02 -2.693908e-01 -4.363473e-01
-2.634826e-01  4.295544e-01 -4.068102e-01
-1.236182e-01 -3.718324e-01 -1.128593e-01
-3.784419e-01  4.372634e-01 -1.736870e-01
 3.485630e-01  2.022721e-01  1.404777e-01
-4.218185e-01 -2.429901e-01  2.159070e-01
-3.856714e-03  9.358919e-02  0
-7.748988e-02 -1.417633e-01  0
-1.502990e-02  2.572411e-02  0
-4.458365e-01  8.420701e-02  0
-3.558997e-01  3.931107e-02  0
 4.388654e-01  1.392428e-01  0
 4.467327e-01 -3.841877e-01  0
 1.636202e-01  3.129821e-03  0
 2.493590e-01  1.086932e-02  0
 1.874865e-01  1.901178e-01  0
 3.648616e-01 -4.191908e-01  0
 2.532948e-01  1.512270e-01  0
 3.217941e-01  1.899191e-01  0
-3.004813e-01 -1.348550e-02  0
-1.609429e-01  1.285859e-01  0
-4.322020e-02  1.189527e-01  0
 3.776501e-02  2.458298e-02  0
-3.262095e-01  6.698776e-03  0
 9.861272e-02 -6.829583e-02  0
 1.456059e-01  1.449338e-01  0
-3.653567e-01  1.093020e-01  0
 1.661468e-01 -3.790990e-02  0
-6.235527e-02 -2.402158e-01  0
-1.119451e-01  2.504101e-01  0
-3.058031e-01 -1.695116e-01  0
-6.536811e-02  1.190481e-01  0
-1.445135e-01  2.370731e-01  0
-1.259579e-01 -2.317596e-01  0
 2.018906e-01  3.884778e-01  0
-8.199317e-02 -3.207859e-01  0
 9.454276e-02 -3.199577e-01  0
 1.805083e-01  3.841985e-01  0
 1.716842e-01 -7.020072e-02  0
 1.907087e-01  2.423687e-01  0
 1.053610e-01 -2.609379e-01  0
-1.302495e-01 -5.420508e-02  2.392641e-01
-3.799904e-02 -1.509171e-01  1.680881e-01
 8.730698e-04 -1.194833e-01 -1.657264e-01
-2.251743e-01 -2.377481e-01  0
-3.158833e-01  4.151039e-01  0
-4.383013e-01  3.149704e-01  0
 3.833492e-01  5.695586e-02  0
-4.276512e-01 -2.324249e-01  0
 4.250420e-01  2.640617e-01  0
 4.129315e-01  2.280654e-01  0
 4.092892e-01  5.770360e-02  0
-3.111597e-01  1.977849e-01 -3.210494e-01
 2.550676e-01 -1.793142e-02  0
-2.971889e-01 -4.367845e-01  0
 2.191520e-01 -3.307605e-01  0
-3.450549e-02 -4.476366e-01  0
 2.988657e-01 -3.694991e-01  0
 2.110134e-01  2.830446e-01  0