 719  90  1.200000e-05  70 -2 -2
 1  77  0  0  0  3  2.231936e-01  1.000000e-07
 1  78  0  1  0  3  4.924516e-01  1.000000e-07
 1  79  0  0  0  3  2.995361e-01  1.000000e-07
 1  80  0  1  0  3  3.917501e-01  1.000000e-07
 1  81  0  0  0  3  1.518037e-01  1.000000e-07
 9  7  0  0  0  3  2.756178e-01  1.000000e-07
 9  78  0  0  0  3  4.047183e-01  1.000000e-07
 9  5  0  0  0  3  4.176118e-01  1.000000e-07
 9  8  0  0  0  3  3.793189e-01  1.000000e-07
 9  79  0  0  0  3  3.978568e-01  1.000000e-07
 9  31  0  0  0  3  2.855596e-01  1.000000e-07
 9  6  0  0  0  3  1.612018e-01  1.000000e-07
 9  81  0  0  0  3  2.475185e-01  1.000000e-07
 18  35  0  0  0  3  2.451815e-01  1.000000e-07
 18  30 -1  0  0  3  4.766845e-01  1.000000e-07
 18  77  0  0  0  3  2.205774e-01  1.000000e-07
 18  79  0  0  0  3  2.646352e-01  1.000000e-07
 18  31 -1  0  0  3  4.037674e-01  1.000000e-07
 18  81  0  0  0  3  2.304046e-01  1.000000e-07
 18  23  0  0  1  3  3.990078e-01  1.000000e-07
 18  24  0  0  1  3  4.604507e-01  1.000000e-07
 18  20 -1  0  1  3  4.843732e-01  1.000000e-07
 35  77  0  0  0  3  2.884527e-01  1.000000e-07
 35  5  0  0  0  3  2.852427e-01  1.000000e-07
 35  80  0  0  0  3  3.967794e-01  1.000000e-07
 35  17 -1 -1  0  3  4.630830e-01  1.000000e-07
 35  34 -1  0  0  3  2.915157e-01  1.000000e-07
 29  7  0  0  0  3  2.483310e-01  1.000000e-07
 29  78  0  0  0  3  3.845148e-01  1.000000e-07
 29  79  0  0  0  3  4.006278e-01  1.000000e-07
 29  31  0  0  0  3  2.531168e-01  1.000000e-07
 29  6  0  0  0  3  2.071323e-01  1.000000e-07
 29  81  0  0  0  3  2.820343e-01  1.000000e-07
 29  12  0  0  1  3  3.876226e-01  1.000000e-07
 29  26  0  0  1  3  2.750781e-01  1.000000e-07
 29  13  0  0  1  3  4.127828e-01  1.000000e-07
 30  7  0  0  0  3  3.261057e-01  1.000000e-07
 30  8  0 -1  0  3  3.283180e-01  1.000000e-07
 30  80  0  0  0  3  5.130496e-01  1.000000e-07
 30  17  0 -1  0  3  2.896126e-01  1.000000e-07
 30  32  0  0  1  3  4.351789e-01  1.000000e-07
 30  16  0 -1  1  3  3.510392e-01  1.000000e-07
 30  33  0  0  1  3  3.278543e-01  1.000000e-07
 7  78  0  0  0  3  2.549290e-01  1.000000e-07
 7  8  0 -1  0  3  5.021107e-01  1.000000e-07
 7  34  0  0  0  3  3.683615e-01  1.000000e-07
 7  32  0  0  1  3  5.128953e-01  1.000000e-07
 7  33  0  0  1  3  4.911837e-01  1.000000e-07
 77  5  0  0  0  3  4.233435e-01  1.000000e-07
 77  79  0  0  0  3  2.426188e-01  1.000000e-07
 77  17 -1  0  0  3  4.477935e-01  1.000000e-07
 77  34 -1  0  0  3  2.672315e-01  1.000000e-07
 77  81  0  0  0  3  1.210004e-01  1.000000e-07
 78  5  0  0  0  3  9.486136e-02  1.000000e-07
 78  8  0 -1  0  3  5.128263e-01  1.000000e-07
 78  80  0  0  0  3  2.252583e-01  1.000000e-07
 78  17  0 -1  0  3  5.560783e-01  1.000000e-07
 78  32  0  0  1  3  5.227101e-01  1.000000e-07
 5  80  0  0  0  3  2.443147e-01  1.000000e-07
 5  81  0  0  0  3  3.948261e-01  1.000000e-07
 8  80  0  1  0  3  4.985877e-01  1.000000e-07
 8  6  0  0  0  3  3.409650e-01  1.000000e-07
 8  34  0  0  0  3  3.618941e-01  1.000000e-07
 15  79  1  0  0  3  2.635065e-01  1.000000e-07
 15  80  1  1  0  3  4.828384e-01  1.000000e-07
 15  17  0  0  0  3  2.103642e-01  1.000000e-07
 15  31  0  0  0  3  2.477556e-01  1.000000e-07
 15  34  0  0  0  3  3.356777e-01  1.000000e-07
 15  21  0  0  1  3  4.025403e-01  1.000000e-07
 15  16  0  0  1  3  1.758942e-01  1.000000e-07
 15  25  0  0  1  3  2.974878e-01  1.000000e-07
 79  81  0  0  0  3  2.265101e-01  1.000000e-07
 79  16 -1  0  1  3  3.640164e-01  1.000000e-07
 79  82  0  0  1  3  5.060288e-01  1.000000e-07
 80  77  0 -1  0  3  4.906468e-01  1.000000e-07
 80  25  0 -1  1  3  5.157849e-01  1.000000e-07
 17  23  1  1  1  3  5.163702e-01  1.000000e-07
 17  16  0  0  1  3  2.923660e-01  1.000000e-07
 17  25  0  0  1  3  3.374190e-01  1.000000e-07
 31  6  0  0  0  3  2.315467e-01  1.000000e-07
 31  22  0  0  1  3  3.363069e-01  1.000000e-07
 31  26  0  0  1  3  3.710016e-01  1.000000e-07
 31  16  0  0  1  3  3.577156e-01  1.000000e-07
 31  25  0  0  1  3  3.638725e-01  1.000000e-07
 6  34  0  0  0  3  2.263078e-01  1.000000e-07
 81  26  0  0  1  3  4.278359e-01  1.000000e-07
 22  15  0  0 -1  3  3.729737e-01  1.000000e-07
 22  21  0  0  0  3  1.236116e-01  1.000000e-07
 22  26  0  0  0  3  3.462047e-01  1.000000e-07
 22  82  1  0  0  3  4.992365e-01  1.000000e-07
 22  28  0  0  0  3  2.185463e-01  1.000000e-07
 22  19  0  0  0  3  2.694015e-01  1.000000e-07
 22  64  0  0  0  3  3.191624e-01  1.000000e-07
 11  63  0  0  0  3  2.785458e-01  1.000000e-07
 11  32  0  0  0  3  2.182547e-01  1.000000e-07
 11  12  0  0  0  3  2.489395e-01  1.000000e-07
 11  14  0  0  0  3  1.920574e-01  1.000000e-07
 11  27  0  0  0  3  9.112012e-02  1.000000e-07
 11  82  0 -1  0  3  5.658552e-01  1.000000e-07
 11  82  0  0  0  3  4.615886e-01  1.000000e-07
 23  35  0  0 -1  3  5.328881e-01  1.000000e-07
 23  12  0  0  0  3  2.756347e-01  1.000000e-07
 23  16 -1 -1  0  3  4.274932e-01  1.000000e-07
 23  27  0  0  0  3  9.008111e-02  1.000000e-07
 23  82  0  0  0  3  4.731547e-01  1.000000e-07
 23  20 -1  0  0  3  1.690805e-01  1.000000e-07
 63  12  0  0  0  3  2.421773e-01  1.000000e-07
 63  14  0  0  0  3  2.412953e-01  1.000000e-07
 63  26  0  0  0  3  2.855132e-01  1.000000e-07
 63  10  0  0  0  3  4.220475e-01  1.000000e-07
 63  82  0  0  0  3  4.507022e-01  1.000000e-07
 63  28  0  0  0  3  2.906902e-01  1.000000e-07
 63  19  0  0  0  3  1.761123e-01  1.000000e-07
 24  12  0  0  0  3  3.411128e-01  1.000000e-07
 24  14  0  1  0  3  4.298629e-01  1.000000e-07
 24  26  0  0  0  3  2.359978e-01  1.000000e-07
 24  16 -1  0  0  3  4.994823e-01  1.000000e-07
 24  13  0  0  0  3  1.886752e-01  1.000000e-07
 24  82  0  0  0  3  2.587483e-01  1.000000e-07
 24  25  0  0  0  3  4.186968e-01  1.000000e-07
 24  28  0  0  0  3  2.250891e-01  1.000000e-07
 32  14  0  0  0  3  2.326048e-01  1.000000e-07
 32  26  0  0  0  3  2.557736e-01  1.000000e-07
 32  13  0 -1  0  3  4.478558e-01  1.000000e-07
 32  25  0 -1  0  3  4.624865e-01  1.000000e-07
 32  33  0  0  0  3  1.792923e-01  1.000000e-07
 12  26  0  0  0  3  1.885226e-01  1.000000e-07
 12  27  0  0  0  3  2.516087e-01  1.000000e-07
 12  82  0  0  0  3  4.168346e-01  1.000000e-07
 12  28  0  0  0  3  3.425530e-01  1.000000e-07
 21  26  0  0  0  3  2.966779e-01  1.000000e-07
 21  82  1  0  0  3  5.330248e-01  1.000000e-07
 21  33  0  0  0  3  2.835659e-01  1.000000e-07
 21  20  0  0  0  3  3.292174e-01  1.000000e-07
 21  28  0  0  0  3  2.317472e-01  1.000000e-07
 21  19  0  0  0  3  1.834308e-01  1.000000e-07
 14  10  0 -1  0  3  3.907882e-01  1.000000e-07
 14  25  0 -1  0  3  4.441974e-01  1.000000e-07
 14  64 -1 -1  0  3  5.512833e-01  1.000000e-07
 26  33  0  0  0  3  2.838798e-01  1.000000e-07
 26  19  0  0  0  3  2.618969e-01  1.000000e-07
 16  27  1  1  0  3  4.505003e-01  1.000000e-07
 16  25  0  0  0  3  2.043386e-01  1.000000e-07
 27  13  0 -1  0  3  4.604141e-01  1.000000e-07
 27  82  0  0  0  3  4.658012e-01  1.000000e-07
 27  20 -1  0  0  3  2.239989e-01  1.000000e-07
 13  11  0  1  0  3  4.407571e-01  1.000000e-07
 13  10  0  0  0  3  3.428973e-01  1.000000e-07
 13  82  0  0  0  3  4.123477e-01  1.000000e-07
 13  25  0  0  0  3  3.373308e-01  1.000000e-07
 13  28  0  0  0  3  3.640496e-01  1.000000e-07
 10  82  0  0  0  3  1.865860e-01  1.000000e-07
 10  25  0  0  0  3  4.729601e-01  1.000000e-07
 10  28  0  0  0  3  2.135290e-01  1.000000e-07
 10  64  0  0  0  3  5.154330e-01  1.000000e-07
 25  30  0  1 -1  3  3.007497e-01  1.000000e-07
 25  33  0  1  0  3  4.016903e-01  1.000000e-07
 25  20  0  1  0  3  4.730526e-01  1.000000e-07
 33  20  0  0  0  3  3.529895e-01  1.000000e-07
 33  19  0  0  0  3  1.282957e-01  1.000000e-07
 33  64  0 -1  0  3  5.330262e-01  1.000000e-07
 20  19  0  0  0  3  3.345475e-01  1.000000e-07
 20  64  0 -1  0  3  4.413720e-01  1.000000e-07
 28  19  0  0  0  3  2.162087e-01  1.000000e-07
 28  64  0  0  0  3  4.627576e-01  1.000000e-07
 64  23  1  1  0  3  4.872426e-01  1.000000e-07
 64  27  1  1  0  3  4.783739e-01  1.000000e-07
 1  3  0  0  0  3  3.232897e-01  1.000000e-07
 88  64 -1  0  0  3  2.366492e-01  1.000000e-07
 9  70  0  0  0  3  2.739166e-01  1.000000e-07
 40  63  0  0  0  3  2.543341e-01  1.000000e-07
 34  55  0  0  0  3  2.063341e-01  1.000000e-07
 61  19  0  0  0  3  3.161042e-01  1.000000e-07
 6  54  0  0  0  3  1.774578e-01  1.000000e-07
 55  22  0  0  0  3  2.875190e-01  1.000000e-07
 6  61  0  0  0  3  1.886932e-01  1.000000e-07
 54  19  0  0  0  3  2.751050e-01  1.000000e-07
 6  54  0  0  0  3  1.814582e-01  1.000000e-07
 68  28  0  0  0  3  2.470996e-01  1.000000e-07
 8  56  0  0  0  3  3.501776e-01  1.000000e-07
 44  64  0  0  0  3  1.108462e-01  1.000000e-07
 34  69  0  0  0  3  2.427004e-01  1.000000e-07
 56  64  0  0  0  3  1.567168e-01  1.000000e-07
 7  62  0  0  0  3  2.615275e-01  1.000000e-07
 57  20  0  0  0  3  3.125237e-01  1.000000e-07
 35  57 -1  0  0  3  3.224301e-01  1.000000e-07
 49  64  0 -1  0  3  2.424147e-01  1.000000e-07
 5  71  0  0  0  3  3.327200e-01  1.000000e-07
 66  64 -1 -1  0  3  2.841513e-01  1.000000e-07
 6  74  0  0  0  3  2.841820e-01  1.000000e-07
 56  64  0  0  0  3  1.746323e-01  1.000000e-07
 34  55  0  0  0  3  1.731938e-01  1.000000e-07
 74  21  0  0  0  3  3.434371e-01  1.000000e-07
 81  83  0  0  0  3  2.202008e-01  1.000000e-07
 0  82  0  0  0  3  1.180269e-01  1.000000e-07
 5  67  0  0  0  3  2.655290e-01  1.000000e-07
 72  10  0  0  0  3  2.751750e-01  1.000000e-07
 5  59  0  0  0  3  1.291020e-01  1.000000e-07
 66  11  0  0  0  3  2.403682e-01  1.000000e-07
 17  65  0  0  0  3  3.030433e-01  1.000000e-07
 69  64  0  0  0  3  1.083126e-01  1.000000e-07
 8  60  0  1  0  3  4.426706e-01  1.000000e-07
 58  14  0  0  0  3  2.246534e-01  1.000000e-07
 1  84  0  0  0  3  2.269669e-01  1.000000e-07
 76  14  0  1  0  3  2.663639e-01  1.000000e-07
 35  53  0  0  0  3  1.514755e-01  1.000000e-07
 73  27  0  0  0  3  3.050641e-01  1.000000e-07
 1  4  0  0  0  3  1.469140e-01  1.000000e-07
 75  10  0  0  0  3  1.304977e-01  1.000000e-07
 1  4  0  0  0  3  1.688378e-01  1.000000e-07
 75  82  0  0  0  3  1.347062e-01  1.000000e-07
 83  53  0  0  0  2  2.732380e-01  2.000000e-07
 83  84  0  0  0  2  3.277425e-01  2.000000e-07
 83  47  0  0  0  2  4.390912e-01  2.000000e-07
 83  65 -1  0  0  2  4.218319e-01  2.000000e-07
 83  37  0  0  0  2  1.463028e-01  2.000000e-07
 83  54  0  0  0  2  4.011321e-01  2.000000e-07
 83  38  0  0  0  2  1.577482e-01  2.000000e-07
 83  50  0  0  0  2  4.121643e-01  2.000000e-07
 83  86  0  0  0  2  1.634402e-01  2.000000e-07
 83  68  0  0  0  2  3.786556e-01  2.000000e-07
 83  2  0  0  0  2  2.668126e-01  2.000000e-07
 83  69 -1  0  0  2  3.733060e-01  2.000000e-07
 83  70  0  0  0  2  2.921075e-01  2.000000e-07
 83  59  0  0  0  2  3.722796e-01  2.000000e-07
 83  4  0  0  0  2  1.272454e-01  2.000000e-07
 83  72  0  0  0  2  9.485494e-02  2.000000e-07
 83  88  0  0  0  2  1.936199e-01  2.000000e-07
 83  51  0  0  0  2  4.312016e-01  2.000000e-07
 83  75  0  0  0  2  1.117608e-01  2.000000e-07
 83  76  0  0  0  2  3.301882e-01  2.000000e-07
 53  65 -1 -1  0  2  4.957997e-01  2.000000e-07
 53  37  0  0  0  2  1.275262e-01  2.000000e-07
 53  54 -1  0  0  2  5.222790e-01  2.000000e-07
 53  38  0  0  0  2  1.290131e-01  2.000000e-07
 53  66  0  0  0  2  2.859023e-01  2.000000e-07
 53  85  0  0  0  2  3.961579e-01  2.000000e-07
 53  55 -1  0  0  2  3.472229e-01  2.000000e-07
 53  45 -1 -1  0  2  5.256514e-01  2.000000e-07
 53  69 -1 -1  0  2  5.676775e-01  2.000000e-07
 53  69 -1  0  0  2  4.831278e-01  2.000000e-07
 53  56 -1 -1  0  2  5.837684e-01  2.000000e-07
 53  57 -1  0  0  2  2.582573e-01  2.000000e-07
 53  58 -1  0  0  2  5.406050e-01  2.000000e-07
 53  49 -1  0  0  2  4.437850e-01  2.000000e-07
 53  59  0  0  0  2  2.433532e-01  2.000000e-07
 53  61 -1  0  0  2  3.992409e-01  2.000000e-07
 53  71  0  0  0  2  2.201857e-01  2.000000e-07
 53  71  0  0  0  2  2.201857e-01  2.000000e-07
 53  88  0 -1  0  2  5.860709e-01  2.000000e-07
 53  73  0  0  0  2  2.397557e-02  2.000000e-07
 53  62 -1  0  0  2  3.675240e-01  2.000000e-07
 84  47  0  0  0  2  1.977049e-01  2.000000e-07
 84  42  0  0  0  2  1.528039e-01  2.000000e-07
 84  54  0  0  0  2  2.903601e-01  2.000000e-07
 84  46  0  0  0  2  1.830289e-01  2.000000e-07
 84  85  0  1  0  2  2.502643e-01  2.000000e-07
 84  45  0  0  0  2  3.399246e-01  2.000000e-07
 84  2  0  0  0  2  2.409912e-01  2.000000e-07
 84  69 -1  0  0  2  5.220912e-01  2.000000e-07
 84  49  0  1  0  2  3.897326e-01  2.000000e-07
 84  43  0  0  0  2  4.105357e-02  2.000000e-07
 84  72  0  0  0  2  3.585566e-01  2.000000e-07
 84  88  0  0  0  2  2.393784e-01  2.000000e-07
 84  76  0  0  0  2  2.653225e-03  2.000000e-07
 84  48  0  0  0  2  2.125451e-01  2.000000e-07
 47  42  0  0  0  2  1.485760e-01  2.000000e-07
 47  54  0  0  0  2  1.556234e-01  2.000000e-07
 47  46  0  0  0  2  1.652943e-01  2.000000e-07
 47  44  0  0  0  2  2.037063e-01  2.000000e-07
 47  52  0  0  0  2  6.865063e-02  2.000000e-07
 47  50  0  0  0  2  4.483202e-01  2.000000e-07
 47  45  0  0  0  2  2.238158e-01  2.000000e-07
 47  68  0  0  0  2  1.164368e-01  2.000000e-07
 47  69  0  0  0  2  2.986621e-01  2.000000e-07
 47  56  0  0  0  2  2.099905e-01  2.000000e-07
 47  61  0  0  0  2  2.914986e-01  2.000000e-07
 47  43  0  0  0  2  1.858925e-01  2.000000e-07
 47  76  0  0  0  2  1.958766e-01  2.000000e-07
 47  48  0  0  0  2  1.986844e-01  2.000000e-07
 65  44  0  0  0  2  1.169913e-01  2.000000e-07
 65  85  1  1  0  2  4.659495e-01  2.000000e-07
 65  45  0  0  0  2  1.621278e-01  2.000000e-07
 65  86  1  0  0  2  4.802020e-01  2.000000e-07
 65  2  1  0  0  2  2.829130e-01  2.000000e-07
 65  69  0  0  0  2  7.524330e-02  2.000000e-07
 65  87  0  0  0  2  2.787256e-01  2.000000e-07
 65  57  0  1  0  2  4.010689e-01  2.000000e-07
 65  41  0  1  0  2  4.263876e-01  2.000000e-07
 65  49  0  1  0  2  3.179585e-01  2.000000e-07
 65  59  1  1  0  2  4.966122e-01  2.000000e-07
 65  89  0  0  0  2  2.719990e-01  2.000000e-07
 65  3  1  0  0  2  2.052052e-01  2.000000e-07
 65  71  1  1  0  2  3.495304e-01  2.000000e-07
 65  62  0  1  0  2  4.712636e-01  2.000000e-07
 65  74  0  0  0  2  2.102786e-01  2.000000e-07
 65  48  0  0  0  2  3.161022e-01  2.000000e-07
 37  38  0  0  0  2  5.254643e-02  2.000000e-07
 37  52 -1  0  0  2  5.266024e-01  2.000000e-07
 37  69 -1  0  0  2  4.055386e-01  2.000000e-07
 37  56 -1  0  0  2  4.802486e-01  2.000000e-07
 37  57 -1  0  0  2  3.590685e-01  2.000000e-07
 37  59  0  0  0  2  2.864268e-01  2.000000e-07
 37  61 -1  0  0  2  4.374150e-01  2.000000e-07
 37  72  0  0  0  2  1.457566e-01  2.000000e-07
 37  88  0  0  0  2  3.214339e-01  2.000000e-07
 37  51  0  0  0  2  4.328927e-01  2.000000e-07
 37  73  0  0  0  2  1.181981e-01  2.000000e-07
 42  46  0  0  0  2  3.163384e-02  2.000000e-07
 42  85  0  1  0  2  2.807957e-01  2.000000e-07
 42  52  0  0  0  2  1.887678e-01  2.000000e-07
 42  68  0  0  0  2  2.536846e-01  2.000000e-07
 42  87  0  0  0  2  6.430053e-02  2.000000e-07
 42  89  0  0  0  2  1.476508e-01  2.000000e-07
 42  60  0  1  0  2  2.608464e-01  2.000000e-07
 42  43  0  0  0  2  1.148923e-01  2.000000e-07
 54  44  0  0  0  2  3.036134e-01  2.000000e-07
 54  55  0  0  0  2  1.750957e-01  2.000000e-07
 54  50  0  0  0  2  2.966019e-01  2.000000e-07
 54  39  0  0  0  2  3.145253e-01  2.000000e-07
 54  69  0  0  0  2  3.627621e-01  2.000000e-07
 54  87  0  0  0  2  3.005604e-01  2.000000e-07
 54  70  0  0  0  2  2.160206e-01  2.000000e-07
 54  40  0  0  0  2  2.051711e-01  2.000000e-07
 54  61  0  0  0  2  1.488814e-01  2.000000e-07
 54  74  0  0  0  2  2.061641e-01  2.000000e-07
 54  75  0  0  0  2  2.928025e-01  2.000000e-07
 54  76  0  0  0  2  2.897483e-01  2.000000e-07
 54  48  0  0  0  2  3.539496e-01  2.000000e-07
 38  36  0  0  0  2  8.452198e-02  2.000000e-07
 38  66  0  0  0  2  2.988501e-01  2.000000e-07
 38  55 -1  0  0  2  4.122767e-01  2.000000e-07
 38  50  0  0  0  2  3.718030e-01  2.000000e-07
 38  86  0  0  0  2  5.287713e-02  2.000000e-07
 38  69 -1  0  0  2  4.551594e-01  2.000000e-07
 38  70  0  0  0  2  2.948450e-01  2.000000e-07
 38  71  0  0  0  2  2.915192e-01  2.000000e-07
 38  62 -1  0  0  2  4.812645e-01  2.000000e-07
 38  75  0  0  0  2  2.335034e-01  2.000000e-07
 46  85  0  1  0  2  2.872441e-01  2.000000e-07
 46  52  0  0  0  2  1.955501e-01  2.000000e-07
 46  45  0  0  0  2  1.658093e-01  2.000000e-07
 46  87  0  0  0  2  4.615597e-02  2.000000e-07
 46  56  0  0  0  2  2.409463e-01  2.000000e-07
 46  57  0  1  0  2  4.248516e-01  2.000000e-07
 46  58  0  1  0  2  2.479941e-01  2.000000e-07
 46  49  0  1  0  2  2.223881e-01  2.000000e-07
 46  89  0  0  0  2  1.551475e-01  2.000000e-07
 46  60  0  1  0  2  2.520563e-01  2.000000e-07
 46  43  0  0  0  2  1.440610e-01  2.000000e-07
 36  66  0  0  0  2  2.174924e-01  2.000000e-07
 36  67  0  0  0  2  1.714035e-01  2.000000e-07
 36  50  0  0  0  2  3.086949e-01  2.000000e-07
 36  86  0  0  0  2  1.306357e-01  2.000000e-07
 36  70  0  0  0  2  2.587244e-01  2.000000e-07
 36  59  0  0  0  2  1.554847e-01  2.000000e-07
 36  71  0  0  0  2  2.331989e-01  2.000000e-07
 36  73  0  0  0  2  1.614574e-01  2.000000e-07
 36  75  0  0  0  2  2.690292e-01  2.000000e-07
 44  45  0  0  0  2  1.053793e-01  2.000000e-07
 44  69  0  0  0  2  1.110257e-01  2.000000e-07
 44  87  0  0  0  2  1.821263e-01  2.000000e-07
 44  74  0  0  0  2  1.231080e-01  2.000000e-07
 44  48  0  0  0  2  2.323311e-01  2.000000e-07
 66  85  0  0  0  2  1.123683e-01  2.000000e-07
 66  67  0  0  0  2  2.576408e-01  2.000000e-07
 66  50  0  0  0  2  2.936767e-01  2.000000e-07
 66  2  0 -1  0  2  3.151169e-01  2.000000e-07
 66  87  0 -1  0  2  4.359399e-01  2.000000e-07
 66  41  0  0  0  2  3.192357e-01  2.000000e-07
 66  59  0  0  0  2  6.435051e-02  2.000000e-07
 66  60  0  0  0  2  1.767995e-01  2.000000e-07
 66  3  0 -1  0  2  3.184538e-01  2.000000e-07
 66  71  0  0  0  2  1.362619e-01  2.000000e-07
 66  4  0 -1  0  2  4.579696e-01  2.000000e-07
 66  88  0 -1  0  2  3.846021e-01  2.000000e-07
 66  76  0 -1  0  2  3.609060e-01  2.000000e-07
 66  48  0 -1  0  2  3.812650e-01  2.000000e-07
 85  50  0  0  0  2  3.145004e-01  2.000000e-07
 85  2  0 -1  0  2  2.567603e-01  2.000000e-07
 85  39  0  0  0  2  3.283272e-01  2.000000e-07
 85  69 -1 -1  0  2  5.002001e-01  2.000000e-07
 85  58  0  0  0  2  2.456957e-01  2.000000e-07
 85  41  0  0  0  2  2.794594e-01  2.000000e-07
 85  49  0  0  0  2  3.582391e-01  2.000000e-07
 85  59  0  0  0  2  1.709842e-01  2.000000e-07
 85  60  0  0  0  2  1.329995e-01  2.000000e-07
 85  3  0 -1  0  2  2.880464e-01  2.000000e-07
 85  71  0  0  0  2  2.140996e-01  2.000000e-07
 85  43  0 -1  0  2  2.360401e-01  2.000000e-07
 85  88  0 -1  0  2  3.165209e-01  2.000000e-07
 85  51  0  0  0  2  2.925989e-01  2.000000e-07
 85  76  0 -1  0  2  2.501196e-01  2.000000e-07
 85  48  0 -1  0  2  2.831214e-01  2.000000e-07
 0  67  0  0  0  2  2.261700e-01  2.000000e-07
 0  86  0  0  0  2  2.060910e-01  2.000000e-07
 0  68  0  0  0  2  3.146764e-01  2.000000e-07
 0  70  0  0  0  2  2.369695e-01  2.000000e-07
 0  89  0  0  0  2  4.293904e-01  2.000000e-07
 0  4  0  0  0  2  1.122971e-01  2.000000e-07
 0  72  0  0  0  2  7.575732e-02  2.000000e-07
 0  88  0  0  0  2  2.095779e-01  2.000000e-07
 0  73  0  0  0  2  3.061293e-01  2.000000e-07
 0  74 -1  0  0  2  5.095185e-01  2.000000e-07
 0  75  0  0  0  2  5.180071e-02  2.000000e-07
 67  50  0  0  0  2  1.529787e-01  2.000000e-07
 67  68  0  0  0  2  3.225891e-01  2.000000e-07
 67  57  0  0  0  2  4.512465e-01  2.000000e-07
 67  41  0  0  0  2  3.014175e-01  2.000000e-07
 67  70  0  0  0  2  9.384230e-02  2.000000e-07
 67  40  0  0  0  2  2.288932e-01  2.000000e-07
 67  60  0  0  0  2  2.654232e-01  2.000000e-07
 67  61  0  0  0  2  3.150354e-01  2.000000e-07
 67  71  0  0  0  2  3.465469e-01  2.000000e-07
 67  72  0  0  0  2  1.711739e-01  2.000000e-07
 67  73  0  0  0  2  3.314281e-01  2.000000e-07
 67  75  0  0  0  2  2.352773e-01  2.000000e-07
 55  86  1  0  0  2  3.597533e-01  2.000000e-07
 55  68  0  0  0  2  2.202243e-01  2.000000e-07
 55  39  0  0  0  2  2.989181e-01  2.000000e-07
 55  69  0  0  0  2  3.209073e-01  2.000000e-07
 55  57  0  0  0  2  2.523233e-01  2.000000e-07
 55  70  0  0  0  2  3.119157e-01  2.000000e-07
 55  40  0  0  0  2  1.950654e-01  2.000000e-07
 55  89  0  0  0  2  2.820768e-01  2.000000e-07
 55  61  0  0  0  2  8.849706e-02  2.000000e-07
 55  73  1  0  0  2  3.258005e-01  2.000000e-07
 55  62  0  0  0  2  2.214573e-01  2.000000e-07
 55  74  0  0  0  2  1.958247e-01  2.000000e-07
 52  68  0  0  0  2  1.433417e-01  2.000000e-07
 52  56  0  0  0  2  1.520244e-01  2.000000e-07
 52  57  0  1  0  2  5.447750e-01  2.000000e-07
 52  89  0  0  0  2  4.111769e-02  2.000000e-07
 52  61  0  0  0  2  2.732765e-01  2.000000e-07
 52  43  0  0  0  2  2.493631e-01  2.000000e-07
 52  88  1  0  0  2  5.144873e-01  2.000000e-07
 52  73  1  0  0  2  5.301770e-01  2.000000e-07
 52  74  0  0  0  2  1.047383e-01  2.000000e-07
 50  68  0  0  0  2  3.321532e-01  2.000000e-07
 50  39  0  0  0  2  6.255033e-02  2.000000e-07
 50  41  0  0  0  2  1.633881e-01  2.000000e-07
 50  70  0  0  0  2  1.376486e-01  2.000000e-07
 50  40  0  0  0  2  1.216394e-01  2.000000e-07
 50  49  0  0  0  2  2.645513e-01  2.000000e-07
 50  59  0  0  0  2  2.668649e-01  2.000000e-07
 50  61  0  0  0  2  2.297074e-01  2.000000e-07
 50  72  0  0  0  2  3.204197e-01  2.000000e-07
 50  51  0  0  0  2  2.785362e-02  2.000000e-07
 50  62  0  0  0  2  1.828811e-01  2.000000e-07
 45  69  0  0  0  2  1.976299e-01  2.000000e-07
 45  56  0  0  0  2  1.179008e-01  2.000000e-07
 45  49  0  1  0  2  1.949557e-01  2.000000e-07
 45  48  0  0  0  2  1.548565e-01  2.000000e-07
 86  2  0  0  0  2  4.083735e-01  2.000000e-07
 86  69 -1  0  0  2  4.140804e-01  2.000000e-07
 86  3  0  0  0  2  4.313249e-01  2.000000e-07
 86  71  0  0  0  2  3.076331e-01  2.000000e-07
 86  4  0  0  0  2  2.904539e-01  2.000000e-07
 86  73  0  0  0  2  1.012024e-01  2.000000e-07
 86  62 -1  0  0  2  4.381547e-01  2.000000e-07
 86  74 -1  0  0  2  4.283088e-01  2.000000e-07
 86  75  0  0  0  2  2.575429e-01  2.000000e-07
 68  70  0  0  0  2  2.347976e-01  2.000000e-07
 68  40  0  0  0  2  2.503443e-01  2.000000e-07
 68  89  0  0  0  2  1.547859e-01  2.000000e-07
 68  61  0  0  0  2  1.996555e-01  2.000000e-07
 68  4  0  0  0  2  3.167926e-01  2.000000e-07
 68  43  0  0  0  2  2.479040e-01  2.000000e-07
 68  72  0  0  0  2  3.450727e-01  2.000000e-07
 68  88  0  0  0  2  4.107304e-01  2.000000e-07
 68  51  0  0  0  2  3.594691e-01  2.000000e-07
 2  69 -1  0  0  2  2.854516e-01  2.000000e-07
 2  87  0  0  0  2  4.431799e-01  2.000000e-07
 2  3  0  0  0  2  8.154835e-02  2.000000e-07
 2  71  0  1  0  2  2.952923e-01  2.000000e-07
 2  4  0  0  0  2  1.748956e-01  2.000000e-07
 2  75  0  0  0  2  2.706041e-01  2.000000e-07
 2  76  0  0  0  2  2.432823e-01  2.000000e-07
 39  53  1  0  0  2  4.963925e-01  2.000000e-07
 39  58  0  0  0  2  1.228171e-01  2.000000e-07
 39  41  0  0  0  2  1.175749e-01  2.000000e-07
 39  40  0  0  0  2  1.142363e-01  2.000000e-07
 39  49  0  0  0  2  2.075588e-01  2.000000e-07
 39  61  0  0  0  2  2.179918e-01  2.000000e-07
 39  51  0  0  0  2  5.461933e-02  2.000000e-07
 39  62  0  0  0  2  1.289028e-01  2.000000e-07
 69  56  0  0  0  2  9.902206e-02  2.000000e-07
 69  49  0  1  0  2  3.763848e-01  2.000000e-07
 69  59  1  1  0  2  5.508293e-01  2.000000e-07
 69  3  1  0  0  2  2.188076e-01  2.000000e-07
 69  61  0  0  0  2  3.981722e-01  2.000000e-07
 69  88  1  0  0  2  2.887085e-01  2.000000e-07
 69  74  0  0  0  2  1.566733e-01  2.000000e-07
 87  57  0  1  0  2  4.200820e-01  2.000000e-07
 87  58  0  1  0  2  2.744575e-01  2.000000e-07
 87  41  0  1  0  2  2.735857e-01  2.000000e-07
 87  89  0  0  0  2  1.231252e-01  2.000000e-07
 87  60  0  1  0  2  2.919241e-01  2.000000e-07
 87  71  1  1  0  2  5.653790e-01  2.000000e-07
 87  4  0  0  0  2  4.129860e-01  2.000000e-07
 87  43  0  0  0  2  1.774384e-01  2.000000e-07
 87  88  0  0  0  2  4.516026e-01  2.000000e-07
 87  74  0  0  0  2  2.391389e-01  2.000000e-07
 87  75  0  0  0  2  4.247426e-01  2.000000e-07
 87  76  0  0  0  2  2.106590e-01  2.000000e-07
 87  48  0  0  0  2  6.158520e-02  2.000000e-07
 56  57  0  1  0  2  4.465039e-01  2.000000e-07
 56  58  0  1  0  2  4.207030e-01  2.000000e-07
 56  49  0  1  0  2  3.115391e-01  2.000000e-07
 56  59  1  1  0  2  6.057852e-01  2.000000e-07
 56  61  0  0  0  2  3.736644e-01  2.000000e-07
 56  88  1  0  0  2  3.872597e-01  2.000000e-07
 57  58  0  0  0  2  2.828631e-01  2.000000e-07
 57  41  0  0  0  2  2.489728e-01  2.000000e-07
 57  40  0  0  0  2  2.405957e-01  2.000000e-07
 57  49  0  0  0  2  2.045520e-01  2.000000e-07
 57  59  1  0  0  2  4.540584e-01  2.000000e-07
 57  89  0 -1  0  2  5.210829e-01  2.000000e-07
 57  61  0  0  0  2  2.408469e-01  2.000000e-07
 57  71  1  0  0  2  3.441800e-01  2.000000e-07
 57  88  1 -1  0  2  6.195769e-01  2.000000e-07
 57  73  1  0  0  2  2.519717e-01  2.000000e-07
 57  62  0  0  0  2  1.229092e-01  2.000000e-07
 58  41  0  0  0  2  3.489277e-02  2.000000e-07
 58  49  0  0  0  2  1.409342e-01  2.000000e-07
 58  60  0  0  0  2  1.145609e-01  2.000000e-07
 58  61  0  0  0  2  3.340496e-01  2.000000e-07
 58  51  0  0  0  2  1.296458e-01  2.000000e-07
 41  70  0  0  0  2  3.009991e-01  2.000000e-07
 41  40  0  0  0  2  2.245266e-01  2.000000e-07
 41  49  0  0  0  2  1.122336e-01  2.000000e-07
 41  60  0  0  0  2  1.491916e-01  2.000000e-07
 41  61  0  0  0  2  3.168975e-01  2.000000e-07
 41  62  0  0  0  2  1.733255e-01  2.000000e-07
 41  48  0 -1  0  2  2.174224e-01  2.000000e-07
 70  40  0  0  0  2  1.587355e-01  2.000000e-07
 70  89  0  0  0  2  3.894966e-01  2.000000e-07
 70  75  0  0  0  2  2.250287e-01  2.000000e-07
 40  61  0  0  0  2  1.084825e-01  2.000000e-07
 49  61  0  0  0  2  3.587082e-01  2.000000e-07
 49  71  1  0  0  2  4.489750e-01  2.000000e-07
 49  62  0  0  0  2  1.913642e-01  2.000000e-07
 49  48  0 -1  0  2  1.858119e-01  2.000000e-07
 59  60  0  0  0  2  1.991568e-01  2.000000e-07
 59  71  0  0  0  2  1.525844e-01  2.000000e-07
 59  43  0 -1  0  2  4.060836e-01  2.000000e-07
 59  72  0  0  0  2  2.904266e-01  2.000000e-07
 59  88  0 -1  0  2  4.470040e-01  2.000000e-07
 59  51  0  0  0  2  2.584264e-01  2.000000e-07
 59  73  0  0  0  2  2.657498e-01  2.000000e-07
 89  3  1  0  0  2  4.683780e-01  2.000000e-07
 89  61  0  0  0  2  3.072774e-01  2.000000e-07
 89  71  1  1  0  2  6.055353e-01  2.000000e-07
 89  4  0  0  0  2  3.944268e-01  2.000000e-07
 89  43  0  0  0  2  2.130631e-01  2.000000e-07
 89  88  0  0  0  2  4.611257e-01  2.000000e-07
 89  88  1  0  0  2  5.388757e-01  2.000000e-07
 89  74  0  0  0  2  1.408160e-01  2.000000e-07
 89  75  0  0  0  2  3.779528e-01  2.000000e-07
 89  76  0  0  0  2  2.297844e-01  2.000000e-07
 60  61  0  0  0  2  4.171594e-01  2.000000e-07
 60  71  0  0  0  2  3.111800e-01  2.000000e-07
 60  43  0 -1  0  2  2.735329e-01  2.000000e-07
 60  72  0  0  0  2  4.219343e-01  2.000000e-07
 60  88  0 -1  0  2  4.356075e-01  2.000000e-07
 60  51  0  0  0  2  1.730511e-01  2.000000e-07
 60  73  0  0  0  2  4.636393e-01  2.000000e-07
 3  71  0  1  0  2  2.633151e-01  2.000000e-07
 3  4  0  0  0  2  2.421768e-01  2.000000e-07
 3  88  0  0  0  2  1.308499e-01  2.000000e-07
 3  74 -1  0  0  2  3.718632e-01  2.000000e-07
 61  72  0  0  0  2  4.253184e-01  2.000000e-07
 61  88  1  0  0  2  5.909751e-01  2.000000e-07
 61  51  0  0  0  2  2.492462e-01  2.000000e-07
 61  73  1  0  0  2  3.803180e-01  2.000000e-07
 61  74  0  0  0  2  2.574797e-01  2.000000e-07
 71  4  0 -1  0  2  4.647525e-01  2.000000e-07
 71  72  0  0  0  2  3.867987e-01  2.000000e-07
 71  88  0 -1  0  2  3.682417e-01  2.000000e-07
 71  73  0  0  0  2  2.433088e-01  2.000000e-07
 71  62 -1  0  0  2  4.664519e-01  2.000000e-07
 4  88  0  0  0  2  1.114766e-01  2.000000e-07
 4  74 -1  0  0  2  4.898724e-01  2.000000e-07
 4  75  0  0  0  2  9.572649e-02  2.000000e-07
 4  76  0  0  0  2  2.084838e-01  2.000000e-07
 43  88  0  0  0  2  2.742924e-01  2.000000e-07
 72  88  0  0  0  2  2.783999e-01  2.000000e-07
 72  51  0  0  0  2  3.382517e-01  2.000000e-07
 72  73  0  0  0  2  2.517849e-01  2.000000e-07
 88  73  0  0  0  2  4.316381e-01  2.000000e-07
 88  74 -1  0  0  2  4.190262e-01  2.000000e-07
 73  62 -1  0  0  2  3.567966e-01  2.000000e-07
 73  74 -1  0  0  2  4.394429e-01  2.000000e-07
 74  48  0  0  0  2  2.999246e-01  2.000000e-07
 75  76  0  0  0  2  2.445840e-01  2.000000e-07
 76  48  0  0  0  2  2.099470e-01  2.000000e-07
 83  37  0  0  0  1  1.463028e-01  3.000000e-07
 83  69 -1  0  0  1  3.733060e-01  3.000000e-07
 83  4  0  0  0  1  1.272454e-01  3.000000e-07
 83  72  0  0  0  1  9.485494e-02  3.000000e-07
 53  38  0  0  0  1  1.290131e-01  3.000000e-07
 53  36  0  0  0  1  1.480134e-01  3.000000e-07
 53  86  0  0  0  1  1.103256e-01  3.000000e-07
 53  57 -1  0  0  1  2.582573e-01  3.000000e-07
 53  71  0  0  0  1  2.201857e-01  3.000000e-07
 84  85  0  1  0  1  2.502643e-01  3.000000e-07
 84  68  0  0  0  1  2.400034e-01  3.000000e-07
 84  2  0  0  0  1  2.409912e-01  3.000000e-07
 84  4  0  0  0  1  2.059174e-01  3.000000e-07
 84  88  0  0  0  1  2.393784e-01  3.000000e-07
 84  75  0  0  0  1  2.424773e-01  3.000000e-07
 47  42  0  0  0  1  1.485760e-01  3.000000e-07
 47  52  0  0  0  1  6.865063e-02  3.000000e-07
 47  68  0  0  0  1  1.164368e-01  3.000000e-07
 47  43  0  0  0  1  1.858925e-01  3.000000e-07
 47  76  0  0  0  1  1.958766e-01  3.000000e-07
 65  44  0  0  0  1  1.169913e-01  3.000000e-07
 65  45  0  0  0  1  1.621278e-01  3.000000e-07
 65  56  0  0  0  1  1.116823e-01  3.000000e-07
 65  49  0  1  0  1  3.179585e-01  3.000000e-07
 65  3  1  0  0  1  2.052052e-01  3.000000e-07
 65  71  1  1  0  1  3.495304e-01  3.000000e-07
 37  38  0  0  0  1  5.254643e-02  3.000000e-07
 37  55 -1  0  0  1  3.653210e-01  3.000000e-07
 37  69 -1  0  0  1  4.055386e-01  3.000000e-07
 37  72  0  0  0  1  1.457566e-01  3.000000e-07
 42  87  0  0  0  1  6.430053e-02  3.000000e-07
 42  43  0  0  0  1  1.148923e-01  3.000000e-07
 42  48  0  0  0  1  6.708085e-02  3.000000e-07
 54  55  0  0  0  1  1.750957e-01  3.000000e-07
 54  52  0  0  0  1  1.638600e-01  3.000000e-07
 54  68  0  0  0  1  5.077575e-02  3.000000e-07
 54  40  0  0  0  1  2.051711e-01  3.000000e-07
 54  61  0  0  0  1  1.488814e-01  3.000000e-07
 54  74  0  0  0  1  2.061641e-01  3.000000e-07
 38  72  0  0  0  1  1.231710e-01  3.000000e-07
 36  67  0  0  0  1  1.714035e-01  3.000000e-07
 36  59  0  0  0  1  1.554847e-01  3.000000e-07
 36  71  0  0  0  1  2.331989e-01  3.000000e-07
 36  72  0  0  0  1  1.536013e-01  3.000000e-07
 44  52  0  0  0  1  1.484976e-01  3.000000e-07
 44  45  0  0  0  1  1.053793e-01  3.000000e-07
 44  89  0  0  0  1  1.550398e-01  3.000000e-07
 44  74  0  0  0  1  1.231080e-01  3.000000e-07
 66  85  0  0  0  1  1.123683e-01  3.000000e-07
 66  59  0  0  0  1  6.435051e-02  3.000000e-07
 66  60  0  0  0  1  1.767995e-01  3.000000e-07
 66  71  0  0  0  1  1.362619e-01  3.000000e-07
 85  2  0 -1  0  1  2.567603e-01  3.000000e-07
 85  60  0  0  0  1  1.329995e-01  3.000000e-07
 85  3  0 -1  0  1  2.880464e-01  3.000000e-07
 85  43  0 -1  0  1  2.360401e-01  3.000000e-07
 0  4  0  0  0  1  1.122971e-01  3.000000e-07
 0  72  0  0  0  1  7.575732e-02  3.000000e-07
 0  75  0  0  0  1  5.180071e-02  3.000000e-07
 67  50  0  0  0  1  1.529787e-01  3.000000e-07
 67  70  0  0  0  1  9.384230e-02  3.000000e-07
 67  59  0  0  0  1  2.031929e-01  3.000000e-07
 67  72  0  0  0  1  1.711739e-01  3.000000e-07
 67  51  0  0  0  1  1.681427e-01  3.000000e-07
 55  86  1  0  0  1  3.597533e-01  3.000000e-07
 55  57  0  0  0  1  2.523233e-01  3.000000e-07
 55  61  0  0  0  1  8.849706e-02  3.000000e-07
 55  73  1  0  0  1  3.258005e-01  3.000000e-07
 55  74  0  0  0  1  1.958247e-01  3.000000e-07
 52  68  0  0  0  1  1.433417e-01  3.000000e-07
 52  74  0  0  0  1  1.047383e-01  3.000000e-07
 50  39  0  0  0  1  6.255033e-02  3.000000e-07
 50  70  0  0  0  1  1.376486e-01  3.000000e-07
 50  40  0  0  0  1  1.216394e-01  3.000000e-07
 45  87  0  0  0  1  1.270544e-01  3.000000e-07
 45  49  0  1  0  1  1.949557e-01  3.000000e-07
 45  89  0  0  0  1  1.793100e-01  3.000000e-07
 45  48  0  0  0  1  1.548565e-01  3.000000e-07
 86  73  0  0  0  1  1.012024e-01  3.000000e-07
 68  70  0  0  0  1  2.347976e-01  3.000000e-07
 68  75  0  0  0  1  2.676027e-01  3.000000e-07
 68  76  0  0  0  1  2.393305e-01  3.000000e-07
 2  3  0  0  0  1  8.154835e-02  3.000000e-07
 2  88  0  0  0  1  7.319344e-02  3.000000e-07
 39  58  0  0  0  1  1.228171e-01  3.000000e-07
 39  41  0  0  0  1  1.175749e-01  3.000000e-07
 39  40  0  0  0  1  1.142363e-01  3.000000e-07
 39  51  0  0  0  1  5.461933e-02  3.000000e-07
 39  62  0  0  0  1  1.289028e-01  3.000000e-07
 69  56  0  0  0  1  9.902206e-02  3.000000e-07
 69  3  1  0  0  1  2.188076e-01  3.000000e-07
 69  88  1  0  0  1  2.887085e-01  3.000000e-07
 69  74  0  0  0  1  1.566733e-01  3.000000e-07
 87  89  0  0  0  1  1.231252e-01  3.000000e-07
 87  48  0  0  0  1  6.158520e-02  3.000000e-07
 57  49  0  0  0  1  2.045520e-01  3.000000e-07
 57  73  1  0  0  1  2.519717e-01  3.000000e-07
 57  62  0  0  0  1  1.229092e-01  3.000000e-07
 58  60  0  0  0  1  1.145609e-01  3.000000e-07
 58  51  0  0  0  1  1.296458e-01  3.000000e-07
 58  48  0 -1  0  1  2.152596e-01  3.000000e-07
 41  49  0  0  0  1  1.122336e-01  3.000000e-07
 41  62  0  0  0  1  1.733255e-01  3.000000e-07
 41  48  0 -1  0  1  2.174224e-01  3.000000e-07
 70  40  0  0  0  1  1.587355e-01  3.000000e-07
 70  72  0  0  0  1  2.091090e-01  3.000000e-07
 70  75  0  0  0  1  2.250287e-01  3.000000e-07
 40  61  0  0  0  1  1.084825e-01  3.000000e-07
 40  62  0  0  0  1  1.257578e-01  3.000000e-07
 49  62  0  0  0  1  1.913642e-01  3.000000e-07
 59  60  0  0  0  1  1.991568e-01  3.000000e-07
 59  71  0  0  0  1  1.525844e-01  3.000000e-07
 60  43  0 -1  0  1  2.735329e-01  3.000000e-07
 60  51  0  0  0  1  1.730511e-01  3.000000e-07
 3  71  0  1  0  1  2.633151e-01  3.000000e-07
 3  88  0  0  0  1  1.308499e-01  3.000000e-07
 61  62  0  0  0  1  1.683250e-01  3.000000e-07
 71  57 -1  0  0  1  3.441800e-01  3.000000e-07
 4  88  0  0  0  1  1.114766e-01  3.000000e-07
 4  75  0  0  0  1  9.572649e-02  3.000000e-07
 43  48  0  0  0  1  1.722152e-01  3.000000e-07
 72  75  0  0  0  1  1.160904e-01  3.000000e-07
 48  49  0  1  0  1  1.858119e-01  3.000000e-07
-2.252749e-01  7.877787e-02  0
-1.483914e-01  2.078786e-01  1.453795e-01
-3.094042e-01  3.460359e-01  0
-3.855101e-01  3.753280e-01  0
-2.283973e-01  1.910315e-01  0
-1.781031e-01 -2.751613e-01  1.246079e-01
 1.623508e-01  7.168412e-02  1.731763e-01
 1.175998e-01 -1.724768e-01  2.129006e-01
 2.481230e-01  3.586109e-01  3.361894e-01
 1.185666e-02  8.146661e-02  2.301135e-01
-1.097997e-01  1.973957e-01 -1.291347e-01
-2.691897e-01 -3.074342e-01 -2.320009e-01
-1.647206e-01 -1.482650e-01 -3.923825e-01
-1.279951e-01  3.326795e-01 -4.436912e-01
-1.218237e-01 -4.142098e-01 -1.706146e-01
 4.205144e-01  2.805445e-01  4.262459e-01
 4.002611e-01  3.652081e-01 -4.209122e-01
 3.795551e-01  4.419834e-01  2.977433e-01
-3.722276e-01 -3.290029e-02  3.392364e-01
 1.325788e-01 -1.100780e-01 -2.524821e-01
 4.468818e-01 -2.246727e-01 -2.544148e-01
 2.386385e-01  1.982421e-02 -3.268031e-01
 2.421734e-01  1.344146e-01 -2.805820e-01
-4.095917e-01 -2.614814e-01 -3.358608e-01
-1.433119e-01  1.857136e-01 -3.263679e-01
 2.001773e-01  4.066293e-01 -4.186631e-01
-4.244858e-02 -7.046150e-03 -4.178297e-01
-3.415382e-01 -2.915310e-01 -2.850637e-01
 3.477482e-02  8.202359e-02 -2.358217e-01
 1.874039e-02  3.035458e-02  3.166048e-01
 2.748001e-01 -3.340494e-01  4.485429e-01
 2.509269e-01  1.048096e-01  3.845310e-01
-8.076818e-02 -2.397931e-01 -3.189326e-01
 9.673034e-02 -2.241088e-01 -2.990830e-01
 3.885024e-01  7.244937e-02  1.648053e-01
-4.391903e-01 -1.615389e-01  1.415445e-01
-2.829700e-01 -1.420860e-01  0
-3.729359e-01 -4.088176e-02  0
-3.309886e-01 -7.252896e-02  0
 7.726636e-02 -2.183993e-01  0
 1.154809e-01 -1.107443e-01  0
 9.619220e-02 -3.344409e-01  0
 6.694385e-02  3.907146e-01  0
-4.111851e-02  3.516920e-01  0
 3.016666e-01  3.302336e-01  0
 2.545439e-01  4.244899e-01  0
 8.911398e-02  4.132798e-01  0
 1.144527e-01  2.499392e-01  0
 1.015136e-01  4.482018e-01  0
 1.935055e-01 -3.903561e-01  0
 2.217274e-02 -1.887811e-01  0
 2.267569e-02 -2.166301e-01  0
 1.825845e-01  2.415151e-01  0
-4.304446e-01 -1.547048e-01  0
 1.104923e-01  9.436613e-02  0
 2.658205e-01  1.354761e-02  0
 3.118839e-01  3.214719e-01  0
 3.231891e-01 -2.321674e-01  0
 6.178414e-02 -3.402367e-01  0
-2.260484e-01 -2.867768e-01  0
-4.742333e-02 -3.748478e-01  0
 1.897461e-01 -3.166756e-02  0
 2.047498e-01 -1.993225e-01  0
-1.114727e-02 -2.041598e-01 -2.136625e-01
 3.769439e-01  3.654310e-01 -1.064183e-01
 4.092861e-01  3.761138e-01  0
-2.226119e-01 -3.510354e-01  0
-1.133056e-01 -1.177311e-01  0
 8.385587e-02  1.375943e-01  0
 4.087396e-01  3.008725e-01  0
-3.626257e-02 -6.415177e-02  0
-3.583685e-01 -3.627596e-01  0
-2.341127e-01  3.537816e-03  0
-4.442772e-01 -1.351220e-01  0
 2.820490e-01  2.086987e-01  0
-1.820250e-01  1.072868e-01  0
-6.719248e-02  3.232377e-01  0
-3.470433e-01  1.099739e-01  1.730826e-01
-9.559380e-02 -3.028036e-01  1.623809e-01
-3.253714e-01  2.232197e-01  3.865529e-01
-2.062312e-01 -4.386194e-01  3.039956e-01
-2.341845e-01  1.047289e-01  2.164009e-01
-2.865246e-01  1.390017e-01 -1.159902e-01
-2.903790e-01  7.990253e-02  0
-6.960201e-02  3.221270e-01  0
-1.605829e-01 -4.447320e-01  0
-3.812078e-01 -5.597543e-02  0
 1.311490e-01  3.942159e-01  0
-3.038956e-01  2.730501e-01  0
 1.572293e-01  2.738845e-01  0