 725  90  1.200000e-05  48 -2 -2
 12  27  0  0  0  3  2.999108e-01  1.000000e-07
 12  72  0  0  0  3  4.735715e-01  1.000000e-07
 12  13  0  0  0  3  3.232596e-01  1.000000e-07
 12  81  0  0  0  3  2.954282e-01  1.000000e-07
 12  28  0  0  0  3  4.040271e-01  1.000000e-07
 12  15  0  0  0  3  3.124714e-01  1.000000e-07
 12  29  0  0  0  3  2.581537e-01  1.000000e-07
 12  34  0  0  1  3  5.137703e-01  1.000000e-07
 12  36  0  0  1  3  5.930492e-01  1.000000e-07
 18  27  0  0  0  3  2.200900e-01  1.000000e-07
 18  72  0  0  0  3  2.463501e-01  1.000000e-07
 18  38 -1  0  0  3  6.547218e-01  1.000000e-07
 18  28  0  0  0  3  1.942626e-01  1.000000e-07
 18  29 -1  0  0  3  5.211308e-01  1.000000e-07
 18  37  0  0  0  3  1.979345e-01  1.000000e-07
 18  19  0  0  1  3  4.847392e-01  1.000000e-07
 18  33 -1  0  1  3  5.666061e-01  1.000000e-07
 27  72  0  0  0  3  2.388193e-01  1.000000e-07
 27  21  0  0  0  3  3.344753e-01  1.000000e-07
 27  10  0  0  0  3  2.056054e-01  1.000000e-07
 27  28  0  0  0  3  1.461490e-01  1.000000e-07
 27  15  0  0  0  3  1.421357e-01  1.000000e-07
 27  30  0  0  0  3  1.313111e-01  1.000000e-07
 27  7  0  0  0  3  2.875293e-01  1.000000e-07
 72  10  0  0  0  3  2.852833e-01  1.000000e-07
 72  28  0  0  0  3  3.206962e-01  1.000000e-07
 72  30  0  0  0  3  3.052845e-01  1.000000e-07
 72  73  0  0  1  3  4.007438e-01  1.000000e-07
 21  29 -1  0  0  3  4.063381e-01  1.000000e-07
 21  37  0 -1  0  3  5.099586e-01  1.000000e-07
 21  24  0  0  1  3  4.125658e-01  1.000000e-07
 21  22  0 -1  1  3  4.892046e-01  1.000000e-07
 21  23  0  0  1  3  3.565929e-01  1.000000e-07
 14  38  0  0  0  3  5.875519e-02  1.000000e-07
 14  13  0  1  0  3  3.503637e-01  1.000000e-07
 14  11  0  1  0  3  3.537062e-01  1.000000e-07
 14  15  0  0  0  3  2.675218e-01  1.000000e-07
 14  8  0  0  0  3  3.201169e-01  1.000000e-07
 14  34  0  1  1  3  5.195766e-01  1.000000e-07
 14  36  0  1  1  3  5.561583e-01  1.000000e-07
 14  73  0  0  1  3  3.350081e-01  1.000000e-07
 14  9  0  0  1  3  3.741841e-01  1.000000e-07
 10  13  0  0  0  3  4.313712e-01  1.000000e-07
 10  28  0  0  0  3  2.895015e-01  1.000000e-07
 10  16 -1  0  0  3  4.192244e-01  1.000000e-07
 38  13  0  1  0  3  3.672134e-01  1.000000e-07
 38  37  1  0  0  3  6.290517e-01  1.000000e-07
 38  7  0  0  0  3  4.330294e-01  1.000000e-07
 38  73  0  0  1  3  3.698405e-01  1.000000e-07
 38  9  0  0  1  3  3.807134e-01  1.000000e-07
 13  81 -1  0  0  3  5.305419e-01  1.000000e-07
 13  28  0  0  0  3  4.986037e-01  1.000000e-07
 13  11  0  0  0  3  3.114822e-01  1.000000e-07
 81  11  0  0  0  3  1.822413e-01  1.000000e-07
 81  37  1 -1  0  3  6.141539e-01  1.000000e-07
 81  16  0  0  0  3  1.869635e-01  1.000000e-07
 28  30  0  0  0  3  1.269776e-01  1.000000e-07
 28  23  0  0  1  3  3.805598e-01  1.000000e-07
 28  87  0  0  1  3  4.155063e-01  1.000000e-07
 11  36  0  0  1  3  6.264608e-01  1.000000e-07
 15  8  0  0  0  3  1.963856e-01  1.000000e-07
 15  30  0  0  0  3  1.127670e-01  1.000000e-07
 15  7  0  0  0  3  2.166189e-01  1.000000e-07
 15  73  0  0  1  3  3.771343e-01  1.000000e-07
 15  9  0  0  1  3  3.949101e-01  1.000000e-07
 29  16  0  0  0  3  1.619541e-01  1.000000e-07
 29  7  0  0  0  3  1.307040e-01  1.000000e-07
 29  34  0  0  1  3  3.281492e-01  1.000000e-07
 29  25  1  0  1  3  4.806624e-01  1.000000e-07
 29  33  0  0  1  3  5.519272e-01  1.000000e-07
 29  20  0  0  1  3  4.326283e-01  1.000000e-07
 8  37  1  0  0  3  5.315828e-01  1.000000e-07
 8  16  0  0  0  3  2.942762e-01  1.000000e-07
 8  34  0  0  1  3  4.730924e-01  1.000000e-07
 8  32  0  0  1  3  3.739236e-01  1.000000e-07
 8  33  0  0  1  3  4.672274e-01  1.000000e-07
 8  9  0  0  1  3  3.434521e-01  1.000000e-07
 37  24  0  1  1  3  4.631363e-01  1.000000e-07
 37  22  0  0  1  3  2.973686e-01  1.000000e-07
 37  39  0  0  1  3  2.794206e-01  1.000000e-07
 30  7  0  0  0  3  2.666841e-01  1.000000e-07
 30  31  0  0  1  3  1.681854e-01  1.000000e-07
 30  17  0  0  1  3  3.800400e-01  1.000000e-07
 30  73  0  0  1  3  3.750796e-01  1.000000e-07
 30  9  0  0  1  3  4.212564e-01  1.000000e-07
 16  7  0  0  0  3  2.303503e-01  1.000000e-07
 7  31  0  0  1  3  3.623188e-01  1.000000e-07
 7  34  0  0  1  3  4.071284e-01  1.000000e-07
 7  36  0  0  1  3  5.693671e-01  1.000000e-07
 19  32 -1  0  0  3  4.246195e-01  1.000000e-07
 19  17  0  0  0  3  3.598071e-01  1.000000e-07
 19  39  0  0  0  3  3.487275e-01  1.000000e-07
 19  35  0  0  0  3  3.672904e-01  1.000000e-07
 19  33 -1  0  0  3  1.955606e-01  1.000000e-07
 19  87  0  0  0  3  2.309713e-01  1.000000e-07
 31  34  0  0  0  3  4.442138e-01  1.000000e-07
 31  26  0  0  0  3  2.433463e-01  1.000000e-07
 31  23  0  0  0  3  3.820648e-01  1.000000e-07
 31  73  0  0  0  3  3.890445e-01  1.000000e-07
 31  9  0  0  0  3  4.318272e-01  1.000000e-07
 31  20  0  0  0  3  4.002469e-01  1.000000e-07
 31  40  0  0  0  3  3.847928e-01  1.000000e-07
 34  24  1  0  0  3  1.924095e-01  1.000000e-07
 34  33  0  0  0  3  4.704500e-01  1.000000e-07
 34  20  0  0  0  3  1.566387e-01  1.000000e-07
 26  17  0  0  0  3  2.698580e-01  1.000000e-07
 26  75  0  0  0  3  5.114661e-01  1.000000e-07
 26  23  0  0  0  3  2.816800e-01  1.000000e-07
 26  36  0  0  0  3  2.640331e-01  1.000000e-07
 26  25  0  0  0  3  3.068489e-01  1.000000e-07
 26  87  0  0  0  3  1.706537e-01  1.000000e-07
 24  32 -1 -1  0  3  3.770840e-01  1.000000e-07
 24  22  0 -1  0  3  2.258313e-01  1.000000e-07
 24  39  0 -1  0  3  2.953291e-01  1.000000e-07
 24  23  0  0  0  3  1.907375e-01  1.000000e-07
 24  25  0  0  0  3  1.602931e-01  1.000000e-07
 24  20 -1  0  0  3  2.563312e-01  1.000000e-07
 32  39  1  0  0  3  2.670938e-01  1.000000e-07
 32  33  0  0  0  3  3.220376e-01  1.000000e-07
 32  73  0  0  0  3  2.703580e-01  1.000000e-07
 32  9  0  0  0  3  7.758946e-02  1.000000e-07
 32  20  0  1  0  3  4.132319e-01  1.000000e-07
 17  39  0  0  0  3  4.171595e-01  1.000000e-07
 17  35  0  0  0  3  3.672239e-01  1.000000e-07
 17  73  0  0  0  3  2.822732e-01  1.000000e-07
 17  87  0  0  0  3  1.881816e-01  1.000000e-07
 75  6  1  0  0  3  2.453750e-01  1.000000e-07
 75  25  1  0  0  3  4.038223e-01  1.000000e-07
 75  33  0  0  0  3  1.044120e-01  1.000000e-07
 75  20  0  0  0  3  3.471059e-01  1.000000e-07
 75  40  0  0  0  3  2.106525e-01  1.000000e-07
 22  39  0  0  0  3  1.132805e-01  1.000000e-07
 22  23  0  1  0  3  2.638813e-01  1.000000e-07
 22  36  0  1  0  3  2.890711e-01  1.000000e-07
 22  25  0  1  0  3  3.075895e-01  1.000000e-07
 22  35  0  0  0  3  9.981781e-02  1.000000e-07
 22  73  0  0  0  3  4.450592e-01  1.000000e-07
 39  6  0  0  0  3  2.974625e-01  1.000000e-07
 39  20 -1  1  0  3  4.632895e-01  1.000000e-07
 23  36  0  0  0  3  2.018343e-01  1.000000e-07
 23  25  0  0  0  3  1.022403e-01  1.000000e-07
 23  35  0 -1  0  3  3.404845e-01  1.000000e-07
 36  35  0 -1  0  3  3.261535e-01  1.000000e-07
 6  87  0  0  0  3  2.653699e-01  1.000000e-07
 6  40 -1  0  0  3  3.200007e-01  1.000000e-07
 25  35  0 -1  0  3  3.811456e-01  1.000000e-07
 25  87  0  0  0  3  3.621021e-01  1.000000e-07
 35  73  0  0  0  3  4.244553e-01  1.000000e-07
 35  20 -1  1  0  3  4.910817e-01  1.000000e-07
 33  9  0  0  0  3  3.141693e-01  1.000000e-07
 33  20  0  0  0  3  3.783829e-01  1.000000e-07
 33  40  0  0  0  3  1.522337e-01  1.000000e-07
 9  40  0  0  0  3  1.979863e-01  1.000000e-07
 20  40  0 -1  0  3  5.582869e-01  1.000000e-07
 20  40  0  0  0  3  4.440073e-01  1.000000e-07
 81  41  0  0  0  3  1.551337e-01  1.000000e-07
 83  39  1 -1  0  3  4.624638e-01  1.000000e-07
 81  41  0  0  0  3  1.699958e-01  1.000000e-07
 83  35  1 -1  0  3  4.164640e-01  1.000000e-07
 10  58  0  0  0  3  1.489160e-01  1.000000e-07
 66  17  0  0  0  3  2.888270e-01  1.000000e-07
 16  80  1  0  0  3  2.126147e-01  1.000000e-07
 77  6  0  0  0  3  2.443751e-01  1.000000e-07
 15  82  0  0  0  3  3.762274e-01  1.000000e-07
 89  75  0  0  0  3  1.773883e-01  1.000000e-07
 11  74  0 -1  0  3  1.638646e-01  1.000000e-07
 54  40  0  0  0  3  4.422478e-01  1.000000e-07
 37  57  0  0  0  3  4.419069e-01  1.000000e-07
 67  6  0  0  0  3  1.811895e-01  1.000000e-07
 8  80  1  0  0  3  3.783279e-01  1.000000e-07
 77  6  0  0  0  3  2.027735e-01  1.000000e-07
 10  58  0  0  0  3  1.564558e-01  1.000000e-07
 88  19  0  0  0  3  2.581230e-01  1.000000e-07
 11  51  0  0  0  3  1.078255e-01  1.000000e-07
 59  20  0  0  0  3  3.215932e-01  1.000000e-07
 72  2  0  0  0  3  2.204150e-01  1.000000e-07
 66  17  0  0  0  3  2.635369e-01  1.000000e-07
 21  88  0  0  0  3  2.749593e-01  1.000000e-07
 53  26  0  0  0  3  2.664748e-01  1.000000e-07
 38  79  0  0  0  3  3.134282e-01  1.000000e-07
 0  75  0  0  0  3  2.165202e-01  1.000000e-07
 11  51  0  0  0  3  1.223663e-01  1.000000e-07
 59  9  0 -1  0  3  5.092233e-01  1.000000e-07
 81  83  0  0  0  3  1.390174e-01  1.000000e-07
 85  25  1  0  0  3  4.043445e-01  1.000000e-07
 16  76  1  0  0  3  1.622363e-01  1.000000e-07
 86  25  0  0  0  3  3.879105e-01  1.000000e-07
 21  88  0  0  0  3  3.002566e-01  1.000000e-07
 42  87  0  0  0  3  2.123249e-01  1.000000e-07
 10  58  0  0  0  3  1.335016e-01  1.000000e-07
 88  87  0  0  0  3  1.812370e-01  1.000000e-07
 10  58  0  0  0  3  1.424110e-01  1.000000e-07
 88  26  0  0  0  3  2.649617e-01  1.000000e-07
 38  65  0  0  0  3  2.364519e-01  1.000000e-07
 79  40  0  0  0  3  3.017324e-01  1.000000e-07
 18  80  0  0  0  3  3.479902e-01  1.000000e-07
 77  6  0  0  0  3  1.800544e-01  1.000000e-07
 13  60  0 -1  0  3  1.521184e-01  1.000000e-07
 4  73  0  0  0  3  4.806648e-01  1.000000e-07
 72  66  0  0  0  3  2.544942e-01  1.000000e-07
 58  87  0  0  0  3  2.129816e-01  1.000000e-07
 16  78  0  0  0  3  1.677995e-01  1.000000e-07
 82  75  0  0  0  3  1.702202e-01  1.000000e-07
 13  55  0  0  0  3  1.617648e-01  1.000000e-07
 53  25  0  0  0  3  4.284716e-01  1.000000e-07
 21  84  0  0  0  3  2.588407e-01  1.000000e-07
 52  25  0  0  0  3  3.576263e-01  1.000000e-07
 11  59  0  0  0  3  1.245216e-01  1.000000e-07
 56  36  0  0  0  3  4.341618e-01  1.000000e-07
 11  51  0  0  0  3  1.210506e-01  1.000000e-07
 59  32  0 -1  0  3  5.053758e-01  1.000000e-07
 16  80  1  0  0  3  1.814563e-01  1.000000e-07
 76  19  0  0  0  3  2.698621e-01  1.000000e-07
 6  65 -1  0  0  3  3.768185e-01  1.000000e-07
 0  81  0  1  0  3  2.695067e-01  1.000000e-07
 1  68  0  0  0  2  2.727102e-01  2.000000e-07
 1  4  0  0  0  2  3.689764e-02  2.000000e-07
 1  65  0  0  0  2  2.477517e-01  2.000000e-07
 1  3  0  0  0  2  3.716798e-01  2.000000e-07
 1  61  0  0  0  2  1.694338e-01  2.000000e-07
 1  2  0  0  0  2  2.109455e-01  2.000000e-07
 1  59  0  1  0  2  2.126465e-01  2.000000e-07
 1  71  0  0  0  2  3.205350e-01  2.000000e-07
 1  5  0  1  0  2  2.404649e-01  2.000000e-07
 1  74  0  0  0  2  5.768027e-02  2.000000e-07
 51  52  1  0  0  2  4.052074e-01  2.000000e-07
 51  89  0  0  0  2  3.469812e-01  2.000000e-07
 51  83  0  0  0  2  2.149019e-01  2.000000e-07
 51  64  0  0  0  2  1.959477e-01  2.000000e-07
 51  77  1  0  0  2  4.600024e-01  2.000000e-07
 51  56  0  0  0  2  1.187890e-01  2.000000e-07
 51  41  0  0  0  2  1.438671e-01  2.000000e-07
 51  70  0  0  0  2  3.396951e-01  2.000000e-07
 51  57  1 -1  0  2  4.657187e-01  2.000000e-07
 51  50  0  0  0  2  2.654113e-01  2.000000e-07
 51  62  1 -1  0  2  4.003563e-01  2.000000e-07
 51  59  0  0  0  2  9.799392e-02  2.000000e-07
 51  86  1  0  0  2  4.596156e-01  2.000000e-07
 51  63  0  0  0  2  4.072814e-01  2.000000e-07
 51  71  0 -1  0  2  5.703531e-01  2.000000e-07
 51  5  0  0  0  2  2.157470e-01  2.000000e-07
 51  74  0 -1  0  2  2.417308e-01  2.000000e-07
 76  66  0  0  0  2  3.832696e-01  2.000000e-07
 76  42  0  0  0  2  1.567742e-01  2.000000e-07
 76  83 -1  0  0  2  2.362829e-01  2.000000e-07
 76  53  0  0  0  2  3.163348e-01  2.000000e-07
 76  77  0  0  0  2  1.923294e-02  2.000000e-07
 76  69  0  0  0  2  4.872444e-01  2.000000e-07
 76  84  0  0  0  2  1.396545e-01  2.000000e-07
 76  78 -1  0  0  2  1.614239e-01  2.000000e-07
 76  85 -1  0  0  2  2.423188e-01  2.000000e-07
 76  79 -1  0  0  2  3.411484e-01  2.000000e-07
 76  80  0  0  0  2  5.970906e-02  2.000000e-07
 76  88  0  0  0  2  2.363526e-01  2.000000e-07
 76  0 -1  0  0  2  3.051269e-01  2.000000e-07
 76  82 -1  0  0  2  2.114643e-01  2.000000e-07
 52  42  0  0  0  2  1.904588e-01  2.000000e-07
 52  83 -1  0  0  2  2.145417e-01  2.000000e-07
 52  55  0  0  0  2  1.837236e-01  2.000000e-07
 52  77  0  0  0  2  2.378418e-01  2.000000e-07
 52  41 -1  0  0  2  2.613840e-01  2.000000e-07
 52  69  0 -1  0  2  3.085802e-01  2.000000e-07
 52  84  0  0  0  2  1.190610e-01  2.000000e-07
 52  3  0 -1  0  2  3.261060e-01  2.000000e-07
 52  61  0 -1  0  2  4.452951e-01  2.000000e-07
 52  57  0 -1  0  2  3.497488e-01  2.000000e-07
 52  62  0 -1  0  2  3.397964e-01  2.000000e-07
 52  58  0  0  0  2  3.479167e-01  2.000000e-07
 52  59  0  0  0  2  5.296159e-01  2.000000e-07
 52  86  0  0  0  2  1.842960e-01  2.000000e-07
 52  63  0  0  0  2  3.713607e-01  2.000000e-07
 52  88  0  0  0  2  2.575566e-01  2.000000e-07
 52  5  0  0  0  2  3.988365e-01  2.000000e-07
 68  4  0  0  0  2  2.630612e-01  2.000000e-07
 68  66  0  0  0  2  2.273499e-01  2.000000e-07
 68  49  0  0  0  2  2.640913e-01  2.000000e-07
 68  42  0  0  0  2  4.163328e-01  2.000000e-07
 68  54  0  0  0  2  3.119320e-01  2.000000e-07
 68  48  0  0  0  2  1.058037e-01  2.000000e-07
 68  65  0  0  0  2  3.301399e-01  2.000000e-07
 68  2  0  0  0  2  2.051292e-01  2.000000e-07
 68  70  0  0  0  2  1.824621e-01  2.000000e-07
 68  58  0  0  0  2  2.642096e-01  2.000000e-07
 68  79  0  0  0  2  2.586363e-01  2.000000e-07
 68  0  0  0  0  2  3.147586e-01  2.000000e-07
 68  82  0  0  0  2  3.273611e-01  2.000000e-07
 68  74  0  0  0  2  3.017206e-01  2.000000e-07
 4  66  0  0  0  2  2.683345e-01  2.000000e-07
 4  53  0  1  0  2  4.132630e-01  2.000000e-07
 4  54  0  0  0  2  8.027408e-02  2.000000e-07
 4  55  0  1  0  2  3.929640e-01  2.000000e-07
 4  65  0  0  0  2  2.802111e-01  2.000000e-07
 4  56  0  1  0  2  2.154447e-01  2.000000e-07
 4  60  0  0  0  2  1.928682e-01  2.000000e-07
 4  3  0  0  0  2  3.368943e-01  2.000000e-07
 4  2  0  0  0  2  1.775471e-01  2.000000e-07
 4  71  0  0  0  2  3.150690e-01  2.000000e-07
 4  5  0  1  0  2  2.474705e-01  2.000000e-07
 4  74  0  0  0  2  9.444844e-02  2.000000e-07
 66  49  0  0  0  2  3.897849e-01  2.000000e-07
 66  42  0  0  0  2  3.277096e-01  2.000000e-07
 66  53  0  0  0  2  4.571511e-01  2.000000e-07
 66  54  0  0  0  2  3.479288e-01  2.000000e-07
 66  48  0  0  0  2  2.712468e-01  2.000000e-07
 66  77  0  0  0  2  3.680032e-01  2.000000e-07
 66  69  0  0  0  2  2.995679e-01  2.000000e-07
 66  60  0  0  0  2  2.583383e-01  2.000000e-07
 66  3  0  0  0  2  2.564982e-01  2.000000e-07
 66  61  0  0  0  2  1.817873e-01  2.000000e-07
 66  2  0  0  0  2  9.080451e-02  2.000000e-07
 66  58  0  0  0  2  1.825426e-01  2.000000e-07
 66  63  0  0  0  2  2.928786e-01  2.000000e-07
 66  67  0  0  0  2  3.342245e-01  2.000000e-07
 66  80  0  0  0  2  3.823764e-01  2.000000e-07
 66  88  0  0  0  2  2.811896e-01  2.000000e-07
 66  0 -1  0  0  2  4.723582e-01  2.000000e-07
 89  77  1  0  0  2  3.581347e-01  2.000000e-07
 89  41  0  0  0  2  3.580287e-01  2.000000e-07
 89  78  0  0  0  2  2.055698e-01  2.000000e-07
 89  70  0  0  0  2  8.847740e-02  2.000000e-07
 89  57  1  0  0  2  5.687438e-01  2.000000e-07
 89  50  0  0  0  2  1.154988e-01  2.000000e-07
 89  62  1  0  0  2  5.364386e-01  2.000000e-07
 89  59  0  0  0  2  3.893602e-01  2.000000e-07
 89  86  1  0  0  2  4.026340e-01  2.000000e-07
 89  63  0  0  0  2  2.717185e-01  2.000000e-07
 89  43  0  0  0  2  9.274830e-02  2.000000e-07
 89  67  1  0  0  2  5.041585e-01  2.000000e-07
 89  71  0  0  0  2  1.490231e-01  2.000000e-07
 49  42  0  0  0  2  3.333697e-01  2.000000e-07
 49  53  0  0  0  2  2.647310e-01  2.000000e-07
 49  47  0  0  0  2  1.035745e-01  2.000000e-07
 49  46  0  0  0  2  1.488613e-01  2.000000e-07
 49  64  0  0  0  2  9.971642e-02  2.000000e-07
 49  48  0  0  0  2  1.583818e-01  2.000000e-07
 49  55  0  0  0  2  2.758350e-01  2.000000e-07
 49  56  0  0  0  2  2.954162e-01  2.000000e-07
 49  45  0  0  0  2  1.937015e-01  2.000000e-07
 49  70  0  0  0  2  1.214050e-01  2.000000e-07
 49  58  0  0  0  2  2.718256e-01  2.000000e-07
 49  44  0  0  0  2  1.681776e-01  2.000000e-07
 49  88  0  0  0  2  2.537286e-01  2.000000e-07
 42  83 -1  0  0  2  3.316693e-01  2.000000e-07
 42  53  0  0  0  2  1.830014e-01  2.000000e-07
 42  55  0  0  0  2  2.037158e-01  2.000000e-07
 42  77  0  0  0  2  1.593922e-01  2.000000e-07
 42  58  0  0  0  2  1.604139e-01  2.000000e-07
 42  86  0  0  0  2  1.101783e-01  2.000000e-07
 42  80  0  0  0  2  2.073309e-01  2.000000e-07
 83  53  1  0  0  2  3.959365e-01  2.000000e-07
 83  64  0  0  0  2  3.099008e-01  2.000000e-07
 83  55  1  0  0  2  3.979940e-01  2.000000e-07
 83  65  0 -1  0  2  4.175618e-01  2.000000e-07
 83  56  0  0  0  2  3.334782e-01  2.000000e-07
 83  41  0  0  0  2  9.458636e-02  2.000000e-07
 83  69  1 -1  0  2  4.010335e-01  2.000000e-07
 83  84  1  0  0  2  2.630155e-01  2.000000e-07
 83  45  0  0  0  2  2.858812e-01  2.000000e-07
 83  85  0  0  0  2  1.572529e-02  2.000000e-07
 83  62  1 -1  0  2  3.813309e-01  2.000000e-07
 83  44  0  0  0  2  2.456252e-01  2.000000e-07
 83  67  1 -1  0  2  4.164494e-01  2.000000e-07
 83  80  1  0  0  2  2.573384e-01  2.000000e-07
 83  82  0  0  0  2  2.689832e-01  2.000000e-07
 83  74  0 -1  0  2  4.419502e-01  2.000000e-07
 53  47  0  0  0  2  2.673807e-01  2.000000e-07
 53  64  0  0  0  2  2.999399e-01  2.000000e-07
 53  48  0  0  0  2  3.693586e-01  2.000000e-07
 53  56  0  0  0  2  3.549264e-01  2.000000e-07
 53  69  0 -1  0  2  3.674290e-01  2.000000e-07
 53  84  0  0  0  2  1.779059e-01  2.000000e-07
 53  60  0 -1  0  2  2.879058e-01  2.000000e-07
 53  3  0 -1  0  2  3.560150e-01  2.000000e-07
 53  85 -1  0  0  2  4.110646e-01  2.000000e-07
 53  88  0  0  0  2  1.789663e-01  2.000000e-07
 53  5  0  0  0  2  2.309823e-01  2.000000e-07
 47  46  0  0  0  2  1.911858e-01  2.000000e-07
 47  54  0 -1  0  2  3.280434e-01  2.000000e-07
 47  48  0  0  0  2  2.582687e-01  2.000000e-07
 47  56  0  0  0  2  1.919196e-01  2.000000e-07
 47  84  0  0  0  2  4.209469e-01  2.000000e-07
 47  60  0 -1  0  2  3.865017e-01  2.000000e-07
 47  61  0 -1  0  2  4.348554e-01  2.000000e-07
 47  50  0  0  0  2  2.455119e-01  2.000000e-07
 47  59  0  0  0  2  1.798427e-01  2.000000e-07
 47  63  0  0  0  2  2.059222e-01  2.000000e-07
 47  44  0  0  0  2  9.350344e-02  2.000000e-07
 47  43  0  0  0  2  2.764251e-01  2.000000e-07
 47  88  0  0  0  2  3.190745e-01  2.000000e-07
 46  48  0  0  0  2  1.618433e-01  2.000000e-07
 46  78  0  0  0  2  2.434562e-01  2.000000e-07
 46  45  0  0  0  2  4.577313e-02  2.000000e-07
 46  85  0  0  0  2  2.794350e-01  2.000000e-07
 46  50  0  0  0  2  1.094673e-01  2.000000e-07
 46  79  0  0  0  2  2.771225e-01  2.000000e-07
 46  63  0  0  0  2  2.372169e-01  2.000000e-07
 46  44  0  0  0  2  1.760670e-01  2.000000e-07
 46  43  0  0  0  2  1.193886e-01  2.000000e-07
 54  48  0  0  0  2  4.177093e-01  2.000000e-07
 54  65  0  0  0  2  2.318526e-01  2.000000e-07
 54  56  0  1  0  2  1.468765e-01  2.000000e-07
 54  41  0  1  0  2  3.613574e-01  2.000000e-07
 54  69  1  0  0  2  5.460866e-01  2.000000e-07
 54  60  0  0  0  2  2.457250e-01  2.000000e-07
 54  61  0  0  0  2  2.068486e-01  2.000000e-07
 54  85  0  1  0  2  4.414143e-01  2.000000e-07
 54  59  0  1  0  2  1.677583e-01  2.000000e-07
 54  79  0  0  0  2  3.478649e-01  2.000000e-07
 54  44  0  1  0  2  3.223813e-01  2.000000e-07
 54  43  0  0  0  2  4.036097e-01  2.000000e-07
 64  55  0  0  0  2  3.036339e-01  2.000000e-07
 64  77  1  0  0  2  4.874211e-01  2.000000e-07
 64  56  0  0  0  2  2.067680e-01  2.000000e-07
 64  45  0  0  0  2  2.007194e-01  2.000000e-07
 64  70  0  0  0  2  1.716583e-01  2.000000e-07
 64  58  0  0  0  2  3.681569e-01  2.000000e-07
 64  44  0  0  0  2  7.144125e-02  2.000000e-07
 64  82  0  0  0  2  3.441283e-01  2.000000e-07
 64  5  0  0  0  2  1.749061e-01  2.000000e-07
 64  74  0 -1  0  2  3.624175e-01  2.000000e-07
 48  61  0  0  0  2  3.793896e-01  2.000000e-07
 48  45  0  0  0  2  1.796696e-01  2.000000e-07
 48  79  0  0  0  2  3.022673e-01  2.000000e-07
 48  63  0  0  0  2  1.466185e-01  2.000000e-07
 48  43  0  0  0  2  8.445645e-02  2.000000e-07
 48  88  0  0  0  2  2.726585e-01  2.000000e-07
 55  60  0 -1  0  2  2.644207e-01  2.000000e-07
 55  3  0 -1  0  2  3.341731e-01  2.000000e-07
 55  70  0  0  0  2  3.931698e-01  2.000000e-07
 55  62  0 -1  0  2  4.148816e-01  2.000000e-07
 55  58  0  0  0  2  2.986288e-01  2.000000e-07
 55  86  0  0  0  2  2.821003e-01  2.000000e-07
 55  63  0  0  0  2  2.432759e-01  2.000000e-07
 55  67  0 -1  0  2  4.484943e-01  2.000000e-07
 55  5  0  0  0  2  2.205989e-01  2.000000e-07
 77  83 -1  0  0  2  2.534400e-01  2.000000e-07
 77  41 -1  0  0  2  3.468959e-01  2.000000e-07
 77  70 -1  0  0  2  4.420360e-01  2.000000e-07
 77  58  0  0  0  2  2.616013e-01  2.000000e-07
 77  86  0  0  0  2  6.056527e-02  2.000000e-07
 77  67  0  0  0  2  4.011072e-01  2.000000e-07
 77  80  0  0  0  2  4.900084e-02  2.000000e-07
 77  0 -1  0  0  2  2.929441e-01  2.000000e-07
 77  82 -1  0  0  2  2.084794e-01  2.000000e-07
 65  56  0  1  0  2  2.936933e-01  2.000000e-07
 65  41  0  1  0  2  3.250803e-01  2.000000e-07
 65  69  1  0  0  2  3.396921e-01  2.000000e-07
 65  70  0  0  0  2  4.302066e-01  2.000000e-07
 65  85  0  1  0  2  4.184778e-01  2.000000e-07
 65  62  1  0  0  2  2.506087e-01  2.000000e-07
 65  79  0  0  0  2  1.774088e-01  2.000000e-07
 65  67  1  0  0  2  2.418345e-01  2.000000e-07
 65  0  0  0  0  2  1.856606e-01  2.000000e-07
 65  71  0  0  0  2  3.369911e-01  2.000000e-07
 65  74  0  0  0  2  2.042911e-01  2.000000e-07
 56  60  0 -1  0  2  3.073120e-01  2.000000e-07
 56  85  0  0  0  2  3.231590e-01  2.000000e-07
 56  44  0  0  0  2  1.755051e-01  2.000000e-07
 56  5  0  0  0  2  1.239441e-01  2.000000e-07
 56  74  0 -1  0  2  1.569510e-01  2.000000e-07
 41  69  1 -1  0  2  3.625434e-01  2.000000e-07
 41  84  1  0  0  2  3.372110e-01  2.000000e-07
 41  78  0 -1  0  2  6.676647e-01  2.000000e-07
 41  78  0  0  0  2  3.357572e-01  2.000000e-07
 41  70  0  0  0  2  3.854297e-01  2.000000e-07
 41  85  0  0  0  2  9.359103e-02  2.000000e-07
 41  57  1 -1  0  2  3.792151e-01  2.000000e-07
 41  50  0  0  0  2  2.478028e-01  2.000000e-07
 41  62  1 -1  0  2  3.241005e-01  2.000000e-07
 41  59  0  0  0  2  2.407696e-01  2.000000e-07
 41  86  1  0  0  2  3.343288e-01  2.000000e-07
 41  79  0 -1  0  2  4.986945e-01  2.000000e-07
 69  84  0  1  0  2  4.231206e-01  2.000000e-07
 69  60  0  0  0  2  2.127358e-01  2.000000e-07
 69  78 -1  0  0  2  4.750212e-01  2.000000e-07
 69  61  0  0  0  2  2.631821e-01  2.000000e-07
 69  85 -1  1  0  2  4.134140e-01  2.000000e-07
 69  57  0  0  0  2  4.546300e-02  2.000000e-07
 69  79 -1  0  0  2  4.075892e-01  2.000000e-07
 69  67  0  0  0  2  1.096963e-01  2.000000e-07
 69  80  0  0  0  2  4.484339e-01  2.000000e-07
 69  88  0  0  0  2  5.222297e-01  2.000000e-07
 84  60  0 -1  0  2  4.259177e-01  2.000000e-07
 84  78 -1  0  0  2  2.962045e-01  2.000000e-07
 84  61  0 -1  0  2  5.242946e-01  2.000000e-07
 84  85 -1  0  0  2  2.756951e-01  2.000000e-07
 84  63  0  0  0  2  2.924142e-01  2.000000e-07
 84  88  0  0  0  2  1.568328e-01  2.000000e-07
 60  3  0  0  0  2  1.630416e-01  2.000000e-07
 60  61  0  0  0  2  9.864066e-02  2.000000e-07
 60  2  0  0  0  2  2.003068e-01  2.000000e-07
 60  59  0  1  0  2  3.280559e-01  2.000000e-07
 60  67  0  0  0  2  3.162749e-01  2.000000e-07
 78  45  0  0  0  2  2.014159e-01  2.000000e-07
 78  85  0  0  0  2  2.439865e-01  2.000000e-07
 78  57  1  0  0  2  4.296408e-01  2.000000e-07
 78  50  0  0  0  2  1.634814e-01  2.000000e-07
 78  59  0  1  0  2  6.581333e-01  2.000000e-07
 78  86  1  0  0  2  2.112039e-01  2.000000e-07
 78  79  0  0  0  2  1.981050e-01  2.000000e-07
 78  43  0  0  0  2  2.825837e-01  2.000000e-07
 78  80  1  0  0  2  1.132296e-01  2.000000e-07
 78  88  1  0  0  2  3.925000e-01  2.000000e-07
 78  0  0  0  0  2  1.797629e-01  2.000000e-07
 78  82  0  0  0  2  5.015225e-02  2.000000e-07
 78  71  0  0  0  2  3.264294e-01  2.000000e-07
 3  61  0  0  0  2  2.080198e-01  2.000000e-07
 3  2  0  0  0  2  2.551346e-01  2.000000e-07
 3  57  0  0  0  2  7.907282e-02  2.000000e-07
 3  62  0  0  0  2  1.407756e-01  2.000000e-07
 3  58  0  0  0  2  4.097238e-01  2.000000e-07
 3  67  0  0  0  2  1.532528e-01  2.000000e-07
 3  5  0  1  0  2  3.990686e-01  2.000000e-07
 61  57  0  0  0  2  2.783086e-01  2.000000e-07
 61  58  0  0  0  2  3.627506e-01  2.000000e-07
 61  59  0  1  0  2  3.351103e-01  2.000000e-07
 61  86  0  0  0  2  5.476477e-01  2.000000e-07
 61  63  0  0  0  2  4.503201e-01  2.000000e-07
 61  63  0  1  0  2  5.539248e-01  2.000000e-07
 61  43  0  0  0  2  4.084030e-01  2.000000e-07
 61  88  0  0  0  2  4.617193e-01  2.000000e-07
 61  88  0  1  0  2  5.581677e-01  2.000000e-07
 61  71  0  0  0  2  3.508333e-01  2.000000e-07
 61  5  0  1  0  2  2.924102e-01  2.000000e-07
 61  74  0  0  0  2  2.259175e-01  2.000000e-07
 45  70  0  0  0  2  9.317963e-02  2.000000e-07
 45  85  0  0  0  2  2.721539e-01  2.000000e-07
 45  79  0  0  0  2  2.356971e-01  2.000000e-07
 45  44  0  0  0  2  2.092608e-01  2.000000e-07
 45  82  0  0  0  2  1.604731e-01  2.000000e-07
 2  70  0  0  0  2  3.760046e-01  2.000000e-07
 2  57  0  0  0  2  3.064228e-01  2.000000e-07
 2  58  0  0  0  2  2.613940e-01  2.000000e-07
 2  67  0  0  0  2  3.683249e-01  2.000000e-07
 2  71  0  0  0  2  2.649553e-01  2.000000e-07
 70  58  0  0  0  2  3.092349e-01  2.000000e-07
 70  86  1  0  0  2  4.832343e-01  2.000000e-07
 70  63  0  0  0  2  1.834741e-01  2.000000e-07
 70  67  1  0  0  2  5.814255e-01  2.000000e-07
 70  0  0  0  0  2  3.277318e-01  2.000000e-07
 70  82  0  0  0  2  2.489309e-01  2.000000e-07
 70  71  0  0  0  2  1.271572e-01  2.000000e-07
 70  5  0  0  0  2  3.377886e-01  2.000000e-07
 70  74  0  0  0  2  4.667942e-01  2.000000e-07
 85  50  0  0  0  2  1.823505e-01  2.000000e-07
 85  59  0  0  0  2  3.013990e-01  2.000000e-07
 85  44  0  0  0  2  2.306479e-01  2.000000e-07
 85  82  0  0  0  2  2.619351e-01  2.000000e-07
 57  62  0  0  0  2  6.960717e-02  2.000000e-07
 57  58  0  0  0  2  4.117343e-01  2.000000e-07
 57  59 -1  1  0  2  5.259686e-01  2.000000e-07
 57  86  0  0  0  2  4.679701e-01  2.000000e-07
 57  79 -1  0  0  2  3.679540e-01  2.000000e-07
 57  67  0  0  0  2  7.440996e-02  2.000000e-07
 50  59  0  0  0  2  3.303624e-01  2.000000e-07
 50  86  1  0  0  2  3.186618e-01  2.000000e-07
 50  63  0  0  0  2  3.432078e-01  2.000000e-07
 50  44  0  0  0  2  1.855194e-01  2.000000e-07
 50  43  0  0  0  2  2.071117e-01  2.000000e-07
 62  78 -1  0  0  2  4.192683e-01  2.000000e-07
 62  59 -1  1  0  2  4.574902e-01  2.000000e-07
 62  86  0  0  0  2  4.890290e-01  2.000000e-07
 62  43 -1  0  0  2  5.505233e-01  2.000000e-07
 62  67  0  0  0  2  3.916734e-02  2.000000e-07
 62  71 -1  0  0  2  5.511213e-01  2.000000e-07
 62  74 -1  0  0  2  4.363715e-01  2.000000e-07
 58  86  0  0  0  2  2.412179e-01  2.000000e-07
 58  63  0  0  0  2  1.551321e-01  2.000000e-07
 58  67  0  0  0  2  4.348621e-01  2.000000e-07
 58  88  0  0  0  2  9.897088e-02  2.000000e-07
 58  71  0  0  0  2  2.858662e-01  2.000000e-07
 59  79  0 -1  0  2  4.614724e-01  2.000000e-07
 59  63  0  0  0  2  3.802881e-01  2.000000e-07
 59  44  0  0  0  2  1.552819e-01  2.000000e-07
 59  43  0 -1  0  2  5.617691e-01  2.000000e-07
 59  88  0  0  0  2  4.712622e-01  2.000000e-07
 59  71  0 -1  0  2  5.182616e-01  2.000000e-07
 59  5  0  0  0  2  1.310487e-01  2.000000e-07
 59  74  0 -1  0  2  1.760354e-01  2.000000e-07
 86  67  0  0  0  2  4.508948e-01  2.000000e-07
 86  88  0  0  0  2  1.940401e-01  2.000000e-07
 79  43  0  0  0  2  2.245120e-01  2.000000e-07
 79  80  1  0  0  2  2.823093e-01  2.000000e-07
 79  0  0  0  0  2  5.638663e-02  2.000000e-07
 79  82  0  0  0  2  1.638644e-01  2.000000e-07
 63  43  0  0  0  2  2.218207e-01  2.000000e-07
 63  88  0  0  0  2  1.456426e-01  2.000000e-07
 63  71  0  0  0  2  2.223137e-01  2.000000e-07
 63  5  0  0  0  2  2.948749e-01  2.000000e-07
 43  71  0  0  0  2  5.764933e-02  2.000000e-07
 67  53  0  1  0  2  4.672830e-01  2.000000e-07
 67  80  0  0  0  2  3.730517e-01  2.000000e-07
 67  0 -1  0  0  2  2.541709e-01  2.000000e-07
 67  82 -1  0  0  2  3.862542e-01  2.000000e-07
 67  71 -1  0  0  2  5.262396e-01  2.000000e-07
 67  74 -1  0  0  2  4.363648e-01  2.000000e-07
 80  0 -1  0  0  2  2.454338e-01  2.000000e-07
 80  82 -1  0  0  2  1.627878e-01  2.000000e-07
 0  69  1  0  0  2  3.622908e-01  2.000000e-07
 0  82  0  0  0  2  1.586673e-01  2.000000e-07
 0  71  0  0  0  2  2.873478e-01  2.000000e-07
 71  74  0  0  0  2  3.427267e-01  2.000000e-07
 5  74  0 -1  0  2  2.345272e-01  2.000000e-07
 1  68  0  0  0  1  2.727102e-01  3.000000e-07
 1  74  0  0  0  1  5.768027e-02  3.000000e-07
 51  65  0 -1  0  1  2.980249e-01  3.000000e-07
 51  56  0  0  0  1  1.187890e-01  3.000000e-07
 51  41  0  0  0  1  1.438671e-01  3.000000e-07
 51  85  0  0  0  1  2.050341e-01  3.000000e-07
 51  59  0  0  0  1  9.799392e-02  3.000000e-07
 51  74  0 -1  0  1  2.417308e-01  3.000000e-07
 76  78 -1  0  0  1  1.614239e-01  3.000000e-07
 76  86  0  0  0  1  5.041396e-02  3.000000e-07
 76  80  0  0  0  1  5.970906e-02  3.000000e-07
 52  83 -1  0  0  1  2.145417e-01  3.000000e-07
 52  55  0  0  0  1  1.837236e-01  3.000000e-07
 52  41 -1  0  0  1  2.613840e-01  3.000000e-07
 52  69  0 -1  0  1  3.085802e-01  3.000000e-07
 52  84  0  0  0  1  1.190610e-01  3.000000e-07
 52  62  0 -1  0  1  3.397964e-01  3.000000e-07
 52  86  0  0  0  1  1.842960e-01  3.000000e-07
 68  4  0  0  0  1  2.630612e-01  3.000000e-07
 68  66  0  0  0  1  2.273499e-01  3.000000e-07
 68  2  0  0  0  1  2.051292e-01  3.000000e-07
 68  71  0  0  0  1  6.035922e-02  3.000000e-07
 68  74  0  0  0  1  3.017206e-01  3.000000e-07
 4  54  0  0  0  1  8.027408e-02  3.000000e-07
 4  60  0  0  0  1  1.928682e-01  3.000000e-07
 4  61  0  0  0  1  1.329262e-01  3.000000e-07
 4  2  0  0  0  1  1.775471e-01  3.000000e-07
 4  5  0  1  0  1  2.474705e-01  3.000000e-07
 66  3  0  0  0  1  2.564982e-01  3.000000e-07
 66  61  0  0  0  1  1.817873e-01  3.000000e-07
 66  57  0  0  0  1  2.855447e-01  3.000000e-07
 66  67  0  0  0  1  3.342245e-01  3.000000e-07
 66  80  0  0  0  1  3.823764e-01  3.000000e-07
 89  46  0  0  0  1  6.178092e-02  3.000000e-07
 89  70  0  0  0  1  8.847740e-02  3.000000e-07
 89  79  0  0  0  1  2.153916e-01  3.000000e-07
 89  43  0  0  0  1  9.274830e-02  3.000000e-07
 89  82  0  0  0  1  1.606400e-01  3.000000e-07
 49  53  0  0  0  1  2.647310e-01  3.000000e-07
 49  46  0  0  0  1  1.488613e-01  3.000000e-07
 49  64  0  0  0  1  9.971642e-02  3.000000e-07
 49  48  0  0  0  1  1.583818e-01  3.000000e-07
 49  70  0  0  0  1  1.214050e-01  3.000000e-07
 49  63  0  0  0  1  1.172910e-01  3.000000e-07
 42  53  0  0  0  1  1.830014e-01  3.000000e-07
 42  77  0  0  0  1  1.593922e-01  3.000000e-07
 42  84  0  0  0  1  7.580070e-02  3.000000e-07
 42  58  0  0  0  1  1.604139e-01  3.000000e-07
 42  86  0  0  0  1  1.101783e-01  3.000000e-07
 83  76  1  0  0  1  2.362829e-01  3.000000e-07
 83  41  0  0  0  1  9.458636e-02  3.000000e-07
 83  78  0  0  0  1  2.483835e-01  3.000000e-07
 83  86  1  0  0  1  2.458048e-01  3.000000e-07
 53  47  0  0  0  1  2.673807e-01  3.000000e-07
 53  84  0  0  0  1  1.779059e-01  3.000000e-07
 53  63  0  0  0  1  2.242598e-01  3.000000e-07
 53  88  0  0  0  1  1.789663e-01  3.000000e-07
 47  59  0  0  0  1  1.798427e-01  3.000000e-07
 47  44  0  0  0  1  9.350344e-02  3.000000e-07
 46  64  0  0  0  1  1.581704e-01  3.000000e-07
 46  70  0  0  0  1  6.476655e-02  3.000000e-07
 46  50  0  0  0  1  1.094673e-01  3.000000e-07
 46  44  0  0  0  1  1.760670e-01  3.000000e-07
 54  56  0  1  0  1  1.468765e-01  3.000000e-07
 54  5  0  1  0  1  2.122802e-01  3.000000e-07
 64  44  0  0  0  1  7.144125e-02  3.000000e-07
 48  70  0  0  0  1  9.816517e-02  3.000000e-07
 48  58  0  0  0  1  2.304277e-01  3.000000e-07
 48  63  0  0  0  1  1.466185e-01  3.000000e-07
 48  71  0  0  0  1  7.616477e-02  3.000000e-07
 55  60  0 -1  0  1  2.644207e-01  3.000000e-07
 55  3  0 -1  0  1  3.341731e-01  3.000000e-07
 55  5  0  0  0  1  2.205989e-01  3.000000e-07
 77  58  0  0  0  1  2.616013e-01  3.000000e-07
 77  86  0  0  0  1  6.056527e-02  3.000000e-07
 65  41  0  1  0  1  3.250803e-01  3.000000e-07
 65  62  1  0  0  1  2.506087e-01  3.000000e-07
 65  79  0  0  0  1  1.774088e-01  3.000000e-07
 65  67  1  0  0  1  2.418345e-01  3.000000e-07
 65  0  0  0  0  1  1.856606e-01  3.000000e-07
 65  74  0  0  0  1  2.042911e-01  3.000000e-07
 56  5  0  0  0  1  1.239441e-01  3.000000e-07
 56  74  0 -1  0  1  1.569510e-01  3.000000e-07
 41  85  0  0  0  1  9.359103e-02  3.000000e-07
 41  62  1 -1  0  1  3.241005e-01  3.000000e-07
 69  3  0  0  0  1  5.519322e-02  3.000000e-07
 84  86  0  0  0  1  9.049948e-02  3.000000e-07
 60  3  0  0  0  1  1.630416e-01  3.000000e-07
 60  61  0  0  0  1  9.864066e-02  3.000000e-07
 60  5  0  1  0  1  2.486029e-01  3.000000e-07
 78  85  0  0  0  1  2.439865e-01  3.000000e-07
 78  50  0  0  0  1  1.634814e-01  3.000000e-07
 78  80  1  0  0  1  1.132296e-01  3.000000e-07
 78  0  0  0  0  1  1.797629e-01  3.000000e-07
 78  82  0  0  0  1  5.015225e-02  3.000000e-07
 3  61  0  0  0  1  2.080198e-01  3.000000e-07
 3  57  0  0  0  1  7.907282e-02  3.000000e-07
 61  2  0  0  0  1  1.072142e-01  3.000000e-07
 45  50  0  0  0  1  9.080753e-02  3.000000e-07
 45  82  0  0  0  1  1.604731e-01  3.000000e-07
 70  43  0  0  0  1  7.978106e-02  3.000000e-07
 85  50  0  0  0  1  1.823505e-01  3.000000e-07
 85  44  0  0  0  1  2.306479e-01  3.000000e-07
 57  62  0  0  0  1  6.960717e-02  3.000000e-07
 57  67  0  0  0  1  7.440996e-02  3.000000e-07
 50  44  0  0  0  1  1.855194e-01  3.000000e-07
 50  82  0  0  0  1  1.426826e-01  3.000000e-07
 58  63  0  0  0  1  1.551321e-01  3.000000e-07
 58  80  0  0  0  1  2.961248e-01  3.000000e-07
 58  88  0  0  0  1  9.897088e-02  3.000000e-07
 59  44  0  0  0  1  1.552819e-01  3.000000e-07
 59  5  0  0  0  1  1.310487e-01  3.000000e-07
 79  43  0  0  0  1  2.245120e-01  3.000000e-07
 79  0  0  0  0  1  5.638663e-02  3.000000e-07
 79  82  0  0  0  1  1.638644e-01  3.000000e-07
 79  71  0  0  0  1  2.334303e-01  3.000000e-07
 63  88  0  0  0  1  1.456426e-01  3.000000e-07
 43  71  0  0  0  1  5.764933e-02  3.000000e-07
 67  80  0  0  0  1  3.730517e-01  3.000000e-07
 67  0 -1  0  0  1  2.541709e-01  3.000000e-07
 80  0 -1  0  0  1  2.454338e-01  3.000000e-07
 0  82  0  0  0  1  1.586673e-01  3.000000e-07
 4.008747e-01  1.460989e-01  0
 9.461123e-02  3.739949e-01  0
-6.517800e-02  2.362799e-01  0
-2.770421e-01  3.784321e-01  0
 5.948470e-02  3.627005e-01  0
 4.803564e-02 -3.900939e-01  0
-3.815367e-01  1.203168e-01 -1.696633e-01
 2.482245e-01 -1.199121e-01  2.565379e-01
 3.109578e-01  3.837676e-02  3.165519e-01
 3.118813e-01  2.662833e-01 -4.265101e-01
-1.580664e-01 -2.023512e-02  1.330635e-01
 2.369626e-01 -3.968916e-01  1.024903e-01
 1.483188e-01 -2.038791e-01  1.242397e-01
-6.963149e-02 -4.424440e-01  1.332508e-01
 1.348464e-01  2.959911e-01  2.451763e-01
 1.145770e-01  3.925587e-02  3.175923e-01
 4.471104e-01 -1.604210e-01  1.476128e-01
-2.633902e-02  1.256179e-01 -2.580807e-01
-2.076468e-01  8.842697e-02  3.279073e-01
-3.706279e-01  2.845729e-02 -2.195301e-01
 3.343013e-01 -3.056668e-01 -3.056808e-01
-2.428340e-01 -2.494362e-01  2.554530e-01
-3.102593e-01  4.460904e-01 -3.676241e-01
-2.603193e-01 -2.958925e-01 -3.914259e-01
-4.361417e-01 -3.692940e-01 -4.003425e-01
-3.422404e-01 -2.483396e-01 -3.529456e-01
-7.537977e-02 -1.395385e-01 -2.475703e-01
-1.475214e-02 -6.003315e-03  2.798016e-01
-7.607845e-02 -2.814760e-02  4.106000e-01
 3.556055e-01 -1.913908e-01  2.776007e-01
 4.855605e-02 -9.725398e-03  3.947834e-01
 4.324935e-02 -7.108679e-02 -4.487143e-01
 3.805866e-01  3.023083e-01 -4.278883e-01
 4.356842e-01  5.163778e-02 -2.333715e-01
 3.766407e-01 -3.646141e-01 -4.444909e-01
-2.899622e-01  3.782435e-01 -2.972791e-01
-7.986381e-02 -3.796271e-01 -3.573467e-01
-2.188015e-01  2.664069e-01  4.137954e-01
 1.851577e-01  3.066497e-01  2.167626e-01
-3.644958e-01  3.468117e-01 -3.617404e-01
 3.173270e-01  1.370624e-01 -2.766072e-01
 4.047364e-01 -3.619449e-01  0
-2.559509e-01 -1.313101e-01  0
 1.638140e-01  9.842334e-03  0
 2.003911e-01 -2.755619e-01  0
 2.470385e-01 -7.156653e-02  0
 2.110227e-01 -9.981616e-02  0
 1.080446e-01 -2.608986e-01  0
 8.051650e-02 -4.101063e-03  0
 7.596429e-02 -1.624174e-01  0
 3.160898e-01 -1.305404e-01  0
 2.637817e-01 -3.907461e-01  0
-3.408993e-01 -3.017752e-01  0
-1.581563e-01 -2.859895e-01  0
 1.232897e-01  4.114124e-01  0
-1.573410e-01 -3.095690e-01  0
 1.586405e-01 -4.460287e-01  0
-3.502723e-01  3.486017e-01  0
-1.498068e-01 -1.103523e-02  0
 1.733396e-01 -4.284694e-01  0
-1.218472e-01  4.284034e-01  0
-7.201459e-02  3.432759e-01  0
-4.173643e-01  3.671438e-01  0
-2.614395e-02 -1.047019e-01  0
 1.382780e-01 -2.402658e-01  0
 3.364579e-01  3.202262e-01  0
-1.273785e-01  1.701243e-01  0
-4.218401e-01  3.282330e-01  0
 8.931525e-02  1.013362e-01  0
-3.310516e-01  3.898018e-01  0
 1.538859e-01 -6.931858e-02  0
 1.282725e-01  5.523224e-02  0
-3.456507e-02  2.232400e-01  2.158515e-01
 1.104585e-01  3.111082e-01 -4.210467e-01
 1.473164e-01  3.974294e-01  0
 4.081345e-01 -4.478485e-03 -1.497423e-01
-4.075596e-01 -9.139846e-02  0
-4.040894e-01 -7.248117e-02  0
 4.437890e-01 -2.846649e-02  0
 3.445731e-01  1.430031e-01  0
-4.440736e-01 -4.415551e-02  0
 4.096169e-01 -3.416933e-01  1.213459e-01
 3.962459e-01 -1.250086e-02  0
 4.460130e-01 -2.768401e-01  0
-3.065052e-01 -1.877903e-01  0
 4.310133e-01 -2.721183e-01  0
-3.654530e-01 -1.191222e-01  0
-1.445706e-01  1.372605e-03 -1.806423e-01
-1.717589e-01 -1.075409e-01  0
 2.388581e-01 -4.466119e-02  0