 737  90  1.200000e-05  58 -2 -2
 70  17  0  1  0  3  3.303694e-01  1.000000e-07
 70  84  0  0  0  3  4.738731e-01  1.000000e-07
 70  19  0  0  0  3  4.883099e-01  1.000000e-07
 70  0  0  0  0  3  2.004975e-01  1.000000e-07
 70  72  0  0  0  3  2.910652e-01  1.000000e-07
 70  73  0  0  0  3  5.454237e-01  1.000000e-07
 70  68  0  0  1  3  5.484227e-01  1.000000e-07
 70  55  0  0  1  3  4.435156e-01  1.000000e-07
 17  84  0 -1  0  3  2.883065e-01  1.000000e-07
 17  19  0 -1  0  3  3.565804e-01  1.000000e-07
 17  82  0  0  0  3  4.176611e-01  1.000000e-07
 17  18  0 -1  0  3  4.204035e-01  1.000000e-07
 17  71  0 -1  0  3  4.124788e-01  1.000000e-07
 17  68  0 -1  1  3  5.531883e-01  1.000000e-07
 17  69  0  0  1  3  5.107335e-01  1.000000e-07
 15  19  0  0  0  3  3.153801e-01  1.000000e-07
 15  81  0  0  0  3  4.509086e-01  1.000000e-07
 15  82  1  0  0  3  6.359132e-01  1.000000e-07
 15  71  0  0  0  3  3.226086e-01  1.000000e-07
 15  72  1  0  0  3  2.523996e-01  1.000000e-07
 15  83  1  1  0  3  4.523448e-01  1.000000e-07
 15  68  0  0  1  3  4.416798e-01  1.000000e-07
 15  20  0  0  1  3  3.231419e-01  1.000000e-07
 15  55  1  0  1  3  5.117988e-01  1.000000e-07
 84  3  0  1  0  3  2.934114e-01  1.000000e-07
 84  71  0  0  0  3  1.562275e-01  1.000000e-07
 84  4  0  1  0  3  5.075163e-01  1.000000e-07
 3  81  0  0  0  3  2.839869e-01  1.000000e-07
 3  83  1  0  0  3  5.241987e-01  1.000000e-07
 3  2  0  0  0  3  2.230043e-01  1.000000e-07
 3  73  0  0  0  3  3.792147e-01  1.000000e-07
 3  56  0  0  1  3  4.900351e-01  1.000000e-07
 1  4  1  0  0  3  5.799508e-01  1.000000e-07
 1  72  1  0  0  3  5.011794e-01  1.000000e-07
 1  83  1  0  0  3  5.280714e-01  1.000000e-07
 1  53  0  0  0  3  2.407597e-01  1.000000e-07
 1  57  1  0  1  3  5.248044e-01  1.000000e-07
 1  54  0  0  1  3  2.788885e-01  1.000000e-07
 1  55  1  0  1  3  6.259951e-01  1.000000e-07
 1  56  0  0  1  3  4.183471e-01  1.000000e-07
 16  19  0  0  0  3  3.867727e-01  1.000000e-07
 16  81  0  0  0  3  1.211190e-01  1.000000e-07
 16  18  0  0  0  3  2.930358e-01  1.000000e-07
 16  73  0  0  0  3  2.686457e-01  1.000000e-07
 19  71  0  0  0  3  1.578691e-01  1.000000e-07
 81  18  0  0  0  3  3.635401e-01  1.000000e-07
 81  53  0  0  0  3  1.253449e-01  1.000000e-07
 81  2  0  0  0  3  2.563719e-01  1.000000e-07
 81  73  0  0  0  3  1.842242e-01  1.000000e-07
 81  68  0  0  1  3  5.300549e-01  1.000000e-07
 0  71 -1  0  0  3  2.775392e-01  1.000000e-07
 0  72  0  0  0  3  1.765296e-01  1.000000e-07
 0  83  0  1  0  3  1.858999e-01  1.000000e-07
 82  4  0  0  0  3  2.031233e-01  1.000000e-07
 82  83  0  0  0  3  1.886378e-01  1.000000e-07
 82  53  0  0  0  3  3.785841e-01  1.000000e-07
 82  73  0  0  0  3  2.981562e-01  1.000000e-07
 82  12  0  0  1  3  5.758650e-01  1.000000e-07
 82  69  0  0  1  3  2.128945e-01  1.000000e-07
 82  20 -1 -1  1  3  5.427222e-01  1.000000e-07
 18  71  0  0  0  3  2.253681e-01  1.000000e-07
 18  72  1  0  0  3  3.526261e-01  1.000000e-07
 71  3  0  1  0  3  3.925750e-01  1.000000e-07
 4  0  0 -1  0  3  2.632081e-01  1.000000e-07
 4  2 -1  0  0  3  5.869803e-01  1.000000e-07
 4  73  0  0  0  3  2.711958e-01  1.000000e-07
 83  12  0 -1  1  3  4.519475e-01  1.000000e-07
 83  20 -1 -1  1  3  5.064838e-01  1.000000e-07
 83  56 -1  0  1  3  6.158028e-01  1.000000e-07
 53  2  0  0  0  3  2.364264e-01  1.000000e-07
 53  54  0  0  1  3  3.352710e-01  1.000000e-07
 53  69  0  0  1  3  4.374239e-01  1.000000e-07
 53  6  0  0  1  3  5.264599e-01  1.000000e-07
 53  55  0  0  1  3  4.078676e-01  1.000000e-07
 53  9  0  0  1  3  5.093038e-01  1.000000e-07
 2  73  1  0  0  3  5.958957e-01  1.000000e-07
 2  54  0  0  1  3  2.830918e-01  1.000000e-07
 12  57  0  0  0  3  4.654566e-01  1.000000e-07
 12  14  0  0  0  3  2.748784e-01  1.000000e-07
 12  20 -1  0  0  3  2.434821e-01  1.000000e-07
 12  49  0  0  0  3  3.735424e-01  1.000000e-07
 12  50  0  0  0  3  2.605119e-01  1.000000e-07
 12  51 -1  0  0  3  3.391138e-01  1.000000e-07
 68  10  0  0  0  3  2.977295e-01  1.000000e-07
 68  14  0  0  0  3  4.276065e-01  1.000000e-07
 68  20  0  0  0  3  3.300217e-01  1.000000e-07
 68  11  0  0  0  3  3.152011e-01  1.000000e-07
 57  10  0  0  0  3  3.573569e-01  1.000000e-07
 57  48 -1  0  0  3  3.190980e-01  1.000000e-07
 57  14  0 -1  0  3  4.276677e-01  1.000000e-07
 57  49  0 -1  0  3  4.013557e-01  1.000000e-07
 57  55  0  0  0  3  4.157660e-01  1.000000e-07
 54  69  0  0  0  3  5.236057e-01  1.000000e-07
 54  7  0  0  0  3  2.852668e-01  1.000000e-07
 54  20  0  0  0  3  4.022249e-01  1.000000e-07
 54  55  0  0  0  3  4.148935e-01  1.000000e-07
 54  9  0  0  0  3  3.744972e-01  1.000000e-07
 54  11  0  0  0  3  3.012880e-01  1.000000e-07
 69  10  0  0  0  3  3.080904e-01  1.000000e-07
 69  14  0 -1  0  3  3.499853e-01  1.000000e-07
 69  55  0  0  0  3  3.360097e-01  1.000000e-07
 69  9  0  0  0  3  3.338410e-01  1.000000e-07
 69  13  0  0  0  3  4.002465e-01  1.000000e-07
 10  8  0  0  0  3  1.764770e-01  1.000000e-07
 10  55  0  0  0  3  1.798330e-01  1.000000e-07
 10  9  0  0  0  3  8.978639e-02  1.000000e-07
 10  50  0  0  0  3  2.541446e-01  1.000000e-07
 10  51 -1  0  0  3  4.699506e-01  1.000000e-07
 8  50  0  0  0  3  2.327727e-01  1.000000e-07
 8  11  0  0  0  3  2.734796e-01  1.000000e-07
 48  5  0  0  0  3  1.889108e-01  1.000000e-07
 48  20  0 -1  0  3  3.840599e-01  1.000000e-07
 48  6  0  0  0  3  2.356846e-01  1.000000e-07
 48  13  0  0  0  3  2.396938e-01  1.000000e-07
 14  20 -1  0  0  3  4.105230e-01  1.000000e-07
 14  49  0  0  0  3  3.006957e-01  1.000000e-07
 14  55  0  0  0  3  3.386534e-01  1.000000e-07
 14  50  0  0  0  3  2.513634e-01  1.000000e-07
 14  13  0  1  0  3  4.393236e-01  1.000000e-07
 7  5  0  0  0  3  8.311471e-02  1.000000e-07
 7  51  0  0  0  3  2.296838e-01  1.000000e-07
 7  56  0  0  0  3  2.402021e-01  1.000000e-07
 7  11  0  0  0  3  9.377671e-02  1.000000e-07
 5  6  0  0  0  3  2.041595e-01  1.000000e-07
 5  51  0  0  0  3  1.931612e-01  1.000000e-07
 5  56  0  0  0  3  2.002068e-01  1.000000e-07
 20  51  0  0  0  3  3.657769e-01  1.000000e-07
 20  56  0  1  0  3  4.036552e-01  1.000000e-07
 49  6  0  1  0  3  4.749032e-01  1.000000e-07
 49  50  0  0  0  3  1.845659e-01  1.000000e-07
 49  13  0  1  0  3  3.589977e-01  1.000000e-07
 6  56  0  0  0  3  2.048897e-01  1.000000e-07
 6  11  0  0  0  3  1.373046e-01  1.000000e-07
 55  9  0  0  0  3  2.534576e-01  1.000000e-07
 55  51 -1  0  0  3  4.704466e-01  1.000000e-07
 9  50  0  0  0  3  3.047927e-01  1.000000e-07
 9  11  0  0  0  3  2.456625e-01  1.000000e-07
 50  51 -1  0  0  3  5.254525e-01  1.000000e-07
 50  13  0  1  0  3  4.450555e-01  1.000000e-07
 51  56  0  0  0  3  2.930927e-01  1.000000e-07
 13  56  0  0  0  3  2.035442e-01  1.000000e-07
 0  88 -1  1  0  3  3.098795e-01  1.000000e-07
 75  48  0  0  0  3  2.371133e-01  1.000000e-07
 72  59  0  0  0  3  3.495884e-01  1.000000e-07
 86  57  0  0  0  3  3.560119e-01  1.000000e-07
 73  33  0  0  0  3  3.309068e-01  1.000000e-07
 45  6  0  0  0  3  1.681639e-01  1.000000e-07
 19  76  0  0  0  3  1.306045e-01  1.000000e-07
 47  68  0  0  0  3  3.232228e-01  1.000000e-07
 70  34  0  0  0  3  3.856842e-01  1.000000e-07
 60  8  0  0  0  3  2.244922e-01  1.000000e-07
 19  47  0  0  0  3  1.198685e-01  1.000000e-07
 76  20  0  0  0  3  3.362434e-01  1.000000e-07
 72  28  0  0  0  3  3.428312e-01  1.000000e-07
 67  8  0  0  0  3  2.574497e-01  1.000000e-07
 2  87  0  0  0  3  3.696043e-01  1.000000e-07
 23  48  0  0  0  3  1.634318e-01  1.000000e-07
 16  52  0  0  0  3  1.571788e-01  1.000000e-07
 62  8  0  0  0  3  2.081045e-01  1.000000e-07
 1  63  0  0  0  3  3.452228e-01  1.000000e-07
 65  5  0  0  0  3  1.493945e-01  1.000000e-07
 72  43  0  0  0  3  2.476271e-01  1.000000e-07
 79  12  0  0  0  3  3.691784e-01  1.000000e-07
 16  45  0  0  0  3  1.751816e-01  1.000000e-07
 66  6  0  0  0  3  1.800105e-01  1.000000e-07
 84  78  0  0  0  3  2.637390e-01  1.000000e-07
 42  49  0  0  0  3  2.665892e-01  1.000000e-07
 18  46  0  0  0  3  2.416098e-01  1.000000e-07
 62  11  0  0  0  3  1.890093e-01  1.000000e-07
 0  85  0  0  0  3  2.160397e-01  1.000000e-07
 43  50  0  0  0  3  2.485401e-01  1.000000e-07
 71  26  0  0  0  3  1.571344e-01  1.000000e-07
 22  51  0  0  0  3  4.156493e-01  1.000000e-07
 16  45  0  0  0  3  1.561083e-01  1.000000e-07
 52  9  0  0  0  3  2.092882e-01  1.000000e-07
 19  76  0  0  0  3  1.731837e-01  1.000000e-07
 47  8  0  0  0  3  2.806994e-01  1.000000e-07
 84  74  0  1  0  3  1.606909e-01  1.000000e-07
 75  13  0  0  0  3  2.434780e-01  1.000000e-07
 18  77  0  0  0  3  2.423462e-01  1.000000e-07
 63  5  0  0  0  3  2.376720e-01  1.000000e-07
 16  44  0  0  0  3  1.499254e-01  1.000000e-07
 45  11  0  0  0  3  1.274466e-01  1.000000e-07
 4  64  0  0  0  3  2.947500e-01  1.000000e-07
 41  57  0  0  0  3  2.779281e-01  1.000000e-07
 81  66  0  0  0  3  2.689317e-01  1.000000e-07
 45  6  0  0  0  3  1.572891e-01  1.000000e-07
 71  37  1  0  0  3  1.727538e-01  1.000000e-07
 43  50  0  0  0  3  3.632853e-01  1.000000e-07
 3  66  0  0  0  3  2.784444e-01  1.000000e-07
 44  11  0  0  0  3  1.396647e-01  1.000000e-07
 72  79  0  0  0  3  3.056787e-01  1.000000e-07
 59  10  0  0  0  3  2.938082e-01  1.000000e-07
 0  85  0  0  0  3  2.085190e-01  1.000000e-07
 43  49  0  0  0  3  1.374743e-01  1.000000e-07
 2  63  0  0  0  3  3.382553e-01  1.000000e-07
 44  7  0  0  0  3  1.276416e-01  1.000000e-07
 73  33  0  0  0  3  2.909766e-01  1.000000e-07
 58  9  0  0  0  3  1.929276e-01  1.000000e-07
 84  47  0  0  0  3  1.356879e-01  1.000000e-07
 78  20  0  0  0  3  3.435802e-01  1.000000e-07
 4  86  0  0  0  3  4.439702e-01  1.000000e-07
 64  5 -1  0  0  3  2.484708e-01  1.000000e-07
 83  88 -1  0  0  3  4.291900e-01  1.000000e-07
 87  48  0  0  0  3  1.928173e-01  1.000000e-07
 19  78  0  0  0  3  1.681247e-01  1.000000e-07
 47  13  0  1  0  3  2.822029e-01  1.000000e-07
 0  67  0  0  0  3  2.945375e-01  1.000000e-07
 61  8  0  0  0  3  2.810742e-01  1.000000e-07
 3  65  0  0  0  3  2.691757e-01  1.000000e-07
 66  7  0  0  0  3  1.438961e-01  1.000000e-07
 18  77  0  0  0  3  2.360942e-01  1.000000e-07
 46  7  0  0  0  3  1.968427e-01  1.000000e-07
 18  46  0  0  0  3  1.998057e-01  1.000000e-07
 62  8  0  0  0  3  2.434507e-01  1.000000e-07
 84  75  0  1  0  3  1.682774e-01  1.000000e-07
 74  48  0  0  0  3  1.974156e-01  1.000000e-07
 4  89  0  0  0  3  2.977723e-01  1.000000e-07
 64  49  0 -1  0  3  1.430417e-01  1.000000e-07
 17  80  0  0  0  3  3.367546e-01  1.000000e-07
 74  13  0  0  0  3  1.928226e-01  1.000000e-07
 2  63  0  0  0  3  3.370072e-01  1.000000e-07
 65  5  0  0  0  3  1.495873e-01  1.000000e-07
 16  44  0  0  0  3  1.686650e-01  1.000000e-07
 45  7  0  0  0  3  1.528070e-01  1.000000e-07
 28  39 -1  0  0  2  4.468125e-01  2.000000e-07
 28  45  0  0  0  2  3.393924e-01  2.000000e-07
 28  58  0  0  0  2  6.782693e-02  2.000000e-07
 28  59  0  0  0  2  1.024250e-01  2.000000e-07
 28  63 -1  0  0  2  5.893703e-01  2.000000e-07
 28  43  0  0  0  2  2.519743e-01  2.000000e-07
 28  60  0  0  0  2  1.147701e-01  2.000000e-07
 28  34  0  0  0  2  1.324340e-01  2.000000e-07
 28  41  0  0  0  2  4.344122e-01  2.000000e-07
 28  35  0  0  0  2  1.914049e-01  2.000000e-07
 28  79  0  0  0  2  1.252840e-01  2.000000e-07
 28  64  0  0  0  2  5.090803e-01  2.000000e-07
 28  67  0  0  0  2  1.193987e-01  2.000000e-07
 39  23  0  0  0  2  3.270837e-01  2.000000e-07
 39  24  0  0  0  2  1.277046e-01  2.000000e-07
 39  44  0  0  0  2  2.907264e-01  2.000000e-07
 39  63  0  0  0  2  1.780424e-01  2.000000e-07
 39  43  1  0  0  2  3.587236e-01  2.000000e-07
 39  22  0  0  0  2  1.047614e-01  2.000000e-07
 39  76  0  0  0  2  2.708190e-01  2.000000e-07
 39  86  1  0  0  2  3.265644e-01  2.000000e-07
 39  77  0  0  0  2  6.310470e-02  2.000000e-07
 39  41  1  0  0  2  5.146057e-01  2.000000e-07
 39  61  1  0  0  2  4.249706e-01  2.000000e-07
 39  79  1  0  0  2  3.348169e-01  2.000000e-07
 39  88  0  0  0  2  3.838463e-01  2.000000e-07
 39  64  1  0  0  2  5.093730e-01  2.000000e-07
 39  65  0  0  0  2  3.242246e-01  2.000000e-07
 39  26  0  0  0  2  1.240692e-01  2.000000e-07
 27  42  0  0  0  2  1.403182e-01  2.000000e-07
 27  40 -1  0  0  2  4.335865e-01  2.000000e-07
 27  58  0  0  0  2  2.117100e-01  2.000000e-07
 27  59  0  0  0  2  2.012453e-01  2.000000e-07
 27  60  0  0  0  2  1.650443e-01  2.000000e-07
 27  85  0  0  0  2  1.498251e-01  2.000000e-07
 27  80  0  1  0  2  3.750096e-01  2.000000e-07
 27  62  0  0  0  2  3.401887e-01  2.000000e-07
 27  61  0  0  0  2  1.433656e-02  2.000000e-07
 27  52  0  0  0  2  3.313577e-01  2.000000e-07
 27  35  0  0  0  2  1.446208e-01  2.000000e-07
 27  79  0  0  0  2  1.255988e-01  2.000000e-07
 27  37  0  0  0  2  2.603929e-01  2.000000e-07
 27  47  0  0  0  2  4.243446e-01  2.000000e-07
 23  36  0  0  0  2  1.120632e-01  2.000000e-07
 23  38  0  0  0  2  1.048534e-01  2.000000e-07
 23  25  0  0  0  2  1.305490e-01  2.000000e-07
 23  40  0  0  0  2  3.393437e-01  2.000000e-07
 23  45  0  0  0  2  3.068128e-01  2.000000e-07
 23  63  0  0  0  2  1.819014e-01  2.000000e-07
 23  78  0 -1  0  2  3.976718e-01  2.000000e-07
 23  88  0  0  0  2  1.034468e-01  2.000000e-07
 23  65  0  0  0  2  6.662186e-02  2.000000e-07
 24  44  0  0  0  2  2.142499e-01  2.000000e-07
 24  40  0  0  0  2  1.390494e-01  2.000000e-07
 24  60  0  0  0  2  5.078668e-01  2.000000e-07
 24  86  1  0  0  2  2.909167e-01  2.000000e-07
 24  41  1  0  0  2  4.754179e-01  2.000000e-07
 24  61  1  0  0  2  5.254360e-01  2.000000e-07
 24  87  0  0  0  2  2.466975e-01  2.000000e-07
 24  88  0  0  0  2  2.680162e-01  2.000000e-07
 24  65  0  0  0  2  1.973934e-01  2.000000e-07
 24  26  0  0  0  2  2.267571e-01  2.000000e-07
 24  66  0  0  0  2  2.739253e-01  2.000000e-07
 44  38  0  0  0  2  2.581520e-01  2.000000e-07
 44  45  0  0  0  2  1.057060e-01  2.000000e-07
 44  58  0  0  0  2  3.061697e-01  2.000000e-07
 44  63  0  0  0  2  1.467398e-01  2.000000e-07
 44  60  0  0  0  2  3.617115e-01  2.000000e-07
 44  76  0  0  0  2  3.196888e-01  2.000000e-07
 44  34  0  0  0  2  4.022775e-01  2.000000e-07
 44  77  0  0  0  2  2.509366e-01  2.000000e-07
 44  52  0  0  0  2  1.978412e-01  2.000000e-07
 44  65  0  0  0  2  1.980357e-01  2.000000e-07
 44  26  0  0  0  2  3.084094e-01  2.000000e-07
 44  66  0  0  0  2  1.066199e-01  2.000000e-07
 36  30  0  0  0  2  2.933866e-01  2.000000e-07
 36  38  0  0  0  2  3.269850e-02  2.000000e-07
 36  25  0  0  0  2  2.243617e-01  2.000000e-07
 36  74  0  0  0  2  1.093927e-01  2.000000e-07
 36  40  0  0  0  2  4.046034e-01  2.000000e-07
 36  45  0  0  0  2  2.368593e-01  2.000000e-07
 36  75  0  0  0  2  1.095490e-01  2.000000e-07
 36  63  0  0  0  2  2.227473e-01  2.000000e-07
 36  76  0 -1  0  2  4.718817e-01  2.000000e-07
 36  46  0  0  0  2  3.940608e-01  2.000000e-07
 36  85  1 -1  0  2  5.645348e-01  2.000000e-07
 36  86  1  0  0  2  4.196097e-01  2.000000e-07
 36  78  0 -1  0  2  3.177702e-01  2.000000e-07
 36  87  0  0  0  2  9.230122e-02  2.000000e-07
 36  88  0  0  0  2  1.903545e-01  2.000000e-07
 36  47  0 -1  0  2  3.577392e-01  2.000000e-07
 36  31  0  0  0  2  2.859160e-01  2.000000e-07
 36  66  0  0  0  2  1.568711e-01  2.000000e-07
 36  33  0  0  0  2  2.782416e-01  2.000000e-07
 30  38  0  0  0  2  3.083610e-01  2.000000e-07
 30  42  0 -1  0  2  2.784962e-01  2.000000e-07
 30  45  0  0  0  2  2.615051e-01  2.000000e-07
 30  58  0  0  0  2  4.699919e-01  2.000000e-07
 30  34  0 -1  0  2  3.881038e-01  2.000000e-07
 30  80  0  0  0  2  1.025190e-01  2.000000e-07
 30  89  0  0  0  2  1.802125e-01  2.000000e-07
 30  78  0 -1  0  2  2.812141e-01  2.000000e-07
 30  41  0  0  0  2  1.815163e-01  2.000000e-07
 30  35  0 -1  0  2  3.242377e-01  2.000000e-07
 30  64  0  0  0  2  2.429344e-01  2.000000e-07
 30  31  0  0  0  2  4.367632e-02  2.000000e-07
 38  42  0 -1  0  2  4.793577e-01  2.000000e-07
 38  45  0  0  0  2  2.693041e-01  2.000000e-07
 38  75  0  0  0  2  7.762221e-02  2.000000e-07
 38  63  0  0  0  2  2.422497e-01  2.000000e-07
 38  43  1 -1  0  2  5.565163e-01  2.000000e-07
 38  80  0  0  0  2  2.572700e-01  2.000000e-07
 38  78  0 -1  0  2  3.026631e-01  2.000000e-07
 38  87  0  0  0  2  7.293062e-02  2.000000e-07
 38  88  0  0  0  2  1.675664e-01  2.000000e-07
 38  65  0  0  0  2  8.638070e-02  2.000000e-07
 38  37  1 -1  0  2  4.104195e-01  2.000000e-07
 38  26  0 -1  0  2  5.239215e-01  2.000000e-07
 25  74  0  0  0  2  3.290894e-01  2.000000e-07
 25  40  0  0  0  2  2.177524e-01  2.000000e-07
 25  75  0  0  0  2  2.719130e-01  2.000000e-07
 25  63  0  0  0  2  1.162167e-01  2.000000e-07
 25  85  1 -1  0  2  5.489221e-01  2.000000e-07
 25  86  1  0  0  2  2.378379e-01  2.000000e-07
 25  87  0  0  0  2  1.767814e-01  2.000000e-07
 25  88  0  0  0  2  1.811702e-01  2.000000e-07
 25  65  0  0  0  2  1.534694e-01  2.000000e-07
 25  66  0  0  0  2  2.799545e-01  2.000000e-07
 42  75  0  1  0  2  4.611985e-01  2.000000e-07
 42  43  0  0  0  2  2.355110e-01  2.000000e-07
 42  60  0  0  0  2  1.565439e-01  2.000000e-07
 42  34  0  0  0  2  1.157282e-01  2.000000e-07
 42  85  0  0  0  2  1.932189e-01  2.000000e-07
 42  29  0  1  0  2  3.097142e-01  2.000000e-07
 42  80  0  1  0  2  2.404183e-01  2.000000e-07
 42  32  0  1  0  2  3.803899e-01  2.000000e-07
 42  89  0  1  0  2  2.398297e-01  2.000000e-07
 42  78  0  0  0  2  2.270385e-01  2.000000e-07
 42  41  0  1  0  2  3.644554e-01  2.000000e-07
 42  61  0  0  0  2  1.510016e-01  2.000000e-07
 42  37  0  0  0  2  3.328748e-01  2.000000e-07
 42  47  0  0  0  2  3.065078e-01  2.000000e-07
 42  26  0  0  0  2  4.855870e-01  2.000000e-07
 42  67  0  0  0  2  1.170683e-01  2.000000e-07
 74  85  1 -1  0  2  5.657137e-01  2.000000e-07
 74  29  0  0  0  2  2.314592e-01  2.000000e-07
 74  80  0  0  0  2  1.644957e-01  2.000000e-07
 74  78  0 -1  0  2  2.094601e-01  2.000000e-07
 74  47  0 -1  0  2  2.604597e-01  2.000000e-07
 74  31  0  0  0  2  2.132704e-01  2.000000e-07
 74  66  0  0  0  2  2.167576e-01  2.000000e-07
 74  33  0  0  0  2  3.011985e-01  2.000000e-07
 40  59  1  0  0  2  3.655383e-01  2.000000e-07
 40  63  0  0  0  2  1.852408e-01  2.000000e-07
 40  22  0  0  0  2  8.905653e-02  2.000000e-07
 40  46  0  0  0  2  2.889168e-01  2.000000e-07
 40  85  1  0  0  2  4.500781e-01  2.000000e-07
 40  21  0  0  0  2  8.112774e-02  2.000000e-07
 40  86  1  0  0  2  3.418744e-01  2.000000e-07
 40  61  1  0  0  2  4.252716e-01  2.000000e-07
 40  79  1  0  0  2  3.379804e-01  2.000000e-07
 40  88  0  0  0  2  3.981433e-01  2.000000e-07
 40  37  1  0  0  2  3.841628e-01  2.000000e-07
 40  47  0  0  0  2  3.393063e-01  2.000000e-07
 40  26  0  0  0  2  1.082473e-01  2.000000e-07
 40  66  0  0  0  2  3.789932e-01  2.000000e-07
 45  58  0  0  0  2  2.778880e-01  2.000000e-07
 45  63  0  0  0  2  2.449017e-01  2.000000e-07
 45  60  0  0  0  2  3.609076e-01  2.000000e-07
 45  34  0  0  0  2  4.023446e-01  2.000000e-07
 45  80  0  0  0  2  3.076921e-01  2.000000e-07
 45  32  0  0  0  2  2.805724e-01  2.000000e-07
 45  41  0  0  0  2  3.238564e-01  2.000000e-07
 45  52  0  0  0  2  2.262310e-01  2.000000e-07
 45  65  0  0  0  2  2.404350e-01  2.000000e-07
 45  66  0  0  0  2  8.018021e-02  2.000000e-07
 45  33  0  0  0  2  7.781600e-02  2.000000e-07
 58  59  0  0  0  2  1.445179e-01  2.000000e-07
 58  76  0  0  0  2  3.226236e-01  2.000000e-07
 58  34  0  0  0  2  1.450871e-01  2.000000e-07
 58  41  0  0  0  2  4.160677e-01  2.000000e-07
 58  52  0  0  0  2  1.564532e-01  2.000000e-07
 58  35  0  0  0  2  2.089612e-01  2.000000e-07
 58  79  0  0  0  2  1.914329e-01  2.000000e-07
 58  64  0  0  0  2  4.986779e-01  2.000000e-07
 58  33  0  0  0  2  2.734731e-01  2.000000e-07
 59  63 -1  0  0  2  4.910516e-01  2.000000e-07
 59  60  0  0  0  2  2.170859e-01  2.000000e-07
 59  21 -1  0  0  2  4.262185e-01  2.000000e-07
 59  86  0  0  0  2  2.818524e-01  2.000000e-07
 59  62  0  0  0  2  3.072857e-01  2.000000e-07
 59  61  0  0  0  2  1.869342e-01  2.000000e-07
 59  52  0  0  0  2  2.989308e-01  2.000000e-07
 59  35  0  0  0  2  2.847433e-01  2.000000e-07
 59  79  0  0  0  2  9.759324e-02  2.000000e-07
 59  88 -1  0  0  2  5.271641e-01  2.000000e-07
 59  64  0  0  0  2  4.320365e-01  2.000000e-07
 59  33  0  0  0  2  3.223008e-01  2.000000e-07
 75  85  1 -1  0  2  4.718897e-01  2.000000e-07
 75  86  1  0  0  2  4.111863e-01  2.000000e-07
 75  80  0  0  0  2  2.647781e-01  2.000000e-07
 75  78  0 -1  0  2  2.600796e-01  2.000000e-07
 75  87  0  0  0  2  9.513313e-02  2.000000e-07
 75  65  0  0  0  2  1.541516e-01  2.000000e-07
 75  37  1 -1  0  2  3.427079e-01  2.000000e-07
 75  47  0 -1  0  2  2.725019e-01  2.000000e-07
 75  26  0 -1  0  2  4.490838e-01  2.000000e-07
 75  66  0  0  0  2  2.637706e-01  2.000000e-07
 63  22  0  0  0  2  2.312008e-01  2.000000e-07
 63  76  0  0  0  2  3.321555e-01  2.000000e-07
 63  46  0  0  0  2  2.495255e-01  2.000000e-07
 63  21  0  0  0  2  2.182216e-01  2.000000e-07
 63  77  0  0  0  2  1.670362e-01  2.000000e-07
 63  52  0  0  0  2  2.954507e-01  2.000000e-07
 63  79  1  0  0  2  4.915639e-01  2.000000e-07
 63  88  0  0  0  2  2.697756e-01  2.000000e-07
 63  64  1  0  0  2  4.875959e-01  2.000000e-07
 63  65  0  0  0  2  1.563047e-01  2.000000e-07
 63  33  0  0  0  2  3.217281e-01  2.000000e-07
 43  22 -1  0  0  2  3.596022e-01  2.000000e-07
 43  60  0  0  0  2  2.880682e-01  2.000000e-07
 43  76 -1  0  0  2  4.706090e-01  2.000000e-07
 43  34  0  0  0  2  2.607693e-01  2.000000e-07
 43  86  0  0  0  2  4.851676e-01  2.000000e-07
 43  77 -1  0  0  2  3.933362e-01  2.000000e-07
 43  89  0  1  0  2  2.837857e-01  2.000000e-07
 43  78 -1  0  0  2  5.577544e-01  2.000000e-07
 43  41  0  0  0  2  6.140755e-01  2.000000e-07
 43  41  0  1  0  2  4.129610e-01  2.000000e-07
 43  61  0  0  0  2  1.262699e-01  2.000000e-07
 43  79  0  0  0  2  1.575659e-01  2.000000e-07
 43  88 -1  1  0  2  4.425273e-01  2.000000e-07
 43  64  0  1  0  2  3.396232e-01  2.000000e-07
 43  37  0  0  0  2  1.474341e-01  2.000000e-07
 43  26 -1  0  0  2  3.561934e-01  2.000000e-07
 43  67  0  0  0  2  1.878414e-01  2.000000e-07
 22  76  0  0  0  2  1.708183e-01  2.000000e-07
 22  85  1  0  0  2  4.441417e-01  2.000000e-07
 22  79  1  0  0  2  3.805583e-01  2.000000e-07
 22  88  0  1  0  2  5.366494e-01  2.000000e-07
 22  64  1  1  0  2  6.165441e-01  2.000000e-07
 22  47  0  0  0  2  2.503057e-01  2.000000e-07
 60  76  0  0  0  2  2.664958e-01  2.000000e-07
 60  46  0  0  0  2  2.164360e-01  2.000000e-07
 60  34  0  0  0  2  4.152028e-02  2.000000e-07
 60  86  0  0  0  2  4.883367e-01  2.000000e-07
 60  62  0  0  0  2  1.788402e-01  2.000000e-07
 60  32  0  0  0  2  4.918395e-01  2.000000e-07
 60  77  0  0  0  2  4.312877e-01  2.000000e-07
 60  78  0  0  0  2  2.708665e-01  2.000000e-07
 60  41  0  0  0  2  5.263832e-01  2.000000e-07
 60  61  0  0  0  2  1.619794e-01  2.000000e-07
 60  47  0  0  0  2  3.013639e-01  2.000000e-07
 60  26  0  0  0  2  4.068091e-01  2.000000e-07
 60  66  0  0  0  2  4.324637e-01  2.000000e-07
 60  67  0  0  0  2  1.011928e-01  2.000000e-07
 60  33  0  0  0  2  3.716873e-01  2.000000e-07
 76  46  0  0  0  2  1.781529e-01  2.000000e-07
 76  34  0  0  0  2  2.821913e-01  2.000000e-07
 76  21  0  0  0  2  1.757770e-01  2.000000e-07
 76  62  0  0  0  2  1.921421e-01  2.000000e-07
 76  77  0  0  0  2  2.143739e-01  2.000000e-07
 76  78  0  0  0  2  1.933886e-01  2.000000e-07
 76  52  0  0  0  2  1.958607e-01  2.000000e-07
 76  35  0  0  0  2  2.863005e-01  2.000000e-07
 76  88  0  1  0  2  4.921238e-01  2.000000e-07
 76  47  0  0  0  2  1.143685e-01  2.000000e-07
 46  21  0  0  0  2  2.375570e-01  2.000000e-07
 46  62  0  0  0  2  4.052264e-02  2.000000e-07
 46  52  0  0  0  2  4.958674e-02  2.000000e-07
 46  47  0  0  0  2  2.831945e-01  2.000000e-07
 46  26  0  0  0  2  2.436538e-01  2.000000e-07
 46  66  0  0  0  2  2.640796e-01  2.000000e-07
 46  33  0  0  0  2  2.708794e-01  2.000000e-07
 34  89  0  1  0  2  3.518870e-01  2.000000e-07
 34  78  0  0  0  2  2.567664e-01  2.000000e-07
 34  52  0  0  0  2  2.088663e-01  2.000000e-07
 34  35  0  0  0  2  6.387513e-02  2.000000e-07
 34  67  0  0  0  2  7.390873e-02  2.000000e-07
 85  29  0  1  0  2  3.602160e-01  2.000000e-07
 85  86  0  1  0  2  4.283233e-01  2.000000e-07
 85  32  0  1  0  2  3.461698e-01  2.000000e-07
 85  61  0  0  0  2  1.611162e-01  2.000000e-07
 85  35  0  0  0  2  2.361993e-01  2.000000e-07
 85  87 -1  1  0  2  4.835153e-01  2.000000e-07
 85  79  0  0  0  2  2.402803e-01  2.000000e-07
 85  88 -1  1  0  2  3.972689e-01  2.000000e-07
 85  64  0  1  0  2  2.435156e-01  2.000000e-07
 85  37  0  0  0  2  1.401058e-01  2.000000e-07
 85  47 -1  0  0  2  5.080511e-01  2.000000e-07
 85  31  0  1  0  2  3.238539e-01  2.000000e-07
 85  67  0  0  0  2  2.029475e-01  2.000000e-07
 21  79  1  0  0  2  3.839758e-01  2.000000e-07
 21  47  0  0  0  2  2.593953e-01  2.000000e-07
 29  86  0  0  0  2  3.598959e-01  2.000000e-07
 29  80  0  0  0  2  1.199048e-01  2.000000e-07
 29  32  0  0  0  2  1.558874e-01  2.000000e-07
 29  64  0  0  0  2  2.518222e-01  2.000000e-07
 29  65  0  0  0  2  3.352645e-01  2.000000e-07
 29  31  0  0  0  2  6.961465e-02  2.000000e-07
 29  66  0  0  0  2  2.257654e-01  2.000000e-07
 29  33  0  0  0  2  1.796092e-01  2.000000e-07
 86  41  0  0  0  2  1.889330e-01  2.000000e-07
 86  61  0  0  0  2  4.600259e-01  2.000000e-07
 86  87 -1  0  0  2  3.362936e-01  2.000000e-07
 86  88 -1  0  0  2  2.608386e-01  2.000000e-07
 86  64  0  0  0  2  1.919392e-01  2.000000e-07
 86  37  0 -1  0  2  4.106400e-01  2.000000e-07
 86  26 -1  0  0  2  4.489401e-01  2.000000e-07
 86  33  0  0  0  2  3.540764e-01  2.000000e-07
 80  85  0 -1  0  2  3.540538e-01  2.000000e-07
 80  32  0  0  0  2  2.663747e-01  2.000000e-07
 80  41  0  0  0  2  2.803453e-01  2.000000e-07
 80  35  0 -1  0  2  2.722288e-01  2.000000e-07
 80  65  0  0  0  2  3.224322e-01  2.000000e-07
 80  47  0 -1  0  2  2.796746e-01  2.000000e-07
 80  31  0  0  0  2  6.282639e-02  2.000000e-07
 80  66  0  0  0  2  2.719152e-01  2.000000e-07
 62  52  0  0  0  2  9.074386e-03  2.000000e-07
 62  35  0  0  0  2  2.626907e-01  2.000000e-07
 62  47  0  0  0  2  2.879106e-01  2.000000e-07
 62  66  0  0  0  2  2.794189e-01  2.000000e-07
 62  33  0  0  0  2  2.661255e-01  2.000000e-07
 32  41  0  0  0  2  4.358872e-02  2.000000e-07
 32  65  0  0  0  2  4.613897e-01  2.000000e-07
 32  37  0 -1  0  2  3.982524e-01  2.000000e-07
 32  66  0  0  0  2  3.173133e-01  2.000000e-07
 32  33  0  0  0  2  2.036704e-01  2.000000e-07
 77  24  0  0  0  2  1.406493e-01  2.000000e-07
 77  78  0  0  0  2  4.031423e-01  2.000000e-07
 77  37  1  0  0  2  4.064181e-01  2.000000e-07
 77  26  0  0  0  2  8.620058e-02  2.000000e-07
 89  78  0 -1  0  2  3.741977e-01  2.000000e-07
 89  41  0  0  0  2  1.363934e-01  2.000000e-07
 89  35  0 -1  0  2  2.973320e-01  2.000000e-07
 89  79  0 -1  0  2  4.094092e-01  2.000000e-07
 89  88 -1  0  0  2  3.750761e-01  2.000000e-07
 89  64  0  0  0  2  1.070355e-01  2.000000e-07
 89  31  0  0  0  2  1.908924e-01  2.000000e-07
 89  67  0 -1  0  2  3.220913e-01  2.000000e-07
 78  35  0  0  0  2  2.168408e-01  2.000000e-07
 78  88  0  1  0  2  4.029758e-01  2.000000e-07
 78  37  1  0  0  2  4.510961e-01  2.000000e-07
 78  47  0  0  0  2  1.038850e-01  2.000000e-07
 78  26  0  0  0  2  3.315167e-01  2.000000e-07
 78  31  0  1  0  2  2.381467e-01  2.000000e-07
 41  87 -1  0  0  2  4.574849e-01  2.000000e-07
 41  88 -1  0  0  2  3.623288e-01  2.000000e-07
 41  64  0  0  0  2  9.639299e-02  2.000000e-07
 41  65 -1  0  0  2  5.081374e-01  2.000000e-07
 41  37  0 -1  0  2  3.563084e-01  2.000000e-07
 61  37  0  0  0  2  2.667990e-01  2.000000e-07
 61  26 -1  0  0  2  4.523283e-01  2.000000e-07
 52  35  0  0  0  2  2.554718e-01  2.000000e-07
 52  47  0  0  0  2  2.892645e-01  2.000000e-07
 52  33  0  0  0  2  2.663750e-01  2.000000e-07
 35  79  0  0  0  2  2.470813e-01  2.000000e-07
 35  64  0  1  0  2  4.018307e-01  2.000000e-07
 35  47  0  0  0  2  2.802815e-01  2.000000e-07
 35  31  0  1  0  2  2.883128e-01  2.000000e-07
 35  67  0  0  0  2  9.693130e-02  2.000000e-07
 87  88  0  0  0  2  9.826745e-02  2.000000e-07
 87  65  0  0  0  2  8.251668e-02  2.000000e-07
 87  37  1 -1  0  2  3.697989e-01  2.000000e-07
 87  66  0  0  0  2  2.358614e-01  2.000000e-07
 79  64  0  0  0  2  5.173851e-01  2.000000e-07
 79  64  0  1  0  2  4.835355e-01  2.000000e-07
 79  67  0  0  0  2  1.501841e-01  2.000000e-07
 88  79  1 -1  0  2  5.977887e-01  2.000000e-07
 88  64  1  0  0  2  2.867487e-01  2.000000e-07
 88  65  0  0  0  2  1.681445e-01  2.000000e-07
 88  37  1 -1  0  2  2.970247e-01  2.000000e-07
 88  47  0 -1  0  2  3.923125e-01  2.000000e-07
 64  31  0  0  0  2  2.683090e-01  2.000000e-07
 64  67  0 -1  0  2  4.167545e-01  2.000000e-07
 64  33  0  0  0  2  3.432908e-01  2.000000e-07
 65  86  1  0  0  2  3.633283e-01  2.000000e-07
 65  66  0  0  0  2  1.639205e-01  2.000000e-07
 37  89  0  1  0  2  2.583904e-01  2.000000e-07
 37  47 -1  0  0  2  3.727240e-01  2.000000e-07
 37  26 -1  0  0  2  3.420743e-01  2.000000e-07
 47  26  0  0  0  2  2.311772e-01  2.000000e-07
 47  31  0  1  0  2  3.392507e-01  2.000000e-07
 26  66  0  0  0  2  4.103156e-01  2.000000e-07
 31  33  0  0  0  2  2.460895e-01  2.000000e-07
 66  33  0  0  0  2  1.352083e-01  2.000000e-07
 28  58  0  0  0  1  6.782693e-02  3.000000e-07
 28  59  0  0  0  1  1.024250e-01  3.000000e-07
 28  60  0  0  0  1  1.147701e-01  3.000000e-07
 28  79  0  0  0  1  1.252840e-01  3.000000e-07
 28  67  0  0  0  1  1.193987e-01  3.000000e-07
 39  24  0  0  0  1  1.277046e-01  3.000000e-07
 39  25  0  0  0  1  2.039472e-01  3.000000e-07
 39  86  1  0  0  1  3.265644e-01  3.000000e-07
 39  79  1  0  0  1  3.348169e-01  3.000000e-07
 27  42  0  0  0  1  1.403182e-01  3.000000e-07
 27  43  0  0  0  1  1.235938e-01  3.000000e-07
 27  85  0  0  0  1  1.498251e-01  3.000000e-07
 27  67  0  0  0  1  6.427660e-02  3.000000e-07
 23  25  0  0  0  1  1.305490e-01  3.000000e-07
 23  88  0  0  0  1  1.034468e-01  3.000000e-07
 23  65  0  0  0  1  6.662186e-02  3.000000e-07
 24  25  0  0  0  1  8.868765e-02  3.000000e-07
 24  63  0  0  0  1  6.979356e-02  3.000000e-07
 24  77  0  0  0  1  1.406493e-01  3.000000e-07
 44  45  0  0  0  1  1.057060e-01  3.000000e-07
 44  63  0  0  0  1  1.467398e-01  3.000000e-07
 44  46  0  0  0  1  1.675827e-01  3.000000e-07
 44  62  0  0  0  1  1.914166e-01  3.000000e-07
 44  65  0  0  0  1  1.980357e-01  3.000000e-07
 44  66  0  0  0  1  1.066199e-01  3.000000e-07
 36  74  0  0  0  1  1.093927e-01  3.000000e-07
 36  65  0  0  0  1  7.264555e-02  3.000000e-07
 36  66  0  0  0  1  1.568711e-01  3.000000e-07
 30  32  0  0  0  1  1.641962e-01  3.000000e-07
 30  89  0  0  0  1  1.802125e-01  3.000000e-07
 30  41  0  0  0  1  1.815163e-01  3.000000e-07
 38  74  0  0  0  1  1.008419e-01  3.000000e-07
 38  75  0  0  0  1  7.762221e-02  3.000000e-07
 38  87  0  0  0  1  7.293062e-02  3.000000e-07
 38  65  0  0  0  1  8.638070e-02  3.000000e-07
 25  86  1  0  0  1  2.378379e-01  3.000000e-07
 25  88  0  0  0  1  1.811702e-01  3.000000e-07
 25  65  0  0  0  1  1.534694e-01  3.000000e-07
 42  85  0  0  0  1  1.932189e-01  3.000000e-07
 42  80  0  1  0  1  2.404183e-01  3.000000e-07
 42  89  0  1  0  1  2.398297e-01  3.000000e-07
 42  78  0  0  0  1  2.270385e-01  3.000000e-07
 42  31  0  1  0  1  2.461212e-01  3.000000e-07
 74  75  0  0  0  1  1.026326e-01  3.000000e-07
 74  29  0  0  0  1  2.314592e-01  3.000000e-07
 74  80  0  0  0  1  1.644957e-01  3.000000e-07
 74  78  0 -1  0  1  2.094601e-01  3.000000e-07
 74  47  0 -1  0  1  2.604597e-01  3.000000e-07
 40  43  1  0  0  1  3.547260e-01  3.000000e-07
 40  22  0  0  0  1  8.905653e-02  3.000000e-07
 40  21  0  0  0  1  8.112774e-02  3.000000e-07
 40  77  0  0  0  1  5.306497e-02  3.000000e-07
 40  79  1  0  0  1  3.379804e-01  3.000000e-07
 40  26  0  0  0  1  1.082473e-01  3.000000e-07
 45  58  0  0  0  1  2.778880e-01  3.000000e-07
 45  62  0  0  0  1  2.235693e-01  3.000000e-07
 45  66  0  0  0  1  8.018021e-02  3.000000e-07
 45  33  0  0  0  1  7.781600e-02  3.000000e-07
 58  59  0  0  0  1  1.445179e-01  3.000000e-07
 58  60  0  0  0  1  1.104157e-01  3.000000e-07
 58  52  0  0  0  1  1.564532e-01  3.000000e-07
 58  33  0  0  0  1  2.734731e-01  3.000000e-07
 59  39 -1  0  0  1  3.583270e-01  3.000000e-07
 59  86  0  0  0  1  2.818524e-01  3.000000e-07
 59  32  0  0  0  1  3.459621e-01  3.000000e-07
 59  33  0  0  0  1  3.223008e-01  3.000000e-07
 75  87  0  0  0  1  9.513313e-02  3.000000e-07
 75  88  0  0  0  1  1.514239e-01  3.000000e-07
 75  37  1 -1  0  1  3.427079e-01  3.000000e-07
 75  47  0 -1  0  1  2.725019e-01  3.000000e-07
 63  46  0  0  0  1  2.495255e-01  3.000000e-07
 63  77  0  0  0  1  1.670362e-01  3.000000e-07
 63  65  0  0  0  1  1.563047e-01  3.000000e-07
 43  85  0  0  0  1  1.026923e-01  3.000000e-07
 43  61  0  0  0  1  1.262699e-01  3.000000e-07
 43  37  0  0  0  1  1.474341e-01  3.000000e-07
 43  26 -1  0  0  1  3.561934e-01  3.000000e-07
 60  76  0  0  0  1  2.664958e-01  3.000000e-07
 60  52  0  0  0  1  1.704114e-01  3.000000e-07
 60  35  0  0  0  1  1.022037e-01  3.000000e-07
 60  67  0  0  0  1  1.011928e-01  3.000000e-07
 76  46  0  0  0  1  1.781529e-01  3.000000e-07
 76  21  0  0  0  1  1.757770e-01  3.000000e-07
 76  62  0  0  0  1  1.921421e-01  3.000000e-07
 76  78  0  0  0  1  1.933886e-01  3.000000e-07
 76  52  0  0  0  1  1.958607e-01  3.000000e-07
 76  35  0  0  0  1  2.863005e-01  3.000000e-07
 76  47  0  0  0  1  1.143685e-01  3.000000e-07
 76  26  0  0  0  1  1.563113e-01  3.000000e-07
 46  21  0  0  0  1  2.375570e-01  3.000000e-07
 46  77  0  0  0  1  2.359563e-01  3.000000e-07
 34  35  0  0  0  1  6.387513e-02  3.000000e-07
 34  67  0  0  0  1  7.390873e-02  3.000000e-07
 85  89  0  1  0  1  1.810975e-01  3.000000e-07
 85  64  0  1  0  1  2.435156e-01  3.000000e-07
 85  37  0  0  0  1  1.401058e-01  3.000000e-07
 21  77  0  0  0  1  5.377972e-02  3.000000e-07
 29  80  0  0  0  1  1.199048e-01  3.000000e-07
 29  32  0  0  0  1  1.558874e-01  3.000000e-07
 29  31  0  0  0  1  6.961465e-02  3.000000e-07
 29  66  0  0  0  1  2.257654e-01  3.000000e-07
 86  32  0  0  0  1  2.040313e-01  3.000000e-07
 86  41  0  0  0  1  1.889330e-01  3.000000e-07
 86  64  0  0  0  1  1.919392e-01  3.000000e-07
 80  78  0 -1  0  1  1.811924e-01  3.000000e-07
 80  31  0  0  0  1  6.282639e-02  3.000000e-07
 32  33  0  0  0  1  2.036704e-01  3.000000e-07
 89  41  0  0  0  1  1.363934e-01  3.000000e-07
 89  64  0  0  0  1  1.070355e-01  3.000000e-07
 89  31  0  0  0  1  1.908924e-01  3.000000e-07
 78  35  0  0  0  1  2.168408e-01  3.000000e-07
 78  47  0  0  0  1  1.038850e-01  3.000000e-07
 41  64  0  0  0  1  9.639299e-02  3.000000e-07
 61  79  0  0  0  1  1.121471e-01  3.000000e-07
 61  67  0  0  0  1  6.347188e-02  3.000000e-07
 35  67  0  0  0  1  9.693130e-02  3.000000e-07
 87  88  0  0  0  1  9.826745e-02  3.000000e-07
 87  65  0  0  0  1  8.251668e-02  3.000000e-07
 88  64  1  0  0  1  2.867487e-01  3.000000e-07
 88  37  1 -1  0  1  2.970247e-01  3.000000e-07
 64  37  0 -1  0  1  2.646580e-01  3.000000e-07
 65  66  0  0  0  1  1.639205e-01  3.000000e-07
 37  47 -1  0  0  1  3.727240e-01  3.000000e-07
 37  26 -1  0  0  1  3.420743e-01  3.000000e-07
 47  26  0  0  0  1  2.311772e-01  3.000000e-07
 66  33  0  0  0  1  1.352083e-01  3.000000e-07
-3.147344e-01  4.286542e-01  1.942302e-01
 3.099607e-01 -1.105912e-01  3.447470e-01
 3.047842e-01 -1.025529e-01  3.361091e-01
 2.257782e-01 -2.861741e-01  2.372546e-01
-1.731074e-01 -3.616150e-01  2.665718e-01
 3.223850e-01 -1.333828e-01 -1.491886e-01
 1.328650e-01 -2.091114e-01 -1.438531e-01
 2.532626e-01 -9.300565e-02 -1.268318e-01
 5.835936e-03  1.379984e-01 -1.853520e-01
-6.043629e-02  3.664007e-03 -1.876845e-01
-1.281750e-01  3.556273e-02 -2.372379e-01
 1.611808e-01 -7.707611e-02 -1.190043e-01
-3.785713e-01  2.275292e-01 -3.679794e-01
 1.090177e-01 -3.686759e-01 -1.919520e-01
-2.008204e-01  4.283674e-01 -4.282023e-01
 4.025773e-01  2.276070e-01  3.775049e-01
 1.012386e-01  2.056908e-03  1.399941e-01
 1.367835e-01 -4.105771e-01  3.352342e-01
 2.755015e-01  2.373340e-01  1.521227e-01
 2.756109e-01  3.463390e-01  1.143570e-01
 4.122836e-01  3.429171e-01 -3.207831e-01
 3.699001e-01  1.524749e-01  0
 3.724990e-01  1.651912e-01  0
 3.647388e-01 -2.392031e-01  0
 3.930425e-01 -4.048466e-02  0
 4.248008e-01 -1.232911e-01  0
 3.669236e-01  1.847632e-01  0
-1.888366e-01  2.947308e-01  0
-1.253870e-01  1.551267e-01  0
-1.761658e-02 -3.159085e-01  0
-2.623436e-02 -3.460404e-01  0
-5.442696e-03 -3.844504e-01  0
-1.579116e-01 -2.479512e-01  0
 1.426324e-02 -1.391511e-01  0
-5.431257e-02  2.668729e-01  0
-4.870946e-02  3.305018e-01  0
 2.580041e-01 -2.733479e-01  0
-4.050867e-01  4.397839e-01  0
 2.784916e-01 -2.988324e-01  0
 4.340861e-01  8.044464e-02  0
 4.266034e-01  9.445382e-02  0
-1.928493e-01 -2.740152e-01  0
-7.758118e-02  3.802377e-01  0
-3.075089e-01  3.292607e-01  0
 1.797134e-01 -6.032591e-02  0
 8.643336e-02 -1.100512e-01  0
 1.377833e-01  1.019265e-01  0
 2.287592e-01  3.701102e-01  0
 3.399879e-01 -3.214708e-01 -1.486209e-01
-1.896400e-01  4.426446e-01 -1.280538e-01
-1.698332e-01  2.858904e-01 -2.234497e-01
 4.073136e-01 -2.066366e-02 -2.810704e-01
 9.027943e-02  1.161471e-01  0
 7.022553e-02 -1.320574e-01  3.391373e-01
 2.467599e-01 -1.476812e-02 -4.010830e-01
-1.536567e-01  9.378594e-02 -4.054659e-01
 2.728831e-01 -2.810384e-01 -2.750066e-01
-3.743827e-01 -2.230612e-01 -2.513581e-01
-6.605420e-02  1.222616e-01  0
-2.078583e-01  9.438653e-02  0
-3.748234e-02  2.289166e-01  0
-1.910086e-01  2.805598e-01  0
 9.885258e-02  1.131729e-01  0
 3.264494e-01 -6.137721e-02  0
-2.688358e-01 -3.333251e-01  0
 3.023575e-01 -2.158140e-01  0
 1.475315e-01 -1.619731e-01  0
-1.278267e-01  2.745005e-01  0
 1.226358e-01  1.893204e-01 -2.830131e-01
-2.284284e-01 -2.301464e-01 -3.566851e-01
-1.578200e-01  4.408607e-01  3.184401e-01
 4.234951e-01  4.009955e-01  1.062575e-01
-3.870880e-01  2.764646e-01  2.468228e-01
-1.016889e-01 -1.005127e-01  2.830689e-01
 2.073584e-01 -3.703107e-01  0
 3.099897e-01 -3.697765e-01  0
 2.276594e-01  2.557470e-01  0
 3.737193e-01  9.883093e-02  0
 1.439219e-01  4.300663e-01  0
-2.473890e-01  1.836153e-01  0
 4.918594e-02 -4.154805e-01  0
 7.101604e-02 -4.822133e-02  2.459588e-01
-2.514686e-01 -3.017869e-01  4.441646e-01
-2.847650e-01 -4.488486e-01  3.308137e-01
 2.754840e-01  4.466296e-01  1.266847e-01
-2.659687e-01  4.231762e-01  0
-3.394648e-01 -1.548533e-01  0
 3.497611e-01 -2.833558e-01  0
 4.460006e-01 -3.032167e-01  0
-1.945633e-01 -4.103979e-01  0