 723  90  1.200000e-05  78 -2 -2
 36  33  0  0  0  3  2.578919e-01  1.000000e-07
 36  85  0  0  0  3  2.180155e-01  1.000000e-07
 36  37  0  0  0  3  2.597670e-01  1.000000e-07
 36  9 -1  0  0  3  4.815001e-01  1.000000e-07
 36  54  0  0  1  3  4.986547e-01  1.000000e-07
 36  8  0  0  1  3  4.207711e-01  1.000000e-07
 36  24 -1  0  1  3  4.607091e-01  1.000000e-07
 36  22 -1  0  1  3  5.447492e-01  1.000000e-07
 36  17  0  0  1  3  4.834995e-01  1.000000e-07
 84  34  0  0  0  3  2.005962e-01  1.000000e-07
 84  37  1  0  0  3  3.059701e-01  1.000000e-07
 84  5  0  0  0  3  2.380219e-01  1.000000e-07
 84  10  0  0  0  3  1.805931e-01  1.000000e-07
 84  9  0 -1  0  3  5.759795e-01  1.000000e-07
 84  9  0  0  0  3  4.727445e-01  1.000000e-07
 84  15  0  0  0  3  4.832687e-01  1.000000e-07
 84  87  1  0  0  3  3.247372e-01  1.000000e-07
 84  20  0 -1  1  3  5.932632e-01  1.000000e-07
 31  32  0  0  0  3  1.134670e-01  1.000000e-07
 31  12  0  0  0  3  1.249460e-01  1.000000e-07
 31  85  0  0  0  3  2.537976e-01  1.000000e-07
 31  37  0  0  0  3  1.628820e-01  1.000000e-07
 31  11  0  0  0  3  2.260928e-01  1.000000e-07
 31  15  0  0  0  3  3.304550e-01  1.000000e-07
 31  87  0  0  0  3  2.326525e-01  1.000000e-07
 31  35  0  0  1  3  3.108765e-01  1.000000e-07
 31  19  0  0  1  3  4.479654e-01  1.000000e-07
 32  12  0  0  0  3  3.615143e-02  1.000000e-07
 32  34  0  0  0  3  3.297892e-01  1.000000e-07
 32  11  0  0  0  3  1.402405e-01  1.000000e-07
 32  15  0  0  0  3  3.356116e-01  1.000000e-07
 32  14  0  0  0  3  1.167934e-01  1.000000e-07
 32  35  0  0  1  3  2.888453e-01  1.000000e-07
 32  19  0  0  1  3  4.826142e-01  1.000000e-07
 32  21  0  0  1  3  4.356933e-01  1.000000e-07
 12  33  0  0  0  3  1.397097e-01  1.000000e-07
 12  34  0  0  0  3  3.254544e-01  1.000000e-07
 12  13  0  0  0  3  2.363109e-01  1.000000e-07
 12  14  0  0  0  3  1.200456e-01  1.000000e-07
 12  35  0  0  1  3  2.671452e-01  1.000000e-07
 33  11  0  0  0  3  2.729500e-01  1.000000e-07
 33  15  0  1  0  3  5.881510e-01  1.000000e-07
 33  14  0  0  0  3  2.177599e-01  1.000000e-07
 33  20  0  0  1  3  5.722365e-01  1.000000e-07
 33  16  0  0  1  3  3.795641e-01  1.000000e-07
 33  19  0  1  1  3  5.573897e-01  1.000000e-07
 33  28  0  0  1  3  2.679448e-01  1.000000e-07
 34  11  0  0  0  3  3.494594e-01  1.000000e-07
 34  10  0  0  0  3  2.328099e-01  1.000000e-07
 34  9  0  0  0  3  3.595661e-01  1.000000e-07
 34  13  0  0  0  3  4.484837e-01  1.000000e-07
 34  20  0  0  1  3  4.675235e-01  1.000000e-07
 34  35  0  0  1  3  3.215911e-01  1.000000e-07
 85  86  0  0  0  3  3.614028e-01  1.000000e-07
 85  37  0  0  0  3  1.355314e-01  1.000000e-07
 85  5 -1  0  0  3  3.702323e-01  1.000000e-07
 85  9 -1  0  0  3  5.187882e-01  1.000000e-07
 85  87  0  0  0  3  1.981197e-01  1.000000e-07
 85  14  0  0  0  3  2.836908e-01  1.000000e-07
 85  75 -1  0  1  3  4.056607e-01  1.000000e-07
 86  5 -1  0  0  3  5.694185e-01  1.000000e-07
 86  15  0  1  0  3  4.769936e-01  1.000000e-07
 86  14  0  0  0  3  2.325119e-01  1.000000e-07
 86  27  0  0  1  3  5.976293e-01  1.000000e-07
 86  17  0  0  1  3  5.619095e-01  1.000000e-07
 37  9 -1 -1  0  3  6.469488e-01  1.000000e-07
 37  14  0  0  0  3  2.629665e-01  1.000000e-07
 37  8  0  0  1  3  4.024954e-01  1.000000e-07
 37  18  0  0  1  3  4.973564e-01  1.000000e-07
 37  75 -1  0  1  3  4.185156e-01  1.000000e-07
 5  87  1  0  0  3  4.032723e-01  1.000000e-07
 5  65  0  0  0  3  1.766586e-01  1.000000e-07
 11  15  0  0  0  3  3.577091e-01  1.000000e-07
 11  14  0  0  0  3  1.208976e-01  1.000000e-07
 10  9  0 -1  0  3  5.264206e-01  1.000000e-07
 10  15  0  0  0  3  3.951927e-01  1.000000e-07
 10  87  1  0  0  3  3.708531e-01  1.000000e-07
 10  65  0  0  0  3  1.380456e-01  1.000000e-07
 9  65  0  1  0  3  4.759416e-01  1.000000e-07
 87  13  0  0  0  3  3.305908e-01  1.000000e-07
 87  14  0  0  0  3  2.104706e-01  1.000000e-07
 13  14  0  0  0  3  1.683243e-01  1.000000e-07
 20  23  0  1  0  3  3.108022e-01  1.000000e-07
 20  54  1  0  0  3  3.961391e-01  1.000000e-07
 20  24  0  0  0  3  1.856423e-01  1.000000e-07
 20  22  0  0  0  3  4.168358e-01  1.000000e-07
 20  75  0  0  0  3  5.483289e-01  1.000000e-07
 20  29  0  0  0  3  2.534988e-01  1.000000e-07
 35  19  0  0  0  3  4.275963e-01  1.000000e-07
 35  22  0  0  0  3  1.685809e-01  1.000000e-07
 35  53  0  0  0  3  2.765530e-01  1.000000e-07
 35  28  0  0  0  3  2.191801e-01  1.000000e-07
 35  21  0  0  0  3  2.301310e-01  1.000000e-07
 23  19  0  0  0  3  1.520539e-01  1.000000e-07
 23  24  0 -1  0  3  3.808691e-01  1.000000e-07
 23  27  0 -1  0  3  2.732374e-01  1.000000e-07
 23  74  0  0  0  3  1.217753e-01  1.000000e-07
 23  25  0  0  0  3  1.990321e-01  1.000000e-07
 23  21  0  0  0  3  2.649202e-01  1.000000e-07
 23  75  0  0  0  3  3.397927e-01  1.000000e-07
 23  29  0 -1  0  3  3.026783e-01  1.000000e-07
 16  27  0  0  0  3  2.414438e-01  1.000000e-07
 16  30  0  0  0  3  2.567207e-01  1.000000e-07
 16  53  0  0  0  3  3.193471e-01  1.000000e-07
 16  28  0  0  0  3  3.033251e-01  1.000000e-07
 16  29  0  0  0  3  2.282746e-01  1.000000e-07
 16  17  0  0  0  3  2.059951e-01  1.000000e-07
 54  8  0  0  0  3  4.540895e-01  1.000000e-07
 54  24 -1  0  0  3  2.338125e-01  1.000000e-07
 54  18  0  1  0  3  3.522357e-01  1.000000e-07
 54  30 -1  0  0  3  4.995061e-01  1.000000e-07
 54  28  0  0  0  3  4.389038e-01  1.000000e-07
 54  17  0  0  0  3  2.327524e-01  1.000000e-07
 8  53  0  0  0  3  2.298507e-01  1.000000e-07
 19  27  0 -1  0  3  2.877454e-01  1.000000e-07
 19  53  0  0  0  3  3.942694e-01  1.000000e-07
 19  26  0  0  0  3  2.594247e-01  1.000000e-07
 19  25  0  0  0  3  2.629942e-01  1.000000e-07
 24  18  1  1  0  3  4.515304e-01  1.000000e-07
 24  22  0  0  0  3  4.336574e-01  1.000000e-07
 24  28  1  0  0  3  5.278726e-01  1.000000e-07
 24  74  0  1  0  3  4.518685e-01  1.000000e-07
 18  27  0 -1  0  3  3.113970e-01  1.000000e-07
 18  28  0  0  0  3  4.002540e-01  1.000000e-07
 18  26  0  0  0  3  2.908719e-01  1.000000e-07
 18  25  0  0  0  3  2.819663e-01  1.000000e-07
 22  30  0  0  0  3  1.670293e-01  1.000000e-07
 22  53  0  0  0  3  3.058830e-01  1.000000e-07
 22  21  0  0  0  3  2.061176e-01  1.000000e-07
 22  75  0  0  0  3  2.936298e-01  1.000000e-07
 22  29  0  0  0  3  3.273945e-01  1.000000e-07
 27  25  0  1  0  3  1.858490e-01  1.000000e-07
 27  29  0  0  0  3  2.902183e-01  1.000000e-07
 27  17  0  0  0  3  1.505397e-01  1.000000e-07
 30  53  0  0  0  3  3.508872e-01  1.000000e-07
 30  74  0  0  0  3  4.021683e-01  1.000000e-07
 30  26  0  0  0  3  4.125032e-01  1.000000e-07
 53  28  0  0  0  3  1.814595e-01  1.000000e-07
 53  26  0  0  0  3  2.553572e-01  1.000000e-07
 53  21  0  0  0  3  1.980339e-01  1.000000e-07
 28  21  0  0  0  3  2.955432e-01  1.000000e-07
 28  17  0  0  0  3  3.596245e-01  1.000000e-07
 74  26  0  0  0  3  9.929100e-02  1.000000e-07
 74  25  0  0  0  3  1.324445e-01  1.000000e-07
 74  21  0  0  0  3  2.111952e-01  1.000000e-07
 74  75  0  0  0  3  3.337423e-01  1.000000e-07
 74  29  0 -1  0  3  3.669461e-01  1.000000e-07
 26  25  0  0  0  3  9.176887e-02  1.000000e-07
 26  21  0  0  0  3  2.092137e-01  1.000000e-07
 25  29  0 -1  0  3  3.539635e-01  1.000000e-07
 21  75  0  0  0  3  3.186461e-01  1.000000e-07
 29  17  0  0  0  3  3.597097e-01  1.000000e-07
 10  57  0  0  0  3  1.731872e-01  1.000000e-07
 2  75  0  0  0  3  3.080916e-01  1.000000e-07
 87  39  0  0  0  3  1.848055e-01  1.000000e-07
 63  8  0  0  0  3  2.025586e-01  1.000000e-07
 5  7  0  0  0  3  1.267504e-01  1.000000e-07
 82  30  0  0  0  3  2.006867e-01  1.000000e-07
 15  73  0  0  0  3  2.337664e-01  1.000000e-07
 70  25  0  0  0  3  1.483822e-01  1.000000e-07
 9  68  0  1  0  3  2.545777e-01  1.000000e-07
 0  74  0  0  0  3  2.817540e-01  1.000000e-07
 10  67  1  0  0  3  3.119238e-01  1.000000e-07
 63  18  0  0  0  3  2.764003e-01  1.000000e-07
 65  58  0  0  0  3  1.171764e-01  1.000000e-07
 57  75  0  0  0  3  3.327199e-01  1.000000e-07
 11  81  0  0  0  3  2.343094e-01  1.000000e-07
 62  26  0  0  0  3  2.277025e-01  1.000000e-07
 86  42  0  0  0  3  2.890597e-01  1.000000e-07
 48  17  0  0  0  3  1.848587e-01  1.000000e-07
 13  79  0  0  0  3  2.804622e-01  1.000000e-07
 61  29  0  0  0  3  2.904852e-01  1.000000e-07
 15  70  0  0  0  3  2.583147e-01  1.000000e-07
 73  27  0 -1  0  3  2.193941e-01  1.000000e-07
 5  82  0  0  0  3  1.844353e-01  1.000000e-07
 80  24  0  0  0  3  3.482514e-01  1.000000e-07
 5  7  0  0  0  3  1.700708e-01  1.000000e-07
 83  16  0  0  0  3  3.339127e-01  1.000000e-07
 13  81  0  0  0  3  2.281527e-01  1.000000e-07
 51  53  0  0  0  3  2.545021e-01  1.000000e-07
 11  81  0  0  0  3  2.084782e-01  1.000000e-07
 49  8  0  0  0  3  2.486618e-01  1.000000e-07
 5  82  0  0  0  3  1.903008e-01  1.000000e-07
 80  8  1  0  0  3  3.235573e-01  1.000000e-07
 13  72  0  0  0  3  2.093845e-01  1.000000e-07
 79  16  0  0  0  3  2.588764e-01  1.000000e-07
 13  51  0  0  0  3  2.062220e-01  1.000000e-07
 72  17  0  0  0  3  1.933376e-01  1.000000e-07
 11  78  0  0  0  3  2.243236e-01  1.000000e-07
 83  30  0  0  0  3  2.491623e-01  1.000000e-07
 65  73  0  0  0  3  1.567001e-01  1.000000e-07
 58  25  0  0  0  3  2.162674e-01  1.000000e-07
 65  2  0  0  0  3  2.553314e-01  1.000000e-07
 57  18  1  0  0  3  3.611344e-01  1.000000e-07
 65  7  0  0  0  3  1.399498e-01  1.000000e-07
 58  30  0  0  0  3  2.476775e-01  1.000000e-07
 87  49  0  0  0  3  2.153031e-01  1.000000e-07
 39  53  0  0  0  3  2.458650e-01  1.000000e-07
 86  43  0  0  0  3  3.003655e-01  1.000000e-07
 42  54  0  0  0  3  1.191496e-01  1.000000e-07
 8  57 -1  0  0  3  2.877565e-01  1.000000e-07
 82  10  0  0  0  3  2.416822e-01  1.000000e-07
 13  50  0  0  0  3  2.432145e-01  1.000000e-07
 52  8  0  0  0  3  2.604022e-01  1.000000e-07
 86  45  0  1  0  3  3.945710e-01  1.000000e-07
 71  18  0  0  0  3  2.144672e-01  1.000000e-07
 65  58  0  0  0  3  1.334931e-01  1.000000e-07
 73  26  0  0  0  3  2.067016e-01  1.000000e-07
 65  58  0  0  0  3  1.201292e-01  1.000000e-07
 1  74  0  0  0  3  2.264640e-01  1.000000e-07
 44  67  0  1  0  2  5.364070e-01  2.000000e-07
 44  55  0  0  0  2  2.652178e-01  2.000000e-07
 44  56 -1  0  0  2  3.412720e-01  2.000000e-07
 44  71  0  1  0  2  4.012706e-01  2.000000e-07
 44  48  0  0  0  2  2.848605e-01  2.000000e-07
 44  45  0  1  0  2  4.845066e-01  2.000000e-07
 44  47  0  1  0  2  5.978211e-01  2.000000e-07
 44  79  0  0  0  2  4.282541e-01  2.000000e-07
 44  50  0  0  0  2  1.922179e-01  2.000000e-07
 44  80 -1  0  0  2  2.165510e-01  2.000000e-07
 44  72  0  0  0  2  3.267219e-01  2.000000e-07
 44  60 -1  0  0  2  4.154309e-01  2.000000e-07
 44  81  0  0  0  2  3.732012e-01  2.000000e-07
 44  82 -1  0  0  2  2.557171e-01  2.000000e-07
 44  41  0  0  0  2  2.396918e-01  2.000000e-07
 44  51  0  0  0  2  1.783791e-01  2.000000e-07
 44  52  0  0  0  2  1.492038e-01  2.000000e-07
 44  43  0  0  0  2  1.610501e-01  2.000000e-07
 44  83 -1  0  0  2  5.308708e-01  2.000000e-07
 44  83  0  0  0  2  4.993304e-01  2.000000e-07
 44  42  0  0  0  2  2.378668e-01  2.000000e-07
 3  67  1  0  0  2  2.023656e-01  2.000000e-07
 3  68  0  0  0  2  2.515587e-01  2.000000e-07
 3  56  0 -1  0  2  4.507914e-01  2.000000e-07
 3  57  0  0  0  2  2.074710e-01  2.000000e-07
 3  69  1  0  0  2  2.332287e-01  2.000000e-07
 3  70  0  0  0  2  2.900699e-01  2.000000e-07
 3  59  0  0  0  2  6.104800e-02  2.000000e-07
 3  4  0 -1  0  2  2.592655e-01  2.000000e-07
 3  60  0 -1  0  2  3.273040e-01  2.000000e-07
 3  1  0  0  0  2  1.887687e-01  2.000000e-07
 3  2  0  0  0  2  1.462277e-01  2.000000e-07
 3  0  0  0  0  2  2.237527e-01  2.000000e-07
 3  76  1  0  0  2  3.240834e-01  2.000000e-07
 3  66  0 -1  0  2  3.408659e-01  2.000000e-07
 67  57 -1  0  0  2  2.770957e-01  2.000000e-07
 67  70 -1  0  0  2  4.864866e-01  2.000000e-07
 67  71  0  0  0  2  1.363869e-01  2.000000e-07
 67  45  0  0  0  2  8.072461e-02  2.000000e-07
 67  47  0  0  0  2  2.625049e-01  2.000000e-07
 67  59 -1  0  0  2  2.631152e-01  2.000000e-07
 67  50  0  0  0  2  2.861460e-01  2.000000e-07
 67  60 -1 -1  0  2  5.019601e-01  2.000000e-07
 67  81  0  0  0  2  3.087231e-01  2.000000e-07
 67  82 -1  0  0  2  3.840121e-01  2.000000e-07
 67  41  0  0  0  2  2.312312e-01  2.000000e-07
 67  76  0  0  0  2  1.247262e-01  2.000000e-07
 67  83 -1  0  0  2  6.023880e-01  2.000000e-07
 67  66 -1 -1  0  2  5.407152e-01  2.000000e-07
 68  56  0 -1  0  2  4.053803e-01  2.000000e-07
 68  70  0  0  0  2  4.986506e-02  2.000000e-07
 68  89  0 -1  0  2  3.003620e-01  2.000000e-07
 68  4  0 -1  0  2  2.066455e-01  2.000000e-07
 68  72  0 -1  0  2  4.043246e-01  2.000000e-07
 68  60  0 -1  0  2  2.530121e-01  2.000000e-07
 68  61  0 -1  0  2  3.026131e-01  2.000000e-07
 68  73  0  0  0  2  1.666844e-01  2.000000e-07
 68  0  0  0  0  2  5.030312e-02  2.000000e-07
 68  77  0 -1  0  2  2.525528e-01  2.000000e-07
 55  6 -1  0  0  2  4.583584e-01  2.000000e-07
 55  69  0  1  0  2  2.374503e-01  2.000000e-07
 55  71  0  1  0  2  1.538887e-01  2.000000e-07
 55  48  0  0  0  2  1.824195e-01  2.000000e-07
 55  45  0  1  0  2  2.203341e-01  2.000000e-07
 55  89  0  0  0  2  2.521479e-01  2.000000e-07
 55  59 -1  1  0  2  3.570970e-01  2.000000e-07
 55  4 -1  0  0  2  3.862141e-01  2.000000e-07
 55  80 -1  0  0  2  4.385643e-01  2.000000e-07
 55  60 -1  0  0  2  4.203463e-01  2.000000e-07
 55  46  0  1  0  2  3.397253e-01  2.000000e-07
 55  51  0  0  0  2  2.462348e-01  2.000000e-07
 55  43  0  0  0  2  1.730473e-01  2.000000e-07
 55  42  0  0  0  2  1.591721e-01  2.000000e-07
 55  64 -1  0  0  2  3.855403e-01  2.000000e-07
 56  57  0  0  0  2  3.770639e-01  2.000000e-07
 56  70  0  1  0  2  4.446289e-01  2.000000e-07
 56  71  1  1  0  2  4.810004e-01  2.000000e-07
 56  78  0  0  0  2  2.912917e-01  2.000000e-07
 56  4  0  0  0  2  2.126499e-01  2.000000e-07
 56  50  1  0  0  2  4.454355e-01  2.000000e-07
 56  72  0  0  0  2  3.498777e-01  2.000000e-07
 56  60  0  0  0  2  1.528839e-01  2.000000e-07
 56  61  0  0  0  2  2.449626e-01  2.000000e-07
 56  7  0  0  0  2  2.383554e-01  2.000000e-07
 56  82  0  0  0  2  2.071047e-01  2.000000e-07
 56  62  0  0  0  2  3.243885e-01  2.000000e-07
 56  41  1  0  0  2  3.945319e-01  2.000000e-07
 56  77  0  0  0  2  1.700918e-01  2.000000e-07
 56  43  1  0  0  2  4.647443e-01  2.000000e-07
 56  83  0  0  0  2  2.353636e-01  2.000000e-07
 56  64  0  0  0  2  5.984911e-02  2.000000e-07
 57  69  1  0  0  2  3.311977e-01  2.000000e-07
 57  70  0  0  0  2  3.157736e-01  2.000000e-07
 57  58  0  0  0  2  1.719540e-01  2.000000e-07
 57  49  1  0  0  2  4.046575e-01  2.000000e-07
 57  7  0  0  0  2  2.261750e-01  2.000000e-07
 57  1  0  0  0  2  1.717619e-01  2.000000e-07
 57  2  0  0  0  2  8.255443e-02  2.000000e-07
 57  62  0  0  0  2  2.684924e-01  2.000000e-07
 57  41  1  0  0  2  2.401171e-01  2.000000e-07
 57  63  1  0  0  2  2.629313e-01  2.000000e-07
 57  76  1  0  0  2  3.883444e-01  2.000000e-07
 57  83  0  0  0  2  3.294203e-01  2.000000e-07
 57  64  0  0  0  2  3.864834e-01  2.000000e-07
 57  66  0 -1  0  2  4.461252e-01  2.000000e-07
 6  59  0  1  0  2  4.070920e-01  2.000000e-07
 6  79  0  0  0  2  2.046717e-01  2.000000e-07
 6  80  0  0  0  2  2.526478e-01  2.000000e-07
 6  60  0  0  0  2  1.274470e-01  2.000000e-07
 6  61  0  0  0  2  2.088650e-01  2.000000e-07
 6  7  0  0  0  2  2.490165e-01  2.000000e-07
 6  82  0  0  0  2  2.424581e-01  2.000000e-07
 6  88  0  0  0  2  2.299181e-01  2.000000e-07
 6  77  0  0  0  2  1.353500e-01  2.000000e-07
 6  64  0  0  0  2  8.753192e-02  2.000000e-07
 6  66  0  0  0  2  2.584558e-01  2.000000e-07
 69  71  0  0  0  2  1.123552e-01  2.000000e-07
 69  89  0 -1  0  2  3.596489e-01  2.000000e-07
 69  59 -1  0  0  2  2.940342e-01  2.000000e-07
 69  49  0  0  0  2  2.471114e-01  2.000000e-07
 69  46  0  0  0  2  1.727722e-01  2.000000e-07
 69  40  0  0  0  2  1.929308e-01  2.000000e-07
 69  38  0  0  0  2  1.480269e-01  2.000000e-07
 69  63  0  0  0  2  2.105238e-01  2.000000e-07
 69  76  0  0  0  2  9.545931e-02  2.000000e-07
 70  71  0  0  0  2  5.348247e-01  2.000000e-07
 70  89  0 -1  0  2  2.833820e-01  2.000000e-07
 70  47  0  0  0  2  2.773458e-01  2.000000e-07
 70  79  0 -1  0  2  4.105851e-01  2.000000e-07
 70  72  0 -1  0  2  4.061673e-01  2.000000e-07
 70  60  0 -1  0  2  2.939307e-01  2.000000e-07
 70  61  0 -1  0  2  3.173872e-01  2.000000e-07
 70  73  0  0  0  2  1.194076e-01  2.000000e-07
 70  1  0  0  0  2  1.452294e-01  2.000000e-07
 70  2  0  0  0  2  2.474310e-01  2.000000e-07
 70  0  0  0  0  2  6.803199e-02  2.000000e-07
 70  62  0  0  0  2  3.125026e-01  2.000000e-07
 70  51  0 -1  0  2  5.151866e-01  2.000000e-07
 70  76  0  0  0  2  4.096614e-01  2.000000e-07
 70  83  0 -1  0  2  5.717486e-01  2.000000e-07
 70  83  0  0  0  2  4.289684e-01  2.000000e-07
 70  66  0 -1  0  2  1.681543e-01  2.000000e-07
 71  3 -1  0  0  2  1.884401e-01  2.000000e-07
 71  48  0 -1  0  2  3.144174e-01  2.000000e-07
 71  45  0  0  0  2  1.093690e-01  2.000000e-07
 71  47  0  0  0  2  3.099432e-01  2.000000e-07
 71  59 -1  0  0  2  2.413878e-01  2.000000e-07
 71  4 -1 -1  0  2  3.532593e-01  2.000000e-07
 71  60 -1 -1  0  2  4.076260e-01  2.000000e-07
 71  76  0  0  0  2  1.998830e-01  2.000000e-07
 71  43  0 -1  0  2  3.269219e-01  2.000000e-07
 71  64 -1 -1  0  2  4.327063e-01  2.000000e-07
 48  69  0  1  0  2  3.565179e-01  2.000000e-07
 48  70  0  1  0  2  3.882980e-01  2.000000e-07
 48  45  0  1  0  2  3.325778e-01  2.000000e-07
 48  89  0  0  0  2  1.050622e-01  2.000000e-07
 48  47  0  1  0  2  3.531215e-01  2.000000e-07
 48  79  0  0  0  2  2.649488e-01  2.000000e-07
 48  72  0  0  0  2  1.514433e-01  2.000000e-07
 48  61  0  0  0  2  2.381063e-01  2.000000e-07
 48  51  0  0  0  2  1.455765e-01  2.000000e-07
 48  76  0  1  0  2  3.671479e-01  2.000000e-07
 48  43  0  0  0  2  1.238265e-01  2.000000e-07
 58  47  0  0  0  2  3.350474e-01  2.000000e-07
 58  59  0  0  0  2  2.614107e-01  2.000000e-07
 58  7  0  0  0  2  1.671370e-01  2.000000e-07
 58  81  0  0  0  2  3.337146e-01  2.000000e-07
 58  73  0  0  0  2  1.631386e-01  2.000000e-07
 58  82  0  0  0  2  3.102721e-01  2.000000e-07
 58  1  0  0  0  2  1.232149e-01  2.000000e-07
 58  62  0  0  0  2  1.383761e-01  2.000000e-07
 58  88  0  0  0  2  2.830502e-01  2.000000e-07
 58  63  1  0  0  2  4.345546e-01  2.000000e-07
 58  83  0  0  0  2  2.434635e-01  2.000000e-07
 58  66  0 -1  0  2  3.710689e-01  2.000000e-07
 45  47  0  0  0  2  2.114453e-01  2.000000e-07
 45  59 -1  0  0  2  3.103729e-01  2.000000e-07
 45  60 -1 -1  0  2  5.134211e-01  2.000000e-07
 45  46  0  0  0  2  1.641174e-01  2.000000e-07
 45  81  0  0  0  2  2.992917e-01  2.000000e-07
 45  82 -1  0  0  2  4.616080e-01  2.000000e-07
 45  40  0  0  0  2  1.998424e-01  2.000000e-07
 45  51  0 -1  0  2  4.473485e-01  2.000000e-07
 45  63  0  0  0  2  2.301955e-01  2.000000e-07
 45  52  0  0  0  2  3.697386e-01  2.000000e-07
 45  42  0 -1  0  2  3.380118e-01  2.000000e-07
 89  47  0  1  0  2  2.904681e-01  2.000000e-07
 89  79  0  0  0  2  2.542609e-01  2.000000e-07
 89  72  0  0  0  2  1.737278e-01  2.000000e-07
 89  61  0  0  0  2  1.924622e-01  2.000000e-07
 89  46  0  1  0  2  3.310972e-01  2.000000e-07
 89  38  0  1  0  2  3.627363e-01  2.000000e-07
 89  77  0  0  0  2  2.829820e-01  2.000000e-07
 89  76  0  1  0  2  3.423066e-01  2.000000e-07
 89  43  0  0  0  2  2.286009e-01  2.000000e-07
 89  42  0  0  0  2  1.528998e-01  2.000000e-07
 89  66  0  0  0  2  2.152299e-01  2.000000e-07
 47  59  0  0  0  2  4.997219e-01  2.000000e-07
 47  50  0  0  0  2  3.310858e-01  2.000000e-07
 47  46  0  0  0  2  6.851716e-02  2.000000e-07
 47  81  0  0  0  2  1.646091e-01  2.000000e-07
 47  73  0  0  0  2  1.911405e-01  2.000000e-07
 47  40  0  0  0  2  1.765379e-01  2.000000e-07
 47  62  0  0  0  2  3.218287e-01  2.000000e-07
 47  51  0 -1  0  2  4.973228e-01  2.000000e-07
 47  76  0  0  0  2  1.380924e-01  2.000000e-07
 47  83  0  0  0  2  4.084792e-01  2.000000e-07
 47  42  0 -1  0  2  3.846379e-01  2.000000e-07
 47  66  0 -1  0  2  3.735429e-01  2.000000e-07
 78  49  0  0  0  2  3.270434e-01  2.000000e-07
 78  50  0  0  0  2  3.892160e-01  2.000000e-07
 78  72  0  0  0  2  2.712113e-01  2.000000e-07
 78  61  0  0  0  2  2.915404e-01  2.000000e-07
 78  7  0  0  0  2  1.329723e-01  2.000000e-07
 78  73  0  0  0  2  2.994988e-01  2.000000e-07
 78  62  0  0  0  2  9.778665e-02  2.000000e-07
 78  88  0  0  0  2  6.396355e-02  2.000000e-07
 78  76  0  0  0  2  4.457966e-01  2.000000e-07
 78  83  0  0  0  2  5.637543e-02  2.000000e-07
 59  4  0 -1  0  2  2.184123e-01  2.000000e-07
 59  60  0 -1  0  2  2.872404e-01  2.000000e-07
 59  46  1  0  0  2  4.633109e-01  2.000000e-07
 59  73  0  0  0  2  3.144856e-01  2.000000e-07
 59  82  0  0  0  2  4.204309e-01  2.000000e-07
 59  1  0  0  0  2  1.450497e-01  2.000000e-07
 59  40  1  0  0  2  4.417219e-01  2.000000e-07
 59  2  0  0  0  2  1.380386e-01  2.000000e-07
 59  0  0  0  0  2  1.655673e-01  2.000000e-07
 59  63  1  0  0  2  3.678876e-01  2.000000e-07
 59  77  0 -1  0  2  3.294096e-01  2.000000e-07
 59  83  0  0  0  2  4.959418e-01  2.000000e-07
 59  66  0 -1  0  2  2.833858e-01  2.000000e-07
 4  72  0  0  0  2  3.725697e-01  2.000000e-07
 4  60  0  0  0  2  6.883791e-02  2.000000e-07
 4  61  0  0  0  2  2.394604e-01  2.000000e-07
 4  1  0  1  0  2  2.933336e-01  2.000000e-07
 4  0  0  1  0  2  2.356085e-01  2.000000e-07
 4  77  0  0  0  2  1.211944e-01  2.000000e-07
 4  64  0  0  0  2  2.066501e-01  2.000000e-07
 49  50  0  0  0  2  1.278685e-01  2.000000e-07
 49  72  0  0  0  2  4.096834e-01  2.000000e-07
 49  46  0  0  0  2  1.546485e-01  2.000000e-07
 49  73  0  0  0  2  3.463043e-01  2.000000e-07
 49  40  0  0  0  2  5.464857e-02  2.000000e-07
 49  39  0  0  0  2  4.200650e-02  2.000000e-07
 49  62  0  0  0  2  3.515122e-01  2.000000e-07
 49  88  0  0  0  2  3.696400e-01  2.000000e-07
 49  41  0  0  0  2  1.893813e-01  2.000000e-07
 49  38  0  0  0  2  1.300793e-01  2.000000e-07
 49  63  0  0  0  2  1.421141e-01  2.000000e-07
 49  76  0  0  0  2  1.747817e-01  2.000000e-07
 49  43  0  0  0  2  3.898648e-01  2.000000e-07
 49  64 -1  0  0  2  5.310835e-01  2.000000e-07
 79  72  0  0  0  2  1.192683e-01  2.000000e-07
 79  72  0  0  0  2  1.192683e-01  2.000000e-07
 79  60  0  0  0  2  2.423495e-01  2.000000e-07
 79  61  0  0  0  2  9.334526e-02  2.000000e-07
 79  7  0  0  0  2  2.701188e-01  2.000000e-07
 79  81  0  0  0  2  3.842373e-01  2.000000e-07
 79  82  0  0  0  2  3.993385e-01  2.000000e-07
 79  88  0  0  0  2  1.400201e-01  2.000000e-07
 79  51  0  0  0  2  2.562085e-01  2.000000e-07
 79  83  0  0  0  2  1.777149e-01  2.000000e-07
 79  42  0  0  0  2  2.871015e-01  2.000000e-07
 79  66  0  0  0  2  2.481397e-01  2.000000e-07
 50  72  0  0  0  2  3.815320e-01  2.000000e-07
 50  81  0  0  0  2  2.136157e-01  2.000000e-07
 50  62  0  0  0  2  4.386598e-01  2.000000e-07
 50  41  0  0  0  2  1.091439e-01  2.000000e-07
 50  63  0  0  0  2  1.199193e-01  2.000000e-07
 50  52  0  0  0  2  5.143860e-02  2.000000e-07
 50  76  0  0  0  2  2.727129e-01  2.000000e-07
 50  43  0  0  0  2  3.031091e-01  2.000000e-07
 50  83  0  0  0  2  4.394612e-01  2.000000e-07
 50  64 -1  0  0  2  4.054859e-01  2.000000e-07
 80  7  0  0  0  2  2.613116e-01  2.000000e-07
 80  82  0  0  0  2  3.925379e-02  2.000000e-07
 80  40  1  0  0  2  3.680202e-01  2.000000e-07
 80  39  1  0  0  2  3.162299e-01  2.000000e-07
 80  51  1  0  0  2  3.916727e-01  2.000000e-07
 80  63  1  0  0  2  2.486718e-01  2.000000e-07
 80  52  1  0  0  2  1.986232e-01  2.000000e-07
 80  43  1  0  0  2  3.761648e-01  2.000000e-07
 80  64  0  0  0  2  1.924618e-01  2.000000e-07
 72  61  0  0  0  2  1.334456e-01  2.000000e-07
 72  39  0  0  0  2  4.028984e-01  2.000000e-07
 72  88  0  0  0  2  2.275546e-01  2.000000e-07
 72  51  0  0  0  2  1.486217e-01  2.000000e-07
 72  51  0  0  0  2  1.486217e-01  2.000000e-07
 72  43  0  0  0  2  1.974146e-01  2.000000e-07
 72  83  0  0  0  2  2.705135e-01  2.000000e-07
 60  80  0  0  0  2  3.535444e-01  2.000000e-07
 60  82  0  0  0  2  3.526954e-01  2.000000e-07
 60  83  0  0  0  2  3.363451e-01  2.000000e-07
 60  66  0  0  0  2  1.561998e-01  2.000000e-07
 61  88  0  0  0  2  2.302328e-01  2.000000e-07
 61  77  0  0  0  2  1.237197e-01  2.000000e-07
 61  42  0  0  0  2  2.733576e-01  2.000000e-07
 61  64  0  0  0  2  2.926477e-01  2.000000e-07
 61  66  0  0  0  2  1.573437e-01  2.000000e-07
 46  81  0  0  0  2  1.499518e-01  2.000000e-07
 46  73  0  0  0  2  2.560927e-01  2.000000e-07
 46  40  0  0  0  2  1.159370e-01  2.000000e-07
 46  39  0  0  0  2  1.906208e-01  2.000000e-07
 46  88  0  0  0  2  4.330583e-01  2.000000e-07
 46  38  0  0  0  2  4.352790e-02  2.000000e-07
 46  42  0 -1  0  2  4.026142e-01  2.000000e-07
 46  66  0 -1  0  2  4.371004e-01  2.000000e-07
 7  82  0  0  0  2  2.231810e-01  2.000000e-07
 7  62  0  0  0  2  9.770023e-02  2.000000e-07
 7  88  0  0  0  2  1.464122e-01  2.000000e-07
 7  63  1  0  0  2  4.402138e-01  2.000000e-07
 7  83  0  0  0  2  1.034427e-01  2.000000e-07
 7  64  0  0  0  2  2.800886e-01  2.000000e-07
 81  7  0  0  0  2  3.457301e-01  2.000000e-07
 81  73  0  0  0  2  2.582033e-01  2.000000e-07
 81  39  0  0  0  2  1.382704e-01  2.000000e-07
 81  62  0  0  0  2  2.532161e-01  2.000000e-07
 81  88  0  0  0  2  2.932669e-01  2.000000e-07
 81  51  0  0  0  2  3.498828e-01  2.000000e-07
 81  52  0  0  0  2  2.631168e-01  2.000000e-07
 81  83  0  0  0  2  2.984110e-01  2.000000e-07
 73  89  0 -1  0  2  3.202728e-01  2.000000e-07
 73  1  0  0  0  2  1.838963e-01  2.000000e-07
 73  0  0  0  0  2  1.567491e-01  2.000000e-07
 73  62  0  0  0  2  2.195930e-01  2.000000e-07
 73  88  0  0  0  2  3.617468e-01  2.000000e-07
 73  38  0  0  0  2  2.976426e-01  2.000000e-07
 73  77  0 -1  0  2  3.973564e-01  2.000000e-07
 73  76  0  0  0  2  3.292314e-01  2.000000e-07
 73  66  0 -1  0  2  2.753738e-01  2.000000e-07
 82  41  1  0  0  2  1.955521e-01  2.000000e-07
 82  63  1  0  0  2  2.626297e-01  2.000000e-07
 82  52  1  0  0  2  2.309391e-01  2.000000e-07
 82  83  0  0  0  2  2.992531e-01  2.000000e-07
 82  64  0  0  0  2  1.945222e-01  2.000000e-07
 1  2  0  0  0  2  1.030710e-01  2.000000e-07
 1  0  0  0  0  2  8.678391e-02  2.000000e-07
 1  62  0  0  0  2  2.609034e-01  2.000000e-07
 40  81  0  0  0  2  1.270790e-01  2.000000e-07
 40  39  0  0  0  2  7.849255e-02  2.000000e-07
 40  88  0  0  0  2  4.134711e-01  2.000000e-07
 40  51  0  0  0  2  3.897452e-01  2.000000e-07
 40  63  0  0  0  2  1.288112e-01  2.000000e-07
 40  52  0  0  0  2  2.098215e-01  2.000000e-07
 2  69  1  0  0  2  3.243581e-01  2.000000e-07
 2  0  0  0  0  2  1.844245e-01  2.000000e-07
 2  62  0  0  0  2  2.859857e-01  2.000000e-07
 2  63  1  0  0  2  3.098458e-01  2.000000e-07
 0  77  0 -1  0  2  2.964339e-01  2.000000e-07
 39  88  0  0  0  2  3.868488e-01  2.000000e-07
 39  38  0  0  0  2  1.605895e-01  2.000000e-07
 39  51  0  0  0  2  3.161446e-01  2.000000e-07
 39  63  0  0  0  2  1.150128e-01  2.000000e-07
 39  52  0  0  0  2  1.379807e-01  2.000000e-07
 62  88  0  0  0  2  1.504961e-01  2.000000e-07
 62  38  0  0  0  2  3.838218e-01  2.000000e-07
 62  76  0  0  0  2  4.343526e-01  2.000000e-07
 62  83  0  0  0  2  1.166050e-01  2.000000e-07
 88  51  0  0  0  2  3.193556e-01  2.000000e-07
 88  77  0  0  0  2  2.816274e-01  2.000000e-07
 88  43  0  0  0  2  3.910182e-01  2.000000e-07
 88  83  0  0  0  2  4.324558e-02  2.000000e-07
 88  64  0  0  0  2  2.998822e-01  2.000000e-07
 41  63  0  0  0  2  7.132753e-02  2.000000e-07
 41  52  0  0  0  2  1.062164e-01  2.000000e-07
 41  76  0  0  0  2  2.670527e-01  2.000000e-07
 41  83 -1  0  0  2  4.802607e-01  2.000000e-07
 41  64 -1  0  0  2  3.667465e-01  2.000000e-07
 38  63  0  0  0  2  1.885147e-01  2.000000e-07
 38  76  0  0  0  2  5.476491e-02  2.000000e-07
 51  52  0  0  0  2  2.562506e-01  2.000000e-07
 51  43  0  0  0  2  7.512426e-02  2.000000e-07
 51  83  0  0  0  2  3.607649e-01  2.000000e-07
 51  42  0  0  0  2  1.148392e-01  2.000000e-07
 51  66  0  0  0  2  4.036943e-01  2.000000e-07
 63  52  0  0  0  2  1.450138e-01  2.000000e-07
 63  76  0  0  0  2  1.957384e-01  2.000000e-07
 63  43  0  0  0  2  4.203625e-01  2.000000e-07
 63  64 -1  0  0  2  4.379743e-01  2.000000e-07
 77  64  0  0  0  2  1.994020e-01  2.000000e-07
 77  66  0  0  0  2  1.235112e-01  2.000000e-07
 52  83  0  0  0  2  4.710780e-01  2.000000e-07
 43  42  0  0  0  2  7.736141e-02  2.000000e-07
 43  64 -1  0  0  2  4.053177e-01  2.000000e-07
 83  66  0 -1  0  2  5.970702e-01  2.000000e-07
 42  66  0  0  0  2  3.551652e-01  2.000000e-07
 64  59  0  1  0  2  3.994710e-01  2.000000e-07
 66  83  0  0  0  2  4.038575e-01  2.000000e-07
 44  80 -1  0  0  1  2.165510e-01  3.000000e-07
 44  51  0  0  0  1  1.783791e-01  3.000000e-07
 44  43  0  0  0  1  1.610501e-01  3.000000e-07
 44  64 -1  0  0  1  2.863273e-01  3.000000e-07
 3  57  0  0  0  1  2.074710e-01  3.000000e-07
 3  71  1  0  0  1  1.884401e-01  3.000000e-07
 3  59  0  0  0  1  6.104800e-02  3.000000e-07
 3  4  0 -1  0  1  2.592655e-01  3.000000e-07
 3  2  0  0  0  1  1.462277e-01  3.000000e-07
 67  3 -1  0  0  1  2.023656e-01  3.000000e-07
 67  57 -1  0  0  1  2.770957e-01  3.000000e-07
 67  71  0  0  0  1  1.363869e-01  3.000000e-07
 67  40  0  0  0  1  1.888392e-01  3.000000e-07
 67  63  0  0  0  1  1.721614e-01  3.000000e-07
 67  76  0  0  0  1  1.247262e-01  3.000000e-07
 68  59  0  0  0  1  1.908093e-01  3.000000e-07
 68  4  0 -1  0  1  2.066455e-01  3.000000e-07
 68  0  0  0  0  1  5.030312e-02  3.000000e-07
 68  66  0 -1  0  1  1.462515e-01  3.000000e-07
 55  48  0  0  0  1  1.824195e-01  3.000000e-07
 55  45  0  1  0  1  2.203341e-01  3.000000e-07
 55  89  0  0  0  1  2.521479e-01  3.000000e-07
 55  43  0  0  0  1  1.730473e-01  3.000000e-07
 55  42  0  0  0  1  1.591721e-01  3.000000e-07
 56  7  0  0  0  1  2.383554e-01  3.000000e-07
 56  82  0  0  0  1  2.071047e-01  3.000000e-07
 56  83  0  0  0  1  2.353636e-01  3.000000e-07
 56  64  0  0  0  1  5.984911e-02  3.000000e-07
 57  58  0  0  0  1  1.719540e-01  3.000000e-07
 57  7  0  0  0  1  2.261750e-01  3.000000e-07
 57  82  0  0  0  1  2.085407e-01  3.000000e-07
 57  2  0  0  0  1  8.255443e-02  3.000000e-07
 57  63  1  0  0  1  2.629313e-01  3.000000e-07
 6  79  0  0  0  1  2.046717e-01  3.000000e-07
 6  60  0  0  0  1  1.274470e-01  3.000000e-07
 6  77  0  0  0  1  1.353500e-01  3.000000e-07
 6  83  0  0  0  1  2.301573e-01  3.000000e-07
 69  71  0  0  0  1  1.123552e-01  3.000000e-07
 69  76  0  0  0  1  9.545931e-02  3.000000e-07
 70  89  0 -1  0  1  2.833820e-01  3.000000e-07
 70  73  0  0  0  1  1.194076e-01  3.000000e-07
 70  0  0  0  0  1  6.803199e-02  3.000000e-07
 70  66  0 -1  0  1  1.681543e-01  3.000000e-07
 71  55  0 -1  0  1  1.538887e-01  3.000000e-07
 71  45  0  0  0  1  1.093690e-01  3.000000e-07
 71  4 -1 -1  0  1  3.532593e-01  3.000000e-07
 48  89  0  0  0  1  1.050622e-01  3.000000e-07
 48  72  0  0  0  1  1.514433e-01  3.000000e-07
 48  51  0  0  0  1  1.455765e-01  3.000000e-07
 58  7  0  0  0  1  1.671370e-01  3.000000e-07
 58  73  0  0  0  1  1.631386e-01  3.000000e-07
 58  1  0  0  0  1  1.232149e-01  3.000000e-07
 58  2  0  0  0  1  1.591072e-01  3.000000e-07
 58  62  0  0  0  1  1.383761e-01  3.000000e-07
 45  89  0 -1  0  1  3.344681e-01  3.000000e-07
 45  47  0  0  0  1  2.114453e-01  3.000000e-07
 45  76  0  0  0  1  9.061448e-02  3.000000e-07
 89  72  0  0  0  1  1.737278e-01  3.000000e-07
 89  61  0  0  0  1  1.924622e-01  3.000000e-07
 89  66  0  0  0  1  2.152299e-01  3.000000e-07
 47  46  0  0  0  1  6.851716e-02  3.000000e-07
 47  73  0  0  0  1  1.911405e-01  3.000000e-07
 47  76  0  0  0  1  1.380924e-01  3.000000e-07
 78  72  0  0  0  1  2.712113e-01  3.000000e-07
 78  81  0  0  0  1  2.420368e-01  3.000000e-07
 78  62  0  0  0  1  9.778665e-02  3.000000e-07
 78  88  0  0  0  1  6.396355e-02  3.000000e-07
 78  51  0  0  0  1  3.388623e-01  3.000000e-07
 59  4  0 -1  0  1  2.184123e-01  3.000000e-07
 59  1  0  0  0  1  1.450497e-01  3.000000e-07
 59  2  0  0  0  1  1.380386e-01  3.000000e-07
 59  0  0  0  0  1  1.655673e-01  3.000000e-07
 4  60  0  0  0  1  6.883791e-02  3.000000e-07
 4  77  0  0  0  1  1.211944e-01  3.000000e-07
 4  64  0  0  0  1  2.066501e-01  3.000000e-07
 4  66  0  0  0  1  1.518747e-01  3.000000e-07
 49  81  0  0  0  1  1.011957e-01  3.000000e-07
 49  40  0  0  0  1  5.464857e-02  3.000000e-07
 79  61  0  0  0  1  9.334526e-02  3.000000e-07
 79  88  0  0  0  1  1.400201e-01  3.000000e-07
 79  77  0  0  0  1  1.814380e-01  3.000000e-07
 50  81  0  0  0  1  2.136157e-01  3.000000e-07
 50  39  0  0  0  1  8.670243e-02  3.000000e-07
 50  41  0  0  0  1  1.091439e-01  3.000000e-07
 50  63  0  0  0  1  1.199193e-01  3.000000e-07
 50  52  0  0  0  1  5.143860e-02  3.000000e-07
 80  41  1  0  0  1  1.785189e-01  3.000000e-07
 80  52  1  0  0  1  1.986232e-01  3.000000e-07
 80  64  0  0  0  1  1.924618e-01  3.000000e-07
 72  61  0  0  0  1  1.334456e-01  3.000000e-07
 72  88  0  0  0  1  2.275546e-01  3.000000e-07
 60  77  0  0  0  1  6.881399e-02  3.000000e-07
 60  64  0  0  0  1  1.612476e-01  3.000000e-07
 61  77  0  0  0  1  1.237197e-01  3.000000e-07
 61  66  0  0  0  1  1.573437e-01  3.000000e-07
 46  81  0  0  0  1  1.499518e-01  3.000000e-07
 46  76  0  0  0  1  7.827114e-02  3.000000e-07
 7  82  0  0  0  1  2.231810e-01  3.000000e-07
 7  62  0  0  0  1  9.770023e-02  3.000000e-07
 7  83  0  0  0  1  1.034427e-01  3.000000e-07
 81  39  0  0  0  1  1.382704e-01  3.000000e-07
 81  62  0  0  0  1  2.532161e-01  3.000000e-07
 81  38  0  0  0  1  1.542655e-01  3.000000e-07
 73  1  0  0  0  1  1.838963e-01  3.000000e-07
 73  0  0  0  0  1  1.567491e-01  3.000000e-07
 73  62  0  0  0  1  2.195930e-01  3.000000e-07
 82  41  1  0  0  1  1.955521e-01  3.000000e-07
 82  64  0  0  0  1  1.945222e-01  3.000000e-07
 1  2  0  0  0  1  1.030710e-01  3.000000e-07
 1  0  0  0  0  1  8.678391e-02  3.000000e-07
 40  39  0  0  0  1  7.849255e-02  3.000000e-07
 40  38  0  0  0  1  8.238391e-02  3.000000e-07
 40  76  0  0  0  1  1.214861e-01  3.000000e-07
 39  63  0  0  0  1  1.150128e-01  3.000000e-07
 62  83  0  0  0  1  1.166050e-01  3.000000e-07
 41  57 -1  0  0  1  2.401171e-01  3.000000e-07
 41  63  0  0  0  1  7.132753e-02  3.000000e-07
 41  52  0  0  0  1  1.062164e-01  3.000000e-07
 38  76  0  0  0  1  5.476491e-02  3.000000e-07
 51  52  0  0  0  1  2.562506e-01  3.000000e-07
 51  43  0  0  0  1  7.512426e-02  3.000000e-07
 51  42  0  0  0  1  1.148392e-01  3.000000e-07
 77  66  0  0  0  1  1.235112e-01  3.000000e-07
 43  42  0  0  0  1  7.736141e-02  3.000000e-07
 1.917557e-01 -3.797742e-01  0
 2.413109e-01 -3.085300e-01  0
 3.326516e-01 -2.607753e-01  0
 4.155035e-01 -3.812664e-01  0
 2.760055e-01  4.001954e-01  0
 2.960283e-01 -3.619456e-02  1.190598e-01
 2.537577e-01  2.093268e-01  0
 1.890714e-01 -3.114127e-02  0
-3.107026e-01 -1.138706e-01 -2.024304e-01
 3.395747e-01  3.546741e-01  1.814351e-01
 3.130614e-01 -1.196974e-01  1.700181e-01
-6.722837e-02 -8.025844e-03  1.697178e-01
-7.991556e-02 -5.388844e-03  3.254179e-01
-1.654204e-01  1.676451e-01  1.890690e-01
-1.639227e-01  7.417963e-03  2.406257e-01
 6.393571e-04 -3.537426e-01  2.316021e-01
 3.169335e-02  2.080295e-01 -2.337590e-01
-1.295506e-01  3.231026e-01 -1.772563e-01
-2.447770e-01 -3.382993e-01 -1.506555e-01
 6.966505e-02 -3.957030e-01 -4.071863e-01
 3.747177e-01  3.862627e-01 -3.911826e-01
 7.927376e-02 -1.549425e-01 -3.047661e-01
 1.698806e-01  2.699504e-02 -3.390237e-01
 1.679274e-01 -4.042340e-01 -2.914620e-01
 4.445266e-01  3.425634e-01 -2.248091e-01
 3.127997e-02 -3.956078e-01 -1.470084e-01
 4.399987e-02 -3.065097e-01 -1.649322e-01
-3.364096e-02  4.374933e-01 -1.967063e-01
-1.665793e-01  5.036788e-03 -3.409414e-01
 2.295946e-01  3.152931e-01 -1.958259e-01
 2.352132e-01  5.823729e-02 -1.885101e-01
-1.621510e-01 -9.439622e-02  3.558569e-01
-7.805247e-02 -3.623915e-02  3.066639e-01
-8.144353e-02  9.578029e-02  4.217573e-01
 2.424340e-01  3.945054e-02  3.245630e-01
 3.047798e-02  2.926170e-02 -4.337934e-01
-3.381360e-01  1.098286e-01  4.422467e-01
-3.117913e-01 -1.444710e-01  3.962406e-01
-2.367220e-01 -2.547939e-01  0
-2.748584e-01 -9.879834e-02  0
-2.609163e-01 -1.760427e-01  0
-4.256207e-01 -7.894108e-02  0
-2.092967e-01  3.247259e-01  0
-2.581113e-01  2.647098e-01  0
-3.766575e-01  1.556965e-01  0
-3.351754e-01 -3.615760e-01  0
-1.971131e-01 -2.728443e-01  0
-1.334553e-01 -2.981875e-01  0
-1.687835e-01  3.504627e-01  0
-2.418799e-01 -1.248169e-01  0
-3.279418e-01 -3.024576e-02  0
-2.067181e-01  2.099157e-01  0
-3.633256e-01  7.089457e-03  0
-8.231571e-02 -8.939641e-02 -2.109046e-01
-3.522870e-01  3.287524e-01 -1.099491e-01
-3.381961e-01  4.181106e-01  0
 2.835725e-01  1.876802e-01  0
 3.575318e-01 -1.820593e-01  0
 1.863422e-01 -1.982560e-01  0
 3.564509e-01 -3.967468e-01  0
 2.494166e-01  3.366999e-01  0
 6.214986e-02  2.924594e-01  0
 1.073305e-01 -8.465542e-02  0
-3.835119e-01 -1.365125e-01  0
 3.411320e-01  2.040760e-01  0
 2.143154e-01 -1.923161e-01  1.065173e-01
 1.282326e-01  4.352534e-01  0
-3.957677e-01 -3.082371e-01  0
 1.675817e-01 -4.238880e-01  0
-3.541090e-01 -3.449729e-01  0
 1.258397e-01 -3.966094e-01  0
-4.068659e-01 -4.441717e-01  0
-6.187180e-02  2.432015e-01  0
 5.768487e-02 -2.985629e-01  0
 1.333870e-01 -3.306324e-01 -2.008034e-01
 3.979109e-01 -1.543423e-01 -3.024538e-01
-2.715431e-01 -2.970631e-01  0
 1.817923e-01  3.239593e-01  0
 6.002386e-02  9.267751e-04  0
 4.929850e-02  2.000031e-01  0
 4.406912e-01  3.936564e-02  0
-1.410797e-01 -1.337551e-01  0
 4.061390e-01  2.073760e-02  0
 1.070960e-01  3.194939e-02  0
 3.946003e-01 -9.119341e-02  3.286143e-01
-4.147294e-01 -7.098541e-02  3.475339e-01
-2.253450e-01  2.286722e-01  2.771719e-01
-3.164364e-01 -1.264046e-01  1.846885e-01
 7.667414e-02  6.268520e-02  0
-8.606451e-02  4.152365e-01  0