 711  90  1.200000e-05  79 -2 -2
 14  58  0  0  0  3  3.399124e-01  1.000000e-07
 14  21  1  0  0  3  3.690494e-01  1.000000e-07
 14  16  0  0  0  3  2.577063e-01  1.000000e-07
 14  19  0  1  0  3  4.496438e-01  1.000000e-07
 14  17  0  0  0  3  1.462549e-01  1.000000e-07
 13  57  0  1  0  3  2.714841e-01  1.000000e-07
 13  69  0  0  0  3  1.882608e-01  1.000000e-07
 13  58  0  0  0  3  5.176965e-01  1.000000e-07
 13  18  0  1  0  3  3.693084e-01  1.000000e-07
 13  78  0  0  0  3  4.433877e-01  1.000000e-07
 13  17  0  0  0  3  5.365579e-01  1.000000e-07
 13  60  0  0  1  3  2.991392e-01  1.000000e-07
 13  75  0  0  1  3  3.458238e-01  1.000000e-07
 10  69  0  0  0  3  2.529766e-01  1.000000e-07
 10  20 -1  1  0  3  5.350003e-01  1.000000e-07
 10  21  0  0  0  3  2.759890e-01  1.000000e-07
 10  70 -1  0  0  3  4.820442e-01  1.000000e-07
 10  60  0  0  1  3  4.467571e-01  1.000000e-07
 23  69  0  0  0  3  5.077026e-01  1.000000e-07
 23  59 -1  0  0  3  4.709037e-01  1.000000e-07
 23  70 -1  0  0  3  4.671154e-01  1.000000e-07
 23  24  0  0  0  3  3.061886e-01  1.000000e-07
 23  60  0 -1  1  3  5.083540e-01  1.000000e-07
 23  86  0  0  1  3  5.860552e-01  1.000000e-07
 23  71  0  0  1  3  4.694755e-01  1.000000e-07
 23  72  0  0  1  3  4.211476e-01  1.000000e-07
 57  15 -1  0  0  3  5.502729e-01  1.000000e-07
 57  18  0  0  0  3  2.268732e-01  1.000000e-07
 57  59 -1  0  0  3  4.780989e-01  1.000000e-07
 57  17  0 -1  0  3  5.602603e-01  1.000000e-07
 57  60  0 -1  1  3  4.511994e-01  1.000000e-07
 12  20  0  0  0  3  1.055269e-01  1.000000e-07
 12  18  0  0  0  3  3.042936e-01  1.000000e-07
 12  19  0  0  0  3  1.955629e-01  1.000000e-07
 12  60  1 -1  1  3  4.109214e-01  1.000000e-07
 12  74  0 -1  1  3  3.204745e-01  1.000000e-07
 12  72  0  0  1  3  3.065879e-01  1.000000e-07
 12  76  0  0  1  3  2.170570e-01  1.000000e-07
 12  77  0  0  1  3  2.321699e-01  1.000000e-07
 69  58  0  0  0  3  4.947030e-01  1.000000e-07
 69  21  0  0  0  3  3.693431e-01  1.000000e-07
 69  60  0  0  1  3  3.095261e-01  1.000000e-07
 69  75  0  0  1  3  2.531307e-01  1.000000e-07
 69  1  0  0  1  3  2.977223e-01  1.000000e-07
 20  15  0  0  0  3  1.242996e-01  1.000000e-07
 20  58  0  0  0  3  4.023416e-01  1.000000e-07
 20  16  0  0  0  3  3.537411e-01  1.000000e-07
 20  19  0  0  0  3  1.216527e-01  1.000000e-07
 20  59  0  0  0  3  1.527042e-01  1.000000e-07
 20  17  0 -1  0  3  3.826725e-01  1.000000e-07
 20  74  0 -1  1  3  3.652384e-01  1.000000e-07
 15  16  0  0  0  3  3.117796e-01  1.000000e-07
 15  19  0  0  0  3  2.309105e-01  1.000000e-07
 15  59  0  0  0  3  2.208662e-01  1.000000e-07
 15  70  0  0  0  3  1.241306e-01  1.000000e-07
 15  71  0  0  1  3  2.738989e-01  1.000000e-07
 15  76  0  0  1  3  2.338209e-01  1.000000e-07
 15  77  0  0  1  3  2.136936e-01  1.000000e-07
 58  21  0  0  0  3  4.839952e-01  1.000000e-07
 58  19  0  0  0  3  3.784746e-01  1.000000e-07
 58  59  0  0  0  3  4.010545e-01  1.000000e-07
 21  59 -1  0  0  3  3.491879e-01  1.000000e-07
 18  16  0  0  0  3  4.214582e-01  1.000000e-07
 18  19  0  0  0  3  1.803407e-01  1.000000e-07
 18  78  0 -1  0  3  4.476454e-01  1.000000e-07
 18  74  0 -1  1  3  4.127391e-01  1.000000e-07
 18  72  0  0  1  3  2.454159e-01  1.000000e-07
 16  59  0  0  0  3  3.598620e-01  1.000000e-07
 16  78  0  0  0  3  2.439849e-01  1.000000e-07
 16  17  0  0  0  3  2.974702e-01  1.000000e-07
 16  77  0  0  1  3  3.129543e-01  1.000000e-07
 59  24  1  0  0  3  2.546761e-01  1.000000e-07
 78  70  0  0  0  3  4.283900e-01  1.000000e-07
 78  7  0  0  1  3  4.285561e-01  1.000000e-07
 78  74  0  0  1  3  2.746641e-01  1.000000e-07
 78  6  0  0  1  3  3.362017e-01  1.000000e-07
 78  75  1  0  1  3  4.353927e-01  1.000000e-07
 78  72  0  1  1  3  4.604049e-01  1.000000e-07
 70  24  1  0  0  3  3.287045e-01  1.000000e-07
 70  17  0  0  0  3  4.648239e-01  1.000000e-07
 70  60  1 -1  1  3  4.920414e-01  1.000000e-07
 70  0  1  0  1  3  5.457478e-01  1.000000e-07
 70  75  1  0  1  3  4.966004e-01  1.000000e-07
 17  60  1  0  1  3  4.466724e-01  1.000000e-07
 17  74  0  0  1  3  3.412833e-01  1.000000e-07
 17  75  1  0  1  3  4.387991e-01  1.000000e-07
 7  86  0  0  0  3  3.983604e-01  1.000000e-07
 7  74  0  0  0  3  2.895960e-01  1.000000e-07
 7  87  0  1  0  3  3.037629e-01  1.000000e-07
 7  8  0  1  0  3  2.916489e-01  1.000000e-07
 7  72  0  1  0  3  2.560652e-01  1.000000e-07
 7  9  0  0  0  3  3.033429e-01  1.000000e-07
 7  5  0  0  0  3  1.649068e-01  1.000000e-07
 86  2  0  0  0  3  3.401663e-01  1.000000e-07
 86  89  0  0  0  3  3.052487e-01  1.000000e-07
 86  71  0  0  0  3  3.394766e-01  1.000000e-07
 86  74  0  0  0  3  3.641743e-01  1.000000e-07
 86  3  0  0  0  3  3.274420e-01  1.000000e-07
 86  1  0  0  0  3  5.058652e-01  1.000000e-07
 86  5  0  0  0  3  2.945617e-01  1.000000e-07
 2  4  0  0  0  3  3.295188e-01  1.000000e-07
 2  71  0  0  0  3  1.585050e-01  1.000000e-07
 2  3  0  0  0  3  2.687698e-01  1.000000e-07
 2  88  0  0  0  3  2.339432e-01  1.000000e-07
 2  8  0  0  0  3  1.387405e-01  1.000000e-07
 2  76  0  0  0  3  1.254468e-01  1.000000e-07
 2  77  0  0  0  3  1.857593e-01  1.000000e-07
 0  69  0  0 -1  3  5.381499e-01  1.000000e-07
 0  87  0  0  0  3  1.997696e-01  1.000000e-07
 0  88 -1  0  0  3  4.877080e-01  1.000000e-07
 0  72  0  0  0  3  3.477966e-01  1.000000e-07
 0  76 -1  0  0  3  5.024165e-01  1.000000e-07
 0  9  0  0  0  3  4.450204e-01  1.000000e-07
 89  4  0  0  0  3  3.200766e-01  1.000000e-07
 89  3  0  0  0  3  3.328638e-01  1.000000e-07
 89  88  0  0  0  3  3.970895e-01  1.000000e-07
 89  6  0  0  0  3  2.820761e-01  1.000000e-07
 89  9  0  0  0  3  3.222260e-01  1.000000e-07
 89  5  0  0  0  3  1.895585e-01  1.000000e-07
 4  3  0  0  0  3  4.238866e-01  1.000000e-07
 4  88  0  0  0  3  2.828615e-01  1.000000e-07
 4  75  1  0  0  3  3.093295e-01  1.000000e-07
 4  76  0  0  0  3  3.551117e-01  1.000000e-07
 4  77  0  0  0  3  2.749469e-01  1.000000e-07
 71  12  0  0 -1  3  2.403285e-01  1.000000e-07
 71  74  0 -1  0  3  3.425799e-01  1.000000e-07
 71  3  0  0  0  3  2.768507e-01  1.000000e-07
 71  87  0  0  0  3  3.411221e-01  1.000000e-07
 71  77  0  0  0  3  1.850718e-01  1.000000e-07
 74  6  0  0  0  3  2.166763e-01  1.000000e-07
 74  5  0  0  0  3  2.602093e-01  1.000000e-07
 3  72  0  0  0  3  3.224433e-01  1.000000e-07
 3  77  0  0  0  3  3.495787e-01  1.000000e-07
 87  72  0  0  0  3  3.073227e-01  1.000000e-07
 87  9  0 -1  0  3  4.545919e-01  1.000000e-07
 88  8  0  0  0  3  2.704095e-01  1.000000e-07
 88  1  1  0  0  3  4.444759e-01  1.000000e-07
 88  76  0  0  0  3  2.919716e-01  1.000000e-07
 8  6  0 -1  0  3  4.272609e-01  1.000000e-07
 8  72  0  0  0  3  2.575504e-01  1.000000e-07
 8  76  0  0  0  3  2.154754e-01  1.000000e-07
 8  5  0 -1  0  3  3.526128e-01  1.000000e-07
 6  75  1  0  0  3  2.862356e-01  1.000000e-07
 6  5  0  0  0  3  1.910317e-01  1.000000e-07
 75  1  0  0  0  3  2.073805e-01  1.000000e-07
 75  9  0  0  0  3  3.253236e-01  1.000000e-07
 1  76 -1  0  0  3  4.755664e-01  1.000000e-07
 1  9  0  0  0  3  2.882011e-01  1.000000e-07
 1  77 -1  0  0  3  4.528952e-01  1.000000e-07
 76  77  0  0  0  3  1.772786e-01  1.000000e-07
 9  6 -1  0  0  3  5.100391e-01  1.000000e-07
 59  45  0  0  0  3  2.065034e-01  1.000000e-07
 84  8  0  0  0  3  2.302426e-01  1.000000e-07
 14  65  0  0  0  3  2.604438e-01  1.000000e-07
 28  88  0  0  0  3  1.774231e-01  1.000000e-07
 21  48 -1  0  0  3  1.878805e-01  1.000000e-07
 44  88  0  0  0  3  1.531745e-01  1.000000e-07
 10  52 -1  0  0  3  2.983338e-01  1.000000e-07
 62  8  0  1  0  3  3.783075e-01  1.000000e-07
 10  73 -1  0  0  3  1.952509e-01  1.000000e-07
 83  6  0  0  0  3  3.346014e-01  1.000000e-07
 24  82  0  0  0  3  1.233921e-01  1.000000e-07
 67  1  0  0  0  3  3.915814e-01  1.000000e-07
 24  54  0  0  0  3  2.694446e-01  1.000000e-07
 64  9  0 -1  0  3  4.048773e-01  1.000000e-07
 24  44 -1  0  0  3  1.552693e-01  1.000000e-07
 48  88  0  0  0  3  1.468250e-01  1.000000e-07
 19  53  0  0  0  3  3.108460e-01  1.000000e-07
 84  7  0 -1  0  3  2.881136e-01  1.000000e-07
 57  33  0 -1  0  3  3.011639e-01  1.000000e-07
 81  5  0  0  0  3  3.056566e-01  1.000000e-07
 13  51  0  0  0  3  4.526770e-01  1.000000e-07
 55  89  0  0  0  3  1.426997e-01  1.000000e-07
 14  61  0  0  0  3  1.649127e-01  1.000000e-07
 85  5  0  0  0  3  2.491682e-01  1.000000e-07
 24  80  0  0  0  3  1.912974e-01  1.000000e-07
 41  87  0  0  0  3  2.647894e-01  1.000000e-07
 23  43  0  0  0  3  2.641066e-01  1.000000e-07
 66  3  0  0  0  3  2.209209e-01  1.000000e-07
 58  27  0  0  0  3  1.843703e-01  1.000000e-07
 79  3  0  0  0  3  2.096802e-01  1.000000e-07
 21  67  0  0  0  3  1.536413e-01  1.000000e-07
 82  0  0  0  0  3  3.154284e-01  1.000000e-07
 21  68  0  0  0  3  1.978234e-01  1.000000e-07
 63  9  0  0  0  3  2.562842e-01  1.000000e-07
 14  73  0  0  0  3  1.560500e-01  1.000000e-07
 65  4  0  0  0  3  2.938289e-01  1.000000e-07
 10  11  0  0  0  3  1.765149e-01  1.000000e-07
 68  1  0  0  0  3  3.556920e-01  1.000000e-07
 24  67  0  0  0  3  1.278134e-01  1.000000e-07
 80  0  0  0  0  3  3.043539e-01  1.000000e-07
 19  53  0  0  0  3  3.334623e-01  1.000000e-07
 39  87  0  0  0  3  1.737429e-01  1.000000e-07
 21  50  0  0  0  3  1.428249e-01  1.000000e-07
 82  4 -1  0  0  3  3.218424e-01  1.000000e-07
 18  66  0  0  0  3  3.456478e-01  1.000000e-07
 53  87  0  0  0  3  1.500706e-01  1.000000e-07
 14  61  0  0  0  3  1.476105e-01  1.000000e-07
 73  6  0  0  0  3  2.869959e-01  1.000000e-07
 10  11  0  0  0  3  1.667812e-01  1.000000e-07
 68  75  0  0  0  3  3.905878e-01  1.000000e-07
 16  49  0  0  0  3  3.296443e-01  1.000000e-07
 48  88  0  0  0  3  1.147951e-01  1.000000e-07
 58  30  0  0  0  3  2.418825e-01  1.000000e-07
 43  87  0  0  0  3  2.016079e-01  1.000000e-07
 19  62  0 -1  0  3  3.326552e-01  1.000000e-07
 85  5  0  0  0  3  2.626154e-01  1.000000e-07
 57  34  0 -1  0  3  4.062030e-01  1.000000e-07
 35  89  0  0  0  3  2.016820e-01  1.000000e-07
 57  36  0  0  0  3  2.330516e-01  1.000000e-07
 37  87  0  0  0  3  1.561052e-01  1.000000e-07
 24  25  0  0  0  3  1.309700e-01  1.000000e-07
 22  60  0 -1  0  3  5.328431e-01  1.000000e-07
 40  41  0  1  0  2  3.230147e-01  2.000000e-07
 40  47  0  0  0  2  1.611709e-01  2.000000e-07
 40  45 -1  1  0  2  3.201249e-01  2.000000e-07
 40  49 -1  1  0  2  5.630721e-01  2.000000e-07
 40  62 -1  0  0  2  3.723441e-01  2.000000e-07
 40  64  0  1  0  2  1.590133e-01  2.000000e-07
 40  82  0  1  0  2  4.400867e-01  2.000000e-07
 40  83 -1  0  0  2  3.973151e-01  2.000000e-07
 40  51  0  0  0  2  5.755583e-01  2.000000e-07
 40  84 -1  1  0  2  3.755673e-01  2.000000e-07
 40  37  0  1  0  2  3.646072e-01  2.000000e-07
 40  52 -1  0  0  2  2.684064e-01  2.000000e-07
 40  54  0  1  0  2  1.599956e-01  2.000000e-07
 40  85 -1  0  0  2  3.801961e-01  2.000000e-07
 40  85  0  0  0  2  6.322748e-01  2.000000e-07
 40  67  0  1  0  2  4.453206e-01  2.000000e-07
 40  38  0  1  0  2  3.858557e-01  2.000000e-07
 40  44 -1  1  0  2  3.512218e-01  2.000000e-07
 40  68  0  0  0  2  3.731297e-01  2.000000e-07
 40  22  0  1  0  2  2.246075e-01  2.000000e-07
 40  73 -1  0  0  2  3.307638e-01  2.000000e-07
 40  35  0  0  0  2  3.242846e-01  2.000000e-07
 29  46  0  0  0  2  5.081770e-02  2.000000e-07
 29  79  0  0  0  2  2.256368e-01  2.000000e-07
 29  47  0  0  0  2  3.654542e-01  2.000000e-07
 29  30  0  0  0  2  2.968968e-01  2.000000e-07
 29  42  0  0  0  2  1.745734e-01  2.000000e-07
 29  63  0  0  0  2  1.662487e-01  2.000000e-07
 29  50  0  0  0  2  2.206969e-01  2.000000e-07
 29  82  0  0  0  2  2.880748e-01  2.000000e-07
 29  51  0  0  0  2  3.001263e-01  2.000000e-07
 29  54  0  1  0  2  5.607727e-01  2.000000e-07
 29  66  0  0  0  2  3.024183e-01  2.000000e-07
 29  85  0  0  0  2  5.019559e-01  2.000000e-07
 29  55  0  0  0  2  1.688776e-01  2.000000e-07
 29  67  0  0  0  2  2.637032e-01  2.000000e-07
 29  38  0  0  0  2  3.046781e-01  2.000000e-07
 29  56  0  0  0  2  3.406024e-01  2.000000e-07
 29  68  0  0  0  2  1.710651e-01  2.000000e-07
 46  79  0  0  0  2  2.761289e-01  2.000000e-07
 46  80  0  0  0  2  3.266026e-01  2.000000e-07
 46  61  0  0  0  2  4.993475e-01  2.000000e-07
 46  42  0  0  0  2  1.996568e-01  2.000000e-07
 46  48  0  0  0  2  6.380951e-01  2.000000e-07
 46  25  0  0  0  2  3.840693e-01  2.000000e-07
 46  63  0  0  0  2  1.260417e-01  2.000000e-07
 46  50  0  0  0  2  1.778849e-01  2.000000e-07
 46  65  0  0  0  2  5.147621e-01  2.000000e-07
 46  55  0  0  0  2  1.932429e-01  2.000000e-07
 46  38  0  0  0  2  3.267671e-01  2.000000e-07
 46  56  0  0  0  2  3.291666e-01  2.000000e-07
 46  11  0  0  0  2  2.136054e-01  2.000000e-07
 46  68  0  0  0  2  1.210208e-01  2.000000e-07
 46  32  0  0  0  2  3.360976e-01  2.000000e-07
 46  73 -1  0  0  2  4.021035e-01  2.000000e-07
 41  31  0  0  0  2  1.334012e-01  2.000000e-07
 41  80  0  0  0  2  7.597209e-02  2.000000e-07
 41  47  0 -1  0  2  3.260440e-01  2.000000e-07
 41  42  0  0  0  2  1.698530e-01  2.000000e-07
 41  36  0  0  0  2  1.458872e-01  2.000000e-07
 41  25  0  0  0  2  1.521085e-01  2.000000e-07
 41  50  0  0  0  2  3.191100e-01  2.000000e-07
 41  64  0  0  0  2  1.807433e-01  2.000000e-07
 41  82  0  0  0  2  2.262344e-01  2.000000e-07
 41  37  0  0  0  2  1.098553e-01  2.000000e-07
 41  44 -1  0  0  2  2.940011e-01  2.000000e-07
 41  32  0  0  0  2  1.191649e-01  2.000000e-07
 41  22  0  0  0  2  1.579582e-01  2.000000e-07
 31  42  0  0  0  2  1.282874e-01  2.000000e-07
 31  36  0  0  0  2  1.107057e-01  2.000000e-07
 31  39  0  0  0  2  2.449798e-01  2.000000e-07
 31  37  0  0  0  2  6.230872e-02  2.000000e-07
 31  53  0  0  0  2  2.007425e-01  2.000000e-07
 31  66  0  0  0  2  3.039959e-02  2.000000e-07
 31  43  0  0  0  2  5.871294e-02  2.000000e-07
 31  32  0  0  0  2  1.756821e-02  2.000000e-07
 79  30  0  0  0  2  1.919493e-01  2.000000e-07
 79  61  0  0  0  2  3.459628e-01  2.000000e-07
 79  48  0  0  0  2  3.628956e-01  2.000000e-07
 79  49  0  0  0  2  2.243650e-01  2.000000e-07
 79  63  0  0  0  2  3.829677e-01  2.000000e-07
 79  51  0  0  0  2  1.954568e-01  2.000000e-07
 79  65  0  0  0  2  2.602822e-01  2.000000e-07
 79  26  0  0  0  2  1.750115e-01  2.000000e-07
 79  85  0  0  0  2  4.107557e-01  2.000000e-07
 79  27  0  0  0  2  8.715340e-02  2.000000e-07
 79  38  0  0  0  2  3.311535e-01  2.000000e-07
 79  56  0  0  0  2  4.400945e-01  2.000000e-07
 79  32  0  0  0  2  3.137246e-01  2.000000e-07
 80  42  0  0  0  2  1.966816e-01  2.000000e-07
 80  48 -1  0  0  2  3.095467e-01  2.000000e-07
 80  49 -1  0  0  2  4.485482e-01  2.000000e-07
 80  25  0  0  0  2  8.584492e-02  2.000000e-07
 80  63  0  0  0  2  2.590078e-01  2.000000e-07
 80  64  0  0  0  2  1.635103e-01  2.000000e-07
 80  54  0  0  0  2  1.713689e-01  2.000000e-07
 80  67  0  0  0  2  1.501271e-01  2.000000e-07
 80  38  0  0  0  2  1.576056e-01  2.000000e-07
 80  32  0  0  0  2  1.896145e-01  2.000000e-07
 80  22  0  0  0  2  1.138459e-01  2.000000e-07
 47  81  0  0  0  2  1.933974e-01  2.000000e-07
 47  36  0  1  0  2  2.723687e-01  2.000000e-07
 47  50  0  0  0  2  4.064275e-01  2.000000e-07
 47  64  0  1  0  2  2.378828e-01  2.000000e-07
 47  83 -1  0  0  2  4.457947e-01  2.000000e-07
 47  51  0  0  0  2  4.179850e-01  2.000000e-07
 47  55  0  0  0  2  3.057786e-01  2.000000e-07
 47  56  0  0  0  2  1.114859e-01  2.000000e-07
 47  11  0  0  0  2  1.455490e-01  2.000000e-07
 47  68  0  0  0  2  3.270740e-01  2.000000e-07
 47  73 -1  0  0  2  4.100692e-01  2.000000e-07
 47  35  0  0  0  2  1.640579e-01  2.000000e-07
 30  42  0  0  0  2  1.817766e-01  2.000000e-07
 30  49  0  0  0  2  2.667500e-01  2.000000e-07
 30  62  0 -1  0  2  4.308707e-01  2.000000e-07
 30  39  0  0  0  2  1.530001e-01  2.000000e-07
 30  84  0  0  0  2  3.255488e-01  2.000000e-07
 30  26  0  0  0  2  1.700498e-01  2.000000e-07
 30  66  0  0  0  2  1.095478e-01  2.000000e-07
 30  85  0 -1  0  2  4.829610e-01  2.000000e-07
 30  27  0  0  0  2  1.409864e-01  2.000000e-07
 30  38  0  0  0  2  1.829007e-01  2.000000e-07
 30  43  0  0  0  2  7.970995e-02  2.000000e-07
 81  61  0  0  0  2  3.202472e-01  2.000000e-07
 81  36  0  1  0  2  2.354664e-01  2.000000e-07
 81  33  0  0  0  2  1.127931e-01  2.000000e-07
 81  52  0  0  0  2  3.999237e-01  2.000000e-07
 81  53  0  1  0  2  1.997891e-01  2.000000e-07
 81  85  0  0  0  2  2.840785e-01  2.000000e-07
 81  55  0  0  0  2  2.432390e-01  2.000000e-07
 81  38  0  1  0  2  3.408808e-01  2.000000e-07
 81  34  0  0  0  2  1.726382e-01  2.000000e-07
 81  56  0  0  0  2  8.710498e-02  2.000000e-07
 81  32  0  1  0  2  3.304295e-01  2.000000e-07
 81  35  0  0  0  2  4.881484e-02  2.000000e-07
 61  45  0  1  0  2  2.932984e-01  2.000000e-07
 61  48  0  0  0  2  4.558566e-01  2.000000e-07
 61  49  0  0  0  2  3.884327e-01  2.000000e-07
 61  33  0  0  0  2  2.486196e-01  2.000000e-07
 61  52  0  0  0  2  1.271995e-01  2.000000e-07
 61  53  0  1  0  2  3.770947e-01  2.000000e-07
 61  65  0  0  0  2  2.273601e-01  2.000000e-07
 61  55  0  0  0  2  3.084033e-01  2.000000e-07
 61  56  0  0  0  2  3.893081e-01  2.000000e-07
 61  73  0  0  0  2  2.039400e-01  2.000000e-07
 42  25  0  0  0  2  2.794053e-01  2.000000e-07
 42  39  0  0  0  2  3.293256e-01  2.000000e-07
 42  50  0  0  0  2  2.659471e-01  2.000000e-07
 42  82  0  0  0  2  2.468148e-01  2.000000e-07
 42  37  0  0  0  2  1.782201e-01  2.000000e-07
 42  65  0  0  0  2  5.035788e-01  2.000000e-07
 42  66  0  0  0  2  1.384995e-01  2.000000e-07
 42  55  0  0  0  2  3.185925e-01  2.000000e-07
 42  27  0  0  0  2  2.607411e-01  2.000000e-07
 42  43  0  0  0  2  1.410054e-01  2.000000e-07
 42  32  0  0  0  2  1.365157e-01  2.000000e-07
 45  47  1 -1  0  2  4.805353e-01  2.000000e-07
 45  48  0  0  0  2  3.030330e-01  2.000000e-07
 45  62  0 -1  0  2  1.669958e-01  2.000000e-07
 45  25  1  0  0  2  3.395326e-01  2.000000e-07
 45  39  0  0  0  2  2.151171e-01  2.000000e-07
 45  64  1  0  0  2  3.243827e-01  2.000000e-07
 45  33  0 -1  0  2  2.824839e-01  2.000000e-07
 45  84  0  0  0  2  6.158082e-02  2.000000e-07
 45  52  0 -1  0  2  2.130789e-01  2.000000e-07
 45  53  0  0  0  2  2.830198e-01  2.000000e-07
 45  85  0 -1  0  2  2.206695e-01  2.000000e-07
 45  38  0  0  0  2  4.863331e-01  2.000000e-07
 45  34  0 -1  0  2  2.992314e-01  2.000000e-07
 45  44  0  0  0  2  2.585636e-01  2.000000e-07
 45  22  1  0  0  2  3.220453e-01  2.000000e-07
 45  73  0 -1  0  2  4.137601e-01  2.000000e-07
 48  49  0  0  0  2  1.392858e-01  2.000000e-07
 48  25  1  0  0  2  2.483914e-01  2.000000e-07
 48  39  0  0  0  2  3.116945e-01  2.000000e-07
 48  63  1  0  0  2  3.161983e-01  2.000000e-07
 48  50  1  0  0  2  2.692376e-01  2.000000e-07
 48  28  0  0  0  2  1.650621e-01  2.000000e-07
 48  52  0 -1  0  2  5.008120e-01  2.000000e-07
 48  52  0  0  0  2  5.061217e-01  2.000000e-07
 48  53  0  0  0  2  4.617497e-01  2.000000e-07
 48  54  1  0  0  2  3.970909e-01  2.000000e-07
 48  65  0  0  0  2  2.290506e-01  2.000000e-07
 48  85  0 -1  0  2  5.235638e-01  2.000000e-07
 48  67  1  0  0  2  2.297021e-01  2.000000e-07
 48  38  0  0  0  2  5.667370e-01  2.000000e-07
 48  44  0  0  0  2  1.134257e-01  2.000000e-07
 48  32  0  0  0  2  5.362958e-01  2.000000e-07
 48  22  1  0  0  2  2.862911e-01  2.000000e-07
 48  73  0  0  0  2  3.120898e-01  2.000000e-07
 49  63  1  0  0  2  4.268839e-01  2.000000e-07
 49  82  1  0  0  2  3.353656e-01  2.000000e-07
 49  83  0  0  0  2  2.487397e-01  2.000000e-07
 49  28  0  0  0  2  4.635069e-02  2.000000e-07
 49  51  0  0  0  2  3.217686e-01  2.000000e-07
 49  84  0  0  0  2  3.319688e-01  2.000000e-07
 49  52  0 -1  0  2  5.415525e-01  2.000000e-07
 49  52  0  0  0  2  4.696094e-01  2.000000e-07
 49  54  1  0  0  2  5.235860e-01  2.000000e-07
 49  85  0 -1  0  2  5.339943e-01  2.000000e-07
 49  85  0  0  0  2  4.694867e-01  2.000000e-07
 49  67  1  0  0  2  3.619241e-01  2.000000e-07
 49  68  1  0  0  2  4.457853e-01  2.000000e-07
 36  64  0  0  0  2  2.539053e-01  2.000000e-07
 36  33  0 -1  0  2  2.552496e-01  2.000000e-07
 36  37  0  0  0  2  5.496268e-02  2.000000e-07
 36  53  0  0  0  2  1.495745e-01  2.000000e-07
 36  66  0  0  0  2  1.212225e-01  2.000000e-07
 36  43  0  0  0  2  1.465975e-01  2.000000e-07
 36  56  0 -1  0  2  2.553905e-01  2.000000e-07
 36  32  0  0  0  2  9.770947e-02  2.000000e-07
 36  35  0 -1  0  2  2.666078e-01  2.000000e-07
 62  83  0  0  0  2  4.060468e-01  2.000000e-07
 62  51  0  0  0  2  2.721568e-01  2.000000e-07
 62  84  0  1  0  2  1.435845e-01  2.000000e-07
 62  37  0  1  0  2  4.469360e-01  2.000000e-07
 62  65  0  0  0  2  3.650389e-01  2.000000e-07
 62  85  0  0  0  2  5.873748e-02  2.000000e-07
 62  34  0  0  0  2  1.421936e-01  2.000000e-07
 62  73  0  0  0  2  3.124519e-01  2.000000e-07
 62  35  0  0  0  2  3.159957e-01  2.000000e-07
 25  63  0  0  0  2  2.939256e-01  2.000000e-07
 25  50  0  0  0  2  2.867828e-01  2.000000e-07
 25  64  0  0  0  2  1.262186e-01  2.000000e-07
 25  52 -1 -1  0  2  4.493270e-01  2.000000e-07
 25  54  0  0  0  2  1.620763e-01  2.000000e-07
 25  44 -1  0  0  2  1.455475e-01  2.000000e-07
 25  22  0  0  0  2  5.681550e-02  2.000000e-07
 39  33  0 -1  0  2  2.656514e-01  2.000000e-07
 39  28  0  0  0  2  2.743940e-01  2.000000e-07
 39  84  0  0  0  2  1.734581e-01  2.000000e-07
 39  37  0  0  0  2  2.668078e-01  2.000000e-07
 39  53  0  0  0  2  1.528943e-01  2.000000e-07
 39  65  0  0  0  2  4.091056e-01  2.000000e-07
 39  26  0  0  0  2  1.647809e-01  2.000000e-07
 39  66  0  0  0  2  2.161339e-01  2.000000e-07
 39  27  0  0  0  2  2.146247e-01  2.000000e-07
 39  43  0  0  0  2  1.967725e-01  2.000000e-07
 39  44  0  0  0  2  3.453930e-01  2.000000e-07
 39  32  0  0  0  2  2.554381e-01  2.000000e-07
 63  50  0  0  0  2  5.543508e-02  2.000000e-07
 63  83 -1  0  0  2  2.510286e-01  2.000000e-07
 63  52 -1  0  0  2  4.886691e-01  2.000000e-07
 63  67  0  0  0  2  1.319442e-01  2.000000e-07
 63  38  0  0  0  2  3.195653e-01  2.000000e-07
 63  11  0  0  0  2  2.491747e-01  2.000000e-07
 63  68  0  0  0  2  6.903762e-02  2.000000e-07
 63  73 -1  0  0  2  3.158532e-01  2.000000e-07
 50  82  0  0  0  2  1.289843e-01  2.000000e-07
 50  83 -1  0  0  2  1.980241e-01  2.000000e-07
 50  28 -1  0  0  2  3.707976e-01  2.000000e-07
 50  65 -1  0  0  2  3.200917e-01  2.000000e-07
 50  55  0  0  0  2  3.667048e-01  2.000000e-07
 50  67  0  0  0  2  1.230247e-01  2.000000e-07
 50  11  0  0  0  2  2.610235e-01  2.000000e-07
 50  44 -1  0  0  2  2.844488e-01  2.000000e-07
 50  68  0  0  0  2  8.497939e-02  2.000000e-07
 50  73 -1  0  0  2  2.691936e-01  2.000000e-07
 64  52 -1 -1  0  2  3.715609e-01  2.000000e-07
 64  54  0  0  0  2  5.724607e-02  2.000000e-07
 64  56  0 -1  0  2  3.195470e-01  2.000000e-07
 64  11  0 -1  0  2  3.527344e-01  2.000000e-07
 64  44 -1  0  0  2  2.326439e-01  2.000000e-07
 64  32  0  0  0  2  2.852878e-01  2.000000e-07
 64  22  0  0  0  2  6.977988e-02  2.000000e-07
 64  73 -1 -1  0  2  4.805051e-01  2.000000e-07
 82  83 -1  0  0  2  2.553787e-01  2.000000e-07
 82  28 -1  0  0  2  3.484056e-01  2.000000e-07
 82  84 -1  0  0  2  4.776094e-01  2.000000e-07
 82  37  0  0  0  2  3.269401e-01  2.000000e-07
 82  26 -1  0  0  2  4.241280e-01  2.000000e-07
 82  66  0  0  0  2  3.465221e-01  2.000000e-07
 82  67  0  0  0  2  2.706541e-02  2.000000e-07
 82  44 -1  0  0  2  1.729009e-01  2.000000e-07
 82  68  0  0  0  2  2.081984e-01  2.000000e-07
 83  28  0  0  0  2  2.242302e-01  2.000000e-07
 83  51  0  0  0  2  3.439384e-01  2.000000e-07
 83  52  0  0  0  2  2.992778e-01  2.000000e-07
 83  65  0  0  0  2  1.291833e-01  2.000000e-07
 83  85  0  0  0  2  3.576035e-01  2.000000e-07
 83  67  1  0  0  2  2.703157e-01  2.000000e-07
 83  68  1  0  0  2  2.368544e-01  2.000000e-07
 83  73  0  0  0  2  9.723991e-02  2.000000e-07
 33  84  0  1  0  2  2.264526e-01  2.000000e-07
 33  37  0  1  0  2  3.047532e-01  2.000000e-07
 33  53  0  1  0  2  1.491931e-01  2.000000e-07
 33  34  0  0  0  2  1.134565e-01  2.000000e-07
 33  35  0  0  0  2  1.563615e-01  2.000000e-07
 28  51  0  0  0  2  2.784943e-01  2.000000e-07
 28  65  0  0  0  2  1.351382e-01  2.000000e-07
 28  26  0  0  0  2  1.172425e-01  2.000000e-07
 28  27  0  0  0  2  1.571396e-01  2.000000e-07
 28  44  0  0  0  2  2.740007e-01  2.000000e-07
 51  65  0  0  0  2  2.281478e-01  2.000000e-07
 51  26  0  0  0  2  3.274535e-01  2.000000e-07
 51  85  0  0  0  2  2.202699e-01  2.000000e-07
 51  55  0  0  0  2  1.545089e-01  2.000000e-07
 51  27  0  0  0  2  2.654274e-01  2.000000e-07
 51  34  0  0  0  2  1.695598e-01  2.000000e-07
 51  35  0  0  0  2  2.745554e-01  2.000000e-07
 84  37  0  0  0  2  3.969034e-01  2.000000e-07
 84  53  0  0  0  2  2.223673e-01  2.000000e-07
 84  26  0  0  0  2  2.986655e-01  2.000000e-07
 84  66  0  0  0  2  3.696301e-01  2.000000e-07
 84  85  0 -1  0  2  2.020472e-01  2.000000e-07
 84  67  1  0  0  2  5.006540e-01  2.000000e-07
 84  34  0 -1  0  2  2.585235e-01  2.000000e-07
 84  44  0  0  0  2  3.047295e-01  2.000000e-07
 84  35  0 -1  0  2  3.826917e-01  2.000000e-07
 37  47  0 -1  0  2  3.154263e-01  2.000000e-07
 37  53  0  0  0  2  1.836238e-01  2.000000e-07
 37  54  0  0  0  2  2.149383e-01  2.000000e-07
 37  66  0  0  0  2  8.222334e-02  2.000000e-07
 37  85  0 -1  0  2  4.837191e-01  2.000000e-07
 37  67  0  0  0  2  3.084156e-01  2.000000e-07
 37  38  0  0  0  2  5.069518e-02  2.000000e-07
 37  43  0  0  0  2  1.116083e-01  2.000000e-07
 37  44 -1  0  0  2  4.032040e-01  2.000000e-07
 37  35  0 -1  0  2  3.212803e-01  2.000000e-07
 52  53  0  1  0  2  3.945611e-01  2.000000e-07
 52  54  1  1  0  2  4.032741e-01  2.000000e-07
 52  85  0  0  0  2  1.164577e-01  2.000000e-07
 52  11  1  0  0  2  3.842449e-01  2.000000e-07
 52  68  1  0  0  2  4.382095e-01  2.000000e-07
 52  73  0  0  0  2  2.020610e-01  2.000000e-07
 53  66  0  0  0  2  1.853571e-01  2.000000e-07
 53  85  0 -1  0  2  3.051496e-01  2.000000e-07
 53  38  0  0  0  2  2.260891e-01  2.000000e-07
 53  43  0  0  0  2  1.880862e-01  2.000000e-07
 53  32  0  0  0  2  2.003971e-01  2.000000e-07
 53  35  0 -1  0  2  2.471418e-01  2.000000e-07
 54  85 -1 -1  0  2  5.035945e-01  2.000000e-07
 54  85  0 -1  0  2  5.837466e-01  2.000000e-07
 54  67  0  0  0  2  3.126166e-01  2.000000e-07
 54  38  0  0  0  2  2.289324e-01  2.000000e-07
 54  56  0 -1  0  2  2.675311e-01  2.000000e-07
 54  11  0 -1  0  2  3.242343e-01  2.000000e-07
 54  68  0 -1  0  2  5.012012e-01  2.000000e-07
 54  32  0  0  0  2  2.512144e-01  2.000000e-07
 65  55  0  0  0  2  3.675256e-01  2.000000e-07
 65  27  0  0  0  2  2.572411e-01  2.000000e-07
 65  34  0  0  0  2  3.453076e-01  2.000000e-07
 65  44  0  0  0  2  3.399909e-01  2.000000e-07
 65  32  0  0  0  2  5.454633e-01  2.000000e-07
 65  73  0  0  0  2  1.421584e-01  2.000000e-07
 26  27  0  0  0  2  9.170385e-02  2.000000e-07
 26  44  0  0  0  2  3.053775e-01  2.000000e-07
 66  67  0  0  0  2  3.237351e-01  2.000000e-07
 66  38  0  0  0  2  7.576565e-02  2.000000e-07
 66  43  0  0  0  2  2.998773e-02  2.000000e-07
 85  61  0  0  0  2  8.145349e-02  2.000000e-07
 85  38  0  1  0  2  5.295509e-01  2.000000e-07
 85  56  0  0  0  2  3.632007e-01  2.000000e-07
 85  35  0  0  0  2  3.111598e-01  2.000000e-07
 55  27  0  0  0  2  2.946543e-01  2.000000e-07
 55  34  0  0  0  2  2.356457e-01  2.000000e-07
 55  56  0  0  0  2  2.335291e-01  2.000000e-07
 55  11  0  0  0  2  2.597578e-01  2.000000e-07
 55  35  0  0  0  2  2.089358e-01  2.000000e-07
 67  38  0  0  0  2  2.651252e-01  2.000000e-07
 67  68  0  0  0  2  1.963166e-01  2.000000e-07
 27  43  0  0  0  2  2.157821e-01  2.000000e-07
 38  49  0  0  0  2  4.496503e-01  2.000000e-07
 38  56  0 -1  0  2  3.556758e-01  2.000000e-07
 38  68  0  0  0  2  3.818022e-01  2.000000e-07
 38  32  0  0  0  2  3.200917e-02  2.000000e-07
 34  73  0  0  0  2  3.506497e-01  2.000000e-07
 34  35  0  0  0  2  1.931179e-01  2.000000e-07
 56  11  0  0  0  2  1.967669e-01  2.000000e-07
 56  68  0  0  0  2  3.569754e-01  2.000000e-07
 56  32  0  1  0  2  3.529501e-01  2.000000e-07
 56  35  0  0  0  2  5.262429e-02  2.000000e-07
 11  68  0  0  0  2  1.818224e-01  2.000000e-07
 11  73 -1  0  0  2  3.140606e-01  2.000000e-07
 22  47  0 -1  0  2  3.048625e-01  2.000000e-07
 22  44 -1  0  0  2  1.754635e-01  2.000000e-07
 40  47  0  0  0  1  1.611709e-01  3.000000e-07
 40  45 -1  1  0  1  3.201249e-01  3.000000e-07
 40  64  0  1  0  1  1.590133e-01  3.000000e-07
 40  52 -1  0  0  1  2.684064e-01  3.000000e-07
 40  73 -1  0  0  1  3.307638e-01  3.000000e-07
 29  46  0  0  0  1  5.081770e-02  3.000000e-07
 29  79  0  0  0  1  2.256368e-01  3.000000e-07
 29  42  0  0  0  1  1.745734e-01  3.000000e-07
 29  55  0  0  0  1  1.688776e-01  3.000000e-07
 46  42  0  0  0  1  1.996568e-01  3.000000e-07
 46  55  0  0  0  1  1.932429e-01  3.000000e-07
 46  11  0  0  0  1  2.136054e-01  3.000000e-07
 46  68  0  0  0  1  1.210208e-01  3.000000e-07
 41  80  0  0  0  1  7.597209e-02  3.000000e-07
 41  36  0  0  0  1  1.458872e-01  3.000000e-07
 41  37  0  0  0  1  1.098553e-01  3.000000e-07
 41  54  0  0  0  1  1.631104e-01  3.000000e-07
 41  38  0  0  0  1  8.796703e-02  3.000000e-07
 41  22  0  0  0  1  1.579582e-01  3.000000e-07
 31  42  0  0  0  1  1.282874e-01  3.000000e-07
 31  43  0  0  0  1  5.871294e-02  3.000000e-07
 79  30  0  0  0  1  1.919493e-01  3.000000e-07
 79  28  0  0  0  1  2.022985e-01  3.000000e-07
 79  51  0  0  0  1  1.954568e-01  3.000000e-07
 79  55  0  0  0  1  2.075172e-01  3.000000e-07
 79  27  0  0  0  1  8.715340e-02  3.000000e-07
 80  25  0  0  0  1  8.584492e-02  3.000000e-07
 80  82  0  0  0  1  1.594348e-01  3.000000e-07
 80  67  0  0  0  1  1.501271e-01  3.000000e-07
 80  22  0  0  0  1  1.138459e-01  3.000000e-07
 47  36  0  1  0  1  2.723687e-01  3.000000e-07
 47  54  0  1  0  1  1.961666e-01  3.000000e-07
 47  56  0  0  0  1  1.114859e-01  3.000000e-07
 47  11  0  0  0  1  1.455490e-01  3.000000e-07
 30  39  0  0  0  1  1.530001e-01  3.000000e-07
 30  53  0  0  0  1  2.081727e-01  3.000000e-07
 30  26  0  0  0  1  1.700498e-01  3.000000e-07
 30  27  0  0  0  1  1.409864e-01  3.000000e-07
 30  43  0  0  0  1  7.970995e-02  3.000000e-07
 81  36  0  1  0  1  2.354664e-01  3.000000e-07
 81  33  0  0  0  1  1.127931e-01  3.000000e-07
 81  53  0  1  0  1  1.997891e-01  3.000000e-07
 81  34  0  0  0  1  1.726382e-01  3.000000e-07
 81  56  0  0  0  1  8.710498e-02  3.000000e-07
 61  51  0  0  0  1  1.688541e-01  3.000000e-07
 61  52  0  0  0  1  1.271995e-01  3.000000e-07
 61  65  0  0  0  1  2.273601e-01  3.000000e-07
 61  85  0  0  0  1  8.145349e-02  3.000000e-07
 61  34  0  0  0  1  1.478039e-01  3.000000e-07
 61  73  0  0  0  1  2.039400e-01  3.000000e-07
 42  63  0  0  0  1  2.204979e-01  3.000000e-07
 42  67  0  0  0  1  2.204699e-01  3.000000e-07
 42  38  0  0  0  1  1.301693e-01  3.000000e-07
 42  43  0  0  0  1  1.410054e-01  3.000000e-07
 45  62  0 -1  0  1  1.669958e-01  3.000000e-07
 45  39  0  0  0  1  2.151171e-01  3.000000e-07
 45  64  1  0  0  1  3.243827e-01  3.000000e-07
 45  84  0  0  0  1  6.158082e-02  3.000000e-07
 45  52  0 -1  0  1  2.130789e-01  3.000000e-07
 45  44  0  0  0  1  2.585636e-01  3.000000e-07
 45  22  1  0  0  1  3.220453e-01  3.000000e-07
 48  49  0  0  0  1  1.392858e-01  3.000000e-07
 48  39  0  0  0  1  3.116945e-01  3.000000e-07
 48  83  0  0  0  1  2.226032e-01  3.000000e-07
 48  28  0  0  0  1  1.650621e-01  3.000000e-07
 48  65  0  0  0  1  2.290506e-01  3.000000e-07
 48  44  0  0  0  1  1.134257e-01  3.000000e-07
 49  39  0  0  0  1  2.392165e-01  3.000000e-07
 49  26  0  0  0  1  9.690864e-02  3.000000e-07
 36  37  0  0  0  1  5.496268e-02  3.000000e-07
 36  54  0  0  0  1  2.056598e-01  3.000000e-07
 36  56  0 -1  0  1  2.553905e-01  3.000000e-07
 62  33  0  0  0  1  1.762124e-01  3.000000e-07
 62  84  0  1  0  1  1.435845e-01  3.000000e-07
 62  52  0  0  0  1  1.318043e-01  3.000000e-07
 62  34  0  0  0  1  1.421936e-01  3.000000e-07
 25  82  0  0  0  1  1.594083e-01  3.000000e-07
 25  44 -1  0  0  1  1.455475e-01  3.000000e-07
 25  22  0  0  0  1  5.681550e-02  3.000000e-07
 39  84  0  0  0  1  1.734581e-01  3.000000e-07
 39  53  0  0  0  1  1.528943e-01  3.000000e-07
 63  50  0  0  0  1  5.543508e-02  3.000000e-07
 63  67  0  0  0  1  1.319442e-01  3.000000e-07
 63  68  0  0  0  1  6.903762e-02  3.000000e-07
 50  82  0  0  0  1  1.289843e-01  3.000000e-07
 50  83 -1  0  0  1  1.980241e-01  3.000000e-07
 50  68  0  0  0  1  8.497939e-02  3.000000e-07
 64  54  0  0  0  1  5.724607e-02  3.000000e-07
 82  48 -1  0  0  1  2.026549e-01  3.000000e-07
 82  83 -1  0  0  1  2.553787e-01  3.000000e-07
 82  44 -1  0  0  1  1.729009e-01  3.000000e-07
 83  65  0  0  0  1  1.291833e-01  3.000000e-07
 83  68  1  0  0  1  2.368544e-01  3.000000e-07
 83  73  0  0  0  1  9.723991e-02  3.000000e-07
 33  84  0  1  0  1  2.264526e-01  3.000000e-07
 33  53  0  1  0  1  1.491931e-01  3.000000e-07
 28  65  0  0  0  1  1.351382e-01  3.000000e-07
 28  26  0  0  0  1  1.172425e-01  3.000000e-07
 28  27  0  0  0  1  1.571396e-01  3.000000e-07
 51  65  0  0  0  1  2.281478e-01  3.000000e-07
 51  55  0  0  0  1  1.545089e-01  3.000000e-07
 51  34  0  0  0  1  1.695598e-01  3.000000e-07
 84  53  0  0  0  1  2.223673e-01  3.000000e-07
 37  66  0  0  0  1  8.222334e-02  3.000000e-07
 52  85  0  0  0  1  1.164577e-01  3.000000e-07
 52  73  0  0  0  1  2.020610e-01  3.000000e-07
 53  66  0  0  0  1  1.853571e-01  3.000000e-07
 53  43  0  0  0  1  1.880862e-01  3.000000e-07
 54  40  0 -1  0  1  1.599956e-01  3.000000e-07
 54  22  0  0  0  1  1.119161e-01  3.000000e-07
 65  73  0  0  0  1  1.421584e-01  3.000000e-07
 26  27  0  0  0  1  9.170385e-02  3.000000e-07
 85  34  0  0  0  1  1.207468e-01  3.000000e-07
 55  56  0  0  0  1  2.335291e-01  3.000000e-07
 55  11  0  0  0  1  2.597578e-01  3.000000e-07
 55  35  0  0  0  1  2.089358e-01  3.000000e-07
 34  35  0  0  0  1  1.931179e-01  3.000000e-07
 56  11  0  0  0  1  1.967669e-01  3.000000e-07
 11  68  0  0  0  1  1.818224e-01  3.000000e-07
 11  73 -1  0  0  1  3.140606e-01  3.000000e-07
 44  22  1  0  0  1  1.754635e-01  3.000000e-07
 68  73 -1  0  0  1  2.825546e-01  3.000000e-07
-1.980027e-01 -1.871114e-01 -2.519354e-01
-3.639986e-01  7.836190e-02 -3.357542e-01
 2.287145e-01 -2.398653e-01 -2.874433e-01
-7.972882e-03 -1.474606e-01 -1.998212e-01
 3.499027e-01  6.636483e-02 -2.765259e-01
 1.241287e-01  3.050530e-01 -2.218931e-01
 2.938424e-01  2.447230e-01 -2.855378e-01
 1.454429e-02  4.220730e-01 -2.605172e-01
 1.873646e-01 -3.482130e-01 -2.112862e-01
-2.120797e-01  2.478646e-01 -1.589793e-01
-4.299625e-01  2.411883e-01  1.666206e-01
-3.173774e-01  2.534840e-01  0
 2.933352e-01 -3.117928e-01  4.229425e-01
-2.386636e-01  3.551829e-01  3.443518e-01
 2.821719e-01  2.025538e-01  1.468605e-01
 3.249795e-01 -2.512900e-01  4.029217e-01
 1.922806e-01  6.056681e-03  2.872921e-01
 2.877664e-01  2.869907e-01  2.661485e-01
 7.039332e-03 -3.691924e-01  3.373002e-01
 1.779732e-01 -3.811418e-01  2.810722e-01
 2.831224e-01 -3.342208e-01  3.203334e-01
-4.333231e-01 -3.126523e-02  1.227147e-01
-4.158369e-01 -3.356390e-01  0
-1.789907e-01 -2.638378e-01  2.388824e-01
-4.401965e-01 -1.754514e-01  1.058003e-01
-4.197662e-01 -2.789595e-01  0
 1.501462e-01 -1.436363e-01  0
 7.649969e-02 -8.899395e-02  0
 2.306286e-01 -5.838140e-02  0
-1.860491e-01  3.911043e-02  0
-1.024241e-02 -2.001378e-01  0
-1.366013e-01 -2.560539e-01  0
-1.491688e-01 -2.683299e-01  0
 2.269242e-02  4.452755e-01  0
 7.748074e-02  3.459246e-01  0
-1.141724e-01  3.696651e-01  0
-1.492095e-01 -3.660393e-01  0
-1.625247e-01 -3.127139e-01  0
-1.810550e-01 -2.655268e-01  0
 1.040615e-01 -3.018416e-01  0
-4.306831e-01  4.402446e-01  0
-2.676699e-01 -2.808912e-01  0
-1.800856e-01 -1.353611e-01  0
-8.139368e-02 -2.360707e-01  0
 4.423763e-01 -2.322758e-01  0
 2.764225e-01 -4.305546e-01  0
-2.336195e-01  5.698487e-02  0
-2.765355e-01  3.931853e-01  0
 3.722981e-01 -1.430883e-01  0
 2.385972e-01 -1.040420e-01  0
-4.044581e-01  7.414446e-03  0
 8.083649e-02  1.763980e-01  0
 3.133169e-01  3.595850e-01  0
-5.717861e-03 -4.082613e-01  0
-3.466482e-01 -4.236057e-01  0
-7.323490e-02  1.647791e-01  0
-1.659406e-01  3.791188e-01  0
-1.817440e-01 -4.110263e-01  2.186316e-01
 4.764764e-02 -4.179650e-02  1.757014e-01
 3.541100e-01 -3.001278e-01  1.895015e-01
-4.191591e-01  4.338441e-01 -4.304415e-01
 2.114270e-01  2.834393e-01  0
 1.974041e-01  4.223275e-01  0
-3.490336e-01  6.328299e-03  0
-4.003108e-01 -4.036697e-01  0
 2.810451e-01  6.700004e-02  0
-1.063952e-01 -2.526293e-01  0
-3.996606e-01 -1.155167e-01  0
-3.532561e-01  7.523667e-02  0
-3.272441e-01  1.964822e-01  3.934409e-01
 3.935613e-01 -1.488895e-01  3.881204e-01
 1.289107e-01 -2.702680e-01 -4.067694e-01
 3.895583e-02 -3.787275e-01 -4.195551e-01
 3.801659e-01  1.689024e-01  0
 2.574570e-01  4.123786e-01 -4.178871e-01
-4.403966e-01  2.633063e-01 -3.902116e-01
 3.205957e-01 -2.763882e-01 -3.646497e-01
 2.479925e-01 -1.319477e-01 -4.374056e-01
 1.810665e-01  2.229390e-01  3.984897e-01
 3.343464e-02 -1.322379e-02  0
-3.381172e-01 -2.524493e-01  0
-8.369064e-02  4.077932e-01  0
-4.264024e-01 -1.196895e-01  0
 4.098920e-01  7.631751e-02  0
 2.150151e-01 -4.351721e-01  0
 1.969281e-01  3.635919e-01  0
 1.379973e-01  6.896010e-02 -3.974903e-01
-8.688563e-02 -3.153023e-01 -1.464463e-01
 3.396961e-01 -1.544551e-01 -1.000464e-01
 9.274595e-02  1.563879e-01 -1.085518e-01