 706  90  1.200000e-05  1 -2 -2
 42  43  0  0  0  3  2.119589e-01  1.000000e-07
 42  18  0  0  0  3  2.879240e-01  1.000000e-07
 42  15  1  0  0  3  6.410869e-01  1.000000e-07
 42  46  0  0  0  3  2.105702e-01  1.000000e-07
 42  19  0  0  0  3  2.828679e-01  1.000000e-07
 42  20  0  0  0  3  3.275618e-01  1.000000e-07
 42  47  0  0  0  3  1.672167e-01  1.000000e-07
 42  27  0  0  1  3  3.995501e-01  1.000000e-07
 42  48  0  0  1  3  4.383265e-01  1.000000e-07
 17  23  0  0  0  3  2.583269e-01  1.000000e-07
 17  44  0  1  0  3  6.394106e-01  1.000000e-07
 17  16  0  0  0  3  3.220423e-01  1.000000e-07
 17  51  0  0  0  3  3.997089e-01  1.000000e-07
 17  15  1  0  0  3  5.549926e-01  1.000000e-07
 17  46  0  0  0  3  2.554188e-01  1.000000e-07
 17  47  0  0  0  3  2.622334e-01  1.000000e-07
 43  23  0  0  0  3  1.648575e-01  1.000000e-07
 43  16  0  0  0  3  2.610823e-01  1.000000e-07
 43  19  0  0  0  3  1.812636e-01  1.000000e-07
 43  28  0  0  1  3  3.423486e-01  1.000000e-07
 43  48  0  0  1  3  3.498756e-01  1.000000e-07
 43  30  0  0  1  3  3.300275e-01  1.000000e-07
 43  26  0  0  1  3  2.001251e-01  1.000000e-07
 43  38  0  0  1  3  3.162116e-01  1.000000e-07
 18  23  0  0  0  3  2.608124e-01  1.000000e-07
 18  21  0  0  0  3  3.940356e-01  1.000000e-07
 18  45  0  0  0  3  2.130465e-01  1.000000e-07
 18  46  0  0  0  3  1.818145e-01  1.000000e-07
 18  22  0  0  0  3  2.152316e-01  1.000000e-07
 23  44  0  0  0  3  2.199960e-01  1.000000e-07
 23  16  0  0  0  3  2.105577e-01  1.000000e-07
 23  51  0  0  0  3  2.408693e-01  1.000000e-07
 23  22  0  0  0  3  2.020521e-01  1.000000e-07
 44  21  0 -1  0  3  3.582922e-01  1.000000e-07
 44  19  0  0  0  3  1.686811e-01  1.000000e-07
 44  20  0  0  0  3  2.601183e-01  1.000000e-07
 44  36  0  0  0  3  3.388345e-01  1.000000e-07
 44  49  0  0  1  3  3.321962e-01  1.000000e-07
 44  50  0  0  1  3  2.250952e-01  1.000000e-07
 44  26  0  0  1  3  1.828013e-01  1.000000e-07
 16  51  0  0  0  3  3.482979e-01  1.000000e-07
 16  15  1  0  0  3  5.416568e-01  1.000000e-07
 16  73  0  0  0  3  2.936450e-01  1.000000e-07
 16  48  0  0  1  3  4.259654e-01  1.000000e-07
 51  15  0  0  0  3  5.203346e-01  1.000000e-07
 51  22  0  0  0  3  2.282121e-01  1.000000e-07
 51  19  0  0  0  3  2.383707e-01  1.000000e-07
 21  73 -1  1  0  3  4.313389e-01  1.000000e-07
 21  19  0  1  0  3  4.201598e-01  1.000000e-07
 21  47  0  0  0  3  2.925598e-01  1.000000e-07
 21  49  0  1  1  3  5.053321e-01  1.000000e-07
 45  15  0  0  0  3  2.043245e-01  1.000000e-07
 45  25  0  0  0  3  1.586310e-01  1.000000e-07
 45  46  0  0  0  3  1.328994e-01  1.000000e-07
 45  22  0  0  0  3  3.235507e-01  1.000000e-07
 45  20  0  0  0  3  3.627149e-01  1.000000e-07
 45  48 -1  0  1  3  5.987830e-01  1.000000e-07
 45  49  0  0  1  3  5.204630e-01  1.000000e-07
 45  39 -1  0  1  3  6.112798e-01  1.000000e-07
 15  73 -1  1  0  3  5.295243e-01  1.000000e-07
 15  22  0  0  0  3  3.790099e-01  1.000000e-07
 73  25  1 -1  0  3  5.130808e-01  1.000000e-07
 73  22  1  0  0  3  4.124892e-01  1.000000e-07
 73  20  1  0  0  3  4.071512e-01  1.000000e-07
 73  48  0  0  1  3  4.794925e-01  1.000000e-07
 25  46  0  0  0  3  2.316387e-01  1.000000e-07
 25  24  0  0  1  3  4.498353e-01  1.000000e-07
 25  37 -1  0  1  3  4.697826e-01  1.000000e-07
 25  48 -1  0  1  3  6.028653e-01  1.000000e-07
 25  52  0  1  1  3  5.029471e-01  1.000000e-07
 25  49  0  0  1  3  5.613533e-01  1.000000e-07
 25  39 -1  0  1  3  5.876986e-01  1.000000e-07
 46  22  0  0  0  3  3.053263e-01  1.000000e-07
 46  20  0  0  0  3  3.423679e-01  1.000000e-07
 46  47  0  0  0  3  8.140779e-02  1.000000e-07
 46  49  0  0  1  3  4.871302e-01  1.000000e-07
 22  19  0  0  0  3  1.343114e-01  1.000000e-07
 22  20  0  0  0  3  6.272625e-02  1.000000e-07
 19  20  0  0  0  3  1.110381e-01  1.000000e-07
 19  49  0  0  1  3  3.155789e-01  1.000000e-07
 19  50  0  0  1  3  2.549623e-01  1.000000e-07
 20  48 -1  0  1  3  5.116621e-01  1.000000e-07
 36  47  0 -1  0  3  6.201351e-01  1.000000e-07
 36  27  0 -1  1  3  5.593631e-01  1.000000e-07
 36  32  1  0  1  3  5.329999e-01  1.000000e-07
 36  49  1  0  1  3  5.693012e-01  1.000000e-07
 36  26  0  0  1  3  3.610627e-01  1.000000e-07
 36  29  0 -1  1  3  5.888214e-01  1.000000e-07
 47  27  0  0  1  3  4.641602e-01  1.000000e-07
 47  24  0  0  1  3  4.016986e-01  1.000000e-07
 47  49  0  0  1  3  4.891181e-01  1.000000e-07
 27  37  0  0  0  3  2.778331e-01  1.000000e-07
 27  30  0  0  0  3  3.015717e-01  1.000000e-07
 27  40  0  0  0  3  2.706506e-01  1.000000e-07
 27  29  0  0  0  3  1.953347e-01  1.000000e-07
 27  39  0  0  0  3  3.076730e-01  1.000000e-07
 27  34  0  1  0  3  4.795741e-01  1.000000e-07
 31  37 -1  0  0  3  6.028896e-01  1.000000e-07
 31  41  0  0  0  3  2.646982e-01  1.000000e-07
 31  33  0  0  0  3  3.221579e-01  1.000000e-07
 31  50  0  0  0  3  3.220408e-01  1.000000e-07
 31  38  0  0  0  3  2.512160e-01  1.000000e-07
 24  37 -1  0  0  3  4.963980e-01  1.000000e-07
 24  52  0  1  0  3  3.724056e-01  1.000000e-07
 24  41  0  1  0  3  5.131425e-01  1.000000e-07
 24  40  0  0  0  3  1.382110e-01  1.000000e-07
 24  38  0  0  0  3  2.583823e-01  1.000000e-07
 28  35  0  0  0  3  2.454041e-01  1.000000e-07
 28  48  0  0  0  3  2.344387e-01  1.000000e-07
 28  30  0  0  0  3  1.339133e-01  1.000000e-07
 28  40  0  0  0  3  3.368085e-01  1.000000e-07
 28  29  0  0  0  3  3.547973e-01  1.000000e-07
 28  39  0  0  0  3  1.803561e-01  1.000000e-07
 28  38  0  0  0  3  1.692520e-01  1.000000e-07
 28  62  0  0  0  3  3.983617e-01  1.000000e-07
 37  32  1  1  0  3  3.136007e-01  1.000000e-07
 37  29  0  0  0  3  1.098127e-01  1.000000e-07
 37  39  0  0  0  3  4.725179e-01  1.000000e-07
 37  62  0  0  0  3  2.347933e-01  1.000000e-07
 37  34  0  1  0  3  4.739328e-01  1.000000e-07
 35  32  1  0  0  3  4.976745e-01  1.000000e-07
 35  30  0  0  0  3  2.227552e-01  1.000000e-07
 35  40  0  0  0  3  4.344060e-01  1.000000e-07
 35  50  0  0  0  3  3.709729e-01  1.000000e-07
 35  29  0  0  0  3  4.768315e-01  1.000000e-07
 35  62  0  0  0  3  4.937081e-01  1.000000e-07
 48  33  1  0  0  3  4.016198e-01  1.000000e-07
 48  26  0  0  0  3  3.502516e-01  1.000000e-07
 52  32  0  0  0  3  4.127752e-01  1.000000e-07
 52  41  0  0  0  3  2.769353e-01  1.000000e-07
 52  49  0  0  0  3  2.922182e-01  1.000000e-07
 52  33  0  0  0  3  3.402924e-01  1.000000e-07
 52  50  0  0  0  3  1.972046e-01  1.000000e-07
 52  26  0  0  0  3  1.225796e-01  1.000000e-07
 32  41 -1  0  0  3  5.541885e-01  1.000000e-07
 32  49  0  0  0  3  2.842638e-01  1.000000e-07
 32  33  0  0  0  3  1.437932e-01  1.000000e-07
 32  34 -1  0  0  3  4.929901e-01  1.000000e-07
 41  33  0  0  0  3  4.006742e-01  1.000000e-07
 41  38  0  0  0  3  3.530308e-01  1.000000e-07
 41  34  0  0  0  3  2.011463e-01  1.000000e-07
 49  33  0  0  0  3  1.510627e-01  1.000000e-07
 30  50  0  0  0  3  3.669319e-01  1.000000e-07
 30  26  0  0  0  3  3.332432e-01  1.000000e-07
 30  39  0  0  0  3  8.202125e-02  1.000000e-07
 30  38  0  0  0  3  2.684683e-01  1.000000e-07
 30  34  0  0  0  3  2.851569e-01  1.000000e-07
 33  36 -1  0 -1  3  5.605827e-01  1.000000e-07
 33  39 -1  0  0  3  4.011850e-01  1.000000e-07
 40  38  0  0  0  3  2.899534e-01  1.000000e-07
 40  62  0  0  0  3  1.885910e-01  1.000000e-07
 40  34  0  1  0  3  4.072909e-01  1.000000e-07
 50  20  0  0 -1  3  3.081127e-01  1.000000e-07
 50  38  0  0  0  3  2.877597e-01  1.000000e-07
 50  34  0  0  0  3  2.537022e-01  1.000000e-07
 26  34  0  0  0  3  1.689836e-01  1.000000e-07
 29  39  0  0  0  3  4.170786e-01  1.000000e-07
 29  62  0  0  0  3  1.502485e-01  1.000000e-07
 29  34  0  1  0  3  4.407962e-01  1.000000e-07
 38  34  0  0  0  3  3.838553e-01  1.000000e-07
 62  32  1  1  0  3  4.719058e-01  1.000000e-07
 73  75  0  0  0  3  2.587184e-01  1.000000e-07
 67  41  0  0  0  3  2.064477e-01  1.000000e-07
 23  76  0  0  0  3  2.846041e-01  1.000000e-07
 83  31  0  0  0  3  1.369313e-01  1.000000e-07
 16  57  0  0  0  3  3.582481e-01  1.000000e-07
 3  62  0 -1  0  3  2.002709e-01  1.000000e-07
 23  85  0  0  0  3  2.910363e-01  1.000000e-07
 88  41  0  0  0  3  1.364037e-01  1.000000e-07
 16  69  0  0  0  3  2.135812e-01  1.000000e-07
 86  35  0  0  0  3  1.515307e-01  1.000000e-07
 21  74  0  0  0  3  3.893933e-01  1.000000e-07
 54  40  0  0  0  3  2.138703e-01  1.000000e-07
 51  76  0  0  0  3  1.594795e-01  1.000000e-07
 82  31  0  0  0  3  1.762856e-01  1.000000e-07
 73  5  0  0  0  3  1.813805e-01  1.000000e-07
 53  39  0  0  0  3  3.513078e-01  1.000000e-07
 47  54  0  0  0  3  4.640036e-01  1.000000e-07
 8  62  0  0  0  3  1.458975e-01  1.000000e-07
 18  64  0  0  0  3  2.104508e-01  1.000000e-07
 65  24  0  0  0  3  2.654639e-01  1.000000e-07
 21  56  0  0  0  3  3.483614e-01  1.000000e-07
 65  24  0  0  0  3  2.563515e-01  1.000000e-07
 15  58 -1  0  0  3  2.028192e-01  1.000000e-07
 60  29  0  0  0  3  2.314956e-01  1.000000e-07
 18  70  0  0  0  3  1.986823e-01  1.000000e-07
 82  31  0  0  0  3  1.419714e-01  1.000000e-07
 51  13  0  0  0  3  1.282682e-01  1.000000e-07
 63  33  0  0  0  3  2.734985e-01  1.000000e-07
 18  84  0  0  0  3  2.482213e-01  1.000000e-07
 64  40  0  0  0  3  2.336953e-01  1.000000e-07
 36  61  0 -1  0  3  4.256078e-01  1.000000e-07
 60  62  0  0  0  3  1.425642e-01  1.000000e-07
 15  58 -1  0  0  3  2.789582e-01  1.000000e-07
 60  62  0  0  0  3  2.007520e-01  1.000000e-07
 17  86  0  0  0  3  2.119202e-01  1.000000e-07
 89  35  0  0  0  3  1.980281e-01  1.000000e-07
 51  12  0  0  0  3  1.284159e-01  1.000000e-07
 14  52  0  0  0  3  3.835270e-01  1.000000e-07
 32  72  0  0  0  3  2.367239e-01  1.000000e-07
 71  21  0 -1  0  3  3.472126e-01  1.000000e-07
 17  87  0  0  0  3  1.892468e-01  1.000000e-07
 89  31  0  0  0  3  1.557166e-01  1.000000e-07
 7  53  0  0  0  2  2.244100e-01  2.000000e-07
 7  85  0  0  0  2  2.619750e-01  2.000000e-07
 7  74  0  0  0  2  3.574908e-01  2.000000e-07
 7  77  1  0  0  2  5.000441e-01  2.000000e-07
 7  75  0  0  0  2  2.887154e-01  2.000000e-07
 7  81  0  0  0  2  1.083407e-01  2.000000e-07
 7  67  0  0  0  2  3.094717e-01  2.000000e-07
 7  76  0  0  0  2  2.726531e-01  2.000000e-07
 7  9  0  0  0  2  1.312804e-01  2.000000e-07
 7  79  0  0  0  2  8.418059e-02  2.000000e-07
 7  84  0  0  0  2  2.917735e-01  2.000000e-07
 7  86  0  0  0  2  1.118639e-01  2.000000e-07
 1  63  0  0  0  2  3.390393e-01  2.000000e-07
 1  85  0  0  0  2  1.872111e-01  2.000000e-07
 1  80  0  0  0  2  1.820067e-01  2.000000e-07
 1  81  0  0  0  2  1.419316e-01  2.000000e-07
 1  67  0  0  0  2  2.702852e-01  2.000000e-07
 1  87  0  0  0  2  8.383763e-02  2.000000e-07
 1  76  0  0  0  2  9.310960e-02  2.000000e-07
 1  68  0  0  0  2  3.998451e-01  2.000000e-07
 1  88  0  0  0  2  1.554287e-01  2.000000e-07
 1  69  0  0  0  2  2.019465e-01  2.000000e-07
 1  66  0  0  0  2  3.361215e-01  2.000000e-07
 1  70  0  0  0  2  2.202566e-01  2.000000e-07
 1  89  0  0  0  2  6.677670e-02  2.000000e-07
 53  10  1  0  0  2  3.596435e-01  2.000000e-07
 53  80  0  0  0  2  2.987756e-01  2.000000e-07
 53  77  1  0  0  2  2.758216e-01  2.000000e-07
 53  77  1  0  0  2  2.758216e-01  2.000000e-07
 53  81  0  0  0  2  3.321380e-01  2.000000e-07
 53  56  1  0  0  2  5.041598e-01  2.000000e-07
 53  78  0  0  0  2  3.044517e-01  2.000000e-07
 53  67  0  0  0  2  3.319237e-01  2.000000e-07
 53  9  0  0  0  2  2.538919e-01  2.000000e-07
 53  68  1  0  0  2  2.977238e-01  2.000000e-07
 53  58  0  0  0  2  4.109146e-01  2.000000e-07
 53  8  0  0  0  2  3.657804e-01  2.000000e-07
 53  79  0  0  0  2  1.945260e-01  2.000000e-07
 53  69  0  0  0  2  2.204034e-01  2.000000e-07
 53  5  0  0  0  2  2.629162e-01  2.000000e-07
 53  4  0  0  0  2  3.260160e-01  2.000000e-07
 53  60  0  0  0  2  3.996590e-01  2.000000e-07
 53  66  1  0  0  2  3.117321e-01  2.000000e-07
 53  6  0  0  0  2  3.759376e-01  2.000000e-07
 63  71  0  0  0  2  1.710891e-01  2.000000e-07
 63  77  0  0  0  2  1.458289e-01  2.000000e-07
 63  72  0  0  0  2  1.513326e-01  2.000000e-07
 63  14  0  0  0  2  1.839730e-01  2.000000e-07
 63  12  0  0  0  2  1.724274e-01  2.000000e-07
 63  13  0  0  0  2  3.691733e-02  2.000000e-07
 63  87  0  0  0  2  3.701201e-01  2.000000e-07
 63  76  0  0  0  2  2.504220e-01  2.000000e-07
 63  68  0  0  0  2  1.239269e-01  2.000000e-07
 63  88  0  0  0  2  2.304229e-01  2.000000e-07
 63  5 -1  0  0  2  3.689043e-01  2.000000e-07
 63  2  0 -1  0  2  3.336392e-01  2.000000e-07
 63  66  0  0  0  2  2.999256e-01  2.000000e-07
 63  6 -1  0  0  2  3.693433e-01  2.000000e-07
 10  74  0  0  0  2  3.927595e-01  2.000000e-07
 10  77  0  0  0  2  3.532611e-01  2.000000e-07
 10  81  0  0  0  2  4.283050e-01  2.000000e-07
 10  56  0  0  0  2  1.532489e-01  2.000000e-07
 10  82  0  0  0  2  2.681119e-01  2.000000e-07
 10  9 -1  0  0  2  4.256918e-01  2.000000e-07
 10  68  0  0  0  2  3.614583e-01  2.000000e-07
 10  8 -1  0  0  2  4.248308e-01  2.000000e-07
 10  83  0  0  0  2  3.577680e-01  2.000000e-07
 10  79 -1  0  0  2  4.247434e-01  2.000000e-07
 10  84  0  0  0  2  2.687834e-01  2.000000e-07
 10  59  0  0  0  2  2.213255e-01  2.000000e-07
 10  60 -1  0  0  2  3.817615e-01  2.000000e-07
 10  66  0  0  0  2  1.295707e-01  2.000000e-07
 10  70  0  0  0  2  1.908526e-01  2.000000e-07
 54  55  0  1  0  2  1.889256e-01  2.000000e-07
 54  80  0  0  0  2  2.985673e-01  2.000000e-07
 54  71  0  1  0  2  3.032611e-01  2.000000e-07
 54  72  0  1  0  2  3.374398e-01  2.000000e-07
 54  14  0  1  0  2  2.884322e-01  2.000000e-07
 54  81  0  0  0  2  2.986494e-01  2.000000e-07
 54  56  0  0  0  2  2.980184e-01  2.000000e-07
 54  78  0  0  0  2  2.763528e-01  2.000000e-07
 54  57  0  1  0  2  2.154413e-01  2.000000e-07
 54  58  0  0  0  2  3.326525e-01  2.000000e-07
 54  8  0  0  0  2  2.533947e-01  2.000000e-07
 54  64  0  0  0  2  2.089018e-01  2.000000e-07
 54  65  0  0  0  2  1.997772e-01  2.000000e-07
 54  60  0  0  0  2  3.036685e-01  2.000000e-07
 54  2  0  0  0  2  3.609131e-01  2.000000e-07
 85  74  0 -1  0  2  4.492640e-01  2.000000e-07
 85  75  0  0  0  2  1.154514e-01  2.000000e-07
 85  81  0  0  0  2  2.965674e-01  2.000000e-07
 85  82  0  0  0  2  2.993014e-01  2.000000e-07
 85  11  0  0  0  2  1.218537e-01  2.000000e-07
 85  67  0  0  0  2  8.716780e-02  2.000000e-07
 85  13  0  0  0  2  2.906024e-01  2.000000e-07
 85  0  0  0  0  2  1.799048e-01  2.000000e-07
 85  88  0  0  0  2  9.967918e-02  2.000000e-07
 85  89  0  0  0  2  2.490080e-01  2.000000e-07
 85  86  0  0  0  2  1.723814e-01  2.000000e-07
 55  71  0  0  0  2  2.602568e-01  2.000000e-07
 55  74  0 -1  0  2  2.238672e-01  2.000000e-07
 55  72  0  0  0  2  2.921381e-01  2.000000e-07
 55  14  0  0  0  2  1.598799e-01  2.000000e-07
 55  12  0  0  0  2  1.943646e-01  2.000000e-07
 55  56  0 -1  0  2  4.146742e-01  2.000000e-07
 55  11  0  0  0  2  1.691431e-01  2.000000e-07
 55  67  0  0  0  2  1.760362e-01  2.000000e-07
 55  57  0  0  0  2  9.374703e-02  2.000000e-07
 55  58  0 -1  0  2  3.735343e-01  2.000000e-07
 55  8  0 -1  0  2  3.513616e-01  2.000000e-07
 55  69  0  0  0  2  3.163436e-01  2.000000e-07
 55  4  0  0  0  2  2.001944e-01  2.000000e-07
 55  60  0 -1  0  2  3.582436e-01  2.000000e-07
 80  81  0  0  0  2  4.890161e-02  2.000000e-07
 80  78  0  0  0  2  1.474591e-01  2.000000e-07
 80  67  0  0  0  2  3.767786e-01  2.000000e-07
 80  87  0  0  0  2  1.711899e-01  2.000000e-07
 80  76  0  0  0  2  2.710779e-01  2.000000e-07
 80  58  0  0  0  2  3.306900e-01  2.000000e-07
 80  8  0  0  0  2  2.177455e-01  2.000000e-07
 80  64  0  0  0  2  2.596779e-01  2.000000e-07
 80  65  0  0  0  2  2.753365e-01  2.000000e-07
 80  79  0  0  0  2  1.172685e-01  2.000000e-07
 80  69  0  0  0  2  2.494197e-01  2.000000e-07
 80  70  0  0  0  2  2.827610e-01  2.000000e-07
 80  89  0  0  0  2  1.339407e-01  2.000000e-07
 71  74  0 -1  0  2  3.169418e-01  2.000000e-07
 71  77  0  0  0  2  2.866202e-01  2.000000e-07
 71  72  0  0  0  2  3.493117e-02  2.000000e-07
 71  75  0  0  0  2  4.182742e-01  2.000000e-07
 71  14  0  0  0  2  1.407376e-01  2.000000e-07
 71  13  0  0  0  2  1.951257e-01  2.000000e-07
 71  57  0  0  0  2  3.538706e-01  2.000000e-07
 71  76  0  0  0  2  3.765082e-01  2.000000e-07
 71  64  0 -1  0  2  3.780864e-01  2.000000e-07
 71  5 -1  0  0  2  4.100666e-01  2.000000e-07
 71  59  0 -1  0  2  3.000784e-01  2.000000e-07
 71  2  0 -1  0  2  1.989215e-01  2.000000e-07
 71  6 -1  0  0  2  3.590862e-01  2.000000e-07
 74  54  0  0  0  2  3.559727e-02  2.000000e-07
 74  72  0  1  0  2  3.502163e-01  2.000000e-07
 74  75  0  1  0  2  4.283289e-01  2.000000e-07
 74  81  0  0  0  2  2.694207e-01  2.000000e-07
 74  56  0  0  0  2  2.780941e-01  2.000000e-07
 74  78  0  0  0  2  2.672586e-01  2.000000e-07
 74  11  0  1  0  2  3.724342e-01  2.000000e-07
 74  13  0  1  0  2  4.819419e-01  2.000000e-07
 74  57  0  1  0  2  2.501614e-01  2.000000e-07
 74  0  0  0  0  2  4.007374e-01  2.000000e-07
 74  9  0  0  0  2  3.029425e-01  2.000000e-07
 74  8  0  0  0  2  2.545022e-01  2.000000e-07
 74  64  0  0  0  2  1.750016e-01  2.000000e-07
 74  65  0  0  0  2  1.671106e-01  2.000000e-07
 74  83  0  0  0  2  4.083440e-01  2.000000e-07
 74  3  0  1  0  2  3.578238e-01  2.000000e-07
 74  84  0  0  0  2  1.779564e-01  2.000000e-07
 74  59  0  0  0  2  4.335990e-01  2.000000e-07
 74  61  0  0  0  2  3.534353e-01  2.000000e-07
 74  86  0  0  0  2  3.913031e-01  2.000000e-07
 77  72  0  0  0  2  2.561119e-01  2.000000e-07
 77  75 -1  0  0  2  4.569732e-01  2.000000e-07
 77  82  0  0  0  2  2.203434e-01  2.000000e-07
 77  67 -1  0  0  2  5.066086e-01  2.000000e-07
 77  76  0  0  0  2  3.210854e-01  2.000000e-07
 77  9 -1  0  0  2  5.140816e-01  2.000000e-07
 77  68  0  0  0  2  2.190664e-02  2.000000e-07
 77  68  0  0  0  2  2.190664e-02  2.000000e-07
 77  83  0  0  0  2  3.471042e-01  2.000000e-07
 77  79 -1  0  0  2  4.643794e-01  2.000000e-07
 77  5 -1  0  0  2  2.694862e-01  2.000000e-07
 77  59  0 -1  0  2  4.478522e-01  2.000000e-07
 77  66  0  0  0  2  2.287196e-01  2.000000e-07
 77  70  0  0  0  2  3.834298e-01  2.000000e-07
 77  61 -1 -1  0  2  4.611440e-01  2.000000e-07
 72  14  0  0  0  2  1.620427e-01  2.000000e-07
 72  12  0  0  0  2  2.072220e-01  2.000000e-07
 72  56  0 -1  0  2  2.962777e-01  2.000000e-07
 72  82  0  0  0  2  3.470475e-01  2.000000e-07
 72  11  0  0  0  2  2.481491e-01  2.000000e-07
 72  67 -1  0  0  2  6.469765e-01  2.000000e-07
 72  13  0  0  0  2  1.798604e-01  2.000000e-07
 72  68  0  0  0  2  2.378591e-01  2.000000e-07
 72  65  0 -1  0  2  3.828733e-01  2.000000e-07
 72  88  0  0  0  2  3.108745e-01  2.000000e-07
 72  4 -1  0  0  2  5.286426e-01  2.000000e-07
 72  59  0 -1  0  2  2.912433e-01  2.000000e-07
 72  60 -1 -1  0  2  5.079055e-01  2.000000e-07
 72  2  0 -1  0  2  1.946990e-01  2.000000e-07
 72  61 -1 -1  0  2  4.361326e-01  2.000000e-07
 72  6 -1  0  0  2  3.290361e-01  2.000000e-07
 75  67  0  0  0  2  5.041652e-02  2.000000e-07
 75  57  0  0  0  2  1.868523e-01  2.000000e-07
 75  0  0  0  0  2  2.829789e-01  2.000000e-07
 75  76  0  0  0  2  3.102947e-01  2.000000e-07
 75  83  0  0  0  2  3.035960e-01  2.000000e-07
 75  79  0  0  0  2  3.439014e-01  2.000000e-07
 75  3  0  0  0  2  1.609321e-01  2.000000e-07
 75  69  0  0  0  2  1.147801e-01  2.000000e-07
 75  5  0  0  0  2  2.285768e-01  2.000000e-07
 75  61  0 -1  0  2  3.493438e-01  2.000000e-07
 75  86  0  0  0  2  2.372835e-01  2.000000e-07
 14  12  0  0  0  2  7.043950e-02  2.000000e-07
 14  11  0  0  0  2  9.380379e-02  2.000000e-07
 14  57  0  0  0  2  2.482825e-01  2.000000e-07
 14  76  0  0  0  2  2.809836e-01  2.000000e-07
 14  69  0  0  0  2  3.380493e-01  2.000000e-07
 81  56  0  0  0  2  4.064840e-01  2.000000e-07
 81  82  0  0  0  2  3.169981e-01  2.000000e-07
 81  67  0  0  0  2  3.648174e-01  2.000000e-07
 81  0  0  0  0  2  1.764758e-01  2.000000e-07
 81  87  0  0  0  2  1.223841e-01  2.000000e-07
 81  9  0  0  0  2  1.637166e-01  2.000000e-07
 81  8  0  0  0  2  2.578606e-01  2.000000e-07
 81  65  0  0  0  2  2.431672e-01  2.000000e-07
 81  83  0  0  0  2  2.004322e-01  2.000000e-07
 81  88  0  0  0  2  2.929464e-01  2.000000e-07
 81  89  0  0  0  2  8.705048e-02  2.000000e-07
 81  86  0  0  0  2  1.247833e-01  2.000000e-07
 12  82  0  0  0  2  2.496460e-01  2.000000e-07
 12  11  0  0  0  2  4.794061e-02  2.000000e-07
 12  67  0  0  0  2  2.011544e-01  2.000000e-07
 12  76  0  0  0  2  2.115686e-01  2.000000e-07
 12  68  0  0  0  2  2.925923e-01  2.000000e-07
 12  88  0  0  0  2  1.123150e-01  2.000000e-07
 12  69  0  0  0  2  2.880226e-01  2.000000e-07
 56  82  0  0  0  2  3.678546e-01  2.000000e-07
 56  87  0  0  0  2  3.449808e-01  2.000000e-07
 56  68  0  0  0  2  5.040211e-01  2.000000e-07
 56  58 -1  0  0  2  3.862961e-01  2.000000e-07
 56  65  0  0  0  2  1.658584e-01  2.000000e-07
 56  59  0  0  0  2  1.738855e-01  2.000000e-07
 56  60 -1  0  0  2  4.155295e-01  2.000000e-07
 56  2  0  0  0  2  1.451457e-01  2.000000e-07
 56  66  0  0  0  2  2.697088e-01  2.000000e-07
 82  11  0  0  0  2  2.742379e-01  2.000000e-07
 82  13  0  0  0  2  1.672893e-01  2.000000e-07
 82  0  0  0  0  2  1.720593e-01  2.000000e-07
 82  68  0  0  0  2  2.105992e-01  2.000000e-07
 82  83  0  0  0  2  1.395301e-01  2.000000e-07
 82  88  0  0  0  2  2.039771e-01  2.000000e-07
 82  66  0  0  0  2  1.615464e-01  2.000000e-07
 82  89  0  0  0  2  2.313457e-01  2.000000e-07
 78  57  0  1  0  2  3.639248e-01  2.000000e-07
 78  76  0  0  0  2  4.182546e-01  2.000000e-07
 78  9  0  0  0  2  5.861127e-02  2.000000e-07
 78  58  0  0  0  2  1.836810e-01  2.000000e-07
 78  64  0  0  0  2  3.399867e-01  2.000000e-07
 78  79  0  0  0  2  1.280058e-01  2.000000e-07
 78  3  0  1  0  2  3.992213e-01  2.000000e-07
 78  69  0  0  0  2  3.541836e-01  2.000000e-07
 78  84  0  0  0  2  3.066388e-01  2.000000e-07
 78  59  1  0  0  2  3.750822e-01  2.000000e-07
 78  2  1  0  0  2  4.785552e-01  2.000000e-07
 78  66  1  0  0  2  4.742751e-01  2.000000e-07
 78  61  0  0  0  2  2.606497e-01  2.000000e-07
 78  6  0  1  0  2  4.088127e-01  2.000000e-07
 11  67  0  0  0  2  1.532199e-01  2.000000e-07
 11  13  0  0  0  2  2.005589e-01  2.000000e-07
 67  74  0 -1  0  2  3.965162e-01  2.000000e-07
 67  68  1  0  0  2  5.244856e-01  2.000000e-07
 67  8  0 -1  0  2  4.624865e-01  2.000000e-07
 67  88  0  0  0  2  1.783456e-01  2.000000e-07
 67  69  0  0  0  2  1.405689e-01  2.000000e-07
 67  4  0  0  0  2  1.327314e-01  2.000000e-07
 67  60  0 -1  0  2  4.384225e-01  2.000000e-07
 67  61  0 -1  0  2  3.624361e-01  2.000000e-07
 13  76  0  0  0  2  2.135068e-01  2.000000e-07
 13  68  0  0  0  2  1.378350e-01  2.000000e-07
 13  83  0  0  0  2  2.399787e-01  2.000000e-07
 13  88  0  0  0  2  1.989891e-01  2.000000e-07
 13  59  0 -1  0  2  4.535129e-01  2.000000e-07
 57  76  0  0  0  2  4.293818e-01  2.000000e-07
 57  58  0 -1  0  2  2.964449e-01  2.000000e-07
 57  64  0 -1  0  2  4.242455e-01  2.000000e-07
 57  3  0  0  0  2  1.230446e-01  2.000000e-07
 57  69  0  0  0  2  3.009257e-01  2.000000e-07
 57  84  0 -1  0  2  4.275206e-01  2.000000e-07
 57  4  0  0  0  2  1.269642e-01  2.000000e-07
 57  6  0  0  0  2  2.877356e-01  2.000000e-07
 0  76  0  0  0  2  5.750411e-02  2.000000e-07
 0  83  0  0  0  2  3.258356e-02  2.000000e-07
 0  88  0  0  0  2  1.299994e-01  2.000000e-07
 0  84  0  0  0  2  2.448154e-01  2.000000e-07
 0  89  0  0  0  2  9.544189e-02  2.000000e-07
 0  86  0  0  0  2  1.102727e-01  2.000000e-07
 87  76  0  0  0  2  1.253351e-01  2.000000e-07
 87  68  0  0  0  2  4.063108e-01  2.000000e-07
 87  65  0  0  0  2  2.048603e-01  2.000000e-07
 87  88  0  0  0  2  2.265615e-01  2.000000e-07
 87  66  0  0  0  2  2.928292e-01  2.000000e-07
 87  70  0  0  0  2  1.440634e-01  2.000000e-07
 87  89  0  0  0  2  4.590992e-02  2.000000e-07
 76  64  0  0  0  2  2.869657e-01  2.000000e-07
 76  83  0  0  0  2  2.688760e-02  2.000000e-07
 76  79  0  0  0  2  3.554345e-01  2.000000e-07
 76  3  0  0  0  2  4.633609e-01  2.000000e-07
 76  69  0  0  0  2  2.611931e-01  2.000000e-07
 76  84  0  0  0  2  2.599937e-01  2.000000e-07
 76  66  0  0  0  2  2.682747e-01  2.000000e-07
 76  70  0  0  0  2  2.084153e-01  2.000000e-07
 76  86  0  0  0  2  1.669757e-01  2.000000e-07
 9  8  0  0  0  2  1.353505e-01  2.000000e-07
 9  79  0  0  0  2  6.959887e-02  2.000000e-07
 9  84  0  0  0  2  3.095494e-01  2.000000e-07
 9  59  1  0  0  2  4.026974e-01  2.000000e-07
 9  61  0  0  0  2  3.141102e-01  2.000000e-07
 68  88  0  0  0  2  3.283279e-01  2.000000e-07
 68  5 -1  0  0  2  2.821877e-01  2.000000e-07
 68  4 -1  0  0  2  4.393711e-01  2.000000e-07
 68  2  0 -1  0  2  3.788047e-01  2.000000e-07
 68  66  0  0  0  2  2.346659e-01  2.000000e-07
 68  6 -1  0  0  2  3.179954e-01  2.000000e-07
 58  3  0  1  0  2  2.738795e-01  2.000000e-07
 58  4  0  1  0  2  3.224080e-01  2.000000e-07
 58  59  1  0  0  2  2.238059e-01  2.000000e-07
 58  60  0  0  0  2  3.435898e-02  2.000000e-07
 58  2  1  0  0  2  3.192007e-01  2.000000e-07
 58  66  1  0  0  2  4.527521e-01  2.000000e-07
 58  6  0  1  0  2  2.310843e-01  2.000000e-07
 8  59  1  0  0  2  3.315214e-01  2.000000e-07
 8  60  0  0  0  2  8.435317e-02  2.000000e-07
 8  61  0  0  0  2  1.851325e-01  2.000000e-07
 64  65  0  0  0  2  2.029170e-02  2.000000e-07
 64  79  0  0  0  2  3.747511e-01  2.000000e-07
 64  84  0  0  0  2  4.248091e-02  2.000000e-07
 64  59  0  0  0  2  3.548828e-01  2.000000e-07
 64  2  0  0  0  2  3.134063e-01  2.000000e-07
 64  66  0  0  0  2  2.830060e-01  2.000000e-07
 64  70  0  0  0  2  1.026468e-01  2.000000e-07
 65  2  0  0  0  2  2.950077e-01  2.000000e-07
 65  66  0  0  0  2  2.891041e-01  2.000000e-07
 65  70  0  0  0  2  1.164319e-01  2.000000e-07
 65  89  0  0  0  2  2.340637e-01  2.000000e-07
 83  85  0  0  0  2  1.952014e-01  2.000000e-07
 83  84  0  0  0  2  2.444304e-01  2.000000e-07
 83  70  0  0  0  2  2.029351e-01  2.000000e-07
 79  3  0  0  0  2  4.738212e-01  2.000000e-07
 79  69  0  0  0  2  2.322410e-01  2.000000e-07
 79  84  0  0  0  2  3.341508e-01  2.000000e-07
 79  59  1  0  0  2  4.370565e-01  2.000000e-07
 79  61  0  0  0  2  3.767895e-01  2.000000e-07
 79  86  0  0  0  2  1.959849e-01  2.000000e-07
 3  77  1  0  0  2  4.218660e-01  2.000000e-07
 3  69  0  0  0  2  2.650081e-01  2.000000e-07
 3  5  0  0  0  2  1.524654e-01  2.000000e-07
 3  4  0  0  0  2  4.900726e-02  2.000000e-07
 3  61  0 -1  0  2  1.884541e-01  2.000000e-07
 3  6  0  0  0  2  1.782110e-01  2.000000e-07
 88  69  0  0  0  2  2.069233e-01  2.000000e-07
 88  89  0  0  0  2  2.219242e-01  2.000000e-07
 69  5  0  0  0  2  2.822633e-01  2.000000e-07
 69  4  0  0  0  2  2.171699e-01  2.000000e-07
 5  4  0  0  0  2  1.613630e-01  2.000000e-07
 5  59  1 -1  0  2  3.605089e-01  2.000000e-07
 5  66  1  0  0  2  4.577121e-01  2.000000e-07
 5  61  0 -1  0  2  2.385831e-01  2.000000e-07
 5  6  0  0  0  2  1.165667e-01  2.000000e-07
 84  59  0  0  0  2  3.965712e-01  2.000000e-07
 84  70  0  0  0  2  1.041616e-01  2.000000e-07
 84  86  0  0  0  2  2.735524e-01  2.000000e-07
 4  60  0 -1  0  2  3.263575e-01  2.000000e-07
 4  61  0 -1  0  2  2.374607e-01  2.000000e-07
 4  6  0  0  0  2  2.140402e-01  2.000000e-07
 59  60 -1  0  0  2  2.561925e-01  2.000000e-07
 59  2  0  0  0  2  1.042701e-01  2.000000e-07
 59  66  0  0  0  2  3.475800e-01  2.000000e-07
 59  70  0  0  0  2  3.661808e-01  2.000000e-07
 59  61 -1  0  0  2  2.382947e-01  2.000000e-07
 59  6 -1  1  0  2  2.472035e-01  2.000000e-07
 60  2  1  0  0  2  3.528932e-01  2.000000e-07
 60  61  0  0  0  2  1.109070e-01  2.000000e-07
 60  6  0  1  0  2  2.565763e-01  2.000000e-07
 2  66  0  0  0  2  3.895543e-01  2.000000e-07
 2  70  0  0  0  2  3.535418e-01  2.000000e-07
 2  6 -1  1  0  2  2.728850e-01  2.000000e-07
 66  79 -1  0  0  2  4.340981e-01  2.000000e-07
 66  70  0  0  0  2  1.929702e-01  2.000000e-07
 61  6  0  1  0  2  1.489073e-01  2.000000e-07
 7  53  0  0  0  1  2.244100e-01  3.000000e-07
 7  80  0  0  0  1  8.457231e-02  3.000000e-07
 7  81  0  0  0  1  1.083407e-01  3.000000e-07
 7  79  0  0  0  1  8.418059e-02  3.000000e-07
 7  69  0  0  0  1  1.739465e-01  3.000000e-07
 7  86  0  0  0  1  1.118639e-01  3.000000e-07
 1  87  0  0  0  1  8.383763e-02  3.000000e-07
 1  89  0  0  0  1  6.677670e-02  3.000000e-07
 1  86  0  0  0  1  7.985142e-02  3.000000e-07
 53  77  1  0  0  1  2.758216e-01  3.000000e-07
 53  79  0  0  0  1  1.945260e-01  3.000000e-07
 53  69  0  0  0  1  2.204034e-01  3.000000e-07
 53  5  0  0  0  1  2.629162e-01  3.000000e-07
 53  66  1  0  0  1  3.117321e-01  3.000000e-07
 63  72  0  0  0  1  1.513326e-01  3.000000e-07
 63  14  0  0  0  1  1.839730e-01  3.000000e-07
 63  68  0  0  0  1  1.239269e-01  3.000000e-07
 10  9 -1  0  0  1  4.256918e-01  3.000000e-07
 10  58 -1  0  0  1  3.616548e-01  3.000000e-07
 10  79 -1  0  0  1  4.247434e-01  3.000000e-07
 10  59  0  0  0  1  2.213255e-01  3.000000e-07
 10  66  0  0  0  1  1.295707e-01  3.000000e-07
 10  70  0  0  0  1  1.908526e-01  3.000000e-07
 54  55  0  1  0  1  1.889256e-01  3.000000e-07
 54  57  0  1  0  1  2.154413e-01  3.000000e-07
 54  8  0  0  0  1  2.533947e-01  3.000000e-07
 85  75  0  0  0  1  1.154514e-01  3.000000e-07
 85  11  0  0  0  1  1.218537e-01  3.000000e-07
 85  67  0  0  0  1  8.716780e-02  3.000000e-07
 85  0  0  0  0  1  1.799048e-01  3.000000e-07
 85  88  0  0  0  1  9.967918e-02  3.000000e-07
 85  69  0  0  0  1  1.249455e-01  3.000000e-07
 55  71  0  0  0  1  2.602568e-01  3.000000e-07
 55  11  0  0  0  1  1.691431e-01  3.000000e-07
 55  67  0  0  0  1  1.760362e-01  3.000000e-07
 55  57  0  0  0  1  9.374703e-02  3.000000e-07
 80  74  0  0  0  1  2.732446e-01  3.000000e-07
 80  78  0  0  0  1  1.474591e-01  3.000000e-07
 80  9  0  0  0  1  1.150079e-01  3.000000e-07
 80  79  0  0  0  1  1.172685e-01  3.000000e-07
 71  54  0 -1  0  1  3.032611e-01  3.000000e-07
 71  74  0 -1  0  1  3.169418e-01  3.000000e-07
 71  14  0  0  0  1  1.407376e-01  3.000000e-07
 71  56  0 -1  0  1  2.844127e-01  3.000000e-07
 71  2  0 -1  0  1  1.989215e-01  3.000000e-07
 74  81  0  0  0  1  2.694207e-01  3.000000e-07
 74  56  0  0  0  1  2.780941e-01  3.000000e-07
 74  78  0  0  0  1  2.672586e-01  3.000000e-07
 74  65  0  0  0  1  1.671106e-01  3.000000e-07
 74  84  0  0  0  1  1.779564e-01  3.000000e-07
 77  82  0  0  0  1  2.203434e-01  3.000000e-07
 77  5 -1  0  0  1  2.694862e-01  3.000000e-07
 77  66  0  0  0  1  2.287196e-01  3.000000e-07
 77  6 -1  0  0  1  3.126935e-01  3.000000e-07
 72  14  0  0  0  1  1.620427e-01  3.000000e-07
 72  68  0  0  0  1  2.378591e-01  3.000000e-07
 72  2  0 -1  0  1  1.946990e-01  3.000000e-07
 72  6 -1  0  0  1  3.290361e-01  3.000000e-07
 75  67  0  0  0  1  5.041652e-02  3.000000e-07
 75  69  0  0  0  1  1.147801e-01  3.000000e-07
 75  4  0  0  0  1  1.119734e-01  3.000000e-07
 14  12  0  0  0  1  7.043950e-02  3.000000e-07
 14  11  0  0  0  1  9.380379e-02  3.000000e-07
 14  13  0  0  0  1  1.809585e-01  3.000000e-07
 81  87  0  0  0  1  1.223841e-01  3.000000e-07
 81  84  0  0  0  1  1.834402e-01  3.000000e-07
 81  89  0  0  0  1  8.705048e-02  3.000000e-07
 81  86  0  0  0  1  1.247833e-01  3.000000e-07
 12  13  0  0  0  1  1.554690e-01  3.000000e-07
 12  88  0  0  0  1  1.123150e-01  3.000000e-07
 56  65  0  0  0  1  1.658584e-01  3.000000e-07
 56  59  0  0  0  1  1.738855e-01  3.000000e-07
 56  2  0  0  0  1  1.451457e-01  3.000000e-07
 56  70  0  0  0  1  2.085239e-01  3.000000e-07
 82  13  0  0  0  1  1.672893e-01  3.000000e-07
 82  87  0  0  0  1  1.963386e-01  3.000000e-07
 82  76  0  0  0  1  1.180059e-01  3.000000e-07
 82  68  0  0  0  1  2.105992e-01  3.000000e-07
 82  70  0  0  0  1  1.909084e-01  3.000000e-07
 78  9  0  0  0  1  5.861127e-02  3.000000e-07
 78  8  0  0  0  1  7.786486e-02  3.000000e-07
 78  60  0  0  0  1  1.533282e-01  3.000000e-07
 11  67  0  0  0  1  1.532199e-01  3.000000e-07
 11  88  0  0  0  1  9.987992e-02  3.000000e-07
 67  57  0  0  0  1  1.686936e-01  3.000000e-07
 67  4  0  0  0  1  1.327314e-01  3.000000e-07
 13  76  0  0  0  1  2.135068e-01  3.000000e-07
 13  68  0  0  0  1  1.378350e-01  3.000000e-07
 13  88  0  0  0  1  1.989891e-01  3.000000e-07
 57  8  0 -1  0  1  2.980496e-01  3.000000e-07
 57  3  0  0  0  1  1.230446e-01  3.000000e-07
 57  4  0  0  0  1  1.269642e-01  3.000000e-07
 57  60  0 -1  0  1  2.867428e-01  3.000000e-07
 57  61  0 -1  0  1  2.374704e-01  3.000000e-07
 0  76  0  0  0  1  5.750411e-02  3.000000e-07
 0  88  0  0  0  1  1.299994e-01  3.000000e-07
 0  86  0  0  0  1  1.102727e-01  3.000000e-07
 87  76  0  0  0  1  1.253351e-01  3.000000e-07
 87  83  0  0  0  1  1.034853e-01  3.000000e-07
 87  84  0  0  0  1  1.489165e-01  3.000000e-07
 76  88  0  0  0  1  1.201950e-01  3.000000e-07
 9  58  0  0  0  1  2.315377e-01  3.000000e-07
 9  79  0  0  0  1  6.959887e-02  3.000000e-07
 9  60  0  0  0  1  2.042404e-01  3.000000e-07
 68  6 -1  0  0  1  3.179954e-01  3.000000e-07
 58  59  1  0  0  1  2.238059e-01  3.000000e-07
 58  61  0  0  0  1  9.262150e-02  3.000000e-07
 8  60  0  0  0  1  8.435317e-02  3.000000e-07
 64  70  0  0  0  1  1.026468e-01  3.000000e-07
 65  84  0  0  0  1  6.103631e-02  3.000000e-07
 3  5  0  0  0  1  1.524654e-01  3.000000e-07
 3  61  0 -1  0  1  1.884541e-01  3.000000e-07
 69  5  0  0  0  1  2.822633e-01  3.000000e-07
 69  86  0  0  0  1  1.383950e-01  3.000000e-07
 5  4  0  0  0  1  1.613630e-01  3.000000e-07
 5  6  0  0  0  1  1.165667e-01  3.000000e-07
 84  70  0  0  0  1  1.041616e-01  3.000000e-07
 59  2  0  0  0  1  1.042701e-01  3.000000e-07
 59  61 -1  0  0  1  2.382947e-01  3.000000e-07
 59  6 -1  1  0  1  2.472035e-01  3.000000e-07
 60  61  0  0  0  1  1.109070e-01  3.000000e-07
 2  6 -1  1  0  1  2.728850e-01  3.000000e-07
 66  70  0  0  0  1  1.929702e-01  3.000000e-07
 61  6  0  1  0  1  1.489073e-01  3.000000e-07
 89  86  0  0  0  1  1.015505e-01  3.000000e-07
-2.719320e-02 -4.978923e-02  0
 2.215124e-03 -2.820889e-02  0
-3.423998e-01  4.253051e-01  0
 2.514819e-01 -3.922773e-01  0
 2.276145e-01 -3.494748e-01  0
 3.865392e-01 -3.215297e-01  0
 4.253341e-01 -4.314513e-01  0
 1.710343e-01  3.397234e-02  0
 2.495086e-01  2.846013e-01  0
 2.316159e-01  1.504387e-01  0
-3.429314e-01  1.647015e-01  0
-3.266455e-02 -2.795534e-01  0
-8.057488e-02 -2.812570e-01  0
-2.260717e-01 -2.264731e-01  0
-9.417978e-02 -3.503702e-01  0
-4.446625e-01  2.043188e-01  1.634949e-01
 1.570826e-01 -1.597943e-01  2.104704e-01
 6.730732e-03  1.204520e-01  1.597991e-01
-1.794434e-01  9.190955e-02  1.840090e-01
-1.369877e-01 -1.560369e-01  3.411764e-01
-2.444860e-01 -1.307936e-01  3.294991e-01
-2.796675e-01  4.496113e-01  3.154191e-01
-2.381310e-01 -9.067314e-02  2.817022e-01
-3.695349e-02 -1.074624e-01  2.732870e-01
-7.326470e-02  2.970091e-01 -2.321100e-01
-3.386747e-01  3.369875e-01  4.069037e-01
 1.826843e-03 -2.602941e-01 -4.292539e-01
 2.550997e-01  2.445820e-01 -3.322638e-01
 1.878830e-01  5.969881e-02 -3.357500e-01
 3.394230e-01  3.437313e-01 -1.866114e-01
 2.530577e-01 -5.650528e-02 -3.492276e-01
-1.145556e-01 -1.898336e-02 -1.314863e-01
-4.073933e-01 -3.423672e-01 -2.150476e-01
-3.206434e-01 -2.343757e-01 -2.536324e-01
 1.098734e-01 -2.991590e-01 -3.052744e-01
 1.640148e-01 -9.809436e-02 -1.493236e-01
 2.863760e-01 -2.952555e-01  3.512564e-01
 4.409235e-01  3.852703e-01 -1.810435e-01
 1.971399e-02  7.355616e-02 -3.225821e-01
 3.255319e-01 -5.415748e-02 -3.108941e-01
 4.959581e-02  3.202892e-01 -1.732407e-01
 5.951614e-02 -2.183640e-01 -1.280849e-01
-1.910561e-02  8.769088e-02  4.231204e-01
 1.816000e-02 -1.209076e-01  4.280763e-01
-4.922004e-02 -2.886113e-01  3.975160e-01
-2.952270e-01  2.272180e-01  3.009474e-01
-1.673464e-01  2.027655e-01  3.276096e-01
-1.038233e-01  2.233031e-01  3.741955e-01
 3.221247e-01 -1.219105e-01 -3.986684e-01
-2.402802e-01 -1.644603e-01 -3.607469e-01
-8.754633e-02 -1.788402e-01 -4.097426e-01
-1.703221e-01 -2.355691e-01  1.189512e-01
-1.939013e-02 -3.556904e-01 -3.552597e-01
 3.753466e-01 -5.885192e-02  0
 1.603539e-02  3.830857e-01  0
 4.438538e-02 -4.301279e-01  0
-2.700196e-01  2.994943e-01  0
 1.377006e-01 -4.391153e-01  0
 3.471460e-01  3.510939e-01  0
-4.297109e-01  3.683048e-01  0
 3.160922e-01  3.363900e-01  0
 3.442260e-01  4.436693e-01  0
 2.149466e-01  3.919576e-01 -1.176590e-01
-2.508138e-01 -2.538723e-01  0
-1.092198e-01  2.158998e-01  0
-1.174482e-01  2.344483e-01  0
-3.277111e-01  3.602788e-02  0
 1.203338e-01 -2.713180e-01  0
-3.605695e-01 -1.963262e-01  0
 1.704149e-01 -1.399730e-01  0
-1.563186e-01  1.246964e-01  0
-2.157225e-01 -4.213241e-01  0
-2.466828e-01 -4.051486e-01  0
 4.183422e-01 -2.841938e-01  1.605149e-01
 3.491870e-03  3.497716e-01  0
 1.679421e-01 -2.547265e-01  0
-8.114424e-02 -6.968918e-02  0
-3.801932e-01 -1.865890e-01  0
 2.306978e-01  2.090428e-01  0
 2.405703e-01  8.141825e-02  0
 1.257846e-01  1.054212e-01  0
 7.901129e-02  9.115159e-02  0
-1.988595e-01 -6.141189e-02  0
-5.954391e-02 -5.367766e-02  0
-7.536400e-02  1.902403e-01  0
 6.373793e-02 -2.050222e-01  0
 8.188444e-02 -3.359860e-02  0
-3.508286e-02  4.687512e-02  0
-3.266424e-02 -1.796734e-01  0
 9.983433e-03  3.811441e-02  0