 710  90  1.200000e-05  60 -2 -2
 30  32  0  1  0  3  4.034766e-01  1.000000e-07
 30  25  1  0  0  3  4.368671e-01  1.000000e-07
 30  21  0  0  0  3  6.773762e-02  1.000000e-07
 30  45  0  0  0  3  2.727947e-01  1.000000e-07
 30  23  0  0  0  3  3.790251e-01  1.000000e-07
 30  29  1  1  0  3  5.587542e-01  1.000000e-07
 30  31  0  0  0  3  1.516189e-01  1.000000e-07
 30  19  0  0  1  3  3.656032e-01  1.000000e-07
 30  41  1  0  1  3  4.873130e-01  1.000000e-07
 20  32  0  0  0  3  2.520214e-01  1.000000e-07
 20  21  0 -1  0  3  3.256061e-01  1.000000e-07
 20  34  0  0  0  3  3.775581e-01  1.000000e-07
 20  45  0 -1  0  3  3.938797e-01  1.000000e-07
 20  33  0  0  0  3  1.465811e-01  1.000000e-07
 20  36  0  0  1  3  2.121970e-01  1.000000e-07
 20  46  0 -1  1  3  4.886230e-01  1.000000e-07
 20  38  0  0  1  3  1.440435e-01  1.000000e-07
 20  39  0  0  1  3  2.930301e-01  1.000000e-07
 22  32  0  0  0  3  3.935741e-01  1.000000e-07
 22  28  0  0  0  3  3.444839e-01  1.000000e-07
 22  34  0  0  0  3  2.476097e-01  1.000000e-07
 22  27  0  0  0  3  2.298941e-01  1.000000e-07
 22  33  0  0  0  3  3.716564e-01  1.000000e-07
 22  31  0  0  0  3  3.754229e-01  1.000000e-07
 26  25  0  0  0  3  2.007194e-01  1.000000e-07
 26  28  0  1  0  3  5.924433e-01  1.000000e-07
 26  71  0  0  0  3  1.432624e-01  1.000000e-07
 26  34  0  0  0  3  3.994168e-01  1.000000e-07
 26  27  0  0  0  3  3.295846e-01  1.000000e-07
 26  45  0  0  0  3  4.424227e-01  1.000000e-07
 26  29  0  1  0  3  5.533758e-01  1.000000e-07
 26  31  0  0  0  3  4.230176e-01  1.000000e-07
 32  18  0  0  0  3  2.392237e-01  1.000000e-07
 32  33  0  0  0  3  2.710517e-01  1.000000e-07
 32  38  0  0  1  3  3.164733e-01  1.000000e-07
 32  39  0  0  1  3  3.959248e-01  1.000000e-07
 32  40  0  0  1  3  5.592273e-01  1.000000e-07
 32  42  0  0  1  3  5.197356e-01  1.000000e-07
 25  28  0  0  0  3  3.569967e-01  1.000000e-07
 25  28  0  1  0  3  6.581366e-01  1.000000e-07
 25  71  0  0  0  3  2.987807e-01  1.000000e-07
 25  27  0  0  0  3  2.946232e-01  1.000000e-07
 25  29  0  1  0  3  5.834295e-01  1.000000e-07
 28  45 -1 -1  0  3  5.780117e-01  1.000000e-07
 28  24  0  0  0  3  3.590547e-01  1.000000e-07
 28  29  0  0  0  3  2.664749e-01  1.000000e-07
 21  34  0  0  0  3  3.787720e-01  1.000000e-07
 21  45  0  0  0  3  3.035840e-01  1.000000e-07
 21  29  1  1  0  3  5.636205e-01  1.000000e-07
 21  31  0  0  0  3  1.887521e-01  1.000000e-07
 21  35  1  1  1  3  5.947171e-01  1.000000e-07
 21  46  0  0  1  3  4.047959e-01  1.000000e-07
 21  41  1  0  1  3  4.976304e-01  1.000000e-07
 71  34  0  0  0  3  4.105962e-01  1.000000e-07
 71  45  0  0  0  3  3.692407e-01  1.000000e-07
 71  29  0  1  0  3  4.645977e-01  1.000000e-07
 71  17  0  0  1  3  4.523429e-01  1.000000e-07
 71  19  0  0  1  3  5.490237e-01  1.000000e-07
 34  27  0  0  0  3  2.608186e-01  1.000000e-07
 34  37  0  0  1  3  3.467598e-01  1.000000e-07
 34  17  0  0  1  3  5.761846e-01  1.000000e-07
 34  19  0  0  1  3  4.065878e-01  1.000000e-07
 27  23 -1  0  0  3  3.966887e-01  1.000000e-07
 27  24  0  0  0  3  2.816030e-01  1.000000e-07
 27  29  0  0  0  3  3.037934e-01  1.000000e-07
 27  44  0  0  1  3  5.339957e-01  1.000000e-07
 27  41  0  0  1  3  4.548362e-01  1.000000e-07
 45  16  0  1  0  3  4.155262e-01  1.000000e-07
 45  29  1  1  0  3  5.854682e-01  1.000000e-07
 16  33  0  0  0  3  1.122184e-01  1.000000e-07
 16  35  0  0  1  3  3.967624e-01  1.000000e-07
 16  36  0  0  1  3  3.614248e-01  1.000000e-07
 16  17  0 -1  1  3  4.295588e-01  1.000000e-07
 16  41  0 -1  1  3  4.706369e-01  1.000000e-07
 18  33  0  0  0  3  3.867479e-01  1.000000e-07
 18  31  0  0  0  3  2.456214e-01  1.000000e-07
 18  37  0  0  1  3  4.603307e-01  1.000000e-07
 18  39  0  0  1  3  3.948429e-01  1.000000e-07
 18  40  0  0  1  3  5.329380e-01  1.000000e-07
 23  24  1  0  0  3  2.250220e-01  1.000000e-07
 23  29  1  0  0  3  4.089284e-01  1.000000e-07
 23  43  0  0  1  3  5.483140e-01  1.000000e-07
 24  29  0  0  0  3  4.443678e-01  1.000000e-07
 24  40 -1  0  1  3  5.933195e-01  1.000000e-07
 24  41  0  0  1  3  3.432466e-01  1.000000e-07
 24  43 -1  0  1  3  5.887801e-01  1.000000e-07
 33  36  0  0  1  3  3.154846e-01  1.000000e-07
 33  39  0  0  1  3  3.688378e-01  1.000000e-07
 29  24  0 -1  0  3  5.845125e-01  1.000000e-07
 31  24  1  0  0  3  4.253859e-01  1.000000e-07
 31  37  0  0  1  3  3.864798e-01  1.000000e-07
 31  19  0  0  1  3  3.733688e-01  1.000000e-07
 11  35  1  0  0  3  3.825900e-01  1.000000e-07
 11  15  0  0  0  3  4.767343e-01  1.000000e-07
 11  44  0  0  0  3  4.557930e-01  1.000000e-07
 11  42  0  0  0  3  1.920442e-01  1.000000e-07
 35  9  0  0  0  3  4.360070e-01  1.000000e-07
 35  36  0  0  0  3  4.217955e-01  1.000000e-07
 35  14  0  0  0  3  2.744149e-01  1.000000e-07
 35  13  0  0  0  3  4.231382e-01  1.000000e-07
 35  44  0  0  0  3  3.988759e-01  1.000000e-07
 35  41  0  0  0  3  5.689358e-01  1.000000e-07
 35  83  0  0  0  3  2.638098e-01  1.000000e-07
 9  36  0  0  0  3  2.236891e-01  1.000000e-07
 9  38  0  0  0  3  2.828835e-01  1.000000e-07
 9  83  0  0  0  3  2.750316e-01  1.000000e-07
 9  42  0  0  0  3  3.826950e-01  1.000000e-07
 9  10  0  0  0  3  2.261235e-01  1.000000e-07
 36  17  0 -1  0  3  4.398600e-01  1.000000e-07
 36  38  0  0  0  3  1.441067e-01  1.000000e-07
 36  39  0  0  0  3  1.500361e-01  1.000000e-07
 36  83  0  0  0  3  3.498666e-01  1.000000e-07
 36  10  0  0  0  3  1.227584e-01  1.000000e-07
 37  23  0  0 -1  3  5.435619e-01  1.000000e-07
 37  17  0  0  0  3  4.732845e-01  1.000000e-07
 37  19  0  0  0  3  1.460087e-01  1.000000e-07
 37  39  0  0  0  3  2.013676e-01  1.000000e-07
 37  40  0  0  0  3  1.597202e-01  1.000000e-07
 37  10  0  0  0  3  2.761053e-01  1.000000e-07
 17  46  0  0  0  3  2.966719e-01  1.000000e-07
 17  41  0  0  0  3  2.195162e-01  1.000000e-07
 17  83  0  1  0  3  4.143040e-01  1.000000e-07
 17  42 -1  1  0  3  5.214114e-01  1.000000e-07
 46  12  0  0  0  3  2.887019e-01  1.000000e-07
 46  42  0  1  0  3  4.912898e-01  1.000000e-07
 46  43  0  0  0  3  2.419975e-01  1.000000e-07
 14  11 -1  0  0  3  3.658728e-01  1.000000e-07
 14  12  0 -1  0  3  3.274335e-01  1.000000e-07
 14  83  0  0  0  3  7.944803e-02  1.000000e-07
 38  19  0 -1  0  3  4.698671e-01  1.000000e-07
 38  39  0  0  0  3  2.413999e-01  1.000000e-07
 38  40  0  0  0  3  4.217144e-01  1.000000e-07
 38  42  0  0  0  3  3.183585e-01  1.000000e-07
 38  10  0  0  0  3  1.847233e-01  1.000000e-07
 19  41  1  0  0  3  4.944396e-01  1.000000e-07
 19  42  0  1  0  3  5.234336e-01  1.000000e-07
 19  43  0  0  0  3  1.157488e-01  1.000000e-07
 15  13  0  0  0  3  2.762670e-01  1.000000e-07
 15  44  0  0  0  3  1.556886e-01  1.000000e-07
 15  39  0  0  0  3  3.016878e-01  1.000000e-07
 15  12  0  0  0  3  4.036223e-01  1.000000e-07
 15  40  0  0  0  3  3.464373e-01  1.000000e-07
 15  41  0  0  0  3  4.540253e-01  1.000000e-07
 15  10  0  0  0  3  3.328724e-01  1.000000e-07
 15  43  0  0  0  3  3.012259e-01  1.000000e-07
 13  11 -1  0  0  3  4.072181e-01  1.000000e-07
 13  44  0  0  0  3  2.933062e-01  1.000000e-07
 13  12  0  0  0  3  4.031131e-01  1.000000e-07
 13  83  0  0  0  3  2.937190e-01  1.000000e-07
 13  43 -1  0  0  3  4.996810e-01  1.000000e-07
 44  39  0  0  0  3  2.798199e-01  1.000000e-07
 44  40  0  0  0  3  3.969896e-01  1.000000e-07
 44  83  0  0  0  3  1.927892e-01  1.000000e-07
 44  10  0  0  0  3  2.659085e-01  1.000000e-07
 39  10  0  0  0  3  1.541315e-01  1.000000e-07
 12  41  0  0  0  3  3.343396e-01  1.000000e-07
 12  83  0  1  0  3  3.544665e-01  1.000000e-07
 12  42 -1  1  0  3  5.218659e-01  1.000000e-07
 40  10  0  0  0  3  2.743121e-01  1.000000e-07
 40  43  0  0  0  3  1.267511e-01  1.000000e-07
 41  43 -1  0  0  3  4.781466e-01  1.000000e-07
 42  10  0  0  0  3  2.832078e-01  1.000000e-07
 18  80  0  0  0  3  2.630307e-01  1.000000e-07
 81  11  0  0  0  3  1.354915e-01  1.000000e-07
 31  56  0  0  0  3  3.079607e-01  1.000000e-07
 57  46  0  0  0  3  2.446092e-01  1.000000e-07
 25  86  0  0  0  3  4.151029e-01  1.000000e-07
 76  14  0  1  0  3  2.384839e-01  1.000000e-07
 71  70  0  1  0  3  3.542450e-01  1.000000e-07
 61  14  0  0  0  3  1.815749e-01  1.000000e-07
 33  73  0  0  0  3  3.655393e-01  1.000000e-07
 61  14  0  0  0  3  1.412686e-01  1.000000e-07
 16  78  0 -1  0  3  3.510220e-01  1.000000e-07
 75  12  0  0  0  3  1.884456e-01  1.000000e-07
 71  2  0  0  0  3  2.983834e-01  1.000000e-07
 75  9  0  1  0  3  2.433154e-01  1.000000e-07
 23  80  0  0  0  3  2.032944e-01  1.000000e-07
 81  40  0  0  0  3  2.820066e-01  1.000000e-07
 23  80  0  0  0  3  2.120268e-01  1.000000e-07
 63  43  0  0  0  3  3.382014e-01  1.000000e-07
 26  82  0  0  0  3  2.034384e-01  1.000000e-07
 79  13  0  0  0  3  1.711127e-01  1.000000e-07
 22  60  0  0  0  3  1.602062e-01  1.000000e-07
 58  46  0  0  0  3  3.306084e-01  1.000000e-07
 18  56  0  0  0  3  2.673041e-01  1.000000e-07
 63  46  0  0  0  3  2.982789e-01  1.000000e-07
 28  85  0  0  0  3  1.739058e-01  1.000000e-07
 84  13  0  0  0  3  1.749809e-01  1.000000e-07
 33  53  0  0  0  3  3.197619e-01  1.000000e-07
 70  9  0  0  0  3  1.965990e-01  1.000000e-07
 16  73  0  0  0  3  3.545380e-01  1.000000e-07
 61  14  0  0  0  3  1.328950e-01  1.000000e-07
 22  62  0  0  0  3  1.989801e-01  1.000000e-07
 73  14  0  0  0  3  2.144182e-01  1.000000e-07
 22  59  0  0  0  3  2.579136e-01  1.000000e-07
 54  11  0  0  0  3  2.456958e-01  1.000000e-07
 28  74  0  0  0  3  1.453879e-01  1.000000e-07
 0  83  0  0  0  3  1.855814e-01  1.000000e-07
 16  53  0  0  0  3  3.406430e-01  1.000000e-07
 70  9  0  0  0  3  2.031366e-01  1.000000e-07
 18  63  0  0  0  3  2.166106e-01  1.000000e-07
 59  40  0  0  0  3  2.749756e-01  1.000000e-07
 25  87  0  0  0  3  2.776722e-01  1.000000e-07
 55  12  0  0  0  3  2.284765e-01  1.000000e-07
 45  72  0  1  0  3  2.866023e-01  1.000000e-07
 77  14  1  0  0  3  3.485331e-01  1.000000e-07
 23  80  0  0  0  3  2.522992e-01  1.000000e-07
 81  11  0  0  0  3  1.420172e-01  1.000000e-07
 78  79  0  0  0  2  3.428898e-01  2.000000e-07
 78  86  0  0  0  2  2.493794e-01  2.000000e-07
 78  47  0  0  0  2  2.714414e-01  2.000000e-07
 78  88  0  1  0  2  2.898161e-01  2.000000e-07
 78  55  0  0  0  2  1.571019e-01  2.000000e-07
 78  87  0  0  0  2  2.526241e-01  2.000000e-07
 78  5  0  1  0  2  4.740847e-01  2.000000e-07
 78  75  0  0  0  2  9.398417e-02  2.000000e-07
 78  6  0  1  0  2  4.422121e-01  2.000000e-07
 78  70  0  1  0  2  1.384656e-01  2.000000e-07
 78  62  0  1  0  2  3.508360e-01  2.000000e-07
 78  8  0  0  0  2  2.544702e-01  2.000000e-07
 68  69  1  1  0  2  3.287576e-01  2.000000e-07
 68  51  1  0  0  2  4.440016e-01  2.000000e-07
 68  79  0  0  0  2  5.708874e-01  2.000000e-07
 68  79  1  0  0  2  5.202988e-01  2.000000e-07
 68  54  0  0  0  2  4.406000e-01  2.000000e-07
 68  88  1  1  0  2  3.900099e-01  2.000000e-07
 68  49  1  0  0  2  4.125733e-01  2.000000e-07
 68  72  0  1  0  2  3.338896e-01  2.000000e-07
 68  3  0  0  0  2  1.738141e-01  2.000000e-07
 68  82  1  0  0  2  4.965610e-01  2.000000e-07
 68  80  0  0  0  2  4.752682e-01  2.000000e-07
 68  77  0  1  0  2  3.429709e-01  2.000000e-07
 68  4  0  0  0  2  5.505085e-01  2.000000e-07
 68  56  0  0  0  2  2.782577e-01  2.000000e-07
 68  81  0  0  0  2  5.328712e-01  2.000000e-07
 68  66  0  0  0  2  1.142723e-01  2.000000e-07
 68  52  1  0  0  2  4.009952e-01  2.000000e-07
 68  57  0  0  0  2  7.360380e-02  2.000000e-07
 68  76  1  0  0  2  2.877393e-01  2.000000e-07
 68  67  0  0  0  2  3.820618e-02  2.000000e-07
 68  8  0  0  0  2  2.744002e-01  2.000000e-07
 68  2  0  0  0  2  4.428294e-01  2.000000e-07
 69  61  0  0  0  2  3.338499e-01  2.000000e-07
 69  86  0 -1  0  2  1.593630e-01  2.000000e-07
 69  85  0  0  0  2  3.173982e-01  2.000000e-07
 69  88  0  0  0  2  6.978734e-02  2.000000e-07
 69  72 -1  0  0  2  1.371762e-01  2.000000e-07
 69  48  0 -1  0  2  2.422184e-01  2.000000e-07
 69  0  0  0  0  2  1.807290e-01  2.000000e-07
 69  65 -1 -1  0  2  2.334510e-01  2.000000e-07
 69  77 -1  0  0  2  1.234298e-01  2.000000e-07
 69  73  0  0  0  2  3.013228e-01  2.000000e-07
 69  74  0  0  0  2  2.510791e-01  2.000000e-07
 69  66 -1 -1  0  2  3.680684e-01  2.000000e-07
 69  70  0  0  0  2  3.127817e-01  2.000000e-07
 69  76  0 -1  0  2  2.440473e-01  2.000000e-07
 69  64 -1  0  0  2  2.779850e-01  2.000000e-07
 69  2  0 -1  0  2  4.118215e-01  2.000000e-07
 53  51  0  0  0  2  4.308528e-01  2.000000e-07
 53  79  0  0  0  2  4.231372e-01  2.000000e-07
 53  61  0  0  0  2  1.209478e-01  2.000000e-07
 53  72  0  0  0  2  4.453358e-01  2.000000e-07
 53  73  0  0  0  2  1.743954e-01  2.000000e-07
 53  4  0  0  0  2  2.476258e-01  2.000000e-07
 53  74  0  0  0  2  2.733027e-01  2.000000e-07
 53  56  0  0  0  2  4.705570e-01  2.000000e-07
 53  66  0 -1  0  2  4.354056e-01  2.000000e-07
 53  70  0  0  0  2  1.743912e-01  2.000000e-07
 53  63  0  0  0  2  3.171393e-01  2.000000e-07
 53  58  0  0  0  2  3.404555e-01  2.000000e-07
 53  64  0  0  0  2  3.386082e-01  2.000000e-07
 53  7  0  0  0  2  1.726196e-01  2.000000e-07
 53  2  0 -1  0  2  2.372857e-01  2.000000e-07
 51  79  0  0  0  2  1.745828e-01  2.000000e-07
 51  85  0  0  0  2  1.426797e-01  2.000000e-07
 51  49  0  0  0  2  1.299545e-01  2.000000e-07
 51  82  0  0  0  2  1.130343e-01  2.000000e-07
 51  73  0  0  0  2  3.066430e-01  2.000000e-07
 51  74  0  0  0  2  2.428877e-01  2.000000e-07
 51  50  0  0  0  2  1.290895e-01  2.000000e-07
 51  52  0  0  0  2  8.442342e-02  2.000000e-07
 51  76  0  0  0  2  3.521482e-01  2.000000e-07
 51  58  0  0  0  2  2.154759e-01  2.000000e-07
 79  54  0  0  0  2  3.493094e-01  2.000000e-07
 79  88  0  1  0  2  5.593558e-01  2.000000e-07
 79  82  0  0  0  2  6.289510e-02  2.000000e-07
 79  73  0  0  0  2  3.661588e-01  2.000000e-07
 79  87  0  0  0  2  1.701513e-01  2.000000e-07
 79  4  0  0  0  2  4.969173e-01  2.000000e-07
 79  5  0  0  0  2  4.945240e-01  2.000000e-07
 79  56  0  0  0  2  3.103584e-01  2.000000e-07
 79  60  0  0  0  2  1.520887e-01  2.000000e-07
 79  70  0  1  0  2  4.811087e-01  2.000000e-07
 79  76  0  0  0  2  3.226188e-01  2.000000e-07
 79  67 -1  0  0  2  4.901412e-01  2.000000e-07
 79  58  0  0  0  2  9.178479e-02  2.000000e-07
 79  7  0  0  0  2  5.040189e-01  2.000000e-07
 79  8  0  0  0  2  3.946770e-01  2.000000e-07
 79  2  0  0  0  2  3.874561e-01  2.000000e-07
 84  85  0  0  0  2  1.270370e-01  2.000000e-07
 84  48  0  0  0  2  5.204145e-01  2.000000e-07
 84  0  0  0  0  2  1.179011e-01  2.000000e-07
 84  87  0  0  0  2  3.845645e-01  2.000000e-07
 84  74  0  0  0  2  7.094547e-02  2.000000e-07
 84  60  0  0  0  2  2.797908e-01  2.000000e-07
 84  89  0  0  0  2  1.489491e-01  2.000000e-07
 84  62  0  0  0  2  1.064665e-01  2.000000e-07
 84  63 -1  0  0  2  5.626957e-01  2.000000e-07
 84  58  0  0  0  2  2.726202e-01  2.000000e-07
 84  64 -1  0  0  2  3.950209e-01  2.000000e-07
 1  54  0  0  0  2  6.874688e-02  2.000000e-07
 1  61  0  0  0  2  3.490888e-01  2.000000e-07
 1  59  0  0  0  2  1.702184e-01  2.000000e-07
 1  55  0  0  0  2  3.840616e-01  2.000000e-07
 1  56  0  0  0  2  1.855313e-01  2.000000e-07
 1  57  0  0  0  2  4.021910e-01  2.000000e-07
 1  62  0  0  0  2  3.393737e-01  2.000000e-07
 1  63  0  0  0  2  7.322402e-02  2.000000e-07
 1  58  0  0  0  2  1.963691e-01  2.000000e-07
 1  64  0  0  0  2  3.293612e-01  2.000000e-07
 54  49  1  0  0  2  4.228872e-01  2.000000e-07
 54  59  0  0  0  2  1.029702e-01  2.000000e-07
 54  82  0  0  0  2  3.775672e-01  2.000000e-07
 54  80  0  0  0  2  2.316773e-01  2.000000e-07
 54  73  0  0  0  2  3.855953e-01  2.000000e-07
 54  4  0  0  0  2  1.682760e-01  2.000000e-07
 54  5  0  0  0  2  1.804029e-01  2.000000e-07
 54  60  0  0  0  2  2.092508e-01  2.000000e-07
 54  70  0  0  0  2  4.519328e-01  2.000000e-07
 54  57  0  0  0  2  4.099709e-01  2.000000e-07
 54  62  0  0  0  2  3.739982e-01  2.000000e-07
 54  67  0  0  0  2  4.668548e-01  2.000000e-07
 54  63  0  0  0  2  3.856920e-02  2.000000e-07
 54  8  0  0  0  2  4.598504e-01  2.000000e-07
 61  86  0 -1  0  2  3.760619e-01  2.000000e-07
 61  0  0  0  0  2  2.107579e-01  2.000000e-07
 61  73  0  0  0  2  6.095500e-02  2.000000e-07
 61  74  0  0  0  2  1.605823e-01  2.000000e-07
 61  75  0 -1  0  2  2.562499e-01  2.000000e-07
 61  66  0 -1  0  2  5.170072e-01  2.000000e-07
 61  76  0 -1  0  2  4.032832e-01  2.000000e-07
 61  62  0  0  0  2  1.109808e-01  2.000000e-07
 61  63  0  0  0  2  3.985348e-01  2.000000e-07
 61  58  0  0  0  2  3.344383e-01  2.000000e-07
 61  64  0  0  0  2  4.592361e-01  2.000000e-07
 61  2  0 -1  0  2  2.440793e-01  2.000000e-07
 86  47  0  0  0  2  1.042241e-01  2.000000e-07
 86  88  0  1  0  2  1.804307e-01  2.000000e-07
 86  0  0  1  0  2  3.041807e-01  2.000000e-07
 86  65 -1  0  0  2  1.791859e-01  2.000000e-07
 86  77 -1  1  0  2  2.648856e-01  2.000000e-07
 86  55  0  0  0  2  3.028378e-01  2.000000e-07
 86  75  0  0  0  2  3.428958e-01  2.000000e-07
 86  76  0  0  0  2  8.670484e-02  2.000000e-07
 86  89  0  1  0  2  4.156967e-01  2.000000e-07
 86  62  0  1  0  2  4.070059e-01  2.000000e-07
 86  67 -1  0  0  2  2.276559e-01  2.000000e-07
 86  64 -1  1  0  2  4.153592e-01  2.000000e-07
 85  72 -1  0  0  2  3.051576e-01  2.000000e-07
 85  48  0  0  0  2  4.451876e-01  2.000000e-07
 85  0  0  0  0  2  1.794340e-01  2.000000e-07
 85  80 -1  0  0  2  2.455342e-01  2.000000e-07
 85  74  0  0  0  2  1.817850e-01  2.000000e-07
 85  50  0  0  0  2  1.967503e-02  2.000000e-07
 85  56 -1  0  0  2  5.158915e-01  2.000000e-07
 85  81 -1  0  0  2  2.897197e-01  2.000000e-07
 85  66 -1  0  0  2  5.721117e-01  2.000000e-07
 85  52  0  0  0  2  9.469641e-02  2.000000e-07
 85  76  0  0  0  2  4.636940e-01  2.000000e-07
 85  63 -1  0  0  2  4.411962e-01  2.000000e-07
 85  58  0  0  0  2  3.321442e-01  2.000000e-07
 85  64 -1  0  0  2  3.134226e-01  2.000000e-07
 47  88  0  1  0  2  2.842718e-01  2.000000e-07
 47  48  0  0  0  2  2.569974e-02  2.000000e-07
 47  65 -1  0  0  2  1.851708e-01  2.000000e-07
 47  55  0  0  0  2  2.655989e-01  2.000000e-07
 47  87  0  0  0  2  1.583329e-01  2.000000e-07
 47  89  0  0  0  2  4.843893e-01  2.000000e-07
 47  67 -1  0  0  2  2.018364e-01  2.000000e-07
 47  63 -1  0  0  2  5.707328e-01  2.000000e-07
 88  72 -1  0  0  2  1.905670e-01  2.000000e-07
 88  65 -1 -1  0  2  2.938798e-01  2.000000e-07
 88  77 -1  0  0  2  1.734806e-01  2.000000e-07
 88  73  0  0  0  2  2.320127e-01  2.000000e-07
 88  87  0 -1  0  2  4.029100e-01  2.000000e-07
 88  74  0  0  0  2  1.894975e-01  2.000000e-07
 88  50  0  0  0  2  3.073485e-01  2.000000e-07
 88  70  0  0  0  2  2.510525e-01  2.000000e-07
 88  76  0 -1  0  2  2.544102e-01  2.000000e-07
 88  89  0  0  0  2  2.410696e-01  2.000000e-07
 88  62  0  0  0  2  2.534756e-01  2.000000e-07
 88  67 -1 -1  0  2  3.605458e-01  2.000000e-07
 49  59 -1  0  0  2  3.664222e-01  2.000000e-07
 49  82  0  0  0  2  2.429814e-01  2.000000e-07
 49  80 -1  0  0  2  2.400063e-01  2.000000e-07
 49  87  0  0  0  2  3.080395e-01  2.000000e-07
 49  52  0  0  0  2  5.144357e-02  2.000000e-07
 49  57 -1  0  0  2  4.541694e-01  2.000000e-07
 49  89  0  0  0  2  1.108179e-01  2.000000e-07
 49  67 -1  0  0  2  4.026128e-01  2.000000e-07
 72  3  0 -1  0  2  2.943141e-01  2.000000e-07
 72  80  0  0  0  2  2.101506e-01  2.000000e-07
 72  77  0  0  0  2  1.907081e-02  2.000000e-07
 72  50  1  0  0  2  3.210660e-01  2.000000e-07
 72  6  0  0  0  2  1.753366e-01  2.000000e-07
 72  81  0  0  0  2  1.725147e-01  2.000000e-07
 72  66  0 -1  0  2  3.279185e-01  2.000000e-07
 72  64  0  0  0  2  1.442546e-01  2.000000e-07
 72  7  0  0  0  2  2.774988e-01  2.000000e-07
 59  80  0  0  0  2  1.437181e-01  2.000000e-07
 59  77  0  0  0  2  3.133851e-01  2.000000e-07
 59  5  0  0  0  2  9.718986e-02  2.000000e-07
 59  75  0 -1  0  2  4.858742e-01  2.000000e-07
 59  6  0  0  0  2  2.441003e-01  2.000000e-07
 59  89  1  0  0  2  3.443406e-01  2.000000e-07
 59  62  0  0  0  2  4.196630e-01  2.000000e-07
 59  67  0  0  0  2  5.021745e-01  2.000000e-07
 59  63  0  0  0  2  1.241391e-01  2.000000e-07
 59  64  0  0  0  2  1.594595e-01  2.000000e-07
 3  77  0  1  0  2  3.107064e-01  2.000000e-07
 3  6  0  1  0  2  1.922610e-01  2.000000e-07
 3  66  0  0  0  2  7.056863e-02  2.000000e-07
 3  57  0  0  0  2  1.252220e-01  2.000000e-07
 3  67  0  0  0  2  1.999035e-01  2.000000e-07
 3  7  0  1  0  2  2.933894e-01  2.000000e-07
 3  8  0  0  0  2  1.345615e-01  2.000000e-07
 48  65 -1  0  0  2  1.611194e-01  2.000000e-07
 48  55  0  0  0  2  2.885029e-01  2.000000e-07
 48  87  0  0  0  2  1.839835e-01  2.000000e-07
 48  75  0  0  0  2  3.769534e-01  2.000000e-07
 48  56 -1  0  0  2  4.822592e-01  2.000000e-07
 48  66 -1  0  0  2  3.236826e-01  2.000000e-07
 48  76  0  0  0  2  6.729759e-02  2.000000e-07
 48  89  0  0  0  2  4.986890e-01  2.000000e-07
 48  63 -1  0  0  2  5.654527e-01  2.000000e-07
 48  58  0  0  0  2  4.453362e-01  2.000000e-07
 0  72 -1  0  0  2  2.458624e-01  2.000000e-07
 0  74  0  0  0  2  7.474287e-02  2.000000e-07
 0  75  0 -1  0  2  3.973399e-01  2.000000e-07
 0  76  0 -1  0  2  3.716268e-01  2.000000e-07
 0  89  0  0  0  2  1.524875e-01  2.000000e-07
 0  62  0  0  0  2  1.524409e-01  2.000000e-07
 0  64 -1  0  0  2  3.347665e-01  2.000000e-07
 82  55  0  0  0  2  2.391453e-01  2.000000e-07
 82  73  0  0  0  2  3.265217e-01  2.000000e-07
 82  87  0  0  0  2  1.785966e-01  2.000000e-07
 82  5  0  0  0  2  5.064554e-01  2.000000e-07
 82  50  0  0  0  2  2.385552e-01  2.000000e-07
 82  60  0  0  0  2  1.692999e-01  2.000000e-07
 82  89  0  0  0  2  3.121291e-01  2.000000e-07
 82  62  0  0  0  2  2.701737e-01  2.000000e-07
 82  67 -1  0  0  2  4.694072e-01  2.000000e-07
 80  77  0  0  0  2  2.124585e-01  2.000000e-07
 80  4  0  0  0  2  1.465568e-01  2.000000e-07
 80  5  0  0  0  2  1.764648e-01  2.000000e-07
 80  50  1  0  0  2  2.495991e-01  2.000000e-07
 80  81  0  0  0  2  6.283341e-02  2.000000e-07
 80  52  1  0  0  2  2.895764e-01  2.000000e-07
 80  57  0  0  0  2  4.808881e-01  2.000000e-07
 80  89  1  0  0  2  2.015213e-01  2.000000e-07
 65  77  0  1  0  2  2.614155e-01  2.000000e-07
 65  56  0  0  0  2  3.730699e-01  2.000000e-07
 65  6  0  1  0  2  2.866084e-01  2.000000e-07
 65  66  0  0  0  2  1.699208e-01  2.000000e-07
 65  57  0  0  0  2  1.545860e-01  2.000000e-07
 65  67  0  0  0  2  6.936842e-02  2.000000e-07
 65  63  0  0  0  2  4.970593e-01  2.000000e-07
 65  64  0  1  0  2  3.691775e-01  2.000000e-07
 77  4  0  0  0  2  2.633939e-01  2.000000e-07
 77  5  0  0  0  2  2.730125e-01  2.000000e-07
 77  50  1  0  0  2  3.074864e-01  2.000000e-07
 77  6  0  0  0  2  1.942732e-01  2.000000e-07
 77  81  0  0  0  2  1.798002e-01  2.000000e-07
 77  89  1  0  0  2  2.266478e-01  2.000000e-07
 77  67  0 -1  0  2  3.280934e-01  2.000000e-07
 55  87  0  0  0  2  1.559031e-01  2.000000e-07
 55  75  0  0  0  2  1.874732e-01  2.000000e-07
 55  56  0  0  0  2  3.097470e-01  2.000000e-07
 55  60  0  0  0  2  3.047592e-01  2.000000e-07
 55  57  0  0  0  2  4.266629e-01  2.000000e-07
 55  76  0  0  0  2  2.296037e-01  2.000000e-07
 55  58  0  0  0  2  2.547624e-01  2.000000e-07
 55  8  0  0  0  2  2.585415e-01  2.000000e-07
 73  5  0  0  0  2  3.842755e-01  2.000000e-07
 73  74  0  0  0  2  1.003569e-01  2.000000e-07
 73  50  0  0  0  2  2.900974e-01  2.000000e-07
 73  60  0  0  0  2  2.868426e-01  2.000000e-07
 73  70  0  0  0  2  1.621036e-01  2.000000e-07
 73  52  0  0  0  2  3.373948e-01  2.000000e-07
 73  62  0  0  0  2  5.757226e-02  2.000000e-07
 73  2  0 -1  0  2  2.948918e-01  2.000000e-07
 87  50  0  0  0  2  3.299502e-01  2.000000e-07
 87  60  0  0  0  2  3.221902e-01  2.000000e-07
 87  70  0  1  0  2  3.830736e-01  2.000000e-07
 87  76  0  0  0  2  1.550182e-01  2.000000e-07
 87  89  0  0  0  2  4.107711e-01  2.000000e-07
 87  67 -1  0  0  2  3.354172e-01  2.000000e-07
 87  58  0  0  0  2  2.619195e-01  2.000000e-07
 4  5  0  0  0  2  3.181947e-02  2.000000e-07
 4  56  0  0  0  2  3.714323e-01  2.000000e-07
 4  6  0  0  0  2  1.703472e-01  2.000000e-07
 4  81  0  0  0  2  1.077769e-01  2.000000e-07
 4  7  0  0  0  2  9.503269e-02  2.000000e-07
 5  6  0  0  0  2  1.552488e-01  2.000000e-07
 5  70  0  0  0  2  3.804481e-01  2.000000e-07
 5  62  0  0  0  2  3.995244e-01  2.000000e-07
 5  7  0  0  0  2  6.339346e-02  2.000000e-07
 74  72 -1  0  0  2  3.197570e-01  2.000000e-07
 74  50  0  0  0  2  1.971749e-01  2.000000e-07
 74  52  0  0  0  2  2.541284e-01  2.000000e-07
 74  58  0  0  0  2  3.161177e-01  2.000000e-07
 74  2  0 -1  0  2  3.761221e-01  2.000000e-07
 75  56  0  0  0  2  3.662674e-01  2.000000e-07
 75  6  0  1  0  2  3.523177e-01  2.000000e-07
 75  66  0  0  0  2  3.292843e-01  2.000000e-07
 75  57  0  0  0  2  3.731468e-01  2.000000e-07
 75  76  0  0  0  2  3.098101e-01  2.000000e-07
 75  62  0  1  0  2  3.627769e-01  2.000000e-07
 75  58  0  0  0  2  4.248527e-01  2.000000e-07
 75  64  0  1  0  2  4.773241e-01  2.000000e-07
 75  8  0  0  0  2  1.688850e-01  2.000000e-07
 75  2  0  0  0  2  1.529111e-02  2.000000e-07
 50  52  0  0  0  2  7.530088e-02  2.000000e-07
 50  89  0  0  0  2  8.093135e-02  2.000000e-07
 56  81  0  0  0  2  4.081009e-01  2.000000e-07
 56  66  0  0  0  2  2.452456e-01  2.000000e-07
 56  60  0  0  0  2  2.544819e-01  2.000000e-07
 56  52  1  0  0  2  4.848036e-01  2.000000e-07
 56  57  0  0  0  2  2.250441e-01  2.000000e-07
 56  67  0  0  0  2  3.131555e-01  2.000000e-07
 56  63  0  0  0  2  1.785848e-01  2.000000e-07
 56  58  0  0  0  2  2.688513e-01  2.000000e-07
 56  8  0  0  0  2  2.480572e-01  2.000000e-07
 56  2  0  0  0  2  3.759102e-01  2.000000e-07
 6  70  0  0  0  2  3.918595e-01  2.000000e-07
 6  57  0 -1  0  2  3.022254e-01  2.000000e-07
 6  62  0  0  0  2  4.862698e-01  2.000000e-07
 6  67  0 -1  0  2  3.275994e-01  2.000000e-07
 6  64  0  0  0  2  1.424662e-01  2.000000e-07
 6  7  0  0  0  2  1.343787e-01  2.000000e-07
 6  8  0 -1  0  2  2.742352e-01  2.000000e-07
 81  52  1  0  0  2  3.443630e-01  2.000000e-07
 81  63  0  0  0  2  2.511814e-01  2.000000e-07
 81  64  0  0  0  2  4.227543e-02  2.000000e-07
 81  7  0  0  0  2  1.841460e-01  2.000000e-07
 66  52  1  0  0  2  5.037510e-01  2.000000e-07
 66  57  0  0  0  2  5.503608e-02  2.000000e-07
 66  76  1  0  0  2  3.886278e-01  2.000000e-07
 66  64  0  1  0  2  3.850009e-01  2.000000e-07
 66  7  0  1  0  2  3.628925e-01  2.000000e-07
 66  2  0  0  0  2  3.289228e-01  2.000000e-07
 60  70  0  0  0  2  4.185346e-01  2.000000e-07
 60  57  0  0  0  2  4.774254e-01  2.000000e-07
 60  89  0  0  0  2  4.104523e-01  2.000000e-07
 60  62  0  0  0  2  2.470396e-01  2.000000e-07
 60  58  0  0  0  2  6.031943e-02  2.000000e-07
 60  8  0  0  0  2  4.316198e-01  2.000000e-07
 70  76  0 -1  0  2  3.080604e-01  2.000000e-07
 70  62  0  0  0  2  2.196416e-01  2.000000e-07
 70  7  0  0  0  2  3.232044e-01  2.000000e-07
 70  8  0 -1  0  2  2.995058e-01  2.000000e-07
 70  2  0 -1  0  2  1.368929e-01  2.000000e-07
 52  76  0  0  0  2  3.690760e-01  2.000000e-07
 57  67  0  0  0  2  1.112023e-01  2.000000e-07
 57  63  0  0  0  2  3.714291e-01  2.000000e-07
 57  8  0  0  0  2  2.042651e-01  2.000000e-07
 76  67 -1  0  0  2  2.495925e-01  2.000000e-07
 76  58  0  0  0  2  4.136712e-01  2.000000e-07
 76  2  0  0  0  2  3.191564e-01  2.000000e-07
 89  62  0  0  0  2  2.490545e-01  2.000000e-07
 89  67 -1  0  0  2  5.025953e-01  2.000000e-07
 89  63 -1  0  0  2  4.171810e-01  2.000000e-07
 89  64 -1  0  0  2  2.562830e-01  2.000000e-07
 62  58  0  0  0  2  2.635040e-01  2.000000e-07
 67  63  0  0  0  2  4.289870e-01  2.000000e-07
 63  58  0  0  0  2  2.671315e-01  2.000000e-07
 63  64  0  0  0  2  2.803305e-01  2.000000e-07
 58  2  0  0  0  2  4.397668e-01  2.000000e-07
 7  8  0 -1  0  2  3.258064e-01  2.000000e-07
 7  2  0 -1  0  2  3.222918e-01  2.000000e-07
 8  2  0  0  0  2  1.703744e-01  2.000000e-07
 78  86  0  0  0  1  2.493794e-01  3.000000e-07
 78  88  0  1  0  1  2.898161e-01  3.000000e-07
 78  55  0  0  0  1  1.571019e-01  3.000000e-07
 78  75  0  0  0  1  9.398417e-02  3.000000e-07
 78  70  0  1  0  1  1.384656e-01  3.000000e-07
 78  2  0  0  0  1  1.019112e-01  3.000000e-07
 68  49  1  0  0  1  4.125733e-01  3.000000e-07
 68  65  0  0  0  1  9.615126e-02  3.000000e-07
 68  56  0  0  0  1  2.782577e-01  3.000000e-07
 68  66  0  0  0  1  1.142723e-01  3.000000e-07
 68  57  0  0  0  1  7.360380e-02  3.000000e-07
 69  86  0 -1  0  1  1.593630e-01  3.000000e-07
 69  88  0  0  0  1  6.978734e-02  3.000000e-07
 69  72 -1  0  0  1  1.371762e-01  3.000000e-07
 69  65 -1 -1  0  1  2.334510e-01  3.000000e-07
 69  77 -1  0  0  1  1.234298e-01  3.000000e-07
 53  1  0  0  0  1  2.851392e-01  3.000000e-07
 53  54  0  0  0  1  2.792302e-01  3.000000e-07
 53  61  0  0  0  1  1.209478e-01  3.000000e-07
 53  60  0  0  0  1  2.901541e-01  3.000000e-07
 53  70  0  0  0  1  1.743912e-01  3.000000e-07
 53  7  0  0  0  1  1.726196e-01  3.000000e-07
 53  2  0 -1  0  1  2.372857e-01  3.000000e-07
 51  84  0  0  0  1  1.721877e-01  3.000000e-07
 51  82  0  0  0  1  1.130343e-01  3.000000e-07
 51  87  0  0  0  1  2.164408e-01  3.000000e-07
 51  50  0  0  0  1  1.290895e-01  3.000000e-07
 51  52  0  0  0  1  8.442342e-02  3.000000e-07
 79  82  0  0  0  1  6.289510e-02  3.000000e-07
 79  55  0  0  0  1  1.883571e-01  3.000000e-07
 79  87  0  0  0  1  1.701513e-01  3.000000e-07
 79  58  0  0  0  1  9.178479e-02  3.000000e-07
 84  85  0  0  0  1  1.270370e-01  3.000000e-07
 84  0  0  0  0  1  1.179011e-01  3.000000e-07
 84  82  0  0  0  1  2.331066e-01  3.000000e-07
 84  74  0  0  0  1  7.094547e-02  3.000000e-07
 84  50  0  0  0  1  1.386038e-01  3.000000e-07
 84  89  0  0  0  1  1.489491e-01  3.000000e-07
 1  56  0  0  0  1  1.855313e-01  3.000000e-07
 1  60  0  0  0  1  1.447453e-01  3.000000e-07
 1  63  0  0  0  1  7.322402e-02  3.000000e-07
 54  59  0  0  0  1  1.029702e-01  3.000000e-07
 54  5  0  0  0  1  1.804029e-01  3.000000e-07
 54  7  0  0  0  1  2.226298e-01  3.000000e-07
 61  73  0  0  0  1  6.095500e-02  3.000000e-07
 61  70  0  0  0  1  1.208221e-01  3.000000e-07
 61  62  0  0  0  1  1.109808e-01  3.000000e-07
 86  88  0  1  0  1  1.804307e-01  3.000000e-07
 86  48  0  0  0  1  9.031455e-02  3.000000e-07
 86  65 -1  0  0  1  1.791859e-01  3.000000e-07
 86  76  0  0  0  1  8.670484e-02  3.000000e-07
 85  49  0  0  0  1  6.402297e-02  3.000000e-07
 85  89  0  0  0  1  6.468861e-02  3.000000e-07
 47  87  0  0  0  1  1.583329e-01  3.000000e-07
 47  52  0  0  0  1  3.348328e-01  3.000000e-07
 47  76  0  0  0  1  5.501692e-02  3.000000e-07
 47  67 -1  0  0  1  2.018364e-01  3.000000e-07
 88  0  0  0  0  1  1.260009e-01  3.000000e-07
 88  77 -1  0  0  1  1.734806e-01  3.000000e-07
 88  73  0  0  0  1  2.320127e-01  3.000000e-07
 49  80 -1  0  0  1  2.400063e-01  3.000000e-07
 49  52  0  0  0  1  5.144357e-02  3.000000e-07
 49  89  0  0  0  1  1.108179e-01  3.000000e-07
 49  67 -1  0  0  1  4.026128e-01  3.000000e-07
 49  63 -1  0  0  1  4.074673e-01  3.000000e-07
 72  65  0 -1  0  1  2.554934e-01  3.000000e-07
 72  6  0  0  0  1  1.753366e-01  3.000000e-07
 72  64  0  0  0  1  1.442546e-01  3.000000e-07
 59  80  0  0  0  1  1.437181e-01  3.000000e-07
 59  4  0  0  0  1  7.401007e-02  3.000000e-07
 59  5  0  0  0  1  9.718986e-02  3.000000e-07
 59  81  0  0  0  1  1.367676e-01  3.000000e-07
 59  63  0  0  0  1  1.241391e-01  3.000000e-07
 3  65  0  0  0  1  2.014791e-01  3.000000e-07
 3  6  0  1  0  1  1.922610e-01  3.000000e-07
 3  66  0  0  0  1  7.056863e-02  3.000000e-07
 3  8  0  0  0  1  1.345615e-01  3.000000e-07
 48  65 -1  0  0  1  1.611194e-01  3.000000e-07
 48  76  0  0  0  1  6.729759e-02  3.000000e-07
 48  67 -1  0  0  1  1.826571e-01  3.000000e-07
 0  77 -1  0  0  1  2.268785e-01  3.000000e-07
 0  73  0  0  0  1  1.572284e-01  3.000000e-07
 0  74  0  0  0  1  7.474287e-02  3.000000e-07
 0  89  0  0  0  1  1.524875e-01  3.000000e-07
 82  87  0  0  0  1  1.785966e-01  3.000000e-07
 82  62  0  0  0  1  2.701737e-01  3.000000e-07
 82  58  0  0  0  1  1.148811e-01  3.000000e-07
 80  77  0  0  0  1  2.124585e-01  3.000000e-07
 80  81  0  0  0  1  6.283341e-02  3.000000e-07
 80  63  0  0  0  1  2.354049e-01  3.000000e-07
 65  6  0  1  0  1  2.866084e-01  3.000000e-07
 65  66  0  0  0  1  1.699208e-01  3.000000e-07
 65  67  0  0  0  1  6.936842e-02  3.000000e-07
 77  81  0  0  0  1  1.798002e-01  3.000000e-07
 77  89  1  0  0  1  2.266478e-01  3.000000e-07
 77  64  0  0  0  1  1.549415e-01  3.000000e-07
 55  87  0  0  0  1  1.559031e-01  3.000000e-07
 55  56  0  0  0  1  3.097470e-01  3.000000e-07
 55  76  0  0  0  1  2.296037e-01  3.000000e-07
 55  58  0  0  0  1  2.547624e-01  3.000000e-07
 73  74  0  0  0  1  1.003569e-01  3.000000e-07
 73  70  0  0  0  1  1.621036e-01  3.000000e-07
 73  62  0  0  0  1  5.757226e-02  3.000000e-07
 87  52  0  0  0  1  2.584043e-01  3.000000e-07
 87  76  0  0  0  1  1.550182e-01  3.000000e-07
 4  81  0  0  0  1  1.077769e-01  3.000000e-07
 4  64  0  0  0  1  1.106495e-01  3.000000e-07
 5  6  0  0  0  1  1.552488e-01  3.000000e-07
 5  64  0  0  0  1  1.265457e-01  3.000000e-07
 5  7  0  0  0  1  6.339346e-02  3.000000e-07
 74  62  0  0  0  1  7.956913e-02  3.000000e-07
 75  8  0  0  0  1  1.688850e-01  3.000000e-07
 56  66  0  0  0  1  2.452456e-01  3.000000e-07
 56  60  0  0  0  1  2.544819e-01  3.000000e-07
 56  57  0  0  0  1  2.250441e-01  3.000000e-07
 56  63  0  0  0  1  1.785848e-01  3.000000e-07
 56  58  0  0  0  1  2.688513e-01  3.000000e-07
 6  7  0  0  0  1  1.343787e-01  3.000000e-07
 6  8  0 -1  0  1  2.742352e-01  3.000000e-07
 66  57  0  0  0  1  5.503608e-02  3.000000e-07
 66  8  0  0  0  1  1.621036e-01  3.000000e-07
 60  62  0  0  0  1  2.470396e-01  3.000000e-07
 60  58  0  0  0  1  6.031943e-02  3.000000e-07
 70  2  0 -1  0  1  1.368929e-01  3.000000e-07
 52  67 -1  0  0  1  3.865571e-01  3.000000e-07
 62  58  0  0  0  1  2.635040e-01  3.000000e-07
 7  8  0 -1  0  1  3.258064e-01  3.000000e-07
 7  2  0 -1  0  1  3.222918e-01  3.000000e-07
 8  2  0  0  0  1  1.703744e-01  3.000000e-07
-3.441545e-01 -2.938220e-01  0
 8.361624e-02 -5.501973e-02  0
-5.451675e-02  4.434749e-01  0
 2.271471e-01  4.013844e-01  0
 2.188335e-01 -2.411940e-01  0
 1.962169e-01 -2.635763e-01  0
 2.529380e-01 -4.080924e-01  0
 1.573424e-01 -3.136513e-01  0
 9.728723e-02  3.661251e-01  0
 1.795580e-02 -4.111766e-01 -1.955811e-01
 1.396874e-01 -2.636737e-01 -3.162300e-01
 3.708409e-01 -2.535124e-01 -1.086814e-01
-1.599017e-01  3.681912e-01 -1.760718e-01
-3.081067e-01 -4.123878e-03 -1.322891e-01
-2.713465e-01 -3.285442e-01 -1.229374e-01
-3.628766e-02 -1.601377e-02 -1.802103e-01
-1.255624e-01 -4.426395e-01  3.279730e-01
-1.803107e-01  3.305412e-01 -3.113659e-01
 1.966136e-01 -9.140518e-02  2.109841e-01
 1.785214e-01  1.552005e-01 -3.313654e-01
 6.557812e-02 -4.064160e-01  4.287246e-01
 2.114043e-01  3.059750e-01  3.836119e-01
-4.479885e-02 -7.676178e-02  1.140859e-01
 4.457914e-01 -1.100495e-02  1.930768e-01
-3.746699e-01  1.063231e-01  2.611569e-01
-3.650777e-01  1.193015e-01  2.139837e-01
-1.916486e-01  2.029401e-01  1.572805e-01
-1.810301e-01 -9.471714e-02  2.983952e-01
-3.538928e-01 -2.278499e-01  1.314763e-01
-3.655772e-01 -3.215809e-01  3.806487e-01
 2.459887e-01  2.797727e-01  3.315952e-01
 2.026534e-01  1.388040e-01  2.964074e-01
 2.271479e-01 -3.248604e-01  2.533432e-01
-2.861469e-02 -3.869910e-01  3.181063e-01
 7.257024e-02 -4.223482e-02  3.293600e-01
-3.722270e-01 -3.427813e-01 -3.777392e-01
 4.736790e-02 -3.009976e-01 -3.880190e-01
 1.666341e-01  9.995313e-03 -3.409942e-01
 1.410817e-01 -3.915714e-01 -4.495077e-01
 8.644893e-02 -1.588491e-01 -4.158994e-01
 2.976559e-01 -4.469704e-02 -2.678330e-01
-3.395835e-01  2.237722e-01 -4.182299e-01
 3.938468e-01 -3.735702e-01 -2.567957e-01
 2.276198e-01  5.302410e-02 -3.079746e-01
-7.039276e-02 -1.678647e-01 -1.843425e-01
 1.923128e-01  4.154358e-01  1.010927e-01
 9.168994e-02  2.396347e-01 -2.354325e-01
-3.997280e-01  3.032797e-01  0
-4.200178e-01  3.190531e-01  0
-4.358920e-01 -6.855247e-02  0
-4.089662e-01 -1.063359e-01  0
-3.172727e-01 -1.547115e-02  0
-4.001503e-01 -3.155285e-02  0
-1.504798e-02 -3.225449e-01  0
 1.418472e-01 -9.156133e-02  0
-1.378924e-01  2.587274e-01  0
 1.399261e-01  1.217600e-01  0
 2.874973e-01  2.916647e-01  0
-1.029074e-01  6.378576e-03  0
 2.113170e-01 -1.675666e-01  0
-5.985693e-02 -3.587171e-02  0
-1.359336e-01 -3.264251e-01  0
-2.024619e-01 -2.375953e-01  0
 1.568334e-01 -5.602265e-02  0
 3.212517e-01 -2.830729e-01  0
 4.248550e-01  3.625849e-01  0
 2.568176e-01  3.373563e-01  0
 3.984942e-01  2.984204e-01  0
 3.610936e-01  2.906158e-01  0
-4.496709e-01 -4.405505e-01  0
-1.369609e-01 -4.472428e-01  0
-1.308672e-01  3.030037e-01  2.398456e-01
 4.263111e-01 -3.819258e-01  0
-1.869281e-01 -2.930324e-01  0
-2.799947e-01 -2.554811e-01  0
-5.945598e-02  4.290035e-01  0
-3.545637e-01  3.346970e-01  0
 4.446665e-01 -3.767513e-01  0
-1.524145e-01  4.151567e-01  0
-1.665071e-01  7.255659e-02  0
 3.540222e-01 -1.845997e-01  0
 3.266104e-01 -2.411385e-01  0
-2.148271e-01  3.229523e-02  0
-2.239374e-01 -2.832720e-01 -1.678239e-01
-2.957621e-01 -1.863099e-01  0
-4.075488e-01 -1.259598e-01  0
-4.016759e-01  4.074855e-01  0
-2.814773e-01  1.979892e-01  0
-3.856392e-01 -4.127978e-01  0
-4.445334e-01 -1.790329e-01  0