 709  90  1.200000e-05  55 -2 -2
 18  48  0  0  0  3  4.754615e-01  1.000000e-07
 18  85  0  0  0  3  4.878588e-01  1.000000e-07
 18  42  0  0  0  3  2.817320e-01  1.000000e-07
 18  46  0  0  0  3  2.863676e-01  1.000000e-07
 18  25  0  0  0  3  1.688489e-01  1.000000e-07
 18  39  0  0  0  3  1.834178e-01  1.000000e-07
 18  19  0  0  1  3  2.601012e-01  1.000000e-07
 18  37  0  0  1  3  4.043186e-01  1.000000e-07
 18  40  0  0  1  3  3.992796e-01  1.000000e-07
 20  47  0  0  0  3  4.604002e-01  1.000000e-07
 20  85 -1  0  0  3  4.408600e-01  1.000000e-07
 20  42 -1  0  0  3  5.508629e-01  1.000000e-07
 20  46  0  0  0  3  3.779153e-01  1.000000e-07
 20  89  0  0  0  3  5.276066e-01  1.000000e-07
 20  24  0  0  1  3  4.602978e-01  1.000000e-07
 20  40  0  0  1  3  5.049106e-01  1.000000e-07
 26  42  0  0  0  3  2.835039e-01  1.000000e-07
 26  89  1  0  0  3  3.863662e-01  1.000000e-07
 26  49  0  0  0  3  3.249091e-01  1.000000e-07
 26  34  0  0  0  3  4.191344e-01  1.000000e-07
 26  38  1  0  0  3  5.357140e-01  1.000000e-07
 26  39  0  0  0  3  6.022949e-02  1.000000e-07
 26  33  1  0  1  3  4.525499e-01  1.000000e-07
 26  44  0  0  1  3  2.820994e-01  1.000000e-07
 26  40  1  0  1  3  5.593658e-01  1.000000e-07
 47  46  0  0  0  3  2.590520e-01  1.000000e-07
 47  14  0 -1  0  3  4.763141e-01  1.000000e-07
 47  89  0  0  0  3  3.893408e-01  1.000000e-07
 47  21  0  0  0  3  3.709663e-01  1.000000e-07
 47  22  0  0  0  3  1.209021e-01  1.000000e-07
 47  50  0  0  0  3  2.748989e-01  1.000000e-07
 47  40  0  0  1  3  3.191223e-01  1.000000e-07
 48  85  0  0  0  3  8.370130e-02  1.000000e-07
 48  21  0  0  0  3  4.393830e-01  1.000000e-07
 48  49  0  1  0  3  3.636456e-01  1.000000e-07
 48  34  0  0  0  3  1.343468e-01  1.000000e-07
 48  23  0  0  0  3  3.663261e-01  1.000000e-07
 48  50  0  1  0  3  3.726695e-01  1.000000e-07
 48  19  0  0  1  3  4.734074e-01  1.000000e-07
 85  42  0  0  0  3  4.787586e-01  1.000000e-07
 85  21  0  0  0  3  4.670778e-01  1.000000e-07
 85  23  0  0  0  3  4.079681e-01  1.000000e-07
 42  46  0  0  0  3  3.489307e-01  1.000000e-07
 42  89  1  0  0  3  2.613374e-01  1.000000e-07
 42  49  0  0  0  3  1.962128e-01  1.000000e-07
 46  50  0  0  0  3  3.484493e-01  1.000000e-07
 25  22  0  0  0  3  2.163311e-01  1.000000e-07
 25  49  0  0  0  3  3.697486e-01  1.000000e-07
 25  34  0 -1  0  3  5.535103e-01  1.000000e-07
 25  23  0 -1  0  3  3.711892e-01  1.000000e-07
 25  50  0  0  0  3  3.176130e-01  1.000000e-07
 25  74  0  0  1  3  5.164666e-01  1.000000e-07
 25  37  0  0  1  3  3.562474e-01  1.000000e-07
 25  40  0  0  1  3  3.401780e-01  1.000000e-07
 14  48 -1  0  0  3  2.988070e-01  1.000000e-07
 14  89  0  1  0  3  3.212022e-01  1.000000e-07
 14  49 -1  1  0  3  3.646594e-01  1.000000e-07
 14  50  0  1  0  3  4.527224e-01  1.000000e-07
 89  34 -1 -1  0  3  4.044066e-01  1.000000e-07
 89  38  0  0  0  3  3.074320e-01  1.000000e-07
 21  38  0  0  0  3  4.298329e-01  1.000000e-07
 21  23  0  0  0  3  3.016472e-01  1.000000e-07
 21  36  0  0  1  3  4.577476e-01  1.000000e-07
 21  40  0  0  1  3  3.894655e-01  1.000000e-07
 22  38  0  0  0  3  1.110966e-01  1.000000e-07
 22  23  0 -1  0  3  2.879522e-01  1.000000e-07
 22  50  0  0  0  3  3.081517e-01  1.000000e-07
 22  24  0 -1  1  3  3.599987e-01  1.000000e-07
 22  37  0  0  1  3  3.801592e-01  1.000000e-07
 22  40  0  0  1  3  2.699592e-01  1.000000e-07
 22  84  0  0  1  3  4.439578e-01  1.000000e-07
 49  39  0  0  0  3  2.993294e-01  1.000000e-07
 49  74  0  0  1  3  6.114242e-01  1.000000e-07
 49  24  1 -1  1  3  5.360212e-01  1.000000e-07
 49  31  1  0  1  3  5.364927e-01  1.000000e-07
 34  23  0  0  0  3  4.518508e-01  1.000000e-07
 34  29  1  0  1  3  3.347107e-01  1.000000e-07
 34  24  1  0  1  3  4.097306e-01  1.000000e-07
 34  33  1  0  1  3  3.346844e-01  1.000000e-07
 34  31  1  1  1  3  4.909643e-01  1.000000e-07
 38  39 -1  0  0  3  5.296310e-01  1.000000e-07
 38  24  0 -1  1  3  3.635246e-01  1.000000e-07
 38  31  0  0  1  3  4.445192e-01  1.000000e-07
 38  17  0  0  1  3  4.513676e-01  1.000000e-07
 38  40  0  0  1  3  2.232496e-01  1.000000e-07
 23  24  0  0  1  3  3.755343e-01  1.000000e-07
 23  44  0  0  1  3  5.476554e-01  1.000000e-07
 39  45  0  0  1  3  4.225977e-01  1.000000e-07
 39  31  1  0  1  3  5.248990e-01  1.000000e-07
 39  37  0  0  1  3  4.152666e-01  1.000000e-07
 39  17  1  0  1  3  4.804133e-01  1.000000e-07
 39  40  1  0  1  3  5.619172e-01  1.000000e-07
 35  19  0  0  0  3  3.839639e-01  1.000000e-07
 35  24  0  0  0  3  2.858130e-01  1.000000e-07
 35  36  0  0  0  3  3.872110e-01  1.000000e-07
 35  28  0  0  0  3  1.917024e-01  1.000000e-07
 35  30  0  0  0  3  1.481220e-01  1.000000e-07
 35  32  0  0  0  3  1.977466e-01  1.000000e-07
 35  83  0  0  0  3  4.198312e-01  1.000000e-07
 35  44  0  0  0  3  3.800842e-01  1.000000e-07
 35  84  0  1  0  3  4.467625e-01  1.000000e-07
 29  74 -1  1  0  3  4.464167e-01  1.000000e-07
 29  30 -1  0  0  3  4.798147e-01  1.000000e-07
 29  33  0  0  0  3  7.370865e-02  1.000000e-07
 29  31  0  1  0  3  2.673539e-01  1.000000e-07
 29  44 -1  0  0  3  3.118575e-01  1.000000e-07
 29  41  0  0  0  3  1.041300e-01  1.000000e-07
 27  43 -1  0  0  3  4.095986e-01  1.000000e-07
 27  45 -1  0  0  3  2.818714e-01  1.000000e-07
 27  83  0  0  0  3  2.764713e-01  1.000000e-07
 27  33  0  0  0  3  2.823011e-01  1.000000e-07
 27  44 -1  0  0  3  3.117057e-01  1.000000e-07
 27  40  0  0  0  3  4.235993e-01  1.000000e-07
 27  41  0  0  0  3  3.008075e-01  1.000000e-07
 43  74  0  0  0  3  3.873599e-01  1.000000e-07
 43  45  0  0  0  3  1.873875e-01  1.000000e-07
 43  19  0  0  0  3  2.823998e-01  1.000000e-07
 43  36  0  0  0  3  1.570101e-01  1.000000e-07
 43  28  0  0  0  3  3.347357e-01  1.000000e-07
 43  37  0  0  0  3  2.350709e-01  1.000000e-07
 43  44  0  0  0  3  3.006792e-01  1.000000e-07
 74  45  0  0  0  3  2.657857e-01  1.000000e-07
 74  30  0 -1  0  3  3.464308e-01  1.000000e-07
 74  17  1  0  0  3  3.061741e-01  1.000000e-07
 45  19  0  0  0  3  3.289606e-01  1.000000e-07
 45  17  1  0  0  3  3.204749e-01  1.000000e-07
 45  44  0  0  0  3  3.154478e-01  1.000000e-07
 19  36  0  0  0  3  2.971981e-01  1.000000e-07
 19  37  0  0  0  3  3.143466e-01  1.000000e-07
 19  44  0  0  0  3  1.543306e-01  1.000000e-07
 19  40  0  0  0  3  4.181863e-01  1.000000e-07
 24  84  0  1  0  3  4.239634e-01  1.000000e-07
 24  41  0  0  0  3  2.781178e-01  1.000000e-07
 36  28  0  0  0  3  3.485979e-01  1.000000e-07
 36  83  0  0  0  3  2.156008e-01  1.000000e-07
 36  37  0  0  0  3  1.020661e-01  1.000000e-07
 36  40  0  0  0  3  2.654686e-01  1.000000e-07
 36  84  0  0  0  3  2.414392e-01  1.000000e-07
 28  32  0  0  0  3  2.110669e-02  1.000000e-07
 28  83  0  0  0  3  3.419158e-01  1.000000e-07
 28  33  0  0  0  3  4.910608e-01  1.000000e-07
 30  32  0  0  0  3  1.540599e-01  1.000000e-07
 30  37  0  1  0  3  5.240547e-01  1.000000e-07
 30  44  0  0  0  3  3.530312e-01  1.000000e-07
 30  84  0  1  0  3  4.185913e-01  1.000000e-07
 30  41  1  0  0  3  4.421350e-01  1.000000e-07
 32  31  0  1  0  3  5.048692e-01  1.000000e-07
 32  84  0  1  0  3  4.407523e-01  1.000000e-07
 32  41  0  0  0  3  4.669993e-01  1.000000e-07
 83  33  0  0  0  3  4.205223e-01  1.000000e-07
 83  17  0  0  0  3  3.474950e-01  1.000000e-07
 83  84  0  0  0  3  2.805854e-01  1.000000e-07
 83  41  0  0  0  3  4.503008e-01  1.000000e-07
 33  44 -1  0  0  3  2.754920e-01  1.000000e-07
 33  40  0  0  0  3  4.809735e-01  1.000000e-07
 33  41  0  0  0  3  1.453173e-01  1.000000e-07
 31  40  0  0  0  3  4.181109e-01  1.000000e-07
 31  84  0  0  0  3  3.874874e-01  1.000000e-07
 37  21  0  0 -1  3  4.448310e-01  1.000000e-07
 17  44 -1  0  0  3  4.857591e-01  1.000000e-07
 17  40  0  0  0  3  3.446521e-01  1.000000e-07
 17  84  0  0  0  3  3.345635e-01  1.000000e-07
 44  41  1  0  0  3  3.255078e-01  1.000000e-07
 42  72  0  0  0  3  2.051797e-01  1.000000e-07
 70  17  1  0  0  3  2.402932e-01  1.000000e-07
 14  82  0  1  0  3  3.132104e-01  1.000000e-07
 16  84  0  0  0  3  2.557930e-01  1.000000e-07
 20  78  0  0  0  3  2.651359e-01  1.000000e-07
 58  28  0  0  0  3  1.625701e-01  1.000000e-07
 46  55  0  0  0  3  1.385805e-01  1.000000e-07
 7  83  0  0  0  3  1.746885e-01  1.000000e-07
 23  81  0  0  0  3  3.320338e-01  1.000000e-07
 80  32  0  0  0  3  1.278721e-01  1.000000e-07
 50  16  0  0  0  3  1.957349e-01  1.000000e-07
 62  84  0  0  0  3  1.969264e-01  1.000000e-07
 89  82  0  0  0  3  3.266988e-01  1.000000e-07
 86  84  0  0  0  3  2.197062e-01  1.000000e-07
 20  78  0  0  0  3  2.668181e-01  1.000000e-07
 58  32  0  0  0  3  1.529465e-01  1.000000e-07
 42  70  0  0  0  3  1.697486e-01  1.000000e-07
 72  45  0  0  0  3  1.352976e-01  1.000000e-07
 14  15  0  0  0  3  2.138131e-01  1.000000e-07
 73  31  0  1  0  3  2.629993e-01  1.000000e-07
 46  69  0  0  0  3  1.231402e-01  1.000000e-07
 60  43  0  0  0  3  1.805712e-01  1.000000e-07
 14  77  0  0  0  3  3.012805e-01  1.000000e-07
 78  32  0  0  0  3  1.879366e-01  1.000000e-07
 50  80  0 -1  0  3  1.825116e-01  1.000000e-07
 81  30  0  0  0  3  2.453910e-01  1.000000e-07
 46  63  0  0  0  3  1.949961e-01  1.000000e-07
 2  74  0  0  0  3  2.815749e-01  1.000000e-07
 46  51  0  0  0  3  1.993315e-01  1.000000e-07
 58  28  0  0  0  3  2.539709e-01  1.000000e-07
 85  8  0  0  0  3  2.969709e-01  1.000000e-07
 53  45  0  0  0  3  2.290203e-01  1.000000e-07
 85  65  0  0  0  3  1.843899e-01  1.000000e-07
 76  44  0  0  0  3  3.794124e-01  1.000000e-07
 50  61  0  0  0  3  2.096299e-01  1.000000e-07
 57  74  0  0  0  3  1.952921e-01  1.000000e-07
 47  52  0  0  0  3  3.068994e-01  1.000000e-07
 6  84  0  0  0  3  1.620375e-01  1.000000e-07
 14  79  0  0  0  3  2.837995e-01  1.000000e-07
 54  27  0  0  0  3  2.271956e-01  1.000000e-07
 85  76  0  0  0  3  1.871784e-01  1.000000e-07
 59  41  1  0  0  3  2.600202e-01  1.000000e-07
 89  0  0  0  0  3  3.152360e-01  1.000000e-07
 68  27  0  0  0  3  2.078099e-01  1.000000e-07
 21  51  0  0  0  3  3.713087e-01  1.000000e-07
 78  28  0  0  0  3  1.399138e-01  1.000000e-07
 51  52  0  0  0  2  3.938115e-01  2.000000e-07
 51  77  0  0  0  2  2.486529e-01  2.000000e-07
 51  53  0  0  0  2  2.417861e-01  2.000000e-07
 51  67  0  0  0  2  1.381136e-01  2.000000e-07
 51  86  0  0  0  2  4.675960e-01  2.000000e-07
 51  80  0  0  0  2  2.352597e-01  2.000000e-07
 51  55  0  0  0  2  2.638185e-01  2.000000e-07
 51  69  0  0  0  2  3.200198e-01  2.000000e-07
 51  1  0  0  0  2  3.462188e-01  2.000000e-07
 51  65  0  0  0  2  3.077506e-01  2.000000e-07
 51  81  0  0  0  2  1.328182e-01  2.000000e-07
 51  87  0  0  0  2  2.002508e-01  2.000000e-07
 51  58  0  0  0  2  8.758232e-02  2.000000e-07
 51  5  0  0  0  2  2.534091e-01  2.000000e-07
 51  4  0  0  0  2  2.337693e-01  2.000000e-07
 10  9  0  0  0  2  1.927100e-01  2.000000e-07
 10  76  0  0  0  2  1.380371e-01  2.000000e-07
 10  67  0  0  0  2  2.284257e-01  2.000000e-07
 10  63  0  1  0  2  4.474242e-01  2.000000e-07
 10  78  0  0  0  2  3.228488e-01  2.000000e-07
 10  12  0  1  0  2  4.833565e-01  2.000000e-07
 10  80  0  0  0  2  2.315601e-01  2.000000e-07
 10  56  0  1  0  2  2.622190e-01  2.000000e-07
 10  65  0  0  0  2  1.659678e-01  2.000000e-07
 10  81  0  0  0  2  1.907882e-01  2.000000e-07
 10  58  0  0  0  2  3.593974e-01  2.000000e-07
 10  88  1  1  0  2  4.363875e-01  2.000000e-07
 10  11  0  0  0  2  2.328984e-01  2.000000e-07
 10  59  0  0  0  2  1.231945e-01  2.000000e-07
 10  66  0  1  0  2  5.188684e-01  2.000000e-07
 10  62  0  1  0  2  2.826517e-01  2.000000e-07
 68  0  0  0  0  2  9.430718e-02  2.000000e-07
 68  8 -1  0  0  2  2.689370e-01  2.000000e-07
 68  54  0  0  0  2  1.448294e-01  2.000000e-07
 68  79  0  0  0  2  2.726508e-01  2.000000e-07
 68  86  0  0  0  2  1.993793e-01  2.000000e-07
 68  70 -1  0  0  2  2.552831e-01  2.000000e-07
 68  69  0  0  0  2  4.737969e-01  2.000000e-07
 68  73  0  0  0  2  4.179434e-01  2.000000e-07
 68  65 -1  0  0  2  3.927149e-01  2.000000e-07
 68  64  0  0  0  2  2.035443e-01  2.000000e-07
 68  87  0  0  0  2  3.046956e-01  2.000000e-07
 68  72 -1  0  0  2  3.236299e-01  2.000000e-07
 68  5  0  0  0  2  2.385699e-01  2.000000e-07
 68  75  0  0  0  2  1.249372e-01  2.000000e-07
 68  4 -1  0  0  2  4.594806e-01  2.000000e-07
 52  77  0 -1  0  2  4.746865e-01  2.000000e-07
 52  16  0  0  0  2  1.788985e-01  2.000000e-07
 52  54  0  0  0  2  4.547935e-01  2.000000e-07
 52  86  0  0  0  2  2.444416e-01  2.000000e-07
 52  80  0 -1  0  2  3.756824e-01  2.000000e-07
 52  69  0  0  0  2  1.512806e-01  2.000000e-07
 52  1  0  0  0  2  8.329246e-02  2.000000e-07
 52  71  0  0  0  2  5.474712e-02  2.000000e-07
 52  57  0  0  0  2  1.798593e-01  2.000000e-07
 52  64  0  0  0  2  3.281035e-01  2.000000e-07
 52  5  0  0  0  2  4.565581e-01  2.000000e-07
 52  60  0  0  0  2  9.734355e-02  2.000000e-07
 52  7  0  0  0  2  1.338652e-01  2.000000e-07
 52  61  0  0  0  2  2.389024e-01  2.000000e-07
 9  76  0  0  0  2  1.943869e-01  2.000000e-07
 9  53  0  0  0  2  9.166357e-02  2.000000e-07
 9  78  0  0  0  2  2.976645e-01  2.000000e-07
 9  80  0  0  0  2  3.228106e-01  2.000000e-07
 9  58  0  0  0  2  2.909034e-01  2.000000e-07
 9  11  0  0  0  2  4.095857e-02  2.000000e-07
 9  59  0  0  0  2  2.232585e-01  2.000000e-07
 76  15  1  0  0  2  3.072648e-01  2.000000e-07
 76  67  0  0  0  2  2.601962e-01  2.000000e-07
 76  8  0  0  0  2  1.803969e-01  2.000000e-07
 76  79  1  0  0  2  2.383659e-01  2.000000e-07
 76  73  1  0  0  2  2.648233e-01  2.000000e-07
 76  56  0  1  0  2  2.887948e-01  2.000000e-07
 76  65  0  0  0  2  9.252676e-02  2.000000e-07
 76  88  1  1  0  2  3.947174e-01  2.000000e-07
 76  11  0  0  0  2  2.209461e-01  2.000000e-07
 76  59  0  0  0  2  4.185141e-02  2.000000e-07
 15  77  0  0  0  2  2.027064e-01  2.000000e-07
 15  16  0  1  0  2  4.039111e-01  2.000000e-07
 15  78  0  0  0  2  3.409458e-01  2.000000e-07
 15  79  0  0  0  2  1.735494e-01  2.000000e-07
 15  86  0  1  0  2  3.945180e-01  2.000000e-07
 15  73  0  0  0  2  4.252978e-02  2.000000e-07
 15  56 -1  1  0  2  3.293601e-01  2.000000e-07
 15  87  0  0  0  2  2.646824e-01  2.000000e-07
 15  88  0  1  0  2  2.204586e-01  2.000000e-07
 15  82  0  1  0  2  3.194599e-01  2.000000e-07
 15  62  0  1  0  2  4.564074e-01  2.000000e-07
 77  16  0  1  0  2  3.272519e-01  2.000000e-07
 77  13  0  0  0  2  2.394594e-01  2.000000e-07
 77  54  0  0  0  2  2.544183e-01  2.000000e-07
 77  79  0  0  0  2  2.422263e-01  2.000000e-07
 77  86  0  1  0  2  4.847560e-01  2.000000e-07
 77  80  0  0  0  2  2.008240e-01  2.000000e-07
 77  55  0  0  0  2  4.220049e-01  2.000000e-07
 77  73  0  0  0  2  2.307606e-01  2.000000e-07
 77  57  0  1  0  2  4.122556e-01  2.000000e-07
 77  64  0  1  0  2  4.858235e-01  2.000000e-07
 77  81  0  0  0  2  2.299124e-01  2.000000e-07
 77  87  0  0  0  2  1.027905e-01  2.000000e-07
 77  58  0  0  0  2  1.945225e-01  2.000000e-07
 77  5  0  0  0  2  1.540574e-01  2.000000e-07
 77  59 -1  0  0  2  4.671748e-01  2.000000e-07
 77  82  0  1  0  2  3.618378e-01  2.000000e-07
 77  7  0  1  0  2  5.055883e-01  2.000000e-07
 0  86  0  0  0  2  1.083448e-01  2.000000e-07
 0  70 -1  0  0  2  2.816201e-01  2.000000e-07
 0  69  0  0  0  2  4.347664e-01  2.000000e-07
 0  71  0  0  0  2  3.794781e-01  2.000000e-07
 0  87  0  0  0  2  3.702253e-01  2.000000e-07
 0  72 -1  0  0  2  2.951393e-01  2.000000e-07
 0  88  0  0  0  2  2.785167e-01  2.000000e-07
 0  75  0  0  0  2  1.030616e-01  2.000000e-07
 16  78  0 -1  0  2  3.702346e-01  2.000000e-07
 16  86  0  0  0  2  3.389491e-01  2.000000e-07
 16  73  0 -1  0  2  4.464393e-01  2.000000e-07
 16  71  0  0  0  2  1.721951e-01  2.000000e-07
 16  57  0  0  0  2  9.674339e-02  2.000000e-07
 16  81  0 -1  0  2  3.088073e-01  2.000000e-07
 16  87  0 -1  0  2  4.174778e-01  2.000000e-07
 16  88  0  0  0  2  4.275479e-01  2.000000e-07
 16  82  0  0  0  2  2.095926e-01  2.000000e-07
 16  61  0  0  0  2  1.573326e-01  2.000000e-07
 16  62  0  0  0  2  7.036114e-02  2.000000e-07
 53  13  1  0  0  2  4.868104e-01  2.000000e-07
 53  8  0  0  0  2  1.812444e-01  2.000000e-07
 53  54  1  0  0  2  4.391994e-01  2.000000e-07
 53  80  0  0  0  2  4.046909e-01  2.000000e-07
 53  55  0  0  0  2  3.392707e-01  2.000000e-07
 53  65  0  0  0  2  1.641662e-01  2.000000e-07
 53  64  1  0  0  2  5.001690e-01  2.000000e-07
 53  81  0  0  0  2  2.930442e-01  2.000000e-07
 53  58  0  0  0  2  3.215542e-01  2.000000e-07
 53  11  0  0  0  2  5.079025e-02  2.000000e-07
 53  59  0  0  0  2  2.922327e-01  2.000000e-07
 53  66  0  0  0  2  2.014485e-01  2.000000e-07
 53  60  0  0  0  2  2.982757e-01  2.000000e-07
 53  4  0  0  0  2  8.694142e-02  2.000000e-07
 67  63  0  0  0  2  3.597808e-01  2.000000e-07
 67  78  0  0  0  2  2.397649e-01  2.000000e-07
 67  70  0  0  0  2  3.077421e-01  2.000000e-07
 67  69  0  0  0  2  2.846761e-01  2.000000e-07
 67  2  0  0  0  2  3.394506e-01  2.000000e-07
 67  65  0  0  0  2  1.843776e-01  2.000000e-07
 67  81  0  0  0  2  1.864395e-01  2.000000e-07
 67  87  0  0  0  2  3.382234e-01  2.000000e-07
 67  58  0  0  0  2  2.234619e-01  2.000000e-07
 67  11  0  0  0  2  7.693576e-02  2.000000e-07
 67  66  0  0  0  2  2.752431e-01  2.000000e-07
 67  75  0  0  0  2  4.442364e-01  2.000000e-07
 67  4  0  0  0  2  1.394243e-01  2.000000e-07
 67  62  0  1  0  2  4.487977e-01  2.000000e-07
 63  78  0  0  0  2  4.894648e-01  2.000000e-07
 63  12  0  0  0  2  5.868239e-02  2.000000e-07
 63  80  0 -1  0  2  3.909758e-01  2.000000e-07
 63  69  0  0  0  2  7.884482e-02  2.000000e-07
 63  71  0  0  0  2  8.603652e-02  2.000000e-07
 63  56  0  0  0  2  3.174639e-01  2.000000e-07
 63  2  0  0  0  2  1.049758e-01  2.000000e-07
 63  58  0  0  0  2  4.220594e-01  2.000000e-07
 63  59  0 -1  0  2  5.091840e-01  2.000000e-07
 63  66  0  0  0  2  1.322922e-01  2.000000e-07
 63  82  0  0  0  2  3.147259e-01  2.000000e-07
 63  75  0  0  0  2  3.861218e-01  2.000000e-07
 63  62  0  0  0  2  2.059195e-01  2.000000e-07
 13  78  0  0  0  2  2.465157e-01  2.000000e-07
 13  8 -1  0  0  2  3.115928e-01  2.000000e-07
 13  54  0  0  0  2  5.047361e-02  2.000000e-07
 13  79  0  0  0  2  1.892768e-01  2.000000e-07
 13  55  0  0  0  2  2.845924e-01  2.000000e-07
 13  64  0  0  0  2  3.419854e-01  2.000000e-07
 13  58  0  0  0  2  2.137517e-01  2.000000e-07
 13  11 -1  0  0  2  4.965213e-01  2.000000e-07
 13  59 -1  0  0  2  4.295676e-01  2.000000e-07
 13  75  0  0  0  2  1.775438e-01  2.000000e-07
 13  7  0  0  0  2  3.055064e-01  2.000000e-07
 78  79  0  0  0  2  3.386212e-01  2.000000e-07
 78  80  0  0  0  2  1.831461e-01  2.000000e-07
 78  81  0  0  0  2  1.331861e-01  2.000000e-07
 78  58  0  0  0  2  7.505073e-02  2.000000e-07
 78  11  0  0  0  2  3.159600e-01  2.000000e-07
 78  66  0  0  0  2  4.599191e-01  2.000000e-07
 78  82  0  1  0  2  4.666576e-01  2.000000e-07
 78  75  0  0  0  2  3.497709e-01  2.000000e-07
 78  62  0  1  0  2  3.683304e-01  2.000000e-07
 8  79  1  0  0  2  2.240501e-01  2.000000e-07
 8  70  0  0  0  2  1.805575e-01  2.000000e-07
 8  65  0  0  0  2  1.261585e-01  2.000000e-07
 8  64  1  0  0  2  4.149121e-01  2.000000e-07
 8  11  0  0  0  2  1.850585e-01  2.000000e-07
 8  59  0  0  0  2  2.215409e-01  2.000000e-07
 8  66  0  0  0  2  3.219376e-01  2.000000e-07
 8  75  1  0  0  2  3.924831e-01  2.000000e-07
 54  86  0  0  0  2  3.247935e-01  2.000000e-07
 54  55  0  0  0  2  3.298267e-01  2.000000e-07
 54  73  0  0  0  2  2.838361e-01  2.000000e-07
 54  65 -1  0  0  2  3.625629e-01  2.000000e-07
 54  64  0  0  0  2  3.458808e-01  2.000000e-07
 54  5  0  0  0  2  1.103510e-01  2.000000e-07
 54  59 -1  0  0  2  3.819269e-01  2.000000e-07
 54  7  0  0  0  2  3.389267e-01  2.000000e-07
 54  4 -1  0  0  2  5.060625e-01  2.000000e-07
 12  80  0 -1  0  2  3.990788e-01  2.000000e-07
 12  55  0  0  0  2  1.698922e-01  2.000000e-07
 12  6  0  0  0  2  1.615523e-01  2.000000e-07
 12  57  0  0  0  2  1.618645e-01  2.000000e-07
 12  58  0  0  0  2  3.834495e-01  2.000000e-07
 12  11  0  0  0  2  3.613242e-01  2.000000e-07
 12  59  0 -1  0  2  5.539748e-01  2.000000e-07
 12  66  0  0  0  2  1.689831e-01  2.000000e-07
 12  82  0  0  0  2  2.695153e-01  2.000000e-07
 12  75  0  0  0  2  3.276761e-01  2.000000e-07
 12  60  0  0  0  2  4.358984e-02  2.000000e-07
 79  80  0  0  0  2  4.427492e-01  2.000000e-07
 79  73  0  0  0  2  1.479550e-01  2.000000e-07
 79  65 -1  0  0  2  2.756744e-01  2.000000e-07
 79  87  0  0  0  2  2.309414e-01  2.000000e-07
 79  58  0  0  0  2  3.458350e-01  2.000000e-07
 79  88  0  1  0  2  3.770451e-01  2.000000e-07
 79  5  0  0  0  2  1.811861e-01  2.000000e-07
 79  59 -1  0  0  2  2.527118e-01  2.000000e-07
 79  82  0  1  0  2  4.888085e-01  2.000000e-07
 79  75  0  0  0  2  3.532872e-01  2.000000e-07
 86  55  0  0  0  2  2.366914e-01  2.000000e-07
 86  69  0  0  0  2  3.751520e-01  2.000000e-07
 86  73  0 -1  0  2  4.227200e-01  2.000000e-07
 86  71  0  0  0  2  2.991869e-01  2.000000e-07
 86  64  0  0  0  2  8.822744e-02  2.000000e-07
 86  72 -1  0  0  2  3.342961e-01  2.000000e-07
 86  88  0  0  0  2  2.329060e-01  2.000000e-07
 86  5  0  0  0  2  3.849555e-01  2.000000e-07
 86  82  0  0  0  2  1.404575e-01  2.000000e-07
 86  7  0  0  0  2  1.242922e-01  2.000000e-07
 80  6  0  1  0  2  4.011898e-01  2.000000e-07
 80  57  0  1  0  2  2.511360e-01  2.000000e-07
 80  81  0  0  0  2  1.154194e-01  2.000000e-07
 80  58  0  0  0  2  2.543284e-01  2.000000e-07
 80  59  0  0  0  2  3.543587e-01  2.000000e-07
 80  82  0  1  0  2  3.466271e-01  2.000000e-07
 80  7  0  1  0  2  4.566541e-01  2.000000e-07
 80  61  0  1  0  2  2.674524e-01  2.000000e-07
 80  62  0  1  0  2  1.857114e-01  2.000000e-07
 55  6  0  0  0  2  1.360048e-01  2.000000e-07
 55  1  0  0  0  2  1.434074e-01  2.000000e-07
 55  58  0  0  0  2  2.440411e-01  2.000000e-07
 55  5  0  0  0  2  3.153693e-01  2.000000e-07
 55  11  0  0  0  2  3.546434e-01  2.000000e-07
 55  75  0  0  0  2  1.773015e-01  2.000000e-07
 55  60  0  0  0  2  1.341345e-01  2.000000e-07
 55  7  0  0  0  2  1.218258e-01  2.000000e-07
 55  4  0  0  0  2  2.619482e-01  2.000000e-07
 70  56  0  0  0  2  3.601181e-01  2.000000e-07
 70  2  0  0  0  2  2.218065e-01  2.000000e-07
 70  65  0  0  0  2  2.763275e-01  2.000000e-07
 70  72  0  0  0  2  1.726079e-01  2.000000e-07
 70  88  1  0  0  2  3.670957e-01  2.000000e-07
 70  66  0  0  0  2  1.924806e-01  2.000000e-07
 69  1  0  0  0  2  6.799938e-02  2.000000e-07
 69  71  0  0  0  2  1.138563e-01  2.000000e-07
 69  2  0  0  0  2  1.270167e-01  2.000000e-07
 69  65  0  0  0  2  4.158703e-01  2.000000e-07
 69  87  0  0  0  2  4.557948e-01  2.000000e-07
 69  5  0  0  0  2  4.664880e-01  2.000000e-07
 69  66  0  0  0  2  1.115633e-01  2.000000e-07
 69  3  0  0  0  2  2.303397e-01  2.000000e-07
 69  61  0  0  0  2  2.392976e-01  2.000000e-07
 69  4  0  0  0  2  1.657063e-01  2.000000e-07
 6  77  0 -1  0  2  4.673040e-01  2.000000e-07
 6  57  0  0  0  2  2.436374e-01  2.000000e-07
 6  64  0  0  0  2  2.516269e-01  2.000000e-07
 6  82  0  0  0  2  1.308065e-01  2.000000e-07
 6  75  0  0  0  2  2.013635e-01  2.000000e-07
 6  60  0  0  0  2  1.589437e-01  2.000000e-07
 6  7  0  0  0  2  6.291739e-02  2.000000e-07
 73  56 -1  1  0  2  3.084309e-01  2.000000e-07
 73  65 -1  0  0  2  3.389477e-01  2.000000e-07
 73  64  0  1  0  2  3.819794e-01  2.000000e-07
 73  87  0  0  0  2  2.797528e-01  2.000000e-07
 73  72 -1  1  0  2  4.274722e-01  2.000000e-07
 73  88  0  1  0  2  2.308544e-01  2.000000e-07
 73  59 -1  0  0  2  2.548038e-01  2.000000e-07
 73  3 -1  1  0  2  4.554309e-01  2.000000e-07
 73  61 -1  1  0  2  5.037517e-01  2.000000e-07
 1  71  0  0  0  2  5.370898e-02  2.000000e-07
 1  57  0  0  0  2  1.877165e-01  2.000000e-07
 1  3  0  0  0  2  2.561597e-01  2.000000e-07
 1  60  0  0  0  2  1.922666e-02  2.000000e-07
 1  61  0  0  0  2  2.278855e-01  2.000000e-07
 1  4  0  0  0  2  2.279807e-01  2.000000e-07
 71  2  0  0  0  2  1.906996e-01  2.000000e-07
 71  87  0  0  0  2  4.943989e-01  2.000000e-07
 71  82  0  0  0  2  2.308129e-01  2.000000e-07
 71  75  0  0  0  2  3.144903e-01  2.000000e-07
 71  61  0  0  0  2  1.952507e-01  2.000000e-07
 71  62  0  0  0  2  1.966239e-01  2.000000e-07
 56  2  0  0  0  2  2.655921e-01  2.000000e-07
 56  65  0 -1  0  2  3.746143e-01  2.000000e-07
 56  81  0 -1  0  2  4.191696e-01  2.000000e-07
 56  72  0  0  0  2  1.899627e-01  2.000000e-07
 56  88  1  0  0  2  2.201845e-01  2.000000e-07
 56  66  0  0  0  2  3.234403e-01  2.000000e-07
 56  3  0  0  0  2  1.503213e-01  2.000000e-07
 56  61  0  0  0  2  2.067936e-01  2.000000e-07
 56  62  0  0  0  2  2.901379e-01  2.000000e-07
 2  65  0  0  0  2  4.192325e-01  2.000000e-07
 2  72  0  0  0  2  1.852090e-01  2.000000e-07
 2  66  0  0  0  2  6.481689e-02  2.000000e-07
 2  3  0  0  0  2  1.165825e-01  2.000000e-07
 2  61  0  0  0  2  1.866983e-01  2.000000e-07
 2  4  0  0  0  2  2.001494e-01  2.000000e-07
 2  62  0  0  0  2  2.676574e-01  2.000000e-07
 57  64  1  0  0  2  5.698822e-01  2.000000e-07
 57  81  0 -1  0  2  3.472745e-01  2.000000e-07
 57  59  0 -1  0  2  4.069493e-01  2.000000e-07
 57  66  0  0  0  2  2.575641e-01  2.000000e-07
 57  3  0  0  0  2  1.860599e-01  2.000000e-07
 57  60  0  0  0  2  2.053923e-01  2.000000e-07
 57  61  0  0  0  2  6.903971e-02  2.000000e-07
 57  4  0  0  0  2  3.722678e-01  2.000000e-07
 65  81  0  0  0  2  2.830164e-01  2.000000e-07
 65  72  0  0  0  2  4.467859e-01  2.000000e-07
 65  59  0  0  0  2  1.306364e-01  2.000000e-07
 65  61  0  1  0  2  4.486220e-01  2.000000e-07
 65  4  0  0  0  2  2.504122e-01  2.000000e-07
 65  62  0  1  0  2  4.482812e-01  2.000000e-07
 64  72 -1  0  0  2  2.480847e-01  2.000000e-07
 64  88  0  0  0  2  1.658781e-01  2.000000e-07
 64  59 -1 -1  0  2  5.255047e-01  2.000000e-07
 64  66 -1  0  0  2  4.433640e-01  2.000000e-07
 64  82  0  0  0  2  1.898161e-01  2.000000e-07
 64  3 -1  0  0  2  3.847878e-01  2.000000e-07
 64  75  0  0  0  2  1.951523e-01  2.000000e-07
 64  60 -1  0  0  2  6.027524e-01  2.000000e-07
 64  7  0  0  0  2  2.124863e-01  2.000000e-07
 64  4 -1  0  0  2  5.138695e-01  2.000000e-07
 81  87  0  0  0  2  2.396947e-01  2.000000e-07
 81  59  0  0  0  2  3.073982e-01  2.000000e-07
 81  61  0  1  0  2  3.465622e-01  2.000000e-07
 81  62  0  1  0  2  2.837109e-01  2.000000e-07
 87  5  0  0  0  2  7.173774e-02  2.000000e-07
 87  75  0  0  0  2  2.958057e-01  2.000000e-07
 87  62  0  1  0  2  4.323033e-01  2.000000e-07
 72  88  1  0  0  2  2.300112e-01  2.000000e-07
 72  3  0  0  0  2  1.462098e-01  2.000000e-07
 72  4  0  0  0  2  3.163838e-01  2.000000e-07
 58  11  0  0  0  2  2.996814e-01  2.000000e-07
 58  66  0  0  0  2  4.050255e-01  2.000000e-07
 58  75  0  0  0  2  2.853023e-01  2.000000e-07
 58  4  0  0  0  2  2.983184e-01  2.000000e-07
 88  59 -1 -1  0  2  3.623502e-01  2.000000e-07
 88  66 -1  0  0  2  4.392796e-01  2.000000e-07
 88  82  0  0  0  2  2.439280e-01  2.000000e-07
 88  75  0  0  0  2  3.592614e-01  2.000000e-07
 11  59  0  0  0  2  2.535702e-01  2.000000e-07
 11  66  0  0  0  2  2.495918e-01  2.000000e-07
 11  60  0  0  0  2  3.311639e-01  2.000000e-07
 59  66  0  1  0  2  5.541102e-01  2.000000e-07
 59  82  1  1  0  2  5.738755e-01  2.000000e-07
 59  3  0  1  0  2  3.765072e-01  2.000000e-07
 59  61  0  1  0  2  3.537690e-01  2.000000e-07
 66  75  1  0  0  2  5.513056e-01  2.000000e-07
 66  60  0  0  0  2  1.679476e-01  2.000000e-07
 82  75  0  0  0  2  2.533450e-01  2.000000e-07
 82  7  0  0  0  2  1.483460e-01  2.000000e-07
 82  62  0  0  0  2  2.795943e-01  2.000000e-07
 3  61  0  0  0  2  1.316622e-01  2.000000e-07
 3  4  0  0  0  2  3.132765e-01  2.000000e-07
 3  62  0  0  0  2  2.313613e-01  2.000000e-07
 75  70 -1  0  0  2  3.689345e-01  2.000000e-07
 75  7  0  0  0  2  1.386525e-01  2.000000e-07
 60  7  0  0  0  2  1.957059e-01  2.000000e-07
 61  62  0  0  0  2  1.000006e-01  2.000000e-07
 51  67  0  0  0  1  1.381136e-01  3.000000e-07
 51  78  0  0  0  1  1.083133e-01  3.000000e-07
 51  55  0  0  0  1  2.638185e-01  3.000000e-07
 51  81  0  0  0  1  1.328182e-01  3.000000e-07
 51  58  0  0  0  1  8.758232e-02  3.000000e-07
 51  4  0  0  0  1  2.337693e-01  3.000000e-07
 10  9  0  0  0  1  1.927100e-01  3.000000e-07
 10  76  0  0  0  1  1.380371e-01  3.000000e-07
 10  80  0  0  0  1  2.315601e-01  3.000000e-07
 10  81  0  0  0  1  1.907882e-01  3.000000e-07
 10  59  0  0  0  1  1.231945e-01  3.000000e-07
 10  61  0  1  0  1  2.865488e-01  3.000000e-07
 10  62  0  1  0  1  2.826517e-01  3.000000e-07
 68  0  0  0  0  1  9.430718e-02  3.000000e-07
 68  8 -1  0  0  1  2.689370e-01  3.000000e-07
 68  54  0  0  0  1  1.448294e-01  3.000000e-07
 68  70 -1  0  0  1  2.552831e-01  3.000000e-07
 68  75  0  0  0  1  1.249372e-01  3.000000e-07
 52  55  0  0  0  1  1.458365e-01  3.000000e-07
 52  6  0  0  0  1  7.745874e-02  3.000000e-07
 52  1  0  0  0  1  8.329246e-02  3.000000e-07
 52  71  0  0  0  1  5.474712e-02  3.000000e-07
 52  82  0  0  0  1  1.839537e-01  3.000000e-07
 52  60  0  0  0  1  9.734355e-02  3.000000e-07
 9  67  0  0  0  1  7.166690e-02  3.000000e-07
 9  65  0  0  0  1  1.133650e-01  3.000000e-07
 9  81  0  0  0  1  2.169445e-01  3.000000e-07
 76  8  0  0  0  1  1.803969e-01  3.000000e-07
 76  79  1  0  0  1  2.383659e-01  3.000000e-07
 76  65  0  0  0  1  9.252676e-02  3.000000e-07
 15  77  0  0  0  1  2.027064e-01  3.000000e-07
 15  79  0  0  0  1  1.735494e-01  3.000000e-07
 15  88  0  1  0  1  2.204586e-01  3.000000e-07
 15  82  0  1  0  1  3.194599e-01  3.000000e-07
 77  16  0  1  0  1  3.272519e-01  3.000000e-07
 77  79  0  0  0  1  2.422263e-01  3.000000e-07
 77  80  0  0  0  1  2.008240e-01  3.000000e-07
 77  87  0  0  0  1  1.027905e-01  3.000000e-07
 77  5  0  0  0  1  1.540574e-01  3.000000e-07
 0  86  0  0  0  1  1.083448e-01  3.000000e-07
 0  70 -1  0  0  1  2.816201e-01  3.000000e-07
 0  64  0  0  0  1  1.144874e-01  3.000000e-07
 0  72 -1  0  0  1  2.951393e-01  3.000000e-07
 16  80  0 -1  0  1  1.975820e-01  3.000000e-07
 16  71  0  0  0  1  1.721951e-01  3.000000e-07
 16  57  0  0  0  1  9.674339e-02  3.000000e-07
 16  82  0  0  0  1  2.095926e-01  3.000000e-07
 16  62  0  0  0  1  7.036114e-02  3.000000e-07
 53  67  0  0  0  1  1.102800e-01  3.000000e-07
 53  8  0  0  0  1  1.812444e-01  3.000000e-07
 53  70  0  0  0  1  1.974755e-01  3.000000e-07
 53  11  0  0  0  1  5.079025e-02  3.000000e-07
 67  81  0  0  0  1  1.864395e-01  3.000000e-07
 67  11  0  0  0  1  7.693576e-02  3.000000e-07
 67  4  0  0  0  1  1.394243e-01  3.000000e-07
 63  12  0  0  0  1  5.868239e-02  3.000000e-07
 63  69  0  0  0  1  7.884482e-02  3.000000e-07
 63  71  0  0  0  1  8.603652e-02  3.000000e-07
 63  2  0  0  0  1  1.049758e-01  3.000000e-07
 63  3  0  0  0  1  1.743939e-01  3.000000e-07
 63  61  0  0  0  1  1.608815e-01  3.000000e-07
 13  54  0  0  0  1  5.047361e-02  3.000000e-07
 13  58  0  0  0  1  2.137517e-01  3.000000e-07
 13  5  0  0  0  1  8.569173e-02  3.000000e-07
 13  75  0  0  0  1  1.775438e-01  3.000000e-07
 78  80  0  0  0  1  1.831461e-01  3.000000e-07
 78  81  0  0  0  1  1.331861e-01  3.000000e-07
 78  87  0  0  0  1  1.098303e-01  3.000000e-07
 78  58  0  0  0  1  7.505073e-02  3.000000e-07
 8  79  1  0  0  1  2.240501e-01  3.000000e-07
 8  70  0  0  0  1  1.805575e-01  3.000000e-07
 8  65  0  0  0  1  1.261585e-01  3.000000e-07
 54  79  0  0  0  1  1.500576e-01  3.000000e-07
 54  5  0  0  0  1  1.103510e-01  3.000000e-07
 79  73  0  0  0  1  1.479550e-01  3.000000e-07
 79  5  0  0  0  1  1.811861e-01  3.000000e-07
 79  59 -1  0  0  1  2.527118e-01  3.000000e-07
 86  64  0  0  0  1  8.822744e-02  3.000000e-07
 86  82  0  0  0  1  1.404575e-01  3.000000e-07
 86  75  0  0  0  1  1.372443e-01  3.000000e-07
 86  7  0  0  0  1  1.242922e-01  3.000000e-07
 80  81  0  0  0  1  1.154194e-01  3.000000e-07
 80  62  0  1  0  1  1.857114e-01  3.000000e-07
 55  69  0  0  0  1  1.753252e-01  3.000000e-07
 55  6  0  0  0  1  1.360048e-01  3.000000e-07
 55  75  0  0  0  1  1.773015e-01  3.000000e-07
 55  60  0  0  0  1  1.341345e-01  3.000000e-07
 55  7  0  0  0  1  1.218258e-01  3.000000e-07
 55  4  0  0  0  1  2.619482e-01  3.000000e-07
 70  66  0  0  0  1  1.924806e-01  3.000000e-07
 70  4  0  0  0  1  2.153864e-01  3.000000e-07
 69  2  0  0  0  1  1.270167e-01  3.000000e-07
 69  66  0  0  0  1  1.115633e-01  3.000000e-07
 69  60  0  0  0  1  5.719152e-02  3.000000e-07
 69  4  0  0  0  1  1.657063e-01  3.000000e-07
 6  82  0  0  0  1  1.308065e-01  3.000000e-07
 6  7  0  0  0  1  6.291739e-02  3.000000e-07
 73  56 -1  1  0  1  3.084309e-01  3.000000e-07
 73  88  0  1  0  1  2.308544e-01  3.000000e-07
 73  59 -1  0  0  1  2.548038e-01  3.000000e-07
 1  71  0  0  0  1  5.370898e-02  3.000000e-07
 71  57  0  0  0  1  1.446066e-01  3.000000e-07
 56  72  0  0  0  1  1.899627e-01  3.000000e-07
 56  88  1  0  0  1  2.201845e-01  3.000000e-07
 56  59  0 -1  0  1  2.470719e-01  3.000000e-07
 56  3  0  0  0  1  1.503213e-01  3.000000e-07
 56  61  0  0  0  1  2.067936e-01  3.000000e-07
 2  72  0  0  0  1  1.852090e-01  3.000000e-07
 2  66  0  0  0  1  6.481689e-02  3.000000e-07
 2  3  0  0  0  1  1.165825e-01  3.000000e-07
 57  61  0  0  0  1  6.903971e-02  3.000000e-07
 57  62  0  0  0  1  6.542463e-02  3.000000e-07
 65  11  0  0  0  1  1.322890e-01  3.000000e-07
 64  72 -1  0  0  1  2.480847e-01  3.000000e-07
 64  88  0  0  0  1  1.658781e-01  3.000000e-07
 64  82  0  0  0  1  1.898161e-01  3.000000e-07
 87  58  0  0  0  1  1.216313e-01  3.000000e-07
 87  5  0  0  0  1  7.173774e-02  3.000000e-07
 72  88  1  0  0  1  2.300112e-01  3.000000e-07
 72  66  0  0  0  1  2.110096e-01  3.000000e-07
 58  5  0  0  0  1  1.670139e-01  3.000000e-07
 58  75  0  0  0  1  2.853023e-01  3.000000e-07
 88  82  0  0  0  1  2.439280e-01  3.000000e-07
 66  4  0  0  0  1  1.358203e-01  3.000000e-07
 82  7  0  0  0  1  1.483460e-01  3.000000e-07
 3  61  0  0  0  1  1.316622e-01  3.000000e-07
 75  7  0  0  0  1  1.386525e-01  3.000000e-07
 61  62  0  0  0  1  1.000006e-01  3.000000e-07
-3.371186e-01 -1.002862e-01  0
 3.889195e-02 -1.662047e-01  0
 2.114987e-01 -1.844303e-01  0
 2.639468e-01 -2.885489e-01  0
 1.796131e-01  1.316295e-02  0
-2.378761e-01  1.949000e-01  0
-1.074439e-01 -2.013612e-01  0
-1.533898e-01 -1.583778e-01  0
 4.092255e-01  1.313170e-01  0
 2.185746e-01  1.698933e-01  0
 2.333115e-01  3.620391e-01  0
 2.241777e-01  1.293198e-01  0
 5.365254e-02 -1.892337e-01  0
-2.793896e-01  1.199354e-01  0
-3.517663e-01  3.920706e-01  1.981614e-01
-3.591570e-01  4.264238e-01  0
-2.760589e-04 -3.882425e-01  0
-4.016550e-01 -2.571911e-01 -1.945780e-01
 1.584136e-01 -8.119917e-02  3.511917e-01
 2.312452e-01  2.117459e-02 -4.210633e-01
-2.104401e-01  1.745257e-01  2.156428e-01
-5.941214e-03  1.148621e-01  3.508988e-01
-8.536710e-02 -3.238910e-01  3.977936e-01
 7.815487e-03  4.147055e-01  3.209710e-01
-2.418509e-01  4.237641e-01 -3.986531e-01
 1.129091e-01 -2.373819e-01  3.964269e-01
 3.234941e-01 -6.515539e-02  4.311041e-01
-4.382485e-01  3.663992e-02 -1.586380e-01
 1.458696e-02  2.807547e-01 -1.322230e-01
-4.263097e-01  3.130349e-01 -3.396185e-01
 1.120403e-01  3.564796e-01 -2.162737e-01
-4.083686e-01 -4.380377e-01 -2.437470e-01
 4.271573e-03  2.970313e-01 -1.236116e-01
-4.221770e-01  2.406814e-01 -3.530671e-01
 4.499556e-01  3.260569e-01  3.496543e-01
 1.257470e-02  3.201119e-01 -3.198311e-01
 2.136251e-02 -5.520328e-02 -2.249961e-01
-2.546798e-03 -1.363933e-01 -2.820401e-01
-1.828524e-01 -2.722505e-01  4.109206e-01
 3.103879e-01 -1.221895e-01  4.453494e-01
-1.490568e-01 -1.519213e-01 -4.040952e-01
-4.474048e-01  3.264967e-01 -2.385402e-01
 3.553599e-01 -1.608401e-01  1.661447e-01
 1.563950e-01 -2.180158e-02 -1.521765e-01
 3.318451e-01  1.166223e-01 -3.533333e-01
 3.214366e-01 -1.083189e-01 -1.324251e-01
 1.641397e-02 -1.062645e-01  1.037765e-01
-5.689715e-02 -2.498976e-01  3.065152e-01
 3.591981e-01  3.380578e-01  2.513277e-01
 4.472856e-01 -3.091560e-01  2.558749e-01
 6.932257e-02 -4.459108e-01  1.608554e-01
 1.504569e-02  1.791919e-01  0
-3.071268e-02 -2.119522e-01  0
 2.354574e-01  7.979794e-02  0
-3.284380e-01  1.318454e-01  0
-6.842074e-02 -7.107500e-02  0
 3.568939e-01 -4.066901e-01  0
 8.748083e-02 -3.475238e-01  0
-7.231284e-02  1.729351e-01  0
 3.554889e-01  3.462420e-01  0
 4.199834e-02 -1.472306e-01  0
 1.549107e-01 -3.623461e-01  0
 6.677043e-02 -4.095840e-01  0
 1.092235e-01 -2.080881e-01  0
-3.588153e-01 -2.126989e-01  0
 3.200092e-01  2.205158e-01  0
 2.076784e-01 -1.197261e-01  0
 1.499047e-01  1.493853e-01  0
-3.614494e-01 -9.171687e-03  0
 9.661342e-02 -1.302582e-01  0
 3.862018e-01 -4.776656e-02  0
 2.372883e-02 -2.177288e-01  0
 3.932144e-01 -2.202320e-01  0
-3.971179e-01  4.072469e-01  0
 3.186839e-01 -3.735183e-01 -1.498536e-01
-2.449203e-01 -5.423023e-02  0
 3.587943e-01  3.045213e-01  0
-1.774356e-01  3.366061e-01  0
-6.868729e-02  2.478982e-01  0
-4.071053e-01  2.596294e-01  0
 7.734606e-03  4.143380e-01  0
 5.058425e-02  3.071673e-01  0
-1.912211e-01 -3.018188e-01  0
-1.669869e-01 -8.961337e-03 -1.308161e-01
-6.894508e-02 -2.700242e-01 -1.618346e-01
 3.748439e-01  3.174894e-01  1.717158e-01
-2.740127e-01 -1.883557e-01  0
-1.776111e-01  2.338157e-01  0
-4.271280e-01 -3.638576e-01  0
-4.371779e-01 -3.012196e-01  2.406450e-01