 715  90  1.200000e-05  55 -2 -2
 5  69  0  0  0  3  3.784593e-01  1.000000e-07
 5  77 -1  1  0  3  5.593574e-01  1.000000e-07
 5  7  0  0  0  3  2.252759e-01  1.000000e-07
 5  78 -1  0  0  3  5.239261e-01  1.000000e-07
 5  54  0  0  0  3  1.478714e-01  1.000000e-07
 5  8  0  1  0  3  4.371375e-01  1.000000e-07
 5  80 -1  1  1  3  5.755043e-01  1.000000e-07
 5  6  0  1  1  3  3.896017e-01  1.000000e-07
 5  73  0  0  1  3  3.090247e-01  1.000000e-07
 32  33  0  0  0  3  4.305897e-01  1.000000e-07
 32  84  0  0  0  3  2.054702e-01  1.000000e-07
 32  61  0  1  0  3  4.874927e-01  1.000000e-07
 68  13  0  0  0  3  5.383954e-01  1.000000e-07
 68  1  0  0  0  3  2.860326e-01  1.000000e-07
 68  7  0 -1  0  3  4.268277e-01  1.000000e-07
 68  54  0  0  0  3  4.982363e-01  1.000000e-07
 68  2  0  0  0  3  3.082386e-01  1.000000e-07
 68  79  0  0  0  3  1.169465e-01  1.000000e-07
 68  6  0  0  1  3  3.696388e-01  1.000000e-07
 68  82  0  0  1  3  2.437747e-01  1.000000e-07
 33  77  0  0  0  3  3.429399e-01  1.000000e-07
 33  78  0  0  0  3  3.670952e-01  1.000000e-07
 33  54  1  0  0  3  5.092291e-01  1.000000e-07
 33  79  0  0  0  3  3.432062e-01  1.000000e-07
 33  80  0  0  1  3  2.974459e-01  1.000000e-07
 33  82  1  0  1  3  6.381744e-01  1.000000e-07
 33  83  0  0  1  3  4.174422e-01  1.000000e-07
 84  0  0  0  0  3  3.567442e-01  1.000000e-07
 84  77  0  1  0  3  3.775140e-01  1.000000e-07
 84  24  0  0  0  3  3.300874e-01  1.000000e-07
 69  78  0  0  0  3  2.826130e-01  1.000000e-07
 69  2  0  0  0  3  1.526578e-01  1.000000e-07
 69  24  0  0  0  3  4.023078e-01  1.000000e-07
 69  71  0  0  1  3  4.566136e-01  1.000000e-07
 69  21  0  0  1  3  3.970265e-01  1.000000e-07
 69  73  0  0  1  3  4.734141e-01  1.000000e-07
 69  82  0  0  1  3  2.851966e-01  1.000000e-07
 13  54  0  0  0  3  2.505339e-01  1.000000e-07
 13  60  0  1  0  3  3.802009e-01  1.000000e-07
 1  61  0  0  0  3  2.765604e-01  1.000000e-07
 1  2  0  0  0  3  3.614534e-01  1.000000e-07
 1  60  1  0  0  3  5.288555e-01  1.000000e-07
 1  79  0  0  0  3  2.359706e-01  1.000000e-07
 1  9  0  0  1  3  3.752614e-01  1.000000e-07
 1  72  0  0  1  3  4.310036e-01  1.000000e-07
 1  81  0  0  1  3  4.055512e-01  1.000000e-07
 61  77  0  0  0  3  2.249713e-01  1.000000e-07
 61  60  1  0  0  3  4.120549e-01  1.000000e-07
 61  79  0  0  0  3  2.521971e-01  1.000000e-07
 0  78  0  0  0  3  3.506919e-01  1.000000e-07
 0  2  0  0  0  3  3.251255e-01  1.000000e-07
 0  79  0  0  0  3  2.743105e-01  1.000000e-07
 0  8  0  0  0  3  3.941967e-01  1.000000e-07
 77  7  0 -1  0  3  3.186696e-01  1.000000e-07
 77  80  0  0  1  3  3.839237e-01  1.000000e-07
 77  6  0  0  1  3  3.475127e-01  1.000000e-07
 77  18  0 -1  1  3  5.182147e-01  1.000000e-07
 7  78  0  0  0  3  3.740488e-01  1.000000e-07
 7  79  0  1  0  3  3.862344e-01  1.000000e-07
 7  8  0  1  0  3  4.299614e-01  1.000000e-07
 7  6  0  1  1  3  2.378682e-01  1.000000e-07
 7  3  0  1  1  3  2.959034e-01  1.000000e-07
 7  72  0  0  1  3  4.502540e-01  1.000000e-07
 78  2  0  0  0  3  1.989574e-01  1.000000e-07
 78  24  0  0  0  3  3.630728e-01  1.000000e-07
 78  18  0  0  1  3  4.628028e-01  1.000000e-07
 78  72  0  0  1  3  3.382296e-01  1.000000e-07
 54  24  0  0  0  3  4.000332e-01  1.000000e-07
 54  80 -1  0  1  3  5.797645e-01  1.000000e-07
 54  18 -1  0  1  3  4.260076e-01  1.000000e-07
 54  73  0  0  1  3  4.065034e-01  1.000000e-07
 54  82  0  0  1  3  4.885164e-01  1.000000e-07
 2  79  0  0  0  3  3.686515e-01  1.000000e-07
 2  80  0  0  1  3  3.950547e-01  1.000000e-07
 2  82  0  0  1  3  3.084553e-01  1.000000e-07
 2  83  0  0  1  3  4.296005e-01  1.000000e-07
 60  77 -1  0  0  3  4.941241e-01  1.000000e-07
 60  82  0  0  1  3  5.393161e-01  1.000000e-07
 24  79  0  1  0  3  3.497177e-01  1.000000e-07
 79  6  0  0  1  3  3.774089e-01  1.000000e-07
 8  80 -1  0  1  3  5.977465e-01  1.000000e-07
 8  6  0  0  1  3  4.680600e-01  1.000000e-07
 8  82  0  0  1  3  4.016108e-01  1.000000e-07
 9  6  0  0  0  3  3.226743e-01  1.000000e-07
 9  3  0  0  0  3  2.676688e-01  1.000000e-07
 9  4  0  0  0  3  2.633058e-01  1.000000e-07
 9  81  0  0  0  3  2.751677e-01  1.000000e-07
 19  22  1  0  0  3  3.041975e-01  1.000000e-07
 19  70  0  0  0  3  2.761547e-01  1.000000e-07
 19  23  1  0  0  3  2.297080e-01  1.000000e-07
 19  65  0  0  0  3  3.380087e-01  1.000000e-07
 19  72  0  0  0  3  3.641258e-01  1.000000e-07
 80  21  1  0  0  3  4.867698e-01  1.000000e-07
 80  82  1  0  0  3  5.561646e-01  1.000000e-07
 80  83  0  0  0  3  1.744417e-01  1.000000e-07
 6  70  0 -1  0  3  4.042970e-01  1.000000e-07
 6  81  0  0  0  3  1.916808e-01  1.000000e-07
 22  23  0  0  0  3  3.193680e-01  1.000000e-07
 22  20  0  0  0  3  2.035406e-01  1.000000e-07
 22  21  0  0  0  3  1.806386e-01  1.000000e-07
 22  73  0 -1  0  3  5.595041e-01  1.000000e-07
 22  81  0  0  0  3  4.546711e-01  1.000000e-07
 22  83 -1  0  0  3  2.654161e-01  1.000000e-07
 3  70  0 -1  0  3  3.367533e-01  1.000000e-07
 3  4  0  0  0  3  5.916743e-02  1.000000e-07
 3  71  0 -1  0  3  3.123909e-01  1.000000e-07
 3  73  0 -1  0  3  2.232608e-01  1.000000e-07
 3  81  0  0  0  3  1.381921e-01  1.000000e-07
 70  25  0  0  0  3  3.271698e-01  1.000000e-07
 70  18  0  0  0  3  2.413983e-01  1.000000e-07
 70  71  0  0  0  3  1.505269e-01  1.000000e-07
 70  72  0  0  0  3  3.036381e-01  1.000000e-07
 4  71  0 -1  0  3  3.282641e-01  1.000000e-07
 4  73  0 -1  0  3  2.493544e-01  1.000000e-07
 4  81  0  0  0  3  9.063635e-02  1.000000e-07
 25  29  0  0  0  3  1.932043e-01  1.000000e-07
 25  71  0  0  0  3  2.496653e-01  1.000000e-07
 25  65  0  0  0  3  3.223246e-01  1.000000e-07
 25  81  0  0  0  3  4.223645e-01  1.000000e-07
 23  29  0  0  0  3  4.094102e-01  1.000000e-07
 23  18 -1  0  0  3  2.471759e-01  1.000000e-07
 23  71  0  0  0  3  4.162915e-01  1.000000e-07
 23  21  0  0  0  3  2.877361e-01  1.000000e-07
 23  73  0  0  0  3  2.358817e-01  1.000000e-07
 20  29  0  0  0  3  1.543081e-01  1.000000e-07
 20  21  0  0  0  3  1.867923e-01  1.000000e-07
 20  73  0 -1  0  3  5.189497e-01  1.000000e-07
 20  81  0  0  0  3  3.112780e-01  1.000000e-07
 29  71  0  0  0  3  3.407266e-01  1.000000e-07
 29  65  0  0  0  3  4.169760e-01  1.000000e-07
 29  72  0  0  0  3  2.994673e-01  1.000000e-07
 29  81  0  0  0  3  3.077490e-01  1.000000e-07
 18  83  0  0  0  3  4.067491e-01  1.000000e-07
 65  72  0  0  0  3  3.270012e-01  1.000000e-07
 65  73  1 -1  0  3  6.259053e-01  1.000000e-07
 65  81  0  0  0  3  4.114028e-01  1.000000e-07
 65  83  0  0  0  3  1.132074e-01  1.000000e-07
 72  21  0  0  0  3  3.892955e-01  1.000000e-07
 72  83  0  0  0  3  3.086881e-01  1.000000e-07
 21  73  0  0  0  3  4.285837e-01  1.000000e-07
 21  82  0  0  0  3  2.722827e-01  1.000000e-07
 21  83 -1  0  0  3  3.787567e-01  1.000000e-07
 82  1  0  0 -1  3  3.386560e-01  1.000000e-07
 82  83 -1  0  0  3  5.301246e-01  1.000000e-07
 24  28  0  0  0  3  2.798706e-01  1.000000e-07
 47  25  0  0  0  3  1.839777e-01  1.000000e-07
 32  44  0  0  0  3  2.834889e-01  1.000000e-07
 62  25  0  0  0  3  1.884689e-01  1.000000e-07
 61  12  0  0  0  3  1.767928e-01  1.000000e-07
 67  65  0  0  0  3  2.614405e-01  1.000000e-07
 60  31  0  0  0  3  2.012038e-01  1.000000e-07
 46  18 -1 -1  0  3  3.629163e-01  1.000000e-07
 8  53  0  0  0  3  2.107822e-01  1.000000e-07
 59  4  0  0  0  3  2.778836e-01  1.000000e-07
 13  66  0  0  0  3  2.665767e-01  1.000000e-07
 27  25  0  0  0  3  2.534004e-01  1.000000e-07
 32  35  0  0  0  3  2.105279e-01  1.000000e-07
 76  9  0  1  0  3  3.366112e-01  1.000000e-07
 61  49  0  0  0  3  1.784031e-01  1.000000e-07
 67  81  0  0  0  3  2.664107e-01  1.000000e-07
 61  49  0  0  0  3  1.818326e-01  1.000000e-07
 67  4  0  0  0  3  2.966864e-01  1.000000e-07
 69  63  0  0  0  3  4.412003e-01  1.000000e-07
 88  20  0  0  0  3  1.169879e-01  1.000000e-07
 0  55  0  0  0  3  1.627642e-01  1.000000e-07
 49  81  0  0  0  3  2.998526e-01  1.000000e-07
 84  86  0  0  0  3  1.203174e-01  1.000000e-07
 85  70  0  0  0  3  2.323031e-01  1.000000e-07
 84  86  0  0  0  3  1.299120e-01  1.000000e-07
 85  18  0  0  0  3  3.216945e-01  1.000000e-07
 60  56  0  0  0  3  2.196257e-01  1.000000e-07
 31  81  0  0  0  3  3.072670e-01  1.000000e-07
 13  64  0  0  0  3  1.331756e-01  1.000000e-07
 39  19 -1  0  0  3  2.549744e-01  1.000000e-07
 13  42  0  0  0  3  1.751648e-01  1.000000e-07
 66  71  0  0  0  3  3.337372e-01  1.000000e-07
 13  14  0  0  0  3  1.908570e-01  1.000000e-07
 66  29  0  0  0  3  2.723439e-01  1.000000e-07
 13  64  0  0  0  3  1.061316e-01  1.000000e-07
 43  23  0  0  0  3  1.902029e-01  1.000000e-07
 60  45  0  0  0  3  2.629572e-01  1.000000e-07
 88  20  0  0  0  3  1.738428e-01  1.000000e-07
 32  37  0  0  0  3  1.537280e-01  1.000000e-07
 86  18  0  0  0  3  2.947244e-01  1.000000e-07
 0  62  0  0  0  3  1.374366e-01  1.000000e-07
 55  25  0  0  0  3  1.131956e-01  1.000000e-07
 32  37  0  0  0  3  1.757804e-01  1.000000e-07
 38  23  1  0  0  3  2.203237e-01  1.000000e-07
 84  85  0  0  0  3  1.387948e-01  1.000000e-07
 37  19  0  0  0  3  2.400463e-01  1.000000e-07
 60  31  0  0  0  3  2.098005e-01  1.000000e-07
 56  4  0  0  0  3  3.207126e-01  1.000000e-07
 0  62  0  0  0  3  1.941132e-01  1.000000e-07
 40  19  0  0  0  3  3.220097e-01  1.000000e-07
 8  58  0  0  0  3  2.354912e-01  1.000000e-07
 45  22  0  0  0  3  2.083810e-01  1.000000e-07
 13  43  0  0  0  3  1.195472e-01  1.000000e-07
 64  73  0  0  0  3  3.439258e-01  1.000000e-07
 8  63  0  0  0  3  2.153684e-01  1.000000e-07
 88  20  0  0  0  3  1.227929e-01  1.000000e-07
 32  38  0  0  0  3  2.218125e-01  1.000000e-07
 11  65  0  0  0  3  3.266409e-01  1.000000e-07
 24  87  0  0  0  3  1.920531e-01  1.000000e-07
 75  9  0  1  0  3  3.036296e-01  1.000000e-07
 32  37  0  0  0  3  1.537349e-01  1.000000e-07
 85  19  0  0  0  3  2.058557e-01  1.000000e-07
 61  67  0  0  0  3  1.579135e-01  1.000000e-07
 57  9  0  0  0  3  2.535490e-01  1.000000e-07
 24  87  0  0  0  3  1.859871e-01  1.000000e-07
 89  70  0  0  0  3  2.749046e-01  1.000000e-07
 33  48  0  0  0  3  3.498319e-01  1.000000e-07
 41  22  1  0  0  3  1.996261e-01  1.000000e-07
 84  34  0  0  0  3  1.348485e-01  1.000000e-07
 89  71  0  0  0  3  2.320887e-01  1.000000e-07
 0  55  0  0  0  3  1.473827e-01  1.000000e-07
 47  29  0  0  0  3  1.822208e-01  1.000000e-07
 84  35  0  0  0  3  1.486012e-01  1.000000e-07
 76  9  0  1  0  3  3.068829e-01  1.000000e-07
 24  75  0  0  0  3  1.668583e-01  1.000000e-07
 74  4  0  1  0  3  2.680735e-01  1.000000e-07
 68  63  0  0  0  3  3.347567e-01  1.000000e-07
 88  20  0  0  0  3  1.127963e-01  1.000000e-07
 37  52  0  0  0  2  2.639309e-01  2.000000e-07
 37  85  0  0  0  2  3.074811e-02  2.000000e-07
 37  48  0  0  0  2  3.628057e-01  2.000000e-07
 37  89  0  0  0  2  2.634752e-01  2.000000e-07
 37  38  0  0  0  2  1.548166e-01  2.000000e-07
 37  43  1  0  0  2  3.852548e-01  2.000000e-07
 37  76  0  0  0  2  1.718629e-01  2.000000e-07
 37  35  0  0  0  2  1.464177e-01  2.000000e-07
 37  28  0  0  0  2  3.562173e-01  2.000000e-07
 37  50  0  1  0  2  3.360825e-01  2.000000e-07
 37  17  1  0  0  2  3.608621e-01  2.000000e-07
 37  62  0  0  0  2  2.255298e-01  2.000000e-07
 37  64  1  0  0  2  3.450815e-01  2.000000e-07
 37  11  0  0  0  2  2.391282e-01  2.000000e-07
 47  56  0  0  0  2  5.238603e-01  2.000000e-07
 47  34  0  0  0  2  1.881049e-01  2.000000e-07
 47  52  0  0  0  2  3.747231e-01  2.000000e-07
 47  55  0  0  0  2  2.359482e-01  2.000000e-07
 47  16  0  0  0  2  3.438583e-01  2.000000e-07
 47  63  0  0  0  2  2.970664e-01  2.000000e-07
 47  89  0  0  0  2  1.537334e-01  2.000000e-07
 47  39  0  0  0  2  3.859593e-01  2.000000e-07
 47  40  0  0  0  2  3.139865e-01  2.000000e-07
 47  86  0  0  0  2  3.314659e-01  2.000000e-07
 47  42  0  0  0  2  2.529738e-01  2.000000e-07
 47  43  0  0  0  2  3.598802e-01  2.000000e-07
 47  87  0  0  0  2  2.996841e-01  2.000000e-07
 47  36  0  0  0  2  4.034018e-01  2.000000e-07
 47  64  0  0  0  2  3.566887e-01  2.000000e-07
 47  59  0  0  0  2  4.804048e-01  2.000000e-07
 27  74  0  0  0  2  2.605323e-01  2.000000e-07
 27  55  0  0  0  2  2.678510e-01  2.000000e-07
 27  63  0  0  0  2  2.656571e-01  2.000000e-07
 27  89  0  0  0  2  1.794934e-01  2.000000e-07
 27  43  0  0  0  2  2.979296e-01  2.000000e-07
 27  28  0  0  0  2  6.424764e-02  2.000000e-07
 27  26  0  0  0  2  2.986961e-02  2.000000e-07
 27  66  0  0  0  2  7.097838e-02  2.000000e-07
 56  74  0 -1  0  2  3.044436e-01  2.000000e-07
 56  34  0 -1  0  2  5.612864e-01  2.000000e-07
 56  55  0  0  0  2  3.592921e-01  2.000000e-07
 56  16  0  0  0  2  4.226116e-01  2.000000e-07
 56  53  0  0  0  2  1.096756e-01  2.000000e-07
 56  57  0  0  0  2  5.242265e-01  2.000000e-07
 56  31  0  0  0  2  9.284237e-02  2.000000e-07
 56  63  0  0  0  2  2.655119e-01  2.000000e-07
 56  89  0 -1  0  2  4.854249e-01  2.000000e-07
 56  41 -1  0  0  2  4.362306e-01  2.000000e-07
 56  43  0 -1  0  2  3.496003e-01  2.000000e-07
 56  87  0 -1  0  2  3.393930e-01  2.000000e-07
 56  46  0  0  0  2  1.188618e-01  2.000000e-07
 56  36  0 -1  0  2  2.269540e-01  2.000000e-07
 56  51 -1  0  0  2  3.081551e-01  2.000000e-07
 56  88  0  0  0  2  9.479928e-02  2.000000e-07
 56  67  0  0  0  2  4.628370e-01  2.000000e-07
 56  59  0  0  0  2  1.606910e-01  2.000000e-07
 15  52 -1  0  0  2  3.088537e-01  2.000000e-07
 15  16  0  0  0  2  4.871619e-02  2.000000e-07
 15  63  0  0  0  2  2.315104e-01  2.000000e-07
 15  38 -1  0  0  2  2.235727e-01  2.000000e-07
 15  39  0  0  0  2  5.760219e-02  2.000000e-07
 15  40 -1  0  0  2  3.753596e-01  2.000000e-07
 15  41 -1  0  0  2  3.408870e-01  2.000000e-07
 15  58  0  0  0  2  2.912497e-01  2.000000e-07
 15  17  0  0  0  2  5.796688e-02  2.000000e-07
 15  51 -1  0  0  2  3.803777e-01  2.000000e-07
 74  75  0  0  0  2  2.523364e-02  2.000000e-07
 74  53  0  1  0  2  2.582183e-01  2.000000e-07
 74  57  0  1  0  2  3.796353e-01  2.000000e-07
 74  31  0  1  0  2  3.188520e-01  2.000000e-07
 74  89  0  0  0  2  1.825654e-01  2.000000e-07
 74  42  0  0  0  2  2.251068e-01  2.000000e-07
 74  43  0  0  0  2  2.595874e-01  2.000000e-07
 74  76  0  0  0  2  3.574103e-01  2.000000e-07
 74  28  0  0  0  2  2.054835e-01  2.000000e-07
 74  66  0  0  0  2  2.507728e-01  2.000000e-07
 34  52  0  0  0  2  3.412911e-01  2.000000e-07
 34  55  0  0  0  2  3.639848e-01  2.000000e-07
 34  57  0  1  0  2  3.416511e-01  2.000000e-07
 34  85  0  0  0  2  1.442965e-01  2.000000e-07
 34  89  0  0  0  2  9.102069e-02  2.000000e-07
 34  40  0  0  0  2  3.099688e-01  2.000000e-07
 34  86  0  0  0  2  1.518546e-01  2.000000e-07
 34  35  0  0  0  2  1.908499e-01  2.000000e-07
 34  87  0  0  0  2  2.250720e-01  2.000000e-07
 34  36  0  0  0  2  4.552929e-01  2.000000e-07
 34  59  0  1  0  2  4.643372e-01  2.000000e-07
 52  55  0  0  0  2  2.982435e-01  2.000000e-07
 52  85  0  0  0  2  2.802029e-01  2.000000e-07
 52  48  0  0  0  2  1.034551e-01  2.000000e-07
 52  12  0  0  0  2  2.020584e-01  2.000000e-07
 52  63  1  0  0  2  4.551225e-01  2.000000e-07
 52  38  0  0  0  2  1.392401e-01  2.000000e-07
 52  39  1  0  0  2  3.354661e-01  2.000000e-07
 52  40  0  0  0  2  7.109487e-02  2.000000e-07
 52  41  0  0  0  2  1.241106e-01  2.000000e-07
 52  86  0  0  0  2  3.207697e-01  2.000000e-07
 52  43  1  0  0  2  5.113182e-01  2.000000e-07
 52  17  1  0  0  2  3.663853e-01  2.000000e-07
 52  62  0  0  0  2  1.405560e-01  2.000000e-07
 52  51  0  0  0  2  2.668481e-01  2.000000e-07
 75  53  0  1  0  2  2.364427e-01  2.000000e-07
 75  57  0  1  0  2  3.639739e-01  2.000000e-07
 75  49  0  1  0  2  2.729510e-01  2.000000e-07
 75  42  0  0  0  2  2.473017e-01  2.000000e-07
 75  43  0  0  0  2  2.750024e-01  2.000000e-07
 75  44  0  0  0  2  3.551267e-01  2.000000e-07
 75  76  0  0  0  2  3.522954e-01  2.000000e-07
 75  30  0  1  0  2  1.496077e-01  2.000000e-07
 75  87  0  0  0  2  7.550867e-02  2.000000e-07
 75  28  0  0  0  2  2.288325e-01  2.000000e-07
 75  67  0  1  0  2  4.087524e-01  2.000000e-07
 55  53  0  0  0  2  2.889380e-01  2.000000e-07
 55  57  0  0  0  2  4.190443e-01  2.000000e-07
 55  85  0  0  0  2  4.211883e-01  2.000000e-07
 55  12  0  0  0  2  2.487819e-01  2.000000e-07
 55  63  0  0  0  2  2.550119e-01  2.000000e-07
 55  89  0  0  0  2  3.739165e-01  2.000000e-07
 55  40  0  0  0  2  2.287475e-01  2.000000e-07
 55  41  0  0  0  2  3.390446e-01  2.000000e-07
 55  26  0  0  0  2  2.636010e-01  2.000000e-07
 55  62  0  0  0  2  2.113790e-01  2.000000e-07
 55  88  0  0  0  2  2.961917e-01  2.000000e-07
 55  67  0  0  0  2  2.581249e-01  2.000000e-07
 55  59  0  0  0  2  2.658603e-01  2.000000e-07
 16  63  0  0  0  2  1.894945e-01  2.000000e-07
 16  39  0  0  0  2  8.504243e-02  2.000000e-07
 16  40  0  0  0  2  6.093445e-01  2.000000e-07
 16  41 -1  0  0  2  3.676038e-01  2.000000e-07
 16  42  0  0  0  2  2.137664e-01  2.000000e-07
 16  44  0  0  0  2  4.769769e-01  2.000000e-07
 16  58  0  0  0  2  2.768112e-01  2.000000e-07
 16  45  0  0  0  2  3.252576e-01  2.000000e-07
 16  14  0  0  0  2  1.197043e-01  2.000000e-07
 16  17  0  0  0  2  4.293029e-02  2.000000e-07
 16  51 -1  0  0  2  3.894454e-01  2.000000e-07
 16  64  0  0  0  2  1.834188e-01  2.000000e-07
 16  66  0  0  0  2  2.266094e-01  2.000000e-07
 16  59  0  0  0  2  4.929700e-01  2.000000e-07
 53  57  0  0  0  2  4.165248e-01  2.000000e-07
 53  31  0  0  0  2  1.935476e-01  2.000000e-07
 53  12  0  0  0  2  3.898250e-01  2.000000e-07
 53  63  0  0  0  2  2.839900e-01  2.000000e-07
 53  49  0  0  0  2  2.018959e-01  2.000000e-07
 53  43  0 -1  0  2  3.865453e-01  2.000000e-07
 53  30  0  0  0  2  1.180636e-01  2.000000e-07
 53  58  0  0  0  2  2.677659e-01  2.000000e-07
 53  45  0  0  0  2  1.615013e-01  2.000000e-07
 53  26  0  0  0  2  5.008256e-01  2.000000e-07
 53  62  0  0  0  2  4.930490e-01  2.000000e-07
 53  88  0  0  0  2  1.390322e-01  2.000000e-07
 53  67  0  0  0  2  3.550455e-01  2.000000e-07
 57  85  0 -1  0  2  3.243262e-01  2.000000e-07
 57  31  1  0  0  2  4.108038e-01  2.000000e-07
 57  12  0  0  0  2  2.145421e-01  2.000000e-07
 57  89  0 -1  0  2  3.637240e-01  2.000000e-07
 57  40  0  0  0  2  3.981097e-01  2.000000e-07
 57  41  0  0  0  2  2.948980e-01  2.000000e-07
 57  43  1 -1  0  2  4.732356e-01  2.000000e-07
 57  76  0 -1  0  2  1.683864e-01  2.000000e-07
 57  35  0 -1  0  2  1.938421e-01  2.000000e-07
 57  87  0 -1  0  2  2.944886e-01  2.000000e-07
 57  46  1  0  0  2  4.069615e-01  2.000000e-07
 57  50  0  0  0  2  1.075001e-01  2.000000e-07
 57  36  1 -1  0  2  4.669860e-01  2.000000e-07
 57  51  0  0  0  2  2.516179e-01  2.000000e-07
 57  67  0  0  0  2  1.737133e-01  2.000000e-07
 57  59  0  0  0  2  3.667231e-01  2.000000e-07
 85  89  0  0  0  2  2.340046e-01  2.000000e-07
 85  38  0  0  0  2  1.805636e-01  2.000000e-07
 85  39  1  0  0  2  3.350048e-01  2.000000e-07
 85  40  0  0  0  2  2.802745e-01  2.000000e-07
 85  86  0  0  0  2  4.174202e-02  2.000000e-07
 85  43  1  0  0  2  4.088006e-01  2.000000e-07
 85  76  0  0  0  2  1.561419e-01  2.000000e-07
 85  35  0  0  0  2  1.308654e-01  2.000000e-07
 85  36  1  0  0  2  4.860150e-01  2.000000e-07
 85  62  0  0  0  2  2.260094e-01  2.000000e-07
 31  41 -1  0  0  2  3.939702e-01  2.000000e-07
 31  43  0 -1  0  2  2.903953e-01  2.000000e-07
 31  30  0  0  0  2  1.684795e-01  2.000000e-07
 31  58  0  0  0  2  1.875272e-01  2.000000e-07
 31  45  0  0  0  2  1.581815e-01  2.000000e-07
 31  46  0  0  0  2  1.049529e-01  2.000000e-07
 31  50 -1  0  0  2  3.065950e-01  2.000000e-07
 31  36  0 -1  0  2  1.789265e-01  2.000000e-07
 31  51 -1  0  0  2  2.525128e-01  2.000000e-07
 31  88  0  0  0  2  1.693691e-01  2.000000e-07
 48  12  0  0  0  2  1.491373e-01  2.000000e-07
 48  63  1  0  0  2  4.190237e-01  2.000000e-07
 48  58  1  0  0  2  2.858850e-01  2.000000e-07
 48  46  1  0  0  2  3.283810e-01  2.000000e-07
 48  50  0  0  0  2  3.131226e-01  2.000000e-07
 48  17  1  0  0  2  3.845773e-01  2.000000e-07
 48  10  0  0  0  2  9.814491e-02  2.000000e-07
 48  62  0  0  0  2  2.306665e-01  2.000000e-07
 48  11  0  0  0  2  1.326453e-01  2.000000e-07
 12  41  0  0  0  2  1.387781e-01  2.000000e-07
 12  49  0  0  0  2  2.009632e-01  2.000000e-07
 12  46  1  0  0  2  4.142700e-01  2.000000e-07
 12  50  0  0  0  2  2.617807e-01  2.000000e-07
 12  10  0  0  0  2  1.273365e-01  2.000000e-07
 12  62  0  0  0  2  2.577887e-01  2.000000e-07
 12  67  0  0  0  2  5.338982e-02  2.000000e-07
 12  11  0  0  0  2  2.197114e-01  2.000000e-07
 63  39  0  0  0  2  2.741369e-01  2.000000e-07
 63  41 -1  0  0  2  4.209858e-01  2.000000e-07
 63  43  0  0  0  2  4.048244e-01  2.000000e-07
 63  58  0  0  0  2  1.911098e-01  2.000000e-07
 63  45  0  0  0  2  1.723407e-01  2.000000e-07
 63  26  0  0  0  2  2.878084e-01  2.000000e-07
 63  14  0  0  0  2  2.285124e-01  2.000000e-07
 63  17  0  0  0  2  2.222778e-01  2.000000e-07
 63  88  0  0  0  2  1.708892e-01  2.000000e-07
 63  66  0  0  0  2  2.532497e-01  2.000000e-07
 89  43  0  0  0  2  3.719764e-01  2.000000e-07
 89  44  0  0  0  2  1.595147e-01  2.000000e-07
 89  76  0  0  0  2  2.616643e-01  2.000000e-07
 89  28  0  0  0  2  1.196741e-01  2.000000e-07
 89  26  0  0  0  2  1.553788e-01  2.000000e-07
 89  36  0  0  0  2  3.653738e-01  2.000000e-07
 89  62  0  0  0  2  2.869985e-01  2.000000e-07
 38  39  1  0  0  2  2.295978e-01  2.000000e-07
 38  40  0  0  0  2  1.819616e-01  2.000000e-07
 38  86  0  0  0  2  2.143949e-01  2.000000e-07
 38  44  0  0  0  2  2.606099e-01  2.000000e-07
 38  58  1  0  0  2  3.889081e-01  2.000000e-07
 38  35  0  0  0  2  2.974699e-01  2.000000e-07
 38  17  1  0  0  2  2.745283e-01  2.000000e-07
 38  51  0  0  0  2  3.627548e-01  2.000000e-07
 38  64  1  0  0  2  3.208639e-01  2.000000e-07
 38  11  0  0  0  2  1.265831e-01  2.000000e-07
 39  86 -1  0  0  2  3.447254e-01  2.000000e-07
 39  43  0  0  0  2  1.970059e-01  2.000000e-07
 39  36  0  0  0  2  3.210028e-01  2.000000e-07
 39  17  0  0  0  2  5.732508e-02  2.000000e-07
 39  64  0  0  0  2  1.237176e-01  2.000000e-07
 40  41  0  0  0  2  1.617571e-01  2.000000e-07
 40  49  0  0  0  2  3.411461e-01  2.000000e-07
 40  86  0  0  0  2  3.220165e-01  2.000000e-07
 40  44  0  0  0  2  2.143489e-01  2.000000e-07
 40  10  0  0  0  2  2.264834e-01  2.000000e-07
 40  62  0  0  0  2  8.618986e-02  2.000000e-07
 40  51  0  0  0  2  3.091139e-01  2.000000e-07
 40  11  0  0  0  2  6.026522e-02  2.000000e-07
 40  59  0  0  0  2  4.460658e-01  2.000000e-07
 41  46  1  0  0  2  3.173761e-01  2.000000e-07
 41  51  0  0  0  2  1.474680e-01  2.000000e-07
 41  67  0  0  0  2  1.856999e-01  2.000000e-07
 41  59  0  0  0  2  4.791828e-01  2.000000e-07
 49  44  0  0  0  2  4.670234e-01  2.000000e-07
 49  76  0 -1  0  2  3.476690e-01  2.000000e-07
 49  30  0  0  0  2  2.640301e-01  2.000000e-07
 49  35  0 -1  0  2  3.695529e-01  2.000000e-07
 49  45  0  0  0  2  3.416777e-01  2.000000e-07
 49  87  0 -1  0  2  2.436298e-01  2.000000e-07
 49  50  0  0  0  2  3.312444e-01  2.000000e-07
 49  10  0  0  0  2  3.140115e-01  2.000000e-07
 49  62  0  0  0  2  3.809920e-01  2.000000e-07
 49  51  0  0  0  2  3.934955e-01  2.000000e-07
 49  67  0  0  0  2  1.580198e-01  2.000000e-07
 49  11  0  0  0  2  3.928812e-01  2.000000e-07
 49  59  0  0  0  2  1.510720e-01  2.000000e-07
 86  44  0  0  0  2  2.191797e-01  2.000000e-07
 86  35  0  0  0  2  8.932679e-02  2.000000e-07
 86  87  0  0  0  2  3.173629e-01  2.000000e-07
 86  36  1  0  0  2  4.658403e-01  2.000000e-07
 86  64  1  0  0  2  3.671560e-01  2.000000e-07
 42  43  0  0  0  2  1.086854e-01  2.000000e-07
 42  44  0  0  0  2  3.780166e-01  2.000000e-07
 42  30  0  1  0  2  3.033872e-01  2.000000e-07
 42  87  0  0  0  2  3.040292e-01  2.000000e-07
 42  28  0  0  0  2  1.945446e-01  2.000000e-07
 42  50 -1  1  0  2  4.874101e-01  2.000000e-07
 42  14  0  0  0  2  1.021368e-01  2.000000e-07
 42  36  0  0  0  2  1.911414e-01  2.000000e-07
 42  17  0  0  0  2  1.774278e-01  2.000000e-07
 42  64  0  0  0  2  1.118827e-01  2.000000e-07
 42  66  0  0  0  2  1.235361e-01  2.000000e-07
 43  76 -1  0  0  2  4.045191e-01  2.000000e-07
 43  30  0  1  0  2  2.728208e-01  2.000000e-07
 43  50 -1  1  0  2  3.788240e-01  2.000000e-07
 43  14  0  0  0  2  1.775348e-01  2.000000e-07
 43  36  0  0  0  2  1.241511e-01  2.000000e-07
 43  17  0  0  0  2  2.099108e-01  2.000000e-07
 43  66  0  0  0  2  2.321617e-01  2.000000e-07
 44  47  0  0  0  2  1.349226e-01  2.000000e-07
 44  76  0  0  0  2  3.062988e-01  2.000000e-07
 44  35  0  0  0  2  2.864836e-01  2.000000e-07
 44  45  0  0  0  2  5.346483e-01  2.000000e-07
 44  87  0  0  0  2  3.213710e-01  2.000000e-07
 44  28  0  0  0  2  1.846272e-01  2.000000e-07
 44  26  0  0  0  2  1.720490e-01  2.000000e-07
 44  62  0  0  0  2  1.281876e-01  2.000000e-07
 44  66  0  0  0  2  2.703884e-01  2.000000e-07
 44  11  0  0  0  2  2.334087e-01  2.000000e-07
 44  59  0  0  0  2  5.159998e-01  2.000000e-07
 76  31  1  1  0  2  4.539588e-01  2.000000e-07
 76  35  0  0  0  2  2.547748e-02  2.000000e-07
 76  87  0  0  0  2  2.774115e-01  2.000000e-07
 76  28  0  0  0  2  3.804097e-01  2.000000e-07
 76  50  0  1  0  2  1.858610e-01  2.000000e-07
 76  67  0  1  0  2  3.390055e-01  2.000000e-07
 30  58  0  0  0  2  3.180587e-01  2.000000e-07
 30  45  0  0  0  2  2.326740e-01  2.000000e-07
 30  87  0 -1  0  2  2.065482e-01  2.000000e-07
 30  50 -1  0  0  2  4.557640e-01  2.000000e-07
 30  36  0 -1  0  2  1.558201e-01  2.000000e-07
 30  51 -1  0  0  2  4.205590e-01  2.000000e-07
 30  64  0 -1  0  2  3.449678e-01  2.000000e-07
 30  59  0  0  0  2  1.395177e-01  2.000000e-07
 58  45  0  0  0  2  1.097015e-01  2.000000e-07
 58  46  0  0  0  2  8.289382e-02  2.000000e-07
 58  50 -1  0  0  2  3.531548e-01  2.000000e-07
 58  17  0  0  0  2  3.197389e-01  2.000000e-07
 58  10 -1  0  0  2  2.699718e-01  2.000000e-07
 58  51 -1  0  0  2  1.891150e-01  2.000000e-07
 58  88  0  0  0  2  1.371348e-01  2.000000e-07
 58  11 -1  0  0  2  3.838148e-01  2.000000e-07
 35  87  0  0  0  2  2.846590e-01  2.000000e-07
 35  50  0  1  0  2  2.066726e-01  2.000000e-07
 35  36  1  0  0  2  4.435764e-01  2.000000e-07
 35  51  0  1  0  2  4.026344e-01  2.000000e-07
 35  64  1  0  0  2  3.839134e-01  2.000000e-07
 35  59  0  1  0  2  4.671880e-01  2.000000e-07
 45  26  0  0  0  2  4.481411e-01  2.000000e-07
 45  50 -1  0  0  2  4.154405e-01  2.000000e-07
 45  14  0  0  0  2  3.945972e-01  2.000000e-07
 45  36  0 -1  0  2  3.206547e-01  2.000000e-07
 45  17  0  0  0  2  3.659950e-01  2.000000e-07
 45  62  0  0  0  2  5.296450e-01  2.000000e-07
 45  51 -1  0  0  2  2.833847e-01  2.000000e-07
 45  66  0  0  0  2  4.247162e-01  2.000000e-07
 45  59  0  0  0  2  2.050746e-01  2.000000e-07
 87  28  0  0  0  2  2.348636e-01  2.000000e-07
 87  50  0  1  0  2  3.904846e-01  2.000000e-07
 87  36  0  0  0  2  2.848340e-01  2.000000e-07
 87  64  0  0  0  2  3.982345e-01  2.000000e-07
 87  59  0  1  0  2  2.424488e-01  2.000000e-07
 28  26  0  0  0  2  5.079153e-02  2.000000e-07
 28  66  0  0  0  2  1.047632e-01  2.000000e-07
 46  50 -1  0  0  2  3.149565e-01  2.000000e-07
 46  10 -1  0  0  2  2.877021e-01  2.000000e-07
 46  88  0  0  0  2  1.257874e-01  2.000000e-07
 26  62  0  0  0  2  2.752010e-01  2.000000e-07
 26  66  0  0  0  2  9.835059e-02  2.000000e-07
 50  36  1 -1  0  2  3.616541e-01  2.000000e-07
 50  17  1 -1  0  2  5.157328e-01  2.000000e-07
 50  10  0  0  0  2  2.150153e-01  2.000000e-07
 50  51  0  0  0  2  1.961751e-01  2.000000e-07
 50  64  1 -1  0  2  4.031766e-01  2.000000e-07
 50  67  0  0  0  2  2.385232e-01  2.000000e-07
 14  17  0  0  0  2  9.320370e-02  2.000000e-07
 14  66  0  0  0  2  1.188272e-01  2.000000e-07
 36  51 -1  1  0  2  3.954394e-01  2.000000e-07
 36  64  0  0  0  2  1.973743e-01  2.000000e-07
 36  59  0  1  0  2  2.943466e-01  2.000000e-07
 17  64  0  0  0  2  1.405459e-01  2.000000e-07
 17  11 -1  0  0  2  3.721588e-01  2.000000e-07
 10  51  0  0  0  2  9.658307e-02  2.000000e-07
 10  67  0  0  0  2  1.564821e-01  2.000000e-07
 10  11  0  0  0  2  2.273534e-01  2.000000e-07
 62  66  0  0  0  2  3.695580e-01  2.000000e-07
 62  11  0  0  0  2  1.150402e-01  2.000000e-07
 51  11  0  0  0  2  2.964521e-01  2.000000e-07
 51  59  1  0  0  2  4.667600e-01  2.000000e-07
 37  38  0  0  0  1  1.548166e-01  3.000000e-07
 37  39  1  0  0  1  3.047750e-01  3.000000e-07
 37  86  0  0  0  1  5.973553e-02  3.000000e-07
 37  62  0  0  0  1  2.255298e-01  3.000000e-07
 37  64  1  0  0  1  3.450815e-01  3.000000e-07
 47  27  0  0  0  1  6.654740e-02  3.000000e-07
 47  55  0  0  0  1  2.359482e-01  3.000000e-07
 47  44  0  0  0  1  1.349226e-01  3.000000e-07
 47  28  0  0  0  1  7.898217e-02  3.000000e-07
 27  55  0  0  0  1  2.678510e-01  3.000000e-07
 27  63  0  0  0  1  2.656571e-01  3.000000e-07
 27  28  0  0  0  1  6.424764e-02  3.000000e-07
 27  66  0  0  0  1  7.097838e-02  3.000000e-07
 56  53  0  0  0  1  1.096756e-01  3.000000e-07
 56  31  0  0  0  1  9.284237e-02  3.000000e-07
 56  30  0  0  0  1  1.395357e-01  3.000000e-07
 56  45  0  0  0  1  9.769651e-02  3.000000e-07
 56  46  0  0  0  1  1.188618e-01  3.000000e-07
 56  88  0  0  0  1  9.479928e-02  3.000000e-07
 15  48 -1  0  0  1  3.274769e-01  3.000000e-07
 15  38 -1  0  0  1  2.235727e-01  3.000000e-07
 15  39  0  0  0  1  5.760219e-02  3.000000e-07
 15  58  0  0  0  1  2.912497e-01  3.000000e-07
 15  17  0  0  0  1  5.796688e-02  3.000000e-07
 74  89  0  0  0  1  1.825654e-01  3.000000e-07
 74  42  0  0  0  1  2.251068e-01  3.000000e-07
 74  30  0  1  0  1  1.649111e-01  3.000000e-07
 74  87  0  0  0  1  8.604380e-02  3.000000e-07
 74  36  0  0  0  1  2.045454e-01  3.000000e-07
 34  85  0  0  0  1  1.442965e-01  3.000000e-07
 34  89  0  0  0  1  9.102069e-02  3.000000e-07
 34  86  0  0  0  1  1.518546e-01  3.000000e-07
 34  44  0  0  0  1  1.166360e-01  3.000000e-07
 34  76  0  0  0  1  2.058599e-01  3.000000e-07
 34  35  0  0  0  1  1.908499e-01  3.000000e-07
 52  48  0  0  0  1  1.034551e-01  3.000000e-07
 52  38  0  0  0  1  1.392401e-01  3.000000e-07
 52  40  0  0  0  1  7.109487e-02  3.000000e-07
 75  30  0  1  0  1  1.496077e-01  3.000000e-07
 75  87  0  0  0  1  7.550867e-02  3.000000e-07
 75  59  0  1  0  1  2.261861e-01  3.000000e-07
 55  12  0  0  0  1  2.487819e-01  3.000000e-07
 55  40  0  0  0  1  2.287475e-01  3.000000e-07
 55  49  0  0  0  1  2.365964e-01  3.000000e-07
 55  44  0  0  0  1  2.501895e-01  3.000000e-07
 55  62  0  0  0  1  2.113790e-01  3.000000e-07
 55  88  0  0  0  1  2.961917e-01  3.000000e-07
 55  67  0  0  0  1  2.581249e-01  3.000000e-07
 16  63  0  0  0  1  1.894945e-01  3.000000e-07
 16  58  0  0  0  1  2.768112e-01  3.000000e-07
 16  14  0  0  0  1  1.197043e-01  3.000000e-07
 53  30  0  0  0  1  1.180636e-01  3.000000e-07
 53  88  0  0  0  1  1.390322e-01  3.000000e-07
 53  59  0  0  0  1  5.101665e-02  3.000000e-07
 57  49  0  0  0  1  2.293976e-01  3.000000e-07
 57  76  0 -1  0  1  1.683864e-01  3.000000e-07
 57  87  0 -1  0  1  2.944886e-01  3.000000e-07
 57  50  0  0  0  1  1.075001e-01  3.000000e-07
 57  67  0  0  0  1  1.737133e-01  3.000000e-07
 85  44  0  0  0  1  1.899064e-01  3.000000e-07
 85  62  0  0  0  1  2.260094e-01  3.000000e-07
 31  30  0  0  0  1  1.684795e-01  3.000000e-07
 31  46  0  0  0  1  1.049529e-01  3.000000e-07
 31  50 -1  0  0  1  3.065950e-01  3.000000e-07
 31  51 -1  0  0  1  2.525128e-01  3.000000e-07
 48  12  0  0  0  1  1.491373e-01  3.000000e-07
 48  38  0  0  0  1  2.223157e-01  3.000000e-07
 48  40  0  0  0  1  1.457434e-01  3.000000e-07
 48  51  0  0  0  1  1.653115e-01  3.000000e-07
 12  40  0  0  0  1  1.853666e-01  3.000000e-07
 12  41  0  0  0  1  1.387781e-01  3.000000e-07
 12  10  0  0  0  1  1.273365e-01  3.000000e-07
 12  67  0  0  0  1  5.338982e-02  3.000000e-07
 63  58  0  0  0  1  1.911098e-01  3.000000e-07
 63  45  0  0  0  1  1.723407e-01  3.000000e-07
 63  14  0  0  0  1  2.285124e-01  3.000000e-07
 63  88  0  0  0  1  1.708892e-01  3.000000e-07
 63  66  0  0  0  1  2.532497e-01  3.000000e-07
 89  44  0  0  0  1  1.595147e-01  3.000000e-07
 89  87  0  0  0  1  1.637505e-01  3.000000e-07
 89  28  0  0  0  1  1.196741e-01  3.000000e-07
 38  39  1  0  0  1  2.295978e-01  3.000000e-07
 38  62  0  0  0  1  1.915162e-01  3.000000e-07
 39  17  0  0  0  1  5.732508e-02  3.000000e-07
 39  64  0  0  0  1  1.237176e-01  3.000000e-07
 40  62  0  0  0  1  8.618986e-02  3.000000e-07
 41  10  0  0  0  1  7.664488e-02  3.000000e-07
 41  51  0  0  0  1  1.474680e-01  3.000000e-07
 49  87  0 -1  0  1  2.436298e-01  3.000000e-07
 49  67  0  0  0  1  1.580198e-01  3.000000e-07
 49  59  0  0  0  1  1.510720e-01  3.000000e-07
 86  35  0  0  0  1  8.932679e-02  3.000000e-07
 86  64  1  0  0  1  3.671560e-01  3.000000e-07
 42  43  0  0  0  1  1.086854e-01  3.000000e-07
 42  28  0  0  0  1  1.945446e-01  3.000000e-07
 42  14  0  0  0  1  1.021368e-01  3.000000e-07
 42  64  0  0  0  1  1.118827e-01  3.000000e-07
 42  66  0  0  0  1  1.235361e-01  3.000000e-07
 43  35 -1  0  0  1  3.982012e-01  3.000000e-07
 43  50 -1  1  0  1  3.788240e-01  3.000000e-07
 43  36  0  0  0  1  1.241511e-01  3.000000e-07
 43  64  0  0  0  1  7.329269e-02  3.000000e-07
 76  87  0  0  0  1  2.774115e-01  3.000000e-07
 76  50  0  1  0  1  1.858610e-01  3.000000e-07
 30  36  0 -1  0  1  1.558201e-01  3.000000e-07
 30  59  0  0  0  1  1.395177e-01  3.000000e-07
 58  45  0  0  0  1  1.097015e-01  3.000000e-07
 58  46  0  0  0  1  8.289382e-02  3.000000e-07
 58  51 -1  0  0  1  1.891150e-01  3.000000e-07
 35  50  0  1  0  1  2.066726e-01  3.000000e-07
 35  64  1  0  0  1  3.839134e-01  3.000000e-07
 45  46  0  0  0  1  1.006358e-01  3.000000e-07
 87  59  0  1  0  1  2.424488e-01  3.000000e-07
 28  26  0  0  0  1  5.079153e-02  3.000000e-07
 28  66  0  0  0  1  1.047632e-01  3.000000e-07
 46  51 -1  0  0  1  1.934632e-01  3.000000e-07
 50  36  1 -1  0  1  3.616541e-01  3.000000e-07
 50  10  0  0  0  1  2.150153e-01  3.000000e-07
 14  17  0  0  0  1  9.320370e-02  3.000000e-07
 14  64  0  0  0  1  1.318545e-01  3.000000e-07
 14  66  0  0  0  1  1.188272e-01  3.000000e-07
 36  31  0  1  0  1  1.789265e-01  3.000000e-07
 17  64  0  0  0  1  1.405459e-01  3.000000e-07
 10  51  0  0  0  1  9.658307e-02  3.000000e-07
 10  67  0  0  0  1  1.564821e-01  3.000000e-07
 62  11  0  0  0  1  1.150402e-01  3.000000e-07
 88  59  0  0  0  1  1.800567e-01  3.000000e-07
 6.731704e-02 -5.138551e-02  1.221317e-01
 1.153522e-01 -2.825191e-01  4.216322e-01
 3.403100e-02  6.966729e-02  4.220397e-01
-9.589689e-02 -4.362733e-01 -2.967923e-01
-9.494631e-02 -4.062096e-01 -2.458409e-01
-3.696619e-01  3.822267e-01  4.051336e-01
-1.152443e-01 -4.008290e-01 -3.948755e-01
-1.526024e-01  4.239769e-01  4.486231e-01
-2.645611e-01 -2.541358e-01  1.864769e-01
 1.660478e-01 -4.408023e-01 -2.419195e-01
 3.330730e-01 -2.269734e-01  0
 2.681207e-01 -9.095535e-03  0
 2.059374e-01 -2.198236e-01  0
-3.878353e-01  2.496879e-01  1.058207e-01
-2.984454e-01  1.596322e-01  0
-4.324560e-01  9.014637e-02  0
-3.854362e-01  7.740245e-02  0
-3.829244e-01  1.202592e-01  0
 3.846476e-01  3.363446e-01 -2.900781e-01
 3.825241e-01  1.967591e-01 -2.026013e-01
-2.484027e-01 -8.572632e-02 -1.063203e-01
-2.963286e-01  9.720030e-03 -2.595668e-01
-4.394112e-01 -4.699468e-02 -1.650093e-01
-3.997908e-01  2.689471e-01 -1.896456e-01
-9.940666e-02  4.204242e-01  1.530199e-01
 5.113878e-02  6.241128e-02 -1.005902e-01
-8.315771e-02  1.601138e-01  0
-1.124134e-01  1.540888e-01  0
-8.240889e-02  2.108998e-01  0
-1.149046e-01 -2.253722e-02 -1.510010e-01
-1.993466e-01 -4.471780e-01  0
-3.544603e-01 -3.814125e-01  0
 3.988676e-01  2.583140e-01  1.513045e-01
 2.615644e-01 -1.258069e-01  2.891682e-01
 1.019355e-01  2.545738e-01  0
 2.503325e-01  3.745821e-01  0
-3.116918e-01  4.448476e-01  0
 2.732973e-01  2.299766e-01  0
 3.439812e-01  9.223789e-02  0
-4.332313e-01  1.477433e-01  0
 2.135241e-01 -3.461234e-02  0
 3.262376e-01 -1.506339e-01  0
-2.711522e-01  2.580547e-01  0
-3.541777e-01  3.281923e-01  0
 8.756920e-02  1.388259e-01  0
-2.947164e-01 -2.349474e-01  0
-3.843035e-01 -2.807920e-01  0
-4.734714e-02  1.401265e-01  0
 3.243927e-01 -1.292131e-01  0
 3.482327e-02 -3.252094e-01  0
 3.449227e-01 -4.416619e-01  0
 4.231709e-01 -2.617678e-01  0
 2.846133e-01 -3.371153e-02  0
-1.668956e-01 -3.336617e-01  0
-3.961595e-01  2.452338e-01  3.561766e-01
-7.782551e-03 -9.248082e-02  0
-2.765373e-01 -3.309377e-01  0
 2.378598e-01 -4.319775e-01  0
-3.983974e-01 -1.991051e-01  0
-1.159073e-01 -3.353609e-01  0
-4.343821e-01 -3.770012e-01  1.608217e-01
 1.579522e-01 -3.178835e-01  1.506705e-01
 1.615006e-01  3.410626e-02  0
-2.614009e-01 -6.585754e-02  0
-3.830010e-01  2.608051e-01  0
 2.827156e-01 -1.255447e-01 -2.228109e-01
-1.805053e-01  1.741244e-01  0
 1.819334e-01 -2.675131e-01  0
-1.258964e-01 -1.713544e-01  3.155372e-01
-1.132371e-01  1.039096e-01  4.009691e-01
 1.521114e-01  3.471440e-01 -2.261764e-01
 1.589271e-02  2.879860e-01 -2.016175e-01
 7.262411e-02  8.542857e-02 -3.580205e-01
-2.785574e-01  4.355779e-01 -3.044359e-01
-1.093947e-01  4.146036e-01  0
-1.024238e-01  4.388553e-01  0
 2.477140e-01  3.999247e-01  0
 1.080948e-01 -4.281992e-01  3.402932e-01
 1.379833e-01  2.165200e-01  3.371148e-01
-5.715237e-02 -2.505775e-01  2.638221e-01
 2.892773e-01 -1.879500e-01 -4.212730e-01
-8.023087e-02 -3.192387e-01 -2.249973e-01
-1.578756e-01 -1.325340e-01 -4.459331e-01
 3.354977e-01 -6.717721e-02 -3.041939e-01
 1.974996e-01  2.807199e-01  1.171441e-01
 2.458287e-01  2.437942e-01  0
 2.506581e-01  2.852559e-01  0
-2.691554e-02  4.391133e-01  0
-2.665081e-01 -2.366704e-01  0
 1.476156e-02  2.807554e-01  0