 715  90  1.200000e-05  62 -2 -2
 7  10  0  0  0  3  1.260705e-01  1.000000e-07
 7  8  0  0  0  3  1.377766e-01  1.000000e-07
 7  16 -1  1  0  3  5.358181e-01  1.000000e-07
 7  14  0  0  0  3  1.126062e-01  1.000000e-07
 7  9  0  1  0  3  3.019721e-01  1.000000e-07
 7  15  0  0  0  3  3.693442e-01  1.000000e-07
 7  28 -1  0  1  3  5.589273e-01  1.000000e-07
 7  12  0  0  1  3  4.310565e-01  1.000000e-07
 13  4  0  0  0  3  3.767592e-01  1.000000e-07
 13  17  0  1  0  3  3.548499e-01  1.000000e-07
 13  5  0  0  0  3  3.491781e-01  1.000000e-07
 13  2  0  1  0  3  4.027248e-01  1.000000e-07
 13  61  0  0  0  3  3.856658e-01  1.000000e-07
 13  37  0  0  0  3  4.127889e-01  1.000000e-07
 13  6  0  0  0  3  3.837491e-01  1.000000e-07
 13  31  0  1  1  3  5.386282e-01  1.000000e-07
 0  16  0  0  0  3  3.736442e-01  1.000000e-07
 0  27  0  0  0  3  3.075488e-01  1.000000e-07
 0  17  0  0  0  3  2.361024e-01  1.000000e-07
 0  15  0  0  0  3  3.693424e-01  1.000000e-07
 0  2  0  0  0  3  2.726929e-01  1.000000e-07
 0  61  0  0  0  3  2.548436e-01  1.000000e-07
 0  1  0  0  0  3  1.079599e-01  1.000000e-07
 0  31  0  0  1  3  3.935073e-01  1.000000e-07
 0  32  0  0  1  3  3.051605e-01  1.000000e-07
 4  5  0  0  0  3  8.701342e-02  1.000000e-07
 4  61  0  0  0  3  2.837248e-01  1.000000e-07
 4  37  0  0  0  3  3.575960e-01  1.000000e-07
 4  34  0  0  1  3  1.651963e-01  1.000000e-07
 4  29  0  0  1  3  3.000092e-01  1.000000e-07
 4  12  0  0  1  3  3.205119e-01  1.000000e-07
 4  32  0  0  1  3  3.995553e-01  1.000000e-07
 4  33  0  0  1  3  3.003925e-01  1.000000e-07
 10  16 -1  1  0  3  5.330615e-01  1.000000e-07
 10  14  0  0  0  3  1.709463e-01  1.000000e-07
 10  9  0  1  0  3  3.418213e-01  1.000000e-07
 10  15  0  0  0  3  3.862273e-01  1.000000e-07
 10  6  0  0  0  3  2.065887e-01  1.000000e-07
 8  14  0  0  0  3  1.910920e-01  1.000000e-07
 8  11  0  0  0  3  3.402184e-01  1.000000e-07
 8  17  0  1  0  3  3.460337e-01  1.000000e-07
 8  15  0  0  0  3  3.363570e-01  1.000000e-07
 8  12  0  0  1  3  3.458004e-01  1.000000e-07
 16  9  1  0  0  3  4.008968e-01  1.000000e-07
 16  17  1  0  0  3  4.848080e-01  1.000000e-07
 16  15  1  0  0  3  4.090115e-01  1.000000e-07
 16  2  0  0  0  3  2.179529e-01  1.000000e-07
 16  32  0  0  1  3  2.595142e-01  1.000000e-07
 14  9  0  1  0  3  2.012689e-01  1.000000e-07
 14  17  0  1  0  3  3.182819e-01  1.000000e-07
 14  2 -1  1  0  3  4.536051e-01  1.000000e-07
 14  6  0  0  0  3  3.976097e-02  1.000000e-07
 27  17  0  0  0  3  2.635641e-01  1.000000e-07
 27  15  0  0  0  3  2.561629e-01  1.000000e-07
 27  5  0  0  0  3  2.647000e-01  1.000000e-07
 27  3  0  0  1  3  4.299088e-01  1.000000e-07
 27  29  0  0  1  3  2.547285e-01  1.000000e-07
 27  31  0  0  1  3  2.944424e-01  1.000000e-07
 27  20  0  0  1  3  3.814046e-01  1.000000e-07
 9  61  0  0  0  3  5.040835e-01  1.000000e-07
 11  16 -1  0  0  3  3.203350e-01  1.000000e-07
 11  15  0  0  0  3  2.192231e-01  1.000000e-07
 11  5  0  0  0  3  3.067698e-01  1.000000e-07
 11  3  0  0  1  3  4.119666e-01  1.000000e-07
 11  28 -1  0  1  3  5.250290e-01  1.000000e-07
 11  12  0  0  1  3  4.819043e-01  1.000000e-07
 11  30  0  0  1  3  3.900791e-01  1.000000e-07
 11  33 -1  0  1  3  5.331359e-01  1.000000e-07
 17  1  0  0  0  3  2.851793e-01  1.000000e-07
 17  12  0 -1  1  3  4.739988e-01  1.000000e-07
 15  5  0  0  0  3  2.117305e-01  1.000000e-07
 15  61  0  0  0  3  2.896052e-01  1.000000e-07
 5  61  0  0  0  3  2.823009e-01  1.000000e-07
 5  3  0  0  1  3  4.238601e-01  1.000000e-07
 5  34  0  0  1  3  2.312945e-01  1.000000e-07
 5  12  0  0  1  3  3.135303e-01  1.000000e-07
 2  37  0  0  0  3  3.372542e-01  1.000000e-07
 2  1  0  0  0  3  1.970292e-01  1.000000e-07
 2  28  0 -1  1  3  4.859438e-01  1.000000e-07
 61  1  0  0  0  3  2.641369e-01  1.000000e-07
 37  1  0  0  0  3  2.680751e-01  1.000000e-07
 37  34  0  0  1  3  4.414789e-01  1.000000e-07
 37  35  0  0  1  3  4.846480e-01  1.000000e-07
 37  32  0  0  1  3  4.164280e-01  1.000000e-07
 1  32  0  0  1  3  3.433513e-01  1.000000e-07
 3  30  0  0  0  3  1.398924e-01  1.000000e-07
 22  34  0  0  0  3  3.112868e-01  1.000000e-07
 22  30  0  0  0  3  3.445972e-01  1.000000e-07
 22  31  0  1  0  3  4.783511e-01  1.000000e-07
 22  26  0  0  0  3  3.225665e-01  1.000000e-07
 22  75  0  0  0  3  2.685081e-01  1.000000e-07
 22  25  0  0  0  3  3.241029e-01  1.000000e-07
 24  36  0  0  0  3  1.783701e-01  1.000000e-07
 24  29  0  0  0  3  2.336741e-01  1.000000e-07
 24  31  0  0  0  3  2.762134e-01  1.000000e-07
 24  23  0  0  0  3  3.631789e-01  1.000000e-07
 24  26  0  0  0  3  1.329507e-01  1.000000e-07
 24  75  0  0  0  3  1.194168e-01  1.000000e-07
 21  36  0  0  0  3  1.022570e-01  1.000000e-07
 21  29  0  0  0  3  2.689099e-01  1.000000e-07
 21  18  0  0  0  3  4.655356e-01  1.000000e-07
 21  35  0  0  0  3  2.989597e-01  1.000000e-07
 21  31  0  0  0  3  3.553686e-01  1.000000e-07
 21  19  0  0  0  3  2.225278e-01  1.000000e-07
 21  26  0  0  0  3  1.308756e-01  1.000000e-07
 21  32  0  0  0  3  2.722505e-01  1.000000e-07
 21  33  0  0  0  3  2.853080e-01  1.000000e-07
 34  27  0  0 -1  3  2.994099e-01  1.000000e-07
 34  36  0  0  0  3  2.205768e-01  1.000000e-07
 34  29  0  0  0  3  2.165187e-01  1.000000e-07
 34  12  0  0  0  3  2.965750e-01  1.000000e-07
 34  26  0  0  0  3  1.622003e-01  1.000000e-07
 28  12  0  0  0  3  3.589245e-01  1.000000e-07
 28  35  0  0  0  3  3.269591e-01  1.000000e-07
 28  30  1  0  0  3  3.527759e-01  1.000000e-07
 28  33  0  0  0  3  2.721703e-01  1.000000e-07
 28  25  0  0  0  3  2.510250e-01  1.000000e-07
 28  20  1  1  0  3  4.207179e-01  1.000000e-07
 36  18  0  0  0  3  4.298664e-01  1.000000e-07
 36  23  0  0  0  3  2.551476e-01  1.000000e-07
 36  26  0  0  0  3  1.101538e-01  1.000000e-07
 36  33  0  0  0  3  2.118859e-01  1.000000e-07
 36  75  0  0  0  3  2.544550e-01  1.000000e-07
 29  31  0  0  0  3  1.470191e-01  1.000000e-07
 29  26  0  0  0  3  1.815534e-01  1.000000e-07
 29  32  0  0  0  3  2.398582e-01  1.000000e-07
 29  75  0  0  0  3  2.919870e-01  1.000000e-07
 18  30  1  0  0  3  2.489819e-01  1.000000e-07
 18  19  0  1  0  3  4.883895e-01  1.000000e-07
 18  20  1  1  0  3  4.095355e-01  1.000000e-07
 12  30  0  0  0  3  4.184940e-01  1.000000e-07
 35  30  1  0  0  3  2.257892e-01  1.000000e-07
 35  19  0  0  0  3  3.342032e-01  1.000000e-07
 35  23  0  0  0  3  4.056390e-01  1.000000e-07
 35  32  0  0  0  3  3.634127e-01  1.000000e-07
 35  33  0  0  0  3  2.808028e-01  1.000000e-07
 35  20  1  0  0  3  5.007004e-01  1.000000e-07
 30  19 -1  0  0  3  4.817170e-01  1.000000e-07
 30  20  0  1  0  3  4.422466e-01  1.000000e-07
 31  19  0  0  0  3  4.596240e-01  1.000000e-07
 19  20  1  0  0  3  3.690002e-01  1.000000e-07
 23  33  0  0  0  3  2.438879e-01  1.000000e-07
 23  75  0  0  0  3  3.636759e-01  1.000000e-07
 23  25  0  0  0  3  1.812119e-01  1.000000e-07
 26  32  0  0  0  3  2.863949e-01  1.000000e-07
 26  33  0  0  0  3  2.553316e-01  1.000000e-07
 26  75  0  0  0  3  2.135916e-01  1.000000e-07
 32  33  0  0  0  3  4.068232e-01  1.000000e-07
 32  25  0 -1  0  3  4.956231e-01  1.000000e-07
 32  20  1  0  0  3  4.521105e-01  1.000000e-07
 75  19 -1  0  0  3  5.592391e-01  1.000000e-07
 75  20  0  0  0  3  4.148779e-01  1.000000e-07
 8  70  0  0  0  3  3.044201e-01  1.000000e-07
 53  23  0  0  0  3  2.019552e-01  1.000000e-07
 9  71  0  0  0  3  1.264217e-01  1.000000e-07
 74  20  0  0  0  3  2.935814e-01  1.000000e-07
 10  54  0  0  0  3  2.330618e-01  1.000000e-07
 55  3  0  0  0  3  2.918778e-01  1.000000e-07
 2  66  0 -1  0  3  3.320440e-01  1.000000e-07
 77  25  0  0  0  3  1.600946e-01  1.000000e-07
 61  49  0  0  0  3  1.636125e-01  1.000000e-07
 62  22  0  0  0  3  2.722218e-01  1.000000e-07
 6  69  0  0  0  3  2.864316e-01  1.000000e-07
 53  25  0  0  0  3  2.633433e-01  1.000000e-07
 1  66  0 -1  0  3  3.205422e-01  1.000000e-07
 69  25  0  0  0  3  1.837678e-01  1.000000e-07
 9  69  0 -1  0  3  3.013504e-01  1.000000e-07
 53  25  0  0  0  3  3.032541e-01  1.000000e-07
 9  74  0  0  0  3  1.936774e-01  1.000000e-07
 43  75  0  0  0  3  3.090978e-01  1.000000e-07
 6  57  0  0  0  3  2.366172e-01  1.000000e-07
 53  23  0  0  0  3  2.904113e-01  1.000000e-07
 6  60  0  0  0  3  1.653482e-01  1.000000e-07
 57  31  0  1  0  3  4.249144e-01  1.000000e-07
 7  54  0  0  0  3  2.648596e-01  1.000000e-07
 60  3  0  0  0  3  2.832390e-01  1.000000e-07
 2  65  0  0  0  3  2.744432e-01  1.000000e-07
 67  19  0  0  0  3  1.653868e-01  1.000000e-07
 10  59 -1  0  0  3  2.248021e-01  1.000000e-07
 76  18  0  0  0  3  1.755666e-01  1.000000e-07
 1  72  0  0  0  3  2.491340e-01  1.000000e-07
 73  24  0  0  0  3  2.258371e-01  1.000000e-07
 37  63  0  0  0  3  2.371941e-01  1.000000e-07
 67  19  0  0  0  3  1.832297e-01  1.000000e-07
 6  60  0  0  0  3  1.849174e-01  1.000000e-07
 57  22  0  0  0  3  2.940840e-01  1.000000e-07
 17  73  0  0  0  3  3.008936e-01  1.000000e-07
 72  24  0  0  0  3  2.305279e-01  1.000000e-07
 8  54  0  0  0  3  2.753323e-01  1.000000e-07
 60  3  0  0  0  3  2.811043e-01  1.000000e-07
 6  55  0  0  0  3  2.029154e-01  1.000000e-07
 54  18 -1  0  0  3  2.390134e-01  1.000000e-07
 6  60  0  0  0  3  1.763193e-01  1.000000e-07
 54  3  0  0  0  3  3.330394e-01  1.000000e-07
 8  57  0  0  0  3  2.669289e-01  1.000000e-07
 56  22  0  0  0  3  2.294582e-01  1.000000e-07
 14  54  0  0  0  3  2.011741e-01  1.000000e-07
 60  3  0  0  0  3  3.174026e-01  1.000000e-07
 37  58  0  0  0  3  2.160497e-01  1.000000e-07
 64  36  0  0  0  3  2.557100e-01  1.000000e-07
 10  68 -1  0  0  3  3.181904e-01  1.000000e-07
 77  25  0  0  0  3  1.939647e-01  1.000000e-07
 9  55  0 -1  0  3  2.205486e-01  1.000000e-07
 60  18 -1  0  0  3  2.843447e-01  1.000000e-07
 1  67  0  0  0  3  2.482646e-01  1.000000e-07
 65  19  0  0  0  3  1.778960e-01  1.000000e-07
 14  55  0  0  0  3  2.231366e-01  1.000000e-07
 54  18 -1  0  0  3  2.195436e-01  1.000000e-07
 61  38  0  0  0  3  1.371519e-01  1.000000e-07
 73  24  0  0  0  3  2.085902e-01  1.000000e-07
 13  70  0  0  0  3  2.429372e-01  1.000000e-07
 53  23  0  0  0  3  1.745187e-01  1.000000e-07
 78  71  0  0  0  2  2.206864e-01  2.000000e-07
 78  41  0  0  0  2  1.538273e-01  2.000000e-07
 78  70  0 -1  0  2  5.926138e-01  2.000000e-07
 78  42  0  0  0  2  1.209204e-01  2.000000e-07
 78  86 -1  0  0  2  3.879742e-01  2.000000e-07
 78  59 -1 -1  0  2  5.872430e-01  2.000000e-07
 78  83  0  0  0  2  1.630798e-01  2.000000e-07
 78  84  0  0  0  2  9.272312e-02  2.000000e-07
 78  88 -1  0  0  2  3.692754e-01  2.000000e-07
 78  67  0  0  0  2  5.266281e-01  2.000000e-07
 78  73  0  0  0  2  2.433909e-01  2.000000e-07
 78  39  0  0  0  2  1.117284e-01  2.000000e-07
 78  74  0  0  0  2  4.576272e-02  2.000000e-07
 78  65  0  0  0  2  5.443942e-01  2.000000e-07
 78  76 -1 -1  0  2  5.960759e-01  2.000000e-07
 53  70  0  0  0  2  7.716407e-02  2.000000e-07
 53  66  0  0  0  2  1.039519e-01  2.000000e-07
 53  79  0  0  0  2  2.383323e-01  2.000000e-07
 53  52  0  0  0  2  1.890790e-01  2.000000e-07
 53  80  0  0  0  2  2.781689e-01  2.000000e-07
 53  57  0  0  0  2  1.701973e-01  2.000000e-07
 53  45  0  0  0  2  2.564420e-01  2.000000e-07
 53  58  0  0  0  2  3.261484e-01  2.000000e-07
 53  51  0  0  0  2  2.062478e-01  2.000000e-07
 53  44  0  0  0  2  4.164777e-01  2.000000e-07
 53  85  0  1  0  2  3.244949e-01  2.000000e-07
 53  69  0  0  0  2  8.761359e-02  2.000000e-07
 53  60  0  0  0  2  3.144529e-01  2.000000e-07
 71  70  0 -1  0  2  4.969674e-01  2.000000e-07
 71  66  0 -1  0  2  4.895313e-01  2.000000e-07
 71  54  0 -1  0  2  3.337332e-01  2.000000e-07
 71  55  0 -1  0  2  2.864970e-01  2.000000e-07
 71  55  0 -1  0  2  2.864970e-01  2.000000e-07
 71  57  0 -1  0  2  3.690571e-01  2.000000e-07
 71  86 -1  0  0  2  2.581244e-01  2.000000e-07
 71  59 -1 -1  0  2  3.743711e-01  2.000000e-07
 71  40  0  0  0  2  1.961901e-01  2.000000e-07
 71  84  0  0  0  2  1.721578e-01  2.000000e-07
 71  88 -1  0  0  2  3.615651e-01  2.000000e-07
 71  68 -1 -1  0  2  4.247589e-01  2.000000e-07
 71  67  0  0  0  2  6.510306e-01  2.000000e-07
 71  85  0  0  0  2  1.725598e-01  2.000000e-07
 71  60  0 -1  0  2  2.859991e-01  2.000000e-07
 71  74  0  0  0  2  1.766937e-01  2.000000e-07
 71  65  0  0  0  2  6.568279e-01  2.000000e-07
 71  76 -1 -1  0  2  3.911169e-01  2.000000e-07
 41  42  0  0  0  2  4.178201e-02  2.000000e-07
 41  55  0  0  0  2  4.204638e-01  2.000000e-07
 41  56  0  0  0  2  2.568950e-01  2.000000e-07
 41  62  0  0  0  2  3.570730e-01  2.000000e-07
 41  59 -1  0  0  2  4.941506e-01  2.000000e-07
 41  83  0  0  0  2  1.742285e-01  2.000000e-07
 41  40  0  0  0  2  1.404849e-01  2.000000e-07
 41  44  0  0  0  2  1.208460e-01  2.000000e-07
 41  87 -1  0  0  2  3.216183e-01  2.000000e-07
 41  88 -1  0  0  2  2.858385e-01  2.000000e-07
 41  82 -1  0  0  2  3.529436e-01  2.000000e-07
 41  39  0  0  0  2  5.581953e-02  2.000000e-07
 41  60  0  0  0  2  3.942474e-01  2.000000e-07
 70  66  0  0  0  2  1.129480e-01  2.000000e-07
 70  79  0  0  0  2  1.779774e-01  2.000000e-07
 70  52  0  0  0  2  1.213615e-01  2.000000e-07
 70  56  0  0  0  2  2.660916e-01  2.000000e-07
 70  57  0  0  0  2  1.991569e-01  2.000000e-07
 70  89  0  0  0  2  2.947780e-01  2.000000e-07
 70  48  0  0  0  2  1.562879e-01  2.000000e-07
 70  86  0  1  0  2  5.126863e-01  2.000000e-07
 70  84  0  1  0  2  5.006516e-01  2.000000e-07
 70  68  0  0  0  2  2.864152e-01  2.000000e-07
 70  77  0  0  0  2  2.903553e-01  2.000000e-07
 70  73  0  1  0  2  5.450684e-01  2.000000e-07
 70  69  0  0  0  2  1.595411e-01  2.000000e-07
 70  60  0  0  0  2  3.571142e-01  2.000000e-07
 70  74  0  1  0  2  5.774011e-01  2.000000e-07
 70  49  0  0  0  2  2.208312e-01  2.000000e-07
 70  65  0  1  0  2  5.427930e-01  2.000000e-07
 66  52  0  0  0  2  1.515805e-01  2.000000e-07
 66  57  0  0  0  2  2.739881e-01  2.000000e-07
 66  72  0  1  0  2  4.336347e-01  2.000000e-07
 66  45  0  0  0  2  2.346600e-01  2.000000e-07
 66  86  0  1  0  2  4.049230e-01  2.000000e-07
 66  51  0  0  0  2  1.364409e-01  2.000000e-07
 66  87  0  1  0  2  5.103753e-01  2.000000e-07
 66  68  0  0  0  2  2.198503e-01  2.000000e-07
 66  63  0  1  0  2  4.739097e-01  2.000000e-07
 66  85  0  1  0  2  3.609593e-01  2.000000e-07
 66  69  0  0  0  2  1.178887e-01  2.000000e-07
 66  74  0  1  0  2  5.352860e-01  2.000000e-07
 66  65  0  1  0  2  4.298921e-01  2.000000e-07
 79  47  0  0  0  2  1.772780e-01  2.000000e-07
 79  52  0  0  0  2  2.012951e-01  2.000000e-07
 79  56  0  0  0  2  1.280834e-01  2.000000e-07
 79  48  0  0  0  2  1.819760e-01  2.000000e-07
 79  58  0  0  0  2  1.176835e-01  2.000000e-07
 79  50  0  0  0  2  2.412147e-01  2.000000e-07
 79  64  0  0  0  2  1.673571e-01  2.000000e-07
 79  83  0  0  0  2  2.293666e-01  2.000000e-07
 79  44  0  0  0  2  2.823993e-01  2.000000e-07
 79  38  0  0  0  2  1.909046e-01  2.000000e-07
 79  63  0  0  0  2  4.170631e-01  2.000000e-07
 79  67  0  0  0  2  4.241233e-01  2.000000e-07
 79  74  0  0  0  2  4.348086e-01  2.000000e-07
 79  49  0  0  0  2  4.285410e-02  2.000000e-07
 79  46  0  0  0  2  2.234528e-01  2.000000e-07
 47  52  0  0  0  2  1.040378e-01  2.000000e-07
 47  89  0  0  0  2  1.733702e-01  2.000000e-07
 47  48  0  0  0  2  5.115808e-02  2.000000e-07
 47  50  0  0  0  2  7.984734e-02  2.000000e-07
 47  64  0  0  0  2  1.906788e-02  2.000000e-07
 47  88  0  0  0  2  3.639223e-01  2.000000e-07
 47  63  0  0  0  2  3.465713e-01  2.000000e-07
 42  43  0  0  0  2  1.924592e-01  2.000000e-07
 42  80  0  0  0  2  3.671875e-01  2.000000e-07
 42  56  0  0  0  2  2.349409e-01  2.000000e-07
 42  62  0  0  0  2  3.256116e-01  2.000000e-07
 42  83  0  0  0  2  1.380103e-01  2.000000e-07
 42  84  0  0  0  2  2.134632e-01  2.000000e-07
 42  44  0  0  0  2  1.194515e-01  2.000000e-07
 42  73  0  0  0  2  3.083575e-01  2.000000e-07
 42  39  0  0  0  2  5.485509e-02  2.000000e-07
 42  60  0  0  0  2  4.084690e-01  2.000000e-07
 42  74  0  0  0  2  1.453672e-01  2.000000e-07
 43  55  0 -1  0  2  4.511097e-01  2.000000e-07
 43  72  0  0  0  2  2.521349e-01  2.000000e-07
 43  40  0  0  0  2  1.743761e-01  2.000000e-07
 43  84  0  0  0  2  2.227153e-02  2.000000e-07
 43  38  0  0  0  2  2.468607e-01  2.000000e-07
 43  85  0  0  0  2  1.209253e-01  2.000000e-07
 43  73  0  0  0  2  2.415437e-01  2.000000e-07
 43  39  0  0  0  2  1.745512e-01  2.000000e-07
 43  60  0 -1  0  2  4.240895e-01  2.000000e-07
 43  74  0  0  0  2  5.975064e-02  2.000000e-07
 52  57  0  0  0  2  3.155843e-01  2.000000e-07
 52  48  0  0  0  2  5.288062e-02  2.000000e-07
 52  45  0  0  0  2  8.397124e-02  2.000000e-07
 52  58  0  0  0  2  2.138034e-01  2.000000e-07
 52  50  0  0  0  2  7.900993e-02  2.000000e-07
 52  86  0  1  0  2  4.745485e-01  2.000000e-07
 52  51  0  0  0  2  6.159126e-02  2.000000e-07
 52  68  0  0  0  2  2.020511e-01  2.000000e-07
 52  46  0  0  0  2  1.111262e-01  2.000000e-07
 54  55  0  0  0  2  1.048147e-01  2.000000e-07
 54  55  0  0  0  2  1.048147e-01  2.000000e-07
 54  56  0  0  0  2  3.029061e-01  2.000000e-07
 54  57  0  0  0  2  1.906829e-01  2.000000e-07
 54  89 -1  0  0  2  3.267100e-01  2.000000e-07
 54  81  0  0  0  2  2.842374e-01  2.000000e-07
 54  50 -1  0  0  2  4.333037e-01  2.000000e-07
 54  86 -1  1  0  2  4.422201e-01  2.000000e-07
 54  59 -1  0  0  2  2.627779e-01  2.000000e-07
 54  83  0  0  0  2  3.764089e-01  2.000000e-07
 54  44  0  0  0  2  2.550860e-01  2.000000e-07
 54  88 -1  0  0  2  4.990937e-01  2.000000e-07
 54  68 -1  0  0  2  3.460241e-01  2.000000e-07
 54  85  0  1  0  2  3.994229e-01  2.000000e-07
 54  60  0  0  0  2  5.942280e-02  2.000000e-07
 54  60  0  0  0  2  5.942280e-02  2.000000e-07
 54  76 -1  0  0  2  3.161737e-01  2.000000e-07
 80  72  0  0  0  2  2.655529e-01  2.000000e-07
 80  62  0  0  0  2  4.341445e-02  2.000000e-07
 80  45  0  0  0  2  1.593582e-01  2.000000e-07
 80  58  0  0  0  2  6.687343e-02  2.000000e-07
 80  59  0  0  0  2  4.507608e-01  2.000000e-07
 80  51  0  0  0  2  2.661638e-01  2.000000e-07
 80  44  0  0  0  2  3.094199e-01  2.000000e-07
 80  38  0  0  0  2  1.784355e-01  2.000000e-07
 80  77  0  0  0  2  4.079326e-01  2.000000e-07
 80  82  0  0  0  2  2.963161e-01  2.000000e-07
 80  73  0  0  0  2  2.480145e-01  2.000000e-07
 80  69  0  0  0  2  3.656215e-01  2.000000e-07
 80  60  0  0  0  2  4.300298e-01  2.000000e-07
 55  56  0  0  0  2  4.075109e-01  2.000000e-07
 55  81  0  0  0  2  3.359499e-01  2.000000e-07
 55  50 -1  0  0  2  3.691030e-01  2.000000e-07
 55  86 -1  1  0  2  3.450757e-01  2.000000e-07
 55  59 -1  0  0  2  1.700607e-01  2.000000e-07
 55  83  0  0  0  2  4.747820e-01  2.000000e-07
 55  40  0  1  0  2  4.628897e-01  2.000000e-07
 55  84  0  1  0  2  4.441848e-01  2.000000e-07
 55  51 -1  0  0  2  3.754895e-01  2.000000e-07
 55  44  0  0  0  2  3.463483e-01  2.000000e-07
 55  87 -1  1  0  2  5.207887e-01  2.000000e-07
 55  82 -1  0  0  2  4.382052e-01  2.000000e-07
 55  85  0  1  0  2  3.951110e-01  2.000000e-07
 55  60  0  0  0  2  1.188901e-01  2.000000e-07
 55  46 -1  0  0  2  3.933861e-01  2.000000e-07
 55  76 -1  0  0  2  2.198203e-01  2.000000e-07
 56  57  0  0  0  2  2.140261e-01  2.000000e-07
 56  62  0  0  0  2  1.287734e-01  2.000000e-07
 56  83  0  0  0  2  1.314801e-01  2.000000e-07
 56  44  0  0  0  2  1.543278e-01  2.000000e-07
 56  69  0  0  0  2  3.808227e-01  2.000000e-07
 56  60  0  0  0  2  3.146818e-01  2.000000e-07
 56  49  0  0  0  2  1.128353e-01  2.000000e-07
 57  84  0  1  0  2  4.379937e-01  2.000000e-07
 57  44  0  0  0  2  2.766396e-01  2.000000e-07
 57  85  0  1  0  2  3.445500e-01  2.000000e-07
 57  69  0  0  0  2  2.148674e-01  2.000000e-07
 57  60  0  0  0  2  1.604797e-01  2.000000e-07
 57  60  0  0  0  2  1.604797e-01  2.000000e-07
 72  58  0  0  0  2  2.393629e-01  2.000000e-07
 72  84  0  0  0  2  2.432038e-01  2.000000e-07
 72  87  0  0  0  2  3.449988e-01  2.000000e-07
 72  88  0  0  0  2  3.744937e-01  2.000000e-07
 72  38  0  0  0  2  1.623446e-01  2.000000e-07
 72  77  0 -1  0  2  5.322824e-01  2.000000e-07
 72  63  0  0  0  2  2.735357e-01  2.000000e-07
 72  82  0  0  0  2  3.418831e-01  2.000000e-07
 72  85  0  0  0  2  2.583778e-01  2.000000e-07
 72  73  0  0  0  2  2.660469e-02  2.000000e-07
 72  69  0 -1  0  2  3.728821e-01  2.000000e-07
 89  52  0  0  0  2  1.756283e-01  2.000000e-07
 89  48  0  0  0  2  1.667718e-01  2.000000e-07
 89  81  1  0  0  2  3.270872e-01  2.000000e-07
 89  50  0  0  0  2  1.065955e-01  2.000000e-07
 89  64  0  0  0  2  1.889225e-01  2.000000e-07
 89  86  0  1  0  2  4.286250e-01  2.000000e-07
 89  59  0  0  0  2  1.400100e-01  2.000000e-07
 89  88  0  0  0  2  3.796928e-01  2.000000e-07
 89  68  0  0  0  2  1.408410e-01  2.000000e-07
 89  77  0  0  0  2  1.470585e-01  2.000000e-07
 89  63  0  0  0  2  4.093861e-01  2.000000e-07
 89  76  0  0  0  2  1.522021e-01  2.000000e-07
 62  64  0  0  0  2  1.812892e-01  2.000000e-07
 62  59  0  0  0  2  4.940415e-01  2.000000e-07
 62  83  0  0  0  2  1.908794e-01  2.000000e-07
 62  51  0  0  0  2  3.087816e-01  2.000000e-07
 62  88  0  0  0  2  4.358785e-01  2.000000e-07
 62  38  0  0  0  2  1.356182e-01  2.000000e-07
 62  77  0  0  0  2  4.512110e-01  2.000000e-07
 62  82  0  0  0  2  3.200541e-01  2.000000e-07
 62  67  0  0  0  2  3.755478e-01  2.000000e-07
 62  73  0  0  0  2  2.168407e-01  2.000000e-07
 62  69  0  0  0  2  3.919296e-01  2.000000e-07
 62  60  0  0  0  2  4.222150e-01  2.000000e-07
 62  49  0  0  0  2  2.746638e-02  2.000000e-07
 48  50  0  0  0  2  6.026122e-02  2.000000e-07
 48  64  0  0  0  2  6.737710e-02  2.000000e-07
 48  68  0  0  0  2  2.293099e-01  2.000000e-07
 48  77  0  0  0  2  2.356142e-01  2.000000e-07
 48  49  0  0  0  2  2.114723e-01  2.000000e-07
 81  50 -1  0  0  2  4.016822e-01  2.000000e-07
 81  86 -1  0  0  2  3.939259e-01  2.000000e-07
 81  83  0  0  0  2  2.741397e-01  2.000000e-07
 81  40  0  0  0  2  2.084513e-01  2.000000e-07
 81  44  0  0  0  2  1.621665e-01  2.000000e-07
 81  87 -1  0  0  2  2.763879e-01  2.000000e-07
 81  88 -1  0  0  2  2.356639e-01  2.000000e-07
 81  63 -1  0  0  2  3.348229e-01  2.000000e-07
 81  82 -1  0  0  2  2.547878e-01  2.000000e-07
 81  74  0  0  0  2  2.800061e-01  2.000000e-07
 81  46 -1  0  0  2  3.812402e-01  2.000000e-07
 45  58  0  0  0  2  1.454886e-01  2.000000e-07
 45  59  0  0  0  2  2.920959e-01  2.000000e-07
 45  51  0  0  0  2  1.302663e-01  2.000000e-07
 45  82  0  0  0  2  2.326769e-01  2.000000e-07
 45  46  0  0  0  2  5.000971e-02  2.000000e-07
 58  64  0  0  0  2  1.141735e-01  2.000000e-07
 58  44  0  0  0  2  3.623274e-01  2.000000e-07
 58  87  0  0  0  2  3.501552e-01  2.000000e-07
 58  38  0  0  0  2  1.978280e-01  2.000000e-07
 58  63  0  0  0  2  3.004002e-01  2.000000e-07
 58  82  0  0  0  2  2.322212e-01  2.000000e-07
 58  85  0  0  0  2  4.826483e-01  2.000000e-07
 58  46  0  0  0  2  1.725617e-01  2.000000e-07
 50  64  0  0  0  2  9.857679e-02  2.000000e-07
 50  86  0  1  0  2  4.760561e-01  2.000000e-07
 50  51  0  0  0  2  8.800927e-02  2.000000e-07
 50  63  0  0  0  2  3.962218e-01  2.000000e-07
 50  82  0  0  0  2  2.442625e-01  2.000000e-07
 50  46  0  0  0  2  5.149856e-02  2.000000e-07
 64  59  0  0  0  2  3.188221e-01  2.000000e-07
 64  68  0  0  0  2  2.818201e-01  2.000000e-07
 64  77  0  0  0  2  2.884502e-01  2.000000e-07
 64  63  0  0  0  2  3.332457e-01  2.000000e-07
 64  67  0  0  0  2  3.462139e-01  2.000000e-07
 64  49  0  0  0  2  1.845320e-01  2.000000e-07
 64  46  0  0  0  2  6.053990e-02  2.000000e-07
 86  40  1  0  0  2  2.592319e-01  2.000000e-07
 86  51  0 -1  0  2  4.140171e-01  2.000000e-07
 86  87  0  0  0  2  1.791984e-01  2.000000e-07
 86  88  0  0  0  2  2.048818e-01  2.000000e-07
 86  68  0 -1  0  2  2.953547e-01  2.000000e-07
 86  63  0  0  0  2  2.053416e-01  2.000000e-07
 86  74  1  0  0  2  3.470366e-01  2.000000e-07
 86  65  0  0  0  2  1.579243e-01  2.000000e-07
 86  76  0 -1  0  2  2.766107e-01  2.000000e-07
 59  83  1  0  0  2  5.928150e-01  2.000000e-07
 59  84  1  1  0  2  5.462216e-01  2.000000e-07
 59  51  0  0  0  2  2.098367e-01  2.000000e-07
 59  87  0  1  0  2  4.747470e-01  2.000000e-07
 59  88  0  0  0  2  4.961595e-01  2.000000e-07
 59  88  0  1  0  2  5.038980e-01  2.000000e-07
 59  77  0  0  0  2  8.282070e-02  2.000000e-07
 59  82  0  0  0  2  3.742121e-01  2.000000e-07
 59  39  1  1  0  2  5.953531e-01  2.000000e-07
 59  76  0  0  0  2  5.519874e-02  2.000000e-07
 83  44  0  0  0  2  1.376052e-01  2.000000e-07
 83  88 -1  0  0  2  4.583759e-01  2.000000e-07
 83  38  0  0  0  2  8.230118e-02  2.000000e-07
 83  67  0  0  0  2  4.712687e-01  2.000000e-07
 83  73  0  0  0  2  2.017064e-01  2.000000e-07
 83  60  0  0  0  2  4.047194e-01  2.000000e-07
 83  74  0  0  0  2  2.082216e-01  2.000000e-07
 83  49  0  0  0  2  1.941509e-01  2.000000e-07
 40  59 -1 -1  0  2  5.037822e-01  2.000000e-07
 40  84  0  0  0  2  1.945404e-01  2.000000e-07
 40  44  0  0  0  2  2.602600e-01  2.000000e-07
 40  87 -1  0  0  2  2.511975e-01  2.000000e-07
 40  82 -1  0  0  2  3.485271e-01  2.000000e-07
 40  85  0  0  0  2  2.765227e-01  2.000000e-07
 40  39  0  0  0  2  9.286687e-02  2.000000e-07
 40  74  0  0  0  2  1.176878e-01  2.000000e-07
 84  88 -1  0  0  2  4.208478e-01  2.000000e-07
 84  68  0 -1  0  2  6.338083e-01  2.000000e-07
 84  38  0  0  0  2  2.524229e-01  2.000000e-07
 84  77  0 -1  0  2  6.320700e-01  2.000000e-07
 84  73  0  0  0  2  2.347433e-01  2.000000e-07
 84  69  0 -1  0  2  3.463957e-01  2.000000e-07
 84  39  0  0  0  2  1.967688e-01  2.000000e-07
 84  60  0 -1  0  2  4.118260e-01  2.000000e-07
 84  76 -1 -1  0  2  5.630193e-01  2.000000e-07
 51  87  0  1  0  2  5.561767e-01  2.000000e-07
 51  77  0  0  0  2  1.474926e-01  2.000000e-07
 51  82  0  0  0  2  3.321242e-01  2.000000e-07
 51  69  0  0  0  2  2.517226e-01  2.000000e-07
 51  49  0  0  0  2  2.987186e-01  2.000000e-07
 51  46  0  0  0  2  1.371164e-01  2.000000e-07
 44  38  0  0  0  2  2.129207e-01  2.000000e-07
 44  60  0  0  0  2  2.943867e-01  2.000000e-07
 44  74  0  0  0  2  2.602943e-01  2.000000e-07
 87  88  0  0  0  2  4.096790e-02  2.000000e-07
 87  77  0 -1  0  2  4.510473e-01  2.000000e-07
 87  63  0  0  0  2  7.148463e-02  2.000000e-07
 87  82  0  0  0  2  1.679819e-01  2.000000e-07
 87  85  0  0  0  2  5.628345e-01  2.000000e-07
 87  73  0  0  0  2  3.632092e-01  2.000000e-07
 87  69  0 -1  0  2  5.316236e-01  2.000000e-07
 87  39  1  0  0  2  3.101400e-01  2.000000e-07
 88  77  0 -1  0  2  4.845881e-01  2.000000e-07
 88  63  0  0  0  2  1.045436e-01  2.000000e-07
 88  82  0  0  0  2  1.509676e-01  2.000000e-07
 88  67  0  0  0  2  1.177597e-01  2.000000e-07
 88  73  0  0  0  2  3.911077e-01  2.000000e-07
 88  39  1  0  0  2  2.786306e-01  2.000000e-07
 88  74  1  0  0  2  3.459610e-01  2.000000e-07
 88  49  0  0  0  2  4.585813e-01  2.000000e-07
 88  65  0  0  0  2  1.254651e-01  2.000000e-07
 88  76  0 -1  0  2  4.768987e-01  2.000000e-07
 68  77  0  0  0  2  6.789069e-03  2.000000e-07
 68  73  0  1  0  2  5.626208e-01  2.000000e-07
 68  65  0  1  0  2  3.987981e-01  2.000000e-07
 68  76  0  0  0  2  3.565644e-02  2.000000e-07
 38  85  0  0  0  2  3.206281e-01  2.000000e-07
 38  73  0  0  0  2  1.358877e-01  2.000000e-07
 38  60  0  0  0  2  4.511460e-01  2.000000e-07
 38  74  0  0  0  2  2.536324e-01  2.000000e-07
 77  73  0  1  0  2  5.585878e-01  2.000000e-07
 77  69  0  0  0  2  3.327245e-01  2.000000e-07
 77  49  0  0  0  2  4.434935e-01  2.000000e-07
 77  65  0  1  0  2  3.924835e-01  2.000000e-07
 77  76  0  0  0  2  3.213337e-02  2.000000e-07
 63  82  0  0  0  2  1.659703e-01  2.000000e-07
 63  67  0  0  0  2  1.834332e-02  2.000000e-07
 63  85  0  0  0  2  4.948691e-01  2.000000e-07
 63  74  0  0  0  2  5.651173e-01  2.000000e-07
 63  65  0  0  0  2  5.397219e-02  2.000000e-07
 82  73  0  0  0  2  3.489645e-01  2.000000e-07
 82  46  0  0  0  2  1.992083e-01  2.000000e-07
 67  73  0  0  0  2  2.858788e-01  2.000000e-07
 67  74  0  0  0  2  5.566487e-01  2.000000e-07
 67  49  0  0  0  2  4.013272e-01  2.000000e-07
 67  65  0  0  0  2  3.986572e-02  2.000000e-07
 85  69  0 -1  0  2  2.493664e-01  2.000000e-07
 85  60  0 -1  0  2  3.407049e-01  2.000000e-07
 85  74  0  0  0  2  1.763301e-01  2.000000e-07
 85  65  0  0  0  2  4.856842e-01  2.000000e-07
 73  69  0 -1  0  2  3.914838e-01  2.000000e-07
 73  65  0  0  0  2  3.076543e-01  2.000000e-07
 69  60  0  0  0  2  3.281095e-01  2.000000e-07
 69  49  0  0  0  2  3.674811e-01  2.000000e-07
 60  49  0  0  0  2  3.967264e-01  2.000000e-07
 74  65  0  0  0  2  5.720733e-01  2.000000e-07
 46  63  0  0  0  2  3.463739e-01  2.000000e-07
 65  76  0 -1  0  2  3.912835e-01  2.000000e-07
 78  42  0  0  0  1  1.209204e-01  3.000000e-07
 78  43  0  0  0  1  7.238878e-02  3.000000e-07
 78  83  0  0  0  1  1.630798e-01  3.000000e-07
 78  38  0  0  0  1  2.085297e-01  3.000000e-07
 78  73  0  0  0  1  2.433909e-01  3.000000e-07
 78  39  0  0  0  1  1.117284e-01  3.000000e-07
 53  66  0  0  0  1  1.039519e-01  3.000000e-07
 53  57  0  0  0  1  1.701973e-01  3.000000e-07
 53  69  0  0  0  1  8.761359e-02  3.000000e-07
 71  43  0  0  0  1  1.728375e-01  3.000000e-07
 71  40  0  0  0  1  1.961901e-01  3.000000e-07
 71  84  0  0  0  1  1.721578e-01  3.000000e-07
 71  85  0  0  0  1  1.725598e-01  3.000000e-07
 71  74  0  0  0  1  1.766937e-01  3.000000e-07
 41  44  0  0  0  1  1.208460e-01  3.000000e-07
 41  39  0  0  0  1  5.581953e-02  3.000000e-07
 70  66  0  0  0  1  1.129480e-01  3.000000e-07
 70  79  0  0  0  1  1.779774e-01  3.000000e-07
 70  52  0  0  0  1  1.213615e-01  3.000000e-07
 70  57  0  0  0  1  1.991569e-01  3.000000e-07
 70  48  0  0  0  1  1.562879e-01  3.000000e-07
 66  52  0  0  0  1  1.515805e-01  3.000000e-07
 66  51  0  0  0  1  1.364409e-01  3.000000e-07
 66  68  0  0  0  1  2.198503e-01  3.000000e-07
 66  77  0  0  0  1  2.215876e-01  3.000000e-07
 66  69  0  0  0  1  1.178887e-01  3.000000e-07
 66  65  0  1  0  1  4.298921e-01  3.000000e-07
 79  80  0  0  0  1  5.154450e-02  3.000000e-07
 79  56  0  0  0  1  1.280834e-01  3.000000e-07
 79  57  0  0  0  1  2.355334e-01  3.000000e-07
 79  48  0  0  0  1  1.819760e-01  3.000000e-07
 79  45  0  0  0  1  1.767671e-01  3.000000e-07
 42  83  0  0  0  1  1.380103e-01  3.000000e-07
 42  44  0  0  0  1  1.194515e-01  3.000000e-07
 42  39  0  0  0  1  5.485509e-02  3.000000e-07
 43  74  0  0  0  1  5.975064e-02  3.000000e-07
 52  48  0  0  0  1  5.288062e-02  3.000000e-07
 52  50  0  0  0  1  7.900993e-02  3.000000e-07
 52  51  0  0  0  1  6.159126e-02  3.000000e-07
 54  55  0  0  0  1  1.048147e-01  3.000000e-07
 54  57  0  0  0  1  1.906829e-01  3.000000e-07
 54  81  0  0  0  1  2.842374e-01  3.000000e-07
 54  44  0  0  0  1  2.550860e-01  3.000000e-07
 54  60  0  0  0  1  5.942280e-02  3.000000e-07
 80  45  0  0  0  1  1.593582e-01  3.000000e-07
 80  58  0  0  0  1  6.687343e-02  3.000000e-07
 80  64  0  0  0  1  1.401154e-01  3.000000e-07
 55  89 -1  0  0  1  2.655497e-01  3.000000e-07
 55  81  0  0  0  1  3.359499e-01  3.000000e-07
 55  86 -1  1  0  1  3.450757e-01  3.000000e-07
 55  59 -1  0  0  1  1.700607e-01  3.000000e-07
 55  60  0  0  0  1  1.188901e-01  3.000000e-07
 56  57  0  0  0  1  2.140261e-01  3.000000e-07
 56  83  0  0  0  1  1.314801e-01  3.000000e-07
 56  44  0  0  0  1  1.543278e-01  3.000000e-07
 56  38  0  0  0  1  1.426233e-01  3.000000e-07
 56  49  0  0  0  1  1.128353e-01  3.000000e-07
 57  85  0  1  0  1  3.445500e-01  3.000000e-07
 57  69  0  0  0  1  2.148674e-01  3.000000e-07
 57  60  0  0  0  1  1.604797e-01  3.000000e-07
 72  84  0  0  0  1  2.432038e-01  3.000000e-07
 72  63  0  0  0  1  2.735357e-01  3.000000e-07
 72  67  0  0  0  1  2.662910e-01  3.000000e-07
 72  85  0  0  0  1  2.583778e-01  3.000000e-07
 72  69  0 -1  0  1  3.728821e-01  3.000000e-07
 72  65  0  0  0  1  2.860681e-01  3.000000e-07
 89  50  0  0  0  1  1.065955e-01  3.000000e-07
 89  59  0  0  0  1  1.400100e-01  3.000000e-07
 89  68  0  0  0  1  1.408410e-01  3.000000e-07
 89  82  0  0  0  1  2.438516e-01  3.000000e-07
 89  46  0  0  0  1  1.284394e-01  3.000000e-07
 62  58  0  0  0  1  8.869933e-02  3.000000e-07
 62  38  0  0  0  1  1.356182e-01  3.000000e-07
 62  73  0  0  0  1  2.168407e-01  3.000000e-07
 48  50  0  0  0  1  6.026122e-02  3.000000e-07
 81  40  0  0  0  1  2.084513e-01  3.000000e-07
 81  44  0  0  0  1  1.621665e-01  3.000000e-07
 81  88 -1  0  0  1  2.356639e-01  3.000000e-07
 81  39  0  0  0  1  1.623319e-01  3.000000e-07
 45  50  0  0  0  1  6.892031e-02  3.000000e-07
 45  46  0  0  0  1  5.000971e-02  3.000000e-07
 58  64  0  0  0  1  1.141735e-01  3.000000e-07
 58  63  0  0  0  1  3.004002e-01  3.000000e-07
 58  82  0  0  0  1  2.322212e-01  3.000000e-07
 58  73  0  0  0  1  2.274790e-01  3.000000e-07
 50  51  0  0  0  1  8.800927e-02  3.000000e-07
 50  46  0  0  0  1  5.149856e-02  3.000000e-07
 64  82  0  0  0  1  2.075281e-01  3.000000e-07
 64  46  0  0  0  1  6.053990e-02  3.000000e-07
 86  59  0 -1  0  1  2.996901e-01  3.000000e-07
 86  40  1  0  0  1  2.592319e-01  3.000000e-07
 86  87  0  0  0  1  1.791984e-01  3.000000e-07
 86  88  0  0  0  1  2.048818e-01  3.000000e-07
 86  77  0 -1  0  1  2.885676e-01  3.000000e-07
 86  65  0  0  0  1  1.579243e-01  3.000000e-07
 86  76  0 -1  0  1  2.766107e-01  3.000000e-07
 59  68  0  0  0  1  8.330548e-02  3.000000e-07
 59  76  0  0  0  1  5.519874e-02  3.000000e-07
 83  44  0  0  0  1  1.376052e-01  3.000000e-07
 83  38  0  0  0  1  8.230118e-02  3.000000e-07
 40  88 -1  0  0  1  2.282775e-01  3.000000e-07
 40  39  0  0  0  1  9.286687e-02  3.000000e-07
 40  74  0  0  0  1  1.176878e-01  3.000000e-07
 84  85  0  0  0  1  9.960075e-02  3.000000e-07
 84  73  0  0  0  1  2.347433e-01  3.000000e-07
 51  68  0  0  0  1  1.421572e-01  3.000000e-07
 87  63  0  0  0  1  7.148463e-02  3.000000e-07
 87  65  0  0  0  1  8.463291e-02  3.000000e-07
 88  63  0  0  0  1  1.045436e-01  3.000000e-07
 88  82  0  0  0  1  1.509676e-01  3.000000e-07
 63  82  0  0  0  1  1.659703e-01  3.000000e-07
 63  65  0  0  0  1  5.397219e-02  3.000000e-07
 82  46  0  0  0  1  1.992083e-01  3.000000e-07
 85  69  0 -1  0  1  2.493664e-01  3.000000e-07
 85  60  0 -1  0  1  3.407049e-01  3.000000e-07
 69  65  0  1  0  1  4.472007e-01  3.000000e-07
 39  74  0  0  0  1  1.182066e-01  3.000000e-07
 60  71  0  1  0  1  2.859991e-01  3.000000e-07
 8.377025e-02 -2.581568e-01  2.948061e-01
 1.553828e-01 -2.899245e-01  2.205242e-01
 3.247404e-01 -3.815775e-01  2.622161e-01
-2.733371e-01  8.027609e-02 -2.597377e-01
-1.614663e-02 -1.982530e-02  4.041066e-01
-8.274582e-02  2.145493e-02  3.662671e-01
-2.851226e-01  3.988673e-01  1.375115e-01
-3.090305e-01  2.959384e-01  2.428833e-01
-1.744654e-01  2.687007e-01  2.544044e-01
-3.057437e-01 -4.258012e-01  1.256335e-01
-4.259352e-01  2.648279e-01  2.073982e-01
-3.890369e-01  2.226631e-02  3.491551e-01
-2.836281e-02  2.556100e-01 -4.324493e-01
 7.387233e-02  3.045619e-01  2.349408e-01
-3.040072e-01  3.767505e-01  1.646253e-01
-2.238866e-01 -6.332591e-02  2.331458e-01
 4.458995e-01 -2.497200e-01  3.864640e-01
-1.079015e-01 -3.917907e-01  2.609204e-01
 4.196108e-01  2.631220e-01 -1.619744e-01
 3.477747e-01 -2.538167e-01 -1.580184e-01
-3.524448e-01 -4.223646e-01 -2.917510e-01
 1.795721e-01 -1.292712e-01 -2.336157e-01
-6.144484e-02  1.696739e-01 -2.186920e-01
 9.513169e-02  2.004875e-01 -1.687743e-01
-1.166260e-02 -1.452364e-01 -1.999026e-01
 1.942621e-01  3.461502e-01 -1.264272e-01
 6.854783e-02 -1.137869e-01 -3.011603e-01
-1.845479e-01 -2.121506e-01  4.378972e-01
 3.124012e-01  3.294594e-01 -3.472849e-01
 1.363094e-02 -2.508391e-01 -4.068129e-01
-3.993389e-01  1.380818e-01 -2.784978e-01
-5.129039e-02 -3.714406e-01 -3.533794e-01
 2.477922e-01 -2.813123e-01 -4.489059e-01
 1.561342e-01  1.101805e-01 -3.869593e-01
 2.268539e-02 -3.651456e-02 -4.361957e-01
 4.172469e-01  1.994845e-02 -3.366745e-01
 1.273597e-01 -4.175991e-02 -2.421084e-01
 2.787919e-01 -5.248080e-02  2.045577e-01
-3.876707e-02 -8.699263e-02  0
-2.901004e-01 -1.516922e-01  0
-3.446900e-01 -2.268204e-01  0
-2.935386e-01 -9.597869e-02  0
-2.542436e-01 -1.101787e-01  0
-1.815406e-01 -2.883776e-01  0
-2.299303e-01  6.772162e-03  0
 2.110714e-01  1.346248e-01  0
 2.606030e-01  1.277258e-01  0
 2.159363e-01  1.151410e-01  0
 2.050812e-01  1.651342e-01  0
 3.123800e-02  4.472200e-02  0
 2.636942e-01  1.791315e-01  0
 2.356467e-01  2.625520e-01  0
 1.942980e-01  2.169037e-01  0
 3.900870e-02  3.247745e-01  0
-3.087346e-01  2.493804e-01  0
-3.922327e-01  3.127380e-01  0
-8.151328e-02  4.907412e-02  0
-1.183425e-01  2.599077e-01  0
 1.323553e-01  1.226988e-02  0
 4.378135e-01  3.187660e-01  0
-2.742849e-01  2.977983e-01  0
 4.725877e-02 -6.600165e-02  1.314396e-01
 4.403094e-02  2.041680e-02  0
 3.334366e-01 -2.109040e-01  0
 2.079660e-01  9.781885e-02  0
 3.419021e-01 -2.642082e-01  0
 1.376717e-01  3.575099e-01  0
 3.259763e-01 -2.276617e-01  0
 3.565878e-01  3.372642e-01  0
 3.323516e-02  4.121977e-01  0
 8.081438e-02  2.599164e-01  0
-2.968842e-01 -4.170969e-01  0
 5.994613e-02 -2.158781e-01  0
 4.181058e-02 -1.964125e-01  0
-2.300714e-01 -2.535221e-01  0
-1.185813e-01 -9.205348e-02 -2.005038e-01
 3.907237e-01  3.475660e-01  0
 3.588269e-01  3.436734e-01  0
-2.005728e-01 -2.185355e-01  0
 4.099539e-02  8.645050e-02  0
 7.657328e-02  4.915372e-02  0
-3.893031e-01 -2.319912e-02  0
 3.569872e-01 -4.661304e-02  0
-1.203997e-01 -7.652391e-02  0
-1.664392e-01 -3.047473e-01  0
-1.256661e-01 -3.956201e-01  0
 4.474301e-01 -3.816982e-01  0
 4.048464e-01 -2.076330e-01  0
 4.324541e-01 -1.773645e-01  0
 3.687894e-01  1.969528e-01  0