 705  90  1.200000e-05  76 -2 -2
 20  32  0 -1  0  3  3.263959e-01  1.000000e-07
 20  36  0  0  0  3  3.764239e-01  1.000000e-07
 20  28  0  0  0  3  1.348875e-01  1.000000e-07
 20  29  0  0  0  3  1.414182e-01  1.000000e-07
 20  21  0 -1  0  3  4.111493e-01  1.000000e-07
 22  84  0  0  0  3  2.673271e-01  1.000000e-07
 22  35  0  0  0  3  3.477739e-01  1.000000e-07
 22  31  0  0  0  3  2.881774e-01  1.000000e-07
 22  30  0  0  0  3  5.526447e-01  1.000000e-07
 22  28  0  0  0  3  2.717162e-01  1.000000e-07
 22  27  0  0  0  3  3.102841e-01  1.000000e-07
 19  33  0  0  0  3  1.338610e-01  1.000000e-07
 19  32  0  0  0  3  2.882500e-01  1.000000e-07
 19  31  0  0  0  3  4.273236e-01  1.000000e-07
 19  30  0  0  0  3  1.482542e-01  1.000000e-07
 19  36  0  1  0  3  3.883958e-01  1.000000e-07
 19  44  0  0  1  3  4.781797e-01  1.000000e-07
 84  26  0  0  0  3  1.976271e-01  1.000000e-07
 84  25  1  0  0  3  4.132762e-01  1.000000e-07
 84  36  1  0  0  3  5.809750e-01  1.000000e-07
 33  34 -1  0  0  3  5.571328e-01  1.000000e-07
 33  26 -1  0  0  3  5.212562e-01  1.000000e-07
 33  30  0  0  0  3  1.568882e-01  1.000000e-07
 33  21  0  0  0  3  3.825262e-01  1.000000e-07
 33  27  0  0  0  3  4.500890e-01  1.000000e-07
 33  41  0  0  1  3  4.321333e-01  1.000000e-07
 33  39  0  0  1  3  2.895658e-01  1.000000e-07
 33  44  0  0  1  3  3.886020e-01  1.000000e-07
 34  26  0  0  0  3  8.902522e-02  1.000000e-07
 34  24  0  0  0  3  3.324268e-01  1.000000e-07
 34  25  1  0  0  3  4.718008e-01  1.000000e-07
 34  35  0  0  0  3  9.028190e-02  1.000000e-07
 34  27  0  0  0  3  1.880191e-01  1.000000e-07
 34  18  0  0  1  3  4.708316e-01  1.000000e-07
 34  39  1  0  1  3  5.698501e-01  1.000000e-07
 34  44  1  0  1  3  5.723252e-01  1.000000e-07
 26  24  0  0  0  3  2.935281e-01  1.000000e-07
 26  25  1  0  0  3  4.429672e-01  1.000000e-07
 26  35  0  0  0  3  1.531291e-01  1.000000e-07
 26  31  0  0  0  3  1.996691e-01  1.000000e-07
 26  29  0  0  0  3  2.835190e-01  1.000000e-07
 26  27  0  0  0  3  2.275505e-01  1.000000e-07
 24  35  0  0  0  3  3.163001e-01  1.000000e-07
 24  30  1  0  0  3  4.000343e-01  1.000000e-07
 24  37  0  1  1  3  6.760209e-01  1.000000e-07
 25  30  0  0  0  3  3.629770e-01  1.000000e-07
 25  28 -1  0  0  3  5.056119e-01  1.000000e-07
 25  29 -1  0  0  3  4.686504e-01  1.000000e-07
 25  38  0  0  1  3  3.835092e-01  1.000000e-07
 25  39  0  0  1  3  2.382284e-01  1.000000e-07
 35  30  0  0  0  3  4.619981e-01  1.000000e-07
 35  21  0  0  0  3  1.598614e-01  1.000000e-07
 35  10  0  0  1  3  4.530331e-01  1.000000e-07
 35  41  0  0  1  3  5.196631e-01  1.000000e-07
 35  85  0  0  1  3  6.380280e-01  1.000000e-07
 23  32  0 -1  0  3  3.996287e-01  1.000000e-07
 23  30  0  0  0  3  5.248276e-01  1.000000e-07
 23  36  0  0  0  3  3.491131e-01  1.000000e-07
 23  28  0  0  0  3  2.799096e-01  1.000000e-07
 23  29  0  0  0  3  2.161736e-01  1.000000e-07
 23  27  0  0  0  3  1.816767e-01  1.000000e-07
 23  42  0  0  1  3  3.435899e-01  1.000000e-07
 23  40  0  0  1  3  1.739709e-01  1.000000e-07
 23  39  0  0  1  3  4.349830e-01  1.000000e-07
 32  36  0  1  0  3  3.748546e-01  1.000000e-07
 32  28  0  1  0  3  3.427662e-01  1.000000e-07
 32  21  0  0  0  3  1.591214e-01  1.000000e-07
 32  37  0  1  1  3  6.466705e-01  1.000000e-07
 32  43  0  0  1  3  4.466755e-01  1.000000e-07
 31  30  0  0  0  3  4.597415e-01  1.000000e-07
 31  21  0  0  0  3  1.965053e-01  1.000000e-07
 36  28 -1  0  0  3  5.075181e-01  1.000000e-07
 36  15  0  0  1  3  5.060885e-01  1.000000e-07
 36  8  0  0  1  3  5.209159e-01  1.000000e-07
 28  29  0  0  0  3  1.214168e-01  1.000000e-07
 28  21  0 -1  0  3  3.851891e-01  1.000000e-07
 28  42  0  0  1  3  4.800147e-01  1.000000e-07
 29  27  0  0  0  3  1.971831e-01  1.000000e-07
 29  37  0  0  1  3  4.442853e-01  1.000000e-07
 29  42  0  0  1  3  4.676535e-01  1.000000e-07
 29  40  0  0  1  3  3.463965e-01  1.000000e-07
 21  37  0  1  1  3  6.758298e-01  1.000000e-07
 27  37  0  0  1  3  4.699624e-01  1.000000e-07
 27  40  0  0  1  3  2.316303e-01  1.000000e-07
 27  39  0  0  1  3  4.643342e-01  1.000000e-07
 10  37  0  0  0  3  3.670655e-01  1.000000e-07
 10  40  0  0  0  3  3.421306e-01  1.000000e-07
 10  13  1  0  0  3  4.290759e-01  1.000000e-07
 10  44  1  0  0  3  4.301610e-01  1.000000e-07
 10  14  0  0  0  3  4.963553e-01  1.000000e-07
 10  85  0  0  0  3  3.941992e-01  1.000000e-07
 37  40  0  0  0  3  4.954287e-01  1.000000e-07
 37  15  1  0  0  3  2.702748e-01  1.000000e-07
 37  13  1  0  0  3  2.677509e-01  1.000000e-07
 9  80  0  0  0  3  5.684698e-01  1.000000e-07
 9  38  0  0  0  3  1.966968e-01  1.000000e-07
 9  15  0  0  0  3  1.359615e-01  1.000000e-07
 9  16  0  0  0  3  1.142531e-01  1.000000e-07
 9  43  0 -1  0  3  3.994771e-01  1.000000e-07
 9  8  0  0  0  3  1.222484e-01  1.000000e-07
 42  17  0 -1  0  3  3.235551e-01  1.000000e-07
 42  11  0 -1  0  3  3.967809e-01  1.000000e-07
 42  41  0 -1  0  3  3.635028e-01  1.000000e-07
 42  18  0 -1  0  3  4.414473e-01  1.000000e-07
 42  14  0  0  0  3  2.344061e-01  1.000000e-07
 17  41  0  0  0  3  3.032313e-01  1.000000e-07
 17  80  0  0  0  3  1.193593e-01  1.000000e-07
 17  18  0  0  0  3  1.609754e-01  1.000000e-07
 17  43  0  0  0  3  1.763273e-01  1.000000e-07
 17  85  0  0  0  3  2.898469e-01  1.000000e-07
 11  12  0  0  0  3  1.633563e-01  1.000000e-07
 11  41  0  0  0  3  8.238406e-02  1.000000e-07
 11  15  0  1  0  3  3.961970e-01  1.000000e-07
 11  39  0  0  0  3  3.137155e-01  1.000000e-07
 11  16  0  1  0  3  3.535026e-01  1.000000e-07
 11  44  0  0  0  3  1.908368e-01  1.000000e-07
 11  43  0  0  0  3  2.650875e-01  1.000000e-07
 11  14  0  1  0  3  4.017107e-01  1.000000e-07
 12  41  0  0  0  3  2.315347e-01  1.000000e-07
 12  15  0  1  0  3  3.244568e-01  1.000000e-07
 12  13  0  1  0  3  3.894469e-01  1.000000e-07
 12  16  0  1  0  3  2.716690e-01  1.000000e-07
 12  44  0  0  0  3  2.515178e-01  1.000000e-07
 12  43  0  0  0  3  3.502715e-01  1.000000e-07
 12  85 -1  0  0  3  2.879091e-01  1.000000e-07
 41  44  0  0  0  3  2.277803e-01  1.000000e-07
 41  43  0  0  0  3  2.117301e-01  1.000000e-07
 40  38  0  0  0  3  2.299121e-01  1.000000e-07
 40  39  0  0  0  3  3.633312e-01  1.000000e-07
 40  14  0  0  0  3  2.848383e-01  1.000000e-07
 40  8  0  0  0  3  2.847150e-01  1.000000e-07
 80  18  0  0  0  3  1.091261e-01  1.000000e-07
 38  18  0  0  0  3  4.337262e-01  1.000000e-07
 38  13  0  0  0  3  2.354955e-01  1.000000e-07
 38  39  0  0  0  3  2.881593e-01  1.000000e-07
 38  44  0  0  0  3  3.922231e-01  1.000000e-07
 38  14  0  0  0  3  1.423819e-01  1.000000e-07
 38  8  0  0  0  3  1.201320e-01  1.000000e-07
 18  39  0  0  0  3  4.604636e-01  1.000000e-07
 18  44  1  0  0  3  5.466359e-01  1.000000e-07
 18  85  0  0  0  3  3.286045e-01  1.000000e-07
 15  39  0  0  0  3  3.977020e-01  1.000000e-07
 15  16  0  0  0  3  1.160575e-01  1.000000e-07
 15  14  0  0  0  3  1.590449e-01  1.000000e-07
 15  8  0  0  0  3  1.427408e-01  1.000000e-07
 13  39  0  0  0  3  3.815200e-01  1.000000e-07
 13  16  0  0  0  3  1.799756e-01  1.000000e-07
 13  44  0  0  0  3  4.256393e-01  1.000000e-07
 13  85 -1 -1  0  3  5.273906e-01  1.000000e-07
 16  43  0 -1  0  3  3.464533e-01  1.000000e-07
 16  14  0  0  0  3  1.601253e-01  1.000000e-07
 14  43  0 -1  0  3  3.109142e-01  1.000000e-07
 14  8  0  0  0  3  2.827557e-02  1.000000e-07
 24  83  0  0  0  3  2.575319e-01  1.000000e-07
 78  16  1  1  0  3  3.235373e-01  1.000000e-07
 32  65  0  0  0  3  3.197245e-01  1.000000e-07
 82  17  0  0  0  3  1.635874e-01  1.000000e-07
 31  52  0  0  0  3  1.169956e-01  1.000000e-07
 54  10  0  0  0  3  3.164232e-01  1.000000e-07
 84  3  0  0  0  3  1.971347e-01  1.000000e-07
 81  13  1  0  0  3  2.820216e-01  1.000000e-07
 19  56  0  0  0  3  3.018132e-01  1.000000e-07
 67  80  0  0  0  3  1.763786e-01  1.000000e-07
 31  86  0  0  0  3  1.581246e-01  1.000000e-07
 45  85  0  0  0  3  1.789777e-01  1.000000e-07
 24  86  0  0  0  3  1.608352e-01  1.000000e-07
 45  80  0  0  0  3  1.832495e-01  1.000000e-07
 19  68  0  0  0  3  2.150330e-01  1.000000e-07
 63  41  0  0  0  3  3.156555e-01  1.000000e-07
 22  52  0  0  0  3  1.826489e-01  1.000000e-07
 75  80  0  0  0  3  2.260510e-01  1.000000e-07
 20  64  0  0  0  3  2.384174e-01  1.000000e-07
 55  42  0  0  0  3  3.083555e-01  1.000000e-07
 30  67  0  0  0  3  2.556718e-01  1.000000e-07
 56  80  0  0  0  3  2.221230e-01  1.000000e-07
 25  71  0  0  0  3  4.369842e-01  1.000000e-07
 53  9  0  0  0  3  1.216718e-01  1.000000e-07
 21  79  0  0  0  3  2.485971e-01  1.000000e-07
 72  80  0  0  0  3  1.269248e-01  1.000000e-07
 84  45  0  0  0  3  1.948111e-01  1.000000e-07
 54  80  0  0  0  3  1.996076e-01  1.000000e-07
 24  78  0  0  0  3  1.532262e-01  1.000000e-07
 83  12  1  0  0  3  2.907171e-01  1.000000e-07
 24  78  0  0  0  3  1.117357e-01  1.000000e-07
 83  85  0  0  0  3  1.201518e-01  1.000000e-07
 31  72  0  0  0  3  1.095005e-01  1.000000e-07
 79  80  0  0  0  3  1.313224e-01  1.000000e-07
 22  76  0  0  0  3  1.616999e-01  1.000000e-07
 57  8  0  0  0  3  3.528546e-01  1.000000e-07
 20  64  0  0  0  3  2.712911e-01  1.000000e-07
 55  43  0 -1  0  3  2.831500e-01  1.000000e-07
 36  73  0  0  0  3  3.003774e-01  1.000000e-07
 70  9  0  0  0  3  1.187837e-01  1.000000e-07
 84  50  0  0  0  3  1.302159e-01  1.000000e-07
 74  10  0  0  0  3  3.008870e-01  1.000000e-07
 22  75  0  0  0  3  1.382886e-01  1.000000e-07
 52  18  0  0  0  3  3.149616e-01  1.000000e-07
 20  73  0  0  0  3  3.246241e-01  1.000000e-07
 51  16  0  0  0  3  1.895657e-01  1.000000e-07
 84  86  0  0  0  3  1.743575e-01  1.000000e-07
 1  85  0  0  0  3  1.686089e-01  1.000000e-07
 84  59  0  0  0  3  1.412897e-01  1.000000e-07
 77  44  1  0  0  3  3.878663e-01  1.000000e-07
 19  62  0  1  0  3  3.206341e-01  1.000000e-07
 73  16  0  0  0  3  2.066089e-01  1.000000e-07
 20  73  0  0  0  3  3.156291e-01  1.000000e-07
 70  9  0  0  0  3  1.518388e-01  1.000000e-07
 21  65  0  0  0  3  2.441670e-01  1.000000e-07
 79  17  0  0  0  3  1.600002e-01  1.000000e-07
 31  79  0  0  0  3  1.243991e-01  1.000000e-07
 72  17  0  0  0  3  1.914798e-01  1.000000e-07
 71  70  0  0  0  2  1.045679e-01  2.000000e-07
 71  50 -1  0  0  2  3.969024e-01  2.000000e-07
 71  53  0  0  0  2  7.524874e-02  2.000000e-07
 71  60  0  0  0  2  3.679860e-01  2.000000e-07
 71  3 -1  0  0  2  2.582038e-01  2.000000e-07
 71  62  0  0  0  2  2.199832e-01  2.000000e-07
 71  7  0  0  0  2  1.972271e-01  2.000000e-07
 71  0  0 -1  0  2  4.243431e-01  2.000000e-07
 71  88 -1  0  0  2  3.249675e-01  2.000000e-07
 71  64  0  0  0  2  3.538321e-01  2.000000e-07
 71  89 -1  0  0  2  4.580726e-01  2.000000e-07
 71  58 -1  0  0  2  3.517170e-01  2.000000e-07
 69  70  0  0  0  2  2.441609e-01  2.000000e-07
 69  1 -1  0  0  2  3.365126e-01  2.000000e-07
 69  50 -1  0  0  2  2.872233e-01  2.000000e-07
 69  53  0  0  0  2  1.991100e-01  2.000000e-07
 69  73  0  0  0  2  2.992802e-01  2.000000e-07
 69  74 -1  0  0  2  3.941054e-01  2.000000e-07
 69  49 -1  0  0  2  5.304174e-01  2.000000e-07
 69  6  0  0  0  2  2.188628e-01  2.000000e-07
 69  59 -1  0  0  2  2.786846e-01  2.000000e-07
 69  60  0  0  0  2  2.260880e-01  2.000000e-07
 69  75 -1  0  0  2  4.264826e-01  2.000000e-07
 69  3 -1  0  0  2  1.634608e-01  2.000000e-07
 69  62  0  0  0  2  3.554598e-01  2.000000e-07
 69  67  0  0  0  2  3.784351e-01  2.000000e-07
 69  5  0  0  0  2  2.910371e-01  2.000000e-07
 69  81 -1  0  0  2  1.925578e-01  2.000000e-07
 69  77 -1  0  0  2  3.173894e-01  2.000000e-07
 69  68  0  0  0  2  3.795611e-01  2.000000e-07
 51  53  0  0  0  2  2.086522e-01  2.000000e-07
 51  57  0  0  0  2  1.680558e-01  2.000000e-07
 51  47  0  0  0  2  2.392216e-01  2.000000e-07
 51  62  0  0  0  2  2.959732e-01  2.000000e-07
 51  7  0  0  0  2  1.591596e-01  2.000000e-07
 51  63  0 -1  0  2  4.176783e-01  2.000000e-07
 51  65  0 -1  0  2  3.813231e-01  2.000000e-07
 51  5  0  0  0  2  1.396495e-01  2.000000e-07
 51  64  0  0  0  2  9.654848e-02  2.000000e-07
 51  55  0  0  0  2  1.832971e-01  2.000000e-07
 51  56  0 -1  0  2  4.274464e-01  2.000000e-07
 51  68  0 -1  0  2  3.884839e-01  2.000000e-07
 51  48  0  0  0  2  2.780398e-01  2.000000e-07
 70  73  0  0  0  2  6.773896e-02  2.000000e-07
 70  60  0  0  0  2  4.156030e-01  2.000000e-07
 70  3 -1  0  0  2  3.615312e-01  2.000000e-07
 70  76  0  0  0  2  2.342361e-01  2.000000e-07
 70  61  0  0  0  2  4.974985e-01  2.000000e-07
 70  67  0  0  0  2  4.147070e-01  2.000000e-07
 70  0  0 -1  0  2  4.022013e-01  2.000000e-07
 70  88 -1  0  0  2  3.941817e-01  2.000000e-07
 70  64  0  0  0  2  2.518045e-01  2.000000e-07
 1  78  0  0  0  2  1.049775e-01  2.000000e-07
 1  74  0  0  0  2  2.251050e-01  2.000000e-07
 1  59  0  0  0  2  6.785395e-02  2.000000e-07
 1  86  0  0  0  2  9.358566e-02  2.000000e-07
 1  67  1  0  0  2  5.362411e-01  2.000000e-07
 1  81  0  0  0  2  2.301297e-01  2.000000e-07
 1  88  0  1  0  2  3.987609e-01  2.000000e-07
 1  77  0  0  0  2  3.073511e-02  2.000000e-07
 1  68  1  0  0  2  3.344233e-01  2.000000e-07
 46  78  0 -1  0  2  2.943601e-01  2.000000e-07
 46  79  0 -1  0  2  3.634850e-01  2.000000e-07
 46  73  0  0  0  2  4.470988e-01  2.000000e-07
 46  49  0  0  0  2  7.855075e-02  2.000000e-07
 46  75  0  0  0  2  3.868220e-01  2.000000e-07
 46  76  0  0  0  2  3.633399e-01  2.000000e-07
 46  61  0 -1  0  2  3.894006e-01  2.000000e-07
 46  88  0  0  0  2  2.262382e-01  2.000000e-07
 46  64  0  0  0  2  2.279490e-01  2.000000e-07
 46  82  0 -1  0  2  1.930508e-01  2.000000e-07
 46  89  0  0  0  2  8.945467e-02  2.000000e-07
 78  79  0  0  0  2  2.657085e-01  2.000000e-07
 78  74  0  0  0  2  2.441734e-01  2.000000e-07
 78  49  0  1  0  2  3.705104e-01  2.000000e-07
 78  61  0  0  0  2  3.261359e-01  2.000000e-07
 78  86  0  0  0  2  5.703080e-02  2.000000e-07
 78  88  0  1  0  2  3.405989e-01  2.000000e-07
 78  77  0  0  0  2  1.289642e-01  2.000000e-07
 78  2  0  0  0  2  3.095897e-01  2.000000e-07
 78  83  0  0  0  2  6.362668e-02  2.000000e-07
 78  82  0  0  0  2  2.193410e-01  2.000000e-07
 78  72  0  0  0  2  2.747677e-01  2.000000e-07
 78  48  0  1  0  2  3.131157e-01  2.000000e-07
 78  89  0  1  0  2  3.430791e-01  2.000000e-07
 79  74  0  0  0  2  2.348821e-01  2.000000e-07
 79  49  0  1  0  2  4.331744e-01  2.000000e-07
 79  75  0  0  0  2  3.045372e-01  2.000000e-07
 79  61  0  0  0  2  6.262646e-02  2.000000e-07
 79  86  0  0  0  2  2.414885e-01  2.000000e-07
 79  67  0  0  0  2  1.444820e-01  2.000000e-07
 79  54  0  0  0  2  2.092285e-01  2.000000e-07
 79  56  0  0  0  2  1.302533e-01  2.000000e-07
 79  72  0  0  0  2  3.754246e-02  2.000000e-07
 79  48  0  1  0  2  3.405143e-01  2.000000e-07
 52  50  0  0  0  2  2.211247e-01  2.000000e-07
 52  57  0  0  0  2  3.978975e-01  2.000000e-07
 52  6  0  0  0  2  3.349611e-01  2.000000e-07
 52  67  0  0  0  2  2.132608e-01  2.000000e-07
 52  7  0  0  0  2  3.720882e-01  2.000000e-07
 52  65  0  0  0  2  2.405013e-01  2.000000e-07
 52  54  0  0  0  2  8.646915e-02  2.000000e-07
 52  5  0  0  0  2  4.027288e-01  2.000000e-07
 52  66  0  0  0  2  9.836282e-02  2.000000e-07
 52  64  0  0  0  2  4.728172e-01  2.000000e-07
 52  56  0  0  0  2  2.447535e-01  2.000000e-07
 52  82  0  0  0  2  2.871698e-01  2.000000e-07
 52  72  0  0  0  2  1.109911e-01  2.000000e-07
 52  87  0  0  0  2  3.113847e-01  2.000000e-07
 52  89  0  0  0  2  4.870426e-01  2.000000e-07
 52  45  0  0  0  2  1.226307e-01  2.000000e-07
 52  4  0  0  0  2  1.592879e-01  2.000000e-07
 52  58  0  0  0  2  2.664567e-01  2.000000e-07
 50  53  1  0  0  2  4.617208e-01  2.000000e-07
 50  57  0  0  0  2  3.960980e-01  2.000000e-07
 50  74  0  0  0  2  1.154442e-01  2.000000e-07
 50  49  0  0  0  2  3.851621e-01  2.000000e-07
 50  59  0  0  0  2  1.729913e-01  2.000000e-07
 50  60  1  0  0  2  3.820226e-01  2.000000e-07
 50  47  0  0  0  2  4.584935e-01  2.000000e-07
 50  62  1  0  0  2  4.824794e-01  2.000000e-07
 50  63  1  0  0  2  4.739510e-01  2.000000e-07
 50  54  0  0  0  2  1.404013e-01  2.000000e-07
 50  88  0  0  0  2  3.942145e-01  2.000000e-07
 50  64  0  0  0  2  4.876862e-01  2.000000e-07
 50  55  0  0  0  2  4.221872e-01  2.000000e-07
 50  48  0  0  0  2  4.788841e-01  2.000000e-07
 50  89  0  0  0  2  3.762586e-01  2.000000e-07
 50  45  0  0  0  2  1.650252e-01  2.000000e-07
 50  58  0  0  0  2  4.547832e-02  2.000000e-07
 53  6  0  0  0  2  1.483335e-01  2.000000e-07
 53  59 -1  0  0  2  4.777439e-01  2.000000e-07
 53  60  0  0  0  2  3.717649e-01  2.000000e-07
 53  62  0  0  0  2  2.601859e-01  2.000000e-07
 53  7  0  0  0  2  1.220307e-01  2.000000e-07
 53  63  0  0  0  2  4.910408e-01  2.000000e-07
 53  5  0  0  0  2  1.043447e-01  2.000000e-07
 53  64  0  0  0  2  2.941661e-01  2.000000e-07
 53  4  0  0  0  2  4.132535e-01  2.000000e-07
 57  74  0  0  0  2  3.955036e-01  2.000000e-07
 57  6  0  0  0  2  3.330701e-01  2.000000e-07
 57  75  0  0  0  2  2.716240e-01  2.000000e-07
 57  47  0  0  0  2  1.326279e-01  2.000000e-07
 57  7  0  0  0  2  2.205160e-01  2.000000e-07
 57  54  0  0  0  2  4.070547e-01  2.000000e-07
 57  5  0  0  0  2  2.255624e-01  2.000000e-07
 57  64  0  0  0  2  9.213875e-02  2.000000e-07
 57  55  0  0  0  2  5.277393e-02  2.000000e-07
 57  89  0  0  0  2  2.139799e-01  2.000000e-07
 73  49  0  0  0  2  4.164255e-01  2.000000e-07
 73  6  0  0  0  2  2.381556e-01  2.000000e-07
 73  3 -1  0  0  2  3.978480e-01  2.000000e-07
 73  76  0  0  0  2  2.621479e-01  2.000000e-07
 73  62  0  0  0  2  2.056391e-01  2.000000e-07
 73  61  0 -1  0  2  5.328493e-01  2.000000e-07
 73  5  0  0  0  2  1.153592e-01  2.000000e-07
 73  0  0 -1  0  2  3.374174e-01  2.000000e-07
 73  88 -1  0  0  2  3.740784e-01  2.000000e-07
 73  64  0  0  0  2  2.194204e-01  2.000000e-07
 73  55  0  0  0  2  3.030752e-01  2.000000e-07
 73  56  0 -1  0  2  4.951217e-01  2.000000e-07
 73  68  0 -1  0  2  3.932963e-01  2.000000e-07
 73  48  0  0  0  2  4.013791e-01  2.000000e-07
 74  49  0  0  0  2  4.262850e-01  2.000000e-07
 74  6  0  0  0  2  4.170525e-01  2.000000e-07
 74  59  0  0  0  2  1.981314e-01  2.000000e-07
 74  75  0  0  0  2  1.243628e-01  2.000000e-07
 74  3  0  0  0  2  2.537450e-01  2.000000e-07
 74  61  0  0  0  2  2.850721e-01  2.000000e-07
 74  86  0  0  0  2  1.873716e-01  2.000000e-07
 74  67  0  0  0  2  3.207489e-01  2.000000e-07
 74  54  0  0  0  2  2.585889e-02  2.000000e-07
 74  5  0  0  0  2  4.566227e-01  2.000000e-07
 74  81  0  0  0  2  2.039777e-01  2.000000e-07
 74  88  0  0  0  2  4.855922e-01  2.000000e-07
 74  77  0  0  0  2  2.481992e-01  2.000000e-07
 74  55  0  0  0  2  4.332992e-01  2.000000e-07
 74  2  0  0  0  2  1.322310e-01  2.000000e-07
 74  72  0  0  0  2  2.085352e-01  2.000000e-07
 49  75  0  0  0  2  3.086862e-01  2.000000e-07
 49  76  0  0  0  2  2.950532e-01  2.000000e-07
 49  61  0 -1  0  2  4.532236e-01  2.000000e-07
 49  88  0  0  0  2  2.308825e-01  2.000000e-07
 49  55  0  0  0  2  1.133765e-01  2.000000e-07
 49  83  0 -1  0  2  3.114102e-01  2.000000e-07
 49  48  0  0  0  2  9.406608e-02  2.000000e-07
 49  89  0  0  0  2  6.914965e-02  2.000000e-07
 6  59 -1  0  0  2  4.686555e-01  2.000000e-07
 6  60  0  0  0  2  2.877530e-01  2.000000e-07
 6  75  0  0  0  2  3.553028e-01  2.000000e-07
 6  76  0  0  0  2  1.884716e-01  2.000000e-07
 6  67  0  0  0  2  2.418078e-01  2.000000e-07
 6  7  0  0  0  2  1.290160e-01  2.000000e-07
 6  63  0  0  0  2  3.873806e-01  2.000000e-07
 6  54  0  0  0  2  4.074575e-01  2.000000e-07
 6  5  0  0  0  2  1.472577e-01  2.000000e-07
 6  56  0  0  0  2  3.124337e-01  2.000000e-07
 6  68  0  0  0  2  3.986412e-01  2.000000e-07
 6  4  0  0  0  2  2.651738e-01  2.000000e-07
 59  86  0  0  0  2  1.354532e-01  2.000000e-07
 59  63  1  0  0  2  3.191313e-01  2.000000e-07
 59  54  0  0  0  2  2.054626e-01  2.000000e-07
 59  83  0  0  0  2  2.219403e-01  2.000000e-07
 59  87  0  0  0  2  3.445843e-01  2.000000e-07
 59  68  1  0  0  2  3.495640e-01  2.000000e-07
 59  45  0  0  0  2  1.643637e-01  2.000000e-07
 60  3 -1  0  0  2  3.249671e-01  2.000000e-07
 60  76  0  0  0  2  4.633438e-01  2.000000e-07
 60  61  0  0  0  2  3.393341e-01  2.000000e-07
 60  67  0  0  0  2  2.660094e-01  2.000000e-07
 60  7  0  0  0  2  4.135873e-01  2.000000e-07
 60  63  0  0  0  2  1.282621e-01  2.000000e-07
 60  65  0  0  0  2  3.620780e-01  2.000000e-07
 60  0  0  0  0  2  2.100190e-01  2.000000e-07
 60  81 -1  0  0  2  3.083710e-01  2.000000e-07
 60  66  0  0  0  2  3.783739e-01  2.000000e-07
 60  77 -1  0  0  2  2.402960e-01  2.000000e-07
 60  82 -1  0  0  2  5.788573e-01  2.000000e-07
 60  72  0  0  0  2  4.015068e-01  2.000000e-07
 60  87 -1  0  0  2  5.359088e-01  2.000000e-07
 60  45 -1  0  0  2  4.202548e-01  2.000000e-07
 60  4  0  0  0  2  3.221999e-01  2.000000e-07
 60  58 -1  0  0  2  3.546510e-01  2.000000e-07
 75  3  0  0  0  2  2.651115e-01  2.000000e-07
 75  76  0  0  0  2  2.058659e-01  2.000000e-07
 75  61  0  0  0  2  3.373523e-01  2.000000e-07
 75  67  0  0  0  2  3.395234e-01  2.000000e-07
 75  5  0  0  0  2  3.599684e-01  2.000000e-07
 75  81  0  0  0  2  2.395249e-01  2.000000e-07
 75  88  0  0  0  2  4.062299e-01  2.000000e-07
 75  66  0  0  0  2  2.381708e-01  2.000000e-07
 75  55  0  0  0  2  3.089586e-01  2.000000e-07
 75  2  0  0  0  2  1.537511e-01  2.000000e-07
 75  72  0  0  0  2  2.695291e-01  2.000000e-07
 75  89  0  0  0  2  3.268983e-01  2.000000e-07
 3  81  0  0  0  2  6.138186e-02  2.000000e-07
 3  88  0  0  0  2  3.209007e-01  2.000000e-07
 3  2  0  0  0  2  1.239956e-01  2.000000e-07
 3  89  0  0  0  2  3.613455e-01  2.000000e-07
 3  58  0  0  0  2  9.354945e-02  2.000000e-07
 47  62  1  0  0  2  4.856635e-01  2.000000e-07
 47  65  0 -1  0  2  3.092463e-01  2.000000e-07
 47  64  0  0  0  2  1.435700e-01  2.000000e-07
 47  55  0  0  0  2  8.041175e-02  2.000000e-07
 47  56  0 -1  0  2  3.943727e-01  2.000000e-07
 47  83  0 -1  0  2  3.061592e-01  2.000000e-07
 47  87  0 -1  0  2  1.908449e-01  2.000000e-07
 47  48  0  0  0  2  4.454895e-02  2.000000e-07
 47  89  0  0  0  2  1.433511e-01  2.000000e-07
 76  61  0  0  0  2  3.660443e-01  2.000000e-07
 76  67  0  0  0  2  3.145671e-01  2.000000e-07
 76  7  0  0  0  2  1.280635e-01  2.000000e-07
 76  5  0  0  0  2  1.541457e-01  2.000000e-07
 76  66  0  0  0  2  2.749944e-01  2.000000e-07
 76  55  0  0  0  2  2.201886e-01  2.000000e-07
 76  2  0  0  0  2  3.578527e-01  2.000000e-07
 76  89  0  0  0  2  3.501585e-01  2.000000e-07
 76  58  0  0  0  2  3.901104e-01  2.000000e-07
 62  7  0  0  0  2  3.474348e-01  2.000000e-07
 62  63  0 -1  0  2  3.087858e-01  2.000000e-07
 62  5  0  0  0  2  3.174317e-01  2.000000e-07
 62  0  0 -1  0  2  2.316254e-01  2.000000e-07
 62  88 -1  0  0  2  1.865958e-01  2.000000e-07
 62  88 -1  0  0  2  1.865958e-01  2.000000e-07
 62  64  0  0  0  2  3.851976e-01  2.000000e-07
 62  83 -1 -1  0  2  3.826565e-01  2.000000e-07
 62  87 -1 -1  0  2  4.749555e-01  2.000000e-07
 62  68  0 -1  0  2  2.965372e-01  2.000000e-07
 62  48 -1  0  0  2  4.604984e-01  2.000000e-07
 62  89 -1  0  0  2  3.483972e-01  2.000000e-07
 62  58 -1  0  0  2  4.449813e-01  2.000000e-07
 61  67  0  0  0  2  9.208825e-02  2.000000e-07
 61  0  0  0  0  2  3.481597e-01  2.000000e-07
 61  66  0  0  0  2  1.018236e-01  2.000000e-07
 61  64  0  1  0  2  4.184374e-01  2.000000e-07
 61  56  0  0  0  2  6.812871e-02  2.000000e-07
 61  82  0  0  0  2  1.989519e-01  2.000000e-07
 61  72  0  0  0  2  7.675958e-02  2.000000e-07
 61  68  0  0  0  2  3.052804e-01  2.000000e-07
 61  48  0  1  0  2  3.591796e-01  2.000000e-07
 86  54  0  0  0  2  1.766670e-01  2.000000e-07
 86  56  0  0  0  2  3.703356e-01  2.000000e-07
 86  83  0  0  0  2  1.193517e-01  2.000000e-07
 86  87  0  0  0  2  2.118357e-01  2.000000e-07
 86  45  0  0  0  2  1.111312e-01  2.000000e-07
 67  54  0  0  0  2  2.989449e-01  2.000000e-07
 67  0  0  0  0  2  3.247191e-01  2.000000e-07
 67  77 -1  0  0  2  5.056291e-01  2.000000e-07
 67  56  0  0  0  2  7.437815e-02  2.000000e-07
 67  68  0  0  0  2  2.699489e-01  2.000000e-07
 7  5  0  0  0  2  3.073036e-02  2.000000e-07
 7  66  0  0  0  2  3.479292e-01  2.000000e-07
 7  64  0  0  0  2  2.137714e-01  2.000000e-07
 7  4  0  0  0  2  3.541214e-01  2.000000e-07
 7  58  0  0  0  2  5.181209e-01  2.000000e-07
 63  65  0  0  0  2  3.169355e-01  2.000000e-07
 63  0  0  0  0  2  8.228864e-02  2.000000e-07
 63  64  0  1  0  2  4.547708e-01  2.000000e-07
 63  83 -1  0  0  2  3.713695e-01  2.000000e-07
 63  87 -1  0  0  2  5.201795e-01  2.000000e-07
 63  68  0  0  0  2  3.101713e-02  2.000000e-07
 63  45 -1  0  0  2  4.725972e-01  2.000000e-07
 63  4  0  0  0  2  3.305298e-01  2.000000e-07
 65  0  0  0  0  2  3.250555e-01  2.000000e-07
 65  66  0  0  0  2  1.724160e-01  2.000000e-07
 65  64  0  1  0  2  3.436027e-01  2.000000e-07
 65  56  0  0  0  2  9.331727e-02  2.000000e-07
 65  82  0  0  0  2  1.430210e-01  2.000000e-07
 65  72  0  0  0  2  1.301716e-01  2.000000e-07
 65  87  0  0  0  2  2.007636e-01  2.000000e-07
 65  68  0  0  0  2  2.945040e-01  2.000000e-07
 65  4  0  0  0  2  1.408741e-01  2.000000e-07
 54  56  0  0  0  2  3.246333e-01  2.000000e-07
 54  45  0  0  0  2  6.568362e-02  2.000000e-07
 5  55  0  0  0  2  2.663226e-01  2.000000e-07
 0  78 -1  0  0  2  3.845163e-01  2.000000e-07
 0  88 -1  1  0  2  3.520115e-01  2.000000e-07
 0  66  0  0  0  2  4.314740e-01  2.000000e-07
 0  77 -1  0  0  2  3.161141e-01  2.000000e-07
 0  64  0  1  0  2  3.945602e-01  2.000000e-07
 0  82 -1  0  0  2  5.696130e-01  2.000000e-07
 0  82  0  0  0  2  4.304283e-01  2.000000e-07
 0  72  0  0  0  2  4.247657e-01  2.000000e-07
 0  87 -1  0  0  2  5.146142e-01  2.000000e-07
 0  68  0  0  0  2  6.499805e-02  2.000000e-07
 0  89 -1  1  0  2  4.929012e-01  2.000000e-07
 81  77  0  0  0  2  2.284123e-01  2.000000e-07
 81  2  0  0  0  2  8.628891e-02  2.000000e-07
 81  58  0  0  0  2  5.252306e-02  2.000000e-07
 88  69  1  0  0  2  3.947652e-01  2.000000e-07
 88  77  0 -1  0  2  3.980715e-01  2.000000e-07
 88  83  0 -1  0  2  2.806743e-01  2.000000e-07
 88  68  1 -1  0  2  4.084564e-01  2.000000e-07
 88  89  0  0  0  2  1.618297e-01  2.000000e-07
 66  2  0  0  0  2  3.342180e-01  2.000000e-07
 66  72  0  0  0  2  5.964760e-02  2.000000e-07
 66  4  0  0  0  2  6.122956e-02  2.000000e-07
 66  58  0  0  0  2  3.646083e-01  2.000000e-07
 77  2  0  0  0  2  2.525522e-01  2.000000e-07
 77  82  0  0  0  2  3.473018e-01  2.000000e-07
 77  72  0  0  0  2  3.622486e-01  2.000000e-07
 77  68  1  0  0  2  3.056153e-01  2.000000e-07
 77  89  0  1  0  2  4.430916e-01  2.000000e-07
 77  58  0  0  0  2  2.422560e-01  2.000000e-07
 64  82  0 -1  0  2  2.921282e-01  2.000000e-07
 64  87  0 -1  0  2  3.039321e-01  2.000000e-07
 64  89  0  0  0  2  2.698923e-01  2.000000e-07
 64  58  0  0  0  2  5.065380e-01  2.000000e-07
 55  56  0 -1  0  2  4.394338e-01  2.000000e-07
 55  48  0  0  0  2  1.247688e-01  2.000000e-07
 2  72  0  0  0  2  3.407502e-01  2.000000e-07
 2  58  0  0  0  2  3.394255e-02  2.000000e-07
 56  83  0  0  0  2  4.018775e-01  2.000000e-07
 56  87  0  0  0  2  2.932572e-01  2.000000e-07
 56  68  0  0  0  2  2.376980e-01  2.000000e-07
 56  48  0  1  0  2  3.793837e-01  2.000000e-07
 56  45  0  0  0  2  3.280817e-01  2.000000e-07
 56  4  0  0  0  2  9.498543e-02  2.000000e-07
 83  87  0  0  0  2  1.514305e-01  2.000000e-07
 83  68  1  0  0  2  3.927324e-01  2.000000e-07
 83  48  0  1  0  2  2.616265e-01  2.000000e-07
 82  72  0  0  0  2  2.054059e-01  2.000000e-07
 82  87  0  0  0  2  5.905034e-02  2.000000e-07
 82  89  0  1  0  2  2.801642e-01  2.000000e-07
 82  45  0  0  0  2  2.731669e-01  2.000000e-07
 72  45  0  0  0  2  1.860304e-01  2.000000e-07
 72  4  0  0  0  2  8.335757e-02  2.000000e-07
 72  58  0  0  0  2  3.681604e-01  2.000000e-07
 87  48  0  1  0  2  1.504675e-01  2.000000e-07
 87  89  0  1  0  2  2.377226e-01  2.000000e-07
 87  45  0  0  0  2  2.731874e-01  2.000000e-07
 68  4  0  0  0  2  3.195483e-01  2.000000e-07
 89  58  0  0  0  2  3.700702e-01  2.000000e-07
 45  58  0  0  0  2  2.027189e-01  2.000000e-07
 71  69  0  0  0  1  1.616165e-01  3.000000e-07
 71  70  0  0  0  1  1.045679e-01  3.000000e-07
 71  53  0  0  0  1  7.524874e-02  3.000000e-07
 71  73  0  0  0  1  1.431548e-01  3.000000e-07
 71  3 -1  0  0  1  2.582038e-01  3.000000e-07
 71  62  0  0  0  1  2.199832e-01  3.000000e-07
 69  53  0  0  0  1  1.991100e-01  3.000000e-07
 69  6  0  0  0  1  2.188628e-01  3.000000e-07
 69  60  0  0  0  1  2.260880e-01  3.000000e-07
 69  3 -1  0  0  1  1.634608e-01  3.000000e-07
 69  81 -1  0  0  1  1.925578e-01  3.000000e-07
 51  57  0  0  0  1  1.680558e-01  3.000000e-07
 51  76  0  0  0  1  2.184306e-01  3.000000e-07
 51  7  0  0  0  1  1.591596e-01  3.000000e-07
 51  5  0  0  0  1  1.396495e-01  3.000000e-07
 51  64  0  0  0  1  9.654848e-02  3.000000e-07
 70  73  0  0  0  1  6.773896e-02  3.000000e-07
 70  5  0  0  0  1  8.060206e-02  3.000000e-07
 1  78  0  0  0  1  1.049775e-01  3.000000e-07
 1  86  0  0  0  1  9.358566e-02  3.000000e-07
 46  49  0  0  0  1  7.855075e-02  3.000000e-07
 46  88  0  0  0  1  2.262382e-01  3.000000e-07
 46  83  0 -1  0  1  2.371981e-01  3.000000e-07
 46  87  0 -1  0  1  1.566706e-01  3.000000e-07
 46  48  0  0  0  1  5.227185e-02  3.000000e-07
 46  89  0  0  0  1  8.945467e-02  3.000000e-07
 78  86  0  0  0  1  5.703080e-02  3.000000e-07
 78  77  0  0  0  1  1.289642e-01  3.000000e-07
 78  83  0  0  0  1  6.362668e-02  3.000000e-07
 79  86  0  0  0  1  2.414885e-01  3.000000e-07
 79  65  0  0  0  1  9.687538e-02  3.000000e-07
 79  82  0  0  0  1  1.706812e-01  3.000000e-07
 79  45  0  0  0  1  2.011900e-01  3.000000e-07
 52  75  0  0  0  1  1.610293e-01  3.000000e-07
 52  76  0  0  0  1  2.702206e-01  3.000000e-07
 52  54  0  0  0  1  8.646915e-02  3.000000e-07
 52  66  0  0  0  1  9.836282e-02  3.000000e-07
 52  72  0  0  0  1  1.109911e-01  3.000000e-07
 52  45  0  0  0  1  1.226307e-01  3.000000e-07
 50  74  0  0  0  1  1.154442e-01  3.000000e-07
 50  59  0  0  0  1  1.729913e-01  3.000000e-07
 50  75  0  0  0  1  1.506226e-01  3.000000e-07
 53  6  0  0  0  1  1.483335e-01  3.000000e-07
 53  7  0  0  0  1  1.220307e-01  3.000000e-07
 53  5  0  0  0  1  1.043447e-01  3.000000e-07
 57  75  0  0  0  1  2.716240e-01  3.000000e-07
 57  76  0  0  0  1  1.674157e-01  3.000000e-07
 57  64  0  0  0  1  9.213875e-02  3.000000e-07
 57  55  0  0  0  1  5.277393e-02  3.000000e-07
 73  5  0  0  0  1  1.153592e-01  3.000000e-07
 73  0  0 -1  0  1  3.374174e-01  3.000000e-07
 74  75  0  0  0  1  1.243628e-01  3.000000e-07
 74  45  0  0  0  1  7.969034e-02  3.000000e-07
 49  75  0  0  0  1  3.086862e-01  3.000000e-07
 49  47  0  0  0  1  8.520084e-02  3.000000e-07
 49  55  0  0  0  1  1.133765e-01  3.000000e-07
 49  48  0  0  0  1  9.406608e-02  3.000000e-07
 49  89  0  0  0  1  6.914965e-02  3.000000e-07
 6  76  0  0  0  1  1.884716e-01  3.000000e-07
 6  7  0  0  0  1  1.290160e-01  3.000000e-07
 6  66  0  0  0  1  2.791069e-01  3.000000e-07
 6  4  0  0  0  1  2.651738e-01  3.000000e-07
 59  60  1  0  0  1  2.560494e-01  3.000000e-07
 59  81  0  0  0  1  1.626630e-01  3.000000e-07
 59  77  0  0  0  1  6.832966e-02  3.000000e-07
 59  45  0  0  0  1  1.643637e-01  3.000000e-07
 59  58  0  0  0  1  1.739381e-01  3.000000e-07
 60  67  0  0  0  1  2.660094e-01  3.000000e-07
 60  77 -1  0  0  1  2.402960e-01  3.000000e-07
 60  56  0  0  0  1  2.765766e-01  3.000000e-07
 60  68  0  0  0  1  1.538288e-01  3.000000e-07
 75  76  0  0  0  1  2.058659e-01  3.000000e-07
 75  2  0  0  0  1  1.537511e-01  3.000000e-07
 75  89  0  0  0  1  3.268983e-01  3.000000e-07
 3  81  0  0  0  1  6.138186e-02  3.000000e-07
 3  88  0  0  0  1  3.209007e-01  3.000000e-07
 3  2  0  0  0  1  1.239956e-01  3.000000e-07
 3  89  0  0  0  1  3.613455e-01  3.000000e-07
 3  58  0  0  0  1  9.354945e-02  3.000000e-07
 47  64  0  0  0  1  1.435700e-01  3.000000e-07
 47  55  0  0  0  1  8.041175e-02  3.000000e-07
 47  82  0 -1  0  1  2.037800e-01  3.000000e-07
 76  7  0  0  0  1  1.280635e-01  3.000000e-07
 62  0  0 -1  0  1  2.316254e-01  3.000000e-07
 61  67  0  0  0  1  9.208825e-02  3.000000e-07
 61  65  0  0  0  1  7.517785e-02  3.000000e-07
 61  56  0  0  0  1  6.812871e-02  3.000000e-07
 61  72  0  0  0  1  7.675958e-02  3.000000e-07
 61  4  0  0  0  1  6.611481e-02  3.000000e-07
 86  82  0  0  0  1  2.350540e-01  3.000000e-07
 86  87  0  0  0  1  2.118357e-01  3.000000e-07
 86  45  0  0  0  1  1.111312e-01  3.000000e-07
 67  56  0  0  0  1  7.437815e-02  3.000000e-07
 67  4  0  0  0  1  5.623602e-02  3.000000e-07
 63  0  0  0  0  1  8.228864e-02  3.000000e-07
 63  77 -1  0  0  1  2.766353e-01  3.000000e-07
 65  51  0  1  0  1  3.813231e-01  3.000000e-07
 65  64  0  1  0  1  3.436027e-01  3.000000e-07
 65  56  0  0  0  1  9.331727e-02  3.000000e-07
 65  68  0  0  0  1  2.945040e-01  3.000000e-07
 54  45  0  0  0  1  6.568362e-02  3.000000e-07
 0  88 -1  1  0  1  3.520115e-01  3.000000e-07
 0  77 -1  0  0  1  3.161141e-01  3.000000e-07
 0  68  0  0  0  1  6.499805e-02  3.000000e-07
 81  58  0  0  0  1  5.252306e-02  3.000000e-07
 88  62  1  0  0  1  1.865958e-01  3.000000e-07
 88  83  0 -1  0  1  2.806743e-01  3.000000e-07
 88  89  0  0  0  1  1.618297e-01  3.000000e-07
 66  72  0  0  0  1  5.964760e-02  3.000000e-07
 66  4  0  0  0  1  6.122956e-02  3.000000e-07
 77  83  0  0  0  1  1.733710e-01  3.000000e-07
 64  55  0  0  0  1  8.968591e-02  3.000000e-07
 2  89  0  0  0  1  3.610936e-01  3.000000e-07
 83  0  1  0  0  1  3.736521e-01  3.000000e-07
 83  87  0  0  0  1  1.514305e-01  3.000000e-07
 82  64  0  1  0  1  2.921282e-01  3.000000e-07
 82  87  0  0  0  1  5.905034e-02  3.000000e-07
 82  48  0  1  0  1  1.713492e-01  3.000000e-07
 72  4  0  0  0  1  8.335757e-02  3.000000e-07
 87  48  0  1  0  1  1.504675e-01  3.000000e-07
-3.215756e-01  4.041859e-01  0
 3.823938e-01  2.324484e-01  0
 3.234968e-01 -3.815910e-03  0
 4.385113e-01 -5.014698e-02  0
-2.763270e-02  1.780387e-01  0
-1.560130e-01 -1.828413e-01  0
-1.816382e-01 -3.783034e-02  0
-1.368457e-01 -1.588211e-01  0
-2.236288e-01 -2.496839e-01 -2.188675e-01
-2.833090e-01 -2.385713e-01 -1.127569e-01
 2.044938e-01 -4.821227e-04 -2.799373e-01
-3.093351e-01  3.517822e-01 -3.120593e-01
-4.184181e-01  4.125080e-01 -2.067096e-01
-4.307316e-01 -1.996748e-01 -1.733168e-01
-2.062463e-01 -2.718721e-01 -2.166231e-01
-3.652323e-01 -2.675996e-01 -2.173105e-01
-3.262944e-01 -3.416463e-01 -1.368726e-01
 3.097293e-02  3.342139e-01 -1.593191e-01
 4.755822e-02  1.897815e-01 -2.284371e-01
-2.868655e-01  2.653759e-01  2.124111e-01
 2.560330e-02 -2.894542e-01  2.343891e-01
 4.565948e-02  2.999789e-01  2.431277e-01
 1.527643e-01 -1.039873e-01  1.002987e-01
-4.813247e-02 -2.071864e-01  4.014956e-01
 2.921659e-01  2.955305e-01  1.089489e-01
-4.302704e-01 -8.869959e-02  4.049663e-01
 1.834632e-01  6.111849e-02  2.482094e-01
 6.672545e-02 -6.652916e-02  3.960527e-01
 1.531340e-01 -3.302092e-01  2.508085e-01
 1.345019e-01 -2.155522e-01  2.861453e-01
-3.387035e-01  1.451358e-01  1.428809e-01
 1.178588e-01  1.820503e-01  1.035052e-01
-5.403869e-02  4.035222e-01  3.113822e-01
-3.074529e-01  1.625705e-01  2.956334e-01
 1.408590e-01  8.918623e-02  3.211654e-01
 9.023257e-02  1.635456e-01  3.135184e-01
-3.412190e-01 -3.569894e-01  2.851371e-01
 4.183839e-01 -2.819972e-01 -3.786152e-01
-2.259412e-01 -1.435848e-01 -2.751642e-01
-3.449887e-01  6.507258e-02 -4.343043e-01
-5.835918e-02 -1.581924e-01 -4.318884e-01
-2.310069e-01  3.262526e-01 -3.118066e-01
-1.710395e-02 -3.799706e-01 -3.031455e-01
-7.212653e-02  4.490313e-01 -2.446349e-01
-4.158407e-01  1.947654e-01 -3.325775e-01
 2.323202e-01  1.560290e-01  0
 1.892624e-01 -4.248143e-01  0
 1.096245e-01 -3.965327e-01  0
 1.374021e-01 -4.313610e-01  0
 1.789109e-01 -3.469486e-01  0
 3.151676e-01  1.330675e-02  0
-1.158439e-01 -3.165889e-01  0
 1.176168e-01  1.126536e-01  0
-2.587419e-01 -1.645499e-01  0
 2.027279e-01  9.738908e-02  0
 6.707889e-02 -3.282983e-01  0
-7.967619e-02  2.574976e-01  0
 4.797771e-02 -2.791025e-01  0
 3.574376e-01 -3.472030e-03  0
 3.963781e-01  1.660511e-01  0
-3.493311e-01  1.960090e-01  0
-1.320519e-02  2.425601e-01  0
-4.050025e-01 -3.797348e-01  0
-3.251759e-01  3.219761e-01  0
-2.195491e-02 -3.390940e-01  0
-8.270968e-03  3.175759e-01  0
 2.606255e-02  1.486129e-01  0
-8.362911e-02  1.832245e-01  0
-3.017362e-01  3.422897e-01  0
-4.000829e-01 -2.430898e-02  0
-2.339841e-01 -2.032665e-01  0
-3.336556e-01 -1.716430e-01  0
 5.212694e-02  2.022644e-01  0
-2.305147e-01 -2.709165e-01  0
 2.191705e-01  7.743102e-02  0
 1.736643e-01 -3.830700e-02  0
-1.375415e-02 -1.234837e-01  0
 4.131286e-01  2.322959e-01  0
 3.068342e-01  3.053251e-01  0
 4.935614e-02  2.397045e-01  0
 5.003800e-02  2.217637e-01 -1.241323e-01
 4.094388e-01  3.913380e-03  0
 1.088292e-01  3.996889e-01  0
 3.064374e-01  3.689505e-01  0
 3.312270e-01  9.395225e-02  1.211494e-01
 3.176735e-01  3.402309e-01 -1.171551e-01
 2.905962e-01  2.506548e-01  0
 1.640706e-01  4.205537e-01  0
 4.086740e-01 -3.696576e-01  0
 2.473566e-01 -3.567908e-01  0