 722  90  1.200000e-05  48 -2 -2
 18  78  0  0  0  3  2.170757e-01  1.000000e-07
 18  30  0  0  0  3  4.299552e-01  1.000000e-07
 18  20  1  0  0  3  4.418346e-01  1.000000e-07
 18  66  1  0  0  3  4.685281e-01  1.000000e-07
 18  25  0  0  0  3  4.324604e-02  1.000000e-07
 18  32  0  0  1  3  4.611654e-01  1.000000e-07
 18  31  0  0  1  3  3.533045e-01  1.000000e-07
 6  63  0  0  0  3  4.052736e-01  1.000000e-07
 6  78 -1  0  0  3  3.612784e-01  1.000000e-07
 6  29 -1  0  0  3  4.601688e-01  1.000000e-07
 6  28  0  0  0  3  1.669912e-01  1.000000e-07
 6  64 -1  0  0  3  5.441780e-01  1.000000e-07
 63  10  0  0  0  3  2.949359e-01  1.000000e-07
 63  17  0  0  0  3  2.475412e-01  1.000000e-07
 15  22  0  0  0  3  1.308585e-01  1.000000e-07
 15  23  0  0  0  3  1.338635e-01  1.000000e-07
 15  24  0  0  0  3  2.641025e-01  1.000000e-07
 15  29  0  0  0  3  1.656841e-01  1.000000e-07
 15  16  0  0  0  3  2.428364e-01  1.000000e-07
 15  64  0  0  0  3  2.381210e-01  1.000000e-07
 15  17  0  0  0  3  3.115852e-01  1.000000e-07
 15  21  0  0  0  3  3.387094e-01  1.000000e-07
 15  25  0  0  0  3  3.353280e-01  1.000000e-07
 22  23  0  0  0  3  7.865668e-02  1.000000e-07
 22  29  0  0  0  3  1.486707e-01  1.000000e-07
 22  21  0  0  0  3  3.777488e-01  1.000000e-07
 22  19  0  0  1  3  4.910644e-01  1.000000e-07
 22  68  0  0  1  3  3.531154e-01  1.000000e-07
 22  8  0  0  1  3  4.034444e-01  1.000000e-07
 22  33  0  0  1  3  4.125112e-01  1.000000e-07
 22  14  0  0  1  3  3.028663e-01  1.000000e-07
 78  16  0  0  0  3  5.754153e-02  1.000000e-07
 78  17  0  0  0  3  2.654399e-01  1.000000e-07
 78  25  0  0  0  3  2.145566e-01  1.000000e-07
 23  30  0 -1  0  3  2.901849e-01  1.000000e-07
 23  24  0  0  0  3  2.450797e-01  1.000000e-07
 23  29  0  0  0  3  1.507215e-01  1.000000e-07
 23  10  0  0  0  3  3.593773e-01  1.000000e-07
 23  64  0  0  0  3  2.088812e-01  1.000000e-07
 23  34  0  0  1  3  3.241958e-01  1.000000e-07
 23  14  0  0  1  3  3.049072e-01  1.000000e-07
 30  20  0  0  0  3  4.432059e-01  1.000000e-07
 30  66  0  0  0  3  4.425224e-01  1.000000e-07
 30  8  0  0  1  3  3.884733e-01  1.000000e-07
 30  26  0  0  1  3  4.065700e-01  1.000000e-07
 30  4  0  0  1  3  3.736496e-01  1.000000e-07
 30  9  0  1  1  3  4.756183e-01  1.000000e-07
 30  14  0  1  1  3  4.527212e-01  1.000000e-07
 24  20  0  0  0  3  5.621160e-01  1.000000e-07
 24  10  0  0  0  3  1.894228e-01  1.000000e-07
 24  64  0  0  0  3  3.828276e-01  1.000000e-07
 24  17  0  0  0  3  3.179067e-01  1.000000e-07
 24  27  0  0  1  3  5.298619e-01  1.000000e-07
 24  11  0  0  1  3  5.019831e-01  1.000000e-07
 20  66  0  0  0  3  6.999951e-02  1.000000e-07
 20  28  0  0  0  3  5.345453e-01  1.000000e-07
 20  19 -1  0  1  3  3.342170e-01  1.000000e-07
 20  67 -1  0  1  3  4.031642e-01  1.000000e-07
 20  31 -1  0  1  3  3.767091e-01  1.000000e-07
 66  29 -1  1  0  3  4.695219e-01  1.000000e-07
 66  28  0  1  0  3  4.653003e-01  1.000000e-07
 66  64  0  1  0  3  5.553048e-01  1.000000e-07
 66  9  0  1  1  3  3.531851e-01  1.000000e-07
 66  31 -1  0  1  3  3.816656e-01  1.000000e-07
 29  16  0  0  0  3  3.606399e-01  1.000000e-07
 29  68  0  0  1  3  3.774019e-01  1.000000e-07
 29  34  0  0  1  3  3.131767e-01  1.000000e-07
 29  12  1  0  1  3  3.957201e-01  1.000000e-07
 16  28  1  0  0  3  3.738523e-01  1.000000e-07
 16  64  0  0  0  3  4.323535e-01  1.000000e-07
 16  21  0  0  0  3  2.201290e-01  1.000000e-07
 16  25  0  0  0  3  2.300573e-01  1.000000e-07
 10  13  0  0  1  3  3.759687e-01  1.000000e-07
 10  26  0  0  1  3  5.544187e-01  1.000000e-07
 10  27  0  0  1  3  4.688600e-01  1.000000e-07
 10  11  0  0  1  3  4.388176e-01  1.000000e-07
 10  14  0  0  1  3  4.172074e-01  1.000000e-07
 10  12  0  0  1  3  3.249447e-01  1.000000e-07
 28  17  0  0  0  3  5.513124e-01  1.000000e-07
 28  68 -1  0  1  3  4.439270e-01  1.000000e-07
 28  27  0  0  1  3  4.888536e-01  1.000000e-07
 28  12  0  0  1  3  3.808965e-01  1.000000e-07
 17  25  0  0  0  3  2.301481e-01  1.000000e-07
 17  26  0  0  1  3  5.307634e-01  1.000000e-07
 21  25  0  0  0  3  1.461983e-01  1.000000e-07
 21  19  0  0  1  3  3.827778e-01  1.000000e-07
 21  68  0  0  1  3  4.445975e-01  1.000000e-07
 21  26  1  0  1  3  4.991774e-01  1.000000e-07
 25  32  0  0  1  3  4.537282e-01  1.000000e-07
 25  8  0  0  1  3  4.453785e-01  1.000000e-07
 25  33  0  0  1  3  4.654587e-01  1.000000e-07
 3  65  0  0  0  3  1.693841e-01  1.000000e-07
 3  32  0  0  0  3  3.204480e-01  1.000000e-07
 3  33  0  0  0  3  3.392033e-01  1.000000e-07
 3  5  0  0  0  3  4.845777e-02  1.000000e-07
 3  67  0  0  0  3  3.076453e-01  1.000000e-07
 3  4  0  0  0  3  5.637390e-02  1.000000e-07
 19  68  0  0  0  3  3.147274e-01  1.000000e-07
 19  33  0  0  0  3  2.520129e-01  1.000000e-07
 19  67  0  0  0  3  2.030883e-01  1.000000e-07
 19  26  1  0  0  3  3.164241e-01  1.000000e-07
 19  27  1  0  0  3  3.267506e-01  1.000000e-07
 19  31  0  0  0  3  2.496387e-01  1.000000e-07
 65  79  0  0  0  3  5.931377e-01  1.000000e-07
 65  5  0  0  0  3  1.820356e-01  1.000000e-07
 65  7  0  0  0  3  1.898488e-01  1.000000e-07
 65  4  0  0  0  3  1.870326e-01  1.000000e-07
 65  9  0  1  0  3  3.566392e-01  1.000000e-07
 68  11  1  0  0  3  2.316533e-01  1.000000e-07
 68  14  0  0  0  3  4.356542e-01  1.000000e-07
 68  12  1  0  0  3  2.879303e-01  1.000000e-07
 32  79  0  0  0  3  5.280008e-01  1.000000e-07
 32  33  0  0  0  3  3.074548e-01  1.000000e-07
 32  7  0  0  0  3  2.982966e-01  1.000000e-07
 32  26  0  0  0  3  2.791650e-01  1.000000e-07
 32  4  0  0  0  3  3.185026e-01  1.000000e-07
 32  31  0  0  0  3  3.221061e-01  1.000000e-07
 8  79  0  0  0  3  5.086290e-01  1.000000e-07
 8  33  0  0  0  3  3.154294e-01  1.000000e-07
 8  7  0  0  0  3  3.384019e-01  1.000000e-07
 8  26  0  0  0  3  2.830756e-01  1.000000e-07
 8  14  0  0  0  3  2.910171e-01  1.000000e-07
 8  31  0  0  0  3  3.562102e-01  1.000000e-07
 79  7  0  0  0  3  5.851093e-01  1.000000e-07
 79  11  0  0  0  3  1.806345e-01  1.000000e-07
 13  67 -1 -1  0  3  4.985181e-01  1.000000e-07
 13  27  0  0  0  3  1.768735e-01  1.000000e-07
 13  34 -1  0  0  3  4.191945e-01  1.000000e-07
 13  9  0  0  0  3  1.362911e-01  1.000000e-07
 13  11  0  0  0  3  1.057750e-01  1.000000e-07
 13  14  0  0  0  3  3.696693e-01  1.000000e-07
 13  12  0  0  0  3  1.676691e-01  1.000000e-07
 33  7  0  0  0  3  2.898053e-01  1.000000e-07
 33  27  1  0  0  3  3.763369e-01  1.000000e-07
 33  4  0  0  0  3  3.566703e-01  1.000000e-07
 5  67  0  0  0  3  3.071250e-01  1.000000e-07
 5  34  0  1  0  3  2.748748e-01  1.000000e-07
 5  4  0  0  0  3  2.578978e-02  1.000000e-07
 7  67  0  0  0  3  3.488255e-01  1.000000e-07
 7  14  0  0  0  3  4.769767e-01  1.000000e-07
 67  4  0  0  0  3  3.031550e-01  1.000000e-07
 67  9  1  1  0  3  4.505674e-01  1.000000e-07
 67  12  1  1  0  3  4.359818e-01  1.000000e-07
 26  24  0  0 -1  3  4.819532e-01  1.000000e-07
 26  27  0  0  0  3  4.653340e-01  1.000000e-07
 26  9  0  1  0  3  3.822263e-01  1.000000e-07
 26  12  0  1  0  3  3.879103e-01  1.000000e-07
 27  11  0  0  0  3  9.004651e-02  1.000000e-07
 27  14  0  0  0  3  4.165957e-01  1.000000e-07
 34  4  0 -1  0  3  2.735948e-01  1.000000e-07
 34  9  0  0  0  3  5.105905e-01  1.000000e-07
 34  11  1  0  0  3  4.454175e-01  1.000000e-07
 34  12  1  0  0  3  3.719782e-01  1.000000e-07
 34  31  0 -1  0  3  3.382271e-01  1.000000e-07
 4  31  0  0  0  3  2.643224e-01  1.000000e-07
 9  14  0  0  0  3  3.547626e-01  1.000000e-07
 11  14  0  0  0  3  3.627183e-01  1.000000e-07
 12  31 -1 -1  0  3  4.252837e-01  1.000000e-07
 63  47  0  0  0  3  2.242782e-01  1.000000e-07
 77  34  0  0  0  3  3.916793e-01  1.000000e-07
 21  80  1  0  0  3  2.959461e-01  1.000000e-07
 1  79  0  0  0  3  1.478774e-01  1.000000e-07
 63  70  0  0  0  3  2.431591e-01  1.000000e-07
 56  11  0  0  0  3  3.338392e-01  1.000000e-07
 21  75  0  0  0  3  2.911730e-01  1.000000e-07
 86  67  0  0  0  3  2.536582e-01  1.000000e-07
 63  58  0  0  0  3  2.403557e-01  1.000000e-07
 70  9  0  0  0  3  3.652543e-01  1.000000e-07
 16  61  0  0  0  3  1.452490e-01  1.000000e-07
 62  14  0  0  0  3  4.044494e-01  1.000000e-07
 63  84  0  0  0  3  2.277206e-01  1.000000e-07
 62  33  0  0  0  3  3.191250e-01  1.000000e-07
 64  73  0 -1  0  3  3.747033e-01  1.000000e-07
 55  67  0  0  0  3  2.893997e-01  1.000000e-07
 78  42  0  0  0  3  1.483177e-01  1.000000e-07
 2  67  0  0  0  3  3.092212e-01  1.000000e-07
 67  86  0  0  0  3  2.375831e-01  1.000000e-07
 75  20  1  0  0  3  4.615599e-01  1.000000e-07
 78  71  0  0  0  3  1.935852e-01  1.000000e-07
 72  7  0  0  0  3  2.241325e-01  1.000000e-07
 18  55  0  0  0  3  2.979273e-01  1.000000e-07
 73  3  0  0  0  3  2.079117e-01  1.000000e-07
 64  38  0 -1  0  3  3.209747e-01  1.000000e-07
 76  3  0  0  0  3  1.944820e-01  1.000000e-07
 63  51  0  0  0  3  3.064555e-01  1.000000e-07
 60  5  0 -1  0  3  3.240873e-01  1.000000e-07
 28  80  0  0  0  3  2.594132e-01  1.000000e-07
 54  79  0  0  0  3  1.313466e-01  1.000000e-07
 78  2  0  0  0  3  1.113516e-01  1.000000e-07
 74  33  0  0  0  3  2.707058e-01  1.000000e-07
 18  75  0  0  0  3  2.721100e-01  1.000000e-07
 86  67  0  0  0  3  2.420556e-01  1.000000e-07
 16  71  0  0  0  3  2.104002e-01  1.000000e-07
 72  7  0  0  0  3  2.167604e-01  1.000000e-07
 6  58  0  0  0  3  2.364894e-01  1.000000e-07
 70  65  0 -1  0  3  3.561251e-01  1.000000e-07
 6  59 -1  0  0  3  2.340576e-01  1.000000e-07
 69  5  0 -1  0  3  4.337152e-01  1.000000e-07
 66  45  0  0  0  3  5.020152e-01  1.000000e-07
 44  65  0  0  0  3  1.870911e-01  1.000000e-07
 64  38  0 -1  0  3  3.095622e-01  1.000000e-07
 76  5  0  0  0  3  2.103873e-01  1.000000e-07
 17  57  0  0  0  3  2.653101e-01  1.000000e-07
 76  65  0  0  0  3  2.143822e-01  1.000000e-07
 6  58  0  0  0  3  1.083691e-01  1.000000e-07
 54  13  0  0  0  3  3.281018e-01  1.000000e-07
 78  83  0  0  0  3  1.170496e-01  1.000000e-07
 0  68  0  0  0  3  3.682080e-01  1.000000e-07
 17  70  0  0  0  3  3.688809e-01  1.000000e-07
 46  79  0  0  0  3  2.390796e-01  1.000000e-07
 63  70  0  0  0  3  2.948866e-01  1.000000e-07
 54  79  0  0  0  3  2.032732e-01  1.000000e-07
 6  54  0  0  0  3  1.256367e-01  1.000000e-07
 80  79  0  0  0  3  1.517500e-01  1.000000e-07
 43  49  0  0  0  2  1.540842e-01  2.000000e-07
 43  53  0  0  0  2  1.730845e-01  2.000000e-07
 43  54  0  0  0  2  3.764505e-01  2.000000e-07
 43  56  0  0  0  2  3.253674e-01  2.000000e-07
 43  45  0  0  0  2  6.374194e-02  2.000000e-07
 43  86 -1  0  0  2  4.316908e-01  2.000000e-07
 43  57  0  0  0  2  1.409816e-01  2.000000e-07
 43  46  0  0  0  2  3.318134e-01  2.000000e-07
 43  48  0  0  0  2  2.492613e-01  2.000000e-07
 43  44  0  0  0  2  4.719075e-02  2.000000e-07
 43  52  0  0  0  2  1.639298e-01  2.000000e-07
 49  50  0  1  0  2  4.649741e-01  2.000000e-07
 49  51  0  1  0  2  2.345402e-01  2.000000e-07
 49  81  0  0  0  2  2.978342e-01  2.000000e-07
 49  53  0  0  0  2  5.232940e-02  2.000000e-07
 49  55  0  0  0  2  2.128621e-01  2.000000e-07
 49  85  0  0  0  2  4.224839e-01  2.000000e-07
 49  45  0  0  0  2  1.680384e-01  2.000000e-07
 49  86  0  0  0  2  5.097976e-01  2.000000e-07
 49  57  0  0  0  2  1.059919e-01  2.000000e-07
 49  70  0  0  0  2  5.089679e-01  2.000000e-07
 49  70  0  1  0  2  5.940736e-01  2.000000e-07
 49  71  0  0  0  2  3.825537e-01  2.000000e-07
 49  58  0  1  0  2  2.840804e-01  2.000000e-07
 49  48  0  0  0  2  3.307114e-01  2.000000e-07
 49  37  0  1  0  2  3.713860e-01  2.000000e-07
 49  44  0  0  0  2  1.611795e-01  2.000000e-07
 49  59  0  1  0  2  4.871488e-01  2.000000e-07
 49  36  0  1  0  2  3.764376e-01  2.000000e-07
 49  38  0  0  0  2  9.174195e-02  2.000000e-07
 49  73  0  0  0  2  2.947286e-01  2.000000e-07
 49  41  0  0  0  2  2.763420e-01  2.000000e-07
 49  88  0  1  0  2  4.028381e-01  2.000000e-07
 49  77  0  1  0  2  3.980206e-01  2.000000e-07
 49  47  0  1  0  2  4.016328e-01  2.000000e-07
 50  51  0  0  0  2  2.434388e-01  2.000000e-07
 50  80  1  0  0  2  4.070676e-01  2.000000e-07
 50  83  0  0  0  2  2.285489e-01  2.000000e-07
 50  39  0  0  0  2  1.179325e-01  2.000000e-07
 50  71  0  0  0  2  4.217226e-01  2.000000e-07
 50  59  0  0  0  2  1.364477e-01  2.000000e-07
 50  36  0  0  0  2  8.933101e-02  2.000000e-07
 50  87  0  0  0  2  1.655576e-01  2.000000e-07
 50  35  0  0  0  2  7.359172e-02  2.000000e-07
 50  62  0  0  0  2  3.012099e-01  2.000000e-07
 50  77  0  0  0  2  1.898101e-01  2.000000e-07
 50  47  0  0  0  2  2.541306e-01  2.000000e-07
 51  53  0 -1  0  2  2.137099e-01  2.000000e-07
 51  55  0 -1  0  2  2.903291e-01  2.000000e-07
 51  56  0  0  0  2  4.589249e-01  2.000000e-07
 51  58  0  0  0  2  3.451867e-01  2.000000e-07
 51  59  0  0  0  2  3.070126e-01  2.000000e-07
 51  38  0 -1  0  2  1.784488e-01  2.000000e-07
 51  87  0  0  0  2  3.721931e-01  2.000000e-07
 51  60  0  0  0  2  4.316281e-02  2.000000e-07
 51  35  0  0  0  2  3.102541e-01  2.000000e-07
 51  61  0  0  0  2  3.142470e-01  2.000000e-07
 51  62  0  0  0  2  3.352609e-01  2.000000e-07
 51  76  0 -1  0  2  2.316174e-01  2.000000e-07
 51  47  0  0  0  2  1.966110e-01  2.000000e-07
 80  54  0  0  0  2  6.864295e-02  2.000000e-07
 80  83 -1  0  0  2  3.232684e-01  2.000000e-07
 80  85  0  0  0  2  3.531127e-01  2.000000e-07
 80  86 -1  0  0  2  2.484985e-01  2.000000e-07
 80  69 -1  0  0  2  3.518727e-01  2.000000e-07
 80  46  0  0  0  2  1.079493e-01  2.000000e-07
 80  2 -1  0  0  2  3.274817e-01  2.000000e-07
 80  70  0  0  0  2  1.492462e-01  2.000000e-07
 80  71 -1  0  0  2  4.029620e-01  2.000000e-07
 80  1  0  0  0  2  6.341757e-02  2.000000e-07
 80  48  0  0  0  2  3.336521e-01  2.000000e-07
 80  59 -1  0  0  2  4.460580e-01  2.000000e-07
 80  87 -1  0  0  2  2.724502e-01  2.000000e-07
 81  55  0  0  0  2  2.073602e-01  2.000000e-07
 81  56  0  0  0  2  2.258364e-01  2.000000e-07
 81  40  0  0  0  2  1.247830e-01  2.000000e-07
 81  57  0  0  0  2  1.941626e-01  2.000000e-07
 81  2  0  0  0  2  2.276606e-01  2.000000e-07
 81  70  0  0  0  2  3.677413e-01  2.000000e-07
 81  71  0  0  0  2  1.455303e-01  2.000000e-07
 81  89  0  0  0  2  4.062912e-01  2.000000e-07
 81  38  0  0  0  2  2.993492e-01  2.000000e-07
 81  73  0  0  0  2  2.751172e-01  2.000000e-07
 81  74  0  0  0  2  2.898114e-01  2.000000e-07
 81  75  0  0  0  2  2.869947e-01  2.000000e-07
 81  76  0  0  0  2  2.476796e-01  2.000000e-07
 53  54  0  1  0  2  6.028392e-01  2.000000e-07
 53  55  0  0  0  2  2.557999e-01  2.000000e-07
 53  56  0  1  0  2  5.418080e-01  2.000000e-07
 53  45  0  0  0  2  1.672490e-01  2.000000e-07
 53  57  0  0  0  2  1.571100e-01  2.000000e-07
 53  46  0  1  0  2  6.100035e-01  2.000000e-07
 53  58  0  1  0  2  2.365126e-01  2.000000e-07
 53  44  0  0  0  2  1.654484e-01  2.000000e-07
 53  38  0  0  0  2  1.156158e-01  2.000000e-07
 53  52  0  0  0  2  2.435603e-01  2.000000e-07
 53  76  0  0  0  2  1.302612e-01  2.000000e-07
 53  47  0  1  0  2  3.638264e-01  2.000000e-07
 82  54  1  0  0  2  2.712510e-01  2.000000e-07
 82  39  0  0  0  2  2.309026e-01  2.000000e-07
 82  69  0  0  0  2  1.484134e-01  2.000000e-07
 82  1  1  0  0  2  2.277182e-01  2.000000e-07
 82  58  1  0  0  2  4.116994e-01  2.000000e-07
 82  42  0  0  0  2  2.523635e-01  2.000000e-07
 82  89  1  0  0  2  3.110222e-01  2.000000e-07
 82  87  0  0  0  2  6.767926e-02  2.000000e-07
 82  74  0  0  0  2  1.866530e-01  2.000000e-07
 82  35  0  0  0  2  1.024782e-01  2.000000e-07
 82  75  0  0  0  2  3.221153e-01  2.000000e-07
 82  61  0  0  0  2  2.907954e-01  2.000000e-07
 82  88  0  0  0  2  2.857060e-01  2.000000e-07
 82  0  0  0  0  2  1.789136e-01  2.000000e-07
 54  56  0  0  0  2  2.167540e-01  2.000000e-07
 54  86 -1  0  0  2  3.099755e-01  2.000000e-07
 54  46  0  0  0  2  5.116265e-02  2.000000e-07
 54  58  0  0  0  2  3.954816e-01  2.000000e-07
 54  48  0  0  0  2  2.767801e-01  2.000000e-07
 54  42 -1  0  0  2  3.762755e-01  2.000000e-07
 54  89  0  0  0  2  6.665776e-02  2.000000e-07
 54  59 -1  0  0  2  4.581840e-01  2.000000e-07
 54  87 -1  0  0  2  3.210279e-01  2.000000e-07
 54  35 -1  0  0  2  3.682364e-01  2.000000e-07
 54  52  0  0  0  2  4.239713e-01  2.000000e-07
 54  47  0  0  0  2  4.681864e-01  2.000000e-07
 55  40  0  0  0  2  2.794115e-01  2.000000e-07
 55  86  0  0  0  2  2.972942e-01  2.000000e-07
 55  57  0  0  0  2  1.728760e-01  2.000000e-07
 55  69  0  1  0  2  4.754589e-01  2.000000e-07
 55  42  0  0  0  2  2.857026e-01  2.000000e-07
 55  59  0  1  0  2  3.894616e-01  2.000000e-07
 55  72  0  0  0  2  2.769631e-01  2.000000e-07
 55  38  0  0  0  2  1.514564e-01  2.000000e-07
 55  73  0  0  0  2  9.535111e-02  2.000000e-07
 55  41  0  0  0  2  1.508825e-01  2.000000e-07
 55  60  0  1  0  2  3.116955e-01  2.000000e-07
 55  35  0  1  0  2  5.017439e-01  2.000000e-07
 55  52  1  0  0  2  5.599110e-01  2.000000e-07
 55  75  0  0  0  2  2.433921e-01  2.000000e-07
 55  76  0  0  0  2  1.265055e-01  2.000000e-07
 83  84  0  0  0  2  1.948021e-01  2.000000e-07
 83  39  0  0  0  2  1.872261e-01  2.000000e-07
 83  69  0  0  0  2  2.738313e-01  2.000000e-07
 83  2  0  0  0  2  1.053623e-01  2.000000e-07
 83  71  0  0  0  2  1.956374e-01  2.000000e-07
 83  1  1  0  0  2  2.847261e-01  2.000000e-07
 83  59  0  0  0  2  3.533741e-01  2.000000e-07
 83  36  0  0  0  2  2.747747e-01  2.000000e-07
 83  74  0  0  0  2  8.099599e-02  2.000000e-07
 83  88  0  0  0  2  2.082314e-01  2.000000e-07
 83  0  0  0  0  2  7.400528e-02  2.000000e-07
 83  77  0  0  0  2  2.148320e-01  2.000000e-07
 56  84  0  0  0  2  2.193880e-01  2.000000e-07
 56  40  0  0  0  2  2.671214e-01  2.000000e-07
 56  57  0  0  0  2  3.272843e-01  2.000000e-07
 56  46  0  0  0  2  1.755935e-01  2.000000e-07
 56  58  0  0  0  2  4.053421e-01  2.000000e-07
 56  48  0  0  0  2  9.749743e-02  2.000000e-07
 56  89  0  0  0  2  2.249717e-01  2.000000e-07
 56  72  0  0  0  2  2.841237e-01  2.000000e-07
 56  41  0  0  0  2  2.858948e-01  2.000000e-07
 56  60  0  0  0  2  4.566966e-01  2.000000e-07
 56  61  0  0  0  2  2.803557e-01  2.000000e-07
 84  40  0  0  0  2  1.146602e-01  2.000000e-07
 84  2  0  0  0  2  2.091717e-01  2.000000e-07
 84  70  0  0  0  2  3.534840e-01  2.000000e-07
 84  58  0  0  0  2  4.599463e-01  2.000000e-07
 84  60  0  0  0  2  3.134532e-01  2.000000e-07
 84  74  0  0  0  2  2.446156e-01  2.000000e-07
 84  61  0  0  0  2  6.108887e-02  2.000000e-07
 84  88  0  0  0  2  1.791488e-01  2.000000e-07
 84  0  0  0  0  2  2.432320e-01  2.000000e-07
 84  77  0  0  0  2  1.753692e-01  2.000000e-07
 85  45  0  0  0  2  2.566527e-01  2.000000e-07
 85  86 -1  0  0  2  2.032956e-01  2.000000e-07
 85  69 -1  1  0  2  3.596781e-01  2.000000e-07
 85  46  0  0  0  2  3.765596e-01  2.000000e-07
 85  2 -1  0  0  2  4.276043e-01  2.000000e-07
 85  70  0  0  0  2  4.449274e-01  2.000000e-07
 85  70  0  1  0  2  6.253931e-01  2.000000e-07
 85  71 -1  0  0  2  4.232081e-01  2.000000e-07
 85  1  0  0  0  2  3.146066e-01  2.000000e-07
 85  58  0  1  0  2  3.269058e-01  2.000000e-07
 85  37 -1  1  0  2  3.857264e-01  2.000000e-07
 85  89  0  0  0  2  3.250097e-01  2.000000e-07
 85  44  0  0  0  2  2.673997e-01  2.000000e-07
 85  59 -1  1  0  2  2.769451e-01  2.000000e-07
 85  38  0  0  0  2  5.140654e-01  2.000000e-07
 85  73 -1  0  0  2  2.993690e-01  2.000000e-07
 85  52  0  0  0  2  1.672385e-01  2.000000e-07
 85  76  0  0  0  2  4.988051e-01  2.000000e-07
 45  46  0  0  0  2  3.657959e-01  2.000000e-07
 45  46  0  1  0  2  6.559833e-01  2.000000e-07
 45  70  0  1  0  2  5.915380e-01  2.000000e-07
 45  44  0  0  0  2  1.659239e-02  2.000000e-07
 45  52  0  0  0  2  1.053994e-01  2.000000e-07
 39  69  0  0  0  2  2.191128e-01  2.000000e-07
 39  37  0  0  0  2  1.381947e-01  2.000000e-07
 39  36  0  0  0  2  1.023519e-01  2.000000e-07
 39  74  0  0  0  2  2.675135e-01  2.000000e-07
 39  61  0  0  0  2  1.710287e-01  2.000000e-07
 39  88  0  0  0  2  6.318562e-02  2.000000e-07
 39  77  0  0  0  2  7.366803e-02  2.000000e-07
 40  42  0  0  0  2  1.518869e-01  2.000000e-07
 40  72  0  0  0  2  1.700387e-02  2.000000e-07
 40  41  0  0  0  2  1.425648e-01  2.000000e-07
 40  74  0  0  0  2  1.825356e-01  2.000000e-07
 40  75  0  0  0  2  2.403517e-01  2.000000e-07
 40  61  0  0  0  2  1.227085e-01  2.000000e-07
 40  62  0  0  0  2  1.012304e-01  2.000000e-07
 86  45  1  0  0  2  4.133267e-01  2.000000e-07
 86  46  1  0  0  2  3.266113e-01  2.000000e-07
 86  71  0  0  0  2  2.389439e-01  2.000000e-07
 86  42  0  0  0  2  1.925567e-01  2.000000e-07
 86  89  1  0  0  2  2.703311e-01  2.000000e-07
 86  44  1  0  0  2  4.182127e-01  2.000000e-07
 86  59  0  1  0  2  4.084639e-01  2.000000e-07
 86  72  0  0  0  2  3.140587e-01  2.000000e-07
 86  41  0  0  0  2  3.261370e-01  2.000000e-07
 86  87  0  0  0  2  3.339384e-01  2.000000e-07
 86  52  1  0  0  2  3.516318e-01  2.000000e-07
 86  75  0  0  0  2  9.020993e-02  2.000000e-07
 57  48  0  0  0  2  2.311357e-01  2.000000e-07
 57  89  0  0  0  2  4.073454e-01  2.000000e-07
 57  41  0  0  0  2  1.814168e-01  2.000000e-07
 57  52  0  0  0  2  2.955802e-01  2.000000e-07
 57  76  0  0  0  2  9.368331e-02  2.000000e-07
 69  70  1  0  0  2  3.987753e-01  2.000000e-07
 69  1  1  0  0  2  3.635669e-01  2.000000e-07
 69  58  1  0  0  2  3.451798e-01  2.000000e-07
 69  37  0  0  0  2  1.772926e-01  2.000000e-07
 69  89  1  0  0  2  4.240703e-01  2.000000e-07
 69  59  0  0  0  2  9.838256e-02  2.000000e-07
 69  36  0  0  0  2  1.847208e-01  2.000000e-07
 69  73  0 -1  0  2  4.141014e-01  2.000000e-07
 69  60  0  0  0  2  2.977311e-01  2.000000e-07
 69  74  0  0  0  2  3.201100e-01  2.000000e-07
 69  35  0  0  0  2  9.087796e-02  2.000000e-07
 69  75  0 -1  0  2  5.467859e-01  2.000000e-07
 69  88  0  0  0  2  2.821225e-01  2.000000e-07
 69  0  0  0  0  2  3.114956e-01  2.000000e-07
 46  50 -1  0  0  2  4.898798e-01  2.000000e-07
 46  70  0  0  0  2  6.844553e-02  2.000000e-07
 46  58  0  0  0  2  4.149902e-01  2.000000e-07
 46  48  0  0  0  2  2.275163e-01  2.000000e-07
 46  44  0  0  0  2  3.570120e-01  2.000000e-07
 46  59 -1  0  0  2  5.054955e-01  2.000000e-07
 46  87 -1  0  0  2  3.712935e-01  2.000000e-07
 46  52  0 -1  0  2  6.070254e-01  2.000000e-07
 46  52  0  0  0  2  3.929990e-01  2.000000e-07
 46  47  0  0  0  2  4.436462e-01  2.000000e-07
 2  70  0  0  0  2  5.399594e-01  2.000000e-07
 2  71  0  0  0  2  9.868878e-02  2.000000e-07
 2  1  1  0  0  2  2.739681e-01  2.000000e-07
 2  74  0  0  0  2  6.274544e-02  2.000000e-07
 2  88  0  0  0  2  2.926080e-01  2.000000e-07
 2  0  0  0  0  2  6.869078e-02  2.000000e-07
 2  77  0  0  0  2  2.968564e-01  2.000000e-07
 70  71  0  0  0  2  4.950225e-01  2.000000e-07
 70  1  0  0  0  2  2.115790e-01  2.000000e-07
 70  58  0  0  0  2  3.511360e-01  2.000000e-07
 70  48  0  0  0  2  2.248244e-01  2.000000e-07
 70  89  0  0  0  2  1.235682e-01  2.000000e-07
 70  44  0  0  0  2  4.078283e-01  2.000000e-07
 70  59 -1  0  0  2  4.776181e-01  2.000000e-07
 70  38  0  0  0  2  5.695933e-01  2.000000e-07
 70  88  0  0  0  2  4.617579e-01  2.000000e-07
 70  76  0  0  0  2  5.207086e-01  2.000000e-07
 70  77  0  0  0  2  4.521049e-01  2.000000e-07
 70  47  0  0  0  2  3.874413e-01  2.000000e-07
 71  1  1  0  0  2  3.437487e-01  2.000000e-07
 71  48  0  0  0  2  2.853370e-01  2.000000e-07
 71  42  0  0  0  2  9.977869e-02  2.000000e-07
 71  59  0  1  0  2  5.346281e-01  2.000000e-07
 71  72  0  0  0  2  8.918877e-02  2.000000e-07
 71  73  0  0  0  2  2.209068e-01  2.000000e-07
 71  41  0  0  0  2  1.174568e-01  2.000000e-07
 71  87  0  0  0  2  2.904731e-01  2.000000e-07
 71  77  0  0  0  2  3.501787e-01  2.000000e-07
 71  47  0  0  0  2  3.390833e-01  2.000000e-07
 1  89  0  0  0  2  1.183664e-01  2.000000e-07
 1  73 -1  0  0  2  4.064752e-01  2.000000e-07
 1  74 -1  0  0  2  2.253254e-01  2.000000e-07
 1  75 -1  0  0  2  2.276750e-01  2.000000e-07
 1  76  0  0  0  2  6.009223e-01  2.000000e-07
 1  0 -1  0  0  2  2.262224e-01  2.000000e-07
 58  89  0 -1  0  2  5.602228e-01  2.000000e-07
 58  89  0  0  0  2  4.602453e-01  2.000000e-07
 58  59 -1  0  0  2  3.479775e-01  2.000000e-07
 58  38  0 -1  0  2  3.456853e-01  2.000000e-07
 58  73 -1 -1  0  2  5.835681e-01  2.000000e-07
 58  60  0  0  0  2  3.804890e-01  2.000000e-07
 58  35 -1  0  0  2  4.255748e-01  2.000000e-07
 58  52  0 -1  0  2  2.038186e-01  2.000000e-07
 58  75 -1 -1  0  2  6.106071e-01  2.000000e-07
 58  61  0  0  0  2  4.881067e-01  2.000000e-07
 58  88  0  0  0  2  4.243239e-01  2.000000e-07
 58  76  0 -1  0  2  3.667676e-01  2.000000e-07
 58  77  0  0  0  2  4.145261e-01  2.000000e-07
 58  47  0  0  0  2  3.740733e-01  2.000000e-07
 48  81  0  0  0  2  1.463843e-01  2.000000e-07
 48  44  0  0  0  2  2.945356e-01  2.000000e-07
 48  41  0  0  0  2  2.023581e-01  2.000000e-07
 48  62  0  0  0  2  2.535164e-01  2.000000e-07
 48  77  0  0  0  2  3.872240e-01  2.000000e-07
 48  47  0  0  0  2  3.325859e-01  2.000000e-07
 37  59  0  0  0  2  1.475932e-01  2.000000e-07
 37  36  0  0  0  2  3.644922e-02  2.000000e-07
 37  38  0 -1  0  2  2.910350e-01  2.000000e-07
 37  73  0 -1  0  2  3.000454e-01  2.000000e-07
 37  60  0  0  0  2  1.262697e-01  2.000000e-07
 37  88  0  0  0  2  1.792954e-01  2.000000e-07
 42  89  1  0  0  2  3.694813e-01  2.000000e-07
 42  72  0  0  0  2  1.349145e-01  2.000000e-07
 42  41  0  0  0  2  2.172349e-01  2.000000e-07
 42  87  0  0  0  2  2.060262e-01  2.000000e-07
 42  74  0  0  0  2  6.612070e-02  2.000000e-07
 42  75  0  0  0  2  1.135644e-01  2.000000e-07
 42  61  0  0  0  2  2.101447e-01  2.000000e-07
 42  62  0  0  0  2  2.088540e-01  2.000000e-07
 89  73 -1  0  0  2  4.926697e-01  2.000000e-07
 89  74 -1  0  0  2  3.432063e-01  2.000000e-07
 89  52  0  0  0  2  3.577820e-01  2.000000e-07
 89  75 -1  0  0  2  3.316832e-01  2.000000e-07
 89  76  0  0  0  2  4.998663e-01  2.000000e-07
 59  45  1 -1  0  2  4.544353e-01  2.000000e-07
 59  36  0  0  0  2  1.731817e-01  2.000000e-07
 59  73  0 -1  0  2  3.210522e-01  2.000000e-07
 59  87  0  0  0  2  2.690437e-01  2.000000e-07
 59  35  0  0  0  2  1.698986e-01  2.000000e-07
 59  52  1 -1  0  2  3.503428e-01  2.000000e-07
 59  77  0  0  0  2  3.147323e-01  2.000000e-07
 72  41  0  0  0  2  1.459961e-01  2.000000e-07
 72  87  0  0  0  2  2.645499e-01  2.000000e-07
 72  61  0  0  0  2  1.256384e-01  2.000000e-07
 72  62  0  0  0  2  1.072494e-01  2.000000e-07
 36  38  0 -1  0  2  3.012819e-01  2.000000e-07
 36  88  0  0  0  2  1.433533e-01  2.000000e-07
 36  77  0  0  0  2  1.505851e-01  2.000000e-07
 38  73  0  0  0  2  2.167981e-01  2.000000e-07
 38  60  0  1  0  2  2.140983e-01  2.000000e-07
 38  88  0  1  0  2  3.532607e-01  2.000000e-07
 38  76  0  0  0  2  5.327822e-02  2.000000e-07
 73  60  0  1  0  2  3.147690e-01  2.000000e-07
 73  74  0  0  0  2  3.335476e-01  2.000000e-07
 73  52  1  0  0  2  4.645701e-01  2.000000e-07
 73  75  0  0  0  2  1.930546e-01  2.000000e-07
 73  0  0  0  0  2  3.423526e-01  2.000000e-07
 41  62  0  0  0  2  2.383599e-01  2.000000e-07
 87  35  0  0  0  2  1.009711e-01  2.000000e-07
 87  61  0  0  0  2  2.233240e-01  2.000000e-07
 87  62  0  0  0  2  2.465301e-01  2.000000e-07
 87  47  0  0  0  2  2.873009e-01  2.000000e-07
 60  35  0  0  0  2  2.671492e-01  2.000000e-07
 60  61  0  0  0  2  2.868463e-01  2.000000e-07
 60  88  0  0  0  2  1.434580e-01  2.000000e-07
 60  62  0  0  0  2  3.099734e-01  2.000000e-07
 60  76  0 -1  0  2  2.665444e-01  2.000000e-07
 74  75  0  0  0  2  1.600640e-01  2.000000e-07
 74  61  0  0  0  2  1.996669e-01  2.000000e-07
 74  88  0  0  0  2  2.886183e-01  2.000000e-07
 74  0  0  0  0  2  8.850925e-03  2.000000e-07
 35  52  1 -1  0  2  4.916765e-01  2.000000e-07
 35  61  0  0  0  2  2.651170e-01  2.000000e-07
 35  88  0  0  0  2  2.121879e-01  2.000000e-07
 35  62  0  0  0  2  2.931103e-01  2.000000e-07
 52  54  0  1  0  2  5.803388e-01  2.000000e-07
 52  69 -1  1  0  2  4.008021e-01  2.000000e-07
 52  75 -1  0  0  2  4.393892e-01  2.000000e-07
 52  76  0  0  0  2  3.410175e-01  2.000000e-07
 75  54  1  0  0  2  3.582697e-01  2.000000e-07
 75  35  0  1  0  2  6.069935e-01  2.000000e-07
 75  0  0  0  0  2  1.686211e-01  2.000000e-07
 61  88  0  0  0  2  1.443905e-01  2.000000e-07
 61  62  0  0  0  2  2.930053e-02  2.000000e-07
 88  77  0  0  0  2  1.060671e-02  2.000000e-07
 62  47  0  0  0  2  1.448213e-01  2.000000e-07
 77  47  0  0  0  2  6.466383e-02  2.000000e-07
 47  45  0 -1  0  2  5.095075e-01  2.000000e-07
 43  49  0  0  0  1  1.540842e-01  3.000000e-07
 43  57  0  0  0  1  1.409816e-01  3.000000e-07
 43  48  0  0  0  1  2.492613e-01  3.000000e-07
 43  89  0  0  0  1  3.197142e-01  3.000000e-07
 49  53  0  0  0  1  5.232940e-02  3.000000e-07
 49  57  0  0  0  1  1.059919e-01  3.000000e-07
 49  44  0  0  0  1  1.611795e-01  3.000000e-07
 49  38  0  0  0  1  9.174195e-02  3.000000e-07
 49  76  0  0  0  1  8.660802e-02  3.000000e-07
 50  39  0  0  0  1  1.179325e-01  3.000000e-07
 50  69  0  0  0  1  1.049162e-01  3.000000e-07
 50  37  0  0  0  1  9.777938e-02  3.000000e-07
 50  59  0  0  0  1  1.364477e-01  3.000000e-07
 50  36  0  0  0  1  8.933101e-02  3.000000e-07
 50  35  0  0  0  1  7.359172e-02  3.000000e-07
 51  53  0 -1  0  1  2.137099e-01  3.000000e-07
 51  58  0  0  0  1  3.451867e-01  3.000000e-07
 51  37  0  0  0  1  1.638381e-01  3.000000e-07
 51  38  0 -1  0  1  1.784488e-01  3.000000e-07
 51  73  0 -1  0  1  3.059385e-01  3.000000e-07
 51  47  0  0  0  1  1.966110e-01  3.000000e-07
 80  82 -1  0  0  1  2.324493e-01  3.000000e-07
 80  54  0  0  0  1  6.864295e-02  3.000000e-07
 80  1  0  0  0  1  6.341757e-02  3.000000e-07
 80  89  0  0  0  1  7.936323e-02  3.000000e-07
 81  84  0  0  0  1  1.973817e-01  3.000000e-07
 81  40  0  0  0  1  1.247830e-01  3.000000e-07
 81  57  0  0  0  1  1.941626e-01  3.000000e-07
 81  48  0  0  0  1  1.463843e-01  3.000000e-07
 81  41  0  0  0  1  6.064050e-02  3.000000e-07
 53  45  0  0  0  1  1.672490e-01  3.000000e-07
 53  58  0  1  0  1  2.365126e-01  3.000000e-07
 53  44  0  0  0  1  1.654484e-01  3.000000e-07
 53  38  0  0  0  1  1.156158e-01  3.000000e-07
 82  54  1  0  0  1  2.712510e-01  3.000000e-07
 82  69  0  0  0  1  1.484134e-01  3.000000e-07
 82  70  1  0  0  1  3.246646e-01  3.000000e-07
 82  1  1  0  0  1  2.277182e-01  3.000000e-07
 82  87  0  0  0  1  6.767926e-02  3.000000e-07
 82  35  0  0  0  1  1.024782e-01  3.000000e-07
 82  0  0  0  0  1  1.789136e-01  3.000000e-07
 54  46  0  0  0  1  5.116265e-02  3.000000e-07
 54  70  0  0  0  1  8.076583e-02  3.000000e-07
 54  89  0  0  0  1  6.665776e-02  3.000000e-07
 55  57  0  0  0  1  1.728760e-01  3.000000e-07
 55  71  0  0  0  1  2.068822e-01  3.000000e-07
 55  38  0  0  0  1  1.514564e-01  3.000000e-07
 55  41  0  0  0  1  1.508825e-01  3.000000e-07
 55  76  0  0  0  1  1.265055e-01  3.000000e-07
 83  39  0  0  0  1  1.872261e-01  3.000000e-07
 83  2  0  0  0  1  1.053623e-01  3.000000e-07
 83  72  0  0  0  1  1.612223e-01  3.000000e-07
 83  87  0  0  0  1  1.033695e-01  3.000000e-07
 83  61  0  0  0  1  1.393425e-01  3.000000e-07
 83  0  0  0  0  1  7.400528e-02  3.000000e-07
 56  84  0  0  0  1  2.193880e-01  3.000000e-07
 56  46  0  0  0  1  1.755935e-01  3.000000e-07
 56  70  0  0  0  1  1.477036e-01  3.000000e-07
 56  58  0  0  0  1  4.053421e-01  3.000000e-07
 56  47  0  0  0  1  2.903454e-01  3.000000e-07
 84  40  0  0  0  1  1.146602e-01  3.000000e-07
 84  48  0  0  0  1  2.241663e-01  3.000000e-07
 84  61  0  0  0  1  6.108887e-02  3.000000e-07
 84  47  0  0  0  1  1.383291e-01  3.000000e-07
 85  86 -1  0  0  1  2.032956e-01  3.000000e-07
 85  89  0  0  0  1  3.250097e-01  3.000000e-07
 85  59 -1  1  0  1  2.769451e-01  3.000000e-07
 85  73 -1  0  0  1  2.993690e-01  3.000000e-07
 85  52  0  0  0  1  1.672385e-01  3.000000e-07
 45  58  0  1  0  1  2.410726e-01  3.000000e-07
 45  52  0  0  0  1  1.053994e-01  3.000000e-07
 39  36  0  0  0  1  1.023519e-01  3.000000e-07
 39  87  0  0  0  1  1.842158e-01  3.000000e-07
 39  60  0  0  0  1  1.522346e-01  3.000000e-07
 39  35  0  0  0  1  1.503239e-01  3.000000e-07
 39  88  0  0  0  1  6.318562e-02  3.000000e-07
 40  71  0  0  0  1  1.006813e-01  3.000000e-07
 40  41  0  0  0  1  1.425648e-01  3.000000e-07
 40  62  0  0  0  1  1.012304e-01  3.000000e-07
 86  1  1  0  0  1  1.876579e-01  3.000000e-07
 86  89  1  0  0  1  2.703311e-01  3.000000e-07
 86  73  0  0  0  1  2.228928e-01  3.000000e-07
 86  75  0  0  0  1  9.020993e-02  3.000000e-07
 57  48  0  0  0  1  2.311357e-01  3.000000e-07
 57  41  0  0  0  1  1.814168e-01  3.000000e-07
 57  76  0  0  0  1  9.368331e-02  3.000000e-07
 69  70  1  0  0  1  3.987753e-01  3.000000e-07
 69  58  1  0  0  1  3.451798e-01  3.000000e-07
 69  59  0  0  0  1  9.838256e-02  3.000000e-07
 69  35  0  0  0  1  9.087796e-02  3.000000e-07
 46  70  0  0  0  1  6.844553e-02  3.000000e-07
 46  48  0  0  0  1  2.275163e-01  3.000000e-07
 46  89  0  0  0  1  5.713712e-02  3.000000e-07
 2  71  0  0  0  1  9.868878e-02  3.000000e-07
 2  72  0  0  0  1  1.102151e-01  3.000000e-07
 2  0  0  0  0  1  6.869078e-02  3.000000e-07
 70  58  0  0  0  1  3.511360e-01  3.000000e-07
 71  42  0  0  0  1  9.977869e-02  3.000000e-07
 71  72  0  0  0  1  8.918877e-02  3.000000e-07
 71  41  0  0  0  1  1.174568e-01  3.000000e-07
 71  75  0  0  0  1  1.488453e-01  3.000000e-07
 1  89  0  0  0  1  1.183664e-01  3.000000e-07
 1  74 -1  0  0  1  2.253254e-01  3.000000e-07
 1  75 -1  0  0  1  2.276750e-01  3.000000e-07
 48  89  0  0  0  1  2.619861e-01  3.000000e-07
 37  59  0  0  0  1  1.475932e-01  3.000000e-07
 37  73  0 -1  0  1  3.000454e-01  3.000000e-07
 37  60  0  0  0  1  1.262697e-01  3.000000e-07
 42  74  0  0  0  1  6.612070e-02  3.000000e-07
 42  75  0  0  0  1  1.135644e-01  3.000000e-07
 89  44  0  0  0  1  3.380766e-01  3.000000e-07
 89  52  0  0  0  1  3.577820e-01  3.000000e-07
 44  52  0  0  0  1  1.205352e-01  3.000000e-07
 59  73  0 -1  0  1  3.210522e-01  3.000000e-07
 72  61  0  0  0  1  1.256384e-01  3.000000e-07
 72  62  0  0  0  1  1.072494e-01  3.000000e-07
 36  60  0  0  0  1  1.132628e-01  3.000000e-07
 38  73  0  0  0  1  2.167981e-01  3.000000e-07
 73  75  0  0  0  1  1.930546e-01  3.000000e-07
 87  35  0  0  0  1  1.009711e-01  3.000000e-07
 87  0  0  0  0  1  1.319300e-01  3.000000e-07
 60  88  0  0  0  1  1.434580e-01  3.000000e-07
 60  77  0  0  0  1  1.429125e-01  3.000000e-07
 60  47  0  0  0  1  1.792862e-01  3.000000e-07
 52  58  0  1  0  1  2.038186e-01  3.000000e-07
 52  59 -1  1  0  1  3.503428e-01  3.000000e-07
 61  88  0  0  0  1  1.443905e-01  3.000000e-07
 61  77  0  0  0  1  1.439473e-01  3.000000e-07
 61  47  0  0  0  1  1.303105e-01  3.000000e-07
 77  47  0  0  0  1  6.466383e-02  3.000000e-07
 3.358760e-01 -2.016581e-02  0
-4.441676e-01  3.270936e-02  0
 2.820540e-01  2.251455e-02  0
 1.195887e-01  3.408109e-01 -1.767852e-01
 1.313627e-01  3.722783e-01 -2.220533e-01
 1.326386e-01  3.822264e-01 -1.982937e-01
-4.086707e-01 -2.405302e-01  1.070107e-01
 7.775425e-02  2.357194e-01 -1.251423e-01
-3.461669e-02  1.037722e-01 -4.157942e-01
-2.979836e-01 -4.050991e-01 -2.849412e-01
-2.614056e-01 -2.544286e-01  3.221990e-01
-3.826708e-01 -2.205938e-01 -2.574311e-01
-4.374387e-01 -4.005219e-01 -4.470238e-01
-3.790371e-01 -3.027230e-01 -3.239890e-01
-3.180219e-02 -1.767059e-01 -3.382374e-01
 1.433627e-01 -2.072303e-01  2.898575e-01
 2.492892e-01 -6.796481e-02  1.214704e-01
 7.468020e-02  8.292536e-02  1.994265e-01
 2.762007e-01  1.255172e-01  2.533245e-01
 4.353536e-01  1.252107e-01 -3.789233e-01
-3.827851e-01  3.374171e-01  4.377847e-01
 4.048039e-01  5.842678e-03  2.586725e-01
 1.464274e-01 -2.173528e-01  4.202879e-01
 8.985849e-02 -2.668457e-01  3.971083e-01
-1.094384e-01 -1.415508e-01  3.289466e-01
 2.901352e-01  9.409482e-02  2.795673e-01
-2.783774e-01  2.457639e-01 -4.392651e-01
-4.395072e-01 -1.507555e-01 -2.566580e-01
-4.150850e-01 -1.639675e-01  2.552776e-01
 2.212677e-01 -3.330232e-01  3.644106e-01
 4.628143e-02  4.473366e-01  4.219390e-01
 2.639254e-01  2.968231e-01 -4.379236e-01
-1.979795e-02  1.508117e-01 -3.939454e-01
 2.318349e-01  3.248217e-02 -2.627682e-01
 2.105456e-01 -3.879851e-01 -3.274597e-01
 3.804741e-01 -2.465094e-01  0
 2.627839e-01 -3.548695e-01  0
 2.812978e-01 -3.862667e-01  0
 6.997424e-02  4.136240e-01  0
 2.305688e-01 -2.577196e-01  0
 1.549724e-01  1.959846e-02  0
 1.168102e-01  1.569607e-01  0
 3.043174e-01  4.726990e-02  0
-1.444778e-01  3.057902e-01  0
-1.724156e-01  3.438224e-01  0
-1.833001e-01  3.563457e-01  0
-2.837052e-01  4.599460e-03  0
 9.912858e-02 -2.195884e-01  0
-6.559443e-02  6.934015e-02  0
-2.023533e-02  3.969261e-01  0
 3.379178e-01 -3.065485e-01  0
 1.200145e-01 -4.150869e-01  0
-2.802973e-01  3.975837e-01  0
-4.135806e-02  4.448030e-01  0
-3.261982e-01 -2.389558e-02  0
 1.685966e-01  2.986776e-01  0
-1.095329e-01 -1.769525e-02  0
-4.156541e-03  2.921609e-01  0
-2.250585e-01 -4.062259e-01  0
 4.269836e-01 -4.099181e-01  0
 1.550810e-01 -3.899201e-01  0
 1.575028e-01 -1.030840e-01  0
 1.390008e-01 -8.036404e-02  0
-2.336503e-02 -1.440585e-01  1.875056e-01
 1.218134e-01 -4.443665e-01  2.917678e-01
-4.544324e-02  3.756077e-01 -1.611454e-01
-3.942070e-01  4.062679e-01  4.323959e-01
 4.112682e-01  2.558954e-01 -2.253451e-01
 4.037596e-01 -1.854999e-01 -3.400124e-01
 4.426481e-01 -3.127906e-01  0
-2.521465e-01 -5.613632e-02  0
 2.183139e-01  9.785822e-02  0
 1.718417e-01  2.173348e-02  0
 2.626647e-01  3.142671e-01  0
 3.348613e-01 -1.137325e-02  0
 3.588541e-01  1.468823e-01  0
 5.880887e-02  3.615289e-01  0
 1.576803e-01 -2.470312e-01  0
 2.943588e-01 -3.478901e-02  1.080865e-01
-4.047373e-01 -9.524572e-02 -1.292526e-01
-3.914210e-01 -2.498310e-03  0
 7.371508e-02  1.142982e-01  0
 4.417646e-01 -1.643798e-01  0
 2.952438e-01 -8.201891e-02  0
 1.004432e-01 -8.126547e-02  0
-4.397928e-01  3.472856e-01  0
 4.419927e-01  1.818939e-01  0
 3.767409e-01 -1.456073e-01  0
 1.682869e-01 -2.470712e-01  0
-3.262289e-01  4.276217e-02  0