 733  90  1.200000e-05  50 -2 -2
 37  77  1 -1  0  3  5.407908e-01  1.000000e-07
 37  75  0  0  0  3  2.735189e-01  1.000000e-07
 37  76  0 -1  0  3  5.785649e-01  1.000000e-07
 6  77  0  0  0  3  3.375198e-01  1.000000e-07
 6  12  0  0  0  3  2.679364e-01  1.000000e-07
 6  10  0  1  0  3  2.719869e-01  1.000000e-07
 6  9  0  0  0  3  1.843207e-01  1.000000e-07
 6  8  0  0  0  3  3.179444e-01  1.000000e-07
 6  29  0  1  0  3  4.301319e-01  1.000000e-07
 6  35  0  1  1  3  4.119136e-01  1.000000e-07
 6  31  0  0  1  3  3.209895e-01  1.000000e-07
 6  33  0  0  1  3  1.362691e-01  1.000000e-07
 77  4  0  1  0  3  4.066492e-01  1.000000e-07
 77  12  0  0  0  3  3.966953e-01  1.000000e-07
 77  9  0  0  0  3  3.878220e-01  1.000000e-07
 77  29  0  1  0  3  4.169082e-01  1.000000e-07
 77  14  0  0  1  3  4.152018e-01  1.000000e-07
 4  12  0  0  0  3  3.541692e-01  1.000000e-07
 4  11  0  0  0  3  9.532303e-02  1.000000e-07
 4  5  0  0  0  3  1.948451e-01  1.000000e-07
 4  28 -1  0  0  3  3.875809e-01  1.000000e-07
 4  79  0  0  0  3  2.773560e-01  1.000000e-07
 4  80  0  0  0  3  3.721071e-01  1.000000e-07
 27  3  0  0  0  3  1.389853e-01  1.000000e-07
 27  75  0  0  0  3  2.400584e-01  1.000000e-07
 27  9  0  0  0  3  4.355701e-01  1.000000e-07
 27  28  0  0  0  3  3.723210e-01  1.000000e-07
 27  14  1  0  1  3  3.656050e-01  1.000000e-07
 27  18  0  1  1  3  6.237574e-01  1.000000e-07
 27  32  0  1  1  3  6.822429e-01  1.000000e-07
 27  16  0  0  1  3  4.763462e-01  1.000000e-07
 3  75  0  0  0  3  1.614321e-01  1.000000e-07
 3  12  1  0  0  3  4.853615e-01  1.000000e-07
 3  28  0  0  0  3  3.687949e-01  1.000000e-07
 3  76  0  0  0  3  2.729751e-01  1.000000e-07
 75  28  0  0  0  3  2.563907e-01  1.000000e-07
 75  80  0  0  0  3  3.292654e-01  1.000000e-07
 75  7  0  0  0  3  4.186738e-01  1.000000e-07
 75  76  0  0  0  3  3.206171e-01  1.000000e-07
 75  34  0  0  1  3  4.190379e-01  1.000000e-07
 12  11  0  0  0  3  3.726601e-01  1.000000e-07
 12  28 -1  0  0  3  3.909652e-01  1.000000e-07
 12  29  0  0  0  3  3.553914e-01  1.000000e-07
 12  76  0  0  0  3  4.537964e-01  1.000000e-07
 11  10  0  0  0  3  1.748378e-01  1.000000e-07
 11  5  0  0  0  3  2.328577e-01  1.000000e-07
 11  79  0  0  0  3  2.933669e-01  1.000000e-07
 11  80  0  0  0  3  3.919855e-01  1.000000e-07
 11  29  0  0  0  3  9.102225e-02  1.000000e-07
 11  7  0  0  0  3  3.886071e-01  1.000000e-07
 11  35  0  0  1  3  2.593304e-01  1.000000e-07
 10  9  0 -1  0  3  2.609118e-01  1.000000e-07
 10  5  0  0  0  3  2.343344e-01  1.000000e-07
 10  7  0  0  0  3  2.994393e-01  1.000000e-07
 10  76  0 -1  0  3  4.097687e-01  1.000000e-07
 10  35  0  0  1  3  2.538457e-01  1.000000e-07
 10  32  0  0  1  3  4.753707e-01  1.000000e-07
 10  33  0 -1  1  3  3.641905e-01  1.000000e-07
 9  8  0  0  0  3  2.046636e-01  1.000000e-07
 9  79  0  1  0  3  2.697706e-01  1.000000e-07
 9  7  0  1  0  3  4.365361e-01  1.000000e-07
 9  32  0  1  1  3  5.442573e-01  1.000000e-07
 8  28  0  0  0  3  4.372860e-01  1.000000e-07
 8  7  0  1  0  3  5.311945e-01  1.000000e-07
 8  76  0  0  0  3  1.926657e-01  1.000000e-07
 8  31  0  0  1  3  4.385126e-01  1.000000e-07
 8  32  0  1  1  3  6.032698e-01  1.000000e-07
 8  34  0  0  1  3  4.403149e-01  1.000000e-07
 5  80  0  0  0  3  2.304276e-01  1.000000e-07
 5  76  0 -1  0  3  4.531630e-01  1.000000e-07
 28  7  0  0  0  3  3.606468e-01  1.000000e-07
 28  26  1  0  1  3  3.517894e-01  1.000000e-07
 28  17  1  0  1  3  3.497226e-01  1.000000e-07
 79  76  0 -1  0  3  3.367079e-01  1.000000e-07
 80  7  0  0  0  3  2.177011e-01  1.000000e-07
 80  35  0  0  1  3  4.517025e-01  1.000000e-07
 29  35  0  0  1  3  2.361362e-01  1.000000e-07
 29  30 -1 -1  1  3  6.314120e-01  1.000000e-07
 29  33  0 -1  1  3  4.616166e-01  1.000000e-07
 29  25  0  0  1  3  4.174929e-01  1.000000e-07
 7  35  0  0  1  3  3.378681e-01  1.000000e-07
 7  30  0 -1  1  3  6.299136e-01  1.000000e-07
 35  20  0  0  0  3  1.759269e-01  1.000000e-07
 35  23  0  0  0  3  3.195670e-01  1.000000e-07
 35  32  0  0  0  3  3.407621e-01  1.000000e-07
 14  26  0  0  0  3  3.070341e-01  1.000000e-07
 14  30 -1  0  0  3  3.553642e-01  1.000000e-07
 14  31  0  0  0  3  2.808812e-01  1.000000e-07
 14  17  0  0  0  3  4.087972e-02  1.000000e-07
 14  33  0  0  0  3  2.269848e-01  1.000000e-07
 14  34 -1  0  0  3  2.923085e-01  1.000000e-07
 14  16 -1  0  0  3  2.380697e-01  1.000000e-07
 15  30  0  0  0  3  3.529498e-01  1.000000e-07
 15  31  0  0  0  3  4.077939e-01  1.000000e-07
 15  32  0  1  0  3  5.214545e-01  1.000000e-07
 15  24  0  0  0  3  2.800224e-01  1.000000e-07
 15  34  0  0  0  3  2.073847e-01  1.000000e-07
 15  36  0  0  0  3  4.258787e-01  1.000000e-07
 15  16  0  0  0  3  2.885043e-01  1.000000e-07
 20  22  0  0  0  3  1.626694e-01  1.000000e-07
 20  26  0  0  0  3  2.459915e-01  1.000000e-07
 20  31  0  0  0  3  3.165046e-01  1.000000e-07
 20  24  0  0  0  3  3.855187e-01  1.000000e-07
 20  25  0  0  0  3  2.599673e-01  1.000000e-07
 20  21  0  0  0  3  2.146688e-01  1.000000e-07
 20  36  0  0  0  3  1.434939e-01  1.000000e-07
 22  23  0  0  0  3  2.751554e-01  1.000000e-07
 22  32  0  0  0  3  1.511421e-01  1.000000e-07
 22  24  0  0  0  3  3.343541e-01  1.000000e-07
 22  25  0  0  0  3  2.031469e-01  1.000000e-07
 22  21  0  0  0  3  2.305351e-01  1.000000e-07
 22  36  0  0  0  3  2.840228e-01  1.000000e-07
 26  17  0  0  0  3  2.979672e-01  1.000000e-07
 26  23 -1  0  0  3  5.300973e-01  1.000000e-07
 26  34 -1  0  0  3  3.837478e-01  1.000000e-07
 26  21  0  0  0  3  2.509796e-01  1.000000e-07
 26  36  0  0  0  3  1.999933e-01  1.000000e-07
 30  8  0  0 -1  3  5.985892e-01  1.000000e-07
 30  19  0  1  0  3  3.768624e-01  1.000000e-07
 30  25  1  1  0  3  4.320602e-01  1.000000e-07
 30  16  0  0  0  3  1.647284e-01  1.000000e-07
 31  17  0  0  0  3  2.808839e-01  1.000000e-07
 31  33  0  0  0  3  2.524819e-01  1.000000e-07
 31  34  0  0  0  3  4.775289e-01  1.000000e-07
 31  36  0  0  0  3  2.314084e-01  1.000000e-07
 17  13  0  0  0  3  2.135404e-01  1.000000e-07
 17  33  0  0  0  3  2.484015e-01  1.000000e-07
 17  34 -1  0  0  3  2.791254e-01  1.000000e-07
 17  36  0  0  0  3  3.802453e-01  1.000000e-07
 17  16 -1  0  0  3  2.051068e-01  1.000000e-07
 18  23  0  0  0  3  3.591980e-01  1.000000e-07
 18  19  0  0  0  3  1.831182e-01  1.000000e-07
 18  24  0  0  0  3  2.268296e-01  1.000000e-07
 18  25  1  0  0  3  3.833942e-01  1.000000e-07
 23  32  0  0  0  3  3.909339e-01  1.000000e-07
 23  19  0  0  0  3  2.204607e-01  1.000000e-07
 23  24  0  0  0  3  2.235176e-01  1.000000e-07
 23  34  0  0  0  3  2.868529e-01  1.000000e-07
 23  36  0  0  0  3  3.477298e-01  1.000000e-07
 32  19  0  0  0  3  3.520309e-01  1.000000e-07
 32  33  0 -1  0  3  3.893021e-01  1.000000e-07
 32  25  0  0  0  3  1.995822e-01  1.000000e-07
 19  24  0  0  0  3  8.218436e-02  1.000000e-07
 13  33  0  0  0  3  3.182902e-01  1.000000e-07
 13  25  0  1  0  3  3.535848e-01  1.000000e-07
 33  25  0  1  0  3  3.570522e-01  1.000000e-07
 24  34  0  0  0  3  3.621468e-01  1.000000e-07
 24  36  0  0  0  3  4.484835e-01  1.000000e-07
 25  21  0  0  0  3  1.209877e-01  1.000000e-07
 34  16  0  0  0  3  2.633575e-01  1.000000e-07
 21  29  0  0 -1  3  4.016076e-01  1.000000e-07
 21  36  0  0  0  3  2.480430e-01  1.000000e-07
 36  16 -1  0  0  3  4.838147e-01  1.000000e-07
 79  44  0  0  0  3  1.566930e-01  1.000000e-07
 82  21  0  0  0  3  2.209374e-01  1.000000e-07
 5  54  0  0  0  3  1.743067e-01  1.000000e-07
 81  22  0  0  0  3  2.078326e-01  1.000000e-07
 37  49  0  0  0  3  1.345338e-01  1.000000e-07
 55  19  0  0  0  3  1.629229e-01  1.000000e-07
 80  45  0  0  0  3  2.420563e-01  1.000000e-07
 65  19  0  0  0  3  1.559110e-01  1.000000e-07
 79  88  0 -1  0  3  2.127968e-01  1.000000e-07
 59  13  0  0  0  3  2.645441e-01  1.000000e-07
 5  60  0  0  0  3  1.918576e-01  1.000000e-07
 52  36  0  0  0  3  2.369035e-01  1.000000e-07
 77  78 -1  1  0  3  3.168830e-01  1.000000e-07
 64  18  0  0  0  3  1.672525e-01  1.000000e-07
 5  73  0  0  0  3  2.533421e-01  1.000000e-07
 66  19  0  0  0  3  1.954104e-01  1.000000e-07
 5  85  0  0  0  3  2.022517e-01  1.000000e-07
 83  32  0  0  0  3  2.116229e-01  1.000000e-07
 12  59  0  0  0  3  4.141911e-01  1.000000e-07
 62  13  0  0  0  3  1.833335e-01  1.000000e-07
 9  62  0  0  0  3  3.744297e-01  1.000000e-07
 59  13  0  0  0  3  2.076959e-01  1.000000e-07
 3  53  0  0  0  3  2.139155e-01  1.000000e-07
 58  16  0  0  0  3  2.076291e-01  1.000000e-07
 37  55  0  0  0  3  1.244303e-01  1.000000e-07
 49  24  0  0  0  3  1.163763e-01  1.000000e-07
 77  88  0  0  0  3  2.633337e-01  1.000000e-07
 59  13  0  0  0  3  1.756845e-01  1.000000e-07
 75  53  0  0  0  3  2.599990e-01  1.000000e-07
 51  16  0  0  0  3  2.207460e-01  1.000000e-07
 27  64  0  1  0  3  4.050118e-01  1.000000e-07
 78  18  0  0  0  3  1.605050e-01  1.000000e-07
 80  52  0  0  0  3  2.409507e-01  1.000000e-07
 50  36  0  0  0  3  2.484510e-01  1.000000e-07
 76  39  0  0  0  3  2.140258e-01  1.000000e-07
 56  15  0  0  0  3  2.221077e-01  1.000000e-07
 3  58  0  0  0  3  2.510208e-01  1.000000e-07
 53  13  1  0  0  3  2.004793e-01  1.000000e-07
 79  85  0  0  0  3  1.472920e-01  1.000000e-07
 83  22  0  0  0  3  2.221071e-01  1.000000e-07
 37  38  0  0  0  3  2.202030e-01  1.000000e-07
 57  13  1  0  0  3  3.398466e-01  1.000000e-07
 4  84  0  0  0  3  4.083139e-01  1.000000e-07
 74  13  0  0  0  3  2.608840e-01  1.000000e-07
 4  86  0  0  0  3  2.645078e-01  1.000000e-07
 87  21  0  0  0  3  1.916808e-01  1.000000e-07
 18  64  0  0  0  3  1.984865e-01  1.000000e-07
 78  3  0 -1  0  3  3.141410e-01  1.000000e-07
 80  46  0  0  0  3  2.218884e-01  1.000000e-07
 67  20  0  0  0  3  2.865813e-01  1.000000e-07
 37  68  0  0  0  3  1.433983e-01  1.000000e-07
 55  15  0  0  0  3  2.222034e-01  1.000000e-07
 21  49 -1  0  0  3  3.262288e-01  1.000000e-07
 57  37  0  0  0  3  1.863700e-01  1.000000e-07
 37  49  0  0  0  3  1.349186e-01  1.000000e-07
 57  26  1  0  0  3  4.217840e-01  1.000000e-07
 79  43  0  0  0  3  2.710469e-01  1.000000e-07
 86  18 -1  0  0  3  2.665778e-01  1.000000e-07
 3  58  0  0  0  3  2.202292e-01  1.000000e-07
 53  30  0  0  0  3  1.911779e-01  1.000000e-07
 79  73  0  0  0  3  2.503419e-01  1.000000e-07
 66  19  0  0  0  3  2.442068e-01  1.000000e-07
 68  49  0  0  0  2  1.634322e-01  2.000000e-07
 68  50  0  0  0  2  1.755019e-01  2.000000e-07
 68  61  0  0  0  2  1.415378e-01  2.000000e-07
 68  70  0  0  0  2  1.179816e-01  2.000000e-07
 68  71  0  0  0  2  4.181655e-01  2.000000e-07
 68  45  0  0  0  2  1.657051e-01  2.000000e-07
 68  73  0  0  0  2  2.393078e-01  2.000000e-07
 68  57  0  0  0  2  2.354801e-01  2.000000e-07
 68  0  0  0  0  2  2.119895e-01  2.000000e-07
 81  50  0  0  0  2  2.501738e-01  2.000000e-07
 81  69  0  0  0  2  3.710720e-01  2.000000e-07
 81  83  0  0  0  2  2.469848e-01  2.000000e-07
 81  44  0  0  0  2  1.357279e-01  2.000000e-07
 81  52  0  0  0  2  1.115553e-01  2.000000e-07
 81  54  0  0  0  2  3.326619e-02  2.000000e-07
 81  73  0  0  0  2  2.395378e-01  2.000000e-07
 81  57 -1  0  0  2  4.596403e-01  2.000000e-07
 81  85  0  0  0  2  2.278743e-01  2.000000e-07
 81  46  0  0  0  2  1.852489e-01  2.000000e-07
 81  87  0  0  0  2  6.537535e-02  2.000000e-07
 81  42  0  0  0  2  2.311626e-01  2.000000e-07
 81  86  0  0  0  2  1.216108e-01  2.000000e-07
 88  43  0  1  0  2  2.612598e-01  2.000000e-07
 88  64 -1  1  0  2  3.463023e-01  2.000000e-07
 88  38 -1  0  0  2  3.505412e-01  2.000000e-07
 88  82  0  1  0  2  2.681667e-01  2.000000e-07
 88  83  0  1  0  2  3.528207e-01  2.000000e-07
 88  51 -1  0  0  2  3.642368e-01  2.000000e-07
 88  41  0  0  0  2  2.755534e-01  2.000000e-07
 88  53 -1  0  0  2  2.985255e-01  2.000000e-07
 88  74  0  0  0  2  2.628251e-01  2.000000e-07
 88  56 -1  0  0  2  3.871864e-01  2.000000e-07
 88  89  0  0  0  2  3.715056e-01  2.000000e-07
 88  57 -1  0  0  2  3.714781e-01  2.000000e-07
 88  47 -1  1  0  2  4.678516e-01  2.000000e-07
 88  78 -1  1  0  2  3.132469e-01  2.000000e-07
 88  42  0  0  0  2  3.864616e-01  2.000000e-07
 88  59  0  0  0  2  2.275771e-02  2.000000e-07
 49  1  0  0  0  2  2.567164e-01  2.000000e-07
 49  43  1  0  0  2  4.271464e-01  2.000000e-07
 49  2  0  0  0  2  2.146434e-01  2.000000e-07
 49  64  0  0  0  2  2.534286e-01  2.000000e-07
 49  38  0  0  0  2  2.258953e-01  2.000000e-07
 49  69  1  0  0  2  2.927262e-01  2.000000e-07
 49  51  0  0  0  2  2.458780e-01  2.000000e-07
 49  48  0  0  0  2  3.263657e-01  2.000000e-07
 49  84  1  0  0  2  3.409628e-01  2.000000e-07
 49  65  0  0  0  2  1.825686e-01  2.000000e-07
 49  66  0  0  0  2  2.570579e-01  2.000000e-07
 49  55  0  0  0  2  1.022702e-01  2.000000e-07
 49  57  0  0  0  2  2.050899e-01  2.000000e-07
 49  47  0  0  0  2  2.966349e-01  2.000000e-07
 49  78  0  0  0  2  2.600425e-01  2.000000e-07
 49  42  1  0  0  2  3.866491e-01  2.000000e-07
 49  86  1  0  0  2  4.215839e-01  2.000000e-07
 1  2  0  0  0  2  8.749327e-02  2.000000e-07
 1  63  0  0  0  2  2.773204e-01  2.000000e-07
 1  67  0  0  0  2  2.034404e-01  2.000000e-07
 1  51  0  0  0  2  2.207434e-01  2.000000e-07
 1  61  0  0  0  2  1.264705e-01  2.000000e-07
 1  70  0  0  0  2  8.112327e-02  2.000000e-07
 1  52  0  0  0  2  2.849840e-01  2.000000e-07
 1  53  0  0  0  2  3.056059e-01  2.000000e-07
 1  65  0  0  0  2  1.755081e-01  2.000000e-07
 1  54  0  0  0  2  3.973812e-01  2.000000e-07
 1  55  0  0  0  2  1.579551e-01  2.000000e-07
 1  72  0  0  0  2  1.591199e-01  2.000000e-07
 43  64 -1  0  0  2  3.207966e-01  2.000000e-07
 43  83  0  0  0  2  2.219728e-01  2.000000e-07
 43  44  0  0  0  2  1.217823e-01  2.000000e-07
 43  48 -1  0  0  2  4.866729e-01  2.000000e-07
 43  84  0  0  0  2  4.632623e-01  2.000000e-07
 43  53 -1 -1  0  2  4.901004e-01  2.000000e-07
 43  54  0  0  0  2  2.268324e-01  2.000000e-07
 43  56 -1 -1  0  2  5.273544e-01  2.000000e-07
 43  89  0 -1  0  2  3.456956e-01  2.000000e-07
 43  87  0  0  0  2  1.807369e-01  2.000000e-07
 43  78 -1  0  0  2  2.629724e-01  2.000000e-07
 43  59  0 -1  0  2  2.787715e-01  2.000000e-07
 43  86  0  0  0  2  1.323796e-01  2.000000e-07
 2  64  0  0  0  2  4.080489e-01  2.000000e-07
 2  63  0  0  0  2  3.420254e-01  2.000000e-07
 2  69  1  0  0  2  4.314478e-01  2.000000e-07
 2  67  0  0  0  2  1.272400e-01  2.000000e-07
 2  61  0  0  0  2  1.947850e-01  2.000000e-07
 2  60  0  0  0  2  2.519001e-01  2.000000e-07
 2  65  0  0  0  2  8.929373e-02  2.000000e-07
 2  66  0  0  0  2  1.452763e-01  2.000000e-07
 2  54  0  0  0  2  3.390477e-01  2.000000e-07
 2  55  0  0  0  2  1.138533e-01  2.000000e-07
 2  0  0  0  0  2  2.880438e-01  2.000000e-07
 40  50  0  0  0  2  3.792662e-01  2.000000e-07
 40  63  0  0  0  2  2.405383e-01  2.000000e-07
 40  69  0  0  0  2  2.096251e-01  2.000000e-07
 40  84  0  0  0  2  1.610625e-01  2.000000e-07
 40  60  0  0  0  2  3.661636e-01  2.000000e-07
 40  52  0  0  0  2  3.176350e-01  2.000000e-07
 40  41  0  0  0  2  2.325118e-01  2.000000e-07
 40  62  0  0  0  2  1.235991e-01  2.000000e-07
 40  74  0  0  0  2  3.625416e-02  2.000000e-07
 40  58 -1  0  0  2  3.563726e-01  2.000000e-07
 40  87  0  0  0  2  4.099261e-01  2.000000e-07
 40  42  0  0  0  2  1.843069e-01  2.000000e-07
 40  59  0  0  0  2  2.045321e-01  2.000000e-07
 40  72  0  0  0  2  3.147320e-01  2.000000e-07
 64  69  1  0  0  2  4.808965e-01  2.000000e-07
 64  51  0 -1  0  2  5.035312e-01  2.000000e-07
 64  84  1  0  0  2  5.206339e-01  2.000000e-07
 64  71  0  0  0  2  1.657023e-01  2.000000e-07
 64  65  0  0  0  2  3.294267e-01  2.000000e-07
 64  66  0  0  0  2  3.504345e-01  2.000000e-07
 64  89  0 -1  0  2  4.262209e-01  2.000000e-07
 64  58  0 -1  0  2  2.398490e-01  2.000000e-07
 64  47  0  0  0  2  1.619844e-01  2.000000e-07
 64  87  1  0  0  2  4.508760e-01  2.000000e-07
 64  78  0  0  0  2  5.813613e-02  2.000000e-07
 64  59  1 -1  0  2  3.676889e-01  2.000000e-07
 38  69  1  0  0  2  1.228936e-01  2.000000e-07
 38  51  0  0  0  2  9.074420e-02  2.000000e-07
 38  84  1  0  0  2  1.655876e-01  2.000000e-07
 38  61  0  0  0  2  1.911360e-01  2.000000e-07
 38  53  0  0  0  2  2.501901e-01  2.000000e-07
 38  74  1  0  0  2  3.138298e-01  2.000000e-07
 38  58  0  0  0  2  3.193942e-01  2.000000e-07
 38  42  1  0  0  2  2.723211e-01  2.000000e-07
 38  59  1  0  0  2  3.379141e-01  2.000000e-07
 50  63  0  0  0  2  2.964017e-01  2.000000e-07
 50  83  0  1  0  2  6.273978e-01  2.000000e-07
 50  67  0  0  0  2  9.888328e-02  2.000000e-07
 50  61  0  0  0  2  2.610889e-01  2.000000e-07
 50  70  0  0  0  2  2.156790e-01  2.000000e-07
 50  60  0  0  0  2  1.685061e-01  2.000000e-07
 50  39  0  0  0  2  3.302745e-01  2.000000e-07
 50  52  0  0  0  2  1.534074e-01  2.000000e-07
 50  41  0  0  0  2  4.175226e-01  2.000000e-07
 50  45  0  0  0  2  1.598547e-01  2.000000e-07
 50  73  0  0  0  2  1.825628e-01  2.000000e-07
 50  74  0  0  0  2  3.501680e-01  2.000000e-07
 50  46  0  0  0  2  1.172528e-01  2.000000e-07
 50  72  0  0  0  2  2.016137e-01  2.000000e-07
 82  44  0  0  0  2  1.135836e-01  2.000000e-07
 82  48 -1  0  0  2  5.888287e-01  2.000000e-07
 82  60  0  0  0  2  3.086733e-01  2.000000e-07
 82  41  0 -1  0  2  2.424204e-01  2.000000e-07
 82  71 -1  0  0  2  5.821260e-01  2.000000e-07
 82  71  0  0  0  2  4.181814e-01  2.000000e-07
 82  53 -1 -1  0  2  5.441604e-01  2.000000e-07
 82  66  0  0  0  2  3.836942e-01  2.000000e-07
 82  62  0 -1  0  2  2.769873e-01  2.000000e-07
 82  73  0  0  0  2  3.552771e-01  2.000000e-07
 82  89  0 -1  0  2  2.299977e-01  2.000000e-07
 82  57 -1  0  0  2  5.856561e-01  2.000000e-07
 82  85  0  0  0  2  1.116922e-01  2.000000e-07
 82  58 -1 -1  0  2  3.951566e-01  2.000000e-07
 82  87  0  0  0  2  2.001854e-01  2.000000e-07
 82  59  0 -1  0  2  2.779486e-01  2.000000e-07
 63  67  0  0  0  2  3.943660e-01  2.000000e-07
 63  61  0  0  0  2  3.201431e-01  2.000000e-07
 63  60  0  0  0  2  3.919782e-01  2.000000e-07
 63  39  0  0  0  2  1.191276e-01  2.000000e-07
 63  53  0  0  0  2  3.674013e-01  2.000000e-07
 63  62  0  0  0  2  2.012293e-01  2.000000e-07
 63  74  0  0  0  2  2.409596e-01  2.000000e-07
 63  89  0  0  0  2  1.921336e-01  2.000000e-07
 63  72  0  0  0  2  1.183779e-01  2.000000e-07
 69  44  0  0  0  2  4.358064e-01  2.000000e-07
 69  84  0  0  0  2  4.907621e-02  2.000000e-07
 69  61 -1  0  0  2  3.133432e-01  2.000000e-07
 69  60  0  0  0  2  4.000003e-01  2.000000e-07
 69  52  0  0  0  2  3.680417e-01  2.000000e-07
 69  41  0  0  0  2  4.398681e-01  2.000000e-07
 69  71 -1  0  0  2  6.067915e-01  2.000000e-07
 69  53 -1  0  0  2  3.334326e-01  2.000000e-07
 69  66 -1  0  0  2  5.311949e-01  2.000000e-07
 69  62  0  0  0  2  3.168281e-01  2.000000e-07
 69  57 -1  0  0  2  1.183098e-01  2.000000e-07
 69  58 -1  0  0  2  3.529719e-01  2.000000e-07
 69  87  0  0  0  2  3.637266e-01  2.000000e-07
 69  0 -1  0  0  2  1.751560e-01  2.000000e-07
 69  42  0  0  0  2  1.522986e-01  2.000000e-07
 83  44  0  0  0  2  1.586570e-01  2.000000e-07
 83  48  0  0  0  2  3.000738e-01  2.000000e-07
 83  70  0 -1  0  2  5.675152e-01  2.000000e-07
 83  39  0 -1  0  2  3.294740e-01  2.000000e-07
 83  52  0 -1  0  2  6.651772e-01  2.000000e-07
 83  41  0 -1  0  2  2.243999e-01  2.000000e-07
 83  54  0  0  0  2  2.137486e-01  2.000000e-07
 83  74  0 -1  0  2  4.581497e-01  2.000000e-07
 83  56  0 -1  0  2  3.829066e-01  2.000000e-07
 83  89  0 -1  0  2  1.550527e-01  2.000000e-07
 83  85  0  0  0  2  1.947884e-02  2.000000e-07
 83  46  0  0  0  2  2.974676e-01  2.000000e-07
 83  47  0  0  0  2  3.029385e-01  2.000000e-07
 83  42  0 -1  0  2  6.115543e-01  2.000000e-07
 83  86  0  0  0  2  2.368317e-01  2.000000e-07
 83  72  0 -1  0  2  4.340833e-01  2.000000e-07
 67  61  0  0  0  2  3.212196e-01  2.000000e-07
 67  60  0  0  0  2  1.449236e-01  2.000000e-07
 67  65  0  0  0  2  1.005574e-01  2.000000e-07
 67  66  0  0  0  2  5.076973e-02  2.000000e-07
 67  54  0  0  0  2  2.190664e-01  2.000000e-07
 67  73  0  0  0  2  8.445562e-02  2.000000e-07
 67  74  0  0  0  2  4.186133e-01  2.000000e-07
 67  72  0  0  0  2  2.999052e-01  2.000000e-07
 51  61  0  0  0  2  1.057719e-01  2.000000e-07
 51  70  0  0  0  2  1.492513e-01  2.000000e-07
 51  53  0  0  0  2  1.830544e-01  2.000000e-07
 51  55  0  0  0  2  2.206702e-01  2.000000e-07
 51  74  1  0  0  2  3.857232e-01  2.000000e-07
 51  56  0  0  0  2  2.875460e-01  2.000000e-07
 51  89  0  0  0  2  5.004171e-01  2.000000e-07
 51  57  0  0  0  2  1.093643e-01  2.000000e-07
 51  58  0  0  0  2  2.885362e-01  2.000000e-07
 51  47  0  1  0  2  5.127732e-01  2.000000e-07
 51  78  0  1  0  2  5.144792e-01  2.000000e-07
 51  42  1  0  0  2  3.612996e-01  2.000000e-07
 51  59  1  0  0  2  3.567751e-01  2.000000e-07
 51  72  0  0  0  2  3.178636e-01  2.000000e-07
 44  88  0 -1  0  2  3.604308e-01  2.000000e-07
 44  48 -1  0  0  2  5.995682e-01  2.000000e-07
 44  53 -1 -1  0  2  6.099046e-01  2.000000e-07
 44  54  0  0  0  2  1.115200e-01  2.000000e-07
 44  73  0  0  0  2  3.029192e-01  2.000000e-07
 44  56 -1 -1  0  2  6.490821e-01  2.000000e-07
 44  57 -1  0  0  2  4.985921e-01  2.000000e-07
 44  85  0  0  0  2  1.444952e-01  2.000000e-07
 44  58 -1 -1  0  2  4.586737e-01  2.000000e-07
 44  87  0  0  0  2  8.661372e-02  2.000000e-07
 44  86  0  0  0  2  7.827268e-02  2.000000e-07
 48  71  0  0  0  2  1.139786e-02  2.000000e-07
 48  45  0  0  0  2  2.719655e-01  2.000000e-07
 48  73  0  0  0  2  2.472332e-01  2.000000e-07
 48  56  0 -1  0  2  2.032510e-01  2.000000e-07
 48  57  0  0  0  2  5.304484e-01  2.000000e-07
 48  85  0  0  0  2  3.023048e-01  2.000000e-07
 48  58  0 -1  0  2  2.999891e-01  2.000000e-07
 48  46  0  0  0  2  3.300568e-01  2.000000e-07
 48  47  0  0  0  2  3.213260e-02  2.000000e-07
 48  78  0  0  0  2  2.270108e-01  2.000000e-07
 48  86  1  0  0  2  5.643877e-01  2.000000e-07
 84  60  0  0  0  2  3.763903e-01  2.000000e-07
 84  54  0  0  0  2  3.873281e-01  2.000000e-07
 84  74  0  0  0  2  1.538702e-01  2.000000e-07
 84  58 -1  0  0  2  3.486516e-01  2.000000e-07
 84  87  0  0  0  2  3.581801e-01  2.000000e-07
 84  78 -1  0  0  2  4.906160e-01  2.000000e-07
 84  42  0  0  0  2  1.276133e-01  2.000000e-07
 84  59  0  0  0  2  2.737145e-01  2.000000e-07
 84  86  0  0  0  2  3.609397e-01  2.000000e-07
 61  70  0  0  0  2  4.666384e-02  2.000000e-07
 61  60  0  0  0  2  4.295471e-01  2.000000e-07
 61  39  0  0  0  2  2.519899e-01  2.000000e-07
 61  53  0  0  0  2  1.915675e-01  2.000000e-07
 61  66  0  0  0  2  3.382948e-01  2.000000e-07
 61  73  0  0  0  2  3.753092e-01  2.000000e-07
 61  56  0  0  0  2  2.536999e-01  2.000000e-07
 61  0  0  0  0  2  1.388641e-01  2.000000e-07
 70  39  0  0  0  2  2.384989e-01  2.000000e-07
 70  52  0  0  0  2  3.645170e-01  2.000000e-07
 70  65  0  0  0  2  2.355661e-01  2.000000e-07
 70  45  0  0  0  2  2.731931e-01  2.000000e-07
 70  55  0  0  0  2  1.797474e-01  2.000000e-07
 70  56  0  0  0  2  2.716604e-01  2.000000e-07
 70  57  0  0  0  2  2.387940e-01  2.000000e-07
 70  46  0  0  0  2  3.125950e-01  2.000000e-07
 70  47  0  1  0  2  5.053111e-01  2.000000e-07
 70  0  0  0  0  2  1.805821e-01  2.000000e-07
 70  72  0  0  0  2  1.784319e-01  2.000000e-07
 60  81  0  0  0  2  8.177807e-02  2.000000e-07
 60  52  0  0  0  2  5.112250e-02  2.000000e-07
 60  66  0  0  0  2  1.784546e-01  2.000000e-07
 60  54  0  0  0  2  9.698358e-02  2.000000e-07
 60  73  0  0  0  2  1.860599e-01  2.000000e-07
 60  74  0  0  0  2  3.303935e-01  2.000000e-07
 60  87  0  0  0  2  1.470889e-01  2.000000e-07
 60  72  0  0  0  2  3.339072e-01  2.000000e-07
 39  41  0  0  0  2  1.934976e-01  2.000000e-07
 39  71  0  1  0  2  3.031216e-01  2.000000e-07
 39  53  0  0  0  2  2.537411e-01  2.000000e-07
 39  56  0  0  0  2  1.721818e-01  2.000000e-07
 39  89  0  0  0  2  1.745391e-01  2.000000e-07
 39  85  0  1  0  2  3.469651e-01  2.000000e-07
 39  72  0  0  0  2  1.301453e-01  2.000000e-07
 52  41  0  0  0  2  4.414132e-01  2.000000e-07
 52  54  0  0  0  2  1.362052e-01  2.000000e-07
 52  74  0  0  0  2  2.822157e-01  2.000000e-07
 52  57 -1  0  0  2  4.742731e-01  2.000000e-07
 52  46  0  0  0  2  1.399722e-01  2.000000e-07
 52  87  0  0  0  2  1.739811e-01  2.000000e-07
 52  42  0  0  0  2  2.157633e-01  2.000000e-07
 52  72  0  0  0  2  2.941843e-01  2.000000e-07
 41  71  0  1  0  2  3.851248e-01  2.000000e-07
 41  53 -1  0  0  2  5.649631e-01  2.000000e-07
 41  62  0  0  0  2  1.325991e-01  2.000000e-07
 41  89  0  0  0  2  1.270089e-01  2.000000e-07
 41  57 -1  0  0  2  5.404531e-01  2.000000e-07
 41  85  0  1  0  2  2.437076e-01  2.000000e-07
 41  58 -1  0  0  2  4.468396e-01  2.000000e-07
 41  42  0  0  0  2  3.995933e-01  2.000000e-07
 71  53  0 -1  0  2  2.917522e-01  2.000000e-07
 71  66  0  0  0  2  2.912453e-01  2.000000e-07
 71  73  0  0  0  2  2.585622e-01  2.000000e-07
 71  56  0 -1  0  2  1.935038e-01  2.000000e-07
 71  89  0 -1  0  2  2.615733e-01  2.000000e-07
 71  57  0  0  0  2  5.356093e-01  2.000000e-07
 71  85  0  0  0  2  3.099380e-01  2.000000e-07
 71  58  0 -1  0  2  2.890559e-01  2.000000e-07
 71  87  1  0  0  2  6.165665e-01  2.000000e-07
 71  0  0  0  0  2  5.681245e-01  2.000000e-07
 53  62  1  0  0  2  4.405038e-01  2.000000e-07
 53  56  0  0  0  2  1.247836e-01  2.000000e-07
 53  89  0  0  0  2  3.762159e-01  2.000000e-07
 53  57  0  0  0  2  2.758743e-01  2.000000e-07
 53  58  0  0  0  2  1.512510e-01  2.000000e-07
 53  0  0  0  0  2  2.041097e-01  2.000000e-07
 53  72  0  0  0  2  3.090731e-01  2.000000e-07
 65  45  0  0  0  2  3.841406e-02  2.000000e-07
 65  66  0  0  0  2  8.369392e-02  2.000000e-07
 65  54  0  0  0  2  3.154955e-01  2.000000e-07
 65  55  0  0  0  2  1.091358e-01  2.000000e-07
 65  89  0 -1  0  2  4.636270e-01  2.000000e-07
 65  46  0  0  0  2  1.325502e-01  2.000000e-07
 65  47  0  0  0  2  2.708761e-01  2.000000e-07
 65  72  0  0  0  2  3.151420e-01  2.000000e-07
 45  73  0  0  0  2  7.694038e-02  2.000000e-07
 45  55  0  0  0  2  1.424837e-01  2.000000e-07
 45  57  0  0  0  2  3.710458e-01  2.000000e-07
 45  85  0  0  0  2  3.358129e-01  2.000000e-07
 45  46  0  0  0  2  1.144182e-01  2.000000e-07
 45  47  0  0  0  2  2.414259e-01  2.000000e-07
 66  54  0  0  0  2  2.365072e-01  2.000000e-07
 66  73  0  0  0  2  3.991315e-02  2.000000e-07
 66  89  0 -1  0  2  3.982148e-01  2.000000e-07
 66  47  0  0  0  2  2.522143e-01  2.000000e-07
 66  87  0  0  0  2  2.984767e-01  2.000000e-07
 66  0  0  0  0  2  4.135244e-01  2.000000e-07
 54  74  0  0  0  2  3.792343e-01  2.000000e-07
 54  89  0 -1  0  2  3.657839e-01  2.000000e-07
 54  46  0  0  0  2  1.844431e-01  2.000000e-07
 54  47  0  0  0  2  3.971663e-01  2.000000e-07
 54  87  0  0  0  2  6.202550e-02  2.000000e-07
 54  42  0  0  0  2  2.626075e-01  2.000000e-07
 54  86  0  0  0  2  1.163872e-01  2.000000e-07
 54  72  0  0  0  2  4.290682e-01  2.000000e-07
 62  74  0  0  0  2  1.541205e-01  2.000000e-07
 62  89  0  0  0  2  2.554260e-01  2.000000e-07
 62  57 -1  0  0  2  4.111154e-01  2.000000e-07
 62  58 -1  0  0  2  3.363200e-01  2.000000e-07
 62  0 -1  0  0  2  4.242842e-01  2.000000e-07
 62  59  0  0  0  2  1.538063e-01  2.000000e-07
 73  85  0  0  0  2  2.592271e-01  2.000000e-07
 73  46  0  0  0  2  8.397943e-02  2.000000e-07
 73  87  0  0  0  2  2.896921e-01  2.000000e-07
 55  57  0  0  0  2  2.290090e-01  2.000000e-07
 55  46  0  0  0  2  2.381260e-01  2.000000e-07
 55  47  0  0  0  2  3.222599e-01  2.000000e-07
 74  89  0  0  0  2  3.767416e-01  2.000000e-07
 74  42  0  0  0  2  1.537708e-01  2.000000e-07
 74  72  0  0  0  2  3.024416e-01  2.000000e-07
 56  57  0  0  0  2  3.905723e-01  2.000000e-07
 56  85  0  1  0  2  3.948067e-01  2.000000e-07
 56  58  0  0  0  2  2.175719e-01  2.000000e-07
 56  47  0  1  0  2  2.350223e-01  2.000000e-07
 56  78  0  1  0  2  3.230213e-01  2.000000e-07
 56  0  0  0  0  2  3.150519e-01  2.000000e-07
 56  72  0  0  0  2  2.729531e-01  2.000000e-07
 89  47  0  1  0  2  2.789261e-01  2.000000e-07
 89  87  0  1  0  2  3.846254e-01  2.000000e-07
 89  59  0  0  0  2  3.663885e-01  2.000000e-07
 89  72  0  0  0  2  2.827631e-01  2.000000e-07
 57  87  1  0  0  2  4.389129e-01  2.000000e-07
 57  0  0  0  0  2  7.671426e-02  2.000000e-07
 57  42  1  0  0  2  2.620097e-01  2.000000e-07
 57  86  1  0  0  2  4.204483e-01  2.000000e-07
 85  88  0 -1  0  2  3.631610e-01  2.000000e-07
 85  46  0  0  0  2  2.803635e-01  2.000000e-07
 85  87  0  0  0  2  2.122313e-01  2.000000e-07
 58  87  1  1  0  2  5.174236e-01  2.000000e-07
 58  0  0  0  0  2  2.940249e-01  2.000000e-07
 58  59  1  0  0  2  1.837352e-01  2.000000e-07
 58  72  0  0  0  2  4.569881e-01  2.000000e-07
 46  47  0  0  0  2  3.046365e-01  2.000000e-07
 47  78  0  0  0  2  2.201018e-01  2.000000e-07
 47  72  0 -1  0  2  4.666066e-01  2.000000e-07
 87  59  0 -1  0  2  4.521573e-01  2.000000e-07
 87  86  0  0  0  2  5.653885e-02  2.000000e-07
 78  44  1  0  0  2  3.728591e-01  2.000000e-07
 78  87  1  0  0  2  3.946114e-01  2.000000e-07
 78  59  1 -1  0  2  3.355175e-01  2.000000e-07
 78  86  1  0  0  2  3.385778e-01  2.000000e-07
 42  86  0  0  0  2  2.546097e-01  2.000000e-07
 42  72  0  0  0  2  3.822764e-01  2.000000e-07
 72  64  0  1  0  2  5.550936e-01  2.000000e-07
 72  48  0  1  0  2  4.360156e-01  2.000000e-07
 68  1  0  0  0  1  9.329356e-02  3.000000e-07
 68  2  0  0  0  1  7.889500e-02  3.000000e-07
 68  51  0  0  0  1  1.953305e-01  3.000000e-07
 68  61  0  0  0  1  1.415378e-01  3.000000e-07
 68  70  0  0  0  1  1.179816e-01  3.000000e-07
 68  55  0  0  0  1  6.629833e-02  3.000000e-07
 81  60  0  0  0  1  8.177807e-02  3.000000e-07
 81  87  0  0  0  1  6.537535e-02  3.000000e-07
 81  42  0  0  0  1  2.311626e-01  3.000000e-07
 88  43  0  1  0  1  2.612598e-01  3.000000e-07
 88  82  0  1  0  1  2.681667e-01  3.000000e-07
 88  62  0  0  0  1  1.709025e-01  3.000000e-07
 88  58 -1  0  0  1  1.712883e-01  3.000000e-07
 88  78 -1  1  0  1  3.132469e-01  3.000000e-07
 49  64  0  0  0  1  2.534286e-01  3.000000e-07
 49  69  1  0  0  1  2.927262e-01  3.000000e-07
 49  65  0  0  0  1  1.825686e-01  3.000000e-07
 49  45  0  0  0  1  2.025680e-01  3.000000e-07
 49  57  0  0  0  1  2.050899e-01  3.000000e-07
 49  47  0  0  0  1  2.966349e-01  3.000000e-07
 49  78  0  0  0  1  2.600425e-01  3.000000e-07
 49  86  1  0  0  1  4.215839e-01  3.000000e-07
 1  2  0  0  0  1  8.749327e-02  3.000000e-07
 1  50  0  0  0  1  1.346726e-01  3.000000e-07
 1  72  0  0  0  1  1.591199e-01  3.000000e-07
 43  44  0  0  0  1  1.217823e-01  3.000000e-07
 43  78 -1  0  0  1  2.629724e-01  3.000000e-07
 43  86  0  0  0  1  1.323796e-01  3.000000e-07
 2  50  0  0  0  1  9.926326e-02  3.000000e-07
 2  65  0  0  0  1  8.929373e-02  3.000000e-07
 2  55  0  0  0  1  1.138533e-01  3.000000e-07
 40  63  0  0  0  1  2.405383e-01  3.000000e-07
 40  84  0  0  0  1  1.610625e-01  3.000000e-07
 40  62  0  0  0  1  1.235991e-01  3.000000e-07
 40  59  0  0  0  1  2.045321e-01  3.000000e-07
 64  71  0  0  0  1  1.657023e-01  3.000000e-07
 64  58  0 -1  0  1  2.398490e-01  3.000000e-07
 64  47  0  0  0  1  1.619844e-01  3.000000e-07
 64  78  0  0  0  1  5.813613e-02  3.000000e-07
 38  69  1  0  0  1  1.228936e-01  3.000000e-07
 38  84  1  0  0  1  1.655876e-01  3.000000e-07
 38  59  1  0  0  1  3.379141e-01  3.000000e-07
 50  67  0  0  0  1  9.888328e-02  3.000000e-07
 50  52  0  0  0  1  1.534074e-01  3.000000e-07
 50  46  0  0  0  1  1.172528e-01  3.000000e-07
 50  72  0  0  0  1  2.016137e-01  3.000000e-07
 82  83  0  0  0  1  1.111395e-01  3.000000e-07
 82  44  0  0  0  1  1.135836e-01  3.000000e-07
 82  62  0 -1  0  1  2.769873e-01  3.000000e-07
 82  85  0  0  0  1  1.116922e-01  3.000000e-07
 63  39  0  0  0  1  1.191276e-01  3.000000e-07
 63  41  0  0  0  1  1.263504e-01  3.000000e-07
 63  62  0  0  0  1  2.012293e-01  3.000000e-07
 63  74  0  0  0  1  2.409596e-01  3.000000e-07
 63  89  0  0  0  1  1.921336e-01  3.000000e-07
 69  57 -1  0  0  1  1.183098e-01  3.000000e-07
 69  42  0  0  0  1  1.522986e-01  3.000000e-07
 83  41  0 -1  0  1  2.243999e-01  3.000000e-07
 83  89  0 -1  0  1  1.550527e-01  3.000000e-07
 83  47  0  0  0  1  3.029385e-01  3.000000e-07
 67  65  0  0  0  1  1.005574e-01  3.000000e-07
 67  45  0  0  0  1  8.875124e-02  3.000000e-07
 67  66  0  0  0  1  5.076973e-02  3.000000e-07
 51  61  0  0  0  1  1.057719e-01  3.000000e-07
 51  53  0  0  0  1  1.830544e-01  3.000000e-07
 51  55  0  0  0  1  2.206702e-01  3.000000e-07
 44  85  0  0  0  1  1.444952e-01  3.000000e-07
 44  87  0  0  0  1  8.661372e-02  3.000000e-07
 44  86  0  0  0  1  7.827268e-02  3.000000e-07
 48  89  0 -1  0  1  2.600456e-01  3.000000e-07
 84  74  0  0  0  1  1.538702e-01  3.000000e-07
 84  42  0  0  0  1  1.276133e-01  3.000000e-07
 84  59  0  0  0  1  2.737145e-01  3.000000e-07
 61  53  0  0  0  1  1.915675e-01  3.000000e-07
 61  56  0  0  0  1  2.536999e-01  3.000000e-07
 70  39  0  0  0  1  2.384989e-01  3.000000e-07
 70  72  0  0  0  1  1.784319e-01  3.000000e-07
 60  52  0  0  0  1  5.112250e-02  3.000000e-07
 60  54  0  0  0  1  9.698358e-02  3.000000e-07
 60  46  0  0  0  1  1.152253e-01  3.000000e-07
 39  56  0  0  0  1  1.721818e-01  3.000000e-07
 39  89  0  0  0  1  1.745391e-01  3.000000e-07
 39  72  0  0  0  1  1.301453e-01  3.000000e-07
 52  74  0  0  0  1  2.822157e-01  3.000000e-07
 52  46  0  0  0  1  1.399722e-01  3.000000e-07
 52  42  0  0  0  1  2.157633e-01  3.000000e-07
 52  72  0  0  0  1  2.941843e-01  3.000000e-07
 41  82  0  1  0  1  2.424204e-01  3.000000e-07
 41  62  0  0  0  1  1.325991e-01  3.000000e-07
 41  89  0  0  0  1  1.270089e-01  3.000000e-07
 71  56  0 -1  0  1  1.935038e-01  3.000000e-07
 71  58  0 -1  0  1  2.890559e-01  3.000000e-07
 53  56  0  0  0  1  1.247836e-01  3.000000e-07
 53  58  0  0  0  1  1.512510e-01  3.000000e-07
 53  0  0  0  0  1  2.041097e-01  3.000000e-07
 65  55  0  0  0  1  1.091358e-01  3.000000e-07
 45  66  0  0  0  1  5.450493e-02  3.000000e-07
 45  73  0  0  0  1  7.694038e-02  3.000000e-07
 45  47  0  0  0  1  2.414259e-01  3.000000e-07
 66  46  0  0  0  1  6.464555e-02  3.000000e-07
 54  73  0  0  0  1  2.280199e-01  3.000000e-07
 54  85  0  0  0  1  1.946190e-01  3.000000e-07
 54  46  0  0  0  1  1.844431e-01  3.000000e-07
 54  87  0  0  0  1  6.202550e-02  3.000000e-07
 62  59  0  0  0  1  1.538063e-01  3.000000e-07
 73  85  0  0  0  1  2.592271e-01  3.000000e-07
 73  46  0  0  0  1  8.397943e-02  3.000000e-07
 73  47  0  0  0  1  2.210421e-01  3.000000e-07
 55  57  0  0  0  1  2.290090e-01  3.000000e-07
 55  0  0  0  0  1  2.276707e-01  3.000000e-07
 74  42  0  0  0  1  1.537708e-01  3.000000e-07
 74  72  0  0  0  1  3.024416e-01  3.000000e-07
 56  89  0  0  0  1  2.570565e-01  3.000000e-07
 89  71  0  1  0  1  2.615733e-01  3.000000e-07
 57  0  0  0  0  1  7.671426e-02  3.000000e-07
 85  47  0  0  0  1  3.031050e-01  3.000000e-07
 58  78  0  1  0  1  2.349707e-01  3.000000e-07
 58  0  0  0  0  1  2.940249e-01  3.000000e-07
 58  59  1  0  0  1  1.837352e-01  3.000000e-07
 87  42  0  0  0  1  2.405512e-01  3.000000e-07
 87  86  0  0  0  1  5.653885e-02  3.000000e-07
 78  86  1  0  0  1  3.385778e-01  3.000000e-07
 0  59  1  0  0  1  3.434025e-01  3.000000e-07
 42  86  0  0  0  1  2.546097e-01  3.000000e-07
 3.846855e-01  9.242046e-02  0
 1.429381e-01  3.644904e-02  0
 1.346878e-01 -5.065437e-02  0
 3.557540e-01  2.998571e-01  2.090419e-01
-2.801378e-01 -1.889200e-01  2.613002e-01
-1.103625e-01 -2.167817e-01  1.698415e-01
-1.740253e-01  3.949644e-01  4.465802e-01
 1.247595e-01 -2.038800e-01  3.720743e-01
 8.774459e-02  2.690546e-01  3.173058e-01
-6.174303e-02  4.078856e-01  3.009785e-01
-1.366392e-01 -3.495346e-01  3.611497e-01
-2.621714e-01 -2.287849e-01  3.460024e-01
-2.179521e-01  1.399264e-01  3.771828e-01
-3.945999e-01  3.124021e-01 -1.669525e-01
-4.267341e-01  2.253438e-01 -3.945002e-01
 2.078147e-01  1.168530e-01 -1.676255e-01
 4.430266e-01  2.801501e-01 -2.028986e-01
-4.336288e-01  2.185988e-01 -3.547747e-01
 3.829578e-01 -3.184594e-01 -1.320808e-01
 2.223255e-01 -2.305482e-01 -1.310039e-01
-1.205007e-01 -1.480250e-01 -2.626861e-01
-2.888552e-01 -2.592105e-01 -1.893563e-01
-6.033862e-02 -2.866631e-01 -2.025086e-01
 1.355021e-01 -1.204310e-01 -3.011181e-01
 2.294983e-01 -1.543050e-01 -1.011746e-01
-2.453914e-01 -3.700571e-01 -2.108492e-01
-3.387843e-01 -6.338291e-02 -3.381831e-01
 3.700334e-01  3.604879e-01  3.332872e-01
 4.187439e-01  5.444520e-04  4.150853e-01
-3.149859e-01 -1.999415e-01  4.142940e-01
 3.737478e-01  4.280574e-01 -1.814664e-01
-1.601334e-01  1.566027e-01 -3.388855e-01
-5.986913e-02 -4.357563e-01 -1.777110e-01
-2.548525e-01  3.634806e-01 -4.483247e-01
 3.139688e-01  9.982242e-02 -3.449661e-01
-1.440321e-01 -2.152882e-01 -4.235345e-01
-1.884882e-01 -3.329645e-02 -2.097183e-01
 3.295911e-01 -8.995204e-02  1.081766e-01
 4.322513e-01  6.249016e-02  0
 6.581230e-02  2.840134e-01  0
-2.756178e-01  1.718978e-01  0
-1.184087e-01  3.432076e-01  0
-3.052559e-01 -1.001042e-02  0
-3.191073e-01 -3.830426e-01  0
-2.146646e-01 -3.204114e-01  0
 1.306350e-01 -1.734079e-01  0
 1.693206e-02 -1.606341e-01  0
 1.988335e-01 -4.050011e-01  0
 1.972306e-01 -4.370937e-01  0
 3.302725e-01 -1.390763e-01  0
 3.559290e-02 -4.487573e-02  0
 3.525064e-01  1.057944e-01  0
-1.082893e-01 -9.808965e-02  0
 3.195467e-01  2.858571e-01  0
-1.556119e-01 -2.258098e-01  0
 2.429872e-01 -8.578033e-02  0
 2.198643e-01  3.609194e-01  0
 4.368338e-01  3.615654e-02  0
 4.364264e-01  3.818570e-01  0
-3.834295e-01  3.457081e-01  0
-9.760768e-02 -1.480838e-01  0
 2.467731e-01  1.086507e-01  0
-2.399714e-01  2.902451e-01  0
-4.502558e-02  2.403516e-01  0
 3.601883e-01 -3.907330e-01  0
 1.477039e-01 -1.389943e-01  0
 7.718201e-02 -1.840646e-01  0
 4.722926e-02 -1.430720e-01  0
 2.102916e-01 -2.810477e-02  0
-4.455767e-01  4.919221e-02  0
 2.041237e-01  8.971546e-02  0
 2.040537e-01 -4.462238e-01  0
 3.874769e-02  1.567133e-01  0
 7.239818e-02 -2.236901e-01  0
-2.631064e-01  1.378709e-01  0
 3.062972e-01  1.491316e-01  2.389780e-01
 9.973657e-02  3.817885e-01  1.615261e-01
-4.449318e-01  4.394831e-01  2.502453e-01
 4.179217e-01 -3.839021e-01  0
-1.577586e-01 -4.029746e-01  1.342951e-01
 7.015966e-02 -7.755781e-02  2.033873e-01
-1.652904e-01 -1.939826e-01  0
-2.139488e-01 -4.339927e-01  0
-1.028143e-01 -4.329350e-01  0
-4.024735e-01  7.265693e-02  0
-1.041523e-01 -4.135022e-01  0
-2.663498e-01 -2.616300e-01  0
-2.171163e-01 -2.338324e-01  0
-3.929876e-01  3.663614e-01  0
-2.726613e-02  4.316626e-01  0