 696  90  1.200000e-05  70 -2 -2
 22  24  0  0  0  3  2.209223e-01  1.000000e-07
 22  16  0  0  0  3  3.719639e-01  1.000000e-07
 22  21  0  0  0  3  1.434515e-01  1.000000e-07
 22  25  0  0  0  3  2.749797e-01  1.000000e-07
 22  82  0  0  0  3  3.355990e-01  1.000000e-07
 22  19  0  0  0  3  2.688054e-01  1.000000e-07
 22  26  0  0  0  3  3.983319e-01  1.000000e-07
 22  18  0  0  1  3  3.600469e-01  1.000000e-07
 22  20  0  0  1  3  3.668102e-01  1.000000e-07
 29  13  0  0  0  3  2.660746e-01  1.000000e-07
 29  28  0  0  0  3  2.608696e-01  1.000000e-07
 29  17 -1  0  0  3  5.155015e-01  1.000000e-07
 29  34  0  0  0  3  1.872857e-01  1.000000e-07
 29  42  0  0  0  3  3.074159e-01  1.000000e-07
 29  15  0  0  0  3  4.025471e-01  1.000000e-07
 29  40 -1  0  1  3  5.510217e-01  1.000000e-07
 29  39 -1  0  1  3  4.135250e-01  1.000000e-07
 13  28  0  0  0  3  2.017219e-01  1.000000e-07
 13  27 -1  0  0  3  3.438064e-01  1.000000e-07
 13  34  0  0  0  3  3.432741e-01  1.000000e-07
 13  26  0 -1  0  3  3.290717e-01  1.000000e-07
 28  27 -1  0  0  3  3.179363e-01  1.000000e-07
 28  31 -1  0  0  3  3.731707e-01  1.000000e-07
 28  19  0 -1  0  3  3.245406e-01  1.000000e-07
 28  26  0 -1  0  3  2.718394e-01  1.000000e-07
 28  81  0 -1  1  3  4.076113e-01  1.000000e-07
 28  20  0 -1  1  3  4.139215e-01  1.000000e-07
 28  39 -1  0  1  3  3.246149e-01  1.000000e-07
 24  17  0  0  0  3  3.779792e-01  1.000000e-07
 24  21  0  0  0  3  2.824971e-01  1.000000e-07
 24  25  0  0  0  3  2.743937e-01  1.000000e-07
 24  15  0  0  0  3  3.059162e-01  1.000000e-07
 24  36  0  0  1  3  5.046029e-01  1.000000e-07
 24  30 -1  0  1  3  5.090565e-01  1.000000e-07
 24  18  0  0  1  3  3.582655e-01  1.000000e-07
 24  20  0  0  1  3  4.094834e-01  1.000000e-07
 16  25  0  0  0  3  4.165046e-01  1.000000e-07
 16  23  0  0  0  3  3.020735e-01  1.000000e-07
 16  31  0  1  0  3  5.077914e-01  1.000000e-07
 16  42  0  0  0  3  3.745366e-01  1.000000e-07
 16  26  1  0  0  3  5.205293e-01  1.000000e-07
 17  27  0  0  0  3  3.700615e-01  1.000000e-07
 17  21  1  0  0  3  5.609711e-01  1.000000e-07
 17  25  0  0  0  3  2.509600e-01  1.000000e-07
 17  23  0  0  0  3  2.143636e-01  1.000000e-07
 17  26  1  0  0  3  5.045134e-01  1.000000e-07
 17  30  0  0  1  3  3.575865e-01  1.000000e-07
 17  33  0  0  1  3  5.001525e-01  1.000000e-07
 27  25  0  0  0  3  4.120160e-01  1.000000e-07
 27  14  0  0  0  3  3.418688e-01  1.000000e-07
 27  31  0  0  0  3  1.746359e-01  1.000000e-07
 27  15  0  0  0  3  3.830903e-01  1.000000e-07
 27  39  0  0  1  3  2.898773e-01  1.000000e-07
 21  82  0  0  0  3  3.423910e-01  1.000000e-07
 21  19  0  0  0  3  3.167569e-01  1.000000e-07
 21  26  0  0  0  3  3.444883e-01  1.000000e-07
 21  30 -1  0  1  3  4.797246e-01  1.000000e-07
 21  20  0  0  1  3  4.296916e-01  1.000000e-07
 25  34  0  0  0  3  3.000918e-01  1.000000e-07
 25  42  0  0  0  3  2.163925e-01  1.000000e-07
 25  15  0  0  0  3  1.542013e-01  1.000000e-07
 82  19  0  0  0  3  1.141057e-01  1.000000e-07
 82  26  0  0  0  3  3.064393e-01  1.000000e-07
 82  15  0  1  0  3  3.938249e-01  1.000000e-07
 14  23  0  0  0  3  2.911871e-01  1.000000e-07
 14  31  0  0  0  3  3.228146e-01  1.000000e-07
 14  15  0  0  0  3  3.082274e-01  1.000000e-07
 14  35  0  0  1  3  3.555432e-01  1.000000e-07
 14  40  0  0  1  3  3.831976e-01  1.000000e-07
 14  30  0  0  1  3  3.715818e-01  1.000000e-07
 14  38  0  0  1  3  3.811342e-01  1.000000e-07
 14  32  0  0  1  3  5.267419e-01  1.000000e-07
 34  15  0  0  0  3  2.980839e-01  1.000000e-07
 34  35  0  0  1  3  2.896366e-01  1.000000e-07
 34  40 -1  0  1  3  5.354843e-01  1.000000e-07
 34  30 -1  0  1  3  5.247353e-01  1.000000e-07
 34  8  0  0  1  3  4.827958e-01  1.000000e-07
 34  39 -1  0  1  3  4.375943e-01  1.000000e-07
 23  19  0  0  0  3  2.499085e-01  1.000000e-07
 23  26  1  0  0  3  5.713340e-01  1.000000e-07
 23  30  0  0  1  3  4.499827e-01  1.000000e-07
 23  18  0  0  1  3  2.752149e-01  1.000000e-07
 23  20  0  0  1  3  3.056212e-01  1.000000e-07
 23  33  0  0  1  3  4.180473e-01  1.000000e-07
 31  26  1 -1  0  3  3.951781e-01  1.000000e-07
 31  15  0  0  0  3  3.255353e-01  1.000000e-07
 31  11  0  0  1  3  2.816300e-01  1.000000e-07
 31  39  0  0  1  3  2.091920e-01  1.000000e-07
 31  33  0 -1  1  3  2.626550e-01  1.000000e-07
 19  42  0  0  0  3  3.762011e-01  1.000000e-07
 19  26  0  0  0  3  3.132205e-01  1.000000e-07
 19  20  0  0  1  3  3.171931e-01  1.000000e-07
 19  32  0  0  1  3  4.819359e-01  1.000000e-07
 42  15  0  0  0  3  3.346896e-01  1.000000e-07
 35  11  0  0  0  3  1.977041e-01  1.000000e-07
 35  7  0  0  0  3  4.491204e-01  1.000000e-07
 35  12  0  0  0  3  3.563578e-01  1.000000e-07
 35  20  0 -1  0  3  4.380795e-01  1.000000e-07
 35  41  0  0  0  3  2.987149e-01  1.000000e-07
 35  39 -1  0  0  3  5.120557e-01  1.000000e-07
 35  33  0 -1  0  3  3.645402e-01  1.000000e-07
 81  6  0  0  0  3  3.599373e-01  1.000000e-07
 81  10 -1  0  0  3  4.503763e-01  1.000000e-07
 81  30 -1  0  0  3  4.173737e-01  1.000000e-07
 81  7  0  1  0  3  4.968859e-01  1.000000e-07
 81  12  0  1  0  3  5.316087e-01  1.000000e-07
 81  8  0  1  0  3  4.283218e-01  1.000000e-07
 81  39 -1  1  0  3  4.738054e-01  1.000000e-07
 81  32  0  0  0  3  4.030574e-01  1.000000e-07
 6  9 -1  0  0  3  3.123205e-01  1.000000e-07
 6  40 -1  0  0  3  3.533450e-01  1.000000e-07
 6  36  0  0  0  3  1.328119e-01  1.000000e-07
 6  43 -1  0  0  3  3.985287e-01  1.000000e-07
 6  37 -1  0  0  3  3.755786e-01  1.000000e-07
 10  11  0  1  0  3  4.212165e-01  1.000000e-07
 10  43  0  0  0  3  8.132618e-02  1.000000e-07
 10  12  0  1  0  3  4.745374e-01  1.000000e-07
 10  37  0  0  0  3  1.316740e-01  1.000000e-07
 10  38  0  1  0  3  4.108275e-01  1.000000e-07
 10  39  0  1  0  3  3.743522e-01  1.000000e-07
 10  32  0  0  0  3  2.577618e-01  1.000000e-07
 10  33  0  0  0  3  2.868891e-01  1.000000e-07
 9  40  0  0  0  3  7.376359e-02  1.000000e-07
 9  36  1  0  0  3  3.507289e-01  1.000000e-07
 9  43  0  0  0  3  3.876169e-01  1.000000e-07
 9  7  1  0  0  3  2.518017e-01  1.000000e-07
 9  37  0  0  0  3  3.759544e-01  1.000000e-07
 9  41  0  0  0  3  4.047786e-01  1.000000e-07
 9  38  0  0  0  3  1.914280e-01  1.000000e-07
 9  39  0  0  0  3  3.660651e-01  1.000000e-07
 40  36  1  0  0  3  3.987729e-01  1.000000e-07
 40  37  0  0  0  3  3.505539e-01  1.000000e-07
 40  41  0  0  0  3  3.721825e-01  1.000000e-07
 40  39  0  0  0  3  3.495539e-01  1.000000e-07
 36  18  0  0  0  3  3.598794e-01  1.000000e-07
 36  7  0  0  0  3  2.505373e-01  1.000000e-07
 36  12  0  0  0  3  3.644114e-01  1.000000e-07
 36  41  0  0  0  3  3.080898e-01  1.000000e-07
 36  8  0  0  0  3  2.505650e-01  1.000000e-07
 30  18  0  0  0  3  5.517692e-01  1.000000e-07
 30  18  1  0  0  3  4.513246e-01  1.000000e-07
 30  43  0  0  0  3  2.888360e-01  1.000000e-07
 30  37  0  0  0  3  2.274267e-01  1.000000e-07
 18  20  0  0  0  3  1.077282e-01  1.000000e-07
 18  41  0  0  0  3  3.573019e-01  1.000000e-07
 18  32  0  0  0  3  3.843977e-01  1.000000e-07
 11  12  0  0  0  3  3.127935e-01  1.000000e-07
 11  41  0  0  0  3  2.808429e-01  1.000000e-07
 11  38  0  0  0  3  2.621280e-01  1.000000e-07
 11  39  0  0  0  3  2.998325e-01  1.000000e-07
 11  32  0 -1  0  3  2.663160e-01  1.000000e-07
 11  33  0 -1  0  3  2.332895e-01  1.000000e-07
 43  37  0  0  0  3  8.088278e-02  1.000000e-07
 43  41  0  0  0  3  5.362123e-01  1.000000e-07
 43  32  0  0  0  3  2.858893e-01  1.000000e-07
 7  38 -1  0  0  3  3.372518e-01  1.000000e-07
 7  8  0  0  0  3  2.086505e-01  1.000000e-07
 7  39 -1  0  0  3  3.905644e-01  1.000000e-07
 20  32  0  0  0  3  4.002189e-01  1.000000e-07
 37  39  0  1  0  3  3.959834e-01  1.000000e-07
 37  32  0  0  0  3  2.951474e-01  1.000000e-07
 37  33  0  0  0  3  3.081119e-01  1.000000e-07
 41  38  0  0  0  3  2.887462e-01  1.000000e-07
 38  39  0  0  0  3  2.799817e-01  1.000000e-07
 38  32  0 -1  0  3  4.200075e-01  1.000000e-07
 38  33  0 -1  0  3  3.831732e-01  1.000000e-07
 8  39 -1  0  0  3  4.991280e-01  1.000000e-07
 32  33  0  0  0  3  1.063166e-01  1.000000e-07
 42  4  0  0  0  3  1.663425e-01  1.000000e-07
 73  6  0  0  0  3  1.369572e-01  1.000000e-07
 82  65  0  0  0  3  2.941209e-01  1.000000e-07
 62  43 -1  0  0  3  2.943768e-01  1.000000e-07
 27  85  0  0  0  3  3.899860e-01  1.000000e-07
 61  12  0  0  0  3  1.388430e-01  1.000000e-07
 13  69  0 -1  0  3  3.383738e-01  1.000000e-07
 65  6  0  0  0  3  2.246782e-01  1.000000e-07
 16  71  0  0  0  3  1.073697e-01  1.000000e-07
 63  32  0  0  0  3  3.845144e-01  1.000000e-07
 13  60  0  0  0  3  1.913453e-01  1.000000e-07
 66  8  0  0  0  3  1.881380e-01  1.000000e-07
 13  67  0  0  0  3  2.920933e-01  1.000000e-07
 72  12  0  0  0  3  1.889577e-01  1.000000e-07
 21  65  0  0  0  3  2.895720e-01  1.000000e-07
 83  43 -1  0  0  3  2.756264e-01  1.000000e-07
 42  68  0  0  0  3  2.150189e-01  1.000000e-07
 86  12  0  0  0  3  1.724793e-01  1.000000e-07
 29  87  0  0  0  3  2.528665e-01  1.000000e-07
 64  7  0  0  0  3  1.301089e-01  1.000000e-07
 13  60  0  0  0  3  1.940891e-01  1.000000e-07
 66  7  0  0  0  3  1.586430e-01  1.000000e-07
 82  72  0  1  0  3  3.294221e-01  1.000000e-07
 67  12  0  0  0  3  1.782487e-01  1.000000e-07
 16  63  0  0  0  3  1.497248e-01  1.000000e-07
 71  41  0  0  0  3  3.715561e-01  1.000000e-07
 16  70  0  0  0  3  2.517668e-01  1.000000e-07
 74  6  0  0  0  3  2.588703e-01  1.000000e-07
 82  0  0  0  0  3  1.900894e-01  1.000000e-07
 1  81  0  0  0  3  3.314650e-01  1.000000e-07
 42  84  0  0  0  3  1.729939e-01  1.000000e-07
 88  8  0  0  0  3  2.109147e-01  1.000000e-07
 42  88  0  0  0  3  1.434037e-01  1.000000e-07
 84  41  0  0  0  3  2.849632e-01  1.000000e-07
 82  2  0  1  0  3  2.636482e-01  1.000000e-07
 60  8  0  0  0  3  2.168275e-01  1.000000e-07
 25  67  0  0  0  3  2.514626e-01  1.000000e-07
 68  8  0  0  0  3  1.869071e-01  1.000000e-07
 74  77  0  0  0  2  2.214475e-01  2.000000e-07
 74  0  0  0  0  2  1.072972e-01  2.000000e-07
 74  65  0  0  0  2  1.649163e-01  2.000000e-07
 74  68  0  0  0  2  4.270727e-01  2.000000e-07
 74  70  0  0  0  2  2.463614e-01  2.000000e-07
 74  71  0  0  0  2  3.005080e-01  2.000000e-07
 74  49  0  0  0  2  1.929706e-01  2.000000e-07
 74  73  0  0  0  2  1.749394e-01  2.000000e-07
 74  3  0  0  0  2  1.520920e-01  2.000000e-07
 74  58  0  0  0  2  4.703954e-01  2.000000e-07
 60  80 -1  0  0  2  4.090181e-01  2.000000e-07
 60  62  0 -1  0  2  2.116673e-01  2.000000e-07
 60  76 -1 -1  0  2  3.979610e-01  2.000000e-07
 60  47  0 -1  0  2  4.549519e-01  2.000000e-07
 60  63  0 -1  0  2  4.950880e-01  2.000000e-07
 60  64  0  0  0  2  1.751288e-01  2.000000e-07
 60  5  0  0  0  2  2.090300e-01  2.000000e-07
 60  66  0  0  0  2  4.974249e-02  2.000000e-07
 60  67  0  0  0  2  1.993367e-01  2.000000e-07
 60  79 -1  0  0  2  4.666396e-01  2.000000e-07
 60  59 -1 -1  0  2  5.179741e-01  2.000000e-07
 60  69  0 -1  0  2  3.887724e-01  2.000000e-07
 60  72  0  0  0  2  2.041839e-01  2.000000e-07
 60  2  0  0  0  2  1.065320e-01  2.000000e-07
 60  3  0 -1  0  2  1.928764e-01  2.000000e-07
 60  87  0  0  0  2  2.593736e-01  2.000000e-07
 80  56  0  0  0  2  2.363099e-01  2.000000e-07
 80  50  0  0  0  2  2.199597e-01  2.000000e-07
 80  76  0 -1  0  2  4.313320e-01  2.000000e-07
 80  53  0  0  0  2  5.097238e-02  2.000000e-07
 80  78  0  0  0  2  6.564495e-03  2.000000e-07
 80  67  0  0  0  2  5.303303e-01  2.000000e-07
 80  67  1  0  0  2  5.270642e-01  2.000000e-07
 80  85  0  0  0  2  3.451742e-01  2.000000e-07
 80  52  0  0  0  2  1.432233e-01  2.000000e-07
 80  89  1  0  0  2  2.495621e-01  2.000000e-07
 80  86  0  0  0  2  3.878241e-01  2.000000e-07
 80  3  1 -1  0  2  5.785581e-01  2.000000e-07
 80  87  1  0  0  2  2.053787e-01  2.000000e-07
 80  58  0  0  0  2  3.028678e-01  2.000000e-07
 80  51  0  0  0  2  1.682284e-01  2.000000e-07
 80  88  1  0  0  2  4.783824e-01  2.000000e-07
 55  75  0  0  0  2  2.510793e-01  2.000000e-07
 55  53  0  0  0  2  2.335179e-01  2.000000e-07
 55  57  0  0  0  2  1.498902e-01  2.000000e-07
 55  48  0  0  0  2  3.032518e-01  2.000000e-07
 55  65  1  0  0  2  2.503874e-01  2.000000e-07
 55  52  0  0  0  2  1.220509e-01  2.000000e-07
 55  69  1  0  0  2  3.008867e-01  2.000000e-07
 55  71  0  0  0  2  3.406889e-01  2.000000e-07
 55  45  0  0  0  2  1.554610e-01  2.000000e-07
 55  49  1  0  0  2  2.562435e-01  2.000000e-07
 55  58  0  0  0  2  1.745654e-01  2.000000e-07
 55  54  0  0  0  2  2.486830e-01  2.000000e-07
 55  51  0  0  0  2  9.681637e-02  2.000000e-07
 44  76  0  0  0  2  1.593084e-01  2.000000e-07
 44  77  0  0  0  2  3.695527e-01  2.000000e-07
 44  47  0  0  0  2  2.122374e-01  2.000000e-07
 44  63  0  0  0  2  2.364131e-01  2.000000e-07
 44  57  0  0  0  2  4.488117e-02  2.000000e-07
 44  67  0  1  0  2  5.678945e-01  2.000000e-07
 44  59  0  0  0  2  1.359830e-02  2.000000e-07
 44  45  0  0  0  2  3.663221e-02  2.000000e-07
 44  58  0  0  0  2  2.053755e-01  2.000000e-07
 56  50  0  0  0  2  9.723332e-02  2.000000e-07
 56  61  0  0  0  2  3.439365e-01  2.000000e-07
 56  75  0  0  0  2  3.361508e-01  2.000000e-07
 56  47  0  0  0  2  3.391210e-01  2.000000e-07
 56  63  0  0  0  2  2.810046e-01  2.000000e-07
 56  84  0  0  0  2  4.428749e-01  2.000000e-07
 56  57  0  0  0  2  2.108948e-01  2.000000e-07
 56  48  0  0  0  2  2.011964e-01  2.000000e-07
 56  85  0  0  0  2  3.471345e-01  2.000000e-07
 56  68  0  0  0  2  3.694521e-01  2.000000e-07
 56  59  0  0  0  2  2.422812e-01  2.000000e-07
 56  71  0  0  0  2  2.778017e-01  2.000000e-07
 56  86  0  0  0  2  3.163147e-01  2.000000e-07
 56  46  0  0  0  2  3.497821e-01  2.000000e-07
 56  87  1  0  0  2  4.010596e-01  2.000000e-07
 56  58  0  0  0  2  7.035401e-02  2.000000e-07
 56  54  0  0  0  2  2.088703e-01  2.000000e-07
 56  51  0  0  0  2  1.542389e-01  2.000000e-07
 50  83  1  0  0  2  2.225752e-01  2.000000e-07
 50  75  0  0  0  2  2.925651e-01  2.000000e-07
 50  57  0  0  0  2  1.833215e-01  2.000000e-07
 50  89  1  0  0  2  2.248141e-01  2.000000e-07
 50  59  0  0  0  2  2.294467e-01  2.000000e-07
 50  87  1  0  0  2  3.399505e-01  2.000000e-07
 50  58  0  0  0  2  1.541162e-01  2.000000e-07
 50  54  0  0  0  2  2.076382e-01  2.000000e-07
 50  51  0  0  0  2  7.528641e-02  2.000000e-07
 83  56 -1  0  0  2  3.184247e-01  2.000000e-07
 83  62  0  0  0  2  3.297655e-01  2.000000e-07
 83  75 -1  0  0  2  3.460134e-01  2.000000e-07
 83  4  0  0  0  2  1.870127e-01  2.000000e-07
 83  84  0  0  0  2  2.914114e-01  2.000000e-07
 83  64  0  0  0  2  3.255385e-01  2.000000e-07
 83  65  0  0  0  2  1.361742e-01  2.000000e-07
 83  89  0  0  0  2  5.001264e-02  2.000000e-07
 83  59 -1  0  0  2  3.609405e-01  2.000000e-07
 83  71  0  0  0  2  5.163033e-01  2.000000e-07
 83  49  0  0  0  2  7.120973e-02  2.000000e-07
 83  73  0  0  0  2  1.135172e-01  2.000000e-07
 83  87  0  0  0  2  2.433206e-01  2.000000e-07
 83  54 -1  0  0  2  3.075494e-01  2.000000e-07
 61  77  0 -1  0  2  4.005333e-01  2.000000e-07
 61  84  0  0  0  2  2.598123e-01  2.000000e-07
 61  5  0  0  0  2  3.168116e-01  2.000000e-07
 61  48  0  0  0  2  1.826810e-01  2.000000e-07
 61  85  0  0  0  2  1.606821e-02  2.000000e-07
 61  68  0  0  0  2  1.388955e-01  2.000000e-07
 61  79  0  0  0  2  2.321521e-01  2.000000e-07
 61  72  0  0  0  2  2.270987e-01  2.000000e-07
 61  2  0  0  0  2  2.996691e-01  2.000000e-07
 61  46  0 -1  0  2  4.202002e-01  2.000000e-07
 62  75 -1  0  0  2  2.860006e-01  2.000000e-07
 62  77  0  0  0  2  2.652655e-01  2.000000e-07
 62  47  0  0  0  2  4.153528e-01  2.000000e-07
 62  63  0  0  0  2  4.085526e-01  2.000000e-07
 62  84  0  0  0  2  4.833252e-01  2.000000e-07
 62  0  0  0  0  2  1.001171e-01  2.000000e-07
 62  65  0  0  0  2  1.941552e-01  2.000000e-07
 62  66  0  1  0  2  1.632565e-01  2.000000e-07
 62  89  0  0  0  2  3.786222e-01  2.000000e-07
 62  59 -1  0  0  2  3.941741e-01  2.000000e-07
 62  71  0  0  0  2  4.155783e-01  2.000000e-07
 62  72  0  1  0  2  3.187271e-01  2.000000e-07
 62  2  0  1  0  2  2.472001e-01  2.000000e-07
 62  1  0  0  0  2  8.620301e-02  2.000000e-07
 62  73  0  0  0  2  2.861789e-01  2.000000e-07
 62  46  0  0  0  2  4.385287e-01  2.000000e-07
 75  76  0  0  0  2  7.328552e-02  2.000000e-07
 75  77  0  0  0  2  4.514209e-01  2.000000e-07
 75  78  0  1  0  2  4.859513e-01  2.000000e-07
 75  64  1  1  0  2  5.169946e-01  2.000000e-07
 75  0  1  0  0  2  3.826432e-01  2.000000e-07
 75  65  1  0  0  2  2.698404e-01  2.000000e-07
 75  66  1  1  0  2  3.567650e-01  2.000000e-07
 75  79  0  1  0  2  3.373267e-01  2.000000e-07
 75  59  0  0  0  2  1.201564e-01  2.000000e-07
 75  69  1  0  0  2  3.105477e-01  2.000000e-07
 75  71  0  0  0  2  3.439429e-01  2.000000e-07
 75  45  0  0  0  2  1.291554e-01  2.000000e-07
 75  1  1  0  0  2  3.715874e-01  2.000000e-07
 75  3  1  0  0  2  3.796446e-01  2.000000e-07
 75  46  0  0  0  2  2.772669e-01  2.000000e-07
 75  54  0  0  0  2  4.996241e-01  2.000000e-07
 76  77  0  0  0  2  4.132504e-01  2.000000e-07
 76  47  0  0  0  2  2.774296e-01  2.000000e-07
 76  63  0  0  0  2  3.476539e-01  2.000000e-07
 76  78  0  1  0  2  4.252787e-01  2.000000e-07
 76  57  0  0  0  2  1.747226e-01  2.000000e-07
 76  67  0  1  0  2  5.281844e-01  2.000000e-07
 76  85  0  1  0  2  4.538724e-01  2.000000e-07
 76  79  0  1  0  2  2.646421e-01  2.000000e-07
 76  89  1  0  0  2  4.604768e-01  2.000000e-07
 76  59  0  0  0  2  1.459924e-01  2.000000e-07
 76  69  1  0  0  2  3.758310e-01  2.000000e-07
 76  3  1  0  0  2  4.142813e-01  2.000000e-07
 76  46  0  0  0  2  2.461978e-01  2.000000e-07
 77  63  0  0  0  2  1.932456e-01  2.000000e-07
 77  0  0  0  0  2  1.698530e-01  2.000000e-07
 77  67  0  1  0  2  2.898985e-01  2.000000e-07
 77  79  0  1  0  2  4.124848e-01  2.000000e-07
 77  71  0  0  0  2  1.950875e-01  2.000000e-07
 77  72  0  1  0  2  2.027746e-01  2.000000e-07
 77  2  0  1  0  2  2.294486e-01  2.000000e-07
 77  45  0  0  0  2  4.039496e-01  2.000000e-07
 77  1  0  0  0  2  1.815619e-01  2.000000e-07
 77  3  0  0  0  2  1.743250e-01  2.000000e-07
 77  46  0  0  0  2  1.753317e-01  2.000000e-07
 77  58  0  0  0  2  4.039417e-01  2.000000e-07
 53  78  0  0  0  2  5.595305e-02  2.000000e-07
 53  64  1  0  0  2  3.720434e-01  2.000000e-07
 53  48  0  0  0  2  1.359088e-01  2.000000e-07
 53  67  0  0  0  2  4.981757e-01  2.000000e-07
 53  52  0  0  0  2  1.343605e-01  2.000000e-07
 53  79  0  0  0  2  2.327139e-01  2.000000e-07
 53  86  0  0  0  2  3.436401e-01  2.000000e-07
 53  49  1  0  0  2  3.725390e-01  2.000000e-07
 53  73  1  0  0  2  4.073287e-01  2.000000e-07
 53  58  0  0  0  2  2.562156e-01  2.000000e-07
 53  54  0  0  0  2  1.688263e-02  2.000000e-07
 4  84  0  0  0  2  1.321471e-01  2.000000e-07
 4  5  0  0  0  2  1.301728e-01  2.000000e-07
 4  68  0  0  0  2  2.445687e-01  2.000000e-07
 4  89  0  0  0  2  1.555558e-01  2.000000e-07
 4  73  0  0  0  2  1.710810e-01  2.000000e-07
 4  87  0  0  0  2  1.476229e-01  2.000000e-07
 4  88  0  0  0  2  1.623688e-01  2.000000e-07
 47  63  0  0  0  2  1.042209e-01  2.000000e-07
 47  84  0  0  0  2  4.805078e-01  2.000000e-07
 47  67  0  1  0  2  3.931712e-01  2.000000e-07
 47  85  0  1  0  2  4.296150e-01  2.000000e-07
 47  59  0  0  0  2  2.113358e-01  2.000000e-07
 47  71  0  0  0  2  9.677088e-02  2.000000e-07
 47  72  0  1  0  2  3.087096e-01  2.000000e-07
 47  46  0  0  0  2  3.600535e-02  2.000000e-07
 63  84  0  0  0  2  3.803389e-01  2.000000e-07
 63  57  0  0  0  2  2.703229e-01  2.000000e-07
 63  67  0  1  0  2  4.700257e-01  2.000000e-07
 63  89  0  0  0  2  5.273250e-01  2.000000e-07
 63  59  0  0  0  2  2.415164e-01  2.000000e-07
 63  69  0  0  0  2  3.958528e-01  2.000000e-07
 63  70  0  0  0  2  2.690565e-01  2.000000e-07
 63  72  0  1  0  2  3.825379e-01  2.000000e-07
 63  45  0  0  0  2  2.621327e-01  2.000000e-07
 63  86  0  0  0  2  3.791354e-01  2.000000e-07
 63  3  0  0  0  2  3.361294e-01  2.000000e-07
 63  58  0  0  0  2  2.115510e-01  2.000000e-07
 63  88  0  0  0  2  3.681692e-01  2.000000e-07
 78  64  1  0  0  2  3.191653e-01  2.000000e-07
 78  66  1  0  0  2  4.207863e-01  2.000000e-07
 78  67  0  0  0  2  5.301745e-01  2.000000e-07
 78  67  1  0  0  2  5.232126e-01  2.000000e-07
 78  52  0  0  0  2  1.491153e-01  2.000000e-07
 78  79  0  0  0  2  2.303947e-01  2.000000e-07
 78  70  1  0  0  2  5.201912e-01  2.000000e-07
 78  1  1 -1  0  2  5.708603e-01  2.000000e-07
 78  49  1  0  0  2  3.615172e-01  2.000000e-07
 78  73  1  0  0  2  3.894846e-01  2.000000e-07
 78  3  1 -1  0  2  5.725219e-01  2.000000e-07
 78  54  0  0  0  2  4.340919e-02  2.000000e-07
 78  88  1  0  0  2  4.774691e-01  2.000000e-07
 84  64  0  0  0  2  2.069976e-01  2.000000e-07
 84  5  0  0  0  2  1.646051e-01  2.000000e-07
 84  85  0  0  0  2  2.754627e-01  2.000000e-07
 84  68  0  0  0  2  1.216312e-01  2.000000e-07
 84  89  0  0  0  2  2.738540e-01  2.000000e-07
 84  70  0  0  0  2  1.163013e-01  2.000000e-07
 84  71  0  0  0  2  3.900284e-01  2.000000e-07
 84  72  0  0  0  2  3.441647e-01  2.000000e-07
 84  86  0  0  0  2  1.821682e-01  2.000000e-07
 84  73  0  0  0  2  2.241702e-01  2.000000e-07
 84  88  0  0  0  2  3.061072e-02  2.000000e-07
 64  5  0  0  0  2  4.239311e-02  2.000000e-07
 64  66  0  0  0  2  2.216396e-01  2.000000e-07
 64  67  0  0  0  2  2.067853e-01  2.000000e-07
 64  68  0  0  0  2  2.548457e-01  2.000000e-07
 64  79 -1  0  0  2  4.665342e-01  2.000000e-07
 64  72  0  0  0  2  2.731148e-01  2.000000e-07
 64  2  0  0  0  2  2.135832e-01  2.000000e-07
 64  1  0 -1  0  2  3.679511e-01  2.000000e-07
 64  49  0  0  0  2  3.539414e-01  2.000000e-07
 64  73  0  0  0  2  3.309754e-01  2.000000e-07
 64  3  0 -1  0  2  3.649987e-01  2.000000e-07
 64  87  0  0  0  2  1.225516e-01  2.000000e-07
 64  54 -1  0  0  2  3.622476e-01  2.000000e-07
 57  89  1  0  0  2  3.394354e-01  2.000000e-07
 57  59  0  0  0  2  5.189197e-02  2.000000e-07
 57  69  1  0  0  2  3.376420e-01  2.000000e-07
 57  45  0  0  0  2  8.747110e-03  2.000000e-07
 57  58  0  0  0  2  2.016273e-01  2.000000e-07
 57  51  0  0  0  2  2.466880e-01  2.000000e-07
 5  67  0  0  0  2  2.014108e-01  2.000000e-07
 5  85  0  0  0  2  3.284249e-01  2.000000e-07
 5  68  0  0  0  2  2.185003e-01  2.000000e-07
 5  72  0  0  0  2  2.769441e-01  2.000000e-07
 5  86  0  0  0  2  2.806305e-01  2.000000e-07
 5  87  0  0  0  2  1.369082e-01  2.000000e-07
 5  88  0  0  0  2  1.815395e-01  2.000000e-07
 0  65  0  0  0  2  2.294563e-01  2.000000e-07
 0  71  0  0  0  2  3.166162e-01  2.000000e-07
 0  73  0  0  0  2  2.773696e-01  2.000000e-07
 0  3  0  0  0  2  4.547231e-02  2.000000e-07
 48  67  0  0  0  2  3.671348e-01  2.000000e-07
 48  85  0  0  0  2  1.784802e-01  2.000000e-07
 48  68  0  0  0  2  2.753141e-01  2.000000e-07
 48  79  0  0  0  2  1.899890e-01  2.000000e-07
 48  71  0  0  0  2  4.193471e-01  2.000000e-07
 48  87  1  0  0  2  3.828032e-01  2.000000e-07
 48  58  0  0  0  2  2.360584e-01  2.000000e-07
 48  54  0  0  0  2  1.397152e-01  2.000000e-07
 65  69  0  0  0  2  5.209703e-02  2.000000e-07
 65  45 -1  0  0  2  2.958630e-01  2.000000e-07
 65  1  0  0  0  2  2.513912e-01  2.000000e-07
 65  49  0  0  0  2  8.995203e-02  2.000000e-07
 65  73  0  0  0  2  1.299586e-01  2.000000e-07
 65  3  0  0  0  2  2.592891e-01  2.000000e-07
 65  54 -1  0  0  2  4.268560e-01  2.000000e-07
 66  79 -1  0  0  2  4.583386e-01  2.000000e-07
 66  59 -1 -1  0  2  4.767021e-01  2.000000e-07
 66  72  0  0  0  2  2.273207e-01  2.000000e-07
 66  2  0  0  0  2  1.307265e-01  2.000000e-07
 66  1  0 -1  0  2  1.571942e-01  2.000000e-07
 66  87  0  0  0  2  2.952164e-01  2.000000e-07
 66  54 -1  0  0  2  4.608700e-01  2.000000e-07
 67  85  0  0  0  2  1.886615e-01  2.000000e-07
 67  68  0  0  0  2  1.942793e-01  2.000000e-07
 67  52 -1  0  0  2  5.684858e-01  2.000000e-07
 67  79  0  0  0  2  3.589958e-01  2.000000e-07
 67  70  0  0  0  2  3.588558e-01  2.000000e-07
 67  72  0  0  0  2  8.785258e-02  2.000000e-07
 67  2  0  0  0  2  1.178452e-01  2.000000e-07
 67  86  0  0  0  2  2.167398e-01  2.000000e-07
 67  73  0  0  0  2  4.662551e-01  2.000000e-07
 67  3  0 -1  0  2  2.974924e-01  2.000000e-07
 67  87  0  0  0  2  3.292656e-01  2.000000e-07
 67  58  0  0  0  2  5.152714e-01  2.000000e-07
 67  88  0  0  0  2  2.463476e-01  2.000000e-07
 85  59  0 -1  0  2  5.333677e-01  2.000000e-07
 85  72  0  0  0  2  2.239806e-01  2.000000e-07
 85  86  0  0  0  2  1.098013e-01  2.000000e-07
 85  46  0 -1  0  2  4.066989e-01  2.000000e-07
 85  87  1  0  0  2  5.420765e-01  2.000000e-07
 68  79  0  0  0  2  3.697288e-01  2.000000e-07
 68  71  0  0  0  2  3.974837e-01  2.000000e-07
 68  72  0  0  0  2  2.736794e-01  2.000000e-07
 68  2  0  0  0  2  3.055862e-01  2.000000e-07
 68  73  0  0  0  2  3.416818e-01  2.000000e-07
 68  58  0  0  0  2  3.447140e-01  2.000000e-07
 52  89  1  0  0  2  1.625636e-01  2.000000e-07
 52  69  1  0  0  2  3.266717e-01  2.000000e-07
 52  70  1  0  0  2  4.634711e-01  2.000000e-07
 52  49  1  0  0  2  2.500900e-01  2.000000e-07
 52  73  1  0  0  2  2.931083e-01  2.000000e-07
 52  58  0  0  0  2  2.327769e-01  2.000000e-07
 52  54  0  0  0  2  1.457578e-01  2.000000e-07
 52  51  0  0  0  2  2.590200e-02  2.000000e-07
 52  88  1  0  0  2  4.541231e-01  2.000000e-07
 79  59  0 -1  0  2  3.798062e-01  2.000000e-07
 79  71  0 -1  0  2  4.598200e-01  2.000000e-07
 79  2  0  0  0  2  4.396036e-01  2.000000e-07
 79  45  0 -1  0  2  4.197120e-01  2.000000e-07
 79  46  0 -1  0  2  3.311294e-01  2.000000e-07
 79  87  1  0  0  2  3.825413e-01  2.000000e-07
 79  54  0  0  0  2  2.210682e-01  2.000000e-07
 89  59 -1  0  0  2  3.909856e-01  2.000000e-07
 89  69  0  0  0  2  2.068402e-01  2.000000e-07
 89  70  0  0  0  2  3.015321e-01  2.000000e-07
 89  87  0  0  0  2  1.938419e-01  2.000000e-07
 89  51 -1  0  0  2  1.633525e-01  2.000000e-07
 89  88  0  0  0  2  3.041046e-01  2.000000e-07
 59  71  0  0  0  2  2.312736e-01  2.000000e-07
 59  46  0  0  0  2  1.953163e-01  2.000000e-07
 59  87  1  1  0  2  6.184335e-01  2.000000e-07
 69  70  0  0  0  2  2.752994e-01  2.000000e-07
 69  45 -1  0  0  2  3.462240e-01  2.000000e-07
 69  49  0  0  0  2  9.656336e-02  2.000000e-07
 69  73  0  0  0  2  1.122075e-01  2.000000e-07
 69  3  0  0  0  2  2.265117e-01  2.000000e-07
 69  51 -1  0  0  2  3.127213e-01  2.000000e-07
 70  68  0  0  0  2  1.815188e-01  2.000000e-07
 70  71  0  0  0  2  2.791804e-01  2.000000e-07
 70  86  0  0  0  2  2.159250e-01  2.000000e-07
 70  73  0  0  0  2  1.983133e-01  2.000000e-07
 70  3  0  0  0  2  3.877189e-01  2.000000e-07
 70  58  0  0  0  2  3.305570e-01  2.000000e-07
 70  51 -1  0  0  2  4.647507e-01  2.000000e-07
 70  88  0  0  0  2  1.142442e-01  2.000000e-07
 71  45  0  0  0  2  2.525312e-01  2.000000e-07
 71  73  0  0  0  2  4.032263e-01  2.000000e-07
 71  46  0  0  0  2  1.288175e-01  2.000000e-07
 71  58  0  0  0  2  2.088888e-01  2.000000e-07
 71  54  0  0  0  2  4.802414e-01  2.000000e-07
 72  2  0  0  0  2  9.812687e-02  2.000000e-07
 72  86  0  0  0  2  2.834757e-01  2.000000e-07
 72  3  0 -1  0  2  2.378482e-01  2.000000e-07
 72  46  0 -1  0  2  3.036504e-01  2.000000e-07
 72  88  0  0  0  2  3.332312e-01  2.000000e-07
 2  1  0 -1  0  2  1.915682e-01  2.000000e-07
 2  3  0 -1  0  2  1.853485e-01  2.000000e-07
 45  58  0  0  0  2  1.989478e-01  2.000000e-07
 86  58  0  0  0  2  3.003721e-01  2.000000e-07
 86  88  0  0  0  2  1.522708e-01  2.000000e-07
 1  3  0  0  0  2  8.666069e-03  2.000000e-07
 49  73  0  0  0  2  5.760425e-02  2.000000e-07
 49  54 -1  0  0  2  3.787090e-01  2.000000e-07
 73  54 -1  0  0  2  4.115905e-01  2.000000e-07
 87  76 -1 -1  0  2  4.732920e-01  2.000000e-07
 87  88  0  0  0  2  2.859081e-01  2.000000e-07
 58  51  0  0  0  2  2.204677e-01  2.000000e-07
 54  87  1  0  0  2  2.447933e-01  2.000000e-07
 74  62  0  0  0  1  1.571001e-01  3.000000e-07
 74  77  0  0  0  1  2.214475e-01  3.000000e-07
 74  0  0  0  0  1  1.072972e-01  3.000000e-07
 74  69  0  0  0  1  1.147130e-01  3.000000e-07
 74  70  0  0  0  1  2.463614e-01  3.000000e-07
 74  73  0  0  0  1  1.749394e-01  3.000000e-07
 60  64  0  0  0  1  1.751288e-01  3.000000e-07
 60  2  0  0  0  1  1.065320e-01  3.000000e-07
 60  87  0  0  0  1  2.593736e-01  3.000000e-07
 80  53  0  0  0  1  5.097238e-02  3.000000e-07
 80  52  0  0  0  1  1.432233e-01  3.000000e-07
 80  87  1  0  0  1  2.053787e-01  3.000000e-07
 55  56  0  0  0  1  1.304335e-01  3.000000e-07
 55  83  1  0  0  1  2.055658e-01  3.000000e-07
 55  57  0  0  0  1  1.498902e-01  3.000000e-07
 55  45  0  0  0  1  1.554610e-01  3.000000e-07
 55  58  0  0  0  1  1.745654e-01  3.000000e-07
 55  51  0  0  0  1  9.681637e-02  3.000000e-07
 44  47  0  0  0  1  2.122374e-01  3.000000e-07
 44  71  0  0  0  1  2.263583e-01  3.000000e-07
 44  46  0  0  0  1  1.983760e-01  3.000000e-07
 44  58  0  0  0  1  2.053755e-01  3.000000e-07
 56  50  0  0  0  1  9.723332e-02  3.000000e-07
 56  53  0  0  0  1  1.921030e-01  3.000000e-07
 56  48  0  0  0  1  2.011964e-01  3.000000e-07
 56  52  0  0  0  1  1.641312e-01  3.000000e-07
 56  58  0  0  0  1  7.035401e-02  3.000000e-07
 50  51  0  0  0  1  7.528641e-02  3.000000e-07
 83  65  0  0  0  1  1.361742e-01  3.000000e-07
 83  89  0  0  0  1  5.001264e-02  3.000000e-07
 83  49  0  0  0  1  7.120973e-02  3.000000e-07
 83  51 -1  0  0  1  1.741950e-01  3.000000e-07
 61  48  0  0  0  1  1.826810e-01  3.000000e-07
 61  67  0  0  0  1  1.856008e-01  3.000000e-07
 61  68  0  0  0  1  1.388955e-01  3.000000e-07
 61  86  0  0  0  1  9.417505e-02  3.000000e-07
 62  75 -1  0  0  1  2.860006e-01  3.000000e-07
 62  76 -1  0  0  1  3.245984e-01  3.000000e-07
 62  0  0  0  0  1  1.001171e-01  3.000000e-07
 62  65  0  0  0  1  1.941552e-01  3.000000e-07
 62  69  0  0  0  1  1.775644e-01  3.000000e-07
 62  1  0  0  0  1  8.620301e-02  3.000000e-07
 75  76  0  0  0  1  7.328552e-02  3.000000e-07
 75  65  1  0  0  1  2.698404e-01  3.000000e-07
 75  59  0  0  0  1  1.201564e-01  3.000000e-07
 76  66  1  1  0  1  3.630843e-01  3.000000e-07
 76  79  0  1  0  1  2.646421e-01  3.000000e-07
 76  59  0  0  0  1  1.459924e-01  3.000000e-07
 76  46  0  0  0  1  2.461978e-01  3.000000e-07
 77  47  0  0  0  1  1.574345e-01  3.000000e-07
 77  63  0  0  0  1  1.932456e-01  3.000000e-07
 77  0  0  0  0  1  1.698530e-01  3.000000e-07
 77  72  0  1  0  1  2.027746e-01  3.000000e-07
 77  3  0  0  0  1  1.743250e-01  3.000000e-07
 77  46  0  0  0  1  1.753317e-01  3.000000e-07
 53  48  0  0  0  1  1.359088e-01  3.000000e-07
 53  52  0  0  0  1  1.343605e-01  3.000000e-07
 4  84  0  0  0  1  1.321471e-01  3.000000e-07
 4  5  0  0  0  1  1.301728e-01  3.000000e-07
 4  89  0  0  0  1  1.555558e-01  3.000000e-07
 4  70  0  0  0  1  2.056511e-01  3.000000e-07
 4  73  0  0  0  1  1.710810e-01  3.000000e-07
 4  87  0  0  0  1  1.476229e-01  3.000000e-07
 47  63  0  0  0  1  1.042209e-01  3.000000e-07
 47  71  0  0  0  1  9.677088e-02  3.000000e-07
 63  70  0  0  0  1  2.690565e-01  3.000000e-07
 78  66  1  0  0  1  4.207863e-01  3.000000e-07
 78  79  0  0  0  1  2.303947e-01  3.000000e-07
 64  67  0  0  0  1  2.067853e-01  3.000000e-07
 64  2  0  0  0  1  2.135832e-01  3.000000e-07
 64  87  0  0  0  1  1.225516e-01  3.000000e-07
 57  65  1  0  0  1  2.872177e-01  3.000000e-07
 57  59  0  0  0  1  5.189197e-02  3.000000e-07
 5  67  0  0  0  1  2.014108e-01  3.000000e-07
 5  68  0  0  0  1  2.185003e-01  3.000000e-07
 5  87  0  0  0  1  1.369082e-01  3.000000e-07
 5  88  0  0  0  1  1.815395e-01  3.000000e-07
 48  85  0  0  0  1  1.784802e-01  3.000000e-07
 48  86  0  0  0  1  2.099161e-01  3.000000e-07
 48  54  0  0  0  1  1.397152e-01  3.000000e-07
 65  69  0  0  0  1  5.209703e-02  3.000000e-07
 65  49  0  0  0  1  8.995203e-02  3.000000e-07
 66  79 -1  0  0  1  4.583386e-01  3.000000e-07
 66  2  0  0  0  1  1.307265e-01  3.000000e-07
 66  1  0 -1  0  1  1.571942e-01  3.000000e-07
 66  3  0 -1  0  1  1.568045e-01  3.000000e-07
 67  85  0  0  0  1  1.886615e-01  3.000000e-07
 67  68  0  0  0  1  1.942793e-01  3.000000e-07
 67  72  0  0  0  1  8.785258e-02  3.000000e-07
 67  2  0  0  0  1  1.178452e-01  3.000000e-07
 85  79  0  0  0  1  2.170723e-01  3.000000e-07
 85  72  0  0  0  1  2.239806e-01  3.000000e-07
 68  70  0  0  0  1  1.815188e-01  3.000000e-07
 68  86  0  0  0  1  6.539862e-02  3.000000e-07
 68  88  0  0  0  1  9.366063e-02  3.000000e-07
 52  89  1  0  0  1  1.625636e-01  3.000000e-07
 52  87  1  0  0  1  2.446305e-01  3.000000e-07
 79  72  0  0  0  1  3.421610e-01  3.000000e-07
 79  46  0 -1  0  1  3.311294e-01  3.000000e-07
 79  54  0  0  0  1  2.210682e-01  3.000000e-07
 89  73  0  0  0  1  1.380189e-01  3.000000e-07
 89  87  0  0  0  1  1.938419e-01  3.000000e-07
 89  51 -1  0  0  1  1.633525e-01  3.000000e-07
 59  46  0  0  0  1  1.953163e-01  3.000000e-07
 69  49  0  0  0  1  9.656336e-02  3.000000e-07
 69  73  0  0  0  1  1.122075e-01  3.000000e-07
 70  86  0  0  0  1  2.159250e-01  3.000000e-07
 70  73  0  0  0  1  1.983133e-01  3.000000e-07
 70  88  0  0  0  1  1.142442e-01  3.000000e-07
 71  58  0  0  0  1  2.088888e-01  3.000000e-07
 72  2  0  0  0  1  9.812687e-02  3.000000e-07
 2  3  0 -1  0  1  1.853485e-01  3.000000e-07
 45  58  0  0  0  1  1.989478e-01  3.000000e-07
 86  58  0  0  0  1  3.003721e-01  3.000000e-07
 49  73  0  0  0  1  5.760425e-02  3.000000e-07
 46  72  0  1  0  1  3.036504e-01  3.000000e-07
 87  78 -1  0  0  1  2.028017e-01  3.000000e-07
-2.053350e-01  3.812933e-01  0
-2.192292e-01  4.221262e-01  0
-1.606879e-01 -3.954696e-01  0
-2.116483e-01  4.263252e-01  0
-2.746738e-01 -5.379378e-02  0
-2.465476e-01 -1.808917e-01  0
-3.117082e-01  6.131590e-02 -1.047607e-01
-3.768481e-01 -2.433755e-01 -1.289597e-01
-1.736829e-01 -2.830507e-01 -1.551291e-01
 4.358600e-01 -9.307384e-02 -2.046912e-01
 3.530419e-01  3.677200e-01 -1.822513e-01
 1.320878e-01 -3.443849e-01 -3.960713e-01
 5.025513e-02 -2.758027e-01 -1.020651e-01
-3.195026e-01 -4.406454e-01  1.577736e-01
 1.605478e-01 -9.379626e-02  4.375590e-01
 2.869149e-02 -2.927247e-01  2.425065e-01
 1.152903e-01  2.503123e-01  1.018861e-01
 1.732872e-01  4.386537e-03  3.495959e-01
-1.292458e-01  1.592041e-01 -3.975475e-01
-1.345982e-01  3.219215e-01  2.713321e-01
-1.916801e-01  2.418733e-01 -4.270964e-01
-2.889023e-01  5.509230e-02  1.983431e-01
-1.590269e-01  5.450098e-02  2.592556e-01
 1.913373e-02  1.518305e-01  3.707795e-01
-1.802807e-01 -1.234972e-01  3.883741e-01
 2.625989e-02 -1.422926e-01  2.087089e-01
-4.362362e-01  3.237993e-01  3.557008e-01
 4.087684e-01 -2.740665e-01  2.866833e-01
-3.232145e-01 -4.289943e-01  3.591246e-01
-3.617032e-01 -1.948977e-01  2.506330e-01
 4.211319e-01  1.343207e-01 -4.277873e-01
 3.083920e-01 -3.762098e-01  3.866283e-01
 1.730946e-01  3.943307e-01 -3.648765e-01
 2.355817e-01  4.494602e-01 -4.309016e-01
-2.198702e-01 -1.924031e-01  3.729160e-01
-6.184543e-02 -3.397898e-01 -4.342248e-01
-2.287018e-01 -4.174479e-02 -1.160494e-01
 4.207765e-01  2.794944e-01 -2.527234e-01
 3.035856e-01 -2.279481e-01 -2.356280e-01
 4.271814e-01 -3.723248e-01 -4.412228e-01
 4.032336e-01 -7.033650e-02 -2.668168e-01
 3.508180e-02 -1.231445e-01 -2.528398e-01
-1.367346e-01 -2.558336e-02  1.272381e-01
 3.721404e-01  2.889391e-01 -1.887911e-01
 3.120108e-01  2.921315e-01  0
 3.401652e-01  2.686955e-01  0
 1.348440e-01  3.813780e-01  0
 1.095377e-01  3.557659e-01  0
 2.368745e-01 -1.304485e-01  0
-3.438904e-01  1.329053e-01  0
 3.793421e-01  8.526152e-02  0
 4.355257e-01  3.514714e-02  0
 4.386259e-01  9.431342e-03  0
 3.706505e-01 -1.064656e-01  0
 3.763551e-01 -1.223552e-01  0
 3.999818e-01  1.252029e-01  0
 2.842226e-01  6.509720e-02  0
 3.484755e-01  2.659658e-01  0
 2.265452e-01  1.053837e-01  0
 3.147945e-01  3.054419e-01  0
-2.670182e-01 -3.889169e-01  0
 6.945337e-02 -2.035410e-01  0
-3.031745e-01  4.025268e-01  0
 7.832442e-02  2.563289e-01  0
-2.731542e-01 -2.138956e-01  0
-3.680833e-01  2.195429e-01  0
-2.852288e-01 -4.352061e-01  0
-8.685088e-02 -3.036242e-01  0
-3.803764e-02 -1.155771e-01  0
-3.163222e-01  2.254498e-01  0
-1.001472e-01  5.498519e-02  0
 8.773708e-02  2.614826e-01  0
-6.283586e-02 -3.881307e-01  0
-2.886071e-01  1.167189e-01  0
-2.125002e-01  2.742356e-01  0
 4.120585e-01  3.759916e-01  0
 3.742575e-01  4.387757e-01  0
-3.803243e-02  4.106174e-01  0
 4.168159e-01 -1.380803e-01  0
 2.718888e-01 -3.171831e-01  0
 4.148759e-01 -1.318091e-01  0
-2.229339e-01  3.285778e-01 -3.289147e-01
-1.859079e-01  3.814806e-01  1.886269e-01
-3.980874e-01  8.671538e-02  0
-1.425276e-01 -5.331949e-02  0
 8.003463e-02 -2.156333e-01  0
 2.725201e-02 -1.193508e-01  0
-3.811771e-01 -1.560169e-01  0
-1.123762e-01 -5.860259e-02  0
-4.011302e-01  3.679538e-02  0