 711  90  1.200000e-05  87 -2 -2
 19  43  0  0  0  3  1.982777e-01  1.000000e-07
 19  39  0  0  0  3  4.157697e-01  1.000000e-07
 19  21  0  0  0  3  2.309263e-01  1.000000e-07
 19  40  1  0  0  3  4.844289e-01  1.000000e-07
 19  83  0  0  0  3  4.756698e-01  1.000000e-07
 19  84  1  0  0  3  4.233425e-01  1.000000e-07
 19  29  0  0  1  3  3.106152e-01  1.000000e-07
 19  30  0  0  1  3  4.728611e-01  1.000000e-07
 19  32  0  0  1  3  3.724931e-01  1.000000e-07
 22  27  0  1  0  3  2.259681e-01  1.000000e-07
 22  41  0  1  0  3  2.596894e-01  1.000000e-07
 22  39  0  1  0  3  2.033899e-01  1.000000e-07
 22  26  0  0  0  3  4.114328e-01  1.000000e-07
 22  25  0  0  0  3  1.006176e-01  1.000000e-07
 22  42  1  0  0  3  5.753255e-01  1.000000e-07
 22  28  0  0  1  3  4.283455e-01  1.000000e-07
 22  30  0  1  1  3  3.734209e-01  1.000000e-07
 22  35  0  0  1  3  2.834563e-01  1.000000e-07
 27  83  0  0  0  3  2.918893e-01  1.000000e-07
 27  20  0  0  0  3  4.322735e-01  1.000000e-07
 27  84  1  0  0  3  5.347092e-01  1.000000e-07
 27  37  1 -1  1  3  5.096720e-01  1.000000e-07
 27  11  0  0  1  3  3.822297e-01  1.000000e-07
 27  34  0  0  1  3  3.788475e-01  1.000000e-07
 27  32  0  0  1  3  4.036279e-01  1.000000e-07
 27  35  0 -1  1  3  2.766612e-01  1.000000e-07
 7  43  0  0  0  3  2.428979e-01  1.000000e-07
 7  38  0  0  0  3  1.879612e-01  1.000000e-07
 7  8  0  0  0  3  4.346834e-01  1.000000e-07
 7  40  0  0  0  3  5.838808e-01  1.000000e-07
 7  42  0  0  0  3  5.127495e-01  1.000000e-07
 7  83  0  0  0  3  4.320610e-01  1.000000e-07
 41  39  0  0  0  3  1.788386e-01  1.000000e-07
 41  8  0  0  0  3  1.045312e-01  1.000000e-07
 41  25  0 -1  0  3  3.439884e-01  1.000000e-07
 41  42  1 -1  0  3  5.225116e-01  1.000000e-07
 41  20  0  0  0  3  3.837234e-01  1.000000e-07
 41  37  1 -1  1  3  5.089990e-01  1.000000e-07
 41  35  0 -1  1  3  4.295791e-01  1.000000e-07
 43  38  0  0  0  3  1.592860e-01  1.000000e-07
 43  23  0  0  0  3  1.627344e-01  1.000000e-07
 43  26  0  0  0  3  1.974604e-01  1.000000e-07
 43  25  0  0  0  3  2.710834e-01  1.000000e-07
 43  42  0  0  0  3  4.024658e-01  1.000000e-07
 43  34  0  0  1  3  4.840392e-01  1.000000e-07
 38  39  0  1  0  3  5.040622e-01  1.000000e-07
 38  21  0  0  0  3  2.523357e-01  1.000000e-07
 38  8  0  1  0  3  5.535790e-01  1.000000e-07
 38  26  0  0  0  3  7.362028e-02  1.000000e-07
 38  25  0  0  0  3  3.363372e-01  1.000000e-07
 39  21  0  0  0  3  3.777781e-01  1.000000e-07
 39  8  0  0  0  3  2.486564e-01  1.000000e-07
 39  9  0 -1  0  3  3.733438e-01  1.000000e-07
 39  83  0  0  0  3  2.542669e-01  1.000000e-07
 23  26  0  0  0  3  2.420471e-01  1.000000e-07
 23  25  0  0  0  3  2.512286e-01  1.000000e-07
 23  84  0  0  0  3  5.203329e-01  1.000000e-07
 23  29  0  0  1  3  1.831231e-01  1.000000e-07
 23  34  0  0  1  3  4.390018e-01  1.000000e-07
 23  24  0  0  1  3  3.760078e-01  1.000000e-07
 23  31  0  0  1  3  3.318957e-01  1.000000e-07
 23  33  0  0  1  3  3.570629e-01  1.000000e-07
 21  40  1  0  0  3  3.806860e-01  1.000000e-07
 21  26  0  0  0  3  2.118219e-01  1.000000e-07
 21  42  1  0  0  3  4.456669e-01  1.000000e-07
 21  20  0  0  0  3  9.810154e-02  1.000000e-07
 8  40  1  0  0  3  2.965276e-01  1.000000e-07
 9  40  0  1  0  3  3.488411e-01  1.000000e-07
 9  83  0  1  0  3  2.825372e-01  1.000000e-07
 9  37  0  0  1  3  4.166491e-01  1.000000e-07
 40  41 -1  0  0  3  2.990423e-01  1.000000e-07
 40  20 -1  0  0  3  3.879286e-01  1.000000e-07
 40  34  0  0  1  3  4.103685e-01  1.000000e-07
 26  25  0  0  0  3  3.453441e-01  1.000000e-07
 26  20  0  0  0  3  1.555847e-01  1.000000e-07
 25  37  0  0  1  3  5.019515e-01  1.000000e-07
 25  35  0  0  1  3  3.230611e-01  1.000000e-07
 25  33  0  0  1  3  3.854763e-01  1.000000e-07
 42  20 -1  0  0  3  3.799139e-01  1.000000e-07
 42  37  0  0  1  3  4.623521e-01  1.000000e-07
 42  31 -1  0  1  3  4.682327e-01  1.000000e-07
 83  84  0  0  0  3  4.786652e-01  1.000000e-07
 83  37  0 -1  1  3  3.534520e-01  1.000000e-07
 83  34  0  0  1  3  2.780711e-01  1.000000e-07
 20  84  1  0  0  3  3.149290e-01  1.000000e-07
 20  31  0  0  1  3  4.463407e-01  1.000000e-07
 84  15  0  0  1  3  5.576097e-01  1.000000e-07
 84  14  0  0  1  3  5.922294e-01  1.000000e-07
 84  17 -1  0  1  3  4.678526e-01  1.000000e-07
 13  28  0  0  0  3  1.381827e-01  1.000000e-07
 13  15  0  0  0  3  2.241060e-01  1.000000e-07
 13  82  0  0  0  3  2.971443e-01  1.000000e-07
 13  36  1  0  0  3  5.497562e-01  1.000000e-07
 13  33  0  0  0  3  1.199101e-01  1.000000e-07
 37  18  0  1  0  3  3.788368e-01  1.000000e-07
 37  24 -1  0  0  3  3.956778e-01  1.000000e-07
 37  31 -1  0  0  3  4.280409e-01  1.000000e-07
 16  11  0  0  0  3  7.533730e-02  1.000000e-07
 16  82  0  0  0  3  3.251541e-01  1.000000e-07
 16  30  0  0  0  3  1.693597e-01  1.000000e-07
 16  12  0  0  0  3  2.056215e-01  1.000000e-07
 16  10  0  0  0  3  2.016750e-01  1.000000e-07
 16  14  1  0  0  3  5.040856e-01  1.000000e-07
 16  35  0 -1  0  3  4.301099e-01  1.000000e-07
 16  17  0  0  0  3  3.069713e-01  1.000000e-07
 28  18  0  1  0  3  3.029463e-01  1.000000e-07
 28  15  0  0  0  3  2.127688e-01  1.000000e-07
 28  30  0  1  0  3  3.469035e-01  1.000000e-07
 28  24  0  0  0  3  2.852709e-01  1.000000e-07
 28  35  0  0  0  3  2.716715e-01  1.000000e-07
 28  33  0  0  0  3  1.316752e-01  1.000000e-07
 18  15  0 -1  0  3  4.005735e-01  1.000000e-07
 18  34  0  0  0  3  3.026945e-01  1.000000e-07
 18  30  0  0  0  3  2.763582e-01  1.000000e-07
 18  10  0  0  0  3  1.039583e-01  1.000000e-07
 18  14  0  0  0  3  3.626602e-01  1.000000e-07
 18  36  0 -1  0  3  3.513164e-01  1.000000e-07
 11  82  0  0  0  3  2.749899e-01  1.000000e-07
 11  34  0  0  0  3  2.696999e-01  1.000000e-07
 11  30  0  0  0  3  2.152653e-01  1.000000e-07
 11  12  0  0  0  3  1.394450e-01  1.000000e-07
 11  32  0  0  0  3  1.363258e-01  1.000000e-07
 11  17  0  0  0  3  2.493008e-01  1.000000e-07
 15  29  0  0  0  3  3.243146e-01  1.000000e-07
 15  31 -1  0  0  3  5.352754e-01  1.000000e-07
 15  14  0  0  0  3  6.496416e-01  1.000000e-07
 82  12  0  0  0  3  2.370107e-01  1.000000e-07
 82  24  0  0  0  3  4.247806e-01  1.000000e-07
 82  36  1  0  0  3  5.612443e-01  1.000000e-07
 29  34  0  0  0  3  3.833986e-01  1.000000e-07
 29  12  0  0  0  3  1.667154e-01  1.000000e-07
 29  24  0  0  0  3  3.379562e-01  1.000000e-07
 29  31  0  0  0  3  2.714347e-01  1.000000e-07
 29  32  0  0  0  3  1.179000e-01  1.000000e-07
 29  17  0  0  0  3  2.396227e-01  1.000000e-07
 29  33  0  0  0  3  2.402370e-01  1.000000e-07
 34  12  0  0  0  3  3.389603e-01  1.000000e-07
 34  32  0  0  0  3  3.465532e-01  1.000000e-07
 30  32  0  0  0  3  3.109016e-01  1.000000e-07
 30  35  0 -1  0  3  3.187628e-01  1.000000e-07
 30  17  0  0  0  3  3.888913e-01  1.000000e-07
 12  32  0  0  0  3  1.103456e-01  1.000000e-07
 12  10  0  0  0  3  3.643201e-01  1.000000e-07
 12  33  0  0  0  3  2.452814e-01  1.000000e-07
 24  31  0  0  0  3  2.316898e-01  1.000000e-07
 24  36  1  0  0  3  3.397662e-01  1.000000e-07
 24  35  0  0  0  3  9.208211e-02  1.000000e-07
 24  33  0  0  0  3  2.489220e-01  1.000000e-07
 31  36  1  0  0  3  4.004874e-01  1.000000e-07
 31  17  0  0  0  3  2.269981e-01  1.000000e-07
 32  17  0  0  0  3  1.722012e-01  1.000000e-07
 32  33  0  0  0  3  2.902583e-01  1.000000e-07
 14  35 -1 -1  0  3  4.364614e-01  1.000000e-07
 14  17 -1  0  0  3  3.765272e-01  1.000000e-07
 36  14  0  1  0  3  2.698980e-01  1.000000e-07
 36  35 -1  0  0  3  3.482976e-01  1.000000e-07
 35  17  0  1  0  3  5.183771e-01  1.000000e-07
 35  33  0  0  0  3  2.788634e-01  1.000000e-07
 9  59  0  1  0  3  2.406792e-01  1.000000e-07
 70  10  0  0  0  3  1.743681e-01  1.000000e-07
 36  71  0  1  0  3  3.027265e-01  1.000000e-07
 73  8 -1  0  0  3  1.611215e-01  1.000000e-07
 7  78  0  0  0  3  1.686757e-01  1.000000e-07
 63  10  0  0  0  3  1.833548e-01  1.000000e-07
 7  77  0  0  0  3  1.178044e-01  1.000000e-07
 63  12  0  0  0  3  2.724622e-01  1.000000e-07
 43  57  0  0  0  3  2.836234e-01  1.000000e-07
 61  15  0  0  0  3  2.745154e-01  1.000000e-07
 42  74  0  0  0  3  3.605428e-01  1.000000e-07
 73  14  0  0  0  3  2.500499e-01  1.000000e-07
 38  81  0  0  0  3  1.752285e-01  1.000000e-07
 68  82  0  0  0  3  1.338723e-01  1.000000e-07
 8  62  0 -1  0  3  2.454521e-01  1.000000e-07
 55  13  0  0  0  3  2.708537e-01  1.000000e-07
 38  54  0  0  0  3  1.898232e-01  1.000000e-07
 61  13  0  0  0  3  1.720952e-01  1.000000e-07
 26  54  0  0  0  3  2.373936e-01  1.000000e-07
 61  13  0  0  0  3  1.773101e-01  1.000000e-07
 26  81  0  0  0  3  1.993483e-01  1.000000e-07
 53  82  0  0  0  3  1.254711e-01  1.000000e-07
 9  52  0  0  0  3  1.985791e-01  1.000000e-07
 56  15  0  0  0  3  2.981122e-01  1.000000e-07
 8  75  0  0  0  3  1.404803e-01  1.000000e-07
 72  35  0 -1  0  3  3.965694e-01  1.000000e-07
 20  53  0  0  0  3  1.970553e-01  1.000000e-07
 47  82  0  0  0  3  1.287592e-01  1.000000e-07
 21  53  0  0  0  3  1.424570e-01  1.000000e-07
 47  82  0  0  0  3  1.412779e-01  1.000000e-07
 21  78  0  0  0  3  2.450796e-01  1.000000e-07
 79  10  0  0  0  3  2.459288e-01  1.000000e-07
 40  71  0  0  0  3  3.166426e-01  1.000000e-07
 73  14  0  0  0  3  1.441675e-01  1.000000e-07
 9  59  0  1  0  3  1.989515e-01  1.000000e-07
 70  18  0  0  0  3  1.843785e-01  1.000000e-07
 9  56  0  0  0  3  2.572525e-01  1.000000e-07
 52  13  0  0  0  3  2.185797e-01  1.000000e-07
 9  60  0  0  0  3  1.902317e-01  1.000000e-07
 76  36  0  0  0  3  2.752084e-01  1.000000e-07
 39  62  0 -1  0  3  2.520900e-01  1.000000e-07
 55  28  0  0  0  3  2.529115e-01  1.000000e-07
 83  4  0  0  0  3  3.746342e-01  1.000000e-07
 70  10  0  0  0  3  1.269134e-01  1.000000e-07
 7  77  0  0  0  3  1.202740e-01  1.000000e-07
 63  16  0  0  0  3  2.681287e-01  1.000000e-07
 84  3  0  0  0  3  4.579493e-01  1.000000e-07
 80  10  0  0  0  3  1.704497e-01  1.000000e-07
 8  69  0  0  0  3  2.578113e-01  1.000000e-07
 79  10  0  0  0  3  2.425763e-01  1.000000e-07
 45  69  0  1  0  2  4.489478e-01  2.000000e-07
 45  70  0  1  0  2  3.454419e-01  2.000000e-07
 45  53  0  0  0  2  3.803613e-01  2.000000e-07
 45  87  0  0  0  2  2.631669e-01  2.000000e-07
 45  64  0  0  0  2  3.121729e-01  2.000000e-07
 45  81  0  0  0  2  3.086807e-01  2.000000e-07
 45  77  0  0  0  2  3.387240e-01  2.000000e-07
 45  85  0  0  0  2  4.040483e-01  2.000000e-07
 45  55  0  0  0  2  2.227962e-01  2.000000e-07
 45  76  0  0  0  2  4.371116e-01  2.000000e-07
 45  56  0  0  0  2  1.586340e-01  2.000000e-07
 45  44  0  0  0  2  2.092149e-01  2.000000e-07
 45  66  0  0  0  2  2.621445e-01  2.000000e-07
 45  61  0  0  0  2  7.206724e-02  2.000000e-07
 45  51  0  0  0  2  4.038982e-01  2.000000e-07
 45  57  0  0  0  2  2.990197e-02  2.000000e-07
 69  79  0  0  0  2  8.882181e-02  2.000000e-07
 69  70  0  0  0  2  2.477514e-01  2.000000e-07
 69  59  0  0  0  2  2.964277e-01  2.000000e-07
 69  0  0  0  0  2  4.488483e-01  2.000000e-07
 69  53  0  0  0  2  3.503461e-01  2.000000e-07
 69  86  0  0  0  2  4.793107e-01  2.000000e-07
 69  77  0  0  0  2  2.614929e-01  2.000000e-07
 69  85  0  0  0  2  2.365488e-01  2.000000e-07
 69  55  0 -1  0  2  3.282334e-01  2.000000e-07
 69  56  0 -1  0  2  4.466946e-01  2.000000e-07
 69  44  0 -1  0  2  3.737888e-01  2.000000e-07
 69  63  0  0  0  2  2.719556e-01  2.000000e-07
 69  75  0  0  0  2  2.117392e-01  2.000000e-07
 69  72  0  0  0  2  1.859980e-01  2.000000e-07
 69  62  0 -1  0  2  2.432605e-01  2.000000e-07
 58  52  0 -1  0  2  2.873909e-01  2.000000e-07
 58  4  0  0  0  2  1.516711e-01  2.000000e-07
 58  46 -1  0  0  2  4.500020e-01  2.000000e-07
 58  59  0  0  0  2  1.002000e-01  2.000000e-07
 58  0  0  0  0  2  1.484303e-01  2.000000e-07
 58  60  0 -1  0  2  1.682876e-01  2.000000e-07
 58  71  0  0  0  2  2.315540e-01  2.000000e-07
 58  80  0  0  0  2  1.252837e-01  2.000000e-07
 58  6  0 -1  0  2  1.964954e-01  2.000000e-07
 58  88 -1  0  0  2  4.219960e-01  2.000000e-07
 58  3  0  0  0  2  2.393698e-01  2.000000e-07
 58  73  0  0  0  2  3.017437e-01  2.000000e-07
 58  66  0 -1  0  2  1.788201e-01  2.000000e-07
 58  62 -1 -1  0  2  5.521290e-01  2.000000e-07
 79  4  0  0  0  2  3.224892e-01  2.000000e-07
 79  46  0  0  0  2  1.541636e-01  2.000000e-07
 79  59  0  0  0  2  3.611623e-01  2.000000e-07
 79  53  0  0  0  2  2.639966e-01  2.000000e-07
 79  49  0  0  0  2  1.642138e-01  2.000000e-07
 79  50  0  0  0  2  2.769952e-01  2.000000e-07
 79  54  0 -1  0  2  5.066815e-01  2.000000e-07
 79  55  0 -1  0  2  3.995558e-01  2.000000e-07
 79  88  0  0  0  2  1.876652e-01  2.000000e-07
 79  63  0  0  0  2  2.460652e-01  2.000000e-07
 79  78  0  0  0  2  1.433909e-01  2.000000e-07
 79  73  1  0  0  2  3.303521e-01  2.000000e-07
 79  66  0 -1  0  2  4.374628e-01  2.000000e-07
 79  75  0  0  0  2  2.009474e-01  2.000000e-07
 79  72  0  0  0  2  1.519217e-01  2.000000e-07
 79  68  0  0  0  2  2.494132e-01  2.000000e-07
 79  62  0 -1  0  2  3.046856e-01  2.000000e-07
 74  45  0  0  0  2  4.981880e-01  2.000000e-07
 74  47 -1  0  0  2  2.482371e-01  2.000000e-07
 74  0  0  0  0  2  2.837335e-01  2.000000e-07
 74  87  0  0  0  2  3.765039e-01  2.000000e-07
 74  86  0  0  0  2  2.020806e-01  2.000000e-07
 74  64  0  0  0  2  1.860548e-01  2.000000e-07
 74  60  0  0  0  2  4.828464e-01  2.000000e-07
 74  48 -1  0  0  2  2.030980e-01  2.000000e-07
 74  50 -1  0  0  2  1.921894e-01  2.000000e-07
 74  65  0  0  0  2  2.819252e-01  2.000000e-07
 74  55 -1  0  0  2  5.007723e-01  2.000000e-07
 74  76  0  0  0  2  4.567803e-01  2.000000e-07
 74  56  0  0  0  2  4.435562e-01  2.000000e-07
 74  73  0  0  0  2  1.958601e-01  2.000000e-07
 74  75 -1  0  0  2  4.353107e-01  2.000000e-07
 74  51 -1  0  0  2  2.299366e-01  2.000000e-07
 74  72 -1  0  0  2  3.940747e-01  2.000000e-07
 74  57  0  0  0  2  4.718527e-01  2.000000e-07
 74  67  0  0  0  2  7.730124e-02  2.000000e-07
 74  67  0  0  0  2  7.730124e-02  2.000000e-07
 70  4  0  0  0  2  1.322415e-01  2.000000e-07
 70  59  0  0  0  2  7.384896e-02  2.000000e-07
 70  0  0  0  0  2  2.711797e-01  2.000000e-07
 70  87  0  0  0  2  4.067015e-01  2.000000e-07
 70  89  0  0  0  2  3.949635e-01  2.000000e-07
 70  86  0  0  0  2  3.509221e-01  2.000000e-07
 70  60  0 -1  0  2  2.625473e-01  2.000000e-07
 70  77  0  0  0  2  3.678747e-01  2.000000e-07
 70  71  0  0  0  2  3.954386e-01  2.000000e-07
 70  56  0 -1  0  2  2.608980e-01  2.000000e-07
 70  44  0 -1  0  2  4.007403e-01  2.000000e-07
 70  66  0 -1  0  2  1.289985e-01  2.000000e-07
 70  72  0  0  0  2  4.290877e-01  2.000000e-07
 70  62  0 -1  0  2  3.485458e-01  2.000000e-07
 52  59  0  1  0  2  2.787915e-01  2.000000e-07
 52  64  0  0  0  2  2.874466e-01  2.000000e-07
 52  5  0  0  0  2  2.064569e-01  2.000000e-07
 52  54  0  0  0  2  2.753362e-01  2.000000e-07
 52  6  0  0  0  2  9.144561e-02  2.000000e-07
 52  56  0  0  0  2  1.908115e-02  2.000000e-07
 52  66  0  0  0  2  1.226704e-01  2.000000e-07
 52  61  0  0  0  2  2.408693e-01  2.000000e-07
 52  62 -1  0  0  2  6.242220e-01  2.000000e-07
 52  62  0  0  0  2  3.935690e-01  2.000000e-07
 52  67  0  0  0  2  4.582824e-01  2.000000e-07
 47  89  0  0  0  2  3.241919e-01  2.000000e-07
 47  49  0  0  0  2  1.221647e-01  2.000000e-07
 47  81  0  0  0  2  1.036563e-01  2.000000e-07
 47  77  0  0  0  2  2.546881e-01  2.000000e-07
 47  48  0  0  0  2  1.129271e-01  2.000000e-07
 47  85  0  0  0  2  1.523248e-01  2.000000e-07
 47  76  1  0  0  2  5.420607e-01  2.000000e-07
 47  88  0  0  0  2  2.093648e-01  2.000000e-07
 47  51  0  0  0  2  3.216794e-02  2.000000e-07
 47  67  1  0  0  2  1.961181e-01  2.000000e-07
 4  59  0  0  0  2  8.645460e-02  2.000000e-07
 4  87  0  0  0  2  2.861627e-01  2.000000e-07
 4  89  0  0  0  2  2.848640e-01  2.000000e-07
 4  77  0  0  0  2  2.841579e-01  2.000000e-07
 4  71  0  0  0  2  3.445157e-01  2.000000e-07
 4  3  0  0  0  2  1.217190e-01  2.000000e-07
 4  2  0  0  0  2  1.980788e-01  2.000000e-07
 4  78  0  0  0  2  2.282509e-01  2.000000e-07
 4  66  0 -1  0  2  2.409573e-01  2.000000e-07
 4  72  0  0  0  2  4.593024e-01  2.000000e-07
 4  62  0 -1  0  2  4.475591e-01  2.000000e-07
 46  49  0  0  0  2  1.435353e-01  2.000000e-07
 46  50  0  0  0  2  1.638041e-01  2.000000e-07
 46  71  1  0  0  2  2.220224e-01  2.000000e-07
 46  88  0  0  0  2  3.396150e-02  2.000000e-07
 46  78  0  0  0  2  2.662076e-01  2.000000e-07
 46  73  1  0  0  2  1.795775e-01  2.000000e-07
 46  75  0  0  0  2  1.797057e-01  2.000000e-07
 46  62  0 -1  0  2  3.725800e-01  2.000000e-07
 46  67  1  0  0  2  3.006462e-01  2.000000e-07
 59  0  0  0  0  2  1.977811e-01  2.000000e-07
 59  60  0 -1  0  2  2.360027e-01  2.000000e-07
 59  54  0 -1  0  2  4.569412e-01  2.000000e-07
 59  55  0 -1  0  2  4.414686e-01  2.000000e-07
 59  80  0  0  0  2  1.155752e-01  2.000000e-07
 59  6  0 -1  0  2  2.001715e-01  2.000000e-07
 59  3  0  0  0  2  2.052951e-01  2.000000e-07
 59  56  0 -1  0  2  2.966596e-01  2.000000e-07
 59  63  0  0  0  2  3.158292e-01  2.000000e-07
 59  78  0  0  0  2  2.939703e-01  2.000000e-07
 59  66  0 -1  0  2  1.561578e-01  2.000000e-07
 59  62  0 -1  0  2  4.213435e-01  2.000000e-07
 0  86  0  0  0  2  1.118796e-01  2.000000e-07
 0  60  0 -1  0  2  2.930892e-01  2.000000e-07
 0  71  0  0  0  2  1.924347e-01  2.000000e-07
 0  80  0  0  0  2  1.031235e-01  2.000000e-07
 0  63  0  0  0  2  3.321929e-01  2.000000e-07
 0  73  0  0  0  2  1.947510e-01  2.000000e-07
 0  75 -1  0  0  2  3.829333e-01  2.000000e-07
 0  72 -1  0  0  2  3.839363e-01  2.000000e-07
 53  5  0  0  0  2  3.473441e-01  2.000000e-07
 53  50  0  0  0  2  1.026618e-01  2.000000e-07
 53  54  0  0  0  2  3.027802e-01  2.000000e-07
 53  85  0  0  0  2  1.230883e-01  2.000000e-07
 53  55  0  0  0  2  3.583616e-01  2.000000e-07
 53  63  0  0  0  2  2.822628e-01  2.000000e-07
 53  73  1  0  0  2  3.067375e-01  2.000000e-07
 53  75  0  0  0  2  3.852192e-01  2.000000e-07
 53  51  0  0  0  2  6.341925e-02  2.000000e-07
 53  68  0  0  0  2  1.052591e-01  2.000000e-07
 53  57  0  0  0  2  3.769696e-01  2.000000e-07
 87  89  0  0  0  2  5.553013e-02  2.000000e-07
 87  86  0  0  0  2  2.506154e-01  2.000000e-07
 87  81  0  0  0  2  3.381105e-01  2.000000e-07
 87  77  0  0  0  2  1.531998e-01  2.000000e-07
 87  48 -1  0  0  2  5.637876e-01  2.000000e-07
 87  71  0  0  0  2  5.063929e-01  2.000000e-07
 87  2  0  0  0  2  9.850064e-02  2.000000e-07
 87  63  0  0  0  2  1.152837e-01  2.000000e-07
 87  61  0  0  0  2  2.142826e-01  2.000000e-07
 87  57  0  0  0  2  2.353885e-01  2.000000e-07
 87  67  0  0  0  2  4.391927e-01  2.000000e-07
 1  86  0  0  0  2  1.587049e-01  2.000000e-07
 1  64  0  0  0  2  2.490142e-01  2.000000e-07
 1  65  0  0  0  2  2.568627e-01  2.000000e-07
 1  80  0  0  0  2  1.713122e-01  2.000000e-07
 1  3  0  0  0  2  6.020484e-02  2.000000e-07
 1  2  0  0  0  2  1.909506e-02  2.000000e-07
 1  63  0  0  0  2  1.378404e-01  2.000000e-07
 1  78  0  0  0  2  2.163222e-01  2.000000e-07
 1  73  0  0  0  2  3.610421e-01  2.000000e-07
 1  61  0  0  0  2  3.311347e-01  2.000000e-07
 1  68  0  0  0  2  3.149881e-01  2.000000e-07
 89  64  0  0  0  2  2.907060e-01  2.000000e-07
 89  49  0  0  0  2  2.644962e-01  2.000000e-07
 89  81  0  0  0  2  2.951230e-01  2.000000e-07
 89  77  0  0  0  2  9.883000e-02  2.000000e-07
 89  88  0  0  0  2  4.226330e-01  2.000000e-07
 89  2  0  0  0  2  1.248588e-01  2.000000e-07
 89  78  0  0  0  2  1.760724e-01  2.000000e-07
 89  61  0  0  0  2  2.153288e-01  2.000000e-07
 86  77  0  0  0  2  3.587354e-01  2.000000e-07
 86  65  0  0  0  2  2.821808e-01  2.000000e-07
 86  71  0  0  0  2  2.619515e-01  2.000000e-07
 86  80  0  0  0  2  1.681721e-01  2.000000e-07
 86  63  0  0  0  2  2.964665e-01  2.000000e-07
 86  73  0  0  0  2  2.039580e-01  2.000000e-07
 86  75 -1  0  0  2  4.416053e-01  2.000000e-07
 86  72 -1  0  0  2  4.272218e-01  2.000000e-07
 86  57  0  0  0  2  4.370288e-01  2.000000e-07
 64  74  0  0  0  2  1.860548e-01  2.000000e-07
 64  65  0  0  0  2  9.590891e-02  2.000000e-07
 64  71  0  0  0  2  4.489097e-01  2.000000e-07
 64  6  0  0  0  2  3.523281e-01  2.000000e-07
 64  76  0  0  0  2  3.824623e-01  2.000000e-07
 64  3  0  0  0  2  2.954897e-01  2.000000e-07
 64  2  0  0  0  2  2.412451e-01  2.000000e-07
 64  73  0  0  0  2  3.462119e-01  2.000000e-07
 64  66  0  0  0  2  4.023922e-01  2.000000e-07
 64  61  0  0  0  2  3.186473e-01  2.000000e-07
 64  67  0  0  0  2  2.251528e-01  2.000000e-07
 60  50 -1  0  0  2  5.967107e-01  2.000000e-07
 60  65  0  0  0  2  3.522610e-01  2.000000e-07
 60  55 -1  0  0  2  5.022405e-01  2.000000e-07
 60  80  0  1  0  2  2.935500e-01  2.000000e-07
 60  6  0  0  0  2  1.377536e-01  2.000000e-07
 60  76  0  0  0  2  7.323058e-02  2.000000e-07
 60  56  0  0  0  2  2.249048e-01  2.000000e-07
 60  73  0  1  0  2  3.757296e-01  2.000000e-07
 60  75 -1  1  0  2  3.579752e-01  2.000000e-07
 60  62 -1  0  0  2  4.478123e-01  2.000000e-07
 60  67  0  0  0  2  4.539296e-01  2.000000e-07
 5  54  0  0  0  2  9.457906e-02  2.000000e-07
 5  65  0  0  0  2  2.242607e-01  2.000000e-07
 5  55  0  0  0  2  2.170972e-01  2.000000e-07
 5  6  0  0  0  2  2.905111e-01  2.000000e-07
 5  56  0  0  0  2  1.905553e-01  2.000000e-07
 5  63  0  0  0  2  3.195598e-01  2.000000e-07
 5  61  0  0  0  2  3.969831e-02  2.000000e-07
 5  68  0  0  0  2  2.795458e-01  2.000000e-07
 5  57  0  0  0  2  3.754479e-02  2.000000e-07
 49  81  0  0  0  2  1.912101e-01  2.000000e-07
 49  50  0  0  0  2  1.414221e-01  2.000000e-07
 49  88  0  0  0  2  1.647664e-01  2.000000e-07
 49  78  0  0  0  2  1.846075e-01  2.000000e-07
 49  68  0  0  0  2  1.151513e-01  2.000000e-07
 49  67  1  0  0  2  2.990288e-01  2.000000e-07
 81  77  0  0  0  2  2.555071e-01  2.000000e-07
 81  54  0  0  0  2  2.166499e-01  2.000000e-07
 81  85  0  0  0  2  2.007074e-01  2.000000e-07
 81  76  1  0  0  2  5.047465e-01  2.000000e-07
 81  44  0  0  0  2  2.158261e-01  2.000000e-07
 81  61  0  0  0  2  2.495046e-01  2.000000e-07
 81  51  0  0  0  2  9.657449e-02  2.000000e-07
 81  68  0  0  0  2  1.329038e-01  2.000000e-07
 81  67  1  0  0  2  2.454683e-01  2.000000e-07
 77  48  0  0  0  2  3.070894e-01  2.000000e-07
 77  85  0  0  0  2  1.287199e-01  2.000000e-07
 77  88  0  0  0  2  3.256815e-01  2.000000e-07
 77  63  0  0  0  2  6.286743e-02  2.000000e-07
 77  78  0  0  0  2  9.791278e-02  2.000000e-07
 77  72  0  0  0  2  3.568896e-01  2.000000e-07
 77  57  0  0  0  2  3.187900e-01  2.000000e-07
 48  86  1  0  0  2  3.393855e-01  2.000000e-07
 48  85  0  0  0  2  1.799016e-01  2.000000e-07
 48  71  1  0  0  2  2.748907e-01  2.000000e-07
 48  88  0  0  0  2  1.080991e-01  2.000000e-07
 48  75  0  0  0  2  2.941747e-01  2.000000e-07
 48  51  0  0  0  2  1.256562e-01  2.000000e-07
 48  72  0  0  0  2  2.368827e-01  2.000000e-07
 48  67  1  0  0  2  1.873200e-01  2.000000e-07
 50  54  0  0  0  2  3.917777e-01  2.000000e-07
 50  65  1  0  0  2  4.695392e-01  2.000000e-07
 50  55  0  0  0  2  4.250849e-01  2.000000e-07
 50  73  1  0  0  2  2.099760e-01  2.000000e-07
 50  75  0  0  0  2  3.406878e-01  2.000000e-07
 50  51  0  0  0  2  8.099719e-02  2.000000e-07
 50  68  0  0  0  2  2.036653e-01  2.000000e-07
 50  67  1  0  0  2  1.593789e-01  2.000000e-07
 54  55  0  0  0  2  1.323510e-01  2.000000e-07
 54  6  0  0  0  2  3.475101e-01  2.000000e-07
 54  44  0  0  0  2  1.045350e-01  2.000000e-07
 54  61  0  0  0  2  9.879084e-02  2.000000e-07
 54  68  0  0  0  2  2.620278e-01  2.000000e-07
 54  62  0  0  0  2  2.335926e-01  2.000000e-07
 54  67  1  0  0  2  4.398208e-01  2.000000e-07
 85  63  0  0  0  2  1.882957e-01  2.000000e-07
 85  75  0  0  0  2  3.227122e-01  2.000000e-07
 85  51  0  0  0  2  1.840884e-01  2.000000e-07
 85  72  0  0  0  2  2.606551e-01  2.000000e-07
 85  57  0  0  0  2  3.916311e-01  2.000000e-07
 65  6  0  0  0  2  2.918180e-01  2.000000e-07
 65  56  0  0  0  2  1.975614e-01  2.000000e-07
 65  2  0  0  0  2  2.430516e-01  2.000000e-07
 65  63  0  0  0  2  3.134191e-01  2.000000e-07
 65  73  0  0  0  2  4.357572e-01  2.000000e-07
 65  61  0  0  0  2  2.265357e-01  2.000000e-07
 65  68  0  0  0  2  3.952669e-01  2.000000e-07
 65  57  0  0  0  2  1.901413e-01  2.000000e-07
 65  67  0  0  0  2  3.166698e-01  2.000000e-07
 55  6  0  0  0  2  3.911877e-01  2.000000e-07
 55  76  1  0  0  2  4.292143e-01  2.000000e-07
 55  56  0  0  0  2  3.368823e-01  2.000000e-07
 55  44  0  0  0  2  4.573401e-02  2.000000e-07
 55  75  0  1  0  2  3.176378e-01  2.000000e-07
 55  51  0  0  0  2  3.446032e-01  2.000000e-07
 55  57  0  0  0  2  2.487502e-01  2.000000e-07
 55  62  0  0  0  2  1.046589e-01  2.000000e-07
 55  67  1  0  0  2  4.235468e-01  2.000000e-07
 71  76  0 -1  0  2  2.402774e-01  2.000000e-07
 71  88 -1  0  0  2  1.974584e-01  2.000000e-07
 71  3  0  0  0  2  3.639340e-01  2.000000e-07
 71  44 -1 -1  0  2  5.127311e-01  2.000000e-07
 71  2  0  0  0  2  4.144769e-01  2.000000e-07
 71  66  0 -1  0  2  3.859883e-01  2.000000e-07
 71  75 -1  0  0  2  1.906397e-01  2.000000e-07
 71  72 -1  0  0  2  1.985135e-01  2.000000e-07
 71  62 -1 -1  0  2  3.862896e-01  2.000000e-07
 71  67  0 -1  0  2  6.328261e-01  2.000000e-07
 71  67  0  0  0  2  3.693840e-01  2.000000e-07
 80  3  0  0  0  2  1.142691e-01  2.000000e-07
 80  63  0  0  0  2  2.630837e-01  2.000000e-07
 80  78  0  0  0  2  2.818502e-01  2.000000e-07
 80  73  0  0  0  2  2.978613e-01  2.000000e-07
 6  56  0  0  0  2  1.104825e-01  2.000000e-07
 6  66  0  0  0  2  5.780927e-02  2.000000e-07
 6  62 -1  0  0  2  5.795054e-01  2.000000e-07
 6  67  0  0  0  2  4.910933e-01  2.000000e-07
 76  70  0  1  0  2  3.336632e-01  2.000000e-07
 76  0  0  1  0  2  3.214116e-01  2.000000e-07
 76  56  0  0  0  2  2.788135e-01  2.000000e-07
 76  44 -1  0  0  2  4.415248e-01  2.000000e-07
 76  66  0  0  0  2  2.473167e-01  2.000000e-07
 76  75 -1  1  0  2  3.009595e-01  2.000000e-07
 76  51 -1  0  0  2  5.100091e-01  2.000000e-07
 76  72 -1  1  0  2  3.523315e-01  2.000000e-07
 76  67  0  0  0  2  4.177022e-01  2.000000e-07
 88  3  1  0  0  2  4.910350e-01  2.000000e-07
 88  78  0  0  0  2  2.991280e-01  2.000000e-07
 88  73  1  0  0  2  1.458429e-01  2.000000e-07
 88  72  0  0  0  2  1.313072e-01  2.000000e-07
 88  62  0 -1  0  2  3.891567e-01  2.000000e-07
 88  67  1  0  0  2  2.790906e-01  2.000000e-07
 3  2  0  0  0  2  7.839601e-02  2.000000e-07
 3  78  0  0  0  2  2.115608e-01  2.000000e-07
 3  73  0  0  0  2  3.452117e-01  2.000000e-07
 3  67  0  0  0  2  4.256755e-01  2.000000e-07
 56  57  0  0  0  2  1.606316e-01  2.000000e-07
 44  66  0  0  0  2  3.822348e-01  2.000000e-07
 44  75  0  1  0  2  3.569322e-01  2.000000e-07
 44  61  0  0  0  2  2.029504e-01  2.000000e-07
 44  72  0  1  0  2  4.046597e-01  2.000000e-07
 44  62  0  0  0  2  1.474834e-01  2.000000e-07
 44  67  1  0  0  2  3.919632e-01  2.000000e-07
 2  63  0  0  0  2  1.289274e-01  2.000000e-07
 2  78  0  0  0  2  2.145909e-01  2.000000e-07
 2  61  0  0  0  2  3.120419e-01  2.000000e-07
 2  68  0  0  0  2  3.017005e-01  2.000000e-07
 2  67  0  0  0  2  4.062298e-01  2.000000e-07
 63  78  0  0  0  2  1.057179e-01  2.000000e-07
 63  68  0  0  0  2  1.842457e-01  2.000000e-07
 63  57  0  0  0  2  3.219983e-01  2.000000e-07
 78  72  0  0  0  2  2.947156e-01  2.000000e-07
 78  68  0  0  0  2  1.951569e-01  2.000000e-07
 73  75 -1  0  0  2  2.541565e-01  2.000000e-07
 73  51 -1  0  0  2  2.891335e-01  2.000000e-07
 73  62 -1 -1  0  2  4.679768e-01  2.000000e-07
 73  67  0  0  0  2  2.433142e-01  2.000000e-07
 66  61  0  0  0  2  3.341392e-01  2.000000e-07
 66  62 -1  0  0  2  6.224917e-01  2.000000e-07
 66  62  0  0  0  2  3.794723e-01  2.000000e-07
 66  67  0  0  0  2  5.484406e-01  2.000000e-07
 75  72  0  0  0  2  6.346161e-02  2.000000e-07
 75  62  0 -1  0  2  2.145900e-01  2.000000e-07
 61  68  0  0  0  2  2.413329e-01  2.000000e-07
 61  62  0  0  0  2  3.284022e-01  2.000000e-07
 51  44  0  0  0  2  3.023602e-01  2.000000e-07
 51  57  0  0  0  2  4.049310e-01  2.000000e-07
 51  67  1  0  0  2  1.716581e-01  2.000000e-07
 72  62  0 -1  0  2  2.581933e-01  2.000000e-07
 68  67  1  0  0  2  3.350742e-01  2.000000e-07
 62  67  1  0  0  2  4.718894e-01  2.000000e-07
 45  52  0  0  0  1  1.739918e-01  3.000000e-07
 45  55  0  0  0  1  2.227962e-01  3.000000e-07
 45  56  0  0  0  1  1.586340e-01  3.000000e-07
 45  66  0  0  0  1  2.621445e-01  3.000000e-07
 69  79  0  0  0  1  8.882181e-02  3.000000e-07
 69  4  0  0  0  1  2.755993e-01  3.000000e-07
 69  78  0  0  0  1  1.681048e-01  3.000000e-07
 69  75  0  0  0  1  2.117392e-01  3.000000e-07
 69  72  0  0  0  1  1.859980e-01  3.000000e-07
 69  62  0 -1  0  1  2.432605e-01  3.000000e-07
 58  59  0  0  0  1  1.002000e-01  3.000000e-07
 58  60  0 -1  0  1  1.682876e-01  3.000000e-07
 58  71  0  0  0  1  2.315540e-01  3.000000e-07
 58  80  0  0  0  1  1.252837e-01  3.000000e-07
 58  6  0 -1  0  1  1.964954e-01  3.000000e-07
 58  66  0 -1  0  1  1.788201e-01  3.000000e-07
 79  46  0  0  0  1  1.541636e-01  3.000000e-07
 79  49  0  0  0  1  1.642138e-01  3.000000e-07
 79  85  0  0  0  1  1.569526e-01  3.000000e-07
 79  72  0  0  0  1  1.519217e-01  3.000000e-07
 74  86  0  0  0  1  2.020806e-01  3.000000e-07
 74  64  0  0  0  1  1.860548e-01  3.000000e-07
 74  48 -1  0  0  1  2.030980e-01  3.000000e-07
 74  50 -1  0  0  1  1.921894e-01  3.000000e-07
 74  73  0  0  0  1  1.958601e-01  3.000000e-07
 74  67  0  0  0  1  7.730124e-02  3.000000e-07
 70  4  0  0  0  1  1.322415e-01  3.000000e-07
 70  55  0 -1  0  1  3.679412e-01  3.000000e-07
 70  66  0 -1  0  1  1.289985e-01  3.000000e-07
 70  62  0 -1  0  1  3.485458e-01  3.000000e-07
 52  60  0  0  0  1  2.089135e-01  3.000000e-07
 52  65  0  0  0  1  2.133907e-01  3.000000e-07
 52  6  0  0  0  1  9.144561e-02  3.000000e-07
 52  76  0  0  0  1  2.651951e-01  3.000000e-07
 52  66  0  0  0  1  1.226704e-01  3.000000e-07
 47  50  0  0  0  1  7.545238e-02  3.000000e-07
 4  59  0  0  0  1  8.645460e-02  3.000000e-07
 4  80  0  0  0  1  7.114683e-02  3.000000e-07
 4  3  0  0  0  1  1.217190e-01  3.000000e-07
 4  78  0  0  0  1  2.282509e-01  3.000000e-07
 46  49  0  0  0  1  1.435353e-01  3.000000e-07
 46  72  0  0  0  1  1.191700e-01  3.000000e-07
 59  80  0  0  0  1  1.155752e-01  3.000000e-07
 59  66  0 -1  0  1  1.561578e-01  3.000000e-07
 0  71  0  0  0  1  1.924347e-01  3.000000e-07
 0  80  0  0  0  1  1.031235e-01  3.000000e-07
 0  73  0  0  0  1  1.947510e-01  3.000000e-07
 53  49  0  0  0  1  9.990724e-02  3.000000e-07
 53  81  0  0  0  1  9.817287e-02  3.000000e-07
 53  50  0  0  0  1  1.026618e-01  3.000000e-07
 53  51  0  0  0  1  6.341925e-02  3.000000e-07
 53  68  0  0  0  1  1.052591e-01  3.000000e-07
 87  89  0  0  0  1  5.553013e-02  3.000000e-07
 87  65  0  0  0  1  1.981537e-01  3.000000e-07
 87  2  0  0  0  1  9.850064e-02  3.000000e-07
 87  61  0  0  0  1  2.142826e-01  3.000000e-07
 87  57  0  0  0  1  2.353885e-01  3.000000e-07
 1  86  0  0  0  1  1.587049e-01  3.000000e-07
 1  3  0  0  0  1  6.020484e-02  3.000000e-07
 1  63  0  0  0  1  1.378404e-01  3.000000e-07
 89  77  0  0  0  1  9.883000e-02  3.000000e-07
 89  63  0  0  0  1  7.358965e-02  3.000000e-07
 89  61  0  0  0  1  2.153288e-01  3.000000e-07
 89  68  0  0  0  1  1.839460e-01  3.000000e-07
 86  64  0  0  0  1  2.185580e-01  3.000000e-07
 86  80  0  0  0  1  1.681721e-01  3.000000e-07
 86  3  0  0  0  1  1.557718e-01  3.000000e-07
 86  2  0  0  0  1  1.701328e-01  3.000000e-07
 86  73  0  0  0  1  2.039580e-01  3.000000e-07
 64  65  0  0  0  1  9.590891e-02  3.000000e-07
 64  76  0  0  0  1  3.824623e-01  3.000000e-07
 64  2  0  0  0  1  2.412451e-01  3.000000e-07
 64  67  0  0  0  1  2.251528e-01  3.000000e-07
 60  71  0  1  0  1  2.603730e-01  3.000000e-07
 60  6  0  0  0  1  1.377536e-01  3.000000e-07
 60  76  0  0  0  1  7.323058e-02  3.000000e-07
 5  54  0  0  0  1  9.457906e-02  3.000000e-07
 49  48  0  0  0  1  1.352399e-01  3.000000e-07
 49  50  0  0  0  1  1.414221e-01  3.000000e-07
 49  68  0  0  0  1  1.151513e-01  3.000000e-07
 81  54  0  0  0  1  2.166499e-01  3.000000e-07
 81  44  0  0  0  1  2.158261e-01  3.000000e-07
 81  61  0  0  0  1  2.495046e-01  3.000000e-07
 81  51  0  0  0  1  9.657449e-02  3.000000e-07
 81  67  1  0  0  1  2.454683e-01  3.000000e-07
 77  85  0  0  0  1  1.287199e-01  3.000000e-07
 77  78  0  0  0  1  9.791278e-02  3.000000e-07
 77  68  0  0  0  1  1.242731e-01  3.000000e-07
 48  88  0  0  0  1  1.080991e-01  3.000000e-07
 48  73  1  0  0  1  1.754405e-01  3.000000e-07
 50  51  0  0  0  1  8.099719e-02  3.000000e-07
 50  67  1  0  0  1  1.593789e-01  3.000000e-07
 54  55  0  0  0  1  1.323510e-01  3.000000e-07
 54  44  0  0  0  1  1.045350e-01  3.000000e-07
 54  61  0  0  0  1  9.879084e-02  3.000000e-07
 85  78  0  0  0  1  1.452081e-01  3.000000e-07
 85  68  0  0  0  1  9.496063e-02  3.000000e-07
 65  56  0  0  0  1  1.975614e-01  3.000000e-07
 55  66  0  0  0  1  3.620012e-01  3.000000e-07
 55  62  0  0  0  1  1.046589e-01  3.000000e-07
 71  88 -1  0  0  1  1.974584e-01  3.000000e-07
 71  73  0  0  0  1  1.260771e-01  3.000000e-07
 71  75 -1  0  0  1  1.906397e-01  3.000000e-07
 71  72 -1  0  0  1  1.985135e-01  3.000000e-07
 80  3  0  0  0  1  1.142691e-01  3.000000e-07
 6  66  0  0  0  1  5.780927e-02  3.000000e-07
 76  44 -1  0  0  1  4.415248e-01  3.000000e-07
 76  75 -1  1  0  1  3.009595e-01  3.000000e-07
 76  62 -1  0  0  1  3.752077e-01  3.000000e-07
 76  67  0  0  0  1  4.177022e-01  3.000000e-07
 88  73  1  0  0  1  1.458429e-01  3.000000e-07
 88  72  0  0  0  1  1.313072e-01  3.000000e-07
 3  63  0  0  0  1  1.606993e-01  3.000000e-07
 3  78  0  0  0  1  2.115608e-01  3.000000e-07
 56  57  0  0  0  1  1.606316e-01  3.000000e-07
 44  62  0  0  0  1  1.474834e-01  3.000000e-07
 44  67  1  0  0  1  3.919632e-01  3.000000e-07
 2  63  0  0  0  1  1.289274e-01  3.000000e-07
 63  78  0  0  0  1  1.057179e-01  3.000000e-07
 75  72  0  0  0  1  6.346161e-02  3.000000e-07
 75  62  0 -1  0  1  2.145900e-01  3.000000e-07
 61  68  0  0  0  1  2.413329e-01  3.000000e-07
 61  57  0  0  0  1  6.359672e-02  3.000000e-07
 51  67  1  0  0  1  1.716581e-01  3.000000e-07
-2.317530e-01 -2.652797e-01  0
-6.878354e-02 -1.340495e-01  0
-6.011633e-02 -1.170348e-01  0
-7.582154e-02 -1.938416e-01  0
-6.477998e-02 -3.150587e-01  0
 7.256100e-02  1.960657e-01  0
-1.287020e-01  4.055650e-01  0
 1.338402e-01 -1.026779e-01  1.146559e-01
 4.225913e-01 -4.271088e-01  1.324616e-01
-1.539665e-01  4.307218e-01  1.720315e-01
 5.240499e-03 -3.265706e-01 -1.246340e-01
 1.430526e-01 -1.515098e-01 -2.746759e-01
 1.270731e-01 -1.330921e-02 -2.651802e-01
 1.436886e-01  2.395005e-01 -1.461699e-01
-4.059639e-01 -3.229567e-01 -1.435652e-01
-4.756301e-02  2.065983e-01 -2.582582e-01
 1.138356e-01 -2.182806e-01 -2.556041e-01
 3.743500e-01 -6.399671e-02 -3.062013e-01
-5.312054e-02 -4.052506e-01 -1.594303e-01
 2.532424e-01 -3.389798e-02  2.955067e-01
 3.954046e-01 -5.382191e-02  1.885100e-01
 3.778829e-01 -1.258051e-01  1.242036e-01
 2.128627e-01  4.152508e-01  3.648290e-01
 1.709885e-01  8.082478e-02  4.109643e-01
 3.489751e-01  3.366381e-01 -3.786498e-01
 1.644613e-01  3.270943e-01  3.617249e-01
 2.758795e-01  4.551891e-02  1.957012e-01
 2.624374e-01 -3.780745e-01  4.415720e-01
 1.086616e-01  3.472329e-01 -2.252984e-01
 1.865927e-01  4.199364e-02 -4.107586e-01
 1.081773e-01 -3.393174e-01 -3.739290e-01
 4.442440e-01  1.272827e-01 -4.064766e-01
 2.055184e-01 -4.658646e-02 -3.352880e-01
 1.544939e-01  2.304347e-01 -2.652476e-01
-6.430852e-02 -2.478246e-01 -4.177244e-01
 3.224667e-01  4.246958e-01 -3.739330e-01
-3.526032e-01  4.343362e-01 -2.488782e-01
-2.753647e-01  4.498554e-01 -4.298569e-01
 2.128010e-01  6.141268e-02  1.612274e-01
 1.919264e-01 -4.389564e-01  2.245666e-01
-3.646658e-01 -3.310253e-01  3.153196e-01
 3.707175e-01 -4.352074e-01  2.228512e-01
-2.940777e-01  1.642866e-01  2.070042e-01
 9.546848e-02  8.271643e-02  2.668268e-01
 2.544217e-01  2.718907e-01  0
 5.127508e-02  2.218671e-01  0
 4.005757e-01 -2.290908e-01  0
 3.700005e-01 -2.385943e-02  0
 4.365070e-01 -1.151251e-01  0
 3.016358e-01 -1.251040e-01  0
 4.310837e-01 -6.815282e-02  0
 3.897706e-01  1.516183e-03  0
-9.075950e-02  3.223624e-01  0
 3.353573e-01 -3.105977e-02  0
 1.643635e-01  2.188142e-01  0
 2.524632e-01  3.175827e-01  0
-8.416326e-02  3.044577e-01  0
 3.502277e-02  1.967675e-01  0
-1.858393e-01 -4.064303e-01  0
-8.592364e-02 -3.988880e-01  0
-2.612381e-01  4.431180e-01  0
 8.596781e-02  1.586998e-01  0
 2.918622e-01  4.145425e-01  0
 6.865032e-02 -1.234701e-01  0
-2.185570e-01  6.488754e-02  0
-1.360819e-01  1.138403e-01  0
-8.638948e-02  4.449549e-01  0
-4.403278e-01  2.601010e-02  0
 2.301652e-01 -3.481681e-02  0
 2.075678e-01 -3.572687e-01  0
-2.548758e-02 -4.413279e-01  0
-4.082424e-01 -3.419777e-01  0
 3.933367e-01 -3.480408e-01  0
-4.202903e-01 -2.164776e-01  0
-3.817630e-01 -2.444426e-02  0
 4.130498e-01 -4.083630e-01  0
-3.332385e-01  4.297513e-01  0
 1.295074e-01 -1.076988e-01  0
 1.354215e-01 -2.054328e-01  0
 2.560996e-01 -2.828780e-01  0
-1.324506e-01 -2.930916e-01  0
 3.173940e-01  6.545568e-02  0
 3.164440e-01 -1.168404e-03 -1.231756e-01
-1.709105e-02 -4.185277e-01  3.679055e-01
-3.257349e-01 -5.415559e-02  3.348556e-01
 2.569300e-01 -1.259276e-01  0
-2.262879e-01 -1.535337e-01  0
-5.410535e-03 -3.512234e-02  0
 4.340217e-01 -2.231956e-01  0
 4.712981e-02 -5.309751e-02  0