 695  90  1.200000e-05  55 -2 -2
 16  44  0  1  0  3  4.812568e-01  1.000000e-07
 16  14 -1  1  0  3  5.090285e-01  1.000000e-07
 16  15 -1  0  0  3  4.673043e-01  1.000000e-07
 16  48  0  1  0  3  4.025126e-01  1.000000e-07
 16  47  0  1  0  3  3.990934e-01  1.000000e-07
 16  61  0  0  0  3  4.283820e-01  1.000000e-07
 16  42 -1  0  1  3  5.397312e-01  1.000000e-07
 16  43  0  1  1  3  4.776151e-01  1.000000e-07
 21  51  0  0  0  3  2.007313e-01  1.000000e-07
 21  39  0  0  0  3  2.154027e-01  1.000000e-07
 21  48  0  1  0  3  3.178743e-01  1.000000e-07
 21  17  0  0  0  3  3.702378e-01  1.000000e-07
 21  18  0  0  0  3  3.964203e-01  1.000000e-07
 21  61  0  0  0  3  3.532498e-01  1.000000e-07
 21  41  0  0  0  3  3.918855e-01  1.000000e-07
 21  34  0  0  1  3  3.027323e-01  1.000000e-07
 21  19  0  0  1  3  3.692444e-01  1.000000e-07
 22  24  0  0  0  3  2.145810e-01  1.000000e-07
 22  51  0 -1  0  3  2.701803e-01  1.000000e-07
 22  48  0  0  0  3  1.878748e-01  1.000000e-07
 22  40  0  0  0  3  3.459628e-01  1.000000e-07
 22  23  0  0  1  3  2.806462e-01  1.000000e-07
 22  35  0  0  1  3  3.097243e-01  1.000000e-07
 22  32  0  0  1  3  4.322259e-01  1.000000e-07
 22  43  1  0  1  3  4.560104e-01  1.000000e-07
 22  37  0  0  1  3  4.119296e-01  1.000000e-07
 44  14 -1  0  0  3  3.848396e-01  1.000000e-07
 44  48  0  0  0  3  5.166253e-01  1.000000e-07
 44  47  0  0  0  3  2.070481e-01  1.000000e-07
 44  41 -1  0  0  3  3.895403e-01  1.000000e-07
 44  34  0 -1  1  3  5.667062e-01  1.000000e-07
 44  28  0  0  1  3  4.325499e-01  1.000000e-07
 14  52  0 -1  0  3  4.543994e-01  1.000000e-07
 14  51  0 -1  0  3  3.817959e-01  1.000000e-07
 14  47  1  0  0  3  3.834739e-01  1.000000e-07
 14  40  0  0  0  3  2.398813e-01  1.000000e-07
 15  52  0  0  0  3  1.267865e-01  1.000000e-07
 15  51  0  0  0  3  2.190645e-01  1.000000e-07
 15  39  0  0  0  3  2.370230e-01  1.000000e-07
 15  40  0  0  0  3  3.104189e-01  1.000000e-07
 15  41  0  0  0  3  2.874436e-01  1.000000e-07
 15  42  0  0  1  3  3.932134e-01  1.000000e-07
 24  51  0 -1  0  3  2.912325e-01  1.000000e-07
 24  39  0 -1  0  3  3.075415e-01  1.000000e-07
 24  33  0  0  0  3  5.484754e-01  1.000000e-07
 24  34  0 -1  1  3  3.088493e-01  1.000000e-07
 24  42  0 -1  1  3  2.908389e-01  1.000000e-07
 24  23  0  0  1  3  2.535412e-01  1.000000e-07
 24  36  0 -1  1  3  2.060244e-01  1.000000e-07
 24  37  0  0  1  3  3.990738e-01  1.000000e-07
 52  51  0  0  0  3  1.605437e-01  1.000000e-07
 52  18  0  0  0  3  3.197400e-01  1.000000e-07
 52  40  0  0  0  3  3.702380e-01  1.000000e-07
 51  39  0  0  0  3  2.679957e-01  1.000000e-07
 51  48  0  1  0  3  2.702500e-01  1.000000e-07
 39  18  0  0  0  3  3.852470e-01  1.000000e-07
 39  42  0  0  1  3  1.991446e-01  1.000000e-07
 39  26  0  0  1  3  3.101209e-01  1.000000e-07
 39  36  0  0  1  3  2.243725e-01  1.000000e-07
 39  19  0  0  1  3  4.560781e-01  1.000000e-07
 48  47  0  0  0  3  4.373844e-01  1.000000e-07
 48  40  0  0  0  3  3.755162e-01  1.000000e-07
 48  35  0  0  1  3  2.702084e-01  1.000000e-07
 17  47  0  0  0  3  4.563087e-01  1.000000e-07
 17  33  0  0  0  3  2.597370e-01  1.000000e-07
 17  61  0  0  0  3  3.749482e-01  1.000000e-07
 17  41 -1  0  0  3  4.277471e-01  1.000000e-07
 17  34  0  0  1  3  3.494577e-01  1.000000e-07
 17  43  0  1  1  3  5.088220e-01  1.000000e-07
 18  20  0  0  0  3  1.396020e-01  1.000000e-07
 18  40  0  0  0  3  1.329386e-01  1.000000e-07
 18  61  0  0  0  3  2.784356e-01  1.000000e-07
 18  41  0  0  0  3  2.612086e-01  1.000000e-07
 47  20  0  0  0  3  4.259577e-01  1.000000e-07
 47  40 -1  0  0  3  4.322368e-01  1.000000e-07
 47  33  0  0  0  3  2.793477e-01  1.000000e-07
 20  40  0  0  0  3  2.406130e-01  1.000000e-07
 20  33  0  0  0  3  3.658356e-01  1.000000e-07
 20  61  0  0  0  3  2.768084e-01  1.000000e-07
 20  41  0  0  0  3  2.978577e-01  1.000000e-07
 20  37  0  0  1  3  3.847080e-01  1.000000e-07
 20  19  0  0  1  3  3.580628e-01  1.000000e-07
 33  61  0  0  0  3  3.679407e-01  1.000000e-07
 33  41 -1  0  0  3  4.225652e-01  1.000000e-07
 33  46  0  0  1  3  4.469927e-01  1.000000e-07
 33  38  0  0  1  3  3.079419e-01  1.000000e-07
 33  28  0  0  1  3  4.587888e-01  1.000000e-07
 61  19  0  0  1  3  4.580801e-01  1.000000e-07
 41  31  0  0  1  3  2.878906e-01  1.000000e-07
 41  19  0  0  1  3  4.699491e-01  1.000000e-07
 46  25 -1  0  0  3  3.766480e-01  1.000000e-07
 46  38  0  0  0  3  1.930085e-01  1.000000e-07
 46  50  0  0  0  3  3.779959e-01  1.000000e-07
 46  19  0  0  0  3  3.429095e-01  1.000000e-07
 46  27  0  0  0  3  1.723381e-01  1.000000e-07
 46  28  0  0  0  3  2.551955e-01  1.000000e-07
 46  29  0  0  0  3  3.201536e-01  1.000000e-07
 25  38  1  0  0  3  3.545326e-01  1.000000e-07
 25  32  0  0  0  3  2.122350e-01  1.000000e-07
 25  31  0  0  0  3  2.091264e-01  1.000000e-07
 34  35  0  1  0  3  2.755934e-01  1.000000e-07
 34  36  0  0  0  3  2.701782e-01  1.000000e-07
 34  19  0  0  0  3  3.426580e-01  1.000000e-07
 34  27  0  1  0  3  4.102460e-01  1.000000e-07
 34  28  0  1  0  3  3.517424e-01  1.000000e-07
 45  42 -1  0  0  3  3.921214e-01  1.000000e-07
 45  38  0  0  0  3  2.885406e-01  1.000000e-07
 45  26 -1  0  0  3  4.138011e-01  1.000000e-07
 45  43  0  1  0  3  3.261591e-01  1.000000e-07
 45  19  0  0  0  3  3.542392e-01  1.000000e-07
 45  30  0  1  0  3  3.735538e-01  1.000000e-07
 45  29  0  0  0  3  2.412015e-01  1.000000e-07
 42  23  0  1  0  3  1.448707e-01  1.000000e-07
 42  26  0  0  0  3  2.844166e-01  1.000000e-07
 42  36  0  0  0  3  1.909007e-01  1.000000e-07
 42  30  1  1  0  3  4.331805e-01  1.000000e-07
 23  35  0  0  0  3  2.012026e-01  1.000000e-07
 23  49  0  0  0  3  3.290804e-01  1.000000e-07
 23  36  0 -1  0  3  1.974075e-01  1.000000e-07
 23  32  0  0  0  3  2.639201e-01  1.000000e-07
 23  43  1  0  0  3  3.284270e-01  1.000000e-07
 23  37  0  0  0  3  2.754433e-01  1.000000e-07
 35  44  0  0 -1  3  5.598492e-01  1.000000e-07
 35  20  0  0 -1  3  4.156162e-01  1.000000e-07
 35  50  0  0  0  3  3.116464e-01  1.000000e-07
 35  36  0 -1  0  3  1.759901e-01  1.000000e-07
 35  27  0  0  0  3  4.713035e-01  1.000000e-07
 38  31 -1  0  0  3  4.101650e-01  1.000000e-07
 38  19  0  0  0  3  2.300629e-01  1.000000e-07
 38  27  0  0  0  3  3.152013e-01  1.000000e-07
 38  28  0  0  0  3  3.300327e-01  1.000000e-07
 38  29  0  0  0  3  2.699055e-01  1.000000e-07
 26  50  0  0  0  3  5.265233e-01  1.000000e-07
 26  49  0  0  0  3  4.506483e-01  1.000000e-07
 26  36  0  0  0  3  2.549617e-01  1.000000e-07
 26  31  0  0  0  3  3.961320e-01  1.000000e-07
 50  36  0 -1  0  3  4.002949e-01  1.000000e-07
 50  32  0  0  0  3  2.240386e-01  1.000000e-07
 50  37  0  0  0  3  2.303000e-01  1.000000e-07
 50  27  0  0  0  3  4.358104e-01  1.000000e-07
 49  32  0  0  0  3  1.296618e-01  1.000000e-07
 49  37  0  0  0  3  1.698910e-01  1.000000e-07
 49  31  0  0  0  3  1.685518e-01  1.000000e-07
 49  30  1  0  0  3  3.839209e-01  1.000000e-07
 49  29  0  0  0  3  5.607615e-01  1.000000e-07
 36  19  0  0  0  3  4.366399e-01  1.000000e-07
 32  43  1  0  0  3  3.759669e-01  1.000000e-07
 32  31  0  0  0  3  6.896827e-02  1.000000e-07
 32  30  1  0  0  3  3.916685e-01  1.000000e-07
 32  28  1  0  0  3  3.765062e-01  1.000000e-07
 43  31 -1  0  0  3  4.147899e-01  1.000000e-07
 43  27  0  0  0  3  2.123813e-01  1.000000e-07
 43  28  0  0  0  3  1.005698e-01  1.000000e-07
 37  31  0  0  0  3  6.422456e-02  1.000000e-07
 37  19  0  0  0  3  4.542563e-01  1.000000e-07
 37  29  0  0  0  3  5.611262e-01  1.000000e-07
 31  28  1  0  0  3  4.036164e-01  1.000000e-07
 27  30  0  0  0  3  1.608830e-01  1.000000e-07
 27  28  0  0  0  3  1.330814e-01  1.000000e-07
 27  29  0 -1  0  3  5.491752e-01  1.000000e-07
 30  28  0  0  0  3  1.980363e-01  1.000000e-07
 30  29  0 -1  0  3  5.019062e-01  1.000000e-07
 14  65  0  0  0  3  1.972572e-01  1.000000e-07
 88  30  1  0  0  3  1.778647e-01  1.000000e-07
 18  87  0  0  0  3  2.731306e-01  1.000000e-07
 60  50  0  0  0  3  2.095886e-01  1.000000e-07
 48  81  0  0  0  3  2.937809e-01  1.000000e-07
 85  50  0  0  0  3  1.858675e-01  1.000000e-07
 52  56  0  0  0  3  2.114623e-01  1.000000e-07
 89  25  0  0  0  3  2.540118e-01  1.000000e-07
 47  72  0  0  0  3  1.444343e-01  1.000000e-07
 71  46  0  0  0  3  2.073929e-01  1.000000e-07
 51  12  0  0  0  3  2.067248e-01  1.000000e-07
 79  26  0  0  0  3  2.682517e-01  1.000000e-07
 18  87  0  0  0  3  2.540125e-01  1.000000e-07
 13  49  0  0  0  3  1.928669e-01  1.000000e-07
 40  59  0  0  0  3  2.532152e-01  1.000000e-07
 57  25  0  0  0  3  1.528837e-01  1.000000e-07
 17  59 -1  0  0  3  4.306397e-01  1.000000e-07
 57  25  0  0  0  3  2.051688e-01  1.000000e-07
 52  11  0  0  0  3  1.265013e-01  1.000000e-07
 79  26  0  0  0  3  2.596022e-01  1.000000e-07
 61  89  0  0  0  3  2.177318e-01  1.000000e-07
 60  25  0  0  0  3  2.985643e-01  1.000000e-07
 52  12  0  0  0  3  2.375210e-01  1.000000e-07
 84  50  0  1  0  3  3.416625e-01  1.000000e-07
 15  56  0  0  0  3  2.941944e-01  1.000000e-07
 59  25  0  0  0  3  1.990769e-01  1.000000e-07
 16  86  0  0  0  3  2.675877e-01  1.000000e-07
 82  45  0  0  0  3  2.972047e-01  1.000000e-07
 14  80  0  0  0  3  1.609271e-01  1.000000e-07
 13  49  0  0  0  3  1.941746e-01  1.000000e-07
 14  80  0  0  0  3  1.820177e-01  1.000000e-07
 13  50  0  0  0  3  2.219585e-01  1.000000e-07
 61  8  0  0  0  3  1.284798e-01  1.000000e-07
 54  29  0  0  0  3  2.132025e-01  1.000000e-07
 44  57 -1  0  0  3  3.642743e-01  1.000000e-07
 59  25  0  0  0  3  1.726010e-01  1.000000e-07
 52  67  0  0  0  3  1.699846e-01  1.000000e-07
 79  45  1  0  0  3  3.732843e-01  1.000000e-07
 15  67  0  0  0  3  3.541003e-01  1.000000e-07
 79  30  1  1  0  3  2.121710e-01  1.000000e-07
 17  58  0  0  0  3  3.280205e-01  1.000000e-07
 62  29  0  0  0  3  1.891209e-01  1.000000e-07
 53  9  0  0  0  2  2.327556e-01  2.000000e-07
 53  76  0  0  0  2  2.005616e-01  2.000000e-07
 53  82  0  0  0  2  5.692072e-02  2.000000e-07
 53  89 -1  0  0  2  4.683093e-01  2.000000e-07
 53  10 -1  1  0  2  4.378338e-01  2.000000e-07
 53  12 -1  0  0  2  3.838876e-01  2.000000e-07
 53  86  0  0  0  2  4.857773e-02  2.000000e-07
 53  11 -1  0  0  2  3.982385e-01  2.000000e-07
 53  58  0  0  0  2  2.398004e-01  2.000000e-07
 53  67 -1  0  0  2  2.143025e-01  2.000000e-07
 53  63  0  0  0  2  2.036380e-01  2.000000e-07
 53  6  0  0  0  2  2.994497e-01  2.000000e-07
 53  70  0  0  0  2  9.818141e-02  2.000000e-07
 53  59 -1  0  0  2  3.831944e-01  2.000000e-07
 9  76  0  0  0  2  1.294946e-01  2.000000e-07
 9  54  0  0  0  2  2.399562e-01  2.000000e-07
 9  64  0  0  0  2  3.744393e-01  2.000000e-07
 9  62  0  0  0  2  1.031516e-01  2.000000e-07
 9  72  0  0  0  2  2.738401e-01  2.000000e-07
 9  7  0  0  0  2  1.744372e-01  2.000000e-07
 9  58  0  0  0  2  8.260451e-02  2.000000e-07
 9  63  0  0  0  2  2.955804e-01  2.000000e-07
 9  6  0  0  0  2  1.917537e-01  2.000000e-07
 9  69 -1  0  0  2  4.930362e-01  2.000000e-07
 9  70  0  0  0  2  1.665891e-01  2.000000e-07
 9  59 -1  0  0  2  3.748597e-01  2.000000e-07
 9  71  0  0  0  2  3.098781e-01  2.000000e-07
 9  60  0  0  0  2  3.910065e-01  2.000000e-07
 81  80  0  0  0  2  2.294194e-01  2.000000e-07
 81  55  0  0  0  2  2.589544e-01  2.000000e-07
 81  77  0  0  0  2  2.348058e-01  2.000000e-07
 81  12  0 -1  0  2  4.056115e-01  2.000000e-07
 81  0  0  0  0  2  3.145251e-01  2.000000e-07
 81  64  0 -1  0  2  4.186690e-01  2.000000e-07
 81  57  0  0  0  2  4.175408e-01  2.000000e-07
 81  65  0  0  0  2  3.405945e-01  2.000000e-07
 81  87  0  0  0  2  2.171306e-01  2.000000e-07
 81  72  0  0  0  2  3.366463e-01  2.000000e-07
 81  84  0 -1  0  2  3.130990e-01  2.000000e-07
 81  85  0  0  0  2  1.155093e-01  2.000000e-07
 81  13  0  0  0  2  2.576125e-01  2.000000e-07
 81  75  0  0  0  2  4.126603e-01  2.000000e-07
 81  60  0  0  0  2  2.008287e-01  2.000000e-07
 81  2  0  0  0  2  3.227454e-01  2.000000e-07
 4  76  0  0  0  2  1.952659e-01  2.000000e-07
 4  77  0  0  0  2  3.407742e-01  2.000000e-07
 4  62  0  0  0  2  1.592146e-01  2.000000e-07
 4  78  0  0  0  2  1.562853e-01  2.000000e-07
 4  8  0  0  0  2  1.128749e-01  2.000000e-07
 4  6  0  0  0  2  1.248749e-01  2.000000e-07
 4  5  0  0  0  2  1.208391e-01  2.000000e-07
 4  74  0  0  0  2  2.395864e-01  2.000000e-07
 79  80  0  1  0  2  3.851639e-01  2.000000e-07
 79  76  0  0  0  2  4.585225e-01  2.000000e-07
 79  54  0  0  0  2  2.919371e-01  2.000000e-07
 79  56  0  0  0  2  2.288726e-01  2.000000e-07
 79  89  0  0  0  2  2.764281e-01  2.000000e-07
 79  10  0  1  0  2  3.638428e-01  2.000000e-07
 79  83  0  1  0  2  2.704468e-01  2.000000e-07
 79  77  0  0  0  2  4.097746e-01  2.000000e-07
 79  12  0  0  0  2  4.891429e-02  2.000000e-07
 79  12  0  0  0  2  4.891429e-02  2.000000e-07
 79  86  1  0  0  2  3.683266e-01  2.000000e-07
 79  64  0  0  0  2  1.600969e-01  2.000000e-07
 79  84  0  0  0  2  2.154054e-01  2.000000e-07
 79  85  0  1  0  2  3.430230e-01  2.000000e-07
 79  67  0  0  0  2  1.549946e-01  2.000000e-07
 79  78  1  0  0  2  4.511000e-01  2.000000e-07
 79  70  1  0  0  2  3.743033e-01  2.000000e-07
 80  73  1  0  0  2  3.866306e-01  2.000000e-07
 80  55  0  0  0  2  3.946168e-01  2.000000e-07
 80  56  0  0  0  2  4.010697e-01  2.000000e-07
 80  83  0  0  0  2  1.261470e-01  2.000000e-07
 80  77  0  0  0  2  3.779431e-01  2.000000e-07
 80  12  0 -1  0  2  3.555525e-01  2.000000e-07
 80  57  0  0  0  2  2.766912e-01  2.000000e-07
 80  65  0  0  0  2  1.226999e-01  2.000000e-07
 80  84  0 -1  0  2  3.679873e-01  2.000000e-07
 80  85  0  0  0  2  2.305197e-01  2.000000e-07
 80  67  0 -1  0  2  4.530033e-01  2.000000e-07
 80  69  0  0  0  2  1.443461e-01  2.000000e-07
 76  73  0  0  0  2  3.789455e-01  2.000000e-07
 76  89  0  0  0  2  4.727553e-01  2.000000e-07
 76  77  0  0  0  2  3.854092e-01  2.000000e-07
 76  86  0  0  0  2  1.987516e-01  2.000000e-07
 76  64  0  0  0  2  2.999036e-01  2.000000e-07
 76  84  0  0  0  2  3.104397e-01  2.000000e-07
 76  66  0  0  0  2  7.363538e-02  2.000000e-07
 76  63  0  0  0  2  1.748111e-01  2.000000e-07
 76  3  0  0  0  2  1.761379e-01  2.000000e-07
 76  78  0  0  0  2  1.035035e-01  2.000000e-07
 76  8  0  0  0  2  1.771572e-01  2.000000e-07
 76  70  0  0  0  2  1.935639e-01  2.000000e-07
 76  71  0  0  0  2  4.343828e-01  2.000000e-07
 76  60  0  0  0  2  4.444057e-01  2.000000e-07
 54  55  0  0  0  2  1.843525e-01  2.000000e-07
 54  56  0  0  0  2  3.297819e-01  2.000000e-07
 54  89  0  0  0  2  2.493684e-01  2.000000e-07
 54  77  0  0  0  2  2.081458e-01  2.000000e-07
 54  11  0  0  0  2  2.236966e-01  2.000000e-07
 54  64  0  0  0  2  1.727062e-01  2.000000e-07
 54  72  0  0  0  2  3.807645e-01  2.000000e-07
 54  84  0  0  0  2  2.599560e-01  2.000000e-07
 54  66  0  0  0  2  2.041446e-01  2.000000e-07
 54  7  0  0  0  2  3.443617e-01  2.000000e-07
 54  58  0  0  0  2  1.865291e-01  2.000000e-07
 54  63  0  0  0  2  3.577221e-01  2.000000e-07
 54  8  0  0  0  2  1.839358e-01  2.000000e-07
 54  60  0  0  0  2  2.536567e-01  2.000000e-07
 54  74  0  0  0  2  2.309612e-01  2.000000e-07
 73  56 -1  0  0  2  3.381600e-01  2.000000e-07
 73  83 -1  0  0  2  4.545835e-01  2.000000e-07
 73  77  0  0  0  2  4.264296e-01  2.000000e-07
 73  57 -1  0  0  2  1.701596e-01  2.000000e-07
 73  78  0  0  0  2  3.176326e-01  2.000000e-07
 73  75  0  0  0  2  1.673438e-01  2.000000e-07
 73  69 -1  0  0  2  2.429816e-01  2.000000e-07
 73  70  0  0  0  2  2.786506e-01  2.000000e-07
 73  5  0  0  0  2  6.486784e-02  2.000000e-07
 73  71  0  0  0  2  1.930658e-01  2.000000e-07
 73  2  0  0  0  2  4.034024e-01  2.000000e-07
 55  56  0  0  0  2  2.995702e-01  2.000000e-07
 55  89  0  0  0  2  1.797365e-01  2.000000e-07
 55  77  0  0  0  2  2.483356e-02  2.000000e-07
 55  11  0  0  0  2  3.126773e-01  2.000000e-07
 55  57  0  0  0  2  4.065187e-01  2.000000e-07
 55  72  0  0  0  2  2.990152e-01  2.000000e-07
 55  66  0  0  0  2  3.728815e-01  2.000000e-07
 55  7  0  0  0  2  3.238928e-01  2.000000e-07
 55  8  0  0  0  2  2.316483e-01  2.000000e-07
 55  75  0  0  0  2  4.314637e-01  2.000000e-07
 55  59  0  0  0  2  3.887408e-01  2.000000e-07
 55  60  0  0  0  2  7.659635e-02  2.000000e-07
 56  89  0  0  0  2  1.210560e-01  2.000000e-07
 56  77  0  0  0  2  3.110715e-01  2.000000e-07
 56  57  0  0  0  2  2.031553e-01  2.000000e-07
 56  87  0  0  0  2  2.268603e-01  2.000000e-07
 56  67  0  0  0  2  1.702924e-01  2.000000e-07
 56  78  1  0  0  2  3.997339e-01  2.000000e-07
 56  6  1  0  0  2  3.128201e-01  2.000000e-07
 56  69  0  0  0  2  3.401831e-01  2.000000e-07
 56  70  1  0  0  2  3.096201e-01  2.000000e-07
 56  59  0  0  0  2  1.727553e-01  2.000000e-07
 56  5  1  0  0  2  3.492742e-01  2.000000e-07
 82  10 -1  1  0  2  4.024765e-01  2.000000e-07
 82  12 -1  0  0  2  3.948286e-01  2.000000e-07
 82  86  0  0  0  2  1.098747e-02  2.000000e-07
 82  62  0  0  0  2  1.790723e-01  2.000000e-07
 82  65 -1  1  0  2  4.267940e-01  2.000000e-07
 82  88 -1  1  0  2  4.112018e-01  2.000000e-07
 82  58  0  0  0  2  2.580632e-01  2.000000e-07
 82  67 -1  0  0  2  2.465677e-01  2.000000e-07
 82  63  0  0  0  2  1.621859e-01  2.000000e-07
 82  1  0  1  0  2  2.587318e-01  2.000000e-07
 82  78  0  0  0  2  1.489590e-01  2.000000e-07
 82  68  0  1  0  2  3.719973e-01  2.000000e-07
 82  74  0  0  0  2  2.065333e-01  2.000000e-07
 89  77  0  0  0  2  1.901572e-01  2.000000e-07
 89  12  0  0  0  2  3.104919e-01  2.000000e-07
 89  11  0  0  0  2  2.144739e-01  2.000000e-07
 89  64  0  0  0  2  2.991963e-01  2.000000e-07
 89  87  0  0  0  2  1.532799e-01  2.000000e-07
 89  67  0  0  0  2  2.762312e-01  2.000000e-07
 89  13  0  0  0  2  2.130502e-01  2.000000e-07
 89  69  0  0  0  2  3.424731e-01  2.000000e-07
 89  70  1  0  0  2  4.301255e-01  2.000000e-07
 89  60  0  0  0  2  1.611320e-01  2.000000e-07
 10  83  0  0  0  2  9.392473e-02  2.000000e-07
 10  12  0 -1  0  2  3.399158e-01  2.000000e-07
 10  86  1 -1  0  2  4.129484e-01  2.000000e-07
 10  87  0  0  0  2  2.534139e-01  2.000000e-07
 10  85  0  0  0  2  2.645702e-01  2.000000e-07
 10  88  0  0  0  2  4.156844e-02  2.000000e-07
 10  69  0  0  0  2  1.339222e-01  2.000000e-07
 10  71  1  0  0  2  4.591594e-01  2.000000e-07
 83  12  0 -1  0  2  2.489030e-01  2.000000e-07
 83  86  1 -1  0  2  3.612044e-01  2.000000e-07
 83  65  0  0  0  2  1.901331e-01  2.000000e-07
 83  84  0 -1  0  2  3.099330e-01  2.000000e-07
 83  85  0  0  0  2  2.472216e-01  2.000000e-07
 83  67  0 -1  0  2  3.268898e-01  2.000000e-07
 83  3  1 -1  0  2  4.641338e-01  2.000000e-07
 83  78  1 -1  0  2  4.945159e-01  2.000000e-07
 83  75  1  0  0  2  3.903585e-01  2.000000e-07
 83  69  0  0  0  2  2.225651e-01  2.000000e-07
 83  2  1  0  0  2  4.675453e-01  2.000000e-07
 77  87  0  0  0  2  2.052874e-01  2.000000e-07
 77  84  0 -1  0  2  5.445048e-01  2.000000e-07
 77  84  0  0  0  2  4.566029e-01  2.000000e-07
 77  85  0  0  0  2  3.500223e-01  2.000000e-07
 77  66  0  0  0  2  3.935077e-01  2.000000e-07
 77  7  0  0  0  2  3.214122e-01  2.000000e-07
 77  8  0  0  0  2  2.417949e-01  2.000000e-07
 77  75  0  0  0  2  4.178566e-01  2.000000e-07
 77  69  0  0  0  2  4.321754e-01  2.000000e-07
 77  5  0  0  0  2  3.890533e-01  2.000000e-07
 77  71  0  0  0  2  2.938119e-01  2.000000e-07
 77  60  0  0  0  2  6.259247e-02  2.000000e-07
 77  2  0  0  0  2  4.598927e-01  2.000000e-07
 12  86  1  0  0  2  3.990191e-01  2.000000e-07
 12  11  0  0  0  2  9.714914e-02  2.000000e-07
 12  64  0  0  0  2  1.330216e-01  2.000000e-07
 12  65  0  1  0  2  4.390357e-01  2.000000e-07
 12  84  0  0  0  2  1.699956e-01  2.000000e-07
 12  85  0  1  0  2  2.956713e-01  2.000000e-07
 12  88  0  1  0  2  3.798324e-01  2.000000e-07
 12  67  0  0  0  2  2.006022e-01  2.000000e-07
 12  70  1  0  0  2  4.166544e-01  2.000000e-07
 86  88 -1  1  0  2  4.219503e-01  2.000000e-07
 86  63  0  0  0  2  1.632019e-01  2.000000e-07
 86  3  0  0  0  2  1.810079e-01  2.000000e-07
 86  78  0  0  0  2  1.381639e-01  2.000000e-07
 86  69 -1  1  0  2  4.637978e-01  2.000000e-07
 86  70  0  0  0  2  1.430533e-01  2.000000e-07
 86  71  0  1  0  2  5.039097e-01  2.000000e-07
 0  64  0 -1  0  2  4.189912e-01  2.000000e-07
 0  72  0  0  0  2  2.578142e-01  2.000000e-07
 0  85  0  0  0  2  2.983289e-01  2.000000e-07
 0  66  0 -1  0  2  3.032727e-01  2.000000e-07
 0  1  0  0  0  2  4.548627e-02  2.000000e-07
 0  75  0  0  0  2  2.048188e-01  2.000000e-07
 0  2  0  0  0  2  3.679283e-02  2.000000e-07
 11  64  0  0  0  2  1.280004e-01  2.000000e-07
 11  84  0  0  0  2  2.171807e-01  2.000000e-07
 11  66  0  0  0  2  3.570434e-01  2.000000e-07
 11  67  0  0  0  2  1.877772e-01  2.000000e-07
 11  59  0  0  0  2  3.690665e-01  2.000000e-07
 64  84  0  0  0  2  1.094966e-01  2.000000e-07
 64  84  0  0  0  2  1.094966e-01  2.000000e-07
 64  85  0  1  0  2  3.034278e-01  2.000000e-07
 64  66  0  0  0  2  2.391695e-01  2.000000e-07
 64  63  0  0  0  2  3.530855e-01  2.000000e-07
 64  3  0  0  0  2  3.376948e-01  2.000000e-07
 64  1  0  1  0  2  4.083228e-01  2.000000e-07
 64  60  0  0  0  2  3.811684e-01  2.000000e-07
 64  2  0  1  0  2  3.881952e-01  2.000000e-07
 64  74  0  0  0  2  2.794330e-01  2.000000e-07
 62  7  0  0  0  2  2.724111e-01  2.000000e-07
 62  58  0  0  0  2  8.046475e-02  2.000000e-07
 62  67 -1  0  0  2  3.526813e-01  2.000000e-07
 62  63  0  0  0  2  1.941206e-01  2.000000e-07
 62  78  0  0  0  2  4.969895e-02  2.000000e-07
 62  8  0  0  0  2  1.741490e-01  2.000000e-07
 62  6  0  0  0  2  2.638198e-01  2.000000e-07
 62  74  0  0  0  2  9.256673e-02  2.000000e-07
 57  65  0  0  0  2  1.957411e-01  2.000000e-07
 57  7  1  0  0  2  2.756264e-01  2.000000e-07
 57  68  1  0  0  2  2.556938e-01  2.000000e-07
 57  13  0  0  0  2  1.602850e-01  2.000000e-07
 57  75  1  0  0  2  2.782990e-01  2.000000e-07
 57  6  1  0  0  2  1.897410e-01  2.000000e-07
 57  59  0  0  0  2  3.074146e-02  2.000000e-07
 57  5  1  0  0  2  2.118305e-01  2.000000e-07
 65  73  1  0  0  2  2.702907e-01  2.000000e-07
 65  88  0  0  0  2  6.244629e-02  2.000000e-07
 65  67  0 -1  0  2  4.909374e-01  2.000000e-07
 65  68  1  0  0  2  1.799039e-01  2.000000e-07
 65  13  0  0  0  2  1.558997e-01  2.000000e-07
 65  75  1  0  0  2  2.504165e-01  2.000000e-07
 65  59  0  0  0  2  2.211342e-01  2.000000e-07
 65  5  1  0  0  2  3.340531e-01  2.000000e-07
 65  2  1  0  0  2  4.164092e-01  2.000000e-07
 87  85  0  0  0  2  3.057418e-01  2.000000e-07
 87  88  0  0  0  2  2.408766e-01  2.000000e-07
 87  13  0  0  0  2  8.699464e-02  2.000000e-07
 87  69  0  0  0  2  2.281381e-01  2.000000e-07
 87  70  1  0  0  2  4.956967e-01  2.000000e-07
 87  60  0  0  0  2  1.436180e-01  2.000000e-07
 72  85  0  0  0  2  4.036888e-01  2.000000e-07
 72  7  0  0  0  2  1.165475e-01  2.000000e-07
 72  58  0  0  0  2  3.390451e-01  2.000000e-07
 72  68  0  0  0  2  2.145986e-01  2.000000e-07
 72  75  0  0  0  2  1.370362e-01  2.000000e-07
 72  69 -1  0  0  2  3.535899e-01  2.000000e-07
 72  59 -1  0  0  2  3.544253e-01  2.000000e-07
 72  71  0  0  0  2  3.682899e-02  2.000000e-07
 72  60  0  0  0  2  3.314732e-01  2.000000e-07
 84  85  0  1  0  2  1.993291e-01  2.000000e-07
 84  3  0  0  0  2  2.869332e-01  2.000000e-07
 84  71  0  1  0  2  4.973681e-01  2.000000e-07
 84  2  0  1  0  2  3.032626e-01  2.000000e-07
 85  76  0 -1  0  2  4.610524e-01  2.000000e-07
 85  88  0  0  0  2  2.977053e-01  2.000000e-07
 85  63  0 -1  0  2  3.788250e-01  2.000000e-07
 85  3  0 -1  0  2  3.610291e-01  2.000000e-07
 85  1  0  0  0  2  3.233299e-01  2.000000e-07
 85  69  0  0  0  2  3.726829e-01  2.000000e-07
 85  71  0  0  0  2  3.752866e-01  2.000000e-07
 85  60  0  0  0  2  3.154496e-01  2.000000e-07
 66  3  0  0  0  2  1.481428e-01  2.000000e-07
 66  1  0  1  0  2  2.695862e-01  2.000000e-07
 66  78  0  0  0  2  1.728017e-01  2.000000e-07
 66  8  0  0  0  2  2.215659e-01  2.000000e-07
 66  2  0  1  0  2  2.665159e-01  2.000000e-07
 66  74  0  0  0  2  4.058365e-02  2.000000e-07
 7  58  0  0  0  2  2.509032e-01  2.000000e-07
 7  68  0  0  0  2  2.637240e-01  2.000000e-07
 7  8  0  0  0  2  1.663160e-01  2.000000e-07
 7  75  0  0  0  2  2.033660e-01  2.000000e-07
 7  6  0  0  0  2  1.051129e-01  2.000000e-07
 7  59 -1  0  0  2  2.889489e-01  2.000000e-07
 7  5  0  0  0  2  6.878043e-02  2.000000e-07
 88  72  1  0  0  2  4.272511e-01  2.000000e-07
 88  67  0 -1  0  2  4.459277e-01  2.000000e-07
 88  63  1 -1  0  2  4.644260e-01  2.000000e-07
 88  68  1  0  0  2  2.263121e-01  2.000000e-07
 88  13  0  0  0  2  1.677702e-01  2.000000e-07
 88  69  0  0  0  2  9.251822e-02  2.000000e-07
 88  59  0  0  0  2  2.706796e-01  2.000000e-07
 88  71  1  0  0  2  4.234135e-01  2.000000e-07
 58  63  0  0  0  2  2.399751e-01  2.000000e-07
 58  8  0  0  0  2  1.122317e-01  2.000000e-07
 58  60  0  0  0  2  3.861176e-01  2.000000e-07
 58  74  0  0  0  2  1.037341e-01  2.000000e-07
 67  1  1  1  0  2  4.920580e-01  2.000000e-07
 67  78  1  0  0  2  3.032296e-01  2.000000e-07
 67  68  1  1  0  2  5.241123e-01  2.000000e-07
 67  6  1  0  0  2  3.342291e-01  2.000000e-07
 67  59  0  0  0  2  2.912393e-01  2.000000e-07
 67  2  1  1  0  2  5.182349e-01  2.000000e-07
 63  3  0  0  0  2  1.853324e-02  2.000000e-07
 63  1  0  1  0  2  1.340773e-01  2.000000e-07
 63  68  0  1  0  2  3.390001e-01  2.000000e-07
 63  71  0  1  0  2  3.956118e-01  2.000000e-07
 63  74  0  0  0  2  1.400547e-01  2.000000e-07
 3  73  0  1  0  2  5.179961e-01  2.000000e-07
 3  78  0  0  0  2  2.166537e-01  2.000000e-07
 3  69 -1  1  0  2  4.847538e-01  2.000000e-07
 3  70  0  0  0  2  2.836476e-01  2.000000e-07
 3  71  0  1  0  2  3.908285e-01  2.000000e-07
 3  2  0  1  0  2  1.359093e-01  2.000000e-07
 1  65 -1  0  0  2  3.912344e-01  2.000000e-07
 1  78  0 -1  0  2  3.385184e-01  2.000000e-07
 1  68  0  0  0  2  2.378225e-01  2.000000e-07
 1  71  0  0  0  2  2.616602e-01  2.000000e-07
 1  2  0  0  0  2  3.033971e-02  2.000000e-07
 1  74  0 -1  0  2  2.664022e-01  2.000000e-07
 78  8  0  0  0  2  2.015520e-01  2.000000e-07
 78  6  0  0  0  2  2.415649e-01  2.000000e-07
 78  70  0  0  0  2  9.018309e-02  2.000000e-07
 78  5  0  0  0  2  2.573734e-01  2.000000e-07
 78  2  0  1  0  2  3.507198e-01  2.000000e-07
 78  74  0  0  0  2  1.343208e-01  2.000000e-07
 68  13 -1  0  0  2  3.140858e-01  2.000000e-07
 68  75  0  0  0  2  7.894963e-02  2.000000e-07
 68  6  0  0  0  2  2.749940e-01  2.000000e-07
 68  69 -1  0  0  2  1.770101e-01  2.000000e-07
 68  59 -1  0  0  2  2.861820e-01  2.000000e-07
 68  71  0  0  0  2  2.029734e-01  2.000000e-07
 68  2  0  0  0  2  2.572769e-01  2.000000e-07
 13  69  0  0  0  2  1.415121e-01  2.000000e-07
 13  70  1  0  0  2  4.673363e-01  2.000000e-07
 13  59  0  0  0  2  1.645088e-01  2.000000e-07
 13  60  0  0  0  2  2.300663e-01  2.000000e-07
 8  75  0  0  0  2  3.576571e-01  2.000000e-07
 8  5  0  0  0  2  2.103396e-01  2.000000e-07
 8  74  0  0  0  2  2.155308e-01  2.000000e-07
 75  6  0  0  0  2  2.407515e-01  2.000000e-07
 75  5  0  0  0  2  2.126960e-01  2.000000e-07
 75  71  0  0  0  2  1.240448e-01  2.000000e-07
 75  2  0  0  0  2  2.391496e-01  2.000000e-07
 6  59 -1  0  0  2  1.961912e-01  2.000000e-07
 6  5  0  0  0  2  3.881014e-02  2.000000e-07
 69  70  1  0  0  2  4.706486e-01  2.000000e-07
 69  59  0  0  0  2  1.885094e-01  2.000000e-07
 69  71  1  0  0  2  3.553849e-01  2.000000e-07
 70  59 -1  0  0  2  3.047236e-01  2.000000e-07
 70  71  0  0  0  2  4.157571e-01  2.000000e-07
 71  60  0  0  0  2  3.318988e-01  2.000000e-07
 71  2  0  0  0  2  2.578487e-01  2.000000e-07
 2  74  0 -1  0  2  2.679304e-01  2.000000e-07
 53  82  0  0  0  1  5.692072e-02  3.000000e-07
 53  67 -1  0  0  1  2.143025e-01  3.000000e-07
 53  78  0  0  0  1  1.179173e-01  3.000000e-07
 53  70  0  0  0  1  9.818141e-02  3.000000e-07
 9  4  0  0  0  1  6.871574e-02  3.000000e-07
 9  62  0  0  0  1  1.031516e-01  3.000000e-07
 9  58  0  0  0  1  8.260451e-02  3.000000e-07
 9  78  0  0  0  1  1.186777e-01  3.000000e-07
 9  8  0  0  0  1  8.673673e-02  3.000000e-07
 81  77  0  0  0  1  2.348058e-01  3.000000e-07
 81  0  0  0  0  1  3.145251e-01  3.000000e-07
 81  87  0  0  0  1  2.171306e-01  3.000000e-07
 81  85  0  0  0  1  1.155093e-01  3.000000e-07
 81  71  0  0  0  1  3.155839e-01  3.000000e-07
 81  60  0  0  0  1  2.008287e-01  3.000000e-07
 4  7  0  0  0  1  1.138609e-01  3.000000e-07
 4  78  0  0  0  1  1.562853e-01  3.000000e-07
 4  6  0  0  0  1  1.248749e-01  3.000000e-07
 4  70  0  0  0  1  1.672034e-01  3.000000e-07
 4  5  0  0  0  1  1.208391e-01  3.000000e-07
 79  83  0  1  0  1  2.704468e-01  3.000000e-07
 79  11  0  0  0  1  7.546303e-02  3.000000e-07
 79  67  0  0  0  1  1.549946e-01  3.000000e-07
 80  10  0  0  0  1  5.345001e-02  3.000000e-07
 80  83  0  0  0  1  1.261470e-01  3.000000e-07
 80  87  0  0  0  1  2.069615e-01  3.000000e-07
 80  85  0  0  0  1  2.305197e-01  3.000000e-07
 80  88  0  0  0  1  7.018925e-02  3.000000e-07
 80  13  0  0  0  1  1.544624e-01  3.000000e-07
 76  62  0  0  0  1  5.553798e-02  3.000000e-07
 76  66  0  0  0  1  7.363538e-02  3.000000e-07
 76  58  0  0  0  1  6.534814e-02  3.000000e-07
 54  55  0  0  0  1  1.843525e-01  3.000000e-07
 54  89  0  0  0  1  2.493684e-01  3.000000e-07
 54  11  0  0  0  1  2.236966e-01  3.000000e-07
 54  64  0  0  0  1  1.727062e-01  3.000000e-07
 54  66  0  0  0  1  2.041446e-01  3.000000e-07
 54  58  0  0  0  1  1.865291e-01  3.000000e-07
 73  57 -1  0  0  1  1.701596e-01  3.000000e-07
 73  72  0  0  0  1  1.684527e-01  3.000000e-07
 73  75  0  0  0  1  1.673438e-01  3.000000e-07
 73  6  0  0  0  1  7.776012e-02  3.000000e-07
 73  69 -1  0  0  1  2.429816e-01  3.000000e-07
 73  5  0  0  0  1  6.486784e-02  3.000000e-07
 55  89  0  0  0  1  1.797365e-01  3.000000e-07
 55  8  0  0  0  1  2.316483e-01  3.000000e-07
 55  60  0  0  0  1  7.659635e-02  3.000000e-07
 56  89  0  0  0  1  1.210560e-01  3.000000e-07
 56  11  0  0  0  1  1.964124e-01  3.000000e-07
 56  67  0  0  0  1  1.702924e-01  3.000000e-07
 56  70  1  0  0  1  3.096201e-01  3.000000e-07
 82  83 -1  1  0  1  3.516385e-01  3.000000e-07
 82  67 -1  0  0  1  2.465677e-01  3.000000e-07
 82  63  0  0  0  1  1.621859e-01  3.000000e-07
 82  1  0  1  0  1  2.587318e-01  3.000000e-07
 82  68  0  1  0  1  3.719973e-01  3.000000e-07
 89  11  0  0  0  1  2.144739e-01  3.000000e-07
 89  87  0  0  0  1  1.532799e-01  3.000000e-07
 89  59  0  0  0  1  2.297682e-01  3.000000e-07
 10  83  0  0  0  1  9.392473e-02  3.000000e-07
 83  12  0 -1  0  1  2.489030e-01  3.000000e-07
 83  85  0  0  0  1  2.472216e-01  3.000000e-07
 83  88  0  0  0  1  1.317417e-01  3.000000e-07
 77  72  0  0  0  1  2.877946e-01  3.000000e-07
 77  8  0  0  0  1  2.417949e-01  3.000000e-07
 77  71  0  0  0  1  2.938119e-01  3.000000e-07
 77  60  0  0  0  1  6.259247e-02  3.000000e-07
 12  11  0  0  0  1  9.714914e-02  3.000000e-07
 12  64  0  0  0  1  1.330216e-01  3.000000e-07
 12  84  0  0  0  1  1.699956e-01  3.000000e-07
 12  85  0  1  0  1  2.956713e-01  3.000000e-07
 86  62  0  0  0  1  1.691138e-01  3.000000e-07
 86  63  0  0  0  1  1.632019e-01  3.000000e-07
 86  78  0  0  0  1  1.381639e-01  3.000000e-07
 86  74  0  0  0  1  1.997727e-01  3.000000e-07
 0  85  0  0  0  1  2.983289e-01  3.000000e-07
 0  68  0  0  0  1  2.290763e-01  3.000000e-07
 0  71  0  0  0  1  2.216021e-01  3.000000e-07
 11  64  0  0  0  1  1.280004e-01  3.000000e-07
 11  67  0  0  0  1  1.877772e-01  3.000000e-07
 64  84  0  0  0  1  1.094966e-01  3.000000e-07
 64  66  0  0  0  1  2.391695e-01  3.000000e-07
 57  13  0  0  0  1  1.602850e-01  3.000000e-07
 57  6  1  0  0  1  1.897410e-01  3.000000e-07
 57  69  0  0  0  1  1.626471e-01  3.000000e-07
 65  88  0  0  0  1  6.244629e-02  3.000000e-07
 65  68  1  0  0  1  1.799039e-01  3.000000e-07
 65  13  0  0  0  1  1.558997e-01  3.000000e-07
 87  13  0  0  0  1  8.699464e-02  3.000000e-07
 87  60  0  0  0  1  1.436180e-01  3.000000e-07
 72  7  0  0  0  1  1.165475e-01  3.000000e-07
 72  8  0  0  0  1  2.338101e-01  3.000000e-07
 72  75  0  0  0  1  1.370362e-01  3.000000e-07
 84  85  0  1  0  1  1.993291e-01  3.000000e-07
 84  66  0  0  0  1  2.381664e-01  3.000000e-07
 84  3  0  0  0  1  2.869332e-01  3.000000e-07
 84  2  0  1  0  1  3.032626e-01  3.000000e-07
 66  58  0  0  0  1  1.159241e-01  3.000000e-07
 66  3  0  0  0  1  1.481428e-01  3.000000e-07
 7  8  0  0  0  1  1.663160e-01  3.000000e-07
 7  5  0  0  0  1  6.878043e-02  3.000000e-07
 88  68  1  0  0  1  2.263121e-01  3.000000e-07
 88  13  0  0  0  1  1.677702e-01  3.000000e-07
 58  8  0  0  0  1  1.122317e-01  3.000000e-07
 67  70  1  0  0  1  2.216198e-01  3.000000e-07
 63  1  0  1  0  1  1.340773e-01  3.000000e-07
 63  74  0  0  0  1  1.400547e-01  3.000000e-07
 3  1  0  1  0  1  1.294674e-01  3.000000e-07
 3  2  0  1  0  1  1.359093e-01  3.000000e-07
 3  74  0  0  0  1  1.383686e-01  3.000000e-07
 1  68  0  0  0  1  2.378225e-01  3.000000e-07
 78  70  0  0  0  1  9.018309e-02  3.000000e-07
 68  75  0  0  0  1  7.894963e-02  3.000000e-07
 68  69 -1  0  0  1  1.770101e-01  3.000000e-07
 13  69  0  0  0  1  1.415121e-01  3.000000e-07
 13  59  0  0  0  1  1.645088e-01  3.000000e-07
 75  71  0  0  0  1  1.240448e-01  3.000000e-07
 6  70  0  0  0  1  2.013494e-01  3.000000e-07
 6  59 -1  0  0  1  1.961912e-01  3.000000e-07
 70  59 -1  0  0  1  3.047236e-01  3.000000e-07
-2.035836e-01 -4.036052e-01  0
-2.247568e-01 -4.438631e-01  0
-1.947586e-01 -4.393240e-01  0
-2.183423e-01  4.268285e-01  0
-2.749673e-01  7.167584e-02  0
-3.439739e-01 -2.752189e-02  0
-3.745695e-01 -3.644422e-03  0
-2.767715e-01 -4.217074e-02  0
-1.622977e-01  7.848066e-02  0
-2.341998e-01  1.269919e-01  0
 3.548106e-01 -3.454657e-01  0
 2.097659e-01  2.447846e-01  0
 2.236728e-01  3.409332e-01  0
 3.137882e-01 -1.600305e-01  0
 3.541513e-01 -2.847652e-01  1.480182e-01
 3.301517e-01  2.399910e-01  2.227472e-01
-2.408563e-01  4.235573e-01  2.480951e-01
-2.995309e-01  2.278709e-01  3.163744e-01
 2.025902e-01 -2.337379e-02  2.352208e-01
-1.279018e-01  7.704272e-02 -4.442532e-01
 9.460444e-02 -6.451744e-02  3.135471e-01
 5.571884e-02  3.253676e-01  3.533618e-01
 2.811958e-01 -4.039140e-01  3.246659e-01
 2.626195e-01 -4.286409e-01 -3.963972e-01
 9.083746e-02 -4.386966e-01  4.173960e-01
 3.941398e-01 -7.582082e-02 -1.507297e-01
 2.084617e-01  2.587129e-01 -2.575082e-01
-3.125569e-01 -2.966844e-01 -1.954938e-01
-3.621424e-01 -3.365817e-01 -3.123704e-01
-1.749912e-01  1.718104e-01 -1.824063e-01
-4.237549e-01 -3.950253e-01 -1.334664e-01
 2.976380e-01 -1.202148e-01 -3.308696e-01
 2.939770e-01 -1.835178e-01 -3.037411e-01
-2.654140e-01 -2.496315e-02  3.651011e-01
-1.418929e-01  4.193472e-01 -4.374390e-01
 6.987464e-02 -4.046561e-01 -4.489010e-01
 1.278801e-01  4.305370e-01 -4.277684e-01
 2.482005e-01 -1.581583e-01 -3.463942e-01
-3.068127e-01 -1.170022e-02 -3.300408e-01
 2.520785e-01  3.002534e-01  4.382765e-01
 3.265294e-01 -6.923900e-02  2.496475e-01
 3.291508e-01  6.092835e-02  4.476013e-01
 3.176520e-01  4.454186e-01 -4.422005e-01
-4.147271e-01 -4.190326e-01 -3.358433e-01
-3.468375e-01 -1.122516e-01  3.181148e-01
-3.781484e-01  2.625226e-01 -2.755547e-01
-2.387845e-01 -1.411723e-01 -2.040987e-01
-2.735474e-01 -1.930625e-01  1.421402e-01
 1.011436e-01 -3.674721e-01  2.852942e-01
 2.600779e-01 -1.819604e-01 -1.785987e-01
 1.209718e-01 -2.547477e-01 -1.804983e-01
 1.682755e-01  3.855752e-01  1.984454e-01
 2.554951e-01  2.722474e-01  1.254809e-01
-3.951862e-01  2.950947e-01  0
 3.812540e-03  1.574728e-01  0
 4.648462e-02 -2.187298e-02  0
 3.258299e-01  8.633285e-02  0
 4.495416e-01 -7.481145e-02  0
-1.799793e-01  1.893108e-01  0
 4.343403e-01 -4.809147e-02  0
 9.897417e-02 -7.765693e-02  0
-2.275740e-02  8.172100e-02  1.099215e-01
-2.500180e-01  2.289234e-01  0
-2.363783e-01  4.225643e-01  0
 9.602677e-02  3.035001e-01  0
 4.252422e-01 -2.690384e-01  0
-1.431044e-01  2.992137e-01  0
 3.975011e-01  2.408086e-01  0
-3.950709e-01 -2.778731e-01  0
 4.327993e-01 -2.365945e-01  0
-3.851667e-01  1.974259e-01  0
-2.159801e-01 -1.823501e-01  0
-2.252284e-01 -1.467012e-01  0
-3.804181e-01 -8.118428e-02  0
-1.832087e-01  2.929946e-01  0
-3.260937e-01 -2.394650e-01  0
-1.993721e-01  2.517151e-01  0
 4.460968e-02 -4.663566e-02  0
-2.996310e-01  2.260028e-01  0
 2.561215e-01  3.043315e-01  0
 3.112640e-01 -3.144723e-01  0
 8.476512e-02 -2.779823e-01  0
-3.816115e-01  3.503731e-01  0
 3.376985e-01 -4.378184e-01  0
 6.805902e-02  4.093647e-01  0
 9.455945e-02 -3.930756e-01  0
-3.773087e-01  3.402632e-01  0
 2.356317e-01 -1.218254e-01  0
 3.814472e-01 -3.135529e-01  0
 2.184258e-01  3.048568e-02  0