 726  90  1.200000e-05  72 -2 -2
 7  10  0  0  0  3  2.959199e-01  1.000000e-07
 7  24  0  0  0  3  3.702725e-01  1.000000e-07
 7  36  0  0  0  3  3.677015e-01  1.000000e-07
 7  21  0  0  0  3  1.039045e-01  1.000000e-07
 7  27  0  0  0  3  3.251185e-01  1.000000e-07
 7  22  0  0  1  3  2.067480e-01  1.000000e-07
 7  30  0  0  1  3  4.624876e-01  1.000000e-07
 7  32  0  0  1  3  3.227247e-01  1.000000e-07
 3  2  0  0  0  3  3.042758e-01  1.000000e-07
 3  1  0  0  0  3  1.161938e-01  1.000000e-07
 3  4  0  0  0  3  4.958504e-02  1.000000e-07
 3  25  0  0  0  3  3.043363e-01  1.000000e-07
 3  36  0  0  0  3  3.930664e-01  1.000000e-07
 3  88 -1  0  0  3  4.126942e-01  1.000000e-07
 3  5  0  0  0  3  1.810527e-01  1.000000e-07
 3  31  0  0  1  3  3.930880e-01  1.000000e-07
 10  8  0  1  0  3  2.547253e-01  1.000000e-07
 10  26  0  1  0  3  3.275681e-01  1.000000e-07
 10  36  0  0  0  3  2.414768e-01  1.000000e-07
 10  21  0  0  0  3  2.802790e-01  1.000000e-07
 10  27  0  0  0  3  5.010666e-01  1.000000e-07
 2  24  0  0  0  3  3.134854e-01  1.000000e-07
 2  4  0  0  0  3  3.237017e-01  1.000000e-07
 2  36  0  0  0  3  2.852839e-01  1.000000e-07
 2  34  0  0  0  3  2.121434e-01  1.000000e-07
 2  88  0  0  0  3  3.248077e-01  1.000000e-07
 2  29  0  0  1  3  4.279022e-01  1.000000e-07
 2  35  0  0  1  3  4.928564e-01  1.000000e-07
 0  4  0  0  0  3  2.976722e-01  1.000000e-07
 0  25  0  0  0  3  4.757398e-01  1.000000e-07
 0  5  0  0  0  3  4.363314e-01  1.000000e-07
 0  28  0  0  1  3  2.492923e-01  1.000000e-07
 0  30  0  0  1  3  3.405451e-01  1.000000e-07
 0  35 -1  0  1  3  4.093537e-01  1.000000e-07
 0  31  0  0  1  3  4.414178e-01  1.000000e-07
 0  33  0  0  1  3  3.546157e-01  1.000000e-07
 24  21  0  0  0  3  4.051031e-01  1.000000e-07
 24  88  0  0  0  3  5.053711e-01  1.000000e-07
 24  27  1  0  0  3  5.499088e-01  1.000000e-07
 24  20  0  0  1  3  3.665680e-01  1.000000e-07
 24  35  0  0  1  3  4.499365e-01  1.000000e-07
 24  31  0  0  1  3  4.897753e-01  1.000000e-07
 24  32  0  0  1  3  2.881893e-01  1.000000e-07
 1  25  0  0  0  3  3.273388e-01  1.000000e-07
 1  26  0  0  0  3  1.652400e-01  1.000000e-07
 1  36  0  0  0  3  3.605502e-01  1.000000e-07
 1  34  0  0  0  3  3.059039e-01  1.000000e-07
 1  5  0  0  0  3  1.898093e-01  1.000000e-07
 6  25  0  1  0  3  3.181098e-01  1.000000e-07
 6  26  0  1  0  3  3.167798e-01  1.000000e-07
 6  36  0  0  0  3  2.698340e-01  1.000000e-07
 6  21  0  0  0  3  2.929478e-01  1.000000e-07
 6  88  0  1  0  3  4.900371e-01  1.000000e-07
 6  27  1  0  0  3  4.797476e-01  1.000000e-07
 6  23  0  1  1  3  4.517913e-01  1.000000e-07
 4  25  0  0  0  3  3.214648e-01  1.000000e-07
 4  36  0  0  0  3  3.973649e-01  1.000000e-07
 4  27  0  0  0  3  6.144202e-01  1.000000e-07
 4  31  0  0  1  3  3.794766e-01  1.000000e-07
 4  32  0  0  1  3  4.878156e-01  1.000000e-07
 25  8  0  0  0  3  3.395982e-01  1.000000e-07
 25  34  0  0  0  3  4.167774e-01  1.000000e-07
 25  21  0 -1  0  3  1.435611e-01  1.000000e-07
 25  33  0  0  1  3  3.941609e-01  1.000000e-07
 8  26  0  0  0  3  1.404742e-01  1.000000e-07
 8  34  0  0  0  3  1.492493e-01  1.000000e-07
 8  9  0  0  0  3  4.650042e-02  1.000000e-07
 8  29  0  0  1  3  4.704031e-01  1.000000e-07
 26  34  0  0  0  3  2.219676e-01  1.000000e-07
 26  9  0  0  0  3  1.713568e-01  1.000000e-07
 26  5  0  0  0  3  1.905094e-01  1.000000e-07
 34  88  0  0  0  3  2.318008e-01  1.000000e-07
 34  23  0  0  1  3  4.872922e-01  1.000000e-07
 34  29  0  0  1  3  4.534218e-01  1.000000e-07
 21  27  0  0  0  3  3.291973e-01  1.000000e-07
 21  29  0  1  1  3  3.741560e-01  1.000000e-07
 21  15  0  0  1  3  2.541316e-01  1.000000e-07
 9  88  0  0  0  3  3.140699e-01  1.000000e-07
 9  27  1 -1  0  3  4.726078e-01  1.000000e-07
 9  23  0  0  1  3  5.009184e-01  1.000000e-07
 9  29  0  0  1  3  4.697182e-01  1.000000e-07
 88  27  1  0  0  3  6.847048e-01  1.000000e-07
 5  27  0 -1  0  3  3.283762e-01  1.000000e-07
 5  33  0  0  1  3  4.766559e-01  1.000000e-07
 89  46  0  0  0  3  3.098647e-01  1.000000e-07
 89  17  0  0  0  3  3.255996e-01  1.000000e-07
 89  19  0  0  0  3  1.755679e-01  1.000000e-07
 89  29  0  0  0  3  3.081215e-01  1.000000e-07
 89  35  0  0  0  3  3.755931e-01  1.000000e-07
 89  11  0  0  0  3  2.317268e-01  1.000000e-07
 89  31  0  0  0  3  2.330638e-01  1.000000e-07
 89  32  0  0  0  3  3.945395e-01  1.000000e-07
 22  14  0  0  0  3  1.777596e-01  1.000000e-07
 22  28  0  0  0  3  4.476380e-01  1.000000e-07
 22  16  0  0  0  3  2.989077e-01  1.000000e-07
 22  29  0  1  0  3  3.755742e-01  1.000000e-07
 22  30  0  0  0  3  3.559813e-01  1.000000e-07
 22  15  0  0  0  3  6.247801e-02  1.000000e-07
 22  31  0  1  0  3  4.159565e-01  1.000000e-07
 22  32  0  0  0  3  2.237950e-01  1.000000e-07
 14  20  0  0  0  3  2.072431e-01  1.000000e-07
 14  19  0  1  0  3  4.492687e-01  1.000000e-07
 14  18  0  0  0  3  1.284822e-01  1.000000e-07
 14  16  0  0  0  3  2.594573e-01  1.000000e-07
 14  35  0  0  0  3  5.252284e-01  1.000000e-07
 14  15  0  0  0  3  1.280912e-01  1.000000e-07
 14  32  0  0  0  3  1.117175e-01  1.000000e-07
 12  17  1 -1  0  3  7.100781e-01  1.000000e-07
 12  28  1 -1  0  3  6.732039e-01  1.000000e-07
 12  23  0  0  0  3  2.357343e-01  1.000000e-07
 12  13  0  0  0  3  9.405549e-02  1.000000e-07
 12  35  0  0  0  3  2.250976e-01  1.000000e-07
 12  33  1  0  0  3  3.284782e-01  1.000000e-07
 17  28  0  0  0  3  2.736542e-01  1.000000e-07
 17  19  0  1  0  3  5.720376e-01  1.000000e-07
 17  18  0  0  0  3  1.996228e-01  1.000000e-07
 17  16  0  0  0  3  6.248576e-02  1.000000e-07
 17  30  0  0  0  3  1.183482e-01  1.000000e-07
 17  15  0  0  0  3  3.387636e-01  1.000000e-07
 17  33  0  1  0  3  5.989691e-01  1.000000e-07
 28  20 -1  0  0  3  5.649128e-01  1.000000e-07
 28  13 -1  0  0  3  4.024736e-01  1.000000e-07
 28  16  0  0  0  3  2.597940e-01  1.000000e-07
 28  30  0  0  0  3  1.667113e-01  1.000000e-07
 28  35 -1  0  0  3  3.256724e-01  1.000000e-07
 20  19  0  1  0  3  4.112139e-01  1.000000e-07
 20  33  1  1  0  3  5.142059e-01  1.000000e-07
 23  19  0  0  0  3  3.642555e-01  1.000000e-07
 23  35  0  0  0  3  2.990196e-01  1.000000e-07
 23  11  0  0  0  3  2.909778e-01  1.000000e-07
 23  15  0 -1  0  3  3.541991e-01  1.000000e-07
 23  33  1  0  0  3  4.198496e-01  1.000000e-07
 19  13 -1  0  0  3  4.548989e-01  1.000000e-07
 19  16  0 -1  0  3  5.505498e-01  1.000000e-07
 13  35  0  0  0  3  2.035042e-01  1.000000e-07
 13  11  0  0  0  3  2.439990e-01  1.000000e-07
 13  33  1  0  0  3  2.959539e-01  1.000000e-07
 18  16  0  0  0  3  1.556905e-01  1.000000e-07
 18  30  0  0  0  3  2.290105e-01  1.000000e-07
 18  35  0  0  0  3  4.870526e-01  1.000000e-07
 18  11  0  0  0  3  4.676404e-01  1.000000e-07
 18  15  0  0  0  3  2.095865e-01  1.000000e-07
 18  31  0  0  0  3  4.089414e-01  1.000000e-07
 18  32  0  0  0  3  7.001398e-02  1.000000e-07
 16  30  0  0  0  3  9.979701e-02  1.000000e-07
 16  15  0  0  0  3  2.898933e-01  1.000000e-07
 16  33  0  1  0  3  5.650559e-01  1.000000e-07
 29  35  0  0  0  3  3.131783e-01  1.000000e-07
 29  11  0  0  0  3  2.966860e-01  1.000000e-07
 29  31  0  0  0  3  1.613401e-01  1.000000e-07
 30  31  0  0  0  3  4.124837e-01  1.000000e-07
 30  32  0  0  0  3  2.815392e-01  1.000000e-07
 15  31  0  1  0  3  4.095512e-01  1.000000e-07
 15  32  0  0  0  3  2.000803e-01  1.000000e-07
 33  21  0 -1 -1  3  4.149436e-01  1.000000e-07
 10  87  0  1  0  3  2.788886e-01  1.000000e-07
 78  19  0  0  0  3  2.981555e-01  1.000000e-07
 6  79  0  0  0  3  2.180891e-01  1.000000e-07
 82  20  0  0  0  3  2.888333e-01  1.000000e-07
 1  69  0  0  0  3  1.577510e-01  1.000000e-07
 84  19  0  0  0  3  2.478593e-01  1.000000e-07
 2  76  0  0  0  3  2.624593e-01  1.000000e-07
 85  11  0  0  0  3  1.661176e-01  1.000000e-07
 5  70  0  0  0  3  3.074559e-01  1.000000e-07
 68  13 -1  0  0  3  2.802200e-01  1.000000e-07
 9  83  0  0  0  3  1.589635e-01  1.000000e-07
 85  13  0  0  0  3  2.271234e-01  1.000000e-07
 5  75  0  0  0  3  2.994052e-01  1.000000e-07
 49  46  0  0  0  3  2.125558e-01  1.000000e-07
 9  83  0  0  0  3  1.407240e-01  1.000000e-07
 67  12  0  0  0  3  2.212041e-01  1.000000e-07
 8  67  0  0  0  3  1.441050e-01  1.000000e-07
 85  11  0  0  0  3  1.865226e-01  1.000000e-07
 26  67  0  0  0  3  1.394705e-01  1.000000e-07
 85  11  0  0  0  3  1.944499e-01  1.000000e-07
 3  75  0  0  0  3  2.566572e-01  1.000000e-07
 77  46  0  0  0  3  1.662538e-01  1.000000e-07
 10  79  0  0  0  3  2.107722e-01  1.000000e-07
 65  20  0  0  0  3  2.898515e-01  1.000000e-07
 7  71  0  0  0  3  4.388905e-01  1.000000e-07
 59  46  0  0  0  3  1.693422e-01  1.000000e-07
 34  86  0  0  0  3  1.837952e-01  1.000000e-07
 85  13  0  0  0  3  2.062094e-01  1.000000e-07
 5  84  0  0  0  3  2.007052e-01  1.000000e-07
 78  19  0  0  0  3  2.242858e-01  1.000000e-07
 36  74  0  0  0  3  1.758094e-01  1.000000e-07
 72  35  0  0  0  3  3.965731e-01  1.000000e-07
 1  77  0  0  0  3  2.030963e-01  1.000000e-07
 75  46  0  0  0  3  2.027243e-01  1.000000e-07
 26  67  0  0  0  3  1.456315e-01  1.000000e-07
 87  20  0 -1  0  3  3.687157e-01  1.000000e-07
 88  48  1  0  0  3  3.270062e-01  1.000000e-07
 60  46  0  0  0  3  2.036706e-01  1.000000e-07
 1  69  0  0  0  3  1.429081e-01  1.000000e-07
 62  89  0  0  0  3  1.928745e-01  1.000000e-07
 0  73  0  0  0  3  4.505298e-01  1.000000e-07
 51  46  0  0  0  3  1.477801e-01  1.000000e-07
 8  67  0  0  0  3  1.400596e-01  1.000000e-07
 83  20  0 -1  0  3  3.292124e-01  1.000000e-07
 10  65  0  0  0  3  2.180346e-01  1.000000e-07
 80  14  0  0  0  3  3.588182e-01  1.000000e-07
 9  85  0  0  0  3  1.439811e-01  1.000000e-07
 83  11  0  0  0  3  1.786636e-01  1.000000e-07
 36  66  0  0  0  3  2.160481e-01  1.000000e-07
 71  46  0  0  0  3  2.401481e-01  1.000000e-07
 6  67  0  1  0  3  2.708450e-01  1.000000e-07
 83  12  0  0  0  3  2.502175e-01  1.000000e-07
 4  75  0  0  0  3  2.783816e-01  1.000000e-07
 77  46  0  0  0  3  1.567834e-01  1.000000e-07
 8  83  0  0  0  3  1.427061e-01  1.000000e-07
 67  12  0  0  0  3  2.339859e-01  1.000000e-07
 88  86  0  0  0  3  2.775335e-01  1.000000e-07
 85  11  0  0  0  3  1.927330e-01  1.000000e-07
 53  44 -1  0  0  2  4.088538e-01  2.000000e-07
 53  55 -1  0  0  2  3.484251e-01  2.000000e-07
 53  51  0  0  0  2  2.087938e-01  2.000000e-07
 53  57  0  1  0  2  3.903819e-01  2.000000e-07
 53  70  0  1  0  2  4.173930e-01  2.000000e-07
 53  58 -1  0  0  2  3.247615e-01  2.000000e-07
 53  59  0  0  0  2  1.037136e-01  2.000000e-07
 53  81 -1  0  0  2  3.586623e-01  2.000000e-07
 53  73  0  0  0  2  2.331832e-01  2.000000e-07
 53  37 -1  0  0  2  5.278730e-01  2.000000e-07
 53  48  0  0  0  2  2.453362e-01  2.000000e-07
 53  60  0  0  0  2  2.094347e-01  2.000000e-07
 53  61 -1  0  0  2  4.581990e-01  2.000000e-07
 53  74 -1  0  0  2  4.423234e-01  2.000000e-07
 53  64  0  0  0  2  1.671345e-01  2.000000e-07
 82  54  1  0  0  2  4.994558e-01  2.000000e-07
 82  43  0  1  0  2  3.918765e-01  2.000000e-07
 82  83  0  1  0  2  2.448262e-01  2.000000e-07
 82  44  0  0  0  2  4.970196e-01  2.000000e-07
 82  68  1  1  0  2  5.552116e-01  2.000000e-07
 82  70  1  1  0  2  4.798258e-01  2.000000e-07
 82  84  0  1  0  2  3.700279e-01  2.000000e-07
 82  81  0  0  0  2  1.128191e-01  2.000000e-07
 82  60  1  0  0  2  5.854280e-01  2.000000e-07
 82  61  0  0  0  2  2.380650e-01  2.000000e-07
 82  74  0  0  0  2  3.880914e-01  2.000000e-07
 82  67  0  1  0  2  1.939443e-01  2.000000e-07
 82  85  0  1  0  2  3.460853e-01  2.000000e-07
 82  80  0  0  0  2  1.308242e-01  2.000000e-07
 82  86  0  1  0  2  3.996481e-01  2.000000e-07
 82  87  0  1  0  2  3.255403e-01  2.000000e-07
 82  79  0  0  0  2  9.293846e-02  2.000000e-07
 82  64  1  0  0  2  5.697989e-01  2.000000e-07
 65  83  0  1  0  2  3.382804e-01  2.000000e-07
 65  55  0  0  0  2  1.755026e-01  2.000000e-07
 65  56  0  0  0  2  1.193749e-01  2.000000e-07
 65  84  0  1  0  2  3.531184e-01  2.000000e-07
 65  71  0  0  0  2  3.894782e-01  2.000000e-07
 65  72  0  0  0  2  3.294150e-01  2.000000e-07
 65  81  0  0  0  2  2.283869e-01  2.000000e-07
 65  37  0  0  0  2  1.824577e-01  2.000000e-07
 65  74  0  0  0  2  3.435868e-01  2.000000e-07
 65  80  0  0  0  2  3.627840e-02  2.000000e-07
 65  63  0  0  0  2  3.054040e-01  2.000000e-07
 65  86  0  1  0  2  4.927124e-01  2.000000e-07
 65  87  0  1  0  2  2.900885e-01  2.000000e-07
 54  43 -1  1  0  2  4.860107e-01  2.000000e-07
 54  45  0  0  0  2  8.760501e-02  2.000000e-07
 54  51  0  0  0  2  3.292003e-01  2.000000e-07
 54  68  0  1  0  2  3.132048e-01  2.000000e-07
 54  57  0  1  0  2  2.745929e-01  2.000000e-07
 54  70  0  1  0  2  2.842648e-01  2.000000e-07
 54  78  0  1  0  2  2.878255e-01  2.000000e-07
 54  71  0  0  0  2  3.195935e-01  2.000000e-07
 54  66  0  0  0  2  3.541513e-01  2.000000e-07
 54  81 -1  0  0  2  3.906011e-01  2.000000e-07
 54  38  0  0  0  2  1.370593e-01  2.000000e-07
 54  60  0  0  0  2  3.573232e-01  2.000000e-07
 54  40  0  0  0  2  1.422443e-01  2.000000e-07
 54  61 -1  0  0  2  5.783791e-01  2.000000e-07
 54  50  0  1  0  2  3.420520e-01  2.000000e-07
 54  80  0  0  0  2  3.816317e-01  2.000000e-07
 54  63  0  0  0  2  1.232568e-01  2.000000e-07
 54  77  0  0  0  2  4.319738e-01  2.000000e-07
 54  64  0  0  0  2  9.387700e-02  2.000000e-07
 43  83  0  0  0  2  1.813606e-01  2.000000e-07
 43  68  1  0  0  2  2.963734e-01  2.000000e-07
 43  57  1  0  0  2  2.239878e-01  2.000000e-07
 43  70  1  0  0  2  2.485934e-01  2.000000e-07
 43  58  0  0  0  2  1.691267e-01  2.000000e-07
 43  52  0  0  0  2  5.104737e-02  2.000000e-07
 43  81  0 -1  0  2  3.332673e-01  2.000000e-07
 43  60  1  0  0  2  3.140329e-01  2.000000e-07
 43  42  0  0  0  2  1.495861e-01  2.000000e-07
 43  85  0  0  0  2  1.734753e-01  2.000000e-07
 43  76  0  0  0  2  2.731939e-01  2.000000e-07
 43  86  0  0  0  2  1.173944e-01  2.000000e-07
 47  51  0  0  0  2  2.544509e-01  2.000000e-07
 47  68  0  0  0  2  1.189492e-01  2.000000e-07
 47  78  0  0  0  2  2.135774e-01  2.000000e-07
 47  84  0  0  0  2  2.133717e-01  2.000000e-07
 47  52 -1  0  0  2  2.753662e-01  2.000000e-07
 47  75  0  0  0  2  1.562595e-01  2.000000e-07
 47  49  0  0  0  2  6.154459e-02  2.000000e-07
 47  50  0  0  0  2  8.626700e-02  2.000000e-07
 47  86 -1  0  0  2  4.264672e-01  2.000000e-07
 47  87  0  0  0  2  2.517849e-01  2.000000e-07
 83  44  0  0  0  2  2.759746e-01  2.000000e-07
 83  55  0 -1  0  2  3.390788e-01  2.000000e-07
 83  56  0 -1  0  2  3.647458e-01  2.000000e-07
 83  69  0  0  0  2  3.683706e-01  2.000000e-07
 83  57  1  0  0  2  3.325393e-01  2.000000e-07
 83  70  1  0  0  2  3.765541e-01  2.000000e-07
 83  58  0  0  0  2  3.275666e-01  2.000000e-07
 83  72  0  0  0  2  4.110381e-01  2.000000e-07
 83  61  0 -1  0  2  4.828569e-01  2.000000e-07
 83  67  0  0  0  2  1.284713e-01  2.000000e-07
 83  42  0  0  0  2  2.488749e-01  2.000000e-07
 83  85  0  0  0  2  1.065475e-01  2.000000e-07
 83  86  0  0  0  2  1.555277e-01  2.000000e-07
 44  55  0  0  0  2  3.877467e-01  2.000000e-07
 44  51  1  0  0  2  3.941928e-01  2.000000e-07
 44  58  0  0  0  2  1.856220e-01  2.000000e-07
 44  84  0  0  0  2  4.378914e-01  2.000000e-07
 44  72  0  0  0  2  2.220489e-01  2.000000e-07
 44  81  0  0  0  2  4.981365e-01  2.000000e-07
 44  60  1  0  0  2  3.207687e-01  2.000000e-07
 44  61  0  0  0  2  3.023711e-01  2.000000e-07
 44  74  0  0  0  2  1.447810e-01  2.000000e-07
 44  42  0  0  0  2  8.621249e-02  2.000000e-07
 44  76  0  0  0  2  9.245998e-02  2.000000e-07
 44  86  0  0  0  2  1.316214e-01  2.000000e-07
 45  51  0  0  0  2  2.446119e-01  2.000000e-07
 45  57  0  1  0  2  3.473361e-01  2.000000e-07
 45  71  0  0  0  2  2.640308e-01  2.000000e-07
 45  59  0  0  0  2  4.403101e-02  2.000000e-07
 45  81 -1  0  0  2  3.953842e-01  2.000000e-07
 45  50  0  1  0  2  4.284560e-01  2.000000e-07
 45  87  0  1  0  2  4.303570e-01  2.000000e-07
 55  56  0  0  0  2  2.934044e-01  2.000000e-07
 55  57  1  1  0  2  4.271964e-01  2.000000e-07
 55  70  1  1  0  2  4.799371e-01  2.000000e-07
 55  58  0  0  0  2  4.646811e-01  2.000000e-07
 55  72  0  0  0  2  3.315156e-01  2.000000e-07
 55  81  0  0  0  2  1.211843e-01  2.000000e-07
 55  37  0  0  0  2  2.394752e-01  2.000000e-07
 55  61  0  0  0  2  1.805273e-01  2.000000e-07
 55  74  0  0  0  2  2.961062e-01  2.000000e-07
 55  67  0  1  0  2  3.115104e-01  2.000000e-07
 55  80  0  0  0  2  2.051095e-01  2.000000e-07
 55  86  0  1  0  2  4.869123e-01  2.000000e-07
 55  64  1  0  0  2  4.880853e-01  2.000000e-07
 56  69  0  1  0  2  4.166886e-01  2.000000e-07
 56  57  0  1  0  2  4.389046e-01  2.000000e-07
 56  70  0  1  0  2  4.078883e-01  2.000000e-07
 56  84  0  1  0  2  2.673066e-01  2.000000e-07
 56  37  0  0  0  2  2.465728e-01  2.000000e-07
 56  61  0  0  0  2  2.698325e-01  2.000000e-07
 56  67  0  1  0  2  2.453896e-01  2.000000e-07
 56  50  0  1  0  2  3.754534e-01  2.000000e-07
 56  63  0  0  0  2  2.306936e-01  2.000000e-07
 56  86  0  1  0  2  5.079887e-01  2.000000e-07
 56  87  0  1  0  2  1.949170e-01  2.000000e-07
 56  41  0  0  0  2  1.421216e-01  2.000000e-07
 51  58 -1  0  0  2  2.299616e-01  2.000000e-07
 51  71  0  0  0  2  1.753319e-01  2.000000e-07
 51  59  0  0  0  2  2.101419e-01  2.000000e-07
 51  81 -1  0  0  2  5.514847e-01  2.000000e-07
 51  48  0  0  0  2  7.154646e-02  2.000000e-07
 51  60  0  0  0  2  7.345601e-02  2.000000e-07
 51  42 -1  0  0  2  3.398097e-01  2.000000e-07
 51  75  0  0  0  2  1.565129e-01  2.000000e-07
 51  50  0  0  0  2  3.340950e-01  2.000000e-07
 51  63  0  0  0  2  2.929255e-01  2.000000e-07
 51  86 -1  0  0  2  4.184098e-01  2.000000e-07
 68  70  0  0  0  2  7.545488e-02  2.000000e-07
 68  78  0  0  0  2  1.648002e-01  2.000000e-07
 68  52 -1  0  0  2  2.587041e-01  2.000000e-07
 68  81 -1 -1  0  2  4.513573e-01  2.000000e-07
 68  40  0 -1  0  2  3.006369e-01  2.000000e-07
 68  49  0  0  0  2  1.803842e-01  2.000000e-07
 68  50  0  0  0  2  3.575949e-02  2.000000e-07
 68  77  0  0  0  2  3.114527e-01  2.000000e-07
 68  86 -1  0  0  2  4.119352e-01  2.000000e-07
 68  87  0  0  0  2  2.346502e-01  2.000000e-07
 69  70  0  0  0  2  3.638222e-01  2.000000e-07
 69  78  0  0  0  2  2.578311e-01  2.000000e-07
 69  84  0  0  0  2  1.512323e-01  2.000000e-07
 69  72  0  0  0  2  2.593363e-01  2.000000e-07
 69  73  0  0  0  2  2.930171e-01  2.000000e-07
 69  40  0 -1  0  2  4.563146e-01  2.000000e-07
 69  67  0  0  0  2  3.057695e-01  2.000000e-07
 69  75  0  0  0  2  1.619897e-01  2.000000e-07
 69  49  0  0  0  2  1.764178e-01  2.000000e-07
 69  62  0  0  0  2  1.268474e-01  2.000000e-07
 69  85  0  0  0  2  3.190232e-01  2.000000e-07
 69  50  0  0  0  2  2.545186e-01  2.000000e-07
 69  76  0  0  0  2  2.792344e-01  2.000000e-07
 69  77  0  0  0  2  1.443491e-01  2.000000e-07
 69  86  0  0  0  2  3.831206e-01  2.000000e-07
 69  41  0 -1  0  2  4.749378e-01  2.000000e-07
 57  70  0  0  0  2  5.400170e-02  2.000000e-07
 57  58 -1  0  0  2  3.271574e-01  2.000000e-07
 57  59  0 -1  0  2  3.882217e-01  2.000000e-07
 57  81 -1 -1  0  2  3.221096e-01  2.000000e-07
 57  48  0  0  0  2  3.687459e-01  2.000000e-07
 57  42 -1  0  0  2  3.637675e-01  2.000000e-07
 57  75  0  0  0  2  3.811466e-01  2.000000e-07
 57  50  0  0  0  2  1.630177e-01  2.000000e-07
 57  63  0 -1  0  2  3.807472e-01  2.000000e-07
 57  86 -1  0  0  2  3.396743e-01  2.000000e-07
 57  41  0 -1  0  2  3.578792e-01  2.000000e-07
 57  64  0 -1  0  2  3.665197e-01  2.000000e-07
 70  58 -1  0  0  2  3.245033e-01  2.000000e-07
 70  52 -1  0  0  2  2.203481e-01  2.000000e-07
 70  73  0  0  0  2  3.784286e-01  2.000000e-07
 70  48  0  0  0  2  3.416796e-01  2.000000e-07
 70  60  0  0  0  2  3.767214e-01  2.000000e-07
 70  40  0 -1  0  2  3.068818e-01  2.000000e-07
 70  61 -1 -1  0  2  6.598270e-01  2.000000e-07
 70  75  0  0  0  2  3.349337e-01  2.000000e-07
 70  49  0  0  0  2  2.401763e-01  2.000000e-07
 70  50  0  0  0  2  1.093043e-01  2.000000e-07
 70  77  0  0  0  2  3.748301e-01  2.000000e-07
 70  41  0 -1  0  2  3.422118e-01  2.000000e-07
 70  64  0 -1  0  2  3.717572e-01  2.000000e-07
 58  52  0  0  0  2  1.408857e-01  2.000000e-07
 58  72  0  0  0  2  4.021680e-01  2.000000e-07
 58  73  1  0  0  2  2.367983e-01  2.000000e-07
 58  37  0  0  0  2  4.941954e-01  2.000000e-07
 58  48  1  0  0  2  1.630016e-01  2.000000e-07
 58  60  1  0  0  2  1.601394e-01  2.000000e-07
 58  61  0  0  0  2  4.439116e-01  2.000000e-07
 58  74  0  0  0  2  3.147825e-01  2.000000e-07
 58  42  0  0  0  2  1.137193e-01  2.000000e-07
 58  85  0  0  0  2  2.689608e-01  2.000000e-07
 58  50  1  0  0  2  3.327155e-01  2.000000e-07
 58  76  0  0  0  2  2.737079e-01  2.000000e-07
 58  86  0  0  0  2  1.887030e-01  2.000000e-07
 78  84  0  0  0  2  1.250953e-01  2.000000e-07
 78  40  0 -1  0  2  2.014536e-01  2.000000e-07
 78  67  0  0  0  2  2.930221e-01  2.000000e-07
 78  49  0  0  0  2  2.602084e-01  2.000000e-07
 78  62  0  0  0  2  3.838989e-01  2.000000e-07
 78  80  0 -1  0  2  2.943531e-01  2.000000e-07
 78  87  0  0  0  2  8.154889e-02  2.000000e-07
 78  79  0 -1  0  2  3.054113e-01  2.000000e-07
 84  71  0  0  0  2  3.950778e-01  2.000000e-07
 84  72  0  0  0  2  3.896559e-01  2.000000e-07
 84  81  0 -1  0  2  4.523221e-01  2.000000e-07
 84  74  0  0  0  2  4.352434e-01  2.000000e-07
 84  67  0  0  0  2  2.204473e-01  2.000000e-07
 84  75  0  0  0  2  2.742826e-01  2.000000e-07
 84  49  0  0  0  2  2.321670e-01  2.000000e-07
 84  62  0  0  0  2  2.705435e-01  2.000000e-07
 84  85  0  0  0  2  3.232875e-01  2.000000e-07
 84  50  0  0  0  2  2.098237e-01  2.000000e-07
 84  76  0  0  0  2  3.539755e-01  2.000000e-07
 84  86  0  0  0  2  4.017260e-01  2.000000e-07
 84  87  0  0  0  2  7.578305e-02  2.000000e-07
 71  72  0  0  0  2  2.504502e-01  2.000000e-07
 71  60  0  0  0  2  2.487575e-01  2.000000e-07
 71  74  0  0  0  2  3.433124e-01  2.000000e-07
 71  75  0  0  0  2  1.552076e-01  2.000000e-07
 71  49  0  0  0  2  2.500426e-01  2.000000e-07
 71  62  0  0  0  2  1.892541e-01  2.000000e-07
 71  80  0  0  0  2  3.995976e-01  2.000000e-07
 71  63  0  0  0  2  2.230950e-01  2.000000e-07
 71  77  0  0  0  2  1.259475e-01  2.000000e-07
 71  39  0  0  0  2  2.141358e-01  2.000000e-07
 59  73  0  0  0  2  2.284212e-01  2.000000e-07
 59  37  0  0  0  2  3.728756e-01  2.000000e-07
 59  48  0  0  0  2  2.696861e-01  2.000000e-07
 59  75  0  0  0  2  3.253227e-01  2.000000e-07
 59  63  0  0  0  2  1.180894e-01  2.000000e-07
 59  41  0  0  0  2  2.100789e-01  2.000000e-07
 59  64  0  0  0  2  6.895772e-02  2.000000e-07
 66  72  0  0  0  2  1.542180e-01  2.000000e-07
 66  38  0  0  0  2  2.403038e-01  2.000000e-07
 66  73  0  0  0  2  3.245339e-01  2.000000e-07
 66  37  0  0  0  2  9.235056e-02  2.000000e-07
 66  61  0  0  0  2  1.599097e-01  2.000000e-07
 66  62  0  0  0  2  1.988736e-01  2.000000e-07
 66  76  0  0  0  2  3.172140e-01  2.000000e-07
 66  77  0  0  0  2  2.505544e-01  2.000000e-07
 66  41  0  0  0  2  2.541627e-01  2.000000e-07
 66  39  0  0  0  2  5.780571e-02  2.000000e-07
 52  51  1  0  0  2  3.277134e-01  2.000000e-07
 52  81  0 -1  0  2  3.684072e-01  2.000000e-07
 52  48  1  0  0  2  2.563991e-01  2.000000e-07
 52  60  1  0  0  2  2.720064e-01  2.000000e-07
 52  49  1  0  0  2  2.986243e-01  2.000000e-07
 52  85  0  0  0  2  2.199560e-01  2.000000e-07
 52  76  0  0  0  2  3.026702e-01  2.000000e-07
 52  86  0  0  0  2  1.547087e-01  2.000000e-07
 72  73  0  0  0  2  4.023749e-01  2.000000e-07
 72  37  0  0  0  2  1.515822e-01  2.000000e-07
 72  61  0  0  0  2  1.628373e-01  2.000000e-07
 72  74  0  0  0  2  9.323650e-02  2.000000e-07
 72  42  0  0  0  2  3.078873e-01  2.000000e-07
 72  75  0  0  0  2  3.196092e-01  2.000000e-07
 72  85  0  0  0  2  3.102867e-01  2.000000e-07
 72  76  0  0  0  2  1.632481e-01  2.000000e-07
 72  63  0  0  0  2  3.849310e-01  2.000000e-07
 72  86  0  0  0  2  3.206539e-01  2.000000e-07
 81  61  0  0  0  2  2.966932e-01  2.000000e-07
 81  74  0  0  0  2  4.162792e-01  2.000000e-07
 81  85  0  1  0  2  3.402151e-01  2.000000e-07
 81  50  1  1  0  2  4.851102e-01  2.000000e-07
 81  76  0  0  0  2  5.305990e-01  2.000000e-07
 81  80  0  0  0  2  2.430856e-01  2.000000e-07
 81  86  0  1  0  2  3.731025e-01  2.000000e-07
 81  87  0  1  0  2  4.195567e-01  2.000000e-07
 81  79  0  0  0  2  2.056008e-01  2.000000e-07
 38  60  0  0  0  2  3.966892e-01  2.000000e-07
 38  40  0  0  0  2  5.980913e-02  2.000000e-07
 38  61  0  0  0  2  3.346902e-01  2.000000e-07
 38  80  0  0  0  2  2.518551e-01  2.000000e-07
 38  41  0  0  0  2  4.439391e-02  2.000000e-07
 38  39  0  0  0  2  2.745330e-01  2.000000e-07
 38  64  0  0  0  2  9.823259e-02  2.000000e-07
 73  52 -1  0  0  2  3.248016e-01  2.000000e-07
 73  37  0  0  0  2  4.168845e-01  2.000000e-07
 73  48  0  0  0  2  7.395981e-02  2.000000e-07
 73  60  0  0  0  2  8.817986e-02  2.000000e-07
 73  75  0  0  0  2  1.313986e-01  2.000000e-07
 73  77  0  0  0  2  1.565001e-01  2.000000e-07
 73  64  0  0  0  2  2.779101e-01  2.000000e-07
 37  61  0  0  0  2  6.989382e-02  2.000000e-07
 37  74  0  0  0  2  1.928571e-01  2.000000e-07
 37  67  0  1  0  2  4.297906e-01  2.000000e-07
 37  75  0  0  0  2  3.792836e-01  2.000000e-07
 37  76  0  0  0  2  3.037071e-01  2.000000e-07
 37  63  0  0  0  2  2.845586e-01  2.000000e-07
 37  41  0  0  0  2  2.759422e-01  2.000000e-07
 37  64  0  0  0  2  3.287329e-01  2.000000e-07
 48  75  0  0  0  2  1.769357e-01  2.000000e-07
 48  50  0  0  0  2  2.957971e-01  2.000000e-07
 60  81 -1  0  0  2  5.215713e-01  2.000000e-07
 60  61 -1  0  0  2  5.076470e-01  2.000000e-07
 60  49  0  0  0  2  2.277788e-01  2.000000e-07
 60  76 -1  0  0  2  4.132091e-01  2.000000e-07
 60  77  0  0  0  2  2.408747e-01  2.000000e-07
 60  86 -1  0  0  2  3.487390e-01  2.000000e-07
 60  64  0  0  0  2  3.064651e-01  2.000000e-07
 40  61  0  0  0  2  3.624715e-01  2.000000e-07
 40  67  0  1  0  2  3.827542e-01  2.000000e-07
 40  80  0  0  0  2  2.424983e-01  2.000000e-07
 40  41  0  0  0  2  3.562147e-02  2.000000e-07
 40  39  0  0  0  2  3.157081e-01  2.000000e-07
 40  79  0  0  0  2  2.793883e-01  2.000000e-07
 40  64  0  0  0  2  1.417526e-01  2.000000e-07
 61  74  0  0  0  2  1.667772e-01  2.000000e-07
 61  67  0  1  0  2  4.146453e-01  2.000000e-07
 61  76  0  0  0  2  2.880014e-01  2.000000e-07
 61  80  0  0  0  2  2.109203e-01  2.000000e-07
 61  41  0  0  0  2  3.275090e-01  2.000000e-07
 61  39  0  0  0  2  1.032138e-01  2.000000e-07
 61  79  0  0  0  2  2.308035e-01  2.000000e-07
 61  64  1  0  0  2  6.182071e-01  2.000000e-07
 74  75  0  0  0  2  4.073561e-01  2.000000e-07
 74  62  0  0  0  2  2.155237e-01  2.000000e-07
 74  76  0  0  0  2  1.226222e-01  2.000000e-07
 74  80  0  0  0  2  3.776949e-01  2.000000e-07
 74  39  0  0  0  2  1.881437e-01  2.000000e-07
 67  62  0  0  0  2  3.694119e-01  2.000000e-07
 67  86  0  0  0  2  2.626775e-01  2.000000e-07
 67  87  0  0  0  2  2.125805e-01  2.000000e-07
 67  41  0 -1  0  2  3.769844e-01  2.000000e-07
 67  79  0 -1  0  2  1.890012e-01  2.000000e-07
 42  85  0  0  0  2  1.681318e-01  2.000000e-07
 42  86  0  0  0  2  9.401096e-02  2.000000e-07
 75  49  0  0  0  2  9.518282e-02  2.000000e-07
 75  50  0  0  0  2  2.417609e-01  2.000000e-07
 75  63  0  0  0  2  3.658396e-01  2.000000e-07
 49  51  0  0  0  2  2.035462e-01  2.000000e-07
 49  62  0  0  0  2  2.597951e-01  2.000000e-07
 49  77  0  0  0  2  1.351036e-01  2.000000e-07
 49  86 -1  0  0  2  4.421833e-01  2.000000e-07
 62  44  0  0  0  2  3.002321e-01  2.000000e-07
 62  85  0  0  0  2  3.117521e-01  2.000000e-07
 62  76  0  0  0  2  2.124652e-01  2.000000e-07
 62  77  0  0  0  2  1.530859e-01  2.000000e-07
 62  86  0  0  0  2  3.539510e-01  2.000000e-07
 62  87  0  0  0  2  3.456248e-01  2.000000e-07
 62  39  0  0  0  2  2.136602e-01  2.000000e-07
 85  76  0  0  0  2  1.540519e-01  2.000000e-07
 85  86  0  0  0  2  8.036315e-02  2.000000e-07
 50  63  0 -1  0  2  4.103517e-01  2.000000e-07
 50  86 -1  0  0  2  4.249340e-01  2.000000e-07
 50  87  0  0  0  2  2.212350e-01  2.000000e-07
 76  86  0  0  0  2  1.578011e-01  2.000000e-07
 76  39  0  0  0  2  2.886723e-01  2.000000e-07
 80  63  0  0  0  2  2.942259e-01  2.000000e-07
 80  87  0  1  0  2  2.538453e-01  2.000000e-07
 80  39  0  0  0  2  2.436221e-01  2.000000e-07
 80  79  0  0  0  2  4.461901e-02  2.000000e-07
 63  87  0  1  0  2  3.466429e-01  2.000000e-07
 63  41  0  0  0  2  9.748775e-02  2.000000e-07
 63  64  0  0  0  2  5.200861e-02  2.000000e-07
 77  39  0  0  0  2  2.940081e-01  2.000000e-07
 77  64  0  0  0  2  3.431316e-01  2.000000e-07
 86  87  0  0  0  2  4.350908e-01  2.000000e-07
 86  79  0 -1  0  2  4.361700e-01  2.000000e-07
 87  54  0 -1  0  2  3.502383e-01  2.000000e-07
 87  79  0 -1  0  2  2.541110e-01  2.000000e-07
 41  64  0  0  0  2  1.411343e-01  2.000000e-07
 39  79  0  0  0  2  2.774993e-01  2.000000e-07
 53  44 -1  0  0  1  4.088538e-01  3.000000e-07
 53  45  0  0  0  1  9.244565e-02  3.000000e-07
 53  55 -1  0  0  1  3.484251e-01  3.000000e-07
 53  51  0  0  0  1  2.087938e-01  3.000000e-07
 53  58 -1  0  0  1  3.247615e-01  3.000000e-07
 53  59  0  0  0  1  1.037136e-01  3.000000e-07
 53  60  0  0  0  1  2.094347e-01  3.000000e-07
 53  74 -1  0  0  1  4.423234e-01  3.000000e-07
 82  65  0  0  0  1  1.205357e-01  3.000000e-07
 82  83  0  1  0  1  2.448262e-01  3.000000e-07
 82  55  0  0  0  1  1.200656e-01  3.000000e-07
 82  81  0  0  0  1  1.128191e-01  3.000000e-07
 82  79  0  0  0  1  9.293846e-02  3.000000e-07
 65  56  0  0  0  1  1.193749e-01  3.000000e-07
 65  37  0  0  0  1  1.824577e-01  3.000000e-07
 65  61  0  0  0  1  1.770502e-01  3.000000e-07
 65  79  0  0  0  1  5.848103e-02  3.000000e-07
 54  45  0  0  0  1  8.760501e-02  3.000000e-07
 54  57  0  1  0  1  2.745929e-01  3.000000e-07
 54  70  0  1  0  1  2.842648e-01  3.000000e-07
 54  81 -1  0  0  1  3.906011e-01  3.000000e-07
 54  38  0  0  0  1  1.370593e-01  3.000000e-07
 54  40  0  0  0  1  1.422443e-01  3.000000e-07
 54  63  0  0  0  1  1.232568e-01  3.000000e-07
 54  64  0  0  0  1  9.387700e-02  3.000000e-07
 43  83  0  0  0  1  1.813606e-01  3.000000e-07
 43  57  1  0  0  1  2.239878e-01  3.000000e-07
 43  52  0  0  0  1  5.104737e-02  3.000000e-07
 43  81  0 -1  0  1  3.332673e-01  3.000000e-07
 43  42  0  0  0  1  1.495861e-01  3.000000e-07
 43  86  0  0  0  1  1.173944e-01  3.000000e-07
 47  68  0  0  0  1  1.189492e-01  3.000000e-07
 47  84  0  0  0  1  2.133717e-01  3.000000e-07
 47  52 -1  0  0  1  2.753662e-01  3.000000e-07
 47  48  0  0  0  1  2.258453e-01  3.000000e-07
 47  49  0  0  0  1  6.154459e-02  3.000000e-07
 47  50  0  0  0  1  8.626700e-02  3.000000e-07
 83  81  0 -1  0  1  2.340001e-01  3.000000e-07
 83  67  0  0  0  1  1.284713e-01  3.000000e-07
 83  85  0  0  0  1  1.065475e-01  3.000000e-07
 83  86  0  0  0  1  1.555277e-01  3.000000e-07
 44  58  0  0  0  1  1.856220e-01  3.000000e-07
 44  74  0  0  0  1  1.447810e-01  3.000000e-07
 44  42  0  0  0  1  8.621249e-02  3.000000e-07
 44  76  0  0  0  1  9.245998e-02  3.000000e-07
 45  64  0  0  0  1  8.004844e-02  3.000000e-07
 55  81  0  0  0  1  1.211843e-01  3.000000e-07
 55  61  0  0  0  1  1.805273e-01  3.000000e-07
 55  74  0  0  0  1  2.961062e-01  3.000000e-07
 56  37  0  0  0  1  2.465728e-01  3.000000e-07
 56  40  0  0  0  1  1.601214e-01  3.000000e-07
 56  80  0  0  0  1  8.856434e-02  3.000000e-07
 56  87  0  1  0  1  1.949170e-01  3.000000e-07
 56  41  0  0  0  1  1.421216e-01  3.000000e-07
 56  79  0  0  0  1  1.201502e-01  3.000000e-07
 51  71  0  0  0  1  1.753319e-01  3.000000e-07
 51  59  0  0  0  1  2.101419e-01  3.000000e-07
 51  48  0  0  0  1  7.154646e-02  3.000000e-07
 51  60  0  0  0  1  7.345601e-02  3.000000e-07
 68  70  0  0  0  1  7.545488e-02  3.000000e-07
 68  78  0  0  0  1  1.648002e-01  3.000000e-07
 69  84  0  0  0  1  1.512323e-01  3.000000e-07
 69  75  0  0  0  1  1.619897e-01  3.000000e-07
 69  49  0  0  0  1  1.764178e-01  3.000000e-07
 69  62  0  0  0  1  1.268474e-01  3.000000e-07
 69  76  0  0  0  1  2.792344e-01  3.000000e-07
 69  77  0  0  0  1  1.443491e-01  3.000000e-07
 57  70  0  0  0  1  5.400170e-02  3.000000e-07
 57  52 -1  0  0  1  2.059363e-01  3.000000e-07
 57  81 -1 -1  0  1  3.221096e-01  3.000000e-07
 70  78  0  0  0  1  2.183954e-01  3.000000e-07
 70  52 -1  0  0  1  2.203481e-01  3.000000e-07
 70  40  0 -1  0  1  3.068818e-01  3.000000e-07
 58  52  0  0  0  1  1.408857e-01  3.000000e-07
 58  48  1  0  0  1  1.630016e-01  3.000000e-07
 58  60  1  0  0  1  1.601394e-01  3.000000e-07
 58  42  0  0  0  1  1.137193e-01  3.000000e-07
 78  84  0  0  0  1  1.250953e-01  3.000000e-07
 78  40  0 -1  0  1  2.014536e-01  3.000000e-07
 78  50  0  0  0  1  1.600464e-01  3.000000e-07
 78  87  0  0  0  1  8.154889e-02  3.000000e-07
 84  67  0  0  0  1  2.204473e-01  3.000000e-07
 84  50  0  0  0  1  2.098237e-01  3.000000e-07
 84  87  0  0  0  1  7.578305e-02  3.000000e-07
 71  59  0  0  0  1  2.201971e-01  3.000000e-07
 71  73  0  0  0  1  1.659384e-01  3.000000e-07
 71  62  0  0  0  1  1.892541e-01  3.000000e-07
 71  63  0  0  0  1  2.230950e-01  3.000000e-07
 71  77  0  0  0  1  1.259475e-01  3.000000e-07
 71  64  0  0  0  1  2.269888e-01  3.000000e-07
 59  64  0  0  0  1  6.895772e-02  3.000000e-07
 66  72  0  0  0  1  1.542180e-01  3.000000e-07
 66  38  0  0  0  1  2.403038e-01  3.000000e-07
 66  37  0  0  0  1  9.235056e-02  3.000000e-07
 66  62  0  0  0  1  1.988736e-01  3.000000e-07
 66  63  0  0  0  1  2.314223e-01  3.000000e-07
 66  41  0  0  0  1  2.541627e-01  3.000000e-07
 66  39  0  0  0  1  5.780571e-02  3.000000e-07
 52  48  1  0  0  1  2.563991e-01  3.000000e-07
 52  42  0  0  0  1  1.581367e-01  3.000000e-07
 72  61  0  0  0  1  1.628373e-01  3.000000e-07
 72  74  0  0  0  1  9.323650e-02  3.000000e-07
 72  62  0  0  0  1  1.372029e-01  3.000000e-07
 72  76  0  0  0  1  1.632481e-01  3.000000e-07
 72  39  0  0  0  1  1.284412e-01  3.000000e-07
 38  40  0  0  0  1  5.980913e-02  3.000000e-07
 38  63  0  0  0  1  5.312095e-02  3.000000e-07
 73  48  0  0  0  1  7.395981e-02  3.000000e-07
 73  75  0  0  0  1  1.313986e-01  3.000000e-07
 73  49  0  0  0  1  1.794420e-01  3.000000e-07
 73  77  0  0  0  1  1.565001e-01  3.000000e-07
 37  61  0  0  0  1  6.989382e-02  3.000000e-07
 37  41  0  0  0  1  2.759422e-01  3.000000e-07
 48  49  0  0  0  1  1.881880e-01  3.000000e-07
 61  39  0  0  0  1  1.032138e-01  3.000000e-07
 67  82  0 -1  0  1  1.939443e-01  3.000000e-07
 67  85  0  0  0  1  1.886974e-01  3.000000e-07
 67  87  0  0  0  1  2.125805e-01  3.000000e-07
 67  79  0 -1  0  1  1.890012e-01  3.000000e-07
 42  86  0  0  0  1  9.401096e-02  3.000000e-07
 75  49  0  0  0  1  9.518282e-02  3.000000e-07
 62  77  0  0  0  1  1.530859e-01  3.000000e-07
 85  76  0  0  0  1  1.540519e-01  3.000000e-07
 76  86  0  0  0  1  1.578011e-01  3.000000e-07
 63  64  0  0  0  1  5.200861e-02  3.000000e-07
-4.186487e-01 -7.609894e-02  4.342859e-01
-8.227641e-02 -1.903683e-01  1.427133e-01
 1.297785e-01 -1.052261e-01  2.509477e-01
-1.662659e-01 -1.682997e-01  2.199127e-01
-1.918668e-01 -1.416012e-01  2.529349e-01
-1.702156e-01 -3.482822e-01  2.006571e-01
 1.101694e-01  3.907454e-01  2.177883e-01
-1.589040e-01  3.162648e-01  3.691979e-01
 1.229675e-01 -3.962481e-01  1.227113e-01
 1.638250e-01 -3.746842e-01  1.279989e-01
 8.508478e-02  3.673719e-01  2.097421e-01
 1.603489e-01 -2.269824e-01 -1.588316e-01
 3.142134e-01 -3.761888e-01 -2.012016e-01
 3.855699e-01 -3.177160e-01 -1.828819e-01
-1.817237e-02  2.483416e-01 -3.451713e-01
-1.009999e-01  3.377917e-01 -3.844859e-01
-2.136306e-01  1.087063e-01 -2.471092e-01
-2.195989e-01  8.835407e-02 -1.883331e-01
-8.093185e-02  1.384637e-01 -3.229055e-01
-1.621564e-01 -3.436330e-01 -2.242320e-01
 1.334123e-01  3.777741e-01 -2.884349e-01
-1.347011e-01  4.170526e-01  3.764225e-01
-1.479938e-01  3.392883e-01 -4.256299e-01
 1.603949e-01 -4.234437e-01 -3.734732e-01
 1.689628e-01  1.531804e-01  4.240482e-01
-1.287608e-01 -4.428046e-01  3.458531e-01
-1.420681e-03 -3.315693e-01  1.139230e-01
-4.120050e-01  4.295302e-01  1.994544e-01
-4.387021e-01  1.166993e-02 -3.332466e-01
 7.855990e-02 -3.615570e-01 -4.102731e-01
-2.856025e-01  4.645677e-02 -2.771838e-01
-4.483658e-02 -2.578398e-01 -4.171058e-01
-4.396716e-02  1.460299e-01 -3.818828e-01
-4.219121e-01 -3.877124e-01 -3.964844e-01
 2.091174e-01 -2.812260e-01  1.630033e-01
 2.945612e-01 -1.698886e-01 -2.890819e-01
 5.713403e-02  1.418203e-01  1.281562e-01
 4.085155e-02  1.581991e-01  0
-1.962880e-01  3.009623e-01  0
 1.531616e-02  1.260565e-01  0
-1.958267e-01  3.607696e-01  0
-1.697234e-01  3.365311e-01  0
 3.377085e-01 -1.403404e-01  0
 3.933566e-01 -2.791903e-01  0
 2.658869e-01 -9.265123e-02  0
-3.560230e-01  2.355481e-01  0
-2.869230e-01  1.332493e-02 -1.424519e-01
-2.839133e-01 -2.549705e-01  0
-3.986139e-01 -6.042007e-02  0
-2.676921e-01 -1.956021e-01  0
-3.007856e-01 -3.395715e-01  0
-3.489070e-01 -8.960217e-03  0
 4.407717e-01 -2.602787e-01  0
-4.318423e-01  1.826555e-01  0
-3.320456e-01  3.198079e-01  0
 2.380342e-01  2.940938e-01  0
-3.869891e-02  3.915869e-01  0
-4.383647e-01 -4.270172e-01  0
 4.495326e-01 -1.196657e-01  0
-3.296400e-01  2.002966e-01  0
-4.202485e-01 -2.645807e-02  0
 1.102407e-01  1.665833e-01  0
-3.414900e-02 -8.179898e-02  0
-2.260247e-01  2.569445e-01  0
-2.764403e-01  2.441710e-01  0
 6.826481e-02  3.385857e-01  0
-4.176435e-02  1.169288e-01  0
 1.171008e-01 -4.188281e-01  0
-3.236082e-01 -3.671009e-01  0
-9.127507e-02 -1.950548e-01  0
-3.905055e-01 -4.020035e-01  0
-1.801534e-01  3.861627e-02  0
 6.855988e-02  9.170862e-03  0
-3.320841e-01 -2.811155e-02  0
 1.617887e-01  7.972336e-03  0
-2.284457e-01 -1.088871e-01  0
 1.758868e-01 -1.138367e-01  0
-1.871418e-01 -8.713715e-02  0
-1.752377e-01 -4.388316e-01  0
 8.138503e-02  3.955760e-01  0
 4.657354e-02  3.676651e-01  0
 2.867675e-01  4.050474e-01  0
 1.743230e-01  3.958613e-01  0
 2.345854e-01 -3.668450e-01  0
-9.106932e-02 -3.462869e-01  0
 2.208176e-01 -2.611908e-01  0
 2.909057e-01 -2.218730e-01  0
-9.545682e-02 -4.219429e-01  0
 4.265998e-01 -2.352374e-01  2.287157e-01
-6.723276e-02 -1.993634e-01 -1.926115e-01