 716  90  1.200000e-05  72 -2 -2
 26  40 -1  0  0  3  4.352754e-01  1.000000e-07
 26  41  0  0  0  3  4.739680e-01  1.000000e-07
 26  85  0  0  0  3  2.830361e-01  1.000000e-07
 26  28  0  0  0  3  4.424030e-01  1.000000e-07
 26  35  0  0  1  3  5.638608e-01  1.000000e-07
 26  39  0  0  1  3  4.228367e-01  1.000000e-07
 26  37  0  0  1  3  3.843357e-01  1.000000e-07
 26  43  0  0  1  3  4.832176e-01  1.000000e-07
 87  16  0  0  0  3  3.343110e-01  1.000000e-07
 87  27  0  0  0  3  3.770828e-01  1.000000e-07
 87  33  0  0  0  3  3.907518e-01  1.000000e-07
 87  18  0  0  0  3  2.439234e-01  1.000000e-07
 87  29  0  0  0  3  3.235054e-01  1.000000e-07
 16  88  0  0  0  3  3.354576e-01  1.000000e-07
 16  17  0  0  0  3  3.431112e-01  1.000000e-07
 16  44  0  0  0  3  2.816943e-01  1.000000e-07
 16  18  0  0  0  3  3.665210e-01  1.000000e-07
 27  33  0  0  0  3  3.764869e-01  1.000000e-07
 27  88  0  0  0  3  3.797673e-01  1.000000e-07
 27  85  0  0  0  3  3.671931e-01  1.000000e-07
 27  28  0  0  0  3  5.146580e-01  1.000000e-07
 27  44  0  0  0  3  2.474952e-01  1.000000e-07
 27  61  1  0  0  3  4.009280e-01  1.000000e-07
 27  34  0  0  1  3  4.905924e-01  1.000000e-07
 33  40  0  1  0  3  3.592371e-01  1.000000e-07
 33  61  1  0  0  3  3.091808e-01  1.000000e-07
 33  29  0  0  0  3  1.326551e-01  1.000000e-07
 33  38  1  1  1  3  4.362395e-01  1.000000e-07
 33  62  0  0  1  3  4.435354e-01  1.000000e-07
 33  89  0  0  1  3  2.636414e-01  1.000000e-07
 33  31  0  0  1  3  4.068002e-01  1.000000e-07
 88  42  0  0  0  3  4.797784e-01  1.000000e-07
 88  85  0  0  0  3  4.759261e-01  1.000000e-07
 88  28  0  0  0  3  2.268470e-01  1.000000e-07
 88  29  0  0  0  3  3.426330e-01  1.000000e-07
 88  37  0  1  1  3  4.995912e-01  1.000000e-07
 40  41  0  0  0  3  3.084455e-01  1.000000e-07
 40  45  1  0  0  3  3.529039e-01  1.000000e-07
 40  17  0  0  0  3  1.841446e-01  1.000000e-07
 40  44  0  0  0  3  2.097669e-01  1.000000e-07
 40  15  0  0  0  3  2.668256e-01  1.000000e-07
 40  29  0 -1  0  3  2.736330e-01  1.000000e-07
 40  32  0  0  1  3  3.982115e-01  1.000000e-07
 41  17  0  0  0  3  2.101676e-01  1.000000e-07
 41  85  0  0  0  3  2.652072e-01  1.000000e-07
 41  15  0  0  0  3  9.134837e-02  1.000000e-07
 41  29  0 -1  0  3  3.392385e-01  1.000000e-07
 41  32  0  0  1  3  5.129690e-01  1.000000e-07
 20  42  0  0  0  3  4.383173e-01  1.000000e-07
 20  45  0  1  0  3  3.544862e-01  1.000000e-07
 20  61  0  0  0  3  1.750231e-01  1.000000e-07
 20  38  0  1  1  3  4.337496e-01  1.000000e-07
 20  36  0  0  1  3  3.164785e-01  1.000000e-07
 20  37  0  1  1  3  3.903362e-01  1.000000e-07
 42  85  0  0  0  3  3.408032e-01  1.000000e-07
 42  28  0  0  0  3  4.202734e-01  1.000000e-07
 42  15 -1  0  0  3  5.920070e-01  1.000000e-07
 42  61  0  0  0  3  3.945067e-01  1.000000e-07
 42  18 -1 -1  0  3  6.343553e-01  1.000000e-07
 42  39  0  0  1  3  4.582663e-01  1.000000e-07
 42  31 -1  0  1  3  4.946756e-01  1.000000e-07
 45  17 -1  0  0  3  4.695459e-01  1.000000e-07
 45  15 -1  0  0  3  5.372314e-01  1.000000e-07
 45  38  0  0  1  3  2.679159e-01  1.000000e-07
 45  39  0  0  1  3  4.843494e-01  1.000000e-07
 45  31 -1  0  1  3  4.568091e-01  1.000000e-07
 17  18  0 -1  0  3  3.128807e-01  1.000000e-07
 17  43  0  0  1  3  4.781305e-01  1.000000e-07
 85  28  0  0  0  3  4.846621e-01  1.000000e-07
 28  61  0  0  0  3  3.003915e-01  1.000000e-07
 28  35  0  0  1  3  3.907130e-01  1.000000e-07
 28  36  0  0  1  3  2.909521e-01  1.000000e-07
 28  37  0  1  1  3  4.099177e-01  1.000000e-07
 44  15  0  0  0  3  2.873297e-01  1.000000e-07
 44  43  0  0  1  3  5.010592e-01  1.000000e-07
 15  18  0 -1  0  3  1.423739e-01  1.000000e-07
 61  18 -1  0  0  3  3.631341e-01  1.000000e-07
 61  36  0  0  1  3  3.334448e-01  1.000000e-07
 29  34  0  0  1  3  1.936529e-01  1.000000e-07
 29  32  0  1  1  3  3.539714e-01  1.000000e-07
 29  89  0  0  1  3  3.126627e-01  1.000000e-07
 29  37  0  1  1  3  4.877537e-01  1.000000e-07
 30  35  0  0  0  3  1.770838e-01  1.000000e-07
 30  34  0  0  0  3  3.067400e-01  1.000000e-07
 30  81  0  0  0  3  4.132446e-01  1.000000e-07
 30  62  0  0  0  3  2.495842e-01  1.000000e-07
 30  89  0  0  0  3  2.314569e-01  1.000000e-07
 30  31  0  0  0  3  3.044910e-01  1.000000e-07
 30  43  0  0  0  3  3.793131e-01  1.000000e-07
 35  34  0  0  0  3  3.455907e-01  1.000000e-07
 35  22  0  0  0  3  3.742967e-01  1.000000e-07
 35  84  0  0  0  3  1.433394e-01  1.000000e-07
 35  39  0  0  0  3  3.558585e-01  1.000000e-07
 35  25  0  0  0  3  3.663778e-01  1.000000e-07
 35  31  0  0  0  3  4.143595e-01  1.000000e-07
 19  81  0  0  0  3  1.928296e-01  1.000000e-07
 19  82 -1  0  0  3  6.353888e-01  1.000000e-07
 19  62 -1  0  0  3  3.761203e-01  1.000000e-07
 19  39  0  0  0  3  3.601669e-01  1.000000e-07
 34  22  0  0  0  3  4.836037e-01  1.000000e-07
 34  82  0  1  0  3  4.026683e-01  1.000000e-07
 34  32  0  1  0  3  3.260154e-01  1.000000e-07
 34  89  0  0  0  3  1.863065e-01  1.000000e-07
 34  31  0  0  0  3  4.423093e-01  1.000000e-07
 22  38  0  1  0  3  3.530837e-01  1.000000e-07
 22  82  0  1  0  3  5.703192e-01  1.000000e-07
 22  36  0  0  0  3  1.308239e-01  1.000000e-07
 22  84  0  0  0  3  4.085387e-01  1.000000e-07
 22  39  0  0  0  3  2.254965e-01  1.000000e-07
 22  25  0  0  0  3  1.549160e-01  1.000000e-07
 22  37  0  1  0  3  3.535911e-01  1.000000e-07
 81  21  0  0  0  3  2.805305e-01  1.000000e-07
 21  62 -1  0  0  3  3.237565e-01  1.000000e-07
 21  84  0  0  0  3  4.067379e-01  1.000000e-07
 21  39  0  0  0  3  3.050923e-01  1.000000e-07
 21  25  0  0  0  3  2.027853e-01  1.000000e-07
 38  23  0 -1  0  3  3.718421e-01  1.000000e-07
 38  32 -1  0  0  3  5.352829e-01  1.000000e-07
 38  36  0 -1  0  3  3.127821e-01  1.000000e-07
 38  39  0  0  0  3  5.031921e-01  1.000000e-07
 38  24  0 -1  0  3  2.724532e-01  1.000000e-07
 82  24  1 -1  0  3  5.061605e-01  1.000000e-07
 23  89 -1  0  0  3  3.645227e-01  1.000000e-07
 23  24  0  0  0  3  1.757406e-01  1.000000e-07
 32  84  0 -1  0  3  5.347426e-01  1.000000e-07
 32  89  0 -1  0  3  4.025643e-01  1.000000e-07
 32  31  0  0  0  3  4.335811e-01  1.000000e-07
 32  37  0  0  0  3  2.609489e-01  1.000000e-07
 32  43  0  0  0  3  1.115646e-01  1.000000e-07
 62  25  1  0  0  3  2.983571e-01  1.000000e-07
 62  43  0  0  0  3  4.365754e-01  1.000000e-07
 62  24  1  0  0  3  3.812976e-01  1.000000e-07
 36  39  0  0  0  3  1.947257e-01  1.000000e-07
 36  25  0  0  0  3  2.331316e-01  1.000000e-07
 36  37  0  1  0  3  3.393024e-01  1.000000e-07
 36  24  0  0  0  3  1.049538e-01  1.000000e-07
 84  25  0  0  0  3  4.126980e-01  1.000000e-07
 39  25  0  0  0  3  1.984610e-01  1.000000e-07
 39  43  0  0  0  3  5.321430e-01  1.000000e-07
 39  24  0  0  0  3  2.632333e-01  1.000000e-07
 25  24  0  0  0  3  2.411358e-01  1.000000e-07
 89  31  0  0  0  3  3.862364e-01  1.000000e-07
 89  24  1  0  0  3  3.001798e-01  1.000000e-07
 31  43  0  0  0  3  3.663660e-01  1.000000e-07
 37  43  0  0  0  3  2.937480e-01  1.000000e-07
 37  24  0 -1  0  3  3.586824e-01  1.000000e-07
 85  80  0  0  0  3  2.914784e-01  1.000000e-07
 7  82  0  0  0  3  1.497095e-01  1.000000e-07
 16  56  0  0  0  3  1.440700e-01  1.000000e-07
 68  62  0  0  0  3  3.118181e-01  1.000000e-07
 20  83  0  1  0  3  4.481189e-01  1.000000e-07
 12  81  0  0  0  3  2.284688e-01  1.000000e-07
 44  60  1  0  0  3  3.443725e-01  1.000000e-07
 67  19  0  0  0  3  2.055448e-01  1.000000e-07
 87  12  0  1  0  3  2.849460e-01  1.000000e-07
 76  81  0  0  0  3  2.723493e-01  1.000000e-07
 26  77  0  0  0  3  3.169825e-01  1.000000e-07
 4  81  0  0  0  3  1.704665e-01  1.000000e-07
 16  56  0  0  0  3  1.278873e-01  1.000000e-07
 68  30  0  0  0  3  2.490147e-01  1.000000e-07
 20  54  0  1  0  3  4.924089e-01  1.000000e-07
 79  19  0  0  0  3  2.011772e-01  1.000000e-07
 41  80  0  0  0  3  1.476100e-01  1.000000e-07
 74  82  0  0  0  3  1.075164e-01  1.000000e-07
 44  80  0  0  0  3  2.946662e-01  1.000000e-07
 5  82  0  0  0  3  1.426412e-01  1.000000e-07
 16  50  0  0  0  3  3.158216e-01  1.000000e-07
 65  82  0  0  0  3  2.580303e-01  1.000000e-07
 17  65  0  0  0  3  2.618763e-01  1.000000e-07
 50  30  0  0  0  3  3.124469e-01  1.000000e-07
 45  66  0  0  0  3  4.008262e-01  1.000000e-07
 60  19  0  0  0  3  1.377458e-01  1.000000e-07
 16  48  0  0  0  3  2.354722e-01  1.000000e-07
 56  23  1  0  0  3  3.127630e-01  1.000000e-07
 88  6  0  0  0  3  2.572386e-01  1.000000e-07
 75  84  0  0  0  3  1.751758e-01  1.000000e-07
 18  46  0  0  0  3  1.826087e-01  1.000000e-07
 9  89  0  0  0  3  3.179874e-01  1.000000e-07
 85  72  0  0  0  3  2.693970e-01  1.000000e-07
 3  84  0  0  0  3  2.107303e-01  1.000000e-07
 44  60  1  0  0  3  3.424870e-01  1.000000e-07
 63  21  0  0  0  3  1.922648e-01  1.000000e-07
 61  2  0  0  0  3  2.987295e-01  1.000000e-07
 53  25  0  0  0  3  2.146213e-01  1.000000e-07
 18  58  0  0  0  3  2.606228e-01  1.000000e-07
 69  84  0  0  0  3  2.364716e-01  1.000000e-07
 88  55  0  0  0  3  3.132662e-01  1.000000e-07
 86  23  0  0  0  3  2.277231e-01  1.000000e-07
 27  63  1  0  0  3  2.988457e-01  1.000000e-07
 60  21  0  0  0  3  2.166316e-01  1.000000e-07
 87  55  0  0  0  3  2.710939e-01  1.000000e-07
 86  23  0  0  0  3  2.737701e-01  1.000000e-07
 61  67  0  0  0  3  3.702313e-01  1.000000e-07
 60  21  0  0  0  3  1.568357e-01  1.000000e-07
 18  49  0  0  0  3  2.565835e-01  1.000000e-07
 48  23  1  0  0  3  2.485139e-01  1.000000e-07
 15  80  0  0  0  3  1.473850e-01  1.000000e-07
 74  82  0  0  0  3  1.050576e-01  1.000000e-07
 41  83  0  0  0  3  2.004667e-01  1.000000e-07
 7  81  0  0  0  3  2.246701e-01  1.000000e-07
 87  10  0  0  0  3  2.220017e-01  1.000000e-07
 14  82  0  1  0  3  1.379037e-01  1.000000e-07
 15  49  0 -1  0  3  2.667229e-01  1.000000e-07
 46  23  1  0  0  3  3.090874e-01  1.000000e-07
 44  47  0  0  0  3  2.325101e-01  1.000000e-07
 0  62  0  0  0  3  2.981641e-01  1.000000e-07
 87  6  0  0  0  3  2.055061e-01  1.000000e-07
 75  84  0  0  0  3  1.944176e-01  1.000000e-07
 20  57  0  0  0  3  4.111076e-01  1.000000e-07
 59  21  0  0  0  3  1.579742e-01  1.000000e-07
 17  79  1  0  0  3  3.692159e-01  1.000000e-07
 60  19  0  0  0  3  2.279057e-01  1.000000e-07
 15  78  0  0  0  3  3.517328e-01  1.000000e-07
 64  19  1  0  0  3  3.091367e-01  1.000000e-07
 17  51  0  0  0  3  2.867170e-01  1.000000e-07
 83  81  0  0  0  3  2.208558e-01  1.000000e-07
 45  86  0 -1  0  3  4.568866e-01  1.000000e-07
 52  23  0  0  0  3  2.070208e-01  1.000000e-07
 85  4  0  0  0  3  2.108730e-01  1.000000e-07
 77  81  0  0  0  3  1.666510e-01  1.000000e-07
 55  77  0  0  0  2  3.685359e-01  2.000000e-07
 55  2  0  0  0  2  2.211885e-01  2.000000e-07
 55  14  0  0  0  2  3.111795e-01  2.000000e-07
 55  57  0  0  0  2  1.738663e-01  2.000000e-07
 55  60  0  0  0  2  2.688521e-01  2.000000e-07
 55  54  0  1  0  2  4.369444e-01  2.000000e-07
 55  86  0  0  0  2  2.000374e-01  2.000000e-07
 55  48 -1  0  0  2  4.546046e-01  2.000000e-07
 55  49 -1  0  0  2  4.144326e-01  2.000000e-07
 55  11 -1  1  0  2  5.452727e-01  2.000000e-07
 55  67  0  0  0  2  2.542639e-01  2.000000e-07
 55  70  0  0  0  2  2.543611e-01  2.000000e-07
 55  58  0  0  0  2  3.731803e-01  2.000000e-07
 55  71  0  0  0  2  2.063980e-01  2.000000e-07
 55  72  0  0  0  2  2.934271e-01  2.000000e-07
 55  76  0  1  0  2  4.470490e-01  2.000000e-07
 55  53  0  0  0  2  2.562495e-01  2.000000e-07
 0  56  0  0  0  2  1.234469e-01  2.000000e-07
 0  64  0  0  0  2  1.368172e-01  2.000000e-07
 0  65  0  0  0  2  1.968797e-01  2.000000e-07
 0  2  1  0  0  2  3.010869e-01  2.000000e-07
 0  63  1  0  0  2  2.388527e-01  2.000000e-07
 0  47  0  0  0  2  9.866867e-02  2.000000e-07
 0  69  0  0  0  2  3.602089e-01  2.000000e-07
 0  51  0  0  0  2  3.114987e-01  2.000000e-07
 0  68  0  0  0  2  6.454161e-02  2.000000e-07
 6  13  0  0  0  2  8.381217e-02  2.000000e-07
 6  74  0  1  0  2  3.503403e-01  2.000000e-07
 6  57  0  0  0  2  3.287311e-01  2.000000e-07
 6  75  0  0  0  2  1.027107e-01  2.000000e-07
 6  59  0  0  0  2  2.704744e-01  2.000000e-07
 6  69  0  0  0  2  2.058588e-01  2.000000e-07
 6  70  0  0  0  2  1.559580e-01  2.000000e-07
 6  71  0  0  0  2  2.913879e-01  2.000000e-07
 6  72  0  0  0  2  1.925183e-01  2.000000e-07
 6  53  0  0  0  2  4.553520e-01  2.000000e-07
 56  65  0  0  0  2  2.158800e-01  2.000000e-07
 56  77  0  0  0  2  4.043950e-01  2.000000e-07
 56  13  0  0  0  2  3.798190e-01  2.000000e-07
 56  46  0  0  0  2  3.449706e-01  2.000000e-07
 56  2  1  0  0  2  3.209280e-01  2.000000e-07
 56  63  1  0  0  2  3.022999e-01  2.000000e-07
 56  14  0  0  0  2  3.399085e-01  2.000000e-07
 56  57  1  0  0  2  4.607415e-01  2.000000e-07
 56  75  0  0  0  2  2.130658e-01  2.000000e-07
 56  60  1  0  0  2  3.710682e-01  2.000000e-07
 56  1  0  0  0  2  1.344620e-01  2.000000e-07
 56  47  0  0  0  2  2.192707e-01  2.000000e-07
 56  49  0  0  0  2  3.936512e-01  2.000000e-07
 56  69  0  0  0  2  2.425582e-01  2.000000e-07
 56  8  0  0  0  2  2.725394e-01  2.000000e-07
 56  51  0  0  0  2  3.174997e-01  2.000000e-07
 56  58  0  0  0  2  2.337640e-01  2.000000e-07
 56  52  1  0  0  2  4.232364e-01  2.000000e-07
 56  53  1  0  0  2  3.969412e-01  2.000000e-07
 56  68  0  0  0  2  8.007683e-02  2.000000e-07
 64  3  0  0  0  2  3.784092e-01  2.000000e-07
 64  2  1  0  0  2  3.962632e-01  2.000000e-07
 64  63  1  0  0  2  3.030073e-01  2.000000e-07
 64  5  0  0  0  2  1.276056e-01  2.000000e-07
 64  47  0  0  0  2  4.827366e-02  2.000000e-07
 64  48  0  0  0  2  4.838644e-01  2.000000e-07
 64  4  0  0  0  2  3.849325e-01  2.000000e-07
 64  51  0  0  0  2  2.834823e-01  2.000000e-07
 64  67  1  0  0  2  3.386077e-01  2.000000e-07
 64  73  0  0  0  2  9.600548e-02  2.000000e-07
 64  78  0  0  0  2  1.967633e-01  2.000000e-07
 64  79  1  0  0  2  2.677387e-01  2.000000e-07
 64  72  0  0  0  2  3.950934e-01  2.000000e-07
 64  52  1 -1  0  2  5.048337e-01  2.000000e-07
 64  68  0  0  0  2  1.713548e-01  2.000000e-07
 65  77  0  0  0  2  2.598971e-01  2.000000e-07
 65  1  0  0  0  2  2.171780e-01  2.000000e-07
 65  47  0  0  0  2  2.047805e-01  2.000000e-07
 65  50  0  0  0  2  5.173404e-02  2.000000e-07
 65  51  0  0  0  2  1.146216e-01  2.000000e-07
 65  73  0  0  0  2  1.392686e-01  2.000000e-07
 65  58  0  0  0  2  3.993756e-01  2.000000e-07
 65  72  0  0  0  2  2.287000e-01  2.000000e-07
 65  76  0  0  0  2  3.100416e-01  2.000000e-07
 83  77  0  0  0  2  1.929057e-01  2.000000e-07
 83  74  0  0  0  2  1.294123e-01  2.000000e-07
 83  12  0  0  0  2  1.361113e-01  2.000000e-07
 83  66  0  0  0  2  3.872671e-01  2.000000e-07
 83  5  0  0  0  2  3.115718e-01  2.000000e-07
 83  54  0  0  0  2  3.449607e-01  2.000000e-07
 83  86  0 -1  0  2  4.097019e-01  2.000000e-07
 83  4  0  0  0  2  1.521503e-01  2.000000e-07
 83  51  0  0  0  2  1.491918e-01  2.000000e-07
 83  70  0 -1  0  2  3.038490e-01  2.000000e-07
 83  79  0  0  0  2  4.363925e-01  2.000000e-07
 83  7  0  0  0  2  7.634975e-02  2.000000e-07
 83  80  0  0  0  2  1.352296e-01  2.000000e-07
 83  52  0 -1  0  2  5.331692e-01  2.000000e-07
 83  76  0  0  0  2  1.035403e-01  2.000000e-07
 83  53  0 -1  0  2  5.570028e-01  2.000000e-07
 77  13  0  0  0  2  4.519122e-01  2.000000e-07
 77  66  0  0  0  2  2.158170e-01  2.000000e-07
 77  3  0  0  0  2  7.059482e-02  2.000000e-07
 77  14  0  0  0  2  4.970998e-01  2.000000e-07
 77  57  0  0  0  2  2.591849e-01  2.000000e-07
 77  75  0  0  0  2  3.543529e-01  2.000000e-07
 77  60  0  0  0  2  3.061295e-01  2.000000e-07
 77  54  0  0  0  2  3.590448e-01  2.000000e-07
 77  86  0 -1  0  2  5.187596e-01  2.000000e-07
 77  50  0  0  0  2  2.595579e-01  2.000000e-07
 77  51  0  0  0  2  1.704937e-01  2.000000e-07
 77  67  0  0  0  2  3.032163e-01  2.000000e-07
 77  58  0  0  0  2  4.671102e-01  2.000000e-07
 77  7  0  0  0  2  2.662796e-01  2.000000e-07
 77  72  0  0  0  2  2.053259e-01  2.000000e-07
 77  76  0  0  0  2  2.964410e-01  2.000000e-07
 13  12  0  1  0  2  2.413107e-01  2.000000e-07
 13  14  0  0  0  2  9.076325e-02  2.000000e-07
 13  57  0  0  0  2  3.674730e-01  2.000000e-07
 13  75  0  0  0  2  1.729203e-01  2.000000e-07
 13  59  0  0  0  2  2.992775e-01  2.000000e-07
 13  86  0  0  0  2  2.970278e-01  2.000000e-07
 13  69  0  0  0  2  2.153578e-01  2.000000e-07
 13  10  0  0  0  2  2.110944e-01  2.000000e-07
 13  53  0  0  0  2  4.273063e-01  2.000000e-07
 74  13  0 -1  0  2  2.731886e-01  2.000000e-07
 74  46  0 -1  0  2  2.893347e-01  2.000000e-07
 74  12  0  0  0  2  5.403230e-02  2.000000e-07
 74  5  0  0  0  2  2.779095e-01  2.000000e-07
 74  48  0 -1  0  2  3.961097e-01  2.000000e-07
 74  69  0 -1  0  2  3.221056e-01  2.000000e-07
 74  4  0  0  0  2  2.742561e-01  2.000000e-07
 74  70  0 -1  0  2  2.077906e-01  2.000000e-07
 74  78  0  0  0  2  2.983127e-01  2.000000e-07
 74  10  0 -1  0  2  1.897193e-01  2.000000e-07
 74  7  0  0  0  2  5.557352e-02  2.000000e-07
 74  80  0  0  0  2  5.946073e-02  2.000000e-07
 74  76  0  0  0  2  3.127464e-02  2.000000e-07
 46  2  1  0  0  2  3.823026e-01  2.000000e-07
 46  5  0  1  0  2  3.093404e-01  2.000000e-07
 46  47  0  1  0  2  4.742570e-01  2.000000e-07
 46  48  0  0  0  2  1.119980e-01  2.000000e-07
 46  49  0  0  0  2  1.450673e-01  2.000000e-07
 46  69  0  0  0  2  1.393143e-01  2.000000e-07
 46  8  0  0  0  2  1.271169e-01  2.000000e-07
 46  9  0  0  0  2  1.154704e-01  2.000000e-07
 46  10  0  0  0  2  1.204635e-01  2.000000e-07
 46  79  1  1  0  2  3.584089e-01  2.000000e-07
 46  80  0  1  0  2  2.809160e-01  2.000000e-07
 46  53  1  0  0  2  2.854522e-01  2.000000e-07
 12  14  0 -1  0  2  2.269924e-01  2.000000e-07
 12  86  0 -1  0  2  3.435341e-01  2.000000e-07
 12  50  0  0  0  2  3.070431e-01  2.000000e-07
 12  9  0 -1  0  2  2.769140e-01  2.000000e-07
 12  70  0 -1  0  2  1.712801e-01  2.000000e-07
 12  7  0  0  0  2  8.302109e-02  2.000000e-07
 12  80  0  0  0  2  1.128591e-01  2.000000e-07
 12  52  0 -1  0  2  4.815062e-01  2.000000e-07
 12  76  0  0  0  2  4.439740e-02  2.000000e-07
 66  64 -1  0  0  2  4.006920e-01  2.000000e-07
 66  3  0  0  0  2  2.721428e-01  2.000000e-07
 66  2  0  0  0  2  2.348276e-01  2.000000e-07
 66  63  0  0  0  2  1.685735e-01  2.000000e-07
 66  57  0  0  0  2  7.344695e-02  2.000000e-07
 66  75  0  0  0  2  4.128053e-01  2.000000e-07
 66  59  0  0  0  2  1.469122e-01  2.000000e-07
 66  47 -1  0  0  2  3.659363e-01  2.000000e-07
 66  4  0  0  0  2  2.802324e-01  2.000000e-07
 66  79  0  0  0  2  3.780758e-01  2.000000e-07
 66  71  0  0  0  2  9.378106e-02  2.000000e-07
 66  52  0 -1  0  2  6.344532e-01  2.000000e-07
 3  75  0  0  0  2  3.118235e-01  2.000000e-07
 3  5  0  0  0  2  3.565255e-01  2.000000e-07
 3  54  0  0  0  2  4.215916e-01  2.000000e-07
 3  51  0  0  0  2  1.165576e-01  2.000000e-07
 3  67  0  0  0  2  3.608673e-01  2.000000e-07
 3  73  0  0  0  2  3.137714e-01  2.000000e-07
 3  71  0  0  0  2  2.101565e-01  2.000000e-07
 3  72  0  0  0  2  1.635763e-01  2.000000e-07
 3  76  0  0  0  2  2.919642e-01  2.000000e-07
 3  68  0  0  0  2  3.166455e-01  2.000000e-07
 2  63  0  0  0  2  1.163671e-01  2.000000e-07
 2  59  0  0  0  2  1.856267e-01  2.000000e-07
 2  48 -1  0  0  2  2.773592e-01  2.000000e-07
 2  69 -1  0  0  2  3.980708e-01  2.000000e-07
 2  67  0  0  0  2  1.651395e-01  2.000000e-07
 2  70  0  0  0  2  4.625877e-01  2.000000e-07
 2  71  0  0  0  2  2.813167e-01  2.000000e-07
 2  52  0  0  0  2  2.089718e-01  2.000000e-07
 2  53  0  0  0  2  1.743398e-01  2.000000e-07
 2  68 -1  0  0  2  3.406885e-01  2.000000e-07
 63  57  0  0  0  2  1.593644e-01  2.000000e-07
 63  60  0  0  0  2  7.836374e-02  2.000000e-07
 63  59  0  0  0  2  2.035557e-01  2.000000e-07
 63  47 -1  0  0  2  2.577654e-01  2.000000e-07
 63  67  0  0  0  2  8.009282e-02  2.000000e-07
 63  79  0  0  0  2  3.978037e-01  2.000000e-07
 63  71  0  0  0  2  2.463986e-01  2.000000e-07
 63  52  0  0  0  2  3.249729e-01  2.000000e-07
 63  68 -1  0  0  2  2.936759e-01  2.000000e-07
 14  57  0  0  0  2  4.483634e-01  2.000000e-07
 14  75  0  0  0  2  1.639484e-01  2.000000e-07
 14  86  0  0  0  2  3.774795e-01  2.000000e-07
 14  69  0  0  0  2  1.348482e-01  2.000000e-07
 14  8  0  0  0  2  1.161266e-01  2.000000e-07
 14  9  0  0  0  2  1.114987e-01  2.000000e-07
 14  58  0  0  0  2  1.111107e-01  2.000000e-07
 14  10  0  0  0  2  1.266987e-01  2.000000e-07
 14  76  0  1  0  2  2.600065e-01  2.000000e-07
 57  75  0  0  0  2  3.808590e-01  2.000000e-07
 57  60  0  0  0  2  1.109401e-01  2.000000e-07
 57  59  0  0  0  2  7.562373e-02  2.000000e-07
 57  86  0  0  0  2  3.446843e-01  2.000000e-07
 57  47 -1  0  0  2  3.961333e-01  2.000000e-07
 57  51  0  0  0  2  4.199068e-01  2.000000e-07
 57  58  0  0  0  2  4.791238e-01  2.000000e-07
 57  52  0  0  0  2  3.558906e-01  2.000000e-07
 75  59  0  0  0  2  3.367733e-01  2.000000e-07
 75  48  0  0  0  2  2.875603e-01  2.000000e-07
 75  69  0  0  0  2  1.617811e-01  2.000000e-07
 75  8  0  0  0  2  1.757330e-01  2.000000e-07
 75  51  0  0  0  2  3.656263e-01  2.000000e-07
 75  70  0  0  0  2  2.387172e-01  2.000000e-07
 75  71  0  0  0  2  3.203066e-01  2.000000e-07
 75  72  0  0  0  2  1.496644e-01  2.000000e-07
 75  68  0  0  0  2  2.738788e-01  2.000000e-07
 60  1 -1  0  0  2  2.699907e-01  2.000000e-07
 60  86  0  0  0  2  4.056045e-01  2.000000e-07
 60  47 -1  0  0  2  2.854632e-01  2.000000e-07
 60  49 -1  0  0  2  4.726144e-01  2.000000e-07
 60  67  0  0  0  2  1.460057e-02  2.000000e-07
 60  52  0  0  0  2  3.775923e-01  2.000000e-07
 59  86  0  0  0  2  2.788688e-01  2.000000e-07
 59  70  0  0  0  2  3.434012e-01  2.000000e-07
 59  71  0  0  0  2  1.255507e-01  2.000000e-07
 59  52  0  0  0  2  3.121424e-01  2.000000e-07
 59  53  0  0  0  2  2.874512e-01  2.000000e-07
 5  47  0  0  0  2  1.758605e-01  2.000000e-07
 5  48  0 -1  0  2  4.065840e-01  2.000000e-07
 5  69  0 -1  0  2  4.315711e-01  2.000000e-07
 5  4  0  0  0  2  3.484849e-01  2.000000e-07
 5  51  0  0  0  2  2.427231e-01  2.000000e-07
 5  73  0  0  0  2  6.278625e-02  2.000000e-07
 5  78  0  0  0  2  9.824838e-02  2.000000e-07
 5  79  1  0  0  2  2.650441e-01  2.000000e-07
 5  80  0  0  0  2  2.195766e-01  2.000000e-07
 5  52  1 -1  0  2  4.383790e-01  2.000000e-07
 1  54  1  0  0  2  4.395371e-01  2.000000e-07
 1  47  0  0  0  2  9.778602e-02  2.000000e-07
 1  48  0  0  0  2  3.440582e-01  2.000000e-07
 1  49  0  0  0  2  4.576799e-01  2.000000e-07
 1  50  0  0  0  2  2.496881e-01  2.000000e-07
 1  67  1  0  0  2  2.801927e-01  2.000000e-07
 1  73  0  0  0  2  2.130228e-01  2.000000e-07
 1  58  0  0  0  2  3.641684e-01  2.000000e-07
 1  72  0  0  0  2  3.492536e-01  2.000000e-07
 54  86  0 -1  0  2  2.396137e-01  2.000000e-07
 54  47 -1  0  0  2  3.610328e-01  2.000000e-07
 54  48 -1 -1  0  2  4.387561e-01  2.000000e-07
 54  49 -1 -1  0  2  3.011972e-01  2.000000e-07
 54  11 -1  0  0  2  2.666811e-01  2.000000e-07
 54  4  0  0  0  2  3.889966e-01  2.000000e-07
 54  67  0  0  0  2  3.782362e-01  2.000000e-07
 54  73 -1  0  0  2  3.973038e-01  2.000000e-07
 54  70  0 -1  0  2  4.102380e-01  2.000000e-07
 54  78 -1  0  0  2  2.990011e-01  2.000000e-07
 54  79  0  0  0  2  9.565211e-02  2.000000e-07
 54  71  0  0  0  2  4.180083e-01  2.000000e-07
 54  76  0  0  0  2  3.810760e-01  2.000000e-07
 54  53  0 -1  0  2  3.099662e-01  2.000000e-07
 86  66  0  1  0  2  5.837211e-01  2.000000e-07
 86  47 -1  1  0  2  5.742918e-01  2.000000e-07
 86  49 -1  0  0  2  2.736921e-01  2.000000e-07
 86  52  0  0  0  2  1.417432e-01  2.000000e-07
 86  76  0  1  0  2  3.809820e-01  2.000000e-07
 47  77  1  0  0  2  5.353485e-01  2.000000e-07
 47  49  0 -1  0  2  4.523894e-01  2.000000e-07
 47  50  0  0  0  2  2.174200e-01  2.000000e-07
 47  11  0  0  0  2  2.892746e-01  2.000000e-07
 47  51  0  0  0  2  3.101530e-01  2.000000e-07
 47  73  0  0  0  2  1.398373e-01  2.000000e-07
 47  80  0  0  0  2  3.762845e-01  2.000000e-07
 47  52  1 -1  0  2  5.369390e-01  2.000000e-07
 48  49  0  0  0  2  1.386823e-01  2.000000e-07
 48  69  0  0  0  2  1.439374e-01  2.000000e-07
 48  11  0  1  0  2  2.732912e-01  2.000000e-07
 48  67  1  0  0  2  4.263779e-01  2.000000e-07
 48  73  0  0  0  2  5.409100e-01  2.000000e-07
 48  70  0  0  0  2  3.745631e-01  2.000000e-07
 48  58  0  0  0  2  1.909208e-01  2.000000e-07
 48  78  0  1  0  2  3.197678e-01  2.000000e-07
 48  79  1  1  0  2  3.925885e-01  2.000000e-07
 48  72  0  0  0  2  4.178327e-01  2.000000e-07
 48  53  1  0  0  2  2.167476e-01  2.000000e-07
 48  68  0  0  0  2  3.343824e-01  2.000000e-07
 49  5  0  1  0  2  3.220886e-01  2.000000e-07
 49  50  0  1  0  2  4.737201e-01  2.000000e-07
 49  11  0  1  0  2  1.664241e-01  2.000000e-07
 49  8  0  0  0  2  2.593589e-01  2.000000e-07
 49  9  0  0  0  2  2.543241e-01  2.000000e-07
 49  67  1  0  0  2  4.661927e-01  2.000000e-07
 49  73  0  1  0  2  3.846103e-01  2.000000e-07
 49  58  0  0  0  2  3.110722e-01  2.000000e-07
 49  10  0  0  0  2  2.628555e-01  2.000000e-07
 49  80  0  1  0  2  3.830533e-01  2.000000e-07
 49  52  1  0  0  2  1.446292e-01  2.000000e-07
 49  76  0  1  0  2  4.386016e-01  2.000000e-07
 50  51  0  0  0  2  9.399333e-02  2.000000e-07
 50  9  0 -1  0  2  4.710004e-01  2.000000e-07
 50  73  0  0  0  2  1.168918e-01  2.000000e-07
 50  10  0 -1  0  2  3.891435e-01  2.000000e-07
 50  7  0  0  0  2  2.258005e-01  2.000000e-07
 50  80  0  0  0  2  2.101657e-01  2.000000e-07
 50  76  0  0  0  2  2.627765e-01  2.000000e-07
 69  8  0  0  0  2  3.020843e-02  2.000000e-07
 69  70  0  0  0  2  2.424063e-01  2.000000e-07
 69  10  0  0  0  2  1.379561e-01  2.000000e-07
 69  53  1  0  0  2  3.606574e-01  2.000000e-07
 69  68  0  0  0  2  3.222819e-01  2.000000e-07
 11  9  0 -1  0  2  3.080476e-01  2.000000e-07
 11  73  0  0  0  2  2.208435e-01  2.000000e-07
 11  70  0 -1  0  2  4.508885e-01  2.000000e-07
 11  58  0 -1  0  2  3.870801e-01  2.000000e-07
 11  78  0  0  0  2  6.147436e-02  2.000000e-07
 11  79  1  0  0  2  1.792555e-01  2.000000e-07
 11  76  0  0  0  2  3.583357e-01  2.000000e-07
 8  9  0  0  0  2  2.440222e-02  2.000000e-07
 8  58  0  0  0  2  6.268416e-02  2.000000e-07
 8  10  0  0  0  2  1.082085e-01  2.000000e-07
 4  51  0  0  0  2  1.062306e-01  2.000000e-07
 4  73  0  0  0  2  3.119887e-01  2.000000e-07
 4  70  0 -1  0  2  4.552788e-01  2.000000e-07
 4  78  0  0  0  2  4.306979e-01  2.000000e-07
 4  79  0  0  0  2  4.643114e-01  2.000000e-07
 4  71  0  0  0  2  2.306066e-01  2.000000e-07
 4  76  0  0  0  2  2.528084e-01  2.000000e-07
 4  68  0  0  0  2  3.415190e-01  2.000000e-07
 51  7  0  0  0  2  1.821892e-01  2.000000e-07
 51  80  0  0  0  2  1.953854e-01  2.000000e-07
 51  68  0  0  0  2  2.707209e-01  2.000000e-07
 9  58  0  0  0  2  8.341845e-02  2.000000e-07
 9  10  0  0  0  2  8.389979e-02  2.000000e-07
 9  76  0  1  0  2  2.960685e-01  2.000000e-07
 67  73 -1  0  0  2  4.345918e-01  2.000000e-07
 67  79  0  0  0  2  3.745451e-01  2.000000e-07
 67  71  0  0  0  2  1.721514e-01  2.000000e-07
 67  72  0  0  0  2  3.828467e-01  2.000000e-07
 73  78  0  0  0  2  1.600873e-01  2.000000e-07
 73  79  1  0  0  2  3.045763e-01  2.000000e-07
 73  72  0  0  0  2  3.672465e-01  2.000000e-07
 73  76  0  0  0  2  3.082532e-01  2.000000e-07
 70  13  0  0  0  2  7.226473e-02  2.000000e-07
 70  58  0  0  0  2  2.171690e-01  2.000000e-07
 70  78  0  1  0  2  4.433133e-01  2.000000e-07
 70  79  0  1  0  2  4.972513e-01  2.000000e-07
 70  71  0  0  0  2  4.087074e-01  2.000000e-07
 70  72  0  0  0  2  3.482621e-01  2.000000e-07
 70  76  0  1  0  2  2.138521e-01  2.000000e-07
 70  53  0  0  0  2  4.210126e-01  2.000000e-07
 58  72  0  0  0  2  2.618659e-01  2.000000e-07
 58  76  0  1  0  2  3.538501e-01  2.000000e-07
 78  79  1  0  0  2  2.049696e-01  2.000000e-07
 78  76  0  0  0  2  3.234543e-01  2.000000e-07
 10  12  0  1  0  2  2.056865e-01  2.000000e-07
 10  80  0  1  0  2  2.013783e-01  2.000000e-07
 79  71  0  0  0  2  4.520470e-01  2.000000e-07
 79  52  0 -1  0  2  2.779938e-01  2.000000e-07
 79  53  0 -1  0  2  3.128124e-01  2.000000e-07
 71  72  0  0  0  2  2.113842e-01  2.000000e-07
 7  80  0  0  0  2  6.556347e-02  2.000000e-07
 72  76  0  0  0  2  4.467263e-01  2.000000e-07
 72  68  0  0  0  2  2.653626e-01  2.000000e-07
 52  46 -1  0  0  2  2.809046e-01  2.000000e-07
 52  53  0  0  0  2  3.500584e-02  2.000000e-07
 53  12  0  1  0  2  4.985175e-01  2.000000e-07
 53  5 -1  1  0  2  4.651856e-01  2.000000e-07
 55  6  0  0  0  1  2.165126e-01  3.000000e-07
 55  13  0  0  0  1  2.215893e-01  3.000000e-07
 55  2  0  0  0  1  2.211885e-01  3.000000e-07
 55  59  0  0  0  1  9.830105e-02  3.000000e-07
 55  70  0  0  0  1  2.543611e-01  3.000000e-07
 55  53  0  0  0  1  2.562495e-01  3.000000e-07
 0  56  0  0  0  1  1.234469e-01  3.000000e-07
 0  47  0  0  0  1  9.866867e-02  3.000000e-07
 0  68  0  0  0  1  6.454161e-02  3.000000e-07
 6  13  0  0  0  1  8.381217e-02  3.000000e-07
 6  14  0  0  0  1  1.272189e-01  3.000000e-07
 6  75  0  0  0  1  1.027107e-01  3.000000e-07
 6  58  0  0  0  1  1.575177e-01  3.000000e-07
 6  72  0  0  0  1  1.925183e-01  3.000000e-07
 56  75  0  0  0  1  2.130658e-01  3.000000e-07
 56  1  0  0  0  1  1.344620e-01  3.000000e-07
 56  48  0  0  0  1  2.609317e-01  3.000000e-07
 56  69  0  0  0  1  2.425582e-01  3.000000e-07
 56  58  0  0  0  1  2.337640e-01  3.000000e-07
 56  68  0  0  0  1  8.007683e-02  3.000000e-07
 64  65  0  0  0  1  1.877963e-01  3.000000e-07
 64  73  0  0  0  1  9.600548e-02  3.000000e-07
 64  78  0  0  0  1  1.967633e-01  3.000000e-07
 64  79  1  0  0  1  2.677387e-01  3.000000e-07
 64  68  0  0  0  1  1.713548e-01  3.000000e-07
 65  3  0  0  0  1  1.914598e-01  3.000000e-07
 65  50  0  0  0  1  5.173404e-02  3.000000e-07
 65  51  0  0  0  1  1.146216e-01  3.000000e-07
 65  73  0  0  0  1  1.392686e-01  3.000000e-07
 65  72  0  0  0  1  2.287000e-01  3.000000e-07
 83  77  0  0  0  1  1.929057e-01  3.000000e-07
 83  12  0  0  0  1  1.361113e-01  3.000000e-07
 83  4  0  0  0  1  1.521503e-01  3.000000e-07
 83  51  0  0  0  1  1.491918e-01  3.000000e-07
 83  7  0  0  0  1  7.634975e-02  3.000000e-07
 83  76  0  0  0  1  1.035403e-01  3.000000e-07
 77  66  0  0  0  1  2.158170e-01  3.000000e-07
 77  3  0  0  0  1  7.059482e-02  3.000000e-07
 77  54  0  0  0  1  3.590448e-01  3.000000e-07
 77  4  0  0  0  1  6.465692e-02  3.000000e-07
 77  71  0  0  0  1  1.725700e-01  3.000000e-07
 13  14  0  0  0  1  9.076325e-02  3.000000e-07
 13  70  0  0  0  1  7.226473e-02  3.000000e-07
 74  12  0  0  0  1  5.403230e-02  3.000000e-07
 74  10  0 -1  0  1  1.897193e-01  3.000000e-07
 74  7  0  0  0  1  5.557352e-02  3.000000e-07
 74  80  0  0  0  1  5.946073e-02  3.000000e-07
 46  48  0  0  0  1  1.119980e-01  3.000000e-07
 46  49  0  0  0  1  1.450673e-01  3.000000e-07
 46  69  0  0  0  1  1.393143e-01  3.000000e-07
 46  11  0  1  0  1  2.020006e-01  3.000000e-07
 46  9  0  0  0  1  1.154704e-01  3.000000e-07
 46  10  0  0  0  1  1.204635e-01  3.000000e-07
 12  54  0  0  0  1  3.662436e-01  3.000000e-07
 12  86  0 -1  0  1  3.435341e-01  3.000000e-07
 12  70  0 -1  0  1  1.712801e-01  3.000000e-07
 12  10  0 -1  0  1  2.056865e-01  3.000000e-07
 66  57  0  0  0  1  7.344695e-02  3.000000e-07
 66  60  0  0  0  1  9.443963e-02  3.000000e-07
 66  54  0  0  0  1  3.591348e-01  3.000000e-07
 66  67  0  0  0  1  8.875944e-02  3.000000e-07
 66  71  0  0  0  1  9.378106e-02  3.000000e-07
 3  51  0  0  0  1  1.165576e-01  3.000000e-07
 3  71  0  0  0  1  2.101565e-01  3.000000e-07
 3  72  0  0  0  1  1.635763e-01  3.000000e-07
 2  63  0  0  0  1  1.163671e-01  3.000000e-07
 2  57  0  0  0  1  1.871643e-01  3.000000e-07
 2  59  0  0  0  1  1.856267e-01  3.000000e-07
 2  1 -1  0  0  1  2.827258e-01  3.000000e-07
 2  48 -1  0  0  1  2.773592e-01  3.000000e-07
 2  67  0  0  0  1  1.651395e-01  3.000000e-07
 2  53  0  0  0  1  1.743398e-01  3.000000e-07
 63  60  0  0  0  1  7.836374e-02  3.000000e-07
 63  1 -1  0  0  1  2.178176e-01  3.000000e-07
 63  47 -1  0  0  1  2.577654e-01  3.000000e-07
 63  67  0  0  0  1  8.009282e-02  3.000000e-07
 14  8  0  0  0  1  1.161266e-01  3.000000e-07
 14  9  0  0  0  1  1.114987e-01  3.000000e-07
 14  70  0  0  0  1  1.079050e-01  3.000000e-07
 14  58  0  0  0  1  1.111107e-01  3.000000e-07
 57  59  0  0  0  1  7.562373e-02  3.000000e-07
 57  67  0  0  0  1  9.755962e-02  3.000000e-07
 57  71  0  0  0  1  9.487340e-02  3.000000e-07
 75  58  0  0  0  1  1.134183e-01  3.000000e-07
 75  72  0  0  0  1  1.496644e-01  3.000000e-07
 60  54  0  0  0  1  3.667941e-01  3.000000e-07
 60  47 -1  0  0  1  2.854632e-01  3.000000e-07
 59  71  0  0  0  1  1.255507e-01  3.000000e-07
 5  50  0  0  0  1  1.641457e-01  3.000000e-07
 5  73  0  0  0  1  6.278625e-02  3.000000e-07
 5  78  0  0  0  1  9.824838e-02  3.000000e-07
 5  80  0  0  0  1  2.195766e-01  3.000000e-07
 1  47  0  0  0  1  9.778602e-02  3.000000e-07
 54  86  0 -1  0  1  2.396137e-01  3.000000e-07
 54  52  0 -1  0  1  2.758320e-01  3.000000e-07
 86  70  0  0  0  1  2.763666e-01  3.000000e-07
 86  52  0  0  0  1  1.417432e-01  3.000000e-07
 86  53  0  0  0  1  1.551510e-01  3.000000e-07
 47  79  1  0  0  1  2.855353e-01  3.000000e-07
 47  68  0  0  0  1  1.463335e-01  3.000000e-07
 48  49  0  0  0  1  1.386823e-01  3.000000e-07
 48  69  0  0  0  1  1.439374e-01  3.000000e-07
 48  53  1  0  0  1  2.167476e-01  3.000000e-07
 49  11  0  1  0  1  1.664241e-01  3.000000e-07
 49  79  1  1  0  1  2.549078e-01  3.000000e-07
 49  52  1  0  0  1  1.446292e-01  3.000000e-07
 49  53  1  0  0  1  1.590301e-01  3.000000e-07
 50  80  0  0  0  1  2.101657e-01  3.000000e-07
 69  58  0  0  0  1  5.064125e-02  3.000000e-07
 11  78  0  0  0  1  6.147436e-02  3.000000e-07
 11  79  1  0  0  1  1.792555e-01  3.000000e-07
 8  58  0  0  0  1  6.268416e-02  3.000000e-07
 4  51  0  0  0  1  1.062306e-01  3.000000e-07
 51  7  0  0  0  1  1.821892e-01  3.000000e-07
 51  80  0  0  0  1  1.953854e-01  3.000000e-07
 9  10  0  0  0  1  8.389979e-02  3.000000e-07
 70  10  0  0  0  1  1.927774e-01  3.000000e-07
 78  10  0 -1  0  1  2.728056e-01  3.000000e-07
 78  79  1  0  0  1  2.049696e-01  3.000000e-07
 78  80  0  0  0  1  2.480691e-01  3.000000e-07
 79  52  0 -1  0  1  2.779938e-01  3.000000e-07
 71  72  0  0  0  1  2.113842e-01  3.000000e-07
 7  80  0  0  0  1  6.556347e-02  3.000000e-07
 72  68  0  0  0  1  2.653626e-01  3.000000e-07
 3.519529e-01 -2.621225e-02  0
 3.728432e-01 -2.220486e-02  0
-4.178893e-01  1.679030e-01  0
-1.077578e-02 -1.062224e-01  0
-2.123739e-02 -1.479431e-01  0
 3.032325e-01 -2.750689e-01  0
 1.133253e-02  2.432487e-01  0
 4.271229e-02 -3.570786e-01  0
 1.958558e-01  3.316414e-01  0
 1.924547e-01  3.558054e-01  0
 1.725666e-01  4.373139e-01  0
 3.907681e-01 -4.084720e-01  0
 1.195461e-02 -4.341919e-01  0
-6.287031e-03  3.251878e-01  0
 8.112814e-02  3.496123e-01  0
 2.072419e-01 -4.316860e-01  1.459529e-01
 2.071675e-01  8.419962e-02  1.273380e-01
 2.466830e-01 -2.469912e-01  2.078145e-01
 2.676029e-01  4.425974e-01  1.746272e-01
-2.747095e-01 -1.264454e-01 -1.282775e-01
-2.512850e-01  3.397717e-01  3.139768e-01
-3.122141e-01 -2.250034e-02 -1.206502e-01
-3.026202e-01  2.915464e-01 -2.677491e-01
-3.884850e-01  3.059396e-01 -1.691351e-01
-4.321537e-01  3.434920e-01 -3.351701e-01
-3.498711e-01  1.582001e-01 -2.046214e-01
-2.655869e-01 -1.756231e-01  2.976647e-01
 2.705300e-01  7.338799e-02  1.664383e-01
-1.522118e-01  2.369356e-01  4.101892e-01
 2.313934e-01  4.313467e-01  4.170004e-01
 1.739308e-01  9.482370e-02 -2.479452e-01
 3.559876e-01 -5.547482e-02 -4.402483e-01
 6.391383e-02 -3.626267e-01 -3.489070e-01
 3.149675e-01  3.304659e-01  4.378765e-01
 1.483179e-01  3.350378e-01 -4.369706e-01
-1.197241e-04  7.112731e-02 -2.703858e-01
-3.520527e-01  3.015485e-01 -3.884606e-01
-1.889059e-01 -4.012008e-01 -4.007584e-01
-4.025498e-01 -3.898306e-01 -3.824728e-01
-3.311140e-01  1.080884e-01 -3.957333e-01
 3.279456e-01 -3.199773e-01  3.560665e-01
 1.208211e-01 -4.022541e-01  1.428328e-01
-3.238761e-01 -7.217373e-02  1.830053e-01
 5.900857e-02 -2.512262e-01 -3.524479e-01
 2.976037e-01 -1.677979e-01  2.149178e-01
-3.195792e-01 -3.174745e-01  3.732744e-01
 2.910986e-01  4.158287e-01  0
 3.847819e-01 -1.192594e-01  0
 3.509357e-01  3.211552e-01  0
 4.353507e-01  4.311865e-01  0
 1.742483e-01 -1.735462e-01  0
 8.040361e-02 -1.788309e-01  0
-4.307667e-01  3.764776e-01  0
-4.332795e-01  3.415621e-01  0
-3.468528e-01 -3.607644e-01  0
-2.045022e-01  2.261294e-01  0
 2.761038e-01  7.118410e-02  0
-2.632368e-01  6.248424e-02  0
 1.651994e-01  2.769651e-01  0
-2.355972e-01  1.328760e-01  0
-3.586267e-01  5.840687e-03  0
-4.184871e-01  2.970415e-01  2.848108e-01
 4.047589e-01  4.018471e-03 -2.756043e-01
-4.222302e-01  5.161687e-02  0
 3.634179e-01 -1.625482e-01  0
 1.800215e-01 -1.221353e-01  0
-2.656866e-01 -1.092185e-02  0
-3.497858e-01  1.746036e-02  0
 2.901371e-01 -7.653489e-03  0
 2.080252e-01  3.039926e-01  0
-1.590756e-02  3.968093e-01  0
-1.776814e-01  2.148148e-02  0
 3.151849e-02  5.179153e-02  0
 2.833458e-01 -2.155153e-01  0
 6.018504e-02 -4.098339e-01  0
 9.689179e-02  1.864235e-01  0
 3.268824e-02 -3.949332e-01  0
-7.987153e-02 -1.206932e-01  0
 3.541508e-01 -3.590932e-01  0
-4.413158e-01 -3.457288e-01  0
 1.064427e-01 -3.724734e-01  0
-1.000748e-01 -2.017760e-01 -1.600778e-01
 1.730957e-01 -4.398336e-01 -1.040368e-01
-7.382960e-03 -2.994613e-01  0
 5.972360e-02  1.377172e-01 -1.584450e-01
 9.809409e-04 -1.733297e-01  2.025556e-01
-2.921227e-01  4.059560e-01  0
 3.541385e-02  3.681943e-01  1.674818e-01
-2.627475e-02  3.008601e-01  2.326700e-01
 2.730305e-01  2.963168e-01 -3.040888e-01