 719  90  1.200000e-05  64 -2 -2
 18  26  1  0  0  3  4.552608e-01  1.000000e-07
 18  28  0 -1  0  3  4.723528e-01  1.000000e-07
 18  19  0  0  0  3  4.542913e-01  1.000000e-07
 18  31  0  0  0  3  4.387947e-01  1.000000e-07
 18  39  0  0  1  3  4.785217e-01  1.000000e-07
 18  38  0  0  1  3  4.118458e-01  1.000000e-07
 16  29  0  0  0  3  1.167577e-01  1.000000e-07
 16  35  0 -1  0  3  4.030811e-01  1.000000e-07
 16  40  0  0  0  3  1.030636e-01  1.000000e-07
 16  28  0 -1  0  3  3.652114e-01  1.000000e-07
 16  32  0  0  1  3  4.212747e-01  1.000000e-07
 16  37  0  0  1  3  4.478566e-01  1.000000e-07
 29  26  0  0  0  3  2.886359e-01  1.000000e-07
 29  24  0  0  0  3  2.230520e-01  1.000000e-07
 29  22  0  0  0  3  2.325921e-01  1.000000e-07
 29  15  0  0  1  3  3.654634e-01  1.000000e-07
 29  23  0  0  1  3  4.067634e-01  1.000000e-07
 29  39  0  0  1  3  4.748703e-01  1.000000e-07
 29  10  0  0  1  3  3.746669e-01  1.000000e-07
 29  38  0  0  1  3  4.352622e-01  1.000000e-07
 86  24  1  0  0  3  4.207924e-01  1.000000e-07
 86  30  1  0  0  3  3.715361e-01  1.000000e-07
 86  19  0  0  0  3  2.949557e-01  1.000000e-07
 86  11  0  0  1  3  4.611072e-01  1.000000e-07
 86  14  0  0  1  3  5.456514e-01  1.000000e-07
 86  20  0  0  1  3  3.923202e-01  1.000000e-07
 86  33  0  0  1  3  3.563408e-01  1.000000e-07
 26  24  0  0  0  3  1.735160e-01  1.000000e-07
 26  22  0  0  0  3  2.703297e-01  1.000000e-07
 26  25  0  0  0  3  2.288143e-01  1.000000e-07
 26  23  0  0  1  3  4.050958e-01  1.000000e-07
 26  20 -1  0  1  3  3.130679e-01  1.000000e-07
 26  77 -1  0  1  3  3.267333e-01  1.000000e-07
 26  33 -1  0  1  3  2.574366e-01  1.000000e-07
 24  22  0  0  0  3  2.414803e-01  1.000000e-07
 24  21  0  0  0  3  3.169313e-01  1.000000e-07
 22  40  0  0  0  3  3.588429e-01  1.000000e-07
 22  28  0 -1  0  3  2.900783e-01  1.000000e-07
 22  25  0  0  0  3  1.256914e-01  1.000000e-07
 22  23  0  0  1  3  5.151943e-01  1.000000e-07
 35  28  0  0  0  3  1.809087e-01  1.000000e-07
 35  17  0  0  0  3  2.798637e-01  1.000000e-07
 35  31  0  0  0  3  1.936577e-01  1.000000e-07
 35  36  0  0  1  3  3.925452e-01  1.000000e-07
 35  20  0  1  1  3  6.189193e-01  1.000000e-07
 34  12  0  0  0  3  3.991505e-01  1.000000e-07
 34  27  0  0  0  3  2.252296e-01  1.000000e-07
 34  31  0  0  0  3  1.603161e-01  1.000000e-07
 34  36  0  0  1  3  4.457197e-01  1.000000e-07
 34  11  0  0  1  3  4.490505e-01  1.000000e-07
 34  13  0  0  1  3  4.365408e-01  1.000000e-07
 34  32  0  1  1  3  5.895203e-01  1.000000e-07
 34  20  0  1  1  3  6.469667e-01  1.000000e-07
 34  77  0  1  1  3  6.008906e-01  1.000000e-07
 40  19  0  0  0  3  4.327630e-01  1.000000e-07
 40  12  0  0  0  3  4.414333e-01  1.000000e-07
 40  31  0  0  0  3  4.395144e-01  1.000000e-07
 40  38  0  0  1  3  4.894385e-01  1.000000e-07
 28  21  0  1  0  3  3.184982e-01  1.000000e-07
 28  25  0  1  0  3  3.585351e-01  1.000000e-07
 28  36  0  0  1  3  3.047834e-01  1.000000e-07
 28  23  0  1  1  3  4.980445e-01  1.000000e-07
 28  32  0  1  1  3  4.240594e-01  1.000000e-07
 30  19  0  0  0  3  5.081309e-01  1.000000e-07
 30  21  0  1  0  3  3.058578e-01  1.000000e-07
 30  25  0  1  0  3  3.336414e-01  1.000000e-07
 30  15  0  0  1  3  4.772506e-01  1.000000e-07
 30  11 -1  0  1  3  5.928970e-01  1.000000e-07
 30  9 -1  0  1  3  6.411621e-01  1.000000e-07
 19  17  0  0  0  3  1.298544e-01  1.000000e-07
 19  31  0  0  0  3  8.108031e-02  1.000000e-07
 21  25  0  0  0  3  1.000095e-01  1.000000e-07
 21  27 -1 -1  0  3  2.860297e-01  1.000000e-07
 17  27  0  0  0  3  1.736184e-01  1.000000e-07
 17  31  0  0  0  3  1.355961e-01  1.000000e-07
 12  31  0  0  0  3  2.999913e-01  1.000000e-07
 12  15  0  0  1  3  5.395546e-01  1.000000e-07
 12  14  0  0  1  3  4.792934e-01  1.000000e-07
 12  13  0  0  1  3  5.414466e-01  1.000000e-07
 12  39  0  0  1  3  5.710179e-01  1.000000e-07
 12  37  0  0  1  3  6.142677e-01  1.000000e-07
 25  27 -1 -1  0  3  3.099784e-01  1.000000e-07
 25  23  0  0  1  3  5.202141e-01  1.000000e-07
 25  20 -1  0  1  3  4.570373e-01  1.000000e-07
 25  77 -1  0  1  3  4.525231e-01  1.000000e-07
 27  30  1  0  0  3  3.090586e-01  1.000000e-07
 27  31  0  0  0  3  2.614082e-01  1.000000e-07
 27  20  0  1  1  3  6.092740e-01  1.000000e-07
 27  77  0  1  1  3  6.015879e-01  1.000000e-07
 31  36  0  0  1  3  4.160821e-01  1.000000e-07
 15  9 -1  0  0  3  4.321157e-01  1.000000e-07
 15  8 -1  0  0  3  4.354089e-01  1.000000e-07
 15  10  0  0  0  3  1.603482e-01  1.000000e-07
 15  68  0  0  0  3  4.435326e-01  1.000000e-07
 15  77 -1  0  0  3  3.244858e-01  1.000000e-07
 15  33 -1  0  0  3  1.977920e-01  1.000000e-07
 41  14  0  0  0  3  3.136935e-01  1.000000e-07
 41  13  0  0  0  3  2.202533e-01  1.000000e-07
 41  9  0  0  0  3  2.003770e-01  1.000000e-07
 41  39  0  0  0  3  3.142477e-01  1.000000e-07
 41  8  0  0  0  3  6.208395e-02  1.000000e-07
 41  38  0  0  0  3  3.239531e-01  1.000000e-07
 41  20  0  0  0  3  3.261363e-01  1.000000e-07
 36  11  0  0  0  3  3.372884e-01  1.000000e-07
 36  13  0  0  0  3  4.252099e-01  1.000000e-07
 36  32  0  1  0  3  2.520219e-01  1.000000e-07
 36  76  0  1  0  3  3.593879e-01  1.000000e-07
 11  13  0  0  0  3  2.124462e-01  1.000000e-07
 11  68  0  0  0  3  3.981109e-01  1.000000e-07
 11  68  1  0  0  3  6.407679e-01  1.000000e-07
 23  36  0 -1  0  3  3.492012e-01  1.000000e-07
 23  39  0  0  0  3  2.649549e-01  1.000000e-07
 23  32  0  0  0  3  1.897893e-01  1.000000e-07
 23  77 -1  0  0  3  4.298156e-01  1.000000e-07
 14  13  0  0  0  3  2.501661e-01  1.000000e-07
 14  9  0  0  0  3  3.869725e-01  1.000000e-07
 14  39  0  0  0  3  2.330915e-01  1.000000e-07
 14  68  0  0  0  3  1.762137e-01  1.000000e-07
 14  37  0  0  0  3  3.417372e-01  1.000000e-07
 13  33  0  0  0  3  3.173163e-01  1.000000e-07
 9  10  1  0  0  3  4.965697e-01  1.000000e-07
 9  33  0  0  0  3  3.557470e-01  1.000000e-07
 39  10  0  0  0  3  2.649281e-01  1.000000e-07
 39  76  0  0  0  3  3.788638e-01  1.000000e-07
 8  75  0  0  0  3  2.896596e-01  1.000000e-07
 8  37  0  0  0  3  3.031553e-01  1.000000e-07
 8  33  0  0  0  3  3.175061e-01  1.000000e-07
 10  40  0  0 -1  3  4.855532e-01  1.000000e-07
 10  38  0  0  0  3  3.000165e-01  1.000000e-07
 10  68  0  0  0  3  4.118129e-01  1.000000e-07
 10  32  0  0  0  3  3.313280e-01  1.000000e-07
 10  77 -1  0  0  3  3.761989e-01  1.000000e-07
 5  68  0 -1  0  3  4.785883e-01  1.000000e-07
 5  75 -1  0  0  3  4.841785e-01  1.000000e-07
 5  77 -1  0  0  3  3.883179e-01  1.000000e-07
 5  76  0  0  0  3  4.836139e-01  1.000000e-07
 38  75  0  0  0  3  2.819953e-01  1.000000e-07
 38  32  0  0  0  3  1.993430e-01  1.000000e-07
 38  37  0  0  0  3  7.820578e-02  1.000000e-07
 38  76  0  0  0  3  3.033775e-01  1.000000e-07
 68  12  0  0 -1  3  4.106814e-01  1.000000e-07
 75  20  0  0  0  3  2.758927e-01  1.000000e-07
 75  37  0  0  0  3  2.463942e-01  1.000000e-07
 75  77  0  0  0  3  1.806183e-01  1.000000e-07
 75  76  0  0  0  3  1.115967e-01  1.000000e-07
 32  37  0  0  0  3  2.244820e-01  1.000000e-07
 32  77  0  0  0  3  4.102187e-01  1.000000e-07
 20  37  0  0  0  3  2.007438e-01  1.000000e-07
 20  33  0  0  0  3  1.630521e-01  1.000000e-07
 37  76  0  0  0  3  2.922311e-01  1.000000e-07
 77  33  0  0  0  3  2.509044e-01  1.000000e-07
 33  30  1  0 -1  3  5.189139e-01  1.000000e-07
 21  49  0 -1  0  3  2.537270e-01  1.000000e-07
 62  68  0  0  0  3  3.521448e-01  1.000000e-07
 24  53  0  0  0  3  3.508739e-01  1.000000e-07
 58  68  0  0  0  3  3.167287e-01  1.000000e-07
 35  54  0  1  0  3  3.005085e-01  1.000000e-07
 50  5  0  0  0  3  1.771643e-01  1.000000e-07
 17  78  0  0  0  3  1.862247e-01  1.000000e-07
 84  41  0  0  0  3  2.203739e-01  1.000000e-07
 19  82  0  0  0  3  1.502623e-01  1.000000e-07
 81  14  0  0  0  3  2.489173e-01  1.000000e-07
 86  80  0  0  0  3  3.296151e-01  1.000000e-07
 78  9  0  0  0  3  1.389012e-01  1.000000e-07
 40  50  0  0  0  3  3.038948e-01  1.000000e-07
 56  5  0  0  0  3  1.450654e-01  1.000000e-07
 19  82  0  0  0  3  1.445944e-01  1.000000e-07
 79  13  0  0  0  3  3.017093e-01  1.000000e-07
 24  80 -1  0  0  3  3.553602e-01  1.000000e-07
 78  9  0  0  0  3  1.807835e-01  1.000000e-07
 24  56  0  0  0  3  3.181409e-01  1.000000e-07
 6  5  0  0  0  3  1.193854e-01  1.000000e-07
 16  65  0  0  0  3  3.519033e-01  1.000000e-07
 67  8  0  0  0  3  1.856007e-01  1.000000e-07
 21  55 -1  0  0  3  2.322868e-01  1.000000e-07
 66  75  0  0  0  3  3.128857e-01  1.000000e-07
 17  83  0  0  0  3  1.706310e-01  1.000000e-07
 51  76  0  1  0  3  2.965129e-01  1.000000e-07
 19  82  0  0  0  3  1.403370e-01  1.000000e-07
 51  11  0  0  0  3  2.886653e-01  1.000000e-07
 17  83  0  0  0  3  1.294208e-01  1.000000e-07
 82  11  0  0  0  3  2.796891e-01  1.000000e-07
 40  65  0  0  0  3  3.178553e-01  1.000000e-07
 63  8  0  0  0  3  1.932534e-01  1.000000e-07
 21  66 -1  0  0  3  3.152896e-01  1.000000e-07
 55  8  0  0  0  3  2.316950e-01  1.000000e-07
 86  1  0  0  0  3  3.637615e-01  1.000000e-07
 85  8  0  0  0  3  1.440172e-01  1.000000e-07
 17  83  0  0  0  3  1.553995e-01  1.000000e-07
 80  9  0  0  0  3  1.687561e-01  1.000000e-07
 16  52  0  0  0  3  3.020524e-01  1.000000e-07
 3  76  0  0  0  3  2.713412e-01  1.000000e-07
 18  65  0  0  0  3  3.041386e-01  1.000000e-07
 85  41  0  0  0  3  1.633698e-01  1.000000e-07
 16  63  0  0  0  3  2.494417e-01  1.000000e-07
 64  39  0  0  0  3  2.736009e-01  1.000000e-07
 22  56  0  0  0  3  2.088775e-01  1.000000e-07
 6  5  0  0  0  3  1.019122e-01  1.000000e-07
 27  62  1  0  0  3  2.548895e-01  1.000000e-07
 0  68  0  0  0  3  3.901842e-01  1.000000e-07
 35  49  0  0  0  3  2.005872e-01  1.000000e-07
 51  68  0  0  0  3  2.844638e-01  1.000000e-07
 18  85  0  0  0  3  3.059365e-01  1.000000e-07
 67  8  0  0  0  3  1.416828e-01  1.000000e-07
 35  51  0  0  0  3  1.943223e-01  1.000000e-07
 49  76  0  1  0  3  2.485286e-01  1.000000e-07
 24  85 -1  0  0  3  3.482877e-01  1.000000e-07
 66  8  0  0  0  3  1.664665e-01  1.000000e-07
 17  83  0  0  0  3  1.315186e-01  1.000000e-07
 79  13  0  0  0  3  2.883192e-01  1.000000e-07
 18  69  0  0  0  3  3.032041e-01  1.000000e-07
 67  75  0  0  0  3  2.573800e-01  1.000000e-07
 21  56  0  0  0  3  1.972589e-01  1.000000e-07
 57  5  0  0  0  3  1.138116e-01  1.000000e-07
 85  66  0  0  0  2  1.530634e-01  2.000000e-07
 85  78  0  0  0  2  1.967794e-01  2.000000e-07
 85  61  0  0  0  2  3.269958e-01  2.000000e-07
 85  80  0  0  0  2  2.510680e-01  2.000000e-07
 85  1  0  0  0  2  1.336341e-01  2.000000e-07
 85  67  0  0  0  2  9.003786e-02  2.000000e-07
 85  65  0  0  0  2  1.378616e-01  2.000000e-07
 85  74  1  0  0  2  3.053593e-01  2.000000e-07
 85  0  1  0  0  2  3.434209e-01  2.000000e-07
 85  69  0  0  0  2  1.966873e-01  2.000000e-07
 85  84  0  0  0  2  2.437716e-01  2.000000e-07
 85  55  0  0  0  2  2.074469e-01  2.000000e-07
 66  70  1  0  0  2  2.401178e-01  2.000000e-07
 66  73  1  0  0  2  1.602126e-01  2.000000e-07
 66  61  0  0  0  2  2.449045e-01  2.000000e-07
 66  1  0  0  0  2  2.848380e-01  2.000000e-07
 66  87  1  0  0  2  3.746459e-01  2.000000e-07
 66  74  1  0  0  2  3.115062e-01  2.000000e-07
 66  0  1  0  0  2  3.958430e-01  2.000000e-07
 66  69  0  0  0  2  2.205214e-01  2.000000e-07
 66  6  1  0  0  2  2.630733e-01  2.000000e-07
 66  84  0  0  0  2  3.923735e-01  2.000000e-07
 66  55  0  0  0  2  6.356158e-02  2.000000e-07
 62  70  0  1  0  2  3.372012e-01  2.000000e-07
 62  50  0  1  0  2  3.986250e-01  2.000000e-07
 62  57  0  1  0  2  3.216637e-01  2.000000e-07
 62  80 -1  0  0  2  2.055543e-01  2.000000e-07
 62  1 -1  0  0  2  3.959007e-01  2.000000e-07
 62  58  0  0  0  2  3.281040e-01  2.000000e-07
 62  42 -1  0  0  2  2.382530e-01  2.000000e-07
 62  71 -1  0  0  2  1.771672e-01  2.000000e-07
 62  87  0  0  0  2  1.742634e-01  2.000000e-07
 62  81 -1  0  0  2  4.290141e-01  2.000000e-07
 62  0  0  0  0  2  1.212122e-01  2.000000e-07
 62  6  0  1  0  2  4.055598e-01  2.000000e-07
 62  83 -1  0  0  2  2.859033e-01  2.000000e-07
 62  54  0  1  0  2  3.667904e-01  2.000000e-07
 62  89  0  0  0  2  2.105708e-01  2.000000e-07
 62  88  0  0  0  2  3.001112e-01  2.000000e-07
 62  46  0  0  0  2  2.339680e-01  2.000000e-07
 62  48  0  0  0  2  2.139762e-01  2.000000e-07
 78  79  0  0  0  2  7.709606e-02  2.000000e-07
 78  80  0  0  0  2  1.548641e-01  2.000000e-07
 78  63  0  0  0  2  3.108173e-01  2.000000e-07
 78  67  0  0  0  2  2.758393e-01  2.000000e-07
 78  51  0  0  0  2  2.921595e-01  2.000000e-07
 78  44  0  0  0  2  2.176682e-01  2.000000e-07
 78  71  0  0  0  2  2.739287e-01  2.000000e-07
 78  65  0  0  0  2  2.392570e-01  2.000000e-07
 78  74  1  0  0  2  3.284137e-01  2.000000e-07
 78  84  0  0  0  2  5.233472e-02  2.000000e-07
 78  47  0  0  0  2  3.249488e-01  2.000000e-07
 49  61  0  1  0  2  4.301021e-01  2.000000e-07
 49  57  0  1  0  2  3.383476e-01  2.000000e-07
 49  2  0  1  0  2  3.615100e-01  2.000000e-07
 49  51  0  0  0  2  1.809765e-01  2.000000e-07
 49  59  0  1  0  2  4.033504e-01  2.000000e-07
 49  4  0  1  0  2  3.509897e-01  2.000000e-07
 49  52  0  1  0  2  3.428059e-01  2.000000e-07
 49  60  0  0  0  2  1.178521e-01  2.000000e-07
 49  53  0  0  0  2  2.795802e-01  2.000000e-07
 49  3  0  1  0  2  3.450254e-01  2.000000e-07
 49  82  0  0  0  2  2.563460e-01  2.000000e-07
 49  54  0  1  0  2  2.430918e-01  2.000000e-07
 49  84  0  0  0  2  3.775705e-01  2.000000e-07
 49  89  0  0  0  2  2.785672e-01  2.000000e-07
 49  46  0  0  0  2  1.838447e-01  2.000000e-07
 49  47  0  0  0  2  1.459359e-01  2.000000e-07
 49  48  0  0  0  2  2.150498e-01  2.000000e-07
 70  56  0  0  0  2  1.133700e-01  2.000000e-07
 70  73  0  0  0  2  1.456412e-01  2.000000e-07
 70  50  0  0  0  2  2.058847e-01  2.000000e-07
 70  61 -1  0  0  2  3.035160e-01  2.000000e-07
 70  57  0  0  0  2  1.114083e-01  2.000000e-07
 70  80 -1  0  0  2  5.474135e-01  2.000000e-07
 70  1 -1  0  0  2  5.221701e-01  2.000000e-07
 70  67 -1  0  0  2  3.586725e-01  2.000000e-07
 70  42 -1 -1  0  2  2.518019e-01  2.000000e-07
 70  71 -1 -1  0  2  3.155253e-01  2.000000e-07
 70  87  0  0  0  2  4.936233e-01  2.000000e-07
 70  72 -1  0  0  2  3.234673e-01  2.000000e-07
 70  69 -1  0  0  2  4.093965e-01  2.000000e-07
 70  83 -1 -1  0  2  4.415120e-01  2.000000e-07
 70  54  0  0  0  2  2.444995e-01  2.000000e-07
 70  55 -1  0  0  2  1.980846e-01  2.000000e-07
 56  73  0  0  0  2  1.417976e-01  2.000000e-07
 56  50  0  0  0  2  1.131951e-01  2.000000e-07
 56  57  0  0  0  2  8.304728e-02  2.000000e-07
 56  80 -1  0  0  2  5.366638e-01  2.000000e-07
 56  58  0  0  0  2  4.491657e-01  2.000000e-07
 56  67 -1  0  0  2  4.208754e-01  2.000000e-07
 56  64  0  0  0  2  3.984919e-01  2.000000e-07
 56  87  0  0  0  2  4.445327e-01  2.000000e-07
 56  45  0  0  0  2  5.026216e-01  2.000000e-07
 56  6  0  0  0  2  2.856545e-02  2.000000e-07
 56  54  0  0  0  2  1.727390e-01  2.000000e-07
 56  88  0  0  0  2  4.839818e-01  2.000000e-07
 56  55 -1  0  0  2  2.705472e-01  2.000000e-07
 73  50  0  0  0  2  2.514573e-01  2.000000e-07
 73  61 -1  0  0  2  3.422161e-01  2.000000e-07
 73  1 -1  0  0  2  4.096913e-01  2.000000e-07
 73  64  0  0  0  2  4.219611e-01  2.000000e-07
 73  71 -1 -1  0  2  4.456917e-01  2.000000e-07
 73  87  0  0  0  2  3.494129e-01  2.000000e-07
 73  52  0  0  0  2  5.099333e-01  2.000000e-07
 73  74  0  0  0  2  2.828255e-01  2.000000e-07
 73  45  0  0  0  2  4.562609e-01  2.000000e-07
 73  0  0  0  0  2  3.975586e-01  2.000000e-07
 73  6  0  0  0  2  1.150362e-01  2.000000e-07
 73  89  0  0  0  2  4.097161e-01  2.000000e-07
 73  88  0  0  0  2  4.506685e-01  2.000000e-07
 79  80  0  0  0  2  2.065724e-01  2.000000e-07
 79  63  0  0  0  2  3.134643e-01  2.000000e-07
 79  1  0  0  0  2  1.314920e-01  2.000000e-07
 79  67  0  0  0  2  3.362224e-01  2.000000e-07
 79  42  0  0  0  2  3.261491e-01  2.000000e-07
 79  51  0  0  0  2  2.162708e-01  2.000000e-07
 79  81  0  0  0  2  5.026984e-02  2.000000e-07
 79  60  0  0  0  2  2.760155e-01  2.000000e-07
 79  43  0  0  0  2  2.662355e-01  2.000000e-07
 50  57  0  0  0  2  1.065290e-01  2.000000e-07
 50  63  0  0  0  2  3.828832e-01  2.000000e-07
 50  58  0  0  0  2  4.635096e-01  2.000000e-07
 50  42 -1 -1  0  2  4.247551e-01  2.000000e-07
 50  51  0 -1  0  2  4.280468e-01  2.000000e-07
 50  64  0  0  0  2  3.775491e-01  2.000000e-07
 50  4  0  0  0  2  2.009219e-01  2.000000e-07
 50  52  0  0  0  2  2.892490e-01  2.000000e-07
 50  60  0 -1  0  2  4.292753e-01  2.000000e-07
 50  72  0  0  0  2  4.710271e-01  2.000000e-07
 50  69  0  0  0  2  4.367954e-01  2.000000e-07
 50  6  0  0  0  2  1.417579e-01  2.000000e-07
 50  82  0 -1  0  2  5.352983e-01  2.000000e-07
 50  54  0  0  0  2  6.957903e-02  2.000000e-07
 50  88  0 -1  0  2  5.044998e-01  2.000000e-07
 50  88  0  0  0  2  5.021991e-01  2.000000e-07
 50  46  0 -1  0  2  4.218034e-01  2.000000e-07
 50  48  0 -1  0  2  4.378863e-01  2.000000e-07
 61  67  0  0  0  2  2.399849e-01  2.000000e-07
 61  59  0  0  0  2  2.870940e-02  2.000000e-07
 61  71  0 -1  0  2  2.882902e-01  2.000000e-07
 61  65  0  0  0  2  3.056952e-01  2.000000e-07
 61  52  0  0  0  2  2.131327e-01  2.000000e-07
 61  3  0  0  0  2  2.361329e-01  2.000000e-07
 61  69  0  0  0  2  1.902805e-01  2.000000e-07
 61  6  1  0  0  2  3.870983e-01  2.000000e-07
 61  82  0 -1  0  2  3.690370e-01  2.000000e-07
 61  83  0 -1  0  2  3.196610e-01  2.000000e-07
 61  84  0 -1  0  2  4.473248e-01  2.000000e-07
 61  55  0  0  0  2  1.961303e-01  2.000000e-07
 57  80 -1  0  0  2  6.137174e-01  2.000000e-07
 57  58  0  0  0  2  5.249353e-01  2.000000e-07
 57  42 -1 -1  0  2  3.187057e-01  2.000000e-07
 57  51  0 -1  0  2  4.852055e-01  2.000000e-07
 57  71 -1 -1  0  2  3.586824e-01  2.000000e-07
 57  4  0  0  0  2  3.074008e-01  2.000000e-07
 57  60  0 -1  0  2  4.459143e-01  2.000000e-07
 57  53  0  0  0  2  5.442026e-01  2.000000e-07
 57  72 -1  0  0  2  4.311857e-01  2.000000e-07
 57  6  0  0  0  2  9.943773e-02  2.000000e-07
 57  54  0  0  0  2  1.335598e-01  2.000000e-07
 57  7  0  0  0  2  3.497433e-01  2.000000e-07
 57  48  0 -1  0  2  4.087963e-01  2.000000e-07
 80  1  0  0  0  2  1.913135e-01  2.000000e-07
 80  58  1  0  0  2  4.222038e-01  2.000000e-07
 80  67  0  0  0  2  3.409646e-01  2.000000e-07
 80  42  0  0  0  2  2.918898e-01  2.000000e-07
 80  71  0  0  0  2  2.000479e-01  2.000000e-07
 80  87  1  0  0  2  1.915421e-01  2.000000e-07
 80  81  0  0  0  2  2.546196e-01  2.000000e-07
 80  53  1  0  0  2  3.212169e-01  2.000000e-07
 80  74  1  0  0  2  1.985240e-01  2.000000e-07
 80  55  0  0  0  2  4.139512e-01  2.000000e-07
 80  48  1  0  0  2  3.501857e-01  2.000000e-07
 63  1  0  0  0  2  2.630182e-01  2.000000e-07
 63  58  0  0  0  2  2.636941e-01  2.000000e-07
 63  67  0  0  0  2  2.588890e-01  2.000000e-07
 63  64  0  0  0  2  1.195661e-01  2.000000e-07
 63  44  0  0  0  2  2.007079e-01  2.000000e-07
 63  4  0  0  0  2  2.247270e-01  2.000000e-07
 63  65  0  0  0  2  1.476073e-01  2.000000e-07
 63  81  0  0  0  2  2.772681e-01  2.000000e-07
 63  72  0  0  0  2  3.620764e-01  2.000000e-07
 63  69  0  0  0  2  2.077624e-01  2.000000e-07
 63  43  0  0  0  2  2.533675e-01  2.000000e-07
 63  88  0  0  0  2  2.966992e-01  2.000000e-07
 63  7  0  0  0  2  1.668269e-01  2.000000e-07
 1  67  0  0  0  2  2.073520e-01  2.000000e-07
 1  64  0  0  0  2  3.370485e-01  2.000000e-07
 1  87  1  0  0  2  3.550935e-01  2.000000e-07
 1  81  0  0  0  2  1.459334e-01  2.000000e-07
 1  72  0  0  0  2  4.268729e-01  2.000000e-07
 1  0  1  0  0  2  3.196870e-01  2.000000e-07
 1  69  0  0  0  2  2.821584e-01  2.000000e-07
 1  82  0  0  0  2  2.329382e-01  2.000000e-07
 1  83  0  0  0  2  2.372006e-01  2.000000e-07
 1  84  0  0  0  2  1.110787e-01  2.000000e-07
 1  88  0  0  0  2  4.373913e-01  2.000000e-07
 58  64  0  0  0  2  1.482327e-01  2.000000e-07
 58  44  0  0  0  2  2.148531e-01  2.000000e-07
 58  87  0  0  0  2  2.309874e-01  2.000000e-07
 58  4  0  0  0  2  4.102239e-01  2.000000e-07
 58  60  0  0  0  2  1.847267e-01  2.000000e-07
 58  53  0  0  0  2  1.056923e-01  2.000000e-07
 58  43  0  0  0  2  1.264230e-01  2.000000e-07
 58  88  0  0  0  2  4.048241e-02  2.000000e-07
 58  7  0  0  0  2  3.677965e-01  2.000000e-07
 58  55 -1  0  0  2  5.591417e-01  2.000000e-07
 58  48  0  0  0  2  1.249619e-01  2.000000e-07
 2  67  0  0  0  2  2.506443e-01  2.000000e-07
 2  51  0 -1  0  2  2.829669e-01  2.000000e-07
 2  59  0  0  0  2  9.407551e-02  2.000000e-07
 2  4  0  0  0  2  2.009353e-01  2.000000e-07
 2  65  0  0  0  2  2.688333e-01  2.000000e-07
 2  72  0  0  0  2  9.512385e-02  2.000000e-07
 2  3  0  0  0  2  1.184870e-01  2.000000e-07
 2  7  0  0  0  2  2.080828e-01  2.000000e-07
 67  59  0  0  0  2  2.505429e-01  2.000000e-07
 67  4  0  0  0  2  3.479466e-01  2.000000e-07
 67  65  0  0  0  2  1.152876e-01  2.000000e-07
 67  74  1  0  0  2  3.752996e-01  2.000000e-07
 67  72  0  0  0  2  2.233544e-01  2.000000e-07
 67  55  0  0  0  2  1.608677e-01  2.000000e-07
 42  51  0  0  0  2  3.135263e-01  2.000000e-07
 42  59  0  1  0  2  2.177019e-01  2.000000e-07
 42  71  0  0  0  2  9.228040e-02  2.000000e-07
 42  81  0  0  0  2  3.647045e-01  2.000000e-07
 42  72  0  1  0  2  2.322735e-01  2.000000e-07
 42  83  0  0  0  2  1.915204e-01  2.000000e-07
 42  55  0  1  0  2  2.958614e-01  2.000000e-07
 42  48  1  0  0  2  4.483478e-01  2.000000e-07
 51  59  0  1  0  2  2.828611e-01  2.000000e-07
 51  44  0  0  0  2  2.393522e-01  2.000000e-07
 51  71  0  0  0  2  3.152713e-01  2.000000e-07
 51  4  0  1  0  2  3.751908e-01  2.000000e-07
 51  52  0  1  0  2  3.148158e-01  2.000000e-07
 51  81  0  0  0  2  2.047850e-01  2.000000e-07
 51  60  0  0  0  2  1.826251e-01  2.000000e-07
 51  72  0  1  0  2  3.092305e-01  2.000000e-07
 51  69  0  1  0  2  4.345792e-01  2.000000e-07
 51  82  0  0  0  2  1.126017e-01  2.000000e-07
 51  83  0  0  0  2  2.059591e-01  2.000000e-07
 51  43  0  0  0  2  2.444611e-01  2.000000e-07
 51  88  0  0  0  2  3.414610e-01  2.000000e-07
 51  46  0  0  0  2  3.284943e-01  2.000000e-07
 51  47  0  0  0  2  1.899161e-01  2.000000e-07
 59  71  0 -1  0  2  2.972596e-01  2.000000e-07
 59  65  0  0  0  2  3.061817e-01  2.000000e-07
 59  52  0  0  0  2  1.892242e-01  2.000000e-07
 59  72  0  0  0  2  2.728932e-02  2.000000e-07
 59  3  0  0  0  2  2.125145e-01  2.000000e-07
 59  82  0 -1  0  2  3.542159e-01  2.000000e-07
 59  84  0 -1  0  2  4.390625e-01  2.000000e-07
 59  55  0  0  0  2  2.215074e-01  2.000000e-07
 59  47  0 -1  0  2  4.691194e-01  2.000000e-07
 64  44  0  0  0  2  1.836057e-01  2.000000e-07
 64  65  0  0  0  2  2.616800e-01  2.000000e-07
 64  52  0  0  0  2  3.393984e-01  2.000000e-07
 64  81  0  0  0  2  2.969692e-01  2.000000e-07
 64  53  0  0  0  2  2.464299e-01  2.000000e-07
 64  74  0  0  0  2  3.474426e-01  2.000000e-07
 64  45  0  0  0  2  2.300677e-01  2.000000e-07
 64  3  0  0  0  2  3.213370e-01  2.000000e-07
 64  69  0  0  0  2  3.258816e-01  2.000000e-07
 64  6  0  0  0  2  4.081852e-01  2.000000e-07
 64  82  0  0  0  2  3.504017e-01  2.000000e-07
 64  54  0  0  0  2  4.231082e-01  2.000000e-07
 64  84  0  0  0  2  3.521815e-01  2.000000e-07
 64  89  0  0  0  2  2.625221e-01  2.000000e-07
 64  43  0  0  0  2  1.779865e-01  2.000000e-07
 64  88  0  0  0  2  1.847276e-01  2.000000e-07
 64  7  0  0  0  2  2.280325e-01  2.000000e-07
 64  46  0  0  0  2  2.714114e-01  2.000000e-07
 64  47  0  0  0  2  2.408631e-01  2.000000e-07
 44  65  0  0  0  2  2.539996e-01  2.000000e-07
 44  60  0  0  0  2  1.639678e-01  2.000000e-07
 44  53  0  0  0  2  3.115567e-01  2.000000e-07
 44  84  0  0  0  2  1.868828e-01  2.000000e-07
 44  43  0  0  0  2  1.102971e-01  2.000000e-07
 44  47  0  0  0  2  1.365377e-01  2.000000e-07
 71  49  1  0  0  2  5.037995e-01  2.000000e-07
 71  53  1  0  0  2  3.968047e-01  2.000000e-07
 71  74  1  0  0  2  3.509871e-01  2.000000e-07
 71  0  1  0  0  2  2.352994e-01  2.000000e-07
 71  6  1  1  0  2  4.086362e-01  2.000000e-07
 71  83  0  0  0  2  1.391657e-01  2.000000e-07
 71  54  1  1  0  2  4.538892e-01  2.000000e-07
 71  84  0  0  0  2  2.634616e-01  2.000000e-07
 71  89  1  0  0  2  3.809342e-01  2.000000e-07
 71  55  0  1  0  2  3.865828e-01  2.000000e-07
 71  47  0  0  0  2  4.695734e-01  2.000000e-07
 71  48  1  0  0  2  3.908660e-01  2.000000e-07
 87  45  0  0  0  2  1.926190e-01  2.000000e-07
 87  0  0  0  0  2  7.309026e-02  2.000000e-07
 87  89  0  0  0  2  1.238754e-01  2.000000e-07
 87  88  0  0  0  2  2.233263e-01  2.000000e-07
 87  46  0  0  0  2  2.104132e-01  2.000000e-07
 87  48  0  0  0  2  1.775996e-01  2.000000e-07
 4  60  0 -1  0  2  4.604919e-01  2.000000e-07
 4  53  0  0  0  2  4.857598e-01  2.000000e-07
 4  3  0  0  0  2  8.258932e-02  2.000000e-07
 4  54  0  0  0  2  2.026084e-01  2.000000e-07
 4  7  0  0  0  2  5.812173e-02  2.000000e-07
 65  52  0  0  0  2  2.600954e-01  2.000000e-07
 65  3  0  0  0  2  2.603530e-01  2.000000e-07
 65  69  0  0  0  2  1.202818e-01  2.000000e-07
 65  84  0  0  0  2  2.660352e-01  2.000000e-07
 65  7  0  0  0  2  2.395687e-01  2.000000e-07
 65  55  0  0  0  2  2.747836e-01  2.000000e-07
 52  3  0  0  0  2  2.347459e-02  2.000000e-07
 52  69  0  0  0  2  1.679883e-01  2.000000e-07
 52  6  0  0  0  2  4.193840e-01  2.000000e-07
 52  82  0 -1  0  2  4.209944e-01  2.000000e-07
 52  83  0 -1  0  2  4.435210e-01  2.000000e-07
 52  54  0  0  0  2  2.704636e-01  2.000000e-07
 52  46  0 -1  0  2  5.230450e-01  2.000000e-07
 81  45  0  0  0  2  3.701381e-01  2.000000e-07
 81  69  0  0  0  2  3.840182e-01  2.000000e-07
 81  82  0  0  0  2  9.472759e-02  2.000000e-07
 81  83  0  0  0  2  1.750189e-01  2.000000e-07
 81  88  0  0  0  2  3.353963e-01  2.000000e-07
 60  43  0  0  0  2  8.749417e-02  2.000000e-07
 60  88  0  0  0  2  1.593758e-01  2.000000e-07
 60  47  0  0  0  2  2.836796e-02  2.000000e-07
 60  48  0  0  0  2  1.856418e-01  2.000000e-07
 53  74  0  0  0  2  1.703499e-01  2.000000e-07
 53  89  0  0  0  2  1.612359e-02  2.000000e-07
 53  43  0  0  0  2  2.087864e-01  2.000000e-07
 53  7  0  0  0  2  4.504077e-01  2.000000e-07
 53  55 -1  0  0  2  5.185374e-01  2.000000e-07
 53  47  0  0  0  2  2.340021e-01  2.000000e-07
 53  48  0  0  0  2  6.739010e-02  2.000000e-07
 74  0  0  0  0  2  1.214137e-01  2.000000e-07
 74  6  0  0  0  2  3.676751e-01  2.000000e-07
 74  84 -1  0  0  2  3.718660e-01  2.000000e-07
 74  89  0  0  0  2  1.660897e-01  2.000000e-07
 74  7  0  0  0  2  4.926572e-01  2.000000e-07
 74  55 -1  0  0  2  3.645428e-01  2.000000e-07
 45  82  0  0  0  2  3.636001e-01  2.000000e-07
 45  89  0  0  0  2  6.877391e-02  2.000000e-07
 45  88  0  0  0  2  4.697015e-02  2.000000e-07
 45  46  0  0  0  2  4.947081e-02  2.000000e-07
 45  47  0  0  0  2  1.728331e-01  2.000000e-07
 72  69  0  0  0  2  1.645996e-01  2.000000e-07
 72  82  0 -1  0  2  3.815051e-01  2.000000e-07
 72  83  0 -1  0  2  3.408804e-01  2.000000e-07
 72  55  0  0  0  2  1.996455e-01  2.000000e-07
 0  83 -1  0  0  2  2.909933e-01  2.000000e-07
 0  84 -1  0  0  2  3.222203e-01  2.000000e-07
 0  89  0  0  0  2  1.744677e-01  2.000000e-07
 3  54  0  0  0  2  2.555707e-01  2.000000e-07
 3  7  0  0  0  2  9.788758e-02  2.000000e-07
 69  82  0 -1  0  2  5.248542e-01  2.000000e-07
 69  83  0 -1  0  2  5.026499e-01  2.000000e-07
 69  84  0  0  0  2  3.833300e-01  2.000000e-07
 69  88  0  0  0  2  5.040318e-01  2.000000e-07
 6  54  0  0  0  2  2.005842e-01  2.000000e-07
 6  7  0  0  0  2  3.489596e-01  2.000000e-07
 6  55 -1  0  0  2  2.424624e-01  2.000000e-07
 82  83  0  0  0  2  1.440150e-01  2.000000e-07
 82  54  0  1  0  2  4.688535e-01  2.000000e-07
 82  84  0  0  0  2  1.290958e-01  2.000000e-07
 82  88  0  0  0  2  3.385562e-01  2.000000e-07
 82  46  0  0  0  2  3.543169e-01  2.000000e-07
 82  47  0  0  0  2  1.914603e-01  2.000000e-07
 83  84  0  0  0  2  1.386495e-01  2.000000e-07
 54  89  0 -1  0  2  4.342898e-01  2.000000e-07
 54  7  0  0  0  2  2.554895e-01  2.000000e-07
 54  46  0 -1  0  2  3.600935e-01  2.000000e-07
 84  47  0  0  0  2  2.807956e-01  2.000000e-07
 89  46  0  0  0  2  9.497602e-02  2.000000e-07
 89  47  0  0  0  2  2.415533e-01  2.000000e-07
 43  81  0  0  0  2  2.169788e-01  2.000000e-07
 43  88  0  0  0  2  1.193922e-01  2.000000e-07
 43  47  0  0  0  2  6.302509e-02  2.000000e-07
 43  48  0  0  0  2  1.858250e-01  2.000000e-07
 88  46  0  0  0  2  8.738266e-02  2.000000e-07
 88  48  0  0  0  2  8.972190e-02  2.000000e-07
 55  57  1  0  0  2  3.057389e-01  2.000000e-07
 46  47  0  0  0  2  1.640818e-01  2.000000e-07
 47  48  0  0  0  2  1.934446e-01  2.000000e-07
 85  66  0  0  0  1  1.530634e-01  3.000000e-07
 85  80  0  0  0  1  2.510680e-01  3.000000e-07
 85  1  0  0  0  1  1.336341e-01  3.000000e-07
 85  67  0  0  0  1  9.003786e-02  3.000000e-07
 85  65  0  0  0  1  1.378616e-01  3.000000e-07
 85  74  1  0  0  1  3.053593e-01  3.000000e-07
 66  73  1  0  0  1  1.602126e-01  3.000000e-07
 66  67  0  0  0  1  1.301773e-01  3.000000e-07
 66  74  1  0  0  1  3.115062e-01  3.000000e-07
 66  55  0  0  0  1  6.356158e-02  3.000000e-07
 62  49  0  0  0  1  3.450048e-01  3.000000e-07
 62  70  0  1  0  1  3.372012e-01  3.000000e-07
 62  57  0  1  0  1  3.216637e-01  3.000000e-07
 62  71 -1  0  0  1  1.771672e-01  3.000000e-07
 62  0  0  0  0  1  1.212122e-01  3.000000e-07
 62  89  0  0  0  1  2.105708e-01  3.000000e-07
 62  46  0  0  0  1  2.339680e-01  3.000000e-07
 62  48  0  0  0  1  2.139762e-01  3.000000e-07
 78  80  0  0  0  1  1.548641e-01  3.000000e-07
 78  1  0  0  0  1  6.990476e-02  3.000000e-07
 78  83  0  0  0  1  1.673029e-01  3.000000e-07
 78  84  0  0  0  1  5.233472e-02  3.000000e-07
 49  51  0  0  0  1  1.809765e-01  3.000000e-07
 49  52  0  1  0  1  3.428059e-01  3.000000e-07
 49  60  0  0  0  1  1.178521e-01  3.000000e-07
 49  54  0  1  0  1  2.430918e-01  3.000000e-07
 49  46  0  0  0  1  1.838447e-01  3.000000e-07
 70  73  0  0  0  1  1.456412e-01  3.000000e-07
 70  57  0  0  0  1  1.114083e-01  3.000000e-07
 70  42 -1 -1  0  1  2.518019e-01  3.000000e-07
 70  6  0  0  0  1  9.759392e-02  3.000000e-07
 70  55 -1  0  0  1  1.980846e-01  3.000000e-07
 56  73  0  0  0  1  1.417976e-01  3.000000e-07
 56  50  0  0  0  1  1.131951e-01  3.000000e-07
 56  57  0  0  0  1  8.304728e-02  3.000000e-07
 56  64  0  0  0  1  3.984919e-01  3.000000e-07
 73  64  0  0  0  1  4.219611e-01  3.000000e-07
 73  74  0  0  0  1  2.828255e-01  3.000000e-07
 73  6  0  0  0  1  1.150362e-01  3.000000e-07
 79  81  0  0  0  1  5.026984e-02  3.000000e-07
 79  82  0  0  0  1  1.046019e-01  3.000000e-07
 79  83  0  0  0  1  1.346298e-01  3.000000e-07
 50  57  0  0  0  1  1.065290e-01  3.000000e-07
 50  64  0  0  0  1  3.775491e-01  3.000000e-07
 50  4  0  0  0  1  2.009219e-01  3.000000e-07
 50  54  0  0  0  1  6.957903e-02  3.000000e-07
 50  7  0  0  0  1  2.439292e-01  3.000000e-07
 61  42  0 -1  0  1  2.042193e-01  3.000000e-07
 61  55  0  0  0  1  1.961303e-01  3.000000e-07
 57  6  0  0  0  1  9.943773e-02  3.000000e-07
 57  54  0  0  0  1  1.335598e-01  3.000000e-07
 80  1  0  0  0  1  1.913135e-01  3.000000e-07
 80  71  0  0  0  1  2.000479e-01  3.000000e-07
 80  74  1  0  0  1  1.985240e-01  3.000000e-07
 80  0  1  0  0  1  1.369627e-01  3.000000e-07
 80  83  0  0  0  1  1.851910e-01  3.000000e-07
 63  64  0  0  0  1  1.195661e-01  3.000000e-07
 63  44  0  0  0  1  2.007079e-01  3.000000e-07
 63  65  0  0  0  1  1.476073e-01  3.000000e-07
 63  69  0  0  0  1  2.077624e-01  3.000000e-07
 63  7  0  0  0  1  1.668269e-01  3.000000e-07
 1  65  0  0  0  1  1.724999e-01  3.000000e-07
 1  81  0  0  0  1  1.459334e-01  3.000000e-07
 1  84  0  0  0  1  1.110787e-01  3.000000e-07
 58  64  0  0  0  1  1.482327e-01  3.000000e-07
 58  53  0  0  0  1  1.056923e-01  3.000000e-07
 58  74  0  0  0  1  2.499423e-01  3.000000e-07
 58  43  0  0  0  1  1.264230e-01  3.000000e-07
 2  51  0 -1  0  1  2.829669e-01  3.000000e-07
 2  59  0  0  0  1  9.407551e-02  3.000000e-07
 2  52  0  0  0  1  9.515666e-02  3.000000e-07
 2  72  0  0  0  1  9.512385e-02  3.000000e-07
 2  69  0  0  0  1  1.517476e-01  3.000000e-07
 67  65  0  0  0  1  1.152876e-01  3.000000e-07
 67  69  0  0  0  1  1.153565e-01  3.000000e-07
 67  55  0  0  0  1  1.608677e-01  3.000000e-07
 42  59  0  1  0  1  2.177019e-01  3.000000e-07
 42  71  0  0  0  1  9.228040e-02  3.000000e-07
 42  83  0  0  0  1  1.915204e-01  3.000000e-07
 42  55  0  1  0  1  2.958614e-01  3.000000e-07
 51  59  0  1  0  1  2.828611e-01  3.000000e-07
 51  52  0  1  0  1  3.148158e-01  3.000000e-07
 51  60  0  0  0  1  1.826251e-01  3.000000e-07
 51  82  0  0  0  1  1.126017e-01  3.000000e-07
 51  47  0  0  0  1  1.899161e-01  3.000000e-07
 59  83  0 -1  0  1  3.157972e-01  3.000000e-07
 64  44  0  0  0  1  1.836057e-01  3.000000e-07
 64  43  0  0  0  1  1.779865e-01  3.000000e-07
 64  7  0  0  0  1  2.280325e-01  3.000000e-07
 44  65  0  0  0  1  2.539996e-01  3.000000e-07
 44  81  0  0  0  1  1.218903e-01  3.000000e-07
 44  82  0  0  0  1  1.672964e-01  3.000000e-07
 44  47  0  0  0  1  1.365377e-01  3.000000e-07
 87  53  0  0  0  1  1.334897e-01  3.000000e-07
 87  74  0  0  0  1  6.721553e-02  3.000000e-07
 87  0  0  0  0  1  7.309026e-02  3.000000e-07
 87  89  0  0  0  1  1.238754e-01  3.000000e-07
 4  3  0  0  0  1  8.258932e-02  3.000000e-07
 4  54  0  0  0  1  2.026084e-01  3.000000e-07
 4  7  0  0  0  1  5.812173e-02  3.000000e-07
 65  69  0  0  0  1  1.202818e-01  3.000000e-07
 52  69  0  0  0  1  1.679883e-01  3.000000e-07
 52  54  0  0  0  1  2.704636e-01  3.000000e-07
 81  84  0  0  0  1  6.869624e-02  3.000000e-07
 60  43  0  0  0  1  8.749417e-02  3.000000e-07
 60  88  0  0  0  1  1.593758e-01  3.000000e-07
 60  46  0  0  0  1  1.543397e-01  3.000000e-07
 53  74  0  0  0  1  1.703499e-01  3.000000e-07
 53  45  0  0  0  1  6.188361e-02  3.000000e-07
 53  88  0  0  0  1  9.038649e-02  3.000000e-07
 53  48  0  0  0  1  6.739010e-02  3.000000e-07
 74  0  0  0  0  1  1.214137e-01  3.000000e-07
 72  69  0  0  0  1  1.645996e-01  3.000000e-07
 72  55  0  0  0  1  1.996455e-01  3.000000e-07
 0  89  0  0  0  1  1.744677e-01  3.000000e-07
 3  69  0  0  0  1  1.771636e-01  3.000000e-07
 3  54  0  0  0  1  2.555707e-01  3.000000e-07
 69  7  0  0  0  1  2.028085e-01  3.000000e-07
 82  83  0  0  0  1  1.440150e-01  3.000000e-07
 82  47  0  0  0  1  1.914603e-01  3.000000e-07
 83  84  0  0  0  1  1.386495e-01  3.000000e-07
 89  48  0  0  0  1  6.373630e-02  3.000000e-07
 43  47  0  0  0  1  6.302509e-02  3.000000e-07
 88  46  0  0  0  1  8.738266e-02  3.000000e-07
-4.419783e-01  1.508498e-01  0
 2.620709e-01  2.996607e-02  0
 1.510664e-01 -3.894876e-01  0
 4.225473e-02 -3.425921e-01  0
-3.585684e-02 -3.157671e-01  0
-2.726556e-01 -3.397173e-01 -1.009444e-01
-3.558830e-01 -3.294729e-01  0
-1.348430e-02 -2.621238e-01  0
 3.157534e-01 -7.857733e-02 -1.285699e-01
 4.034728e-01  1.355563e-01 -1.368487e-01
-2.444674e-01 -1.491884e-01 -3.407012e-01
 2.561534e-01  3.635782e-01 -2.723342e-01
-9.235231e-02  3.230001e-01  3.579207e-01
 2.681051e-01  1.515048e-01 -2.762594e-01
 2.542761e-02  1.303154e-01 -2.193233e-01
-3.661395e-01 -8.851230e-02 -4.257063e-01
-5.556052e-02 -1.899248e-01  2.437716e-01
 2.713139e-01  2.716162e-01  1.260175e-01
 1.423995e-01 -1.515148e-01  2.776217e-01
 1.418232e-01  2.789387e-01  1.323975e-01
 3.035413e-01 -1.660566e-01 -4.438379e-01
-3.886353e-01 -4.245215e-01  1.749574e-01
-3.136326e-01 -3.518271e-01  2.068940e-01
-1.571928e-01 -3.032510e-01 -3.046471e-01
-3.603321e-01 -1.231901e-01  2.689989e-01
-4.256916e-01 -3.798938e-01  2.564258e-01
-4.245481e-01 -2.072236e-01  4.065580e-01
 4.007939e-01  3.825896e-01  1.586241e-01
-1.103942e-01  4.496560e-01  2.654653e-01
-1.563365e-01 -2.079380e-01  2.999150e-01
-3.370491e-01  3.015346e-01  3.008248e-01
 1.652850e-01  2.814288e-01  2.099691e-01
 9.766622e-03 -3.587350e-01 -3.758235e-01
 4.366078e-01 -7.435753e-02 -4.221454e-01
 2.935717e-01  2.411239e-01  2.972576e-01
 4.217655e-02  4.258115e-01  1.712233e-01
-3.162893e-02  4.021849e-01 -4.439569e-01
 1.272454e-01 -1.694980e-01 -3.478900e-01
 5.398302e-02 -1.723452e-01 -3.206749e-01
 4.668851e-03 -9.682135e-02 -2.673817e-01
-6.557525e-02 -9.256882e-02  2.114665e-01
 2.873985e-01 -2.731470e-02 -1.491261e-01
 3.954707e-01  4.256722e-01  0
-4.949767e-02  1.364887e-01  0
 5.363425e-02  9.738288e-02  0
-2.026772e-01  1.455916e-01  0
-2.021816e-01  1.950599e-01  0
-3.813544e-02  1.984811e-01  0
-2.305349e-01  1.783991e-01  0
-8.497280e-02  3.366967e-01  0
-2.249279e-01 -3.837505e-01  0
 9.596517e-02  3.329621e-01  0
 6.278453e-02 -3.539756e-01  0
-2.573313e-01  1.165657e-01  0
-1.919042e-01 -4.449932e-01  0
 4.070319e-01 -2.786924e-01  0
-3.296304e-01 -3.407327e-01  0
-3.237347e-01 -4.235705e-01  0
-1.600706e-01  7.519908e-02  0
 2.389739e-01 -4.229909e-01  0
-5.057491e-02  2.239762e-01  0
 2.667613e-01 -4.157737e-01  0
-4.235988e-01  2.706605e-01  0
 3.481092e-02 -1.024405e-01  0
-6.751117e-02 -4.058392e-02  0
 1.810715e-01 -1.223340e-01  0
 4.071919e-01 -2.151310e-01  0
 2.829304e-01 -1.763341e-01  0
-1.178010e-01  2.302388e-01 -2.428213e-01
 1.883623e-01 -2.423947e-01  0
-4.306386e-01 -3.922119e-01  0
 4.112314e-01  3.347476e-01  0
 2.459238e-01 -3.966014e-01  0
-4.357285e-01 -2.466597e-01  0
-4.067055e-01  3.467271e-02  0
 2.622933e-01 -3.423491e-01 -2.356640e-01
 1.886071e-01 -4.244833e-01 -2.189861e-01
 4.135871e-01 -3.054427e-01 -3.271575e-01
 2.712944e-01  9.925967e-02  0
 2.162127e-01  1.532023e-01  0
 4.219806e-01  1.349887e-01  0
 1.674331e-01  1.410528e-01  0
 1.499716e-01  2.341571e-01  0
 2.905454e-01  2.654513e-01  0
 2.360596e-01  1.379563e-01  0
 3.156561e-01 -9.245414e-02  0
 3.245464e-01  1.500444e-01  3.247445e-01
-3.897532e-01  9.971537e-02  0
-1.669569e-01  1.150915e-01  0
-2.690631e-01  1.276262e-01  0