 718  90  1.200000e-05  78 -2 -2
 11  80  0  0  0  3  1.592778e-01  1.000000e-07
 11  28  0 -1  0  3  4.844263e-01  1.000000e-07
 11  72  0  0  0  3  4.560998e-01  1.000000e-07
 11  30  0  0  0  3  3.492256e-01  1.000000e-07
 11  12  0  0  0  3  2.285867e-01  1.000000e-07
 11  31  0 -1  1  3  4.889786e-01  1.000000e-07
 11  26  0 -1  1  3  5.124736e-01  1.000000e-07
 11  27  0  0  1  3  4.439462e-01  1.000000e-07
 80  16  0  0  0  3  1.940622e-01  1.000000e-07
 80  10  0 -1  0  3  4.252891e-01  1.000000e-07
 80  85  0 -1  0  3  2.978114e-01  1.000000e-07
 80  12  0  0  0  3  3.073808e-01  1.000000e-07
 80  22  0  0  0  3  3.294800e-01  1.000000e-07
 28  18 -1  1  0  3  4.701186e-01  1.000000e-07
 28  72  0  0  0  3  2.818071e-01  1.000000e-07
 28  10  0  0  0  3  3.344474e-01  1.000000e-07
 28  14  0  0  0  3  3.087175e-01  1.000000e-07
 28  31  0  0  1  3  3.654603e-01  1.000000e-07
 28  26  0  0  1  3  2.943671e-01  1.000000e-07
 28  32  0  0  1  3  4.063098e-01  1.000000e-07
 28  33 -1  1  1  3  4.412541e-01  1.000000e-07
 21  19  0 -1  0  3  4.513423e-01  1.000000e-07
 21  18  0  0  0  3  1.934334e-01  1.000000e-07
 21  22  0  0  0  3  1.205788e-01  1.000000e-07
 21  17  0  0  0  3  1.728985e-01  1.000000e-07
 21  35  0  0  1  3  3.343234e-01  1.000000e-07
 21  31  0 -1  1  3  5.339389e-01  1.000000e-07
 21  33  0  0  1  3  2.648761e-01  1.000000e-07
 21  27  0  0  1  3  2.962742e-01  1.000000e-07
 21  84  0 -1  1  3  5.599786e-01  1.000000e-07
 19  20  0  0  0  3  1.279769e-01  1.000000e-07
 19  86  0  0  0  3  4.383726e-01  1.000000e-07
 19  85  0  0  0  3  2.033290e-01  1.000000e-07
 19  29  0  0  0  3  3.650008e-01  1.000000e-07
 19  25  0  0  1  3  2.418394e-01  1.000000e-07
 19  24  0  0  1  3  2.015023e-01  1.000000e-07
 19  33  0  1  1  3  4.572508e-01  1.000000e-07
 19  27  0  0  1  3  3.976079e-01  1.000000e-07
 16  23  0  0  0  3  3.255053e-01  1.000000e-07
 16  85  0 -1  0  3  2.825692e-01  1.000000e-07
 16  22  0  0  0  3  2.230550e-01  1.000000e-07
 16  35  0  0  1  3  4.330618e-01  1.000000e-07
 16  31  0 -1  1  3  4.351265e-01  1.000000e-07
 16  26  0 -1  1  3  4.563689e-01  1.000000e-07
 16  24  0 -1  1  3  5.042728e-01  1.000000e-07
 16  84  0 -1  1  3  5.561364e-01  1.000000e-07
 23  18 -1  0  0  3  4.154689e-01  1.000000e-07
 23  29  0  0  0  3  4.168237e-01  1.000000e-07
 23  35  0  0  1  3  4.742951e-01  1.000000e-07
 23  31  0 -1  1  3  4.347048e-01  1.000000e-07
 23  32  0  0  1  3  2.980440e-01  1.000000e-07
 23  71  0  0  1  3  3.902330e-01  1.000000e-07
 18  30  0  0  0  3  1.838063e-01  1.000000e-07
 18  17  0  0  0  3  4.721145e-02  1.000000e-07
 18  33  0  0  1  3  2.887578e-01  1.000000e-07
 20  86  0  0  0  3  4.812848e-01  1.000000e-07
 20  72  1  0  0  3  3.930958e-01  1.000000e-07
 20  85  0  0  0  3  2.141877e-01  1.000000e-07
 20  22  0  1  0  3  3.961895e-01  1.000000e-07
 20  24  0  0  1  3  3.062040e-01  1.000000e-07
 20  33  0  1  1  3  4.450551e-01  1.000000e-07
 20  38  0  0  1  3  4.308724e-01  1.000000e-07
 86  12  0  0  0  3  1.555536e-01  1.000000e-07
 86  22  0  0  0  3  2.592512e-01  1.000000e-07
 86  17  0  0  0  3  2.489974e-01  1.000000e-07
 72  14  0  0  0  3  2.795573e-01  1.000000e-07
 72  29  0  0  0  3  3.894069e-01  1.000000e-07
 72  17 -1  0  0  3  4.847859e-01  1.000000e-07
 72  13  0  0  1  3  4.174438e-01  1.000000e-07
 72  33 -1  0  1  3  5.756951e-01  1.000000e-07
 10  85  0  0  0  3  3.683736e-01  1.000000e-07
 10  29  0  0  0  3  2.356787e-01  1.000000e-07
 30  12  0  0  0  3  2.506201e-01  1.000000e-07
 30  22  0  0  0  3  1.515639e-01  1.000000e-07
 30  17  0  0  0  3  1.398500e-01  1.000000e-07
 30  8  0  0  1  3  5.482979e-01  1.000000e-07
 30  33  0  0  1  3  3.647410e-01  1.000000e-07
 30  71  1  0  1  3  5.993031e-01  1.000000e-07
 30  27  0  0  1  3  2.694290e-01  1.000000e-07
 85  14  0  0  0  3  3.087120e-01  1.000000e-07
 85  22  0  1  0  3  3.343989e-01  1.000000e-07
 85  29  0  0  0  3  3.740547e-01  1.000000e-07
 14  29  0  0  0  3  2.466201e-01  1.000000e-07
 14  26  0  0  1  3  2.993173e-01  1.000000e-07
 14  25  0  0  1  3  4.637680e-01  1.000000e-07
 14  15  0  0  1  3  4.202523e-01  1.000000e-07
 14  32  0  0  1  3  3.499524e-01  1.000000e-07
 14  27  0  0  1  3  4.375239e-01  1.000000e-07
 12  29  0  0  0  3  1.702736e-01  1.000000e-07
 22  17  0  0  0  3  7.757989e-02  1.000000e-07
 29  25  0  0  1  3  4.080831e-01  1.000000e-07
 29  27  0  0  1  3  3.140274e-01  1.000000e-07
 35  31  0 -1  0  3  6.194963e-01  1.000000e-07
 35  5  0  0  0  3  1.290637e-01  1.000000e-07
 35  8  0  0  0  3  3.881725e-01  1.000000e-07
 35  32  0  0  0  3  3.651964e-01  1.000000e-07
 35  9  0  0  0  3  4.550672e-01  1.000000e-07
 35  34  0  0  0  3  2.735509e-01  1.000000e-07
 13  31  0  0  0  3  3.433496e-01  1.000000e-07
 13  25 -1  0  0  3  3.434040e-01  1.000000e-07
 13  24 -1  0  0  3  3.287007e-01  1.000000e-07
 13  32  0  0  0  3  2.386487e-01  1.000000e-07
 13  33 -1  0  0  3  5.347007e-01  1.000000e-07
 13  71  0  0  0  3  1.665469e-01  1.000000e-07
 13  38 -1  0  0  3  2.963256e-01  1.000000e-07
 31  6  0  1  0  3  3.055277e-01  1.000000e-07
 31  9  0  1  0  3  4.219266e-01  1.000000e-07
 6  8 -1  0  0  3  5.297408e-01  1.000000e-07
 6  9  0  0  0  3  3.047456e-01  1.000000e-07
 6  84  0 -1  0  3  4.044917e-01  1.000000e-07
 6  36 -1 -1  0  3  5.749304e-01  1.000000e-07
 26  37  0  0  0  3  2.679471e-01  1.000000e-07
 26  15  0  0  0  3  3.232597e-01  1.000000e-07
 26  32  0  0  0  3  2.915527e-01  1.000000e-07
 26  71  0  0  0  3  3.504212e-01  1.000000e-07
 26  38 -1  0  0  3  3.916898e-01  1.000000e-07
 25  15  0  0  0  3  2.238442e-01  1.000000e-07
 25  33  0  0  0  3  5.259035e-01  1.000000e-07
 25  27  0  0  0  3  2.426227e-01  1.000000e-07
 25  34  0  0  0  3  2.556725e-01  1.000000e-07
 25  36  0  0  0  3  3.053383e-01  1.000000e-07
 37  5  0  0  0  3  3.076118e-01  1.000000e-07
 37  24  0  0  0  3  3.914356e-01  1.000000e-07
 37  15  0  0  0  3  1.860293e-01  1.000000e-07
 37  32  0  0  0  3  3.959127e-01  1.000000e-07
 37  71  0  0  0  3  4.095956e-01  1.000000e-07
 37  84  0  0  0  3  1.349944e-01  1.000000e-07
 37  36  0  0  0  3  2.008256e-01  1.000000e-07
 5  9  0  0  0  3  4.051743e-01  1.000000e-07
 5  84  0 -1  0  3  6.125287e-01  1.000000e-07
 5  34  0  0  0  3  2.184855e-01  1.000000e-07
 24  15  0  0  0  3  2.933072e-01  1.000000e-07
 24  33  0  1  0  3  4.074686e-01  1.000000e-07
 24  38  0  0  0  3  2.351932e-01  1.000000e-07
 24  36  0  0  0  3  3.141915e-01  1.000000e-07
 15  32  0  0  0  3  3.451735e-01  1.000000e-07
 15  27  0  0  0  3  2.358712e-01  1.000000e-07
 15  34  0  0  0  3  2.348236e-01  1.000000e-07
 15  36  0  0  0  3  2.363306e-01  1.000000e-07
 8  9  1  0  0  3  3.286465e-01  1.000000e-07
 8  38  0  0  0  3  3.717724e-01  1.000000e-07
 8  34  0  0  0  3  2.266290e-01  1.000000e-07
 8  7  1  0  0  3  3.838701e-01  1.000000e-07
 8  36  0  0  0  3  3.793592e-01  1.000000e-07
 32  9  0  0  0  3  2.657132e-01  1.000000e-07
 32  7  0  0  0  3  3.368113e-01  1.000000e-07
 33  17  0  0 -1  3  3.084365e-01  1.000000e-07
 33  71  1  0  0  3  4.539777e-01  1.000000e-07
 33  9  1  0  0  3  3.690958e-01  1.000000e-07
 33  27  0  0  0  3  4.022234e-01  1.000000e-07
 33  34  0  0  0  3  5.269151e-01  1.000000e-07
 71  9  0  0  0  3  1.858080e-01  1.000000e-07
 71  7  0  0  0  3  2.449565e-01  1.000000e-07
 9  7  0  0  0  3  1.569238e-01  1.000000e-07
 84  7  0  1  0  3  5.297432e-01  1.000000e-07
 84  36  0  0  0  3  1.823480e-01  1.000000e-07
 38  34  0  0  0  3  4.019898e-01  1.000000e-07
 38  36  0  0  0  3  3.501726e-01  1.000000e-07
 34  36  0  0  0  3  2.027909e-01  1.000000e-07
 10  53  0  0  0  3  2.468778e-01  1.000000e-07
 4  71  0  0  0  3  3.246425e-01  1.000000e-07
 12  75  0  0  0  3  2.459358e-01  1.000000e-07
 60  34  0  0  0  3  2.133770e-01  1.000000e-07
 18  57  1  0  0  3  4.469822e-01  1.000000e-07
 70  7  0  0  0  3  1.932163e-01  1.000000e-07
 86  62  0  0  0  3  3.895674e-01  1.000000e-07
 76  6  1  0  0  3  2.543121e-01  1.000000e-07
 11  52  0  0  0  3  3.512128e-01  1.000000e-07
 56  6  0  0  0  3  1.338859e-01  1.000000e-07
 12  61  0  0  0  3  2.353009e-01  1.000000e-07
 58  7  0  0  0  3  1.664893e-01  1.000000e-07
 80  59  0  0  0  3  2.661911e-01  1.000000e-07
 58  7  0  0  0  3  1.929816e-01  1.000000e-07
 86  0  0  0  0  3  2.567386e-01  1.000000e-07
 62  38  0 -1  0  3  4.711084e-01  1.000000e-07
 12  60  0  0  0  3  3.034491e-01  1.000000e-07
 75  36  0  0  0  3  2.254484e-01  1.000000e-07
 85  44  0  0  0  3  3.105167e-01  1.000000e-07
 83  36  0  0  0  3  1.436337e-01  1.000000e-07
 10  53  0  0  0  3  2.474047e-01  1.000000e-07
 51  13  0  0  0  3  3.622889e-01  1.000000e-07
 23  52  0  0  0  3  4.439080e-01  1.000000e-07
 56  6  0  0  0  3  1.154851e-01  1.000000e-07
 10  82  0  0  0  3  2.719947e-01  1.000000e-07
 39  84  0  0  0  3  1.772058e-01  1.000000e-07
 12  78  0  0  0  3  1.935617e-01  1.000000e-07
 63  5  0  0  0  3  2.605762e-01  1.000000e-07
 10  82  0  0  0  3  2.342460e-01  1.000000e-07
 54  37  0  0  0  3  2.201541e-01  1.000000e-07
 86  78  0  0  0  3  1.705624e-01  1.000000e-07
 79  5  0  0  0  3  2.656514e-01  1.000000e-07
 80  1  0  0  0  3  2.532969e-01  1.000000e-07
 73  5  0  0  0  3  3.493853e-01  1.000000e-07
 10  55  0  0  0  3  2.561358e-01  1.000000e-07
 63  5  0  0  0  3  2.924059e-01  1.000000e-07
 72  3  0  0  0  3  2.945005e-01  1.000000e-07
 50  8 -1  0  0  3  2.232259e-01  1.000000e-07
 22  74  0 -1  0  3  4.410216e-01  1.000000e-07
 83  36  0  0  0  3  1.930137e-01  1.000000e-07
 18  74  0 -1  0  3  4.496079e-01  1.000000e-07
 83  36  0  0  0  3  2.040732e-01  1.000000e-07
 23  57  0  0  0  3  4.139267e-01  1.000000e-07
 56  7  0  0  0  3  1.350355e-01  1.000000e-07
 18  87  0  0  0  3  3.489554e-01  1.000000e-07
 62  38  0 -1  0  3  3.381248e-01  1.000000e-07
 80  52  0  0  0  3  2.686686e-01  1.000000e-07
 56  6  0  0  0  3  1.553271e-01  1.000000e-07
 20  81  0  0  0  3  2.914171e-01  1.000000e-07
 77  38  0  0  0  3  3.032029e-01  1.000000e-07
 86  89  0  0  0  3  3.313867e-01  1.000000e-07
 88  84  0 -1  0  3  2.945544e-01  1.000000e-07
 50  49  0  0  0  2  1.870733e-01  2.000000e-07
 50  60 -1  0  0  2  4.867803e-01  2.000000e-07
 50  74 -1  0  0  2  4.245842e-01  2.000000e-07
 50  3  0  0  0  2  2.634197e-01  2.000000e-07
 50  61  0  0  0  2  4.301861e-01  2.000000e-07
 50  51  0  0  0  2  2.469090e-02  2.000000e-07
 50  47  0  0  0  2  1.109023e-01  2.000000e-07
 50  69 -1  0  0  2  3.062325e-01  2.000000e-07
 50  63  0  0  0  2  3.839127e-01  2.000000e-07
 50  53  0  0  0  2  1.285483e-01  2.000000e-07
 50  77 -1  0  0  2  2.185332e-01  2.000000e-07
 50  48 -1  0  0  2  2.042755e-01  2.000000e-07
 50  40  0  0  0  2  2.185114e-01  2.000000e-07
 50  82  0  0  0  2  2.840206e-01  2.000000e-07
 50  45 -1  0  0  2  3.226811e-01  2.000000e-07
 50  65 -1  0  0  2  3.965237e-01  2.000000e-07
 50  56  0  0  0  2  4.658406e-01  2.000000e-07
 88  49  0 -1  0  2  4.951922e-01  2.000000e-07
 88  58  0  0  0  2  3.436736e-01  2.000000e-07
 88  74  0 -1  0  2  2.412084e-01  2.000000e-07
 88  73  0  0  0  2  2.141387e-01  2.000000e-07
 88  39  0 -1  0  2  2.339270e-01  2.000000e-07
 88  59  0  0  0  2  3.717722e-01  2.000000e-07
 88  67  0  0  0  2  4.635228e-01  2.000000e-07
 88  75  0  0  0  2  4.134781e-01  2.000000e-07
 88  0  0  0  0  2  1.099169e-01  2.000000e-07
 88  42  0 -1  0  2  4.765852e-01  2.000000e-07
 88  64  0 -1  0  2  4.185913e-01  2.000000e-07
 88  52  0  0  0  2  4.685962e-01  2.000000e-07
 88  44  0 -1  0  2  3.718552e-01  2.000000e-07
 88  43  0 -1  0  2  4.109212e-01  2.000000e-07
 88  76  0  0  0  2  2.624309e-01  2.000000e-07
 88  77  0 -1  0  2  3.990205e-01  2.000000e-07
 88  48  0 -1  0  2  4.194039e-01  2.000000e-07
 88  62  0  0  0  2  2.385111e-01  2.000000e-07
 88  87  0  0  0  2  1.369994e-01  2.000000e-07
 88  66  0  0  0  2  4.661342e-01  2.000000e-07
 88  89  0  0  0  2  1.104827e-01  2.000000e-07
 88  82  0 -1  0  2  4.902634e-01  2.000000e-07
 88  79  0  0  0  2  2.320297e-01  2.000000e-07
 88  83  0 -1  0  2  2.400396e-01  2.000000e-07
 49  74  0  0  0  2  5.088805e-01  2.000000e-07
 49  57  0  1  0  2  4.051791e-01  2.000000e-07
 49  39  0  0  0  2  3.011670e-01  2.000000e-07
 49  39  0  0  0  2  3.011670e-01  2.000000e-07
 49  61  0  1  0  2  5.130059e-01  2.000000e-07
 49  51  0  0  0  2  1.770093e-01  2.000000e-07
 49  47  0  0  0  2  1.464622e-01  2.000000e-07
 49  59  0  1  0  2  4.088074e-01  2.000000e-07
 49  64 -1  0  0  2  2.673089e-01  2.000000e-07
 49  52  0  1  0  2  2.615365e-01  2.000000e-07
 49  44  0  0  0  2  4.222313e-01  2.000000e-07
 49  53  0  0  0  2  2.104195e-01  2.000000e-07
 49  77 -1  0  0  2  2.709610e-01  2.000000e-07
 49  40  0  0  0  2  1.595841e-01  2.000000e-07
 49  40  0  0  0  2  1.595841e-01  2.000000e-07
 49  62 -1  1  0  2  5.008547e-01  2.000000e-07
 49  89  0  1  0  2  4.042178e-01  2.000000e-07
 49  54  0  0  0  2  2.711955e-01  2.000000e-07
 49  82  0  0  0  2  2.472834e-01  2.000000e-07
 49  79  0  1  0  2  6.332079e-01  2.000000e-07
 49  56  0  1  0  2  3.948016e-01  2.000000e-07
 49  83  0  0  0  2  3.625701e-01  2.000000e-07
 58  60  0  0  0  2  3.323574e-01  2.000000e-07
 58  70  0  0  0  2  3.011148e-01  2.000000e-07
 58  3  0  0  0  2  3.253667e-01  2.000000e-07
 58  73  0  0  0  2  2.201789e-01  2.000000e-07
 58  61  0  0  0  2  3.571919e-02  2.000000e-07
 58  59  0  0  0  2  1.219363e-01  2.000000e-07
 58  67  0  0  0  2  1.377044e-01  2.000000e-07
 58  75  0  0  0  2  2.968765e-01  2.000000e-07
 58  0  0  0  0  2  4.003019e-01  2.000000e-07
 58  1  0  0  0  2  2.400837e-01  2.000000e-07
 58  52  0  0  0  2  3.123512e-01  2.000000e-07
 58  2  0  0  0  2  1.435907e-01  2.000000e-07
 58  63  0  0  0  2  1.573658e-01  2.000000e-07
 58  66  0  0  0  2  4.061365e-01  2.000000e-07
 58  89  0  0  0  2  2.724251e-01  2.000000e-07
 58  56  0  0  0  2  1.869768e-01  2.000000e-07
 60  74  0  0  0  2  3.360282e-01  2.000000e-07
 60  81  0  0  0  2  4.491822e-01  2.000000e-07
 60  3  1  0  0  2  4.488229e-01  2.000000e-07
 60  73  0  0  0  2  2.370182e-01  2.000000e-07
 60  39  0  0  0  2  3.854709e-01  2.000000e-07
 60  69  0  0  0  2  2.540528e-01  2.000000e-07
 60  1  0  0  0  2  3.108739e-01  2.000000e-07
 60  63  0  0  0  2  2.237327e-01  2.000000e-07
 60  76  0  0  0  2  3.462543e-01  2.000000e-07
 60  77  0  0  0  2  4.181598e-01  2.000000e-07
 60  66  0  0  0  2  8.353229e-02  2.000000e-07
 60  78  0  0  0  2  1.399047e-01  2.000000e-07
 60  55  0  0  0  2  2.302820e-01  2.000000e-07
 60  45  0  0  0  2  1.652743e-01  2.000000e-07
 60  65  0  0  0  2  3.733871e-01  2.000000e-07
 60  83  0  0  0  2  3.306122e-01  2.000000e-07
 74  81  0  0  0  2  1.899029e-01  2.000000e-07
 74  39  0  0  0  2  2.152598e-01  2.000000e-07
 74  1  0  1  0  2  3.813816e-01  2.000000e-07
 74  44  0  0  0  2  1.774962e-01  2.000000e-07
 74  63  0  0  0  2  4.853163e-01  2.000000e-07
 74  76  0  1  0  2  4.103647e-01  2.000000e-07
 74  77  0  0  0  2  2.234618e-01  2.000000e-07
 74  48  0  0  0  2  2.216323e-01  2.000000e-07
 74  40  1  0  0  2  3.458101e-01  2.000000e-07
 74  87  0  1  0  2  2.345013e-01  2.000000e-07
 74  78  0  0  0  2  4.678566e-01  2.000000e-07
 74  89  0  1  0  2  2.977399e-01  2.000000e-07
 74  82  0  0  0  2  3.836780e-01  2.000000e-07
 74  45  0  0  0  2  3.035137e-01  2.000000e-07
 74  41  0  0  0  2  1.977207e-01  2.000000e-07
 74  79  0  1  0  2  4.688599e-01  2.000000e-07
 74  65  0  1  0  2  5.127251e-01  2.000000e-07
 74  83  0  0  0  2  1.463485e-01  2.000000e-07
 70  3  0  0  0  2  5.308337e-02  2.000000e-07
 70  68 -1  0  0  2  1.737982e-01  2.000000e-07
 70  69 -1  0  0  2  2.241381e-01  2.000000e-07
 70  59  0  0  0  2  2.474812e-01  2.000000e-07
 70  52  0  0  0  2  2.855369e-01  2.000000e-07
 70  4  0  0  0  2  1.875960e-01  2.000000e-07
 70  2  0  0  0  2  2.234936e-01  2.000000e-07
 70  62 -1  0  0  2  2.963258e-01  2.000000e-07
 70  65 -1  0  0  2  1.498750e-01  2.000000e-07
 81  50  1  0  0  2  2.924689e-01  2.000000e-07
 81  52  1  1  0  2  3.306989e-01  2.000000e-07
 81  76  0  1  0  2  3.598947e-01  2.000000e-07
 81  77  0  0  0  2  7.852813e-02  2.000000e-07
 81  40  1  0  0  2  1.574698e-01  2.000000e-07
 81  62  0  1  0  2  2.965894e-01  2.000000e-07
 81  87  0  1  0  2  2.311530e-01  2.000000e-07
 81  65  0  1  0  2  4.242917e-01  2.000000e-07
 81  83  0  0  0  2  3.350704e-01  2.000000e-07
 57  61  0  0  0  2  1.724191e-01  2.000000e-07
 57  46 -1  0  0  2  4.164060e-01  2.000000e-07
 57  68 -1  0  0  2  3.377129e-01  2.000000e-07
 57  47  0 -1  0  2  4.719806e-01  2.000000e-07
 57  59  0  0  0  2  9.443867e-02  2.000000e-07
 57  67  0  0  0  2  2.620872e-01  2.000000e-07
 57  64 -1 -1  0  2  5.093603e-01  2.000000e-07
 57  53  0  0  0  2  3.850930e-01  2.000000e-07
 57  48 -1 -1  0  2  5.361399e-01  2.000000e-07
 57  79  0  0  0  2  4.254112e-01  2.000000e-07
 57  65 -1  0  0  2  2.669018e-01  2.000000e-07
 57  56  0  0  0  2  2.086908e-02  2.000000e-07
 3  51  0  0  0  2  2.642926e-01  2.000000e-07
 3  69 -1  0  0  2  1.947921e-01  2.000000e-07
 3  52  0  0  0  2  3.385610e-01  2.000000e-07
 3  4  0  0  0  2  1.805657e-01  2.000000e-07
 3  63  0  0  0  2  3.536549e-01  2.000000e-07
 3  62 -1  0  0  2  3.216520e-01  2.000000e-07
 3  55  0  0  0  2  3.739825e-01  2.000000e-07
 3  65 -1  0  0  2  1.643368e-01  2.000000e-07
 3  56  0  0  0  2  2.383462e-01  2.000000e-07
 73  69  0  0  0  2  3.287789e-01  2.000000e-07
 73  0  0  0  0  2  2.141274e-01  2.000000e-07
 73  1  0  0  0  2  7.462910e-02  2.000000e-07
 73  63  0  0  0  2  2.495453e-01  2.000000e-07
 73  62  0  0  0  2  2.720656e-01  2.000000e-07
 73  87  0  0  0  2  2.710765e-01  2.000000e-07
 73  66  0  0  0  2  2.738745e-01  2.000000e-07
 73  78  0  0  0  2  1.302899e-01  2.000000e-07
 73  89  0  0  0  2  2.245082e-01  2.000000e-07
 73  65  0  0  0  2  3.432519e-01  2.000000e-07
 39  51  0  0  0  2  4.334667e-01  2.000000e-07
 39  59  0  1  0  2  4.013569e-01  2.000000e-07
 39  63  0  0  0  2  4.285376e-01  2.000000e-07
 39  40  0  0  0  2  4.436489e-01  2.000000e-07
 39  89  0  1  0  2  1.953497e-01  2.000000e-07
 39  54  0  0  0  2  3.040540e-01  2.000000e-07
 39  82  0  0  0  2  2.572339e-01  2.000000e-07
 39  55  0  0  0  2  3.286810e-01  2.000000e-07
 39  83  0  0  0  2  7.620234e-02  2.000000e-07
 61  59  0  0  0  2  1.082150e-01  2.000000e-07
 61  1  0  0  0  2  2.755052e-01  2.000000e-07
 61  63  0  0  0  2  1.607857e-01  2.000000e-07
 61  53  0  0  0  2  3.241784e-01  2.000000e-07
 61  78  0  0  0  2  2.256727e-01  2.000000e-07
 61  89  0  0  0  2  2.995877e-01  2.000000e-07
 61  82  0  0  0  2  3.368384e-01  2.000000e-07
 61  79  0  0  0  2  2.705778e-01  2.000000e-07
 61  56  0  0  0  2  1.632681e-01  2.000000e-07
 46  68  0  0  0  2  8.397298e-02  2.000000e-07
 46  47  1  0  0  2  3.968732e-01  2.000000e-07
 46  75  0  0  0  2  2.300432e-01  2.000000e-07
 46  42  0  0  0  2  1.844240e-01  2.000000e-07
 46  64  0  0  0  2  3.555688e-01  2.000000e-07
 46  53  1  0  0  2  4.071557e-01  2.000000e-07
 46  76  0  0  0  2  2.098236e-01  2.000000e-07
 46  48  0  0  0  2  3.314306e-01  2.000000e-07
 46  62  0  0  0  2  2.721473e-01  2.000000e-07
 46  66  0  0  0  2  1.504580e-01  2.000000e-07
 46  45  0  0  0  2  1.168194e-01  2.000000e-07
 46  41  0  0  0  2  2.220595e-01  2.000000e-07
 46  79  0  0  0  2  2.679114e-01  2.000000e-07
 46  65  0  0  0  2  1.729843e-01  2.000000e-07
 46  56  1  0  0  2  4.372676e-01  2.000000e-07
 68  47  1  0  0  2  3.752076e-01  2.000000e-07
 68  69  0  0  0  2  5.058248e-02  2.000000e-07
 68  59  1  0  0  2  4.203022e-01  2.000000e-07
 68  67  1  0  0  2  4.258350e-01  2.000000e-07
 68  75  0  0  0  2  3.139035e-01  2.000000e-07
 68  42  0  0  0  2  2.415190e-01  2.000000e-07
 68  64  0  0  0  2  3.619123e-01  2.000000e-07
 68  4  1  0  0  2  3.224397e-01  2.000000e-07
 68  53  1  0  0  2  3.442868e-01  2.000000e-07
 68  76  0  0  0  2  2.095594e-01  2.000000e-07
 68  62  0  0  0  2  2.641150e-01  2.000000e-07
 68  66  0  0  0  2  2.309042e-01  2.000000e-07
 68  41  0  0  0  2  2.743196e-01  2.000000e-07
 68  79  0  0  0  2  3.322833e-01  2.000000e-07
 51  69 -1  0  0  2  3.221612e-01  2.000000e-07
 51  64 -1  0  0  2  2.213315e-01  2.000000e-07
 51  52  0  1  0  2  4.175066e-01  2.000000e-07
 51  4  0  0  0  2  2.511836e-01  2.000000e-07
 51  2  0  0  0  2  2.978209e-01  2.000000e-07
 51  63  0  0  0  2  3.619444e-01  2.000000e-07
 51  53  0  0  0  2  1.054911e-01  2.000000e-07
 51  77 -1  0  0  2  2.393768e-01  2.000000e-07
 51  40  0  0  0  2  2.273451e-01  2.000000e-07
 51  54  0  0  0  2  2.512561e-01  2.000000e-07
 51  55  0  0  0  2  3.041661e-01  2.000000e-07
 47  64 -1  0  0  2  1.276454e-01  2.000000e-07
 47  53  0  0  0  2  2.195470e-01  2.000000e-07
 47  76 -1  1  0  2  5.160008e-01  2.000000e-07
 47  48 -1  0  0  2  1.456288e-01  2.000000e-07
 47  40  0  0  0  2  1.088151e-01  2.000000e-07
 47  45 -1  0  0  2  3.479590e-01  2.000000e-07
 47  41 -1  0  0  2  3.109516e-01  2.000000e-07
 47  56  0  1  0  2  4.673827e-01  2.000000e-07
 69  75  0  0  0  2  2.669585e-01  2.000000e-07
 69  42  0  0  0  2  1.954620e-01  2.000000e-07
 69  64  0  0  0  2  3.406589e-01  2.000000e-07
 69  4  1  0  0  2  3.653155e-01  2.000000e-07
 69  53  1  0  0  2  3.696407e-01  2.000000e-07
 69  77  0  0  0  2  3.625624e-01  2.000000e-07
 69  62  0  0  0  2  2.806643e-01  2.000000e-07
 69  66  0  0  0  2  1.804935e-01  2.000000e-07
 69  65  0  0  0  2  1.604274e-01  2.000000e-07
 59  67  0  0  0  2  2.262892e-01  2.000000e-07
 59  64 -1 -1  0  2  5.585679e-01  2.000000e-07
 59  52  0  0  0  2  1.906110e-01  2.000000e-07
 59  4  0  0  0  2  2.288468e-01  2.000000e-07
 59  2  0  0  0  2  2.004818e-01  2.000000e-07
 59  62 -1  0  0  2  4.463658e-01  2.000000e-07
 59  79  0  0  0  2  3.344515e-01  2.000000e-07
 67  75  0  0  0  2  2.698617e-01  2.000000e-07
 67  4  0  0  0  2  1.039254e-01  2.000000e-07
 67  2  0  0  0  2  5.741759e-02  2.000000e-07
 67  43  0  0  0  2  3.232616e-01  2.000000e-07
 67  53  0  0  0  2  2.188877e-01  2.000000e-07
 67  66  0  0  0  2  3.789758e-01  2.000000e-07
 67  78  0  0  0  2  2.052240e-01  2.000000e-07
 67  54  0  0  0  2  1.660598e-01  2.000000e-07
 67  82  0  0  0  2  2.125176e-01  2.000000e-07
 67  55  0  0  0  2  1.363840e-01  2.000000e-07
 67  79  0  0  0  2  2.986797e-01  2.000000e-07
 75  0  0  0  0  2  3.868183e-01  2.000000e-07
 75  42  0  0  0  2  2.097020e-01  2.000000e-07
 75  44  0  0  0  2  2.157997e-01  2.000000e-07
 75  43  0  0  0  2  1.818047e-01  2.000000e-07
 75  62  0  0  0  2  3.882114e-01  2.000000e-07
 75  66  0  0  0  2  1.115021e-01  2.000000e-07
 75  78  0  0  0  2  1.022394e-01  2.000000e-07
 75  54  0  0  0  2  2.762629e-01  2.000000e-07
 75  82  0  0  0  2  2.862550e-01  2.000000e-07
 75  41  0  0  0  2  2.364460e-01  2.000000e-07
 75  79  0  0  0  2  1.817130e-01  2.000000e-07
 0  64  0 -1  0  2  3.880751e-01  2.000000e-07
 0  77  0 -1  0  2  3.656322e-01  2.000000e-07
 0  62  0  0  0  2  1.286598e-01  2.000000e-07
 0  87  0  0  0  2  5.695735e-02  2.000000e-07
 0  66  0  0  0  2  4.140451e-01  2.000000e-07
 0  89  0  0  0  2  2.155066e-01  2.000000e-07
 1  63  0  0  0  2  3.067261e-01  2.000000e-07
 1  76  0  0  0  2  2.387810e-01  2.000000e-07
 1  87  0  0  0  2  2.174882e-01  2.000000e-07
 1  78  0  0  0  2  2.019312e-01  2.000000e-07
 1  89  0  0  0  2  1.569451e-01  2.000000e-07
 1  79  0  0  0  2  9.588827e-02  2.000000e-07
 1  65  0  0  0  2  3.548249e-01  2.000000e-07
 42  64  0  0  0  2  2.339231e-01  2.000000e-07
 42  44  0  0  0  2  1.882190e-01  2.000000e-07
 42  43  0  0  0  2  2.001517e-01  2.000000e-07
 42  77  0  0  0  2  2.475845e-01  2.000000e-07
 42  66  0  0  0  2  1.067105e-01  2.000000e-07
 42  41  0  0  0  2  3.956125e-02  2.000000e-07
 42  83  0  0  0  2  3.071542e-01  2.000000e-07
 64  52  1  1  0  2  3.683921e-01  2.000000e-07
 64  4  1  0  0  2  4.596623e-01  2.000000e-07
 64  44  0  0  0  2  3.416773e-01  2.000000e-07
 64  53  1  0  0  2  3.266728e-01  2.000000e-07
 64  76  0  1  0  2  4.596211e-01  2.000000e-07
 64  77  0  0  0  2  2.375229e-02  2.000000e-07
 64  48  0  0  0  2  2.739586e-02  2.000000e-07
 64  62  0  1  0  2  3.964157e-01  2.000000e-07
 64  87  0  1  0  2  3.316900e-01  2.000000e-07
 64  41  0  0  0  2  2.074775e-01  2.000000e-07
 52  39  0 -1  0  2  3.926065e-01  2.000000e-07
 52  77 -1 -1  0  2  3.539704e-01  2.000000e-07
 52  40  0 -1  0  2  2.251403e-01  2.000000e-07
 52  62 -1  0  0  2  3.291681e-01  2.000000e-07
 52  87 -1  0  0  2  3.945571e-01  2.000000e-07
 52  89  0  0  0  2  3.581209e-01  2.000000e-07
 52  54  0 -1  0  2  5.170473e-01  2.000000e-07
 52  65 -1  0  0  2  3.147995e-01  2.000000e-07
 52  56  0  0  0  2  1.459029e-01  2.000000e-07
 4  2  0  0  0  2  5.477692e-02  2.000000e-07
 4  53  0  0  0  2  1.690689e-01  2.000000e-07
 4  54  0  0  0  2  2.001037e-01  2.000000e-07
 4  55  0  0  0  2  2.009063e-01  2.000000e-07
 44  43  0  0  0  2  4.495319e-02  2.000000e-07
 44  48  0  0  0  2  3.188636e-01  2.000000e-07
 44  78  0  0  0  2  3.009349e-01  2.000000e-07
 44  82  0  0  0  2  2.323403e-01  2.000000e-07
 44  45  0  0  0  2  2.391653e-01  2.000000e-07
 44  41  0  0  0  2  1.740316e-01  2.000000e-07
 44  79  0  1  0  2  6.026479e-01  2.000000e-07
 44  83  0  0  0  2  1.464558e-01  2.000000e-07
 2  63  0  0  0  2  1.295058e-01  2.000000e-07
 2  66  0  0  0  2  4.362286e-01  2.000000e-07
 2  54  0  0  0  2  1.968189e-01  2.000000e-07
 2  55  0  0  0  2  1.812295e-01  2.000000e-07
 63  53  0  0  0  2  2.569747e-01  2.000000e-07
 63  82  0  0  0  2  1.961257e-01  2.000000e-07
 63  55  0  0  0  2  1.055020e-01  2.000000e-07
 63  56  0  0  0  2  3.162644e-01  2.000000e-07
 43  66  0  0  0  2  1.901471e-01  2.000000e-07
 43  54  0  0  0  2  2.237566e-01  2.000000e-07
 43  82  0  0  0  2  2.015075e-01  2.000000e-07
 43  41  0  0  0  2  1.944527e-01  2.000000e-07
 43  83  0  0  0  2  1.778519e-01  2.000000e-07
 53  77 -1  0  0  2  3.442315e-01  2.000000e-07
 53  82  0  0  0  2  1.720032e-01  2.000000e-07
 53  45 -1  0  0  2  4.215597e-01  2.000000e-07
 53  65 -1  0  0  2  4.116908e-01  2.000000e-07
 53  56  0  0  0  2  3.951688e-01  2.000000e-07
 76  57  1  0  0  2  3.605095e-01  2.000000e-07
 76  48  0 -1  0  2  4.755592e-01  2.000000e-07
 76  40  1 -1  0  2  4.165348e-01  2.000000e-07
 76  62  0  0  0  2  6.330536e-02  2.000000e-07
 76  87  0  0  0  2  1.770317e-01  2.000000e-07
 76  78  0  0  0  2  3.310521e-01  2.000000e-07
 76  45  0  0  0  2  3.197137e-01  2.000000e-07
 76  79  0  0  0  2  2.311718e-01  2.000000e-07
 76  65  0  0  0  2  1.246881e-01  2.000000e-07
 76  56  1  0  0  2  3.789494e-01  2.000000e-07
 77  40  1  0  0  2  1.419971e-01  2.000000e-07
 77  62  0  1  0  2  3.726638e-01  2.000000e-07
 77  87  0  1  0  2  3.090857e-01  2.000000e-07
 77  66  0  0  0  2  3.540337e-01  2.000000e-07
 77  83  0  0  0  2  3.684220e-01  2.000000e-07
 48  40  1  0  0  2  1.775879e-01  2.000000e-07
 48  45  0  0  0  2  2.477174e-01  2.000000e-07
 48  41  0  0  0  2  1.804123e-01  2.000000e-07
 48  56  1  1  0  2  5.368974e-01  2.000000e-07
 40  89  0  1  0  2  5.024366e-01  2.000000e-07
 40  65 -1  1  0  2  4.369681e-01  2.000000e-07
 40  56  0  1  0  2  3.702901e-01  2.000000e-07
 62  57  1  0  0  2  3.536030e-01  2.000000e-07
 62  87  0  0  0  2  1.281977e-01  2.000000e-07
 62  66  0  0  0  2  3.792800e-01  2.000000e-07
 62  79  0  0  0  2  2.658569e-01  2.000000e-07
 62  65  0  0  0  2  1.603802e-01  2.000000e-07
 87  89  0  0  0  2  2.474784e-01  2.000000e-07
 87  65  0  0  0  2  2.885289e-01  2.000000e-07
 87  83  0 -1  0  2  3.074377e-01  2.000000e-07
 66  54  0  0  0  2  3.588500e-01  2.000000e-07
 66  55  0  0  0  2  3.101867e-01  2.000000e-07
 66  83  0  0  0  2  3.459996e-01  2.000000e-07
 78  63  0  0  0  2  1.422753e-01  2.000000e-07
 78  82  0  0  0  2  2.981549e-01  2.000000e-07
 78  45  0  0  0  2  2.858944e-01  2.000000e-07
 89  79  0  0  0  2  2.491592e-01  2.000000e-07
 89  56  0  0  0  2  3.382437e-01  2.000000e-07
 89  83  0 -1  0  2  2.361490e-01  2.000000e-07
 54  82  0  0  0  2  4.731309e-02  2.000000e-07
 54  55  0  0  0  2  6.006811e-02  2.000000e-07
 54  83  0  0  0  2  3.087154e-01  2.000000e-07
 82  83  0  0  0  2  2.653932e-01  2.000000e-07
 45  41  0  0  0  2  1.065723e-01  2.000000e-07
 45  79  0  0  0  2  3.085812e-01  2.000000e-07
 45  65  0  0  0  2  2.883381e-01  2.000000e-07
 45  56  1  0  0  2  5.368096e-01  2.000000e-07
 79  56  0  0  0  2  4.097478e-01  2.000000e-07
 65  56  1  0  0  2  2.872412e-01  2.000000e-07
 50  3  0  0  0  1  2.634197e-01  3.000000e-07
 50  68 -1  0  0  1  2.977078e-01  3.000000e-07
 50  47  0  0  0  1  1.109023e-01  3.000000e-07
 50  69 -1  0  0  1  3.062325e-01  3.000000e-07
 50  48 -1  0  0  1  2.042755e-01  3.000000e-07
 50  45 -1  0  0  1  3.226811e-01  3.000000e-07
 88  74  0 -1  0  1  2.412084e-01  3.000000e-07
 88  39  0 -1  0  1  2.339270e-01  3.000000e-07
 88  1  0  0  0  1  1.407130e-01  3.000000e-07
 88  87  0  0  0  1  1.369994e-01  3.000000e-07
 88  89  0  0  0  1  1.104827e-01  3.000000e-07
 88  83  0 -1  0  1  2.400396e-01  3.000000e-07
 49  39  0  0  0  1  3.011670e-01  3.000000e-07
 49  51  0  0  0  1  1.770093e-01  3.000000e-07
 49  52  0  1  0  1  2.615365e-01  3.000000e-07
 49  53  0  0  0  1  2.104195e-01  3.000000e-07
 49  40  0  0  0  1  1.595841e-01  3.000000e-07
 49  82  0  0  0  1  2.472834e-01  3.000000e-07
 58  73  0  0  0  1  2.201789e-01  3.000000e-07
 58  59  0  0  0  1  1.219363e-01  3.000000e-07
 58  67  0  0  0  1  1.377044e-01  3.000000e-07
 58  1  0  0  0  1  2.400837e-01  3.000000e-07
 58  63  0  0  0  1  1.573658e-01  3.000000e-07
 58  78  0  0  0  1  1.993199e-01  3.000000e-07
 58  89  0  0  0  1  2.724251e-01  3.000000e-07
 60  43  0  0  0  1  1.553468e-01  3.000000e-07
 60  66  0  0  0  1  8.353229e-02  3.000000e-07
 60  55  0  0  0  1  2.302820e-01  3.000000e-07
 74  81  0  0  0  1  1.899029e-01  3.000000e-07
 74  44  0  0  0  1  1.774962e-01  3.000000e-07
 74  87  0  1  0  1  2.345013e-01  3.000000e-07
 74  41  0  0  0  1  1.977207e-01  3.000000e-07
 74  83  0  0  0  1  1.463485e-01  3.000000e-07
 70  57  0  0  0  1  1.711062e-01  3.000000e-07
 70  3  0  0  0  1  5.308337e-02  3.000000e-07
 70  4  0  0  0  1  1.875960e-01  3.000000e-07
 81  77  0  0  0  1  7.852813e-02  3.000000e-07
 81  48  0  0  0  1  1.156722e-01  3.000000e-07
 81  40  1  0  0  1  1.574698e-01  3.000000e-07
 81  62  0  1  0  1  2.965894e-01  3.000000e-07
 81  87  0  1  0  1  2.311530e-01  3.000000e-07
 57  61  0  0  0  1  1.724191e-01  3.000000e-07
 57  59  0  0  0  1  9.443867e-02  3.000000e-07
 57  52  0  0  0  1  1.506717e-01  3.000000e-07
 57  4  0  0  0  1  2.241090e-01  3.000000e-07
 57  2  0  0  0  1  2.181983e-01  3.000000e-07
 3  68 -1  0  0  1  1.471967e-01  3.000000e-07
 3  51  0  0  0  1  2.642926e-01  3.000000e-07
 3  4  0  0  0  1  1.805657e-01  3.000000e-07
 3  53  0  0  0  1  2.515004e-01  3.000000e-07
 73  78  0  0  0  1  1.302899e-01  3.000000e-07
 39  52  0  1  0  1  3.926065e-01  3.000000e-07
 39  89  0  1  0  1  1.953497e-01  3.000000e-07
 39  82  0  0  0  1  2.572339e-01  3.000000e-07
 39  83  0  0  0  1  7.620234e-02  3.000000e-07
 61  59  0  0  0  1  1.082150e-01  3.000000e-07
 61  67  0  0  0  1  1.248319e-01  3.000000e-07
 61  2  0  0  0  1  1.176703e-01  3.000000e-07
 46  68  0  0  0  1  8.397298e-02  3.000000e-07
 46  75  0  0  0  1  2.300432e-01  3.000000e-07
 46  76  0  0  0  1  2.098236e-01  3.000000e-07
 46  66  0  0  0  1  1.504580e-01  3.000000e-07
 46  79  0  0  0  1  2.679114e-01  3.000000e-07
 46  65  0  0  0  1  1.729843e-01  3.000000e-07
 68  65  0  0  0  1  1.238149e-01  3.000000e-07
 51  47  0  0  0  1  1.230014e-01  3.000000e-07
 51  53  0  0  0  1  1.054911e-01  3.000000e-07
 47  64 -1  0  0  1  1.276454e-01  3.000000e-07
 47  77 -1  0  0  1  1.376098e-01  3.000000e-07
 47  40  0  0  0  1  1.088151e-01  3.000000e-07
 69  45  0  0  0  1  1.313298e-01  3.000000e-07
 59  52  0  0  0  1  1.906110e-01  3.000000e-07
 59  56  0  0  0  1  7.635994e-02  3.000000e-07
 67  4  0  0  0  1  1.039254e-01  3.000000e-07
 67  63  0  0  0  1  7.217619e-02  3.000000e-07
 67  54  0  0  0  1  1.660598e-01  3.000000e-07
 67  55  0  0  0  1  1.363840e-01  3.000000e-07
 75  63  0  0  0  1  1.979922e-01  3.000000e-07
 75  66  0  0  0  1  1.115021e-01  3.000000e-07
 75  78  0  0  0  1  1.022394e-01  3.000000e-07
 75  55  0  0  0  1  2.204712e-01  3.000000e-07
 75  79  0  0  0  1  1.817130e-01  3.000000e-07
 0  1  0  0  0  1  1.620502e-01  3.000000e-07
 0  76  0  0  0  1  1.587524e-01  3.000000e-07
 0  62  0  0  0  1  1.286598e-01  3.000000e-07
 0  87  0  0  0  1  5.695735e-02  3.000000e-07
 1  89  0  0  0  1  1.569451e-01  3.000000e-07
 1  79  0  0  0  1  9.588827e-02  3.000000e-07
 42  44  0  0  0  1  1.882190e-01  3.000000e-07
 42  43  0  0  0  1  2.001517e-01  3.000000e-07
 42  48  0  0  0  1  2.065292e-01  3.000000e-07
 42  66  0  0  0  1  1.067105e-01  3.000000e-07
 42  45  0  0  0  1  6.791353e-02  3.000000e-07
 52  40  0 -1  0  1  2.251403e-01  3.000000e-07
 52  89  0  0  0  1  3.581209e-01  3.000000e-07
 52  65 -1  0  0  1  3.147995e-01  3.000000e-07
 4  2  0  0  0  1  5.477692e-02  3.000000e-07
 4  54  0  0  0  1  2.001037e-01  3.000000e-07
 44  41  0  0  0  1  1.740316e-01  3.000000e-07
 44  83  0  0  0  1  1.464558e-01  3.000000e-07
 63  78  0  0  0  1  1.422753e-01  3.000000e-07
 63  55  0  0  0  1  1.055020e-01  3.000000e-07
 43  82  0  0  0  1  2.015075e-01  3.000000e-07
 43  55  0  0  0  1  2.008799e-01  3.000000e-07
 43  83  0  0  0  1  1.778519e-01  3.000000e-07
 53  54  0  0  0  1  1.529727e-01  3.000000e-07
 53  82  0  0  0  1  1.720032e-01  3.000000e-07
 76  62  0  0  0  1  6.330536e-02  3.000000e-07
 76  79  0  0  0  1  2.311718e-01  3.000000e-07
 76  65  0  0  0  1  1.246881e-01  3.000000e-07
 77  40  1  0  0  1  1.419971e-01  3.000000e-07
 48  47  1  0  0  1  1.456288e-01  3.000000e-07
 48  45  0  0  0  1  2.477174e-01  3.000000e-07
 48  41  0  0  0  1  1.804123e-01  3.000000e-07
 40  62 -1  1  0  1  3.586004e-01  3.000000e-07
 62  87  0  0  0  1  1.281977e-01  3.000000e-07
 62  65  0  0  0  1  1.603802e-01  3.000000e-07
 66  45  0  0  0  1  8.212908e-02  3.000000e-07
 78  79  0  0  0  1  1.199287e-01  3.000000e-07
 54  55  0  0  0  1  6.006811e-02  3.000000e-07
 82  55  0  0  0  1  9.167685e-02  3.000000e-07
 82  83  0  0  0  1  2.653932e-01  3.000000e-07
 65  70  1  0  0  1  1.498750e-01  3.000000e-07
 2.326052e-01 -3.473967e-01  0
 9.967012e-02 -2.547224e-01  0
-2.042866e-01 -4.178057e-02  0
-4.296541e-01 -5.785748e-02  0
-2.535711e-01 -1.787334e-02  0
 4.302106e-02 -2.145904e-02 -2.527416e-01
-3.707765e-01 -4.389453e-01 -1.059333e-01
-2.418506e-01 -1.446371e-01 -1.328385e-01
 4.306352e-01  4.199298e-02 -2.053637e-01
-3.307374e-01 -1.778077e-01 -2.578343e-01
-1.611260e-01  1.640669e-01  2.213914e-01
-1.063236e-01 -3.045295e-01  2.778868e-01
-6.128706e-04 -1.230053e-01  1.877420e-01
-4.327561e-01  1.474036e-01 -3.241961e-01
-1.325168e-01  2.126418e-01  3.146747e-01
 3.448468e-02  1.368581e-01 -3.071992e-01
 5.446797e-03 -3.736454e-01  3.583589e-01
 2.781271e-01 -2.610299e-01  3.047519e-01
 3.161873e-01 -2.888476e-01  3.073057e-01
 2.748444e-01  2.601492e-01  3.778093e-01
 3.350423e-01  3.261854e-01  2.861932e-01
 1.683393e-01 -3.044981e-01  4.310494e-01
 2.117591e-01 -2.987012e-01  3.187090e-01
-2.843261e-01 -2.336429e-01  4.071923e-01
 2.744896e-01  2.615407e-01 -4.206936e-01
 2.339866e-01  1.593452e-01 -4.061919e-01
-2.217154e-01  3.024802e-01 -4.140993e-01
 1.108930e-01 -4.813440e-02 -4.319981e-01
-4.133557e-01  3.308636e-01  3.642695e-01
 1.824735e-02  2.132078e-02  2.761013e-01
 2.008438e-01 -1.483737e-01  3.346503e-01
-2.256167e-01  4.210026e-01 -3.354136e-01
-2.644532e-01  1.445420e-02 -4.288469e-01
 3.815316e-01 -3.453179e-01 -4.171543e-01
 2.120073e-01  8.392484e-02 -1.628873e-01
 9.060257e-02 -4.740222e-02 -3.698756e-01
 1.346063e-01  2.698966e-01 -1.394834e-01
-5.412069e-02  2.669733e-01 -2.080728e-01
 4.177154e-01  4.018670e-01 -2.977677e-01
 3.309097e-04  4.149763e-01  0
-4.433045e-01  4.184361e-01  0
 2.776687e-01  1.942807e-01  0
 2.782021e-01  1.547230e-01  0
 8.330922e-02  2.003025e-01  0
 1.090087e-01  2.371851e-01  0
 2.971288e-01  8.950013e-02  0
 3.428775e-01 -1.798861e-02  0
-4.337312e-01  3.100429e-01  0
 4.207588e-01  3.041616e-01  0
-2.954645e-01  3.583492e-01  0
-4.011956e-01  2.040204e-01  0
-3.766814e-01  2.010720e-01  0
-3.365229e-01 -3.833572e-01  0
-2.854141e-01  1.481698e-01  0
-1.325863e-01  1.415136e-01  0
-9.015470e-02  9.899603e-02  0
-2.846207e-01 -2.469981e-01  0
-3.026779e-01 -2.365360e-01  0
-1.201199e-01 -1.581173e-01  0
-2.084104e-01 -2.422199e-01  0
 1.356998e-01  5.405659e-02  0
-1.544904e-01 -1.483950e-01  0
 3.477983e-01 -2.900914e-01  0
-7.982208e-02 -5.998731e-03  0
 4.394137e-01  3.242247e-01  0
 4.416234e-01 -1.600197e-01  0
 2.183148e-01  6.640172e-02  0
-1.498064e-01 -2.365096e-02  0
 4.245801e-01 -3.738345e-02  0
 3.811705e-01 -1.141822e-02  0
-4.172804e-01 -1.094786e-01  0
-3.562707e-01  3.201161e-03 -2.911281e-01
-3.682171e-01  6.882081e-02  2.709350e-01
 9.895925e-02 -1.800967e-01  0
 2.129075e-01  3.810946e-01  0
 1.162502e-01  2.150695e-02  0
 3.369203e-01 -2.277277e-01  0
 4.337997e-01  3.473040e-01  0
 5.245637e-02 -5.838832e-02  0
 1.158294e-01 -1.602056e-01  0
-6.103008e-02 -4.243562e-01  1.832322e-01
 3.992270e-01  4.178121e-01  0
-1.177202e-01  1.864305e-01  0
 6.660637e-02  3.773684e-01  0
-1.200598e-02  3.782158e-01 -1.442376e-01
 1.278009e-01  3.780667e-01  3.015444e-01
 1.512582e-01 -1.010176e-01  1.622736e-01
 2.689981e-01 -3.912110e-01  0
 1.319995e-01 -3.916711e-01  0
 2.152005e-02 -3.908266e-01  0