 717  90  1.200000e-05  2 -2 -2
 20  18  0  0  0  3  3.279154e-01  1.000000e-07
 20  17  0  0  0  3  2.255519e-01  1.000000e-07
 20  23  0  0  0  3  4.493145e-01  1.000000e-07
 20  19  0 -1  0  3  5.213370e-01  1.000000e-07
 20  21  0  0  0  3  2.400946e-01  1.000000e-07
 20  48 -1  0  0  3  4.317574e-01  1.000000e-07
 20  88  0  0  0  3  2.931107e-01  1.000000e-07
 20  22 -1  0  0  3  3.675072e-01  1.000000e-07
 87  18  0  0  0  3  1.792772e-01  1.000000e-07
 87  15  0  0  0  3  2.107872e-01  1.000000e-07
 87  17  0  0  0  3  2.649339e-01  1.000000e-07
 87  29  0  0  0  3  4.222864e-01  1.000000e-07
 87  21  0  0  0  3  2.572204e-01  1.000000e-07
 87  44  0  0  0  3  1.900107e-01  1.000000e-07
 28  37  1  0  0  3  2.433802e-01  1.000000e-07
 28  47  1  0  0  3  3.616696e-01  1.000000e-07
 28  46  1  0  0  3  3.954996e-01  1.000000e-07
 28  29  0  0  0  3  3.417155e-01  1.000000e-07
 28  34  0  0  1  3  2.347499e-01  1.000000e-07
 28  45  1  1  1  3  4.625957e-01  1.000000e-07
 28  33  0  1  1  3  3.788792e-01  1.000000e-07
 18  23  0  0  0  3  2.432261e-01  1.000000e-07
 18  38  0  0  0  3  3.227500e-01  1.000000e-07
 18  21  0  0  0  3  1.843081e-01  1.000000e-07
 18  88  0  0  0  3  2.384566e-01  1.000000e-07
 18  22  0  0  0  3  3.808773e-01  1.000000e-07
 18  44  0  0  0  3  5.448037e-02  1.000000e-07
 15  23  0  0  0  3  4.188621e-01  1.000000e-07
 15  37  1  0  0  3  5.277215e-01  1.000000e-07
 15  47  1  0  0  3  4.648459e-01  1.000000e-07
 15  88  1  0  0  3  5.314235e-01  1.000000e-07
 17  38  0  0  0  3  2.180853e-01  1.000000e-07
 17  21  0  0  0  3  2.007054e-01  1.000000e-07
 17  88  0  0  0  3  1.003588e-01  1.000000e-07
 17  44  0  0  0  3  1.953689e-01  1.000000e-07
 23  19  0 -1  0  3  2.763086e-01  1.000000e-07
 23  38  0  0  0  3  4.310751e-01  1.000000e-07
 23  48  0  0  0  3  2.770622e-01  1.000000e-07
 23  39  0 -1  1  3  3.778940e-01  1.000000e-07
 23  42  0  0  1  3  2.110999e-01  1.000000e-07
 23  43  0 -1  1  3  3.000422e-01  1.000000e-07
 37  47  0  0  0  3  3.137425e-01  1.000000e-07
 37  46  0  0  0  3  2.793378e-01  1.000000e-07
 37  29 -1  0  0  3  4.211418e-01  1.000000e-07
 37  16  0  0  0  3  3.508894e-01  1.000000e-07
 37  44  0  0  0  3  4.630011e-01  1.000000e-07
 37  39  0  0  1  3  3.802641e-01  1.000000e-07
 37  26 -1  0  1  3  4.293466e-01  1.000000e-07
 47  38  0  0  0  3  4.207404e-01  1.000000e-07
 47  29 -1  0  0  3  5.061366e-01  1.000000e-07
 47  16  0  0  0  3  1.845876e-01  1.000000e-07
 19  46  0  0  0  3  2.534996e-01  1.000000e-07
 19  21  0  1  0  3  4.527647e-01  1.000000e-07
 19  40  0  0  1  3  1.510153e-01  1.000000e-07
 19  41  0  0  1  3  2.986617e-01  1.000000e-07
 19  43  0  0  1  3  2.126270e-01  1.000000e-07
 46  29  0  0  0  3  4.126565e-01  1.000000e-07
 46  21  0  1  0  3  4.650940e-01  1.000000e-07
 46  88  0  0  0  3  3.628439e-01  1.000000e-07
 46  44  0  0  0  3  4.360205e-01  1.000000e-07
 46  39  0  0  1  3  3.414270e-01  1.000000e-07
 38  29 -1  0  0  3  5.022453e-01  1.000000e-07
 38  39  0 -1  1  3  5.022760e-01  1.000000e-07
 38  30 -1  0  1  3  4.188136e-01  1.000000e-07
 38  45  0  0  1  3  4.274559e-01  1.000000e-07
 38  32 -1  0  1  3  5.390849e-01  1.000000e-07
 29  36  0  0  1  3  3.489843e-01  1.000000e-07
 29  43  0  0  1  3  3.686462e-01  1.000000e-07
 21  16  0 -1  0  3  4.181443e-01  1.000000e-07
 21  22  0  0  0  3  4.150964e-01  1.000000e-07
 48  28  0 -1  0  3  3.076277e-01  1.000000e-07
 48  22  0  0  0  3  3.238988e-01  1.000000e-07
 48  34  0 -1  1  3  2.823960e-01  1.000000e-07
 48  30  0  0  1  3  4.135336e-01  1.000000e-07
 48  32  0  0  1  3  2.760189e-01  1.000000e-07
 48  43  0 -1  1  3  1.884622e-01  1.000000e-07
 88  44  0  0  0  3  2.535630e-01  1.000000e-07
 16  39  0  0  1  3  4.803235e-01  1.000000e-07
 22  16  1 -1  0  3  4.673002e-01  1.000000e-07
 22  44  0  0  0  3  3.860141e-01  1.000000e-07
 44  31  0  0  1  3  4.642709e-01  1.000000e-07
 44  35  0  0  1  3  4.687169e-01  1.000000e-07
 24  39  0  0  0  3  2.929272e-01  1.000000e-07
 24  89  0  0  0  3  1.465356e-01  1.000000e-07
 24  34  0  0  0  3  3.800980e-01  1.000000e-07
 24  27  0  0  0  3  2.447745e-01  1.000000e-07
 24  59  0  1  0  3  4.358841e-01  1.000000e-07
 24  42  0  1  0  3  3.231743e-01  1.000000e-07
 24  49  0  0  0  3  3.935295e-01  1.000000e-07
 39  27  0  0  0  3  3.039846e-01  1.000000e-07
 39  25  0  0  0  3  2.713447e-01  1.000000e-07
 39  40  0  0  0  3  1.572822e-01  1.000000e-07
 89  27  0  0  0  3  1.238497e-01  1.000000e-07
 89  25  0  0  0  3  1.175547e-01  1.000000e-07
 89  31  0  0  0  3  3.220587e-01  1.000000e-07
 89  40  0  0  0  3  3.102898e-01  1.000000e-07
 34  45  1  1  0  3  4.320264e-01  1.000000e-07
 34  33  0  1  0  3  2.725325e-01  1.000000e-07
 34  36  0  0  0  3  2.225843e-01  1.000000e-07
 34  41  0  0  0  3  3.251935e-01  1.000000e-07
 34  49  0  0  0  3  2.896541e-01  1.000000e-07
 34  43  0  0  0  3  1.852651e-01  1.000000e-07
 30  35  1  0  0  3  5.369993e-01  1.000000e-07
 30  33  0  0  0  3  2.494491e-01  1.000000e-07
 30  32  0  0  0  3  2.843738e-01  1.000000e-07
 30  36  0  0  0  3  4.043527e-01  1.000000e-07
 27  25  0  0  0  3  1.090557e-01  1.000000e-07
 27  45  0  1  0  3  3.397740e-01  1.000000e-07
 27  26 -1  0  0  3  3.753687e-01  1.000000e-07
 27  49 -1  0  0  3  4.102648e-01  1.000000e-07
 59  31  0  0  0  3  3.485845e-01  1.000000e-07
 59  33  0  0  0  3  2.764933e-01  1.000000e-07
 59  32  0  0  0  3  1.597759e-01  1.000000e-07
 59  83  0  0  0  3  3.914786e-01  1.000000e-07
 59  42  0  0  0  3  2.572432e-01  1.000000e-07
 25  35  0  0  0  3  2.347620e-01  1.000000e-07
 25  26 -1  0  0  3  3.751949e-01  1.000000e-07
 25  40  0  0  0  3  3.239208e-01  1.000000e-07
 25  41  0  0  0  3  3.494355e-01  1.000000e-07
 25  83  0  0  0  3  2.387728e-01  1.000000e-07
 31  35  0  0  0  3  1.397704e-01  1.000000e-07
 31  32  0  0  0  3  3.702241e-01  1.000000e-07
 31  36  0  0  0  3  2.960632e-01  1.000000e-07
 31  41  0  0  0  3  1.641455e-01  1.000000e-07
 31  83  0  0  0  3  7.420946e-02  1.000000e-07
 31  42  0  0  0  3  3.751658e-01  1.000000e-07
 45  33 -1  0  0  3  2.685511e-01  1.000000e-07
 45  42  0  0  0  3  3.472494e-01  1.000000e-07
 35  26 -1  0  0  3  4.511891e-01  1.000000e-07
 35  40  0  0  0  3  3.422249e-01  1.000000e-07
 35  41  0  0  0  3  2.406420e-01  1.000000e-07
 35  83  0  0  0  3  1.204892e-01  1.000000e-07
 35  42  0  0  0  3  4.381126e-01  1.000000e-07
 26  45  1  1  0  3  4.390506e-01  1.000000e-07
 26  36  0  0  0  3  2.433360e-01  1.000000e-07
 26  49  0  0  0  3  2.130308e-01  1.000000e-07
 40  36  0  0  0  3  3.671328e-01  1.000000e-07
 40  41  0  0  0  3  2.892115e-01  1.000000e-07
 40  42  0  1  0  3  2.806177e-01  1.000000e-07
 40  43  0  0  0  3  2.389856e-01  1.000000e-07
 33  32  0  0  0  3  3.095576e-01  1.000000e-07
 33  49  0 -1  0  3  3.042357e-01  1.000000e-07
 33  43  0 -1  0  3  2.969696e-01  1.000000e-07
 32  41  0  0  0  3  4.153831e-01  1.000000e-07
 32  42  0  0  0  3  1.775242e-01  1.000000e-07
 32  43  0 -1  0  3  3.070721e-01  1.000000e-07
 36  83  0  0  0  3  3.313210e-01  1.000000e-07
 36  49  0  0  0  3  3.073005e-01  1.000000e-07
 41  83  0  0  0  3  2.238181e-01  1.000000e-07
 41  43  0  0  0  3  3.164828e-01  1.000000e-07
 83  42  0  0  0  3  3.987290e-01  1.000000e-07
 21  81  0  0  0  3  1.691455e-01  1.000000e-07
 57  59  0  0  0  3  3.807241e-01  1.000000e-07
 29  53  0  0  0  3  5.248741e-01  1.000000e-07
 14  49  0  0  0  3  1.262330e-01  1.000000e-07
 47  62  0  0  0  3  1.799025e-01  1.000000e-07
 63  30 -1  0  0  3  4.061702e-01  1.000000e-07
 20  58 -1  0  0  3  2.471981e-01  1.000000e-07
 52  30  0  0  0  3  3.554149e-01  1.000000e-07
 22  58  0  0  0  3  1.948505e-01  1.000000e-07
 79  45  1  0  0  3  3.686919e-01  1.000000e-07
 47  66  0  0  0  3  1.916552e-01  1.000000e-07
 84  27  0  0  0  3  1.462739e-01  1.000000e-07
 46  64  0  0  0  3  3.217103e-01  1.000000e-07
 50  89  0  0  0  3  1.376143e-01  1.000000e-07
 16  53 -1  0  0  3  2.003267e-01  1.000000e-07
 61  26  0  0  0  3  2.115297e-01  1.000000e-07
 87  72  0  0  0  3  1.349701e-01  1.000000e-07
 13  83  0  0  0  3  2.885399e-01  1.000000e-07
 88  0  0  0  0  3  3.086471e-01  1.000000e-07
 73  89  0  0  0  3  2.246707e-01  1.000000e-07
 47  62  0  0  0  3  1.633658e-01  1.000000e-07
 84  25  0  0  0  3  2.168105e-01  1.000000e-07
 87  72  0  0  0  3  1.337826e-01  1.000000e-07
 13  59  0  0  0  3  3.226918e-01  1.000000e-07
 19  50  0  0  0  3  4.482653e-01  1.000000e-07
 64  89  0  0  0  3  1.376362e-01  1.000000e-07
 15  67  0  0  0  3  2.522418e-01  1.000000e-07
 69  26  0  0  0  3  2.671825e-01  1.000000e-07
 16  53 -1  0  0  3  2.226716e-01  1.000000e-07
 61  49  0  0  0  3  1.303784e-01  1.000000e-07
 88  63  0  0  0  3  2.348114e-01  1.000000e-07
 60  30 -1  0  0  3  3.768170e-01  1.000000e-07
 22  79  0  0  0  3  1.451783e-01  1.000000e-07
 58  33  0  0  0  3  3.573643e-01  1.000000e-07
 16  80  0  0  0  3  2.045820e-01  1.000000e-07
 82  45  0  1  0  3  3.041865e-01  1.000000e-07
 48  14  0 -1  0  3  4.547220e-01  1.000000e-07
 53  49  0  0  0  3  1.083396e-01  1.000000e-07
 87  75  0  0  0  3  2.415233e-01  1.000000e-07
 74  89  0  0  0  3  2.733438e-01  1.000000e-07
 22  54  0  0  0  3  2.130579e-01  1.000000e-07
 57  24  0 -1  0  3  2.906928e-01  1.000000e-07
 15  61  0  0  0  3  3.677519e-01  1.000000e-07
 69  49  0  0  0  3  2.160002e-01  1.000000e-07
 88  86  0  0  0  3  2.073633e-01  1.000000e-07
 1  83  0  0  0  3  2.851245e-01  1.000000e-07
 15  55  0  0  0  3  1.847033e-01  1.000000e-07
 4  59  0  0  0  3  3.016722e-01  1.000000e-07
 15  71  0  0  0  3  2.103353e-01  1.000000e-07
 65  36  0  0  0  3  2.951964e-01  1.000000e-07
 19  56  0  0  0  3  4.384362e-01  1.000000e-07
 50  24  0  0  0  3  1.889239e-01  1.000000e-07
 28  53  0  0  0  3  4.497938e-01  1.000000e-07
 14  49  0  0  0  3  1.062161e-01  1.000000e-07
 16  80  0  0  0  3  2.161072e-01  1.000000e-07
 66  27  0  0  0  3  1.230370e-01  1.000000e-07
 5  50  0 -1  0  2  3.121188e-01  2.000000e-07
 5  81  0  0  0  2  8.308004e-02  2.000000e-07
 5  60  0  0  0  2  2.588064e-01  2.000000e-07
 5  54  0  0  0  2  3.397524e-01  2.000000e-07
 5  7  0  0  0  2  1.342444e-01  2.000000e-07
 5  55  0  0  0  2  4.971418e-01  2.000000e-07
 5  76  0  0  0  2  1.061715e-01  2.000000e-07
 5  11  0  0  0  2  1.466598e-01  2.000000e-07
 5  85  0  0  0  2  1.090812e-01  2.000000e-07
 5  6  0  0  0  2  1.100956e-01  2.000000e-07
 5  80  0 -1  0  2  2.958985e-01  2.000000e-07
 67  61  0  0  0  2  1.534299e-01  2.000000e-07
 67  4  0  0  0  2  1.515571e-01  2.000000e-07
 67  68  0  0  0  2  2.181897e-01  2.000000e-07
 67  84  1  0  0  2  3.587881e-01  2.000000e-07
 67  62  1  0  0  2  2.994823e-01  2.000000e-07
 67  55  0  0  0  2  2.434301e-01  2.000000e-07
 67  69  0  0  0  2  9.777562e-02  2.000000e-07
 67  82  1  0  0  2  3.567169e-01  2.000000e-07
 67  63  1  0  0  2  3.120994e-01  2.000000e-07
 67  70  0  0  0  2  2.176638e-01  2.000000e-07
 67  77  0  0  0  2  1.763251e-01  2.000000e-07
 67  85  1  0  0  2  5.569121e-01  2.000000e-07
 67  78  0  0  0  2  2.222589e-01  2.000000e-07
 67  65  0  0  0  2  1.929790e-01  2.000000e-07
 67  86  1  0  0  2  4.961585e-01  2.000000e-07
 67  1  1  0  0  2  5.226248e-01  2.000000e-07
 50  51  0  0  0  2  3.037824e-01  2.000000e-07
 50  81  0  1  0  2  3.897745e-01  2.000000e-07
 50  73  0  0  0  2  2.845295e-01  2.000000e-07
 50  54  0  1  0  2  3.709187e-01  2.000000e-07
 50  7  0  1  0  2  3.698134e-01  2.000000e-07
 50  62  0  0  0  2  3.483548e-01  2.000000e-07
 50  82  0  0  0  2  3.466397e-01  2.000000e-07
 50  76  0  1  0  2  2.444759e-01  2.000000e-07
 50  64  0  0  0  2  9.272780e-02  2.000000e-07
 50  75  0  0  0  2  2.087304e-01  2.000000e-07
 50  85  0  1  0  2  4.172420e-01  2.000000e-07
 50  2  0  0  0  2  3.191756e-01  2.000000e-07
 50  56  0  0  0  2  1.437382e-01  2.000000e-07
 50  3  0  0  0  2  2.961251e-01  2.000000e-07
 50  80  0  0  0  2  2.591166e-01  2.000000e-07
 51  52  0  1  0  2  3.159633e-01  2.000000e-07
 51  79  0  1  0  2  2.745948e-01  2.000000e-07
 51  4  0  0  0  2  4.380037e-01  2.000000e-07
 51  54  0  1  0  2  2.643517e-01  2.000000e-07
 51  7  1  1  0  2  5.566682e-01  2.000000e-07
 51  62  1  0  0  2  4.176081e-01  2.000000e-07
 51  82  1  0  0  2  3.504517e-01  2.000000e-07
 51  70  0  0  0  2  1.187578e-01  2.000000e-07
 51  2  0  0  0  2  3.024792e-01  2.000000e-07
 51  56  0  0  0  2  1.895609e-01  2.000000e-07
 51  14  0  0  0  2  4.410121e-02  2.000000e-07
 51  3  0  0  0  2  6.784056e-02  2.000000e-07
 51  58  0  1  0  2  3.838154e-01  2.000000e-07
 71  4  0  0  0  2  1.931472e-01  2.000000e-07
 71  73  0  0  0  2  2.845969e-01  2.000000e-07
 71  68  0  0  0  2  1.254931e-01  2.000000e-07
 71  64  0  0  0  2  3.295793e-01  2.000000e-07
 71  70  0  0  0  2  2.186935e-01  2.000000e-07
 71  2  0  0  0  2  6.548107e-02  2.000000e-07
 71  65  0  0  0  2  2.096553e-02  2.000000e-07
 71  1  0  0  0  2  2.866737e-01  2.000000e-07
 71  0  0  0  0  2  3.031754e-01  2.000000e-07
 61  53  0  0  0  2  9.007447e-02  2.000000e-07
 61  68  0  0  0  2  2.244991e-01  2.000000e-07
 61  84  1  0  0  2  2.903351e-01  2.000000e-07
 61  69  0  0  0  2  6.316545e-02  2.000000e-07
 61  82  1  0  0  2  2.565381e-01  2.000000e-07
 61  70  0  0  0  2  1.492572e-01  2.000000e-07
 61  77  0  0  0  2  3.283156e-01  2.000000e-07
 61  78  0  0  0  2  2.586163e-01  2.000000e-07
 61  14  0  0  0  2  1.928802e-01  2.000000e-07
 61  57  0  1  0  2  5.041423e-01  2.000000e-07
 61  3  0  0  0  2  1.446204e-01  2.000000e-07
 72  81  0  0  0  2  2.065188e-01  2.000000e-07
 72  4  0  0  0  2  3.880994e-01  2.000000e-07
 72  73  0  0  0  2  1.555300e-01  2.000000e-07
 72  54  0  0  0  2  4.016242e-01  2.000000e-07
 72  55  0  0  0  2  3.912432e-01  2.000000e-07
 72  63  0  0  0  2  3.037623e-01  2.000000e-07
 72  13  0  0  0  2  7.827485e-02  2.000000e-07
 72  75  0  0  0  2  2.222994e-01  2.000000e-07
 72  11  0  0  0  2  2.330115e-01  2.000000e-07
 72  85  0  0  0  2  2.331830e-01  2.000000e-07
 72  78  0  0  0  2  2.708039e-01  2.000000e-07
 72  2  0  0  0  2  2.430336e-01  2.000000e-07
 72  65  0  0  0  2  2.512107e-01  2.000000e-07
 72  6  0  0  0  2  1.838003e-01  2.000000e-07
 72  1  0  0  0  2  1.451935e-01  2.000000e-07
 52  60  1  0  0  2  2.310344e-01  2.000000e-07
 52  79  0  0  0  2  1.547184e-01  2.000000e-07
 52  53  0 -1  0  2  2.737108e-01  2.000000e-07
 52  7  1  0  0  2  2.547138e-01  2.000000e-07
 52  62  1 -1  0  2  4.065986e-01  2.000000e-07
 52  82  1 -1  0  2  2.603455e-01  2.000000e-07
 52  76  1  0  0  2  3.310256e-01  2.000000e-07
 52  77  0  0  0  2  3.456050e-01  2.000000e-07
 52  9  1  0  0  2  2.198175e-01  2.000000e-07
 52  3  0 -1  0  2  3.724854e-01  2.000000e-07
 52  58  0  0  0  2  1.550072e-01  2.000000e-07
 52  80  1 -1  0  2  2.688408e-01  2.000000e-07
 52  10  1  0  0  2  2.119150e-01  2.000000e-07
 81  79  0  0  0  2  4.768290e-01  2.000000e-07
 81  84  0 -1  0  2  5.004300e-01  2.000000e-07
 81  74  0  0  0  2  3.361965e-01  2.000000e-07
 81  7  0  0  0  2  1.681501e-01  2.000000e-07
 81  55  0  0  0  2  4.615118e-01  2.000000e-07
 81  82  0 -1  0  2  4.767974e-01  2.000000e-07
 81  13  0  0  0  2  1.292496e-01  2.000000e-07
 81  64  0 -1  0  2  4.759783e-01  2.000000e-07
 81  9  0  0  0  2  2.004216e-01  2.000000e-07
 81  85  0  0  0  2  7.206220e-02  2.000000e-07
 81  56  0 -1  0  2  3.681581e-01  2.000000e-07
 81  65  0  0  0  2  4.150971e-01  2.000000e-07
 81  6  0  0  0  2  2.884653e-02  2.000000e-07
 81  86  0  0  0  2  3.235849e-01  2.000000e-07
 81  57  0  0  0  2  2.110430e-01  2.000000e-07
 81  1  0  0  0  2  3.271195e-01  2.000000e-07
 81  12  0  0  0  2  1.067688e-01  2.000000e-07
 60  4 -1  0  0  2  3.438325e-01  2.000000e-07
 60  7  0  0  0  2  1.488825e-01  2.000000e-07
 60  76  0  0  0  2  2.755701e-01  2.000000e-07
 60  63  0  0  0  2  1.829351e-01  2.000000e-07
 60  77 -1  0  0  2  2.861884e-01  2.000000e-07
 60  11  0  0  0  2  1.471163e-01  2.000000e-07
 60  6  0  0  0  2  2.389884e-01  2.000000e-07
 60  58 -1  0  0  2  2.209258e-01  2.000000e-07
 60  10  0  0  0  2  2.516651e-02  2.000000e-07
 8  73  0  0  0  2  2.394177e-02  2.000000e-07
 8  84  0  0  0  2  3.356375e-01  2.000000e-07
 8  74  0  0  0  2  1.683581e-02  2.000000e-07
 8  63  0  0  0  2  2.875339e-01  2.000000e-07
 8  13  0  0  0  2  1.973822e-01  2.000000e-07
 8  75  0  0  0  2  1.247159e-01  2.000000e-07
 8  77 -1  0  0  2  5.415015e-01  2.000000e-07
 8  11  0  0  0  2  3.154074e-01  2.000000e-07
 8  78  0  0  0  2  2.450710e-01  2.000000e-07
 8  86  0  0  0  2  4.648182e-02  2.000000e-07
 8  66  0  0  0  2  2.542165e-01  2.000000e-07
 8  10  0  0  0  2  4.244397e-01  2.000000e-07
 79  53  0 -1  0  2  3.220592e-01  2.000000e-07
 79  54  0  0  0  2  1.362896e-01  2.000000e-07
 79  7  1  0  0  2  3.918835e-01  2.000000e-07
 79  55  0  0  0  2  2.169172e-01  2.000000e-07
 79  82  1 -1  0  2  3.850093e-01  2.000000e-07
 79  77  0  0  0  2  2.855620e-01  2.000000e-07
 79  9  1  0  0  2  3.507244e-01  2.000000e-07
 79  85  1  0  0  2  4.796387e-01  2.000000e-07
 79  56  0 -1  0  2  3.321998e-01  2.000000e-07
 79  65  0  0  0  2  4.253022e-01  2.000000e-07
 79  14  0 -1  0  2  2.315365e-01  2.000000e-07
 79  57  0  0  0  2  2.805370e-01  2.000000e-07
 79  58  0  0  0  2  1.147825e-01  2.000000e-07
 79  10  1  0  0  2  3.094159e-01  2.000000e-07
 4  53  0  0  0  2  3.885489e-01  2.000000e-07
 4  54  0  0  0  2  3.353366e-01  2.000000e-07
 4  62  1  0  0  2  4.047156e-01  2.000000e-07
 4  55  0  0  0  2  9.227164e-02  2.000000e-07
 4  69  0  0  0  2  2.489645e-01  2.000000e-07
 4  63  1  0  0  2  3.084853e-01  2.000000e-07
 4  70  0  0  0  2  3.346103e-01  2.000000e-07
 4  77  0  0  0  2  5.776091e-02  2.000000e-07
 4  78  0  0  0  2  2.634164e-01  2.000000e-07
 4  2  0  0  0  2  2.559717e-01  2.000000e-07
 4  65  0  0  0  2  1.751958e-01  2.000000e-07
 4  3  0  0  0  2  3.755243e-01  2.000000e-07
 4  58  0  0  0  2  2.342341e-01  2.000000e-07
 73  62  0  0  0  2  2.793339e-01  2.000000e-07
 73  63  0  0  0  2  2.805803e-01  2.000000e-07
 73  13  0  0  0  2  2.159268e-01  2.000000e-07
 73  64  0  0  0  2  1.918048e-01  2.000000e-07
 73  75  0  0  0  2  1.255846e-01  2.000000e-07
 73  11  0  0  0  2  3.255402e-01  2.000000e-07
 73  85  0  0  0  2  3.416741e-01  2.000000e-07
 73  2  0  0  0  2  2.416591e-01  2.000000e-07
 73  6  0  0  0  2  3.126386e-01  2.000000e-07
 73  1  0  0  0  2  1.317928e-02  2.000000e-07
 73  66  0  0  0  2  2.315121e-01  2.000000e-07
 73  0  0  0  0  2  6.482366e-02  2.000000e-07
 53  84  1  0  0  2  2.411481e-01  2.000000e-07
 53  54  0  1  0  2  3.778904e-01  2.000000e-07
 53  62  1  0  0  2  2.470171e-01  2.000000e-07
 53  82  1  0  0  2  1.885578e-01  2.000000e-07
 53  63  1  0  0  2  4.324184e-01  2.000000e-07
 53  77  0  0  0  2  4.067623e-01  2.000000e-07
 53  9  1  1  0  2  4.450465e-01  2.000000e-07
 53  78  0  0  0  2  3.386900e-01  2.000000e-07
 53  14  0  0  0  2  1.683182e-01  2.000000e-07
 53  57  0  1  0  2  4.795499e-01  2.000000e-07
 53  3  0  0  0  2  1.773694e-01  2.000000e-07
 53  66  1  0  0  2  3.783425e-01  2.000000e-07
 53  80  1  0  0  2  2.959294e-01  2.000000e-07
 68  74  0  0  0  2  2.600582e-01  2.000000e-07
 68  69  0  0  0  2  2.327212e-01  2.000000e-07
 68  64  0  0  0  2  2.508132e-01  2.000000e-07
 68  70  0  0  0  2  1.079761e-01  2.000000e-07
 68  75  0  0  0  2  1.696110e-01  2.000000e-07
 68  77  0  0  0  2  3.402238e-01  2.000000e-07
 68  78  0  0  0  2  4.985859e-02  2.000000e-07
 68  56  0  0  0  2  2.763152e-01  2.000000e-07
 68  65  0  0  0  2  1.450134e-01  2.000000e-07
 68  14  0  0  0  2  2.668510e-01  2.000000e-07
 68  86  0  0  0  2  3.188874e-01  2.000000e-07
 68  57  0  0  0  2  5.405811e-01  2.000000e-07
 68  57  0  1  0  2  4.791675e-01  2.000000e-07
 68  3  0  0  0  2  1.580413e-01  2.000000e-07
 68  1  0  0  0  2  2.924317e-01  2.000000e-07
 68  66  0  0  0  2  3.847460e-01  2.000000e-07
 68  0  0  0  0  2  2.754780e-01  2.000000e-07
 84  69 -1  0  0  2  2.879199e-01  2.000000e-07
 84  82  0  0  0  2  7.976059e-02  2.000000e-07
 84  64  0  0  0  2  2.727266e-01  2.000000e-07
 84  77 -1  0  0  2  4.669351e-01  2.000000e-07
 84  9  0  1  0  2  3.815787e-01  2.000000e-07
 84  86  0  0  0  2  3.024939e-01  2.000000e-07
 84  1  0  0  0  2  3.179599e-01  2.000000e-07
 84  66  0  0  0  2  1.379023e-01  2.000000e-07
 84  80  0  0  0  2  1.303342e-01  2.000000e-07
 84  0  0  0  0  2  2.696697e-01  2.000000e-07
 84  12  0  1  0  2  4.151744e-01  2.000000e-07
 54  55  0  0  0  2  2.493246e-01  2.000000e-07
 54  76  0  0  0  2  3.915444e-01  2.000000e-07
 54  13  0  0  0  2  3.776576e-01  2.000000e-07
 54  77  0  0  0  2  3.358220e-01  2.000000e-07
 54  78  0  0  0  2  4.955528e-01  2.000000e-07
 54  56  0 -1  0  2  2.368016e-01  2.000000e-07
 54  6  0  0  0  2  3.634280e-01  2.000000e-07
 54  57  0  0  0  2  1.443706e-01  2.000000e-07
 54  3  0 -1  0  2  3.283453e-01  2.000000e-07
 54  58  0  0  0  2  2.277899e-01  2.000000e-07
 54  10  1  0  0  2  4.398423e-01  2.000000e-07
 54  12  0  0  0  2  3.140996e-01  2.000000e-07
 74  13  0  0  0  2  2.090172e-01  2.000000e-07
 74  75  0  0  0  2  1.079037e-01  2.000000e-07
 74  77  0  0  0  2  4.950941e-01  2.000000e-07
 74  78  0  0  0  2  2.306334e-01  2.000000e-07
 74  65  0  0  0  2  2.681756e-01  2.000000e-07
 74  86  0  0  0  2  5.965407e-02  2.000000e-07
 74  57  0  0  0  2  4.611440e-01  2.000000e-07
 74  66  0  0  0  2  2.494665e-01  2.000000e-07
 74  0  0  0  0  2  7.745918e-02  2.000000e-07
 7  62  0 -1  0  2  4.609540e-01  2.000000e-07
 7  55 -1  0  0  2  4.481041e-01  2.000000e-07
 7  82  0 -1  0  2  3.318139e-01  2.000000e-07
 7  76  0  0  0  2  1.266876e-01  2.000000e-07
 7  63  0  0  0  2  3.047890e-01  2.000000e-07
 7  64  0 -1  0  2  4.358702e-01  2.000000e-07
 7  85  0  0  0  2  1.187322e-01  2.000000e-07
 7  56  0 -1  0  2  4.107522e-01  2.000000e-07
 7  6  0  0  0  2  1.774032e-01  2.000000e-07
 7  58 -1  0  0  2  3.239953e-01  2.000000e-07
 7  80  0 -1  0  2  2.435276e-01  2.000000e-07
 62  69 -1  0  0  2  2.471604e-01  2.000000e-07
 62  82  0  0  0  2  1.488585e-01  2.000000e-07
 62  63  0  0  0  2  2.574696e-01  2.000000e-07
 62  64  0  0  0  2  2.985120e-01  2.000000e-07
 62  75  0  0  0  2  3.563710e-01  2.000000e-07
 62  3 -1  0  0  2  4.083733e-01  2.000000e-07
 62  1  0  0  0  2  2.821311e-01  2.000000e-07
 62  66  0  0  0  2  1.808378e-01  2.000000e-07
 62  80  0  0  0  2  2.185358e-01  2.000000e-07
 62  0  0  0  0  2  2.541062e-01  2.000000e-07
 55  63  1  0  0  2  3.311755e-01  2.000000e-07
 55  77  0  0  0  2  8.804096e-02  2.000000e-07
 55  85  1  0  0  2  4.889690e-01  2.000000e-07
 55  2  0  0  0  2  3.157467e-01  2.000000e-07
 55  56  0 -1  0  2  4.858486e-01  2.000000e-07
 55  65  0  0  0  2  2.296820e-01  2.000000e-07
 55  6  0  0  0  2  4.638912e-01  2.000000e-07
 55  58  0  0  0  2  1.551194e-01  2.000000e-07
 69  70  0  0  0  2  1.841862e-01  2.000000e-07
 69  77  0  0  0  2  2.682626e-01  2.000000e-07
 69  14  0  0  0  2  2.551089e-01  2.000000e-07
 69  1  1  0  0  2  5.054276e-01  2.000000e-07
 82  69 -1  0  0  2  2.713312e-01  2.000000e-07
 82  64  0  0  0  2  3.356907e-01  2.000000e-07
 82  70 -1  0  0  2  3.923258e-01  2.000000e-07
 82  9  0  1  0  2  3.324175e-01  2.000000e-07
 82  85  0  1  0  2  4.472540e-01  2.000000e-07
 82  14 -1  0  0  2  3.331191e-01  2.000000e-07
 82  58 -1  1  0  2  4.152966e-01  2.000000e-07
 82  1  0  0  0  2  3.976293e-01  2.000000e-07
 82  0  0  0  0  2  3.473448e-01  2.000000e-07
 82  12  0  1  0  2  4.039739e-01  2.000000e-07
 76  13  0  0  0  2  3.158019e-01  2.000000e-07
 76  75  0 -1  0  2  4.450808e-01  2.000000e-07
 76  11  0  0  0  2  2.153426e-01  2.000000e-07
 76  9  0  0  0  2  1.681715e-01  2.000000e-07
 76  6  0  0  0  2  2.110984e-01  2.000000e-07
 76  57  0  0  0  2  2.525572e-01  2.000000e-07
 76  3  0 -1  0  2  4.973431e-01  2.000000e-07
 76  66  0 -1  0  2  2.716516e-01  2.000000e-07
 76  80  0 -1  0  2  1.913065e-01  2.000000e-07
 76  10  0  0  0  2  2.576075e-01  2.000000e-07
 76  12  0  0  0  2  1.013686e-01  2.000000e-07
 63  13  0  0  0  2  2.806157e-01  2.000000e-07
 63  77 -1  0  0  2  2.592889e-01  2.000000e-07
 63  11  0  0  0  2  2.189236e-01  2.000000e-07
 63  85  0  0  0  2  2.568917e-01  2.000000e-07
 63  6  0  0  0  2  2.890170e-01  2.000000e-07
 63  58 -1  0  0  2  3.227467e-01  2.000000e-07
 63  1  0  0  0  2  2.716221e-01  2.000000e-07
 63  66  0  0  0  2  3.785894e-01  2.000000e-07
 63  0  0  0  0  2  3.140487e-01  2.000000e-07
 63  10  0  0  0  2  2.080411e-01  2.000000e-07
 13  75  0  0  0  2  2.986705e-01  2.000000e-07
 13  77  0  0  0  2  4.768147e-01  2.000000e-07
 13  11  0  0  0  2  1.615275e-01  2.000000e-07
 13  9  0  0  0  2  2.946441e-01  2.000000e-07
 13  85  0  0  0  2  1.567923e-01  2.000000e-07
 13  78  0  0  0  2  3.452669e-01  2.000000e-07
 13  6  0  0  0  2  1.056107e-01  2.000000e-07
 13  86  0  0  0  2  2.048349e-01  2.000000e-07
 13  57  0  0  0  2  2.741395e-01  2.000000e-07
 13  10  0  0  0  2  3.071991e-01  2.000000e-07
 13  12  0  0  0  2  2.316543e-01  2.000000e-07
 64  70  0  0  0  2  2.940344e-01  2.000000e-07
 64  85  0  1  0  2  4.972199e-01  2.000000e-07
 64  2  0  0  0  2  2.649720e-01  2.000000e-07
 64  56  0  0  0  2  2.180488e-01  2.000000e-07
 64  66  0  0  0  2  1.361931e-01  2.000000e-07
 64  0  0  0  0  2  1.304072e-01  2.000000e-07
 64  12  0  1  0  2  3.692244e-01  2.000000e-07
 70  62  1  0  0  2  4.175277e-01  2.000000e-07
 70  2  0  0  0  2  1.862865e-01  2.000000e-07
 70  56  0  0  0  2  2.302751e-01  2.000000e-07
 70  65  0  0  0  2  2.346881e-01  2.000000e-07
 70  14  0  0  0  2  1.618005e-01  2.000000e-07
 70  0  0  0  0  2  3.556395e-01  2.000000e-07
 75  78  0  0  0  2  1.555757e-01  2.000000e-07
 75  2  0  0  0  2  1.511091e-01  2.000000e-07
 75  3  0  0  0  2  2.920724e-01  2.000000e-07
 75  66  0  0  0  2  2.396141e-01  2.000000e-07
 75  80  0  0  0  2  3.925908e-01  2.000000e-07
 77  9  1  0  0  2  3.882915e-01  2.000000e-07
 77  85  1  0  0  2  4.511014e-01  2.000000e-07
 77  78  0  0  0  2  3.191754e-01  2.000000e-07
 77  65  0  0  0  2  2.329260e-01  2.000000e-07
 77  86  1  0  0  2  4.972941e-01  2.000000e-07
 77  57  0  0  0  2  4.259850e-01  2.000000e-07
 77  58  0  0  0  2  1.958509e-01  2.000000e-07
 77  66  1  0  0  2  5.604145e-01  2.000000e-07
 77  10  1  0  0  2  3.001447e-01  2.000000e-07
 11  9  0  0  0  2  1.358397e-01  2.000000e-07
 11  6  0  0  0  2  9.240982e-02  2.000000e-07
 11  10  0  0  0  2  1.507296e-01  2.000000e-07
 11  12  0  0  0  2  1.802911e-01  2.000000e-07
 9  85  0  0  0  2  1.400997e-01  2.000000e-07
 9  86  0  0  0  2  4.277758e-01  2.000000e-07
 9  80  0 -1  0  2  2.564061e-01  2.000000e-07
 9  10  0  0  0  2  9.025205e-02  2.000000e-07
 9  12  0  0  0  2  2.045620e-01  2.000000e-07
 85  6  0  0  0  2  6.642430e-02  2.000000e-07
 85  86  0  0  0  2  3.191573e-01  2.000000e-07
 85  1  0  0  0  2  3.284986e-01  2.000000e-07
 85  10  0  0  0  2  1.754456e-01  2.000000e-07
 85  12  0  0  0  2  1.424253e-01  2.000000e-07
 78  2  0  0  0  2  2.994387e-02  2.000000e-07
 78  3  0  0  0  2  2.071467e-01  2.000000e-07
 2  65  0  0  0  2  8.617851e-02  2.000000e-07
 2  3  0  0  0  2  2.370692e-01  2.000000e-07
 56  5  0  1  0  2  3.093278e-01  2.000000e-07
 56  14  0  0  0  2  2.025895e-01  2.000000e-07
 56  57  0  1  0  2  2.062434e-01  2.000000e-07
 56  58  0  1  0  2  4.446169e-01  2.000000e-07
 56  66  0  0  0  2  3.111426e-01  2.000000e-07
 56  12  0  1  0  2  2.754620e-01  2.000000e-07
 65  6  0  0  0  2  4.028998e-01  2.000000e-07
 65  86  0  0  0  2  3.244956e-01  2.000000e-07
 65  57  0  0  0  2  4.059450e-01  2.000000e-07
 65  1  0  0  0  2  2.986155e-01  2.000000e-07
 14  54  0  1  0  2  2.326810e-01  2.000000e-07
 14  57  0  1  0  2  3.146168e-01  2.000000e-07
 6  12  0  0  0  2  1.353389e-01  2.000000e-07
 86  1  0  0  0  2  2.694965e-02  2.000000e-07
 86  66  0  0  0  2  2.372523e-01  2.000000e-07
 86  0  0  0  0  2  8.576943e-02  2.000000e-07
 86  10  0  0  0  2  3.966519e-01  2.000000e-07
 57  64  0 -1  0  2  3.908003e-01  2.000000e-07
 57  3  0 -1  0  2  3.797732e-01  2.000000e-07
 57  66  0 -1  0  2  4.332686e-01  2.000000e-07
 57  12  0  0  0  2  1.698641e-01  2.000000e-07
 3  66  0  0  0  2  4.458340e-01  2.000000e-07
 58  10  1  0  0  2  2.173228e-01  2.000000e-07
 1  0  0  0  0  2  7.745011e-02  2.000000e-07
 66  80  0  0  0  2  1.564779e-01  2.000000e-07
 66  0  0  0  0  2  1.724066e-01  2.000000e-07
 66  10  0  0  0  2  5.777264e-01  2.000000e-07
 66  12  0  1  0  2  3.548394e-01  2.000000e-07
 80  12  0  1  0  2  2.922741e-01  2.000000e-07
 5  81  0  0  0  1  8.308004e-02  3.000000e-07
 5  7  0  0  0  1  1.342444e-01  3.000000e-07
 5  76  0  0  0  1  1.061715e-01  3.000000e-07
 5  85  0  0  0  1  1.090812e-01  3.000000e-07
 67  71  0  0  0  1  1.972950e-01  3.000000e-07
 67  68  0  0  0  1  2.181897e-01  3.000000e-07
 67  63  1  0  0  1  3.120994e-01  3.000000e-07
 67  70  0  0  0  1  2.176638e-01  3.000000e-07
 67  77  0  0  0  1  1.763251e-01  3.000000e-07
 67  65  0  0  0  1  1.929790e-01  3.000000e-07
 50  68  0  0  0  1  2.828056e-01  3.000000e-07
 50  76  0  1  0  1  2.444759e-01  3.000000e-07
 50  64  0  0  0  1  9.272780e-02  3.000000e-07
 50  56  0  0  0  1  1.437382e-01  3.000000e-07
 50  66  0  0  0  1  1.680465e-01  3.000000e-07
 50  80  0  0  0  1  2.591166e-01  3.000000e-07
 51  53  0  0  0  1  1.720437e-01  3.000000e-07
 51  56  0  0  0  1  1.895609e-01  3.000000e-07
 51  3  0  0  0  1  6.784056e-02  3.000000e-07
 71  72  0  0  0  1  2.493882e-01  3.000000e-07
 71  68  0  0  0  1  1.254931e-01  3.000000e-07
 71  78  0  0  0  1  8.284026e-02  3.000000e-07
 71  2  0  0  0  1  6.548107e-02  3.000000e-07
 61  53  0  0  0  1  9.007447e-02  3.000000e-07
 61  69  0  0  0  1  6.316545e-02  3.000000e-07
 61  70  0  0  0  1  1.492572e-01  3.000000e-07
 61  3  0  0  0  1  1.446204e-01  3.000000e-07
 72  8  0  0  0  1  1.335541e-01  3.000000e-07
 72  74  0  0  0  1  1.417279e-01  3.000000e-07
 72  2  0  0  0  1  2.430336e-01  3.000000e-07
 72  65  0  0  0  1  2.512107e-01  3.000000e-07
 72  86  0  0  0  1  1.548189e-01  3.000000e-07
 52  79  0  0  0  1  1.547184e-01  3.000000e-07
 52  82  1 -1  0  1  2.603455e-01  3.000000e-07
 52  9  1  0  0  1  2.198175e-01  3.000000e-07
 52  14  0 -1  0  1  2.743239e-01  3.000000e-07
 52  58  0  0  0  1  1.550072e-01  3.000000e-07
 52  10  1  0  0  1  2.119150e-01  3.000000e-07
 81  13  0  0  0  1  1.292496e-01  3.000000e-07
 81  85  0  0  0  1  7.206220e-02  3.000000e-07
 81  57  0  0  0  1  2.110430e-01  3.000000e-07
 81  12  0  0  0  1  1.067688e-01  3.000000e-07
 60  63  0  0  0  1  1.829351e-01  3.000000e-07
 60  77 -1  0  0  1  2.861884e-01  3.000000e-07
 60  11  0  0  0  1  1.471163e-01  3.000000e-07
 60  58 -1  0  0  1  2.209258e-01  3.000000e-07
 79  54  0  0  0  1  1.362896e-01  3.000000e-07
 79  55  0  0  0  1  2.169172e-01  3.000000e-07
 4  55  0  0  0  1  9.227164e-02  3.000000e-07
 4  77  0  0  0  1  5.776091e-02  3.000000e-07
 4  65  0  0  0  1  1.751958e-01  3.000000e-07
 73  0  0  0  0  1  6.482366e-02  3.000000e-07
 53  69  0  0  0  1  1.396948e-01  3.000000e-07
 53  82  1  0  0  1  1.885578e-01  3.000000e-07
 53  14  0  0  0  1  1.683182e-01  3.000000e-07
 53  3  0  0  0  1  1.773694e-01  3.000000e-07
 68  64  0  0  0  1  2.508132e-01  3.000000e-07
 68  70  0  0  0  1  1.079761e-01  3.000000e-07
 68  75  0  0  0  1  1.696110e-01  3.000000e-07
 84  62  0  0  0  1  8.838218e-02  3.000000e-07
 84  82  0  0  0  1  7.976059e-02  3.000000e-07
 84  66  0  0  0  1  1.379023e-01  3.000000e-07
 84  80  0  0  0  1  1.303342e-01  3.000000e-07
 54  55  0  0  0  1  2.493246e-01  3.000000e-07
 54  56  0 -1  0  1  2.368016e-01  3.000000e-07
 54  14  0 -1  0  1  2.326810e-01  3.000000e-07
 54  57  0  0  0  1  1.443706e-01  3.000000e-07
 74  2  0  0  0  1  2.136423e-01  3.000000e-07
 74  0  0  0  0  1  7.745918e-02  3.000000e-07
 7  76  0  0  0  1  1.266876e-01  3.000000e-07
 7  85  0  0  0  1  1.187322e-01  3.000000e-07
 62  69 -1  0  0  1  2.471604e-01  3.000000e-07
 62  82  0  0  0  1  1.488585e-01  3.000000e-07
 62  63  0  0  0  1  2.574696e-01  3.000000e-07
 62  86  0  0  0  1  2.612543e-01  3.000000e-07
 62  66  0  0  0  1  1.808378e-01  3.000000e-07
 55  77  0  0  0  1  8.804096e-02  3.000000e-07
 55  65  0  0  0  1  2.296820e-01  3.000000e-07
 55  58  0  0  0  1  1.551194e-01  3.000000e-07
 69  70  0  0  0  1  1.841862e-01  3.000000e-07
 82  80  0  0  0  1  1.141514e-01  3.000000e-07
 76  80  0 -1  0  1  1.913065e-01  3.000000e-07
 76  12  0  0  0  1  1.013686e-01  3.000000e-07
 63  13  0  0  0  1  2.806157e-01  3.000000e-07
 63  77 -1  0  0  1  2.592889e-01  3.000000e-07
 63  11  0  0  0  1  2.189236e-01  3.000000e-07
 63  86  0  0  0  1  2.461186e-01  3.000000e-07
 13  11  0  0  0  1  1.615275e-01  3.000000e-07
 13  6  0  0  0  1  1.056107e-01  3.000000e-07
 13  86  0  0  0  1  2.048349e-01  3.000000e-07
 13  57  0  0  0  1  2.741395e-01  3.000000e-07
 64  75  0  0  0  1  1.297283e-01  3.000000e-07
 64  66  0  0  0  1  1.361931e-01  3.000000e-07
 64  0  0  0  0  1  1.304072e-01  3.000000e-07
 70  56  0  0  0  1  2.302751e-01  3.000000e-07
 70  3  0  0  0  1  5.135078e-02  3.000000e-07
 75  78  0  0  0  1  1.555757e-01  3.000000e-07
 75  2  0  0  0  1  1.511091e-01  3.000000e-07
 75  0  0  0  0  1  1.058697e-01  3.000000e-07
 77  58  0  0  0  1  1.958509e-01  3.000000e-07
 11  9  0  0  0  1  1.358397e-01  3.000000e-07
 11  6  0  0  0  1  9.240982e-02  3.000000e-07
 11  10  0  0  0  1  1.507296e-01  3.000000e-07
 9  80  0 -1  0  1  2.564061e-01  3.000000e-07
 9  10  0  0  0  1  9.025205e-02  3.000000e-07
 85  6  0  0  0  1  6.642430e-02  3.000000e-07
 56  76  0  1  0  1  2.891307e-01  3.000000e-07
 56  14  0  0  0  1  2.025895e-01  3.000000e-07
 56  57  0  1  0  1  2.062434e-01  3.000000e-07
 56  3  0  0  0  1  2.100986e-01  3.000000e-07
 56  12  0  1  0  1  2.754620e-01  3.000000e-07
 65  57  0  0  0  1  4.059450e-01  3.000000e-07
 14  79  0  1  0  1  2.315365e-01  3.000000e-07
 86  0  0  0  0  1  8.576943e-02  3.000000e-07
 57  12  0  0  0  1  1.698641e-01  3.000000e-07
 58  10  1  0  0  1  2.173228e-01  3.000000e-07
 66  80  0  0  0  1  1.564779e-01  3.000000e-07
 66  0  0  0  0  1  1.724066e-01  3.000000e-07
 80  7  0  1  0  1  2.435276e-01  3.000000e-07
-1.582516e-01  1.346224e-01  0
-1.585730e-01  5.717296e-02  0
 8.622939e-02  8.312960e-02  0
 1.982526e-01  2.920617e-01  0
 2.897214e-01 -7.215246e-02  0
-1.776298e-01 -3.522005e-01  0
-1.747151e-01 -2.421435e-01  0
-3.118512e-01 -3.546849e-01  0
-1.387551e-01  5.235097e-02  0
-3.545522e-01 -3.396321e-01  0
-4.134283e-01 -2.712285e-01  0
-2.669102e-01 -2.358471e-01  0
-1.532061e-01 -3.757623e-01  0
-1.333800e-01 -1.449580e-01  0
 2.328106e-01  3.969987e-01  0
 1.815493e-01 -5.591288e-02  1.754782e-01
-4.280734e-01  3.548848e-01  1.760278e-01
-2.566941e-01 -1.637708e-01  2.091497e-01
-9.927376e-02 -2.026656e-01  2.499905e-01
-9.625624e-03  3.870701e-01  4.379737e-01
-3.916997e-01 -3.444319e-01  2.061968e-01
-1.659430e-01 -3.229958e-01  1.273309e-01
 2.487934e-01 -3.096561e-01  1.383222e-01
-4.964455e-04 -3.369872e-01  4.270772e-01
-1.744003e-02  4.147991e-01 -1.887246e-01
-2.083954e-01  2.608992e-01 -1.742694e-01
 4.176252e-01  2.330436e-01 -1.858720e-01
-2.321146e-01  3.373649e-01 -1.002185e-01
 4.442021e-01  3.128857e-01  4.364609e-01
 1.801575e-01  9.611984e-02  4.285529e-01
 3.423870e-01 -1.450222e-01 -2.964644e-01
-5.328678e-02  5.325241e-02 -3.053031e-01
 1.138820e-01 -2.543652e-01 -4.256853e-01
 3.799623e-01 -3.876637e-01 -3.404874e-01
 3.064652e-01  3.525424e-01 -3.776267e-01
-1.808082e-01  9.796119e-02 -3.410127e-01
 1.821279e-01  2.228082e-01 -2.462760e-01
-3.999326e-01  1.260072e-01  4.405019e-01
-3.916639e-01 -1.619474e-01  3.804420e-01
-2.278619e-01  4.210926e-01 -3.924140e-01
-7.498025e-02  4.115431e-01 -4.281030e-01
 4.909498e-02  1.538999e-01 -3.848757e-01
-4.160617e-02 -3.166434e-01 -3.668663e-01
 1.610604e-01  4.430496e-01 -4.482598e-01
-7.837066e-02 -1.705006e-01  2.886762e-01
-3.633745e-01 -3.940627e-01 -2.617302e-01
-1.846408e-01  2.515896e-01  3.143744e-01
-4.180605e-01  1.760756e-01  1.313112e-01
 2.546440e-01 -4.448592e-01  4.325947e-01
 3.665756e-01  4.225680e-01 -1.030676e-01
-9.264180e-02  3.474743e-01  0
 2.109328e-01  3.587067e-01  0
 4.443001e-01 -4.282850e-01  0
 3.749983e-01  3.069228e-01  0
 1.608367e-01 -3.817318e-01  0
 2.825720e-01 -1.641467e-01  0
 3.151905e-02  4.198950e-01  0
 1.665250e-02 -3.743980e-01  0
 3.702542e-01 -2.921072e-01  0
 1.771410e-01 -2.076395e-01 -2.866049e-01
-4.136714e-01 -2.460632e-01  0
 3.287128e-01  2.296502e-01  0
-4.053373e-01  1.939406e-01  0
-4.019145e-01 -6.350633e-02  0
-1.135930e-01  2.571444e-01  0
 1.368103e-01  1.335637e-02  0
-2.474712e-01  2.821484e-01  0
 3.191603e-01  7.651798e-02  0
 1.163229e-01  1.569152e-01  0
 3.486912e-01  1.697274e-01  0
 1.801478e-01  2.440084e-01  0
 1.269824e-01  3.187568e-02  0
-9.836788e-02 -7.495009e-02  0
-1.550660e-01  6.987707e-02  0
-1.265501e-01  6.394754e-02  0
-5.268322e-02  1.426043e-01  0
-2.252102e-01 -4.471137e-01  0
 3.411592e-01 -9.842944e-02  0
 9.943821e-02  1.100027e-01  0
 2.971215e-01 -3.805754e-01  0
-3.454904e-01  4.041220e-01  0
-1.666726e-01 -2.698462e-01  0
-4.391755e-01  3.389021e-01  0
-1.064655e-01  6.024280e-02 -2.540176e-01
-3.853573e-01  2.800348e-01  0
-2.382517e-01 -2.615159e-01  0
-1.852291e-01  5.320613e-02  0
-1.205285e-02 -1.170644e-01  1.188216e-01
-2.873330e-01 -7.137319e-02  1.847402e-01
-1.144718e-01  3.193284e-01 -1.344763e-01