 714  90  1.200000e-05  6 -2 -2
 19  69  0  1  0  3  5.104312e-01  1.000000e-07
 19  45  0  1  0  3  2.938468e-01  1.000000e-07
 19  47  0  1  0  3  3.546033e-01  1.000000e-07
 19  42 -1  0  1  3  5.639193e-01  1.000000e-07
 19  20  0  0  1  3  4.420148e-01  1.000000e-07
 16  48  0  0  0  3  2.050469e-01  1.000000e-07
 16  44  0 -1  0  3  4.492746e-01  1.000000e-07
 16  69  0  0  0  3  3.548517e-01  1.000000e-07
 16  45  0  0  0  3  1.175492e-01  1.000000e-07
 16  46  0  0  0  3  3.481083e-01  1.000000e-07
 16  47  0  0  0  3  2.043510e-01  1.000000e-07
 31  48  1  0  0  3  3.481761e-01  1.000000e-07
 31  86  0  0  0  3  4.378230e-01  1.000000e-07
 31  44  0 -1  0  3  3.747426e-01  1.000000e-07
 31  36  0  0  0  3  3.186940e-01  1.000000e-07
 31  39  0  0  0  3  4.369009e-01  1.000000e-07
 31  89  0 -1  0  3  3.539533e-01  1.000000e-07
 31  35  0  0  0  3  9.556660e-02  1.000000e-07
 31  72  0  0  1  3  5.292147e-01  1.000000e-07
 31  71  0  0  1  3  4.535270e-01  1.000000e-07
 33  48  1  0  0  3  2.932430e-01  1.000000e-07
 33  86  0  0  0  3  3.698667e-01  1.000000e-07
 33  36  0  0  0  3  2.630487e-01  1.000000e-07
 33  38  1  0  0  3  2.882678e-01  1.000000e-07
 33  34  0  0  0  3  2.141909e-01  1.000000e-07
 33  35  0  0  0  3  7.556112e-02  1.000000e-07
 33  37  0  0  1  3  4.664326e-01  1.000000e-07
 48  86 -1 -1  0  3  5.185931e-01  1.000000e-07
 48  45  0  0  0  3  1.228798e-01  1.000000e-07
 48  38  0  0  0  3  3.711623e-01  1.000000e-07
 48  35 -1  0  0  3  2.814615e-01  1.000000e-07
 48  47  0  0  0  3  3.290520e-01  1.000000e-07
 48  23  0 -1  1  3  5.081078e-01  1.000000e-07
 86  39  0  0  0  3  5.025298e-01  1.000000e-07
 86  34  0  0  0  3  4.226942e-01  1.000000e-07
 86  35  0  0  0  3  4.085620e-01  1.000000e-07
 86  23  1  0  1  3  4.770092e-01  1.000000e-07
 86  30  0  0  1  3  3.932314e-01  1.000000e-07
 44  36  0  1  0  3  4.404054e-01  1.000000e-07
 44  39  0  0  0  3  5.413198e-01  1.000000e-07
 44  30  0  0  1  3  3.852574e-01  1.000000e-07
 44  40  0  0  1  3  4.245841e-01  1.000000e-07
 44  71  0  1  1  3  3.758397e-01  1.000000e-07
 44  20  0  0  1  3  3.930059e-01  1.000000e-07
 36  38  1  0  0  3  3.152312e-01  1.000000e-07
 36  46  1  0  0  3  3.198026e-01  1.000000e-07
 36  28  0  0  1  3  5.610671e-01  1.000000e-07
 36  87  0  0  1  3  2.817752e-01  1.000000e-07
 36  71  0  0  1  3  4.006330e-01  1.000000e-07
 36  37  0  0  1  3  5.478834e-01  1.000000e-07
 32  43  0  0  0  3  4.601738e-01  1.000000e-07
 32  45  0  0  0  3  6.404925e-02  1.000000e-07
 32  89 -1 -1  0  3  4.364897e-01  1.000000e-07
 32  38  0  0  0  3  3.695305e-01  1.000000e-07
 32  34 -1  0  0  3  3.923944e-01  1.000000e-07
 32  46  0  0  0  3  3.690881e-01  1.000000e-07
 32  35 -1  0  0  3  2.845776e-01  1.000000e-07
 39  69  0  0  0  3  3.817818e-01  1.000000e-07
 39  47  0  0  0  3  2.394251e-01  1.000000e-07
 39  24  0  0  1  3  4.117157e-01  1.000000e-07
 39  25  0  0  1  3  4.797344e-01  1.000000e-07
 39  30  0  0  1  3  4.452591e-01  1.000000e-07
 39  20  0  0  1  3  3.824507e-01  1.000000e-07
 43  69  0  0  0  3  5.357855e-01  1.000000e-07
 43  89 -1  0  0  3  5.354678e-01  1.000000e-07
 43  23  0  0  1  3  4.123825e-01  1.000000e-07
 43  20  0  0  1  3  4.030831e-01  1.000000e-07
 69  34  0  0  0  3  1.217495e-01  1.000000e-07
 69  47  0  0  0  3  3.589240e-01  1.000000e-07
 89  34  0  1  0  3  3.845962e-01  1.000000e-07
 89  35  0  1  0  3  3.815578e-01  1.000000e-07
 89  42  0  0  1  3  4.569910e-01  1.000000e-07
 38  23  0  0  1  3  3.946202e-01  1.000000e-07
 38  21 -1  0  1  3  5.330834e-01  1.000000e-07
 38  24  0  0  1  3  3.968641e-01  1.000000e-07
 38  41  0  0  1  3  3.842864e-01  1.000000e-07
 38  37 -1  0  1  3  3.909609e-01  1.000000e-07
 34  35  0  0  0  3  1.551847e-01  1.000000e-07
 46  47  0  0  0  3  3.340509e-01  1.000000e-07
 46  23  0  0  1  3  4.021005e-01  1.000000e-07
 46  24  0  0  1  3  3.712110e-01  1.000000e-07
 46  25  0  0  1  3  4.518578e-01  1.000000e-07
 46  41  0  0  1  3  3.752315e-01  1.000000e-07
 46  20  0  0  1  3  4.564710e-01  1.000000e-07
 47  26  0  0  1  3  4.428012e-01  1.000000e-07
 47  24  0  0  1  3  4.016316e-01  1.000000e-07
 47  87 -1  0  1  3  5.488027e-01  1.000000e-07
 70  23  0  0  0  3  2.970178e-01  1.000000e-07
 70  1  0  0  0  3  1.202328e-01  1.000000e-07
 70  24  0  1  0  3  5.414141e-01  1.000000e-07
 70  87 -1  1  0  3  4.969988e-01  1.000000e-07
 70  25  0  0  0  3  1.900499e-01  1.000000e-07
 70  29 -1  0  0  3  4.105158e-01  1.000000e-07
 70  20  0  0  0  3  2.108877e-01  1.000000e-07
 23  25  0  0  0  3  3.543711e-01  1.000000e-07
 23  42 -1  0  0  3  2.716380e-01  1.000000e-07
 23  37 -1  0  0  3  3.153178e-01  1.000000e-07
 1  72  0  0  0  3  3.593360e-01  1.000000e-07
 1  71  0  1  0  3  4.413387e-01  1.000000e-07
 26  21  0  0  0  3  4.270413e-01  1.000000e-07
 26  24  0  0  0  3  1.649953e-01  1.000000e-07
 26  88  0  0  0  3  3.214496e-01  1.000000e-07
 26  25  0  0  0  3  2.905772e-01  1.000000e-07
 26  22  0  0  0  3  3.129591e-01  1.000000e-07
 26  72  0  0  0  3  2.874822e-01  1.000000e-07
 21  87  0  0  0  3  5.227224e-01  1.000000e-07
 21  22  1  0  0  3  3.781076e-01  1.000000e-07
 21  40  0  0  0  3  3.627369e-01  1.000000e-07
 21  41  1  0  0  3  3.785346e-01  1.000000e-07
 24  87 -1  0  0  3  3.527818e-01  1.000000e-07
 24  25  0  0  0  3  3.072049e-01  1.000000e-07
 27  28  0  0  0  3  3.312263e-01  1.000000e-07
 27  87  0  1  0  3  3.192091e-01  1.000000e-07
 27  88  0  1  0  3  3.558475e-01  1.000000e-07
 27  30  0  0  0  3  2.918321e-01  1.000000e-07
 27  40  0  0  0  3  1.529627e-01  1.000000e-07
 27  71  0  1  0  3  3.407948e-01  1.000000e-07
 27  29  0  0  0  3  2.515158e-01  1.000000e-07
 27  42  0  0  0  3  3.201437e-01  1.000000e-07
 28  88  0  0  0  3  3.533656e-01  1.000000e-07
 28  72  0  0  0  3  2.423792e-01  1.000000e-07
 28  40  0  0  0  3  3.076784e-01  1.000000e-07
 28  71  0  0  0  3  4.772267e-01  1.000000e-07
 28  41  1  0  0  3  4.032322e-01  1.000000e-07
 28  29  0  0  0  3  2.883976e-01  1.000000e-07
 28  37  0  0  0  3  2.061398e-01  1.000000e-07
 87  42  0 -1  0  3  3.422324e-01  1.000000e-07
 88  72  0  0  0  3  3.721123e-01  1.000000e-07
 88  40  0 -1  0  3  4.328562e-01  1.000000e-07
 88  71  0  0  0  3  2.883764e-01  1.000000e-07
 25  41  0  0  0  3  1.401305e-01  1.000000e-07
 22  88 -1  0  0  3  4.776678e-01  1.000000e-07
 22  41  0  0  0  3  7.115263e-02  1.000000e-07
 72  33  0  0 -1  3  5.236010e-01  1.000000e-07
 72  30  0  0  0  3  2.574125e-01  1.000000e-07
 72  71  0  0  0  3  3.535753e-01  1.000000e-07
 72  37  0  0  0  3  3.303247e-01  1.000000e-07
 30  40  0  0  0  3  2.164386e-01  1.000000e-07
 30  29  0  0  0  3  2.777000e-01  1.000000e-07
 30  42  0  0  0  3  1.799025e-01  1.000000e-07
 30  37  0  0  0  3  1.352529e-01  1.000000e-07
 40  71  0  1  0  3  3.105959e-01  1.000000e-07
 40  42  0  0  0  3  3.066624e-01  1.000000e-07
 40  20  0  0  0  3  2.726418e-01  1.000000e-07
 71  42  0 -1  0  3  4.368999e-01  1.000000e-07
 71  20  0 -1  0  3  4.398917e-01  1.000000e-07
 41  29 -1  0  0  3  3.694475e-01  1.000000e-07
 41  37 -1  0  0  3  4.192284e-01  1.000000e-07
 41  20  0  0  0  3  4.042099e-01  1.000000e-07
 29  42  0  0  0  3  1.950930e-01  1.000000e-07
 29  37  0  0  0  3  2.382922e-01  1.000000e-07
 19  54  0  0  0  3  2.226950e-01  1.000000e-07
 52  1  0  0  0  3  2.148629e-01  1.000000e-07
 69  53  0  0  0  3  1.734136e-01  1.000000e-07
 55  21  0  0  0  3  2.617116e-01  1.000000e-07
 16  65  0  0  0  3  2.694753e-01  1.000000e-07
 67  25  0  0  0  3  2.381011e-01  1.000000e-07
 16  65  0  0  0  3  2.530829e-01  1.000000e-07
 49  22  0  0  0  3  2.003665e-01  1.000000e-07
 16  18  0  0  0  3  2.984114e-01  1.000000e-07
 57  1  0 -1  0  3  2.944401e-01  1.000000e-07
 45  65  0  0  0  3  1.773287e-01  1.000000e-07
 66  26  0  0  0  3  2.578160e-01  1.000000e-07
 69  73  0  0  0  3  2.472866e-01  1.000000e-07
 6  1  0  0  0  3  3.803700e-01  1.000000e-07
 19  52  0  0  0  3  2.122562e-01  1.000000e-07
 85  70  0  0  0  3  2.256840e-01  1.000000e-07
 89  13  0  0  0  3  1.302432e-01  1.000000e-07
 14  87  0  1  0  3  3.262167e-01  1.000000e-07
 43  51  0  0  0  3  2.866002e-01  1.000000e-07
 64  29 -1  0  0  3  3.344799e-01  1.000000e-07
 19  63  0  0  0  3  2.389318e-01  1.000000e-07
 85  87 -1  1  0  3  3.505962e-01  1.000000e-07
 19  63  0  0  0  3  2.435511e-01  1.000000e-07
 85  29 -1  0  0  3  3.396473e-01  1.000000e-07
 35  83  0  0  0  3  2.784967e-01  1.000000e-07
 82  22  1  0  0  3  2.077832e-01  1.000000e-07
 34  83  0  0  0  3  2.054691e-01  1.000000e-07
 53  22  1  0  0  3  2.980316e-01  1.000000e-07
 32  84  0  0  0  3  1.664494e-01  1.000000e-07
 49  22  0  0  0  3  2.084608e-01  1.000000e-07
 89  75  0  1  0  3  1.964474e-01  1.000000e-07
 8  88  0  0  0  3  2.409258e-01  1.000000e-07
 44  54  0  0  0  3  3.402313e-01  1.000000e-07
 74  1  0  0  0  3  2.048940e-01  1.000000e-07
 43  64  0  0  0  3  2.357250e-01  1.000000e-07
 58  25  0  0  0  3  1.704405e-01  1.000000e-07
 43  58  0  0  0  3  2.634936e-01  1.000000e-07
 49  22  0  0  0  3  1.707093e-01  1.000000e-07
 89  10  0  0  0  3  2.619250e-01  1.000000e-07
 80  22  1  0  0  3  3.461199e-01  1.000000e-07
 69  0  0  0  0  3  1.482327e-01  1.000000e-07
 61  26  0  0  0  3  2.492605e-01  1.000000e-07
 45  18  0  0  0  3  2.492840e-01  1.000000e-07
 57  1  0 -1  0  3  3.315291e-01  1.000000e-07
 34  53  0  0  0  3  1.378987e-01  1.000000e-07
 55  21  0  0  0  3  2.445847e-01  1.000000e-07
 86  11  0  0  0  3  2.710652e-01  1.000000e-07
 81  27  0  0  0  3  2.036234e-01  1.000000e-07
 33  50  1  0  0  3  3.197018e-01  1.000000e-07
 49  22  0  0  0  3  1.848436e-01  1.000000e-07
 35  83  0  0  0  3  2.486563e-01  1.000000e-07
 53  21  0  0  0  3  2.268522e-01  1.000000e-07
 43  52  0  0  0  3  2.660957e-01  1.000000e-07
 5  1  0  0  0  3  2.148543e-01  1.000000e-07
 45  17  0  0  0  3  1.472303e-01  1.000000e-07
 84  24  0  0  0  3  2.668468e-01  1.000000e-07
 45  18  0  0  0  3  2.356082e-01  1.000000e-07
 77  70  0 -1  0  3  3.453084e-01  1.000000e-07
 32  84  0  0  0  3  1.358368e-01  1.000000e-07
 17  87 -1  0  0  3  3.224492e-01  1.000000e-07
 45  84  0  0  0  3  1.614266e-01  1.000000e-07
 17  87 -1  0  0  3  3.265013e-01  1.000000e-07
 34  53  0  0  0  3  1.055528e-01  1.000000e-07
 75  88  0  0  0  3  1.420932e-01  1.000000e-07
 49  50  0  0  0  2  3.774804e-02  2.000000e-07
 49  13 -1  0  0  2  4.512564e-01  2.000000e-07
 49  51  0  0  0  2  1.965621e-01  2.000000e-07
 49  52  0  0  0  2  2.896312e-01  2.000000e-07
 49  17  0  0  0  2  3.213748e-01  2.000000e-07
 49  79  0  0  0  2  4.261000e-01  2.000000e-07
 49  80 -1  0  0  2  3.439325e-01  2.000000e-07
 49  12 -1  0  0  2  3.295062e-01  2.000000e-07
 49  58  0  0  0  2  1.354995e-01  2.000000e-07
 49  84  0  0  0  2  2.723907e-01  2.000000e-07
 49  67  0  0  0  2  1.807970e-01  2.000000e-07
 49  85  0  0  0  2  4.252307e-01  2.000000e-07
 49  6  0  0  0  2  3.622444e-01  2.000000e-07
 49  68  0  0  0  2  2.791268e-01  2.000000e-07
 50  11 -1  0  0  2  4.098980e-01  2.000000e-07
 50  51  0  0  0  2  2.055130e-01  2.000000e-07
 50  78 -1  0  0  2  4.368601e-01  2.000000e-07
 50  73 -1  0  0  2  5.156399e-01  2.000000e-07
 50  17  0  0  0  2  3.313965e-01  2.000000e-07
 50  65  0  0  0  2  2.942602e-01  2.000000e-07
 50  56 -1  0  0  2  6.686378e-01  2.000000e-07
 50  74 -1  0  0  2  5.816334e-01  2.000000e-07
 50  80 -1  0  0  2  3.156986e-01  2.000000e-07
 50  10 -1  0  0  2  3.327989e-01  2.000000e-07
 50  12 -1  0  0  2  2.942641e-01  2.000000e-07
 50  64  0  0  0  2  2.055031e-01  2.000000e-07
 50  82 -1  0  0  2  4.010557e-01  2.000000e-07
 50  58  0  0  0  2  1.712105e-01  2.000000e-07
 50  83 -1  0  0  2  1.707160e-01  2.000000e-07
 50  2  0  0  0  2  2.877016e-01  2.000000e-07
 50  84  0  0  0  2  2.754879e-01  2.000000e-07
 50  67  0  0  0  2  2.182160e-01  2.000000e-07
 50  4 -1  0  0  2  7.181610e-01  2.000000e-07
 50  60 -1  0  0  2  6.628888e-01  2.000000e-07
 50  76 -1  0  0  2  7.007793e-01  2.000000e-07
 50  76  0  0  0  2  3.123462e-01  2.000000e-07
 0  53  0  0  0  2  2.120053e-01  2.000000e-07
 0  55  0  0  0  2  3.009489e-01  2.000000e-07
 0  75  0  0  0  2  2.378721e-01  2.000000e-07
 0  57  0  0  0  2  1.579636e-01  2.000000e-07
 0  59  0  0  0  2  1.195890e-01  2.000000e-07
 0  60  0  0  0  2  1.643691e-01  2.000000e-07
 0  61  0  0  0  2  5.988315e-02  2.000000e-07
 0  6  0  0  0  2  2.569772e-01  2.000000e-07
 0  62  0  0  0  2  1.567579e-01  2.000000e-07
 0  68  0  0  0  2  1.903737e-01  2.000000e-07
 77  11 -1 -1  0  2  4.191301e-01  2.000000e-07
 77  78 -1  0  0  2  1.734808e-01  2.000000e-07
 77  17  0  0  0  2  1.249346e-01  2.000000e-07
 77  65  0  0  0  2  3.337898e-01  2.000000e-07
 77  54  0 -1  0  2  3.518016e-01  2.000000e-07
 77  7 -1 -1  0  2  2.114805e-01  2.000000e-07
 77  10 -1 -1  0  2  3.950558e-01  2.000000e-07
 77  57  0  0  0  2  2.474842e-01  2.000000e-07
 77  82 -1  0  0  2  1.812453e-01  2.000000e-07
 77  66  0  0  0  2  2.870011e-01  2.000000e-07
 77  84  0  0  0  2  1.699172e-01  2.000000e-07
 77  60 -1  0  0  2  5.738272e-01  2.000000e-07
 77  60  0  0  0  2  4.266220e-01  2.000000e-07
 77  76  0  0  0  2  4.359626e-01  2.000000e-07
 77  63  0 -1  0  2  1.667882e-01  2.000000e-07
 77  18  0  0  0  2  1.688032e-01  2.000000e-07
 11  51  1  0  0  2  3.638099e-01  2.000000e-07
 11  78  0  1  0  2  3.136627e-01  2.000000e-07
 11  73  0  0  0  2  3.615282e-01  2.000000e-07
 11  54  0  0  0  2  3.901626e-01  2.000000e-07
 11  56  0  1  0  2  3.688913e-01  2.000000e-07
 11  74  0  0  0  2  2.545981e-01  2.000000e-07
 11  80  0  0  0  2  9.562332e-02  2.000000e-07
 11  10  0  0  0  2  8.217954e-02  2.000000e-07
 11  82  0  1  0  2  3.457935e-01  2.000000e-07
 11  15  0  0  0  2  1.546562e-01  2.000000e-07
 11  14  0  0  0  2  9.628264e-02  2.000000e-07
 11  60  0  1  0  2  3.574849e-01  2.000000e-07
 11  63  1  0  0  2  3.634537e-01  2.000000e-07
 13  78  0  1  0  2  1.789261e-01  2.000000e-07
 13  52  1  0  0  2  3.895314e-01  2.000000e-07
 13  7  0  0  0  2  6.069061e-02  2.000000e-07
 13  75  0  1  0  2  3.223905e-01  2.000000e-07
 13  80  0  0  0  2  1.872856e-01  2.000000e-07
 13  81  0  0  0  2  1.162222e-01  2.000000e-07
 13  8  0  1  0  2  2.513644e-01  2.000000e-07
 13  12  0  0  0  2  3.027796e-01  2.000000e-07
 13  82  0  1  0  2  2.147288e-01  2.000000e-07
 13  15  0  0  0  2  2.734283e-01  2.000000e-07
 13  58  1  0  0  2  4.861428e-01  2.000000e-07
 13  14  0  0  0  2  5.172605e-02  2.000000e-07
 13  85  1  0  0  2  2.935193e-01  2.000000e-07
 13  9  0  0  0  2  2.238328e-01  2.000000e-07
 51  52  0  0  0  2  1.307765e-01  2.000000e-07
 51  54  0  0  0  2  3.061241e-01  2.000000e-07
 51  80 -1  0  0  2  2.953437e-01  2.000000e-07
 51  10 -1  0  0  2  2.839023e-01  2.000000e-07
 51  64  0  0  0  2  5.785918e-02  2.000000e-07
 51  67  0  0  0  2  2.254891e-01  2.000000e-07
 51  85  0  0  0  2  2.290119e-01  2.000000e-07
 51  3  0  0  0  2  2.476712e-01  2.000000e-07
 51  63  0  0  0  2  2.027126e-01  2.000000e-07
 51  18  0  1  0  2  4.089577e-01  2.000000e-07
 78  51  1 -1  0  2  4.258776e-01  2.000000e-07
 78  73  0  0  0  2  6.174972e-01  2.000000e-07
 78  17  1  0  0  2  2.260491e-01  2.000000e-07
 78  53  0  0  0  2  4.259445e-01  2.000000e-07
 78  56  0  0  0  2  4.124850e-01  2.000000e-07
 78  7  0 -1  0  2  1.323935e-01  2.000000e-07
 78  79  1  0  0  2  1.215390e-01  2.000000e-07
 78  80  0 -1  0  2  3.661317e-01  2.000000e-07
 78  8  0  0  0  2  1.544633e-01  2.000000e-07
 78  15  0 -1  0  2  3.970112e-01  2.000000e-07
 78  83  0  0  0  2  3.335337e-01  2.000000e-07
 78  85  1 -1  0  2  2.931117e-01  2.000000e-07
 78  60  0  0  0  2  4.009634e-01  2.000000e-07
 78  63  1 -1  0  2  2.639092e-01  2.000000e-07
 78  18  1  0  0  2  3.413774e-01  2.000000e-07
 73  52  0  0  0  2  3.528134e-01  2.000000e-07
 73  53  0  0  0  2  2.025144e-01  2.000000e-07
 73  54  0  0  0  2  3.334425e-01  2.000000e-07
 73  55  0  0  0  2  8.975780e-02  2.000000e-07
 73  56  0  0  0  2  4.618197e-01  2.000000e-07
 73  74  0  0  0  2  2.189633e-01  2.000000e-07
 73  80  0  0  0  2  3.491539e-01  2.000000e-07
 73  15  0  0  0  2  3.073322e-01  2.000000e-07
 73  83  0  0  0  2  3.933687e-01  2.000000e-07
 73  2  0  0  0  2  2.051145e-01  2.000000e-07
 73  67  0  0  0  2  2.695843e-01  2.000000e-07
 73  4  0  0  0  2  2.492953e-01  2.000000e-07
 73  60  0  0  0  2  4.667644e-01  2.000000e-07
 73  3  0  0  0  2  1.960327e-01  2.000000e-07
 73  6  0  0  0  2  1.086680e-01  2.000000e-07
 73  76  0  0  0  2  2.166799e-01  2.000000e-07
 73  9  0  0  0  2  2.856835e-01  2.000000e-07
 52  54  0  0  0  2  1.770287e-01  2.000000e-07
 52  55  0  0  0  2  4.423373e-01  2.000000e-07
 52  74  0  0  0  2  2.851466e-01  2.000000e-07
 52  7 -1  0  0  2  3.681859e-01  2.000000e-07
 52  80 -1  0  0  2  4.142392e-01  2.000000e-07
 52  12 -1  0  0  2  4.778627e-01  2.000000e-07
 52  57  0  1  0  2  3.770590e-01  2.000000e-07
 52  15  0  0  0  2  3.934362e-01  2.000000e-07
 52  58  0  0  0  2  2.010517e-01  2.000000e-07
 52  59  0  1  0  2  4.078233e-01  2.000000e-07
 52  67  0  0  0  2  2.252606e-01  2.000000e-07
 52  14 -1  0  0  2  4.108622e-01  2.000000e-07
 52  85  0  0  0  2  1.811833e-01  2.000000e-07
 52  3  0  0  0  2  1.931394e-01  2.000000e-07
 52  6  0  0  0  2  3.346860e-01  2.000000e-07
 52  9  0  0  0  2  5.007305e-01  2.000000e-07
 52  62  0  1  0  2  4.307781e-01  2.000000e-07
 52  63  0  0  0  2  1.894837e-01  2.000000e-07
 17  65  0  0  0  2  2.209312e-01  2.000000e-07
 17  79  0  0  0  2  1.341929e-01  2.000000e-07
 17  59  0  0  0  2  2.993718e-01  2.000000e-07
 17  84  0  0  0  2  7.657700e-02  2.000000e-07
 17  67  0  0  0  2  3.579943e-01  2.000000e-07
 17  62  0  0  0  2  1.742403e-01  2.000000e-07
 17  18  0  0  0  2  1.812114e-01  2.000000e-07
 17  68  0  0  0  2  2.436484e-01  2.000000e-07
 53  55  0  0  0  2  1.272627e-01  2.000000e-07
 53  56  0  0  0  2  2.943000e-01  2.000000e-07
 53  75  0  0  0  2  2.114638e-01  2.000000e-07
 53  8  0  0  0  2  2.824082e-01  2.000000e-07
 53  12  0  0  0  2  3.081153e-01  2.000000e-07
 53  83  0  0  0  2  2.869891e-01  2.000000e-07
 53  59  0  0  0  2  3.186817e-01  2.000000e-07
 53  60  0  0  0  2  2.956055e-01  2.000000e-07
 53  61  0  0  0  2  2.353577e-01  2.000000e-07
 53  6  0  0  0  2  2.099420e-01  2.000000e-07
 53  76  0  0  0  2  2.781975e-01  2.000000e-07
 65  56  0  0  0  2  3.493593e-01  2.000000e-07
 65  57  0  0  0  2  2.469923e-01  2.000000e-07
 65  66  0  0  0  2  1.204078e-01  2.000000e-07
 65  2  0  0  0  2  1.553459e-01  2.000000e-07
 65  67  0  0  0  2  1.797904e-01  2.000000e-07
 65  4  0  0  0  2  6.397466e-02  2.000000e-07
 65  60  0  0  0  2  3.607693e-01  2.000000e-07
 65  76  0  0  0  2  1.021756e-01  2.000000e-07
 65  18  0  0  0  2  2.719825e-01  2.000000e-07
 65  68  0  0  0  2  2.597094e-02  2.000000e-07
 54  56  0  1  0  2  2.754202e-01  2.000000e-07
 54  74  0  0  0  2  1.608480e-01  2.000000e-07
 54  57  0  1  0  2  2.610535e-01  2.000000e-07
 54  15  0  0  0  2  2.364604e-01  2.000000e-07
 54  85  0  0  0  2  2.176838e-01  2.000000e-07
 54  60  0  1  0  2  2.772259e-01  2.000000e-07
 54  3  0  0  0  2  2.714480e-01  2.000000e-07
 54  63  0  0  0  2  2.633231e-01  2.000000e-07
 54  5  0  0  0  2  2.230008e-01  2.000000e-07
 54  18  0  1  0  2  2.506164e-01  2.000000e-07
 55  74  0  0  0  2  2.857792e-01  2.000000e-07
 55  80  0  0  0  2  3.316234e-01  2.000000e-07
 55  12  0  0  0  2  2.242463e-01  2.000000e-07
 55  83  0  0  0  2  3.101092e-01  2.000000e-07
 55  61  0  0  0  2  3.016007e-01  2.000000e-07
 55  6  0  0  0  2  1.566047e-01  2.000000e-07
 55  76  0  0  0  2  2.593481e-01  2.000000e-07
 55  9  0  0  0  2  2.870402e-01  2.000000e-07
 56  75  0  0  0  2  1.820965e-01  2.000000e-07
 56  80  0 -1  0  2  4.633352e-01  2.000000e-07
 56  8  0  0  0  2  2.779307e-01  2.000000e-07
 56  15  0 -1  0  2  2.635448e-01  2.000000e-07
 56  83  0  0  0  2  4.993441e-01  2.000000e-07
 56  59  0  0  0  2  1.013243e-01  2.000000e-07
 56  4  0  0  0  2  3.602532e-01  2.000000e-07
 56  85  0 -1  0  2  3.832093e-01  2.000000e-07
 56  60  0  0  0  2  1.253402e-02  2.000000e-07
 56  6  0  0  0  2  4.044909e-01  2.000000e-07
 56  18  0  0  0  2  2.465182e-01  2.000000e-07
 56  68  0  0  0  2  3.384654e-01  2.000000e-07
 74  81  0  0  0  2  2.806816e-01  2.000000e-07
 74  12  0  0  0  2  2.877185e-01  2.000000e-07
 74  57  0  1  0  2  3.809212e-01  2.000000e-07
 74  15  0  0  0  2  1.228446e-01  2.000000e-07
 74  58  0  0  0  2  3.821625e-01  2.000000e-07
 74  2  0  0  0  2  3.319342e-01  2.000000e-07
 74  14  0  0  0  2  3.425458e-01  2.000000e-07
 74  60  0  1  0  2  3.146062e-01  2.000000e-07
 74  3  0  0  0  2  2.635323e-01  2.000000e-07
 74  76  0  0  0  2  3.789158e-01  2.000000e-07
 74  9  0  0  0  2  2.176368e-01  2.000000e-07
 74  63  0  0  0  2  4.187094e-01  2.000000e-07
 74  5  0  0  0  2  2.353513e-01  2.000000e-07
 7  79  1  1  0  2  1.800629e-01  2.000000e-07
 7  8  0  1  0  2  2.383343e-01  2.000000e-07
 7  57  1  1  0  2  4.493141e-01  2.000000e-07
 7  82  0  1  0  2  1.695237e-01  2.000000e-07
 7  84  1  1  0  2  3.156759e-01  2.000000e-07
 7  14  0  0  0  2  1.123520e-01  2.000000e-07
 7  85  1  0  0  2  2.492199e-01  2.000000e-07
 7  62  1  1  0  2  4.384324e-01  2.000000e-07
 7  63  1  0  0  2  2.013742e-01  2.000000e-07
 75  81  0 -1  0  2  3.443237e-01  2.000000e-07
 75  8  0  0  0  2  1.094750e-01  2.000000e-07
 75  12  0  0  0  2  4.717086e-01  2.000000e-07
 75  57  0  0  0  2  3.395982e-01  2.000000e-07
 75  82  0  0  0  2  2.524916e-01  2.000000e-07
 75  15  0 -1  0  2  3.311767e-01  2.000000e-07
 75  83  0  0  0  2  3.271044e-01  2.000000e-07
 75  59  0  0  0  2  2.677978e-01  2.000000e-07
 75  14  0 -1  0  2  3.320990e-01  2.000000e-07
 75  60  0  0  0  2  1.741676e-01  2.000000e-07
 75  61  0  0  0  2  2.952444e-01  2.000000e-07
 79  8 -1  0  0  2  2.708388e-01  2.000000e-07
 79  83 -1  0  0  2  3.704257e-01  2.000000e-07
 79  59  0  0  0  2  3.690466e-01  2.000000e-07
 79  84  0  0  0  2  1.540041e-01  2.000000e-07
 79  85  0 -1  0  2  2.013114e-01  2.000000e-07
 79  62  0  0  0  2  2.688634e-01  2.000000e-07
 79  18  0  0  0  2  2.198406e-01  2.000000e-07
 79  68  0  0  0  2  3.760780e-01  2.000000e-07
 80  12  0  0  0  2  1.158980e-01  2.000000e-07
 80  15  0  0  0  2  2.302412e-01  2.000000e-07
 80  83  0  0  0  2  3.282234e-01  2.000000e-07
 80  85  1  0  0  2  3.991683e-01  2.000000e-07
 80  9  0  0  0  2  8.561682e-02  2.000000e-07
 10  81  0  0  0  2  8.224673e-02  2.000000e-07
 10  12  0  0  0  2  1.591697e-01  2.000000e-07
 10  64  1  0  0  2  3.403217e-01  2.000000e-07
 10  82  0  1  0  2  3.591066e-01  2.000000e-07
 10  58  1  0  0  2  4.283908e-01  2.000000e-07
 10  14  0  0  0  2  1.024969e-01  2.000000e-07
 10  60  0  1  0  2  4.365426e-01  2.000000e-07
 10  76  0  0  0  2  6.032672e-01  2.000000e-07
 10  63  1  0  0  2  3.099606e-01  2.000000e-07
 81  12  0  0  0  2  2.104213e-01  2.000000e-07
 81  15  0  0  0  2  1.736769e-01  2.000000e-07
 81  14  0  0  0  2  6.492066e-02  2.000000e-07
 81  60  0  1  0  2  3.553154e-01  2.000000e-07
 81  9  0  0  0  2  1.116604e-01  2.000000e-07
 8  82  0  0  0  2  1.430166e-01  2.000000e-07
 8  15  0 -1  0  2  3.507911e-01  2.000000e-07
 8  83  0  0  0  2  2.882977e-01  2.000000e-07
 8  84  1  0  0  2  2.918867e-01  2.000000e-07
 12  82  0  0  0  2  5.333191e-01  2.000000e-07
 12  58  1  0  0  2  4.406739e-01  2.000000e-07
 12  83  0  0  0  2  2.475630e-01  2.000000e-07
 12  84  1  0  0  2  4.957455e-01  2.000000e-07
 12  14  0  0  0  2  2.566502e-01  2.000000e-07
 12  60  0  0  0  2  5.985544e-01  2.000000e-07
 12  61  0  0  0  2  5.227886e-01  2.000000e-07
 12  76  0  0  0  2  4.725255e-01  2.000000e-07
 12  9  0  0  0  2  1.182564e-01  2.000000e-07
 64  58  0  0  0  2  1.273980e-01  2.000000e-07
 64  2  0  0  0  2  2.377090e-01  2.000000e-07
 64  67  0  0  0  2  1.728517e-01  2.000000e-07
 64  3  0  0  0  2  1.898284e-01  2.000000e-07
 64  63  0  0  0  2  2.346373e-01  2.000000e-07
 64  5  0  0  0  2  1.664211e-01  2.000000e-07
 57  15  0 -1  0  2  3.778562e-01  2.000000e-07
 57  66  0  0  0  2  1.298291e-01  2.000000e-07
 57  59  0  0  0  2  7.254624e-02  2.000000e-07
 57  84  0  0  0  2  3.059094e-01  2.000000e-07
 57  85  0 -1  0  2  2.565334e-01  2.000000e-07
 57  60  0  0  0  2  1.841651e-01  2.000000e-07
 57  61  0  0  0  2  1.608348e-01  2.000000e-07
 57  62  0  0  0  2  7.839284e-02  2.000000e-07
 57  63  0 -1  0  2  3.064225e-01  2.000000e-07
 57  18  0  0  0  2  8.223599e-02  2.000000e-07
 82  57  1  0  0  2  4.173285e-01  2.000000e-07
 82  83  0  0  0  2  2.965799e-01  2.000000e-07
 82  84  1  0  0  2  1.780429e-01  2.000000e-07
 82  14  0 -1  0  2  2.599556e-01  2.000000e-07
 82  60  0  0  0  2  4.024677e-01  2.000000e-07
 82  63  1 -1  0  2  2.910988e-01  2.000000e-07
 15  59  0  1  0  2  3.330295e-01  2.000000e-07
 15  85  0  0  0  2  4.490305e-01  2.000000e-07
 15  60  0  1  0  2  2.548371e-01  2.000000e-07
 15  9  0  0  0  2  1.548838e-01  2.000000e-07
 66  58  0  0  0  2  3.386136e-01  2.000000e-07
 66  84  0  0  0  2  2.661513e-01  2.000000e-07
 66  60  0  0  0  2  2.495085e-01  2.000000e-07
 66  61  0  0  0  2  7.082249e-02  2.000000e-07
 66  76  0  0  0  2  1.951691e-01  2.000000e-07
 66  62  0  0  0  2  7.048780e-02  2.000000e-07
 58  83 -1  0  0  2  3.376376e-01  2.000000e-07
 58  2  0  0  0  2  1.326190e-01  2.000000e-07
 58  84  0  0  0  2  3.442573e-01  2.000000e-07
 58  14 -1  0  0  2  4.866889e-01  2.000000e-07
 58  61  0  0  0  2  3.511903e-01  2.000000e-07
 58  6  0  0  0  2  2.427217e-01  2.000000e-07
 58  76  0  0  0  2  1.807499e-01  2.000000e-07
 58  9  0  0  0  2  5.640972e-01  2.000000e-07
 58  62  0  0  0  2  3.893294e-01  2.000000e-07
 58  63  0  0  0  2  3.611308e-01  2.000000e-07
 58  5  0  0  0  2  1.468157e-01  2.000000e-07
 58  68  0  0  0  2  2.227972e-01  2.000000e-07
 83  49  1  0  0  2  2.028249e-01  2.000000e-07
 83  17  1  0  0  2  3.273056e-01  2.000000e-07
 83  84  1  0  0  2  2.517820e-01  2.000000e-07
 2  67  0  0  0  2  7.517679e-02  2.000000e-07
 2  4  0  0  0  2  1.035655e-01  2.000000e-07
 2  3  0  0  0  2  8.503854e-02  2.000000e-07
 2  76  0  0  0  2  6.658676e-02  2.000000e-07
 59  85  0 -1  0  2  3.123071e-01  2.000000e-07
 59  62  0  0  0  2  1.312398e-01  2.000000e-07
 59  18  0  0  0  2  1.522517e-01  2.000000e-07
 59  68  0  0  0  2  2.661306e-01  2.000000e-07
 84  76  0  0  0  2  3.378726e-01  2.000000e-07
 84  62  0  0  0  2  2.434255e-01  2.000000e-07
 84  68  0  0  0  2  2.701650e-01  2.000000e-07
 67  4  0  0  0  2  1.501041e-01  2.000000e-07
 67  3  0  0  0  2  9.470118e-02  2.000000e-07
 67  6  0  0  0  2  1.863519e-01  2.000000e-07
 67  68  0  0  0  2  1.790793e-01  2.000000e-07
 4  60  0  0  0  2  3.705821e-01  2.000000e-07
 4  3  0  0  0  2  1.883928e-01  2.000000e-07
 4  6  0  0  0  2  1.406906e-01  2.000000e-07
 4  76  0  0  0  2  4.071841e-02  2.000000e-07
 4  68  0  0  0  2  4.394834e-02  2.000000e-07
 14  77  1  1  0  2  3.229302e-01  2.000000e-07
 14  60  0  1  0  2  3.748283e-01  2.000000e-07
 14  63  1  0  0  2  2.794744e-01  2.000000e-07
 85  17  0  1  0  2  2.728067e-01  2.000000e-07
 85  62  0  1  0  2  2.857296e-01  2.000000e-07
 85  18  0  1  0  2  1.843797e-01  2.000000e-07
 60  61  0  0  0  2  2.188840e-01  2.000000e-07
 60  76  0  0  0  2  3.977689e-01  2.000000e-07
 60  18  0  0  0  2  2.578482e-01  2.000000e-07
 61  6  0  0  0  2  2.265883e-01  2.000000e-07
 61  76  0  0  0  2  1.830420e-01  2.000000e-07
 61  62  0  0  0  2  1.298888e-01  2.000000e-07
 61  68  0  0  0  2  1.314878e-01  2.000000e-07
 3  5  0  0  0  2  5.112616e-02  2.000000e-07
 6  62  0  0  0  2  3.370887e-01  2.000000e-07
 6  68  0  0  0  2  1.815133e-01  2.000000e-07
 76  5  0  0  0  2  2.010272e-01  2.000000e-07
 62  68  0  0  0  2  1.803885e-01  2.000000e-07
 63  5  0  0  0  2  3.372180e-01  2.000000e-07
 63  18  0  1  0  2  2.302535e-01  2.000000e-07
 18  68  0  0  0  2  2.810432e-01  2.000000e-07
 49  51  0  0  0  1  1.965621e-01  3.000000e-07
 49  65  0  0  0  1  2.624790e-01  3.000000e-07
 49  64  0  0  0  1  1.863878e-01  3.000000e-07
 49  58  0  0  0  1  1.354995e-01  3.000000e-07
 49  84  0  0  0  1  2.723907e-01  3.000000e-07
 49  67  0  0  0  1  1.807970e-01  3.000000e-07
 50  51  0  0  0  1  2.055130e-01  3.000000e-07
 50  12 -1  0  0  1  2.942641e-01  3.000000e-07
 50  83 -1  0  0  1  1.707160e-01  3.000000e-07
 50  84  0  0  0  1  2.754879e-01  3.000000e-07
 0  53  0  0  0  1  2.120053e-01  3.000000e-07
 0  56  0  0  0  1  1.547468e-01  3.000000e-07
 0  75  0  0  0  1  2.378721e-01  3.000000e-07
 0  66  0  0  0  1  1.178116e-01  3.000000e-07
 0  59  0  0  0  1  1.195890e-01  3.000000e-07
 0  61  0  0  0  1  5.988315e-02  3.000000e-07
 77  79  0  0  0  1  5.284432e-02  3.000000e-07
 77  85  0 -1  0  1  1.633561e-01  3.000000e-07
 77  63  0 -1  0  1  1.667882e-01  3.000000e-07
 77  18  0  0  0  1  1.688032e-01  3.000000e-07
 11  80  0  0  0  1  9.562332e-02  3.000000e-07
 11  10  0  0  0  1  8.217954e-02  3.000000e-07
 11  15  0  0  0  1  1.546562e-01  3.000000e-07
 11  9  0  0  0  1  8.066472e-02  3.000000e-07
 13  51  1  0  0  1  3.157091e-01  3.000000e-07
 13  78  0  1  0  1  1.789261e-01  3.000000e-07
 13  7  0  0  0  1  6.069061e-02  3.000000e-07
 13  10  0  0  0  1  1.444983e-01  3.000000e-07
 13  8  0  1  0  1  2.513644e-01  3.000000e-07
 13  14  0  0  0  1  5.172605e-02  3.000000e-07
 51  52  0  0  0  1  1.307765e-01  3.000000e-07
 51  80 -1  0  0  1  2.953437e-01  3.000000e-07
 51  10 -1  0  0  1  2.839023e-01  3.000000e-07
 51  64  0  0  0  1  5.785918e-02  3.000000e-07
 51  63  0  0  0  1  2.027126e-01  3.000000e-07
 78  7  0 -1  0  1  1.323935e-01  3.000000e-07
 78  79  1  0  0  1  1.215390e-01  3.000000e-07
 78  8  0  0  0  1  1.544633e-01  3.000000e-07
 73  55  0  0  0  1  8.975780e-02  3.000000e-07
 73  74  0  0  0  1  2.189633e-01  3.000000e-07
 73  12  0  0  0  1  2.594920e-01  3.000000e-07
 73  3  0  0  0  1  1.960327e-01  3.000000e-07
 73  6  0  0  0  1  1.086680e-01  3.000000e-07
 73  5  0  0  0  1  2.160457e-01  3.000000e-07
 52  54  0  0  0  1  1.770287e-01  3.000000e-07
 52  64  0  0  0  1  1.052828e-01  3.000000e-07
 52  85  0  0  0  1  1.811833e-01  3.000000e-07
 52  63  0  0  0  1  1.894837e-01  3.000000e-07
 52  5  0  0  0  1  1.477844e-01  3.000000e-07
 17  65  0  0  0  1  2.209312e-01  3.000000e-07
 17  79  0  0  0  1  1.341929e-01  3.000000e-07
 17  66  0  0  0  1  2.093568e-01  3.000000e-07
 17  84  0  0  0  1  7.657700e-02  3.000000e-07
 17  62  0  0  0  1  1.742403e-01  3.000000e-07
 17  18  0  0  0  1  1.812114e-01  3.000000e-07
 53  55  0  0  0  1  1.272627e-01  3.000000e-07
 53  75  0  0  0  1  2.114638e-01  3.000000e-07
 53  8  0  0  0  1  2.824082e-01  3.000000e-07
 53  61  0  0  0  1  2.353577e-01  3.000000e-07
 53  6  0  0  0  1  2.099420e-01  3.000000e-07
 65  66  0  0  0  1  1.204078e-01  3.000000e-07
 65  84  0  0  0  1  2.447580e-01  3.000000e-07
 65  67  0  0  0  1  1.797904e-01  3.000000e-07
 65  4  0  0  0  1  6.397466e-02  3.000000e-07
 54  56  0  1  0  1  2.754202e-01  3.000000e-07
 54  74  0  0  0  1  1.608480e-01  3.000000e-07
 54  57  0  1  0  1  2.610535e-01  3.000000e-07
 54  15  0  0  0  1  2.364604e-01  3.000000e-07
 54  59  0  1  0  1  2.655077e-01  3.000000e-07
 54  85  0  0  0  1  2.176838e-01  3.000000e-07
 54  60  0  1  0  1  2.772259e-01  3.000000e-07
 54  18  0  1  0  1  2.506164e-01  3.000000e-07
 55  12  0  0  0  1  2.242463e-01  3.000000e-07
 55  83  0  0  0  1  3.101092e-01  3.000000e-07
 56  75  0  0  0  1  1.820965e-01  3.000000e-07
 74  9  0  0  0  1  2.176368e-01  3.000000e-07
 74  5  0  0  0  1  2.353513e-01  3.000000e-07
 7  79  1  1  0  1  1.800629e-01  3.000000e-07
 7  63  1  0  0  1  2.013742e-01  3.000000e-07
 75  81  0 -1  0  1  3.443237e-01  3.000000e-07
 75  15  0 -1  0  1  3.311767e-01  3.000000e-07
 75  60  0  0  0  1  1.741676e-01  3.000000e-07
 79  82 -1  0  0  1  1.284969e-01  3.000000e-07
 80  50  1  0  0  1  3.156986e-01  3.000000e-07
 80  12  0  0  0  1  1.158980e-01  3.000000e-07
 80  9  0  0  0  1  8.561682e-02  3.000000e-07
 10  81  0  0  0  1  8.224673e-02  3.000000e-07
 10  14  0  0  0  1  1.024969e-01  3.000000e-07
 81  8  0  1  0  1  3.073060e-01  3.000000e-07
 81  15  0  0  0  1  1.736769e-01  3.000000e-07
 81  14  0  0  0  1  6.492066e-02  3.000000e-07
 8  82  0  0  0  1  1.430166e-01  3.000000e-07
 8  83  0  0  0  1  2.882977e-01  3.000000e-07
 12  83  0  0  0  1  2.475630e-01  3.000000e-07
 12  9  0  0  0  1  1.182564e-01  3.000000e-07
 64  58  0  0  0  1  1.273980e-01  3.000000e-07
 64  5  0  0  0  1  1.664211e-01  3.000000e-07
 57  66  0  0  0  1  1.298291e-01  3.000000e-07
 57  59  0  0  0  1  7.254624e-02  3.000000e-07
 57  62  0  0  0  1  7.839284e-02  3.000000e-07
 57  18  0  0  0  1  8.223599e-02  3.000000e-07
 82  83  0  0  0  1  2.965799e-01  3.000000e-07
 82  84  1  0  0  1  1.780429e-01  3.000000e-07
 15  60  0  1  0  1  2.548371e-01  3.000000e-07
 15  9  0  0  0  1  1.548838e-01  3.000000e-07
 66  59  0  0  0  1  1.521203e-01  3.000000e-07
 66  61  0  0  0  1  7.082249e-02  3.000000e-07
 66  62  0  0  0  1  7.048780e-02  3.000000e-07
 58  67  0  0  0  1  5.755012e-02  3.000000e-07
 58  3  0  0  0  1  1.309974e-01  3.000000e-07
 58  5  0  0  0  1  1.468157e-01  3.000000e-07
 83  84  1  0  0  1  2.517820e-01  3.000000e-07
 2  67  0  0  0  1  7.517679e-02  3.000000e-07
 2  3  0  0  0  1  8.503854e-02  3.000000e-07
 2  6  0  0  0  1  1.125921e-01  3.000000e-07
 2  76  0  0  0  1  6.658676e-02  3.000000e-07
 67  4  0  0  0  1  1.501041e-01  3.000000e-07
 67  3  0  0  0  1  9.470118e-02  3.000000e-07
 67  76  0  0  0  1  1.258427e-01  3.000000e-07
 4  61  0  0  0  1  1.524351e-01  3.000000e-07
 4  6  0  0  0  1  1.406906e-01  3.000000e-07
 14  8  0  1  0  1  2.758389e-01  3.000000e-07
 85  63  0  0  0  1  5.525467e-02  3.000000e-07
 61  6  0  0  0  1  2.265883e-01  3.000000e-07
 61  68  0  0  0  1  1.314878e-01  3.000000e-07
 3  5  0  0  0  1  5.112616e-02  3.000000e-07
 6  76  0  0  0  1  1.086950e-01  3.000000e-07
 62  18  0  0  0  1  1.033361e-01  3.000000e-07
 63  79  0  1  0  1  1.918330e-01  3.000000e-07
 18  85  0 -1  0  1  1.843797e-01  3.000000e-07
-3.416834e-02 -2.804501e-01  0
-8.491971e-02  2.997493e-01 -1.873781e-01
-1.602417e-01 -1.008368e-02  0
-1.549292e-01  7.478876e-02  0
-1.568665e-01 -1.135941e-01  0
-1.607708e-01  1.255801e-01  0
-4.849720e-02 -2.387264e-02  0
 4.403208e-01  4.443633e-01  0
 3.036490e-01 -3.603829e-01  0
 2.482870e-01  2.352211e-01  0
 3.528663e-01  2.665746e-01  0
 2.821472e-01  3.084350e-01  0
 2.847373e-01  1.227224e-01  0
 3.940622e-01  4.050761e-01  0
 3.570051e-01  3.689878e-01  0
 1.297804e-01  3.349466e-01  0
-2.480028e-01 -2.730109e-01  1.899054e-01
-3.552162e-01 -3.181074e-01  0
-2.140148e-01 -4.316844e-01  0
-2.591025e-01  4.242845e-01  1.942084e-01
-1.360225e-01  2.765723e-01 -4.077847e-01
 2.380937e-01  5.911401e-02 -1.838455e-01
-3.916713e-01 -9.946609e-03 -1.503487e-01
-4.100850e-01  3.041441e-01 -4.078345e-01
-2.761209e-01 -2.076628e-01 -2.553620e-01
-2.663821e-01  8.663645e-02 -1.677953e-01
-1.250812e-01 -1.645540e-01 -2.048436e-01
 1.902864e-01  4.184765e-01 -1.760570e-01
 2.214889e-01  1.007572e-01 -2.643277e-01
 4.034330e-01  3.244248e-01 -2.708358e-01
 1.751198e-01  2.210255e-01 -3.904143e-01
 2.430338e-01 -2.320785e-01  2.106200e-01
-4.021553e-01 -2.694325e-01  1.200487e-01
 3.565168e-01 -1.607372e-01  2.600402e-01
 2.135253e-01 -1.919523e-01  1.036535e-01
 3.334897e-01 -2.026197e-01  2.015160e-01
 4.345872e-01 -3.297976e-01  4.458309e-01
 2.983031e-01  1.872947e-01 -4.349280e-01
-4.279568e-01 -4.783421e-02  4.146353e-01
-1.069620e-01 -5.403558e-02  4.021562e-01
 7.875936e-02  3.732576e-01 -2.704738e-01
-3.856971e-01  2.706312e-02 -2.108242e-01
 3.211830e-01  3.094358e-01 -4.471072e-01
-2.725038e-01  1.576535e-01  2.320666e-01
 8.054104e-02  4.455511e-01  3.111458e-01
-3.509176e-01 -3.017201e-01  1.408937e-01
-3.935317e-01 -6.095654e-02  4.244981e-01
-1.533671e-01 -2.867773e-01  3.704986e-01
-4.327662e-01 -3.590342e-01  2.124154e-01
-4.100466e-01 -1.444575e-03  0
-4.477629e-01  1.043578e-04  0
-3.732962e-01  1.916514e-01  0
-2.524038e-01  2.415266e-01  0
 1.256408e-01 -1.411400e-01  0
-1.065779e-01  3.418958e-01  0
 1.078630e-01 -1.512507e-02  0
 3.223696e-02 -4.202246e-01  0
-1.385462e-01 -3.990155e-01  0
-2.819239e-01  4.265393e-02  0
-6.607561e-02 -3.957040e-01  0
 4.375131e-02 -4.251765e-01  0
-8.425153e-02 -2.476223e-01  0
-1.816610e-01 -3.335438e-01  0
-3.646582e-01  3.941799e-01  0
-3.228619e-01  1.632953e-01  0
-2.008832e-01 -1.600191e-01  0
-1.515007e-01 -2.698344e-01  0
-2.302303e-01  1.736002e-02  0
-1.758099e-01 -1.532502e-01  0
 9.552401e-02 -2.157993e-01  1.218185e-01
-1.964294e-01  2.590544e-01 -2.064944e-01
 7.273598e-02 -3.370622e-01 -3.823618e-01
 2.422575e-02  1.308231e-02 -3.745457e-01
 3.826600e-02  4.155574e-02  0
 3.211532e-02  2.604326e-01  0
 1.959834e-01 -3.405612e-01  0
-1.445286e-01 -7.478990e-02  0
-3.826130e-01 -4.400011e-01  0
 4.447104e-01 -4.233160e-01  0
-4.338029e-01 -4.268818e-01  0
 3.335836e-01  2.278241e-01  0
 3.034373e-01  3.323112e-01  0
 4.443233e-01 -3.861602e-01  0
 4.083514e-01 -9.176991e-02  0
-4.176234e-01 -2.737299e-01  0
-3.125111e-01  4.124491e-01  0
 2.912969e-01  2.024277e-01  2.343685e-01
 4.385108e-01 -4.129508e-01 -2.849714e-01
 1.832805e-01 -2.276244e-01 -1.395363e-01
 2.816977e-01  4.296771e-01  1.137759e-01