 708  90  1.200000e-05  75 -2 -2
 16  17  0  0  0  3  3.639866e-01  1.000000e-07
 16  50  0 -1  0  3  5.333727e-01  1.000000e-07
 16  42  0 -1  0  3  4.969762e-01  1.000000e-07
 16  43  0  0  0  3  2.129502e-01  1.000000e-07
 16  44  0  0  0  3  1.691929e-01  1.000000e-07
 16  45  0  0  1  3  5.197053e-01  1.000000e-07
 16  46  0  0  1  3  5.316226e-01  1.000000e-07
 29  47 -1  0  0  3  4.388539e-01  1.000000e-07
 29  31  0  0  0  3  1.991514e-01  1.000000e-07
 29  51  0  0  0  3  2.539099e-01  1.000000e-07
 29  36  0  0  0  3  1.804245e-01  1.000000e-07
 29  45  0  0  1  3  4.674791e-01  1.000000e-07
 29  39  0  0  1  3  4.941370e-01  1.000000e-07
 29  32  0  0  1  3  4.539516e-01  1.000000e-07
 29  40  0  0  1  3  3.610624e-01  1.000000e-07
 15  17  0  0  0  3  3.084420e-01  1.000000e-07
 15  77  1  0  0  3  5.180271e-01  1.000000e-07
 15  43  0  0  0  3  1.962237e-01  1.000000e-07
 15  51  1  0  0  3  4.131911e-01  1.000000e-07
 17  50  1 -1  0  3  5.217247e-01  1.000000e-07
 17  42  0 -1  0  3  4.566420e-01  1.000000e-07
 17  47  0  0  0  3  2.878842e-01  1.000000e-07
 17  43  0 -1  0  3  6.369831e-01  1.000000e-07
 17  51  1  0  0  3  2.508012e-01  1.000000e-07
 77  50  0  0  0  3  2.928238e-01  1.000000e-07
 77  47 -1  1  0  3  5.564326e-01  1.000000e-07
 77  31  0  0  0  3  3.839429e-01  1.000000e-07
 77  23  0  0  0  3  7.005956e-02  1.000000e-07
 77  43 -1  0  0  3  4.884035e-01  1.000000e-07
 77  36  0  0  0  3  2.391258e-01  1.000000e-07
 50  42  0  0  0  3  2.893374e-01  1.000000e-07
 50  24  0  0  0  3  3.411162e-01  1.000000e-07
 50  23  0  0  0  3  2.573521e-01  1.000000e-07
 50  51  0  1  0  3  4.390562e-01  1.000000e-07
 42  25  0  0  0  3  3.618431e-01  1.000000e-07
 42  47  0  1  0  3  3.308958e-01  1.000000e-07
 42  34  0  0  0  3  2.509777e-01  1.000000e-07
 42  30  0  1  0  3  3.087057e-01  1.000000e-07
 42  37  0  0  0  3  1.328849e-01  1.000000e-07
 42  46  0  1  1  3  4.075062e-01  1.000000e-07
 25  24  0  0  0  3  2.097894e-01  1.000000e-07
 25  23  0  0  0  3  3.461554e-01  1.000000e-07
 25  43  0  0  0  3  1.376188e-01  1.000000e-07
 25  44  0  0  0  3  2.570784e-01  1.000000e-07
 25  39  0  0  1  3  4.586610e-01  1.000000e-07
 24  23  0  0  0  3  1.787995e-01  1.000000e-07
 24  36  0  0  0  3  2.098211e-01  1.000000e-07
 24  44  0  0  0  3  2.250509e-01  1.000000e-07
 24  37  0  0  0  3  3.539756e-01  1.000000e-07
 24  39  0  0  1  3  4.305930e-01  1.000000e-07
 47  30  0  0  0  3  4.742640e-01  1.000000e-07
 47  43  0  0  0  3  5.251078e-01  1.000000e-07
 47  51  1  0  0  3  3.143297e-01  1.000000e-07
 47  35  1 -1  1  3  5.057467e-01  1.000000e-07
 47  48  0  0  1  3  3.901871e-01  1.000000e-07
 34  30  0  1  0  3  2.694967e-01  1.000000e-07
 34  23  0  0  0  3  2.810983e-01  1.000000e-07
 34  36  0  0  0  3  4.112581e-01  1.000000e-07
 34  37  0  0  0  3  2.219975e-01  1.000000e-07
 34  38  0  0  1  3  3.556514e-01  1.000000e-07
 34  39  0  0  1  3  3.974588e-01  1.000000e-07
 34  35  0  0  1  3  3.995513e-01  1.000000e-07
 34  27  0  0  1  3  3.460508e-01  1.000000e-07
 30  31  0  0  0  3  2.561287e-01  1.000000e-07
 30  51  0  0  0  3  3.761318e-01  1.000000e-07
 30  44  0  0  0  3  2.884484e-01  1.000000e-07
 30  37  0 -1  0  3  3.562288e-01  1.000000e-07
 30  46  0  0  1  3  3.833885e-01  1.000000e-07
 30  33  0  0  1  3  2.439677e-01  1.000000e-07
 31  51  0  0  0  3  2.795020e-01  1.000000e-07
 31  36  0  0  0  3  2.187147e-01  1.000000e-07
 31  44  0  0  0  3  1.176569e-01  1.000000e-07
 31  45  0  0  1  3  4.900176e-01  1.000000e-07
 31  39  0  0  1  3  5.141623e-01  1.000000e-07
 23  36  0  0  0  3  2.255941e-01  1.000000e-07
 23  35  0  0  1  3  3.877339e-01  1.000000e-07
 43  51  1  0  0  3  4.899670e-01  1.000000e-07
 43  37  0  0  0  3  3.676157e-01  1.000000e-07
 43  20  0  0  1  3  4.982758e-01  1.000000e-07
 36  39  0  0  1  3  4.936403e-01  1.000000e-07
 36  35  0  0  1  3  3.010308e-01  1.000000e-07
 36  49 -1  0  1  3  4.387735e-01  1.000000e-07
 44  39  0  0  1  3  4.978081e-01  1.000000e-07
 44  46  0  0  1  3  5.106297e-01  1.000000e-07
 37  39  0  0  1  3  2.550109e-01  1.000000e-07
 37  27  0  0  1  3  4.178625e-01  1.000000e-07
 37  40  0  1  1  3  3.806026e-01  1.000000e-07
 38  26  0  0  0  3  3.782266e-01  1.000000e-07
 38  21  0  1  0  3  3.433061e-01  1.000000e-07
 38  46  0  1  0  3  3.218780e-01  1.000000e-07
 38  19  0  1  0  3  3.453507e-01  1.000000e-07
 38  20  0  0  0  3  2.502049e-01  1.000000e-07
 38  27  0  0  0  3  3.313667e-01  1.000000e-07
 38  22  0  0  0  3  2.953679e-01  1.000000e-07
 38  40  0  1  0  3  2.701697e-01  1.000000e-07
 26  45  0  0  0  3  4.870372e-01  1.000000e-07
 26  78  0  0  0  3  1.890356e-01  1.000000e-07
 26  89  0  0  0  3  3.527766e-01  1.000000e-07
 26  32  0  1  0  3  5.386972e-01  1.000000e-07
 26  28  0  0  0  3  3.229524e-01  1.000000e-07
 18  45  0  0  0  3  1.682383e-01  1.000000e-07
 18  89  0  0  0  3  4.256037e-01  1.000000e-07
 18  21  0  0  0  3  1.032673e-01  1.000000e-07
 18  46  0  0  0  3  1.370391e-01  1.000000e-07
 18  49  0  0  0  3  4.105053e-01  1.000000e-07
 18  22  0  0  0  3  4.172509e-01  1.000000e-07
 18  48  0  0  0  3  1.929343e-01  1.000000e-07
 18  40  0  0  0  3  2.984054e-01  1.000000e-07
 45  46  0  0  0  3  2.408202e-01  1.000000e-07
 45  22  0  0  0  3  3.004856e-01  1.000000e-07
 45  28  0  0  0  3  3.233729e-01  1.000000e-07
 45  40  0  0  0  3  3.210125e-01  1.000000e-07
 78  89  0  0  0  3  4.005464e-01  1.000000e-07
 78  35  0  0  0  3  2.548549e-01  1.000000e-07
 78  19 -1  1  0  3  5.442160e-01  1.000000e-07
 78  49 -1  0  0  3  2.897159e-01  1.000000e-07
 78  48 -1  1  0  3  5.090760e-01  1.000000e-07
 78  28  0  0  0  3  3.630997e-01  1.000000e-07
 39  22  0  0  0  3  2.050367e-01  1.000000e-07
 89  33  0  0  0  3  3.394569e-01  1.000000e-07
 21  46  0  0  0  3  1.656863e-01  1.000000e-07
 21  19  0  0  0  3  9.040887e-02  1.000000e-07
 21  48  0  0  0  3  1.707880e-01  1.000000e-07
 21  40  0  0  0  3  3.089062e-01  1.000000e-07
 35  27  0  0  0  3  2.537039e-01  1.000000e-07
 35  28  0  0  0  3  3.665618e-01  1.000000e-07
 35  41 -1  0  0  3  2.009545e-01  1.000000e-07
 46  20  0 -1  0  3  3.081535e-01  1.000000e-07
 19  20  0 -1  0  3  3.481493e-01  1.000000e-07
 19  41  0 -1  0  3  4.375059e-01  1.000000e-07
 49  32  1  0  0  3  4.436924e-01  1.000000e-07
 49  20  0  0  0  3  3.453623e-01  1.000000e-07
 49  22  0  0  0  3  2.348253e-01  1.000000e-07
 49  48  0  0  0  3  4.338132e-01  1.000000e-07
 49  28  1  0  0  3  4.060124e-01  1.000000e-07
 49  41  0  0  0  3  2.235626e-01  1.000000e-07
 32  33  0  0  0  3  3.107451e-01  1.000000e-07
 32  27  0 -1  0  3  4.295728e-01  1.000000e-07
 32  48 -1  0  0  3  2.748714e-01  1.000000e-07
 32  28  0  0  0  3  3.127609e-01  1.000000e-07
 32  40  0  0  0  3  4.087928e-01  1.000000e-07
 32  41 -1 -1  0  3  4.899686e-01  1.000000e-07
 20  37  0  0 -1  3  2.858607e-01  1.000000e-07
 20  22  0  0  0  3  2.666485e-01  1.000000e-07
 20  48  0  1  0  3  3.343071e-01  1.000000e-07
 20  41  0  0  0  3  1.892113e-01  1.000000e-07
 33  35  0 -1  0  3  4.802010e-01  1.000000e-07
 33  27  0 -1  0  3  3.181053e-01  1.000000e-07
 33  48 -1  0  0  3  4.277961e-01  1.000000e-07
 33  28  0  0  0  3  3.454341e-01  1.000000e-07
 33  40  0  0  0  3  2.319107e-01  1.000000e-07
 33  41 -1 -1  0  3  4.338183e-01  1.000000e-07
 27  28  0  0  0  3  4.130378e-01  1.000000e-07
 27  40  0  1  0  3  3.830527e-01  1.000000e-07
 27  41 -1  0  0  3  2.793719e-01  1.000000e-07
 22  41  0  0  0  3  2.746499e-01  1.000000e-07
 48  29  1  0 -1  3  5.508793e-01  1.000000e-07
 48  41  0 -1  0  3  4.032551e-01  1.000000e-07
 28  40  0  0  0  3  3.366932e-01  1.000000e-07
 17  64  0  0  0  3  1.455944e-01  1.000000e-07
 83  19  0  0  0  3  1.643062e-01  1.000000e-07
 23  62  0  0  0  3  2.165507e-01  1.000000e-07
 57  26  0  0  0  3  1.147527e-01  1.000000e-07
 25  55  0  0  0  3  2.723001e-01  1.000000e-07
 61  26  0  0  0  3  1.597466e-01  1.000000e-07
 15  84  0  0  0  3  1.348377e-01  1.000000e-07
 66  48  0  0  0  3  2.902143e-01  1.000000e-07
 44  82  0  0  0  3  2.788800e-01  1.000000e-07
 14  89  0  0  0  3  2.041870e-01  1.000000e-07
 24  74  0  0  0  3  2.986911e-01  1.000000e-07
 76  89  0  0  0  3  2.123808e-01  1.000000e-07
 24  62  0  0  0  3  2.826436e-01  1.000000e-07
 57  26  0  0  0  3  1.222504e-01  1.000000e-07
 15  66  0  0  0  3  1.382741e-01  1.000000e-07
 84  21  0  0  0  3  2.396325e-01  1.000000e-07
 25  74  0  0  0  3  2.762955e-01  1.000000e-07
 14  89  0  0  0  3  2.664646e-01  1.000000e-07
 17  70  0 -1  0  3  2.104061e-01  1.000000e-07
 56  22  0  0  0  3  4.266433e-01  1.000000e-07
 77  11  0  0  0  3  1.897443e-01  1.000000e-07
 62  78  0  0  0  3  1.998192e-01  1.000000e-07
 31  82  0  0  0  3  2.915037e-01  1.000000e-07
 63  89  0  0  0  3  1.892340e-01  1.000000e-07
 15  79  0  0  0  3  1.237928e-01  1.000000e-07
 73  22  0  0  0  3  2.996825e-01  1.000000e-07
 50  57  0  0  0  3  2.591080e-01  1.000000e-07
 11  78  0  0  0  3  2.421933e-01  1.000000e-07
 25  59  0  0  0  3  3.703009e-01  1.000000e-07
 53  19  0  1  0  3  2.594762e-01  1.000000e-07
 51  63  0  0  0  3  2.712479e-01  1.000000e-07
 3  89  0  0  0  3  2.049027e-01  1.000000e-07
 15  79  0  0  0  3  1.148188e-01  1.000000e-07
 81  49  0  0  0  3  3.723738e-01  1.000000e-07
 15  84  0  0  0  3  1.667198e-01  1.000000e-07
 83  19  0  0  0  3  2.246239e-01  1.000000e-07
 16  83  0  0  0  3  2.450956e-01  1.000000e-07
 84  19  0  0  0  3  1.852951e-01  1.000000e-07
 44  52  0  0  0  3  3.086595e-01  1.000000e-07
 69  21  0  0  0  3  2.112046e-01  1.000000e-07
 50  71  0  1  0  3  3.078912e-01  1.000000e-07
 65  21  0  0  0  3  2.551772e-01  1.000000e-07
 16  66  0  0  0  3  1.888095e-01  1.000000e-07
 52  18  0  0  0  3  2.442017e-01  1.000000e-07
 77  72  0  0  0  3  2.509744e-01  1.000000e-07
 76  89  0  0  0  3  2.507541e-01  1.000000e-07
 60  53  0  0  0  2  1.646150e-01  2.000000e-07
 60  79  0  0  0  2  1.619768e-01  2.000000e-07
 60  54  0  0  0  2  2.462590e-01  2.000000e-07
 60  87  0  0  0  2  2.846992e-01  2.000000e-07
 60  81  0  0  0  2  1.423772e-01  2.000000e-07
 60  84  0  1  0  2  5.968124e-01  2.000000e-07
 60  72  1  0  0  2  3.780492e-01  2.000000e-07
 60  10  0  0  0  2  7.870160e-02  2.000000e-07
 60  86  0  0  0  2  2.344957e-01  2.000000e-07
 60  66  0  0  0  2  3.544856e-01  2.000000e-07
 60  7  0  0  0  2  3.236874e-01  2.000000e-07
 60  67  0  0  0  2  4.437810e-01  2.000000e-07
 60  88  0  0  0  2  1.592533e-01  2.000000e-07
 60  61  0  0  0  2  3.236914e-01  2.000000e-07
 60  70  0  0  0  2  3.121827e-01  2.000000e-07
 0  4  1  0  0  2  1.717798e-01  2.000000e-07
 0  64  0  0  0  2  1.163945e-01  2.000000e-07
 0  87  0  0  0  2  1.600020e-01  2.000000e-07
 0  82  1  0  0  2  3.720866e-01  2.000000e-07
 0  83  0  0  0  2  1.554996e-01  2.000000e-07
 0  84  0  0  0  2  1.520510e-01  2.000000e-07
 0  2  0  0  0  2  7.017380e-02  2.000000e-07
 0  1  0  0  0  2  8.499121e-02  2.000000e-07
 0  66  0  0  0  2  2.253003e-01  2.000000e-07
 0  70  0 -1  0  2  3.092402e-01  2.000000e-07
 0  69  0  0  0  2  3.573977e-01  2.000000e-07
 53  65  0  1  0  2  4.001393e-01  2.000000e-07
 53  79  0  0  0  2  2.886857e-01  2.000000e-07
 53  85  1  0  0  2  3.888856e-01  2.000000e-07
 53  87  0  0  0  2  4.449579e-01  2.000000e-07
 53  84  0  1  0  2  4.782849e-01  2.000000e-07
 53  56  0  0  0  2  1.057775e-01  2.000000e-07
 53  66  0  0  0  2  4.690697e-01  2.000000e-07
 53  66  0  1  0  2  5.317671e-01  2.000000e-07
 53  7  0  0  0  2  2.172961e-01  2.000000e-07
 53  67  0  0  0  2  2.815982e-01  2.000000e-07
 53  52  0  1  0  2  4.842020e-01  2.000000e-07
 53  58  0  0  0  2  1.640911e-01  2.000000e-07
 53  6  0  0  0  2  1.019701e-01  2.000000e-07
 53  61  0  0  0  2  2.190037e-01  2.000000e-07
 53  70  0  0  0  2  2.987867e-01  2.000000e-07
 53  69  0  1  0  2  4.695574e-01  2.000000e-07
 3  0 -1  0  0  2  2.378643e-01  2.000000e-07
 3  65  0  0  0  2  3.178850e-01  2.000000e-07
 3  4  0  0  0  2  9.915105e-02  2.000000e-07
 3  87 -1  0  0  2  2.847748e-01  2.000000e-07
 3  82  0  0  0  2  1.529573e-01  2.000000e-07
 3  2 -1  0  0  2  2.934408e-01  2.000000e-07
 3  72  0  0  0  2  2.350034e-01  2.000000e-07
 3  1 -1  0  0  2  2.749651e-01  2.000000e-07
 3  86 -1  0  0  2  3.190043e-01  2.000000e-07
 3  63  0  0  0  2  1.097016e-01  2.000000e-07
 3  68  0  0  0  2  2.773968e-01  2.000000e-07
 65  71  0  0  0  2  6.647467e-02  2.000000e-07
 65  4  0  0  0  2  3.568331e-01  2.000000e-07
 65  85  0 -1  0  2  4.395163e-01  2.000000e-07
 65  13  0  0  0  2  3.038010e-01  2.000000e-07
 65  80  0  0  0  2  2.697426e-01  2.000000e-07
 65  82  0  0  0  2  3.095412e-01  2.000000e-07
 65  62  0 -1  0  2  4.475960e-01  2.000000e-07
 65  5  0 -1  0  2  3.393000e-01  2.000000e-07
 65  57  0 -1  0  2  3.373837e-01  2.000000e-07
 65  66  0  0  0  2  3.626327e-01  2.000000e-07
 65  7  0 -1  0  2  3.645785e-01  2.000000e-07
 65  67  0 -1  0  2  1.385588e-01  2.000000e-07
 65  52  0  0  0  2  2.204205e-01  2.000000e-07
 65  6  0 -1  0  2  3.112565e-01  2.000000e-07
 65  68  0  0  0  2  1.510091e-01  2.000000e-07
 65  70 -1 -1  0  2  5.034509e-01  2.000000e-07
 65  69  0  0  0  2  2.024699e-01  2.000000e-07
 71  64  0  0  0  2  3.608337e-01  2.000000e-07
 71  85  0 -1  0  2  4.775917e-01  2.000000e-07
 71  80  0  0  0  2  3.360147e-01  2.000000e-07
 71  74  0  0  0  2  4.282117e-01  2.000000e-07
 71  82  0  0  0  2  3.638132e-01  2.000000e-07
 71  83  0  0  0  2  3.220461e-01  2.000000e-07
 71  55  0 -1  0  2  3.221787e-01  2.000000e-07
 71  57  0 -1  0  2  3.393164e-01  2.000000e-07
 71  59  0 -1  0  2  2.520369e-01  2.000000e-07
 71  52  0  0  0  2  2.083398e-01  2.000000e-07
 71  14  0  0  0  2  3.650961e-01  2.000000e-07
 71  6  0 -1  0  2  2.601297e-01  2.000000e-07
 71  69  0  0  0  2  1.895299e-01  2.000000e-07
 79  73  0  0  0  2  6.381545e-02  2.000000e-07
 79  85  1  0  0  2  4.545671e-01  2.000000e-07
 79  87  0  0  0  2  1.892116e-01  2.000000e-07
 79  13  0  0  0  2  2.614909e-01  2.000000e-07
 79  83  0  0  0  2  2.764206e-01  2.000000e-07
 79  12  0  0  0  2  2.093846e-01  2.000000e-07
 79  1  0  0  0  2  2.294308e-01  2.000000e-07
 79  8  0  0  0  2  2.087026e-01  2.000000e-07
 79  9  0  0  0  2  1.715060e-01  2.000000e-07
 79  66  0  0  0  2  1.925504e-01  2.000000e-07
 79  14  0  0  0  2  3.220148e-01  2.000000e-07
 79  58  0  0  0  2  2.162809e-01  2.000000e-07
 79  69  0  0  0  2  3.268254e-01  2.000000e-07
 54  74  0  0  0  2  2.336823e-01  2.000000e-07
 54  81  0  0  0  2  3.049002e-01  2.000000e-07
 54  55  0  0  0  2  1.505776e-01  2.000000e-07
 54  75  0  0  0  2  1.286131e-01  2.000000e-07
 54  10  0  0  0  2  1.977142e-01  2.000000e-07
 54  59  0  0  0  2  1.812216e-01  2.000000e-07
 54  9  0  0  0  2  1.047066e-01  2.000000e-07
 54  66  0  0  0  2  3.885981e-01  2.000000e-07
 54  63  0  0  0  2  4.695343e-01  2.000000e-07
 54  67  0  0  0  2  2.962843e-01  2.000000e-07
 54  88  0  0  0  2  3.896365e-01  2.000000e-07
 54  52  0  0  0  2  4.165987e-01  2.000000e-07
 54  61  0  0  0  2  8.873269e-02  2.000000e-07
 4  64 -1  0  0  2  2.505930e-01  2.000000e-07
 4  80  0  0  0  2  8.709107e-02  2.000000e-07
 4  80  0  0  0  2  8.709107e-02  2.000000e-07
 4  82  0  0  0  2  2.520718e-01  2.000000e-07
 4  2 -1  0  0  2  2.384767e-01  2.000000e-07
 4  62  0 -1  0  2  5.567281e-01  2.000000e-07
 4  1 -1  0  0  2  2.339359e-01  2.000000e-07
 4  63  0  0  0  2  2.061979e-01  2.000000e-07
 4  67  0 -1  0  2  4.457552e-01  2.000000e-07
 4  68  0  0  0  2  3.530349e-01  2.000000e-07
 4  70 -1 -1  0  2  2.920592e-01  2.000000e-07
 64  85  1 -1  0  2  4.119275e-01  2.000000e-07
 64  87  0  0  0  2  2.513394e-01  2.000000e-07
 64  80  1  0  0  2  3.323479e-01  2.000000e-07
 64  82  1  0  0  2  4.799786e-01  2.000000e-07
 64  83  0  0  0  2  9.747971e-02  2.000000e-07
 64  84  0  0  0  2  1.169693e-01  2.000000e-07
 64  12  0  0  0  2  3.892647e-01  2.000000e-07
 64  1  0  0  0  2  1.682347e-01  2.000000e-07
 64  86  0  0  0  2  3.013415e-01  2.000000e-07
 64  56  0 -1  0  2  3.879280e-01  2.000000e-07
 64  59  0 -1  0  2  3.911040e-01  2.000000e-07
 64  88  0 -1  0  2  4.304280e-01  2.000000e-07
 64  6  0 -1  0  2  4.123756e-01  2.000000e-07
 64  70  0 -1  0  2  2.539037e-01  2.000000e-07
 64  69  0  0  0  2  2.836870e-01  2.000000e-07
 73  13  0  0  0  2  2.004483e-01  2.000000e-07
 73  74  0  0  0  2  2.995355e-01  2.000000e-07
 73  83  0  0  0  2  2.389379e-01  2.000000e-07
 73  84  0  0  0  2  2.122512e-01  2.000000e-07
 73  12  0  0  0  2  2.630606e-01  2.000000e-07
 73  75  0  0  0  2  1.363166e-01  2.000000e-07
 73  10  0  0  0  2  1.512488e-01  2.000000e-07
 73  86  0  0  0  2  1.989283e-01  2.000000e-07
 73  8  0  0  0  2  2.724607e-01  2.000000e-07
 73  9  0  0  0  2  1.901382e-01  2.000000e-07
 73  76  0  0  0  2  3.233194e-01  2.000000e-07
 73  52  0  0  0  2  2.457267e-01  2.000000e-07
 73  14  0  0  0  2  2.686939e-01  2.000000e-07
 73  58  0  0  0  2  2.221325e-01  2.000000e-07
 73  69  0  0  0  2  2.642983e-01  2.000000e-07
 85  4  0  1  0  2  3.658301e-01  2.000000e-07
 85  87 -1  0  0  2  4.549651e-01  2.000000e-07
 85  80  0  1  0  2  3.535962e-01  2.000000e-07
 85  82  0  1  0  2  5.684851e-01  2.000000e-07
 85  72  0  0  0  2  3.384862e-01  2.000000e-07
 85  62  0  0  0  2  2.545993e-01  2.000000e-07
 85  11  0  0  0  2  1.864981e-01  2.000000e-07
 85  56 -1  0  0  2  2.859753e-01  2.000000e-07
 85  57  0  0  0  2  2.557015e-01  2.000000e-07
 85  8 -1  0  0  2  2.466016e-01  2.000000e-07
 85  88 -1  0  0  2  1.652306e-01  2.000000e-07
 85  70 -1  0  0  2  1.664760e-01  2.000000e-07
 87  81  0  0  0  2  1.538254e-01  2.000000e-07
 87  82  1  0  0  2  3.650690e-01  2.000000e-07
 87  83  0  0  0  2  2.258250e-01  2.000000e-07
 87  12  0  0  0  2  1.381020e-01  2.000000e-07
 87  72  1  0  0  2  2.401806e-01  2.000000e-07
 87  1  0  0  0  2  8.322769e-02  2.000000e-07
 87  11  1  0  0  2  3.960712e-01  2.000000e-07
 87  86  0  0  0  2  5.355149e-02  2.000000e-07
 87  8  0  0  0  2  2.415362e-01  2.000000e-07
 87  66  0  0  0  2  2.194342e-01  2.000000e-07
 87  70  0  0  0  2  5.335059e-01  2.000000e-07
 13  62  0  0  0  2  3.841887e-01  2.000000e-07
 13  66  0  0  0  2  1.926779e-01  2.000000e-07
 13  14  0  0  0  2  9.809165e-02  2.000000e-07
 13  58  0  0  0  2  2.835066e-01  2.000000e-07
 13  68  0  0  0  2  1.638970e-01  2.000000e-07
 13  69  0  0  0  2  1.430057e-01  2.000000e-07
 80  74  0  0  0  2  3.989723e-01  2.000000e-07
 80  82  0  0  0  2  2.186325e-01  2.000000e-07
 80  84 -1  0  0  2  4.092341e-01  2.000000e-07
 80  12 -1  0  0  2  4.184888e-01  2.000000e-07
 80  2 -1  0  0  2  3.251382e-01  2.000000e-07
 80  55  0 -1  0  2  4.872088e-01  2.000000e-07
 80  86 -1  0  0  2  3.894189e-01  2.000000e-07
 80  57  0 -1  0  2  4.281996e-01  2.000000e-07
 80  63  0  0  0  2  1.636351e-01  2.000000e-07
 80  67  0 -1  0  2  3.625813e-01  2.000000e-07
 80  88 -1 -1  0  2  4.859419e-01  2.000000e-07
 80  76  0  0  0  2  4.147596e-01  2.000000e-07
 80  52  0  0  0  2  4.122265e-01  2.000000e-07
 80  14  0  0  0  2  3.762630e-01  2.000000e-07
 74  83  0  0  0  2  4.395591e-01  2.000000e-07
 74  12 -1  0  0  2  4.500969e-01  2.000000e-07
 74  55  0  0  0  2  2.646797e-01  2.000000e-07
 74  72  0  0  0  2  2.752621e-01  2.000000e-07
 74  75  0  0  0  2  2.224522e-01  2.000000e-07
 74  11  0  0  0  2  2.917141e-01  2.000000e-07
 74  86 -1  0  0  2  5.035986e-01  2.000000e-07
 74  63  0  0  0  2  2.359909e-01  2.000000e-07
 74  76  0  0  0  2  3.815324e-02  2.000000e-07
 74  52  0  0  0  2  2.808991e-01  2.000000e-07
 74  14  0  0  0  2  6.688654e-02  2.000000e-07
 74  61  0  0  0  2  2.491915e-01  2.000000e-07
 81  84  0  0  0  2  2.662496e-01  2.000000e-07
 81  2  0  0  0  2  2.406182e-01  2.000000e-07
 81  72  1  0  0  2  3.211473e-01  2.000000e-07
 81  75  0  0  0  2  2.009668e-01  2.000000e-07
 81  10  0  0  0  2  1.174966e-01  2.000000e-07
 81  1  0  0  0  2  2.133684e-01  2.000000e-07
 81  86  0  0  0  2  1.133090e-01  2.000000e-07
 81  66  0  0  0  2  2.281467e-01  2.000000e-07
 81  52  0  0  0  2  3.586424e-01  2.000000e-07
 81  61  0  0  0  2  3.931846e-01  2.000000e-07
 82  12 -1  0  0  2  3.570791e-01  2.000000e-07
 82  72  0  0  0  2  1.940853e-01  2.000000e-07
 82  62  0  0  0  2  3.098335e-01  2.000000e-07
 82  11  0  0  0  2  3.325411e-01  2.000000e-07
 82  76  0  0  0  2  1.968950e-01  2.000000e-07
 82  14  0  0  0  2  1.802044e-01  2.000000e-07
 82  68  0  0  0  2  1.995951e-01  2.000000e-07
 82  69  0  0  0  2  3.130531e-01  2.000000e-07
 83  84  0  0  0  2  2.899171e-02  2.000000e-07
 83  12  0  0  0  2  3.591442e-01  2.000000e-07
 83  1  0  0  0  2  1.547457e-01  2.000000e-07
 83  86  0  0  0  2  2.659223e-01  2.000000e-07
 83  59  0 -1  0  2  4.162386e-01  2.000000e-07
 83  67  0 -1  0  2  4.076822e-01  2.000000e-07
 83  52  0  0  0  2  1.966067e-01  2.000000e-07
 83  14  0  0  0  2  3.804284e-01  2.000000e-07
 83  69  0  0  0  2  2.026651e-01  2.000000e-07
 84  2  0  0  0  2  1.000966e-01  2.000000e-07
 84  75  0  0  0  2  3.411471e-01  2.000000e-07
 84  10  0  0  0  2  3.528372e-01  2.000000e-07
 84  86  0  0  0  2  2.398248e-01  2.000000e-07
 84  66  0  0  0  2  8.551348e-02  2.000000e-07
 84  67  0 -1  0  2  4.301531e-01  2.000000e-07
 84  88  0 -1  0  2  5.407470e-01  2.000000e-07
 84  52  0  0  0  2  1.984783e-01  2.000000e-07
 84  70  0 -1  0  2  3.699595e-01  2.000000e-07
 12  55  1  0  0  2  5.092025e-01  2.000000e-07
 12  10  0  0  0  2  2.376450e-01  2.000000e-07
 12  11  1  0  0  2  2.758630e-01  2.000000e-07
 12  86  0  0  0  2  9.339472e-02  2.000000e-07
 12  8  0  0  0  2  1.237133e-01  2.000000e-07
 12  63  1  0  0  2  3.733237e-01  2.000000e-07
 12  88  0  0  0  2  2.136508e-01  2.000000e-07
 12  76  1  0  0  2  4.283786e-01  2.000000e-07
 2  72  1  0  0  2  3.387858e-01  2.000000e-07
 2  1  0  0  0  2  4.324902e-02  2.000000e-07
 2  86  0  0  0  2  1.742101e-01  2.000000e-07
 2  63  1  0  0  2  3.926449e-01  2.000000e-07
 2  88  0 -1  0  2  5.472738e-01  2.000000e-07
 2  70  0 -1  0  2  3.611323e-01  2.000000e-07
 55  72  0  0  0  2  3.852790e-01  2.000000e-07
 55  75  0  0  0  2  2.715146e-01  2.000000e-07
 55  11  0  0  0  2  2.384546e-01  2.000000e-07
 55  86 -1  0  0  2  5.929379e-01  2.000000e-07
 55  57  0  0  0  2  9.799000e-02  2.000000e-07
 55  59  0  0  0  2  2.104350e-01  2.000000e-07
 55  9  0  0  0  2  2.533943e-01  2.000000e-07
 55  67  0  0  0  2  2.101418e-01  2.000000e-07
 55  88 -1  0  0  2  4.877914e-01  2.000000e-07
 55  76  0  0  0  2  2.338168e-01  2.000000e-07
 55  58  0  0  0  2  1.996175e-01  2.000000e-07
 55  61  0  0  0  2  6.278312e-02  2.000000e-07
 72  62  0  0  0  2  2.255316e-01  2.000000e-07
 72  1 -1  0  0  2  2.979351e-01  2.000000e-07
 72  11  0  0  0  2  1.971280e-01  2.000000e-07
 72  86 -1  0  0  2  2.306176e-01  2.000000e-07
 72  63  0  0  0  2  2.257815e-01  2.000000e-07
 72  88 -1  0  0  2  3.204026e-01  2.000000e-07
 72  68  0  0  0  2  3.928739e-01  2.000000e-07
 72  61  0  0  0  2  4.153617e-01  2.000000e-07
 72  70 -1  0  0  2  4.785211e-01  2.000000e-07
 75  10  0  0  0  2  1.279157e-01  2.000000e-07
 75  9  0  0  0  2  8.509176e-02  2.000000e-07
 75  76  0  0  0  2  2.325190e-01  2.000000e-07
 75  52  0  0  0  2  3.103258e-01  2.000000e-07
 62  11  0  0  0  2  8.375245e-02  2.000000e-07
 62  5  0  0  0  2  3.153528e-01  2.000000e-07
 62  57  0  0  0  2  1.111294e-01  2.000000e-07
 62  7  0  0  0  2  2.124380e-01  2.000000e-07
 62  63  0  0  0  2  3.646750e-01  2.000000e-07
 62  67  0  0  0  2  3.434594e-01  2.000000e-07
 62  88 -1  0  0  2  3.501764e-01  2.000000e-07
 62  76  0  0  0  2  1.886360e-01  2.000000e-07
 62  14  0  0  0  2  2.930249e-01  2.000000e-07
 62  58  0  0  0  2  3.196830e-01  2.000000e-07
 62  68  0  0  0  2  4.569839e-01  2.000000e-07
 62  61  0  0  0  2  2.107223e-01  2.000000e-07
 62  70 -1  0  0  2  4.210098e-01  2.000000e-07
 10  86  0  0  0  2  2.291455e-01  2.000000e-07
 10  56  0  0  0  2  1.764572e-01  2.000000e-07
 10  8  0  0  0  2  1.763572e-01  2.000000e-07
 10  59  0  0  0  2  2.668998e-01  2.000000e-07
 10  9  0  0  0  2  9.311135e-02  2.000000e-07
 10  88  0  0  0  2  2.369262e-01  2.000000e-07
 1  86  0  0  0  2  1.346966e-01  2.000000e-07
 1  66  0  0  0  2  1.815177e-01  2.000000e-07
 1  69  0  0  0  2  3.369165e-01  2.000000e-07
 11  57  0  0  0  2  1.581411e-01  2.000000e-07
 11  8 -1  0  0  2  2.849484e-01  2.000000e-07
 11  88 -1  0  0  2  2.666395e-01  2.000000e-07
 11  76  0  0  0  2  2.554631e-01  2.000000e-07
 86  63  1  0  0  2  3.826391e-01  2.000000e-07
 86  88  0  0  0  2  2.886143e-01  2.000000e-07
 56  5  0  0  0  2  2.241662e-01  2.000000e-07
 56  8  0  0  0  2  1.767283e-01  2.000000e-07
 56  59  0  0  0  2  1.963771e-01  2.000000e-07
 56  9  0  0  0  2  1.968409e-01  2.000000e-07
 56  88  0  0  0  2  1.432819e-01  2.000000e-07
 56  58  0  0  0  2  2.347922e-01  2.000000e-07
 56  6  0  0  0  2  2.051604e-01  2.000000e-07
 56  70  0  0  0  2  2.208289e-01  2.000000e-07
 5  71  0  1  0  2  2.946156e-01  2.000000e-07
 5  57  0  0  0  2  2.456286e-01  2.000000e-07
 5  59  0  0  0  2  7.347139e-02  2.000000e-07
 5  7  0  0  0  2  1.049604e-01  2.000000e-07
 5  58  0  0  0  2  1.320053e-01  2.000000e-07
 5  6  0  0  0  2  5.244880e-02  2.000000e-07
 57  59  0  0  0  2  2.946501e-01  2.000000e-07
 57  7  0  0  0  2  1.596016e-01  2.000000e-07
 57  76  0  0  0  2  2.581745e-01  2.000000e-07
 57  14  0  0  0  2  3.606963e-01  2.000000e-07
 57  58  0  0  0  2  2.940856e-01  2.000000e-07
 57  6  0  0  0  2  2.771209e-01  2.000000e-07
 8  88  0  0  0  2  1.017696e-01  2.000000e-07
 59  84  0  1  0  2  4.443459e-01  2.000000e-07
 59  9  0  0  0  2  2.056130e-01  2.000000e-07
 59  67  0  0  0  2  1.840470e-01  2.000000e-07
 59  88  0  0  0  2  3.391525e-01  2.000000e-07
 59  58  0  0  0  2  1.920871e-01  2.000000e-07
 59  6  0  0  0  2  2.138075e-02  2.000000e-07
 9  76  0  0  0  2  2.882101e-01  2.000000e-07
 9  58  0  0  0  2  5.621435e-02  2.000000e-07
 66  7  0  0  0  2  4.707372e-01  2.000000e-07
 66  52  0  0  0  2  1.507368e-01  2.000000e-07
 66  58  0  0  0  2  3.531212e-01  2.000000e-07
 66  68  0  0  0  2  2.846549e-01  2.000000e-07
 66  61  0  0  0  2  4.679556e-01  2.000000e-07
 66  70  0 -1  0  2  4.525957e-01  2.000000e-07
 66  69  0  0  0  2  1.652529e-01  2.000000e-07
 7  63  0  0  0  2  4.784477e-01  2.000000e-07
 7  67  0  0  0  2  2.276842e-01  2.000000e-07
 7  58  0  0  0  2  1.386597e-01  2.000000e-07
 7  6  0  0  0  2  1.524326e-01  2.000000e-07
 7  68  0  0  0  2  4.902997e-01  2.000000e-07
 7  61  0  0  0  2  3.689989e-03  2.000000e-07
 63  67  0 -1  0  2  4.043952e-01  2.000000e-07
 63  52  0  0  0  2  3.167686e-01  2.000000e-07
 63  61  0  0  0  2  4.748980e-01  2.000000e-07
 67  71  0  1  0  2  1.120584e-01  2.000000e-07
 67  88 -1  0  0  2  5.718698e-01  2.000000e-07
 67  88  0  0  0  2  5.157694e-01  2.000000e-07
 67  52  0  1  0  2  3.192549e-01  2.000000e-07
 67  68  0  1  0  2  2.859480e-01  2.000000e-07
 67  61  0  0  0  2  2.312401e-01  2.000000e-07
 67  70 -1  0  0  2  5.155325e-01  2.000000e-07
 88  4  1  1  0  2  4.746550e-01  2.000000e-07
 88  61  1  0  0  2  5.455818e-01  2.000000e-07
 88  70  0  0  0  2  1.921802e-01  2.000000e-07
 76  14  0  0  0  2  1.050173e-01  2.000000e-07
 76  58  0  0  0  2  2.447550e-01  2.000000e-07
 52  68  0  0  0  2  1.372338e-01  2.000000e-07
 52  61  0  0  0  2  4.778858e-01  2.000000e-07
 14  58  0  0  0  2  2.724182e-01  2.000000e-07
 14  69  0  0  0  2  2.241946e-01  2.000000e-07
 58  6  0  0  0  2  1.755031e-01  2.000000e-07
 6  70  0  0  0  2  3.689754e-01  2.000000e-07
 6  69  0  1  0  2  4.128852e-01  2.000000e-07
 68  61  0  0  0  2  4.866340e-01  2.000000e-07
 68  69  0  0  0  2  1.286045e-01  2.000000e-07
 61  70 -1  0  0  2  5.695186e-01  2.000000e-07
 70  69  0  1  0  2  4.912060e-01  2.000000e-07
 60  81  0  0  0  1  1.423772e-01  3.000000e-07
 60  10  0  0  0  1  7.870160e-02  3.000000e-07
 60  56  0  0  0  1  1.146550e-01  3.000000e-07
 60  8  0  0  0  1  1.158404e-01  3.000000e-07
 60  9  0  0  0  1  1.471547e-01  3.000000e-07
 60  88  0  0  0  1  1.592533e-01  3.000000e-07
 0  3  1  0  0  1  2.378643e-01  3.000000e-07
 0  4  1  0  0  1  1.717798e-01  3.000000e-07
 0  87  0  0  0  1  1.600020e-01  3.000000e-07
 0  2  0  0  0  1  7.017380e-02  3.000000e-07
 0  1  0  0  0  1  8.499121e-02  3.000000e-07
 53  56  0  0  0  1  1.057775e-01  3.000000e-07
 53  59  0  0  0  1  9.758575e-02  3.000000e-07
 53  9  0  0  0  1  1.496564e-01  3.000000e-07
 53  58  0  0  0  1  1.640911e-01  3.000000e-07
 53  6  0  0  0  1  1.019701e-01  3.000000e-07
 53  70  0  0  0  1  2.987867e-01  3.000000e-07
 3  4  0  0  0  1  9.915105e-02  3.000000e-07
 3  87 -1  0  0  1  2.847748e-01  3.000000e-07
 3  80  0  0  0  1  9.248046e-02  3.000000e-07
 3  82  0  0  0  1  1.529573e-01  3.000000e-07
 65  71  0  0  0  1  6.647467e-02  3.000000e-07
 65  80  0  0  0  1  2.697426e-01  3.000000e-07
 65  68  0  0  0  1  1.510091e-01  3.000000e-07
 71  64  0  0  0  1  3.608337e-01  3.000000e-07
 71  83  0  0  0  1  3.220461e-01  3.000000e-07
 71  59  0 -1  0  1  2.520369e-01  3.000000e-07
 71  68  0  0  0  1  1.835050e-01  3.000000e-07
 71  69  0  0  0  1  1.895299e-01  3.000000e-07
 79  73  0  0  0  1  6.381545e-02  3.000000e-07
 79  87  0  0  0  1  1.892116e-01  3.000000e-07
 79  81  0  0  0  1  6.244720e-02  3.000000e-07
 79  75  0  0  0  1  1.476323e-01  3.000000e-07
 79  10  0  0  0  1  1.052129e-01  3.000000e-07
 54  5  0  0  0  1  1.110720e-01  3.000000e-07
 54  7  0  0  0  1  9.033926e-02  3.000000e-07
 54  76  0  0  0  1  2.222042e-01  3.000000e-07
 54  61  0  0  0  1  8.873269e-02  3.000000e-07
 4  64 -1  0  0  1  2.505930e-01  3.000000e-07
 4  70 -1 -1  0  1  2.920592e-01  3.000000e-07
 64  83  0  0  0  1  9.747971e-02  3.000000e-07
 64  2  0  0  0  1  1.271315e-01  3.000000e-07
 64  59  0 -1  0  1  3.911040e-01  3.000000e-07
 64  70  0 -1  0  1  2.539037e-01  3.000000e-07
 73  87  0  0  0  1  2.125207e-01  3.000000e-07
 73  75  0  0  0  1  1.363166e-01  3.000000e-07
 73  66  0  0  0  1  1.428981e-01  3.000000e-07
 85  80  0  1  0  1  3.535962e-01  3.000000e-07
 85  11  0  0  0  1  1.864981e-01  3.000000e-07
 85  57  0  0  0  1  2.557015e-01  3.000000e-07
 85  70 -1  0  0  1  1.664760e-01  3.000000e-07
 87  12  0  0  0  1  1.381020e-01  3.000000e-07
 87  72  1  0  0  1  2.401806e-01  3.000000e-07
 87  1  0  0  0  1  8.322769e-02  3.000000e-07
 87  86  0  0  0  1  5.355149e-02  3.000000e-07
 13  75  0  0  0  1  2.077142e-01  3.000000e-07
 13  66  0  0  0  1  1.926779e-01  3.000000e-07
 13  52  0  0  0  1  1.290734e-01  3.000000e-07
 13  14  0  0  0  1  9.809165e-02  3.000000e-07
 13  68  0  0  0  1  1.638970e-01  3.000000e-07
 80  57  0 -1  0  1  4.281996e-01  3.000000e-07
 80  63  0  0  0  1  1.636351e-01  3.000000e-07
 80  67  0 -1  0  1  3.625813e-01  3.000000e-07
 74  82  0  0  0  1  1.852183e-01  3.000000e-07
 74  14  0  0  0  1  6.688654e-02  3.000000e-07
 81  12  0  0  0  1  1.476211e-01  3.000000e-07
 81  10  0  0  0  1  1.174966e-01  3.000000e-07
 81  86  0  0  0  1  1.133090e-01  3.000000e-07
 81  8  0  0  0  1  1.558701e-01  3.000000e-07
 82  72  0  0  0  1  1.940853e-01  3.000000e-07
 82  63  0  0  0  1  5.676830e-02  3.000000e-07
 82  14  0  0  0  1  1.802044e-01  3.000000e-07
 82  68  0  0  0  1  1.995951e-01  3.000000e-07
 83  2  0  0  0  1  1.147680e-01  3.000000e-07
 83  66  0  0  0  1  1.055823e-01  3.000000e-07
 83  52  0  0  0  1  1.966067e-01  3.000000e-07
 83  69  0  0  0  1  2.026651e-01  3.000000e-07
 84  2  0  0  0  1  1.000966e-01  3.000000e-07
 84  66  0  0  0  1  8.551348e-02  3.000000e-07
 12  72  1  0  0  1  1.767652e-01  3.000000e-07
 12  11  1  0  0  1  2.758630e-01  3.000000e-07
 12  86  0  0  0  1  9.339472e-02  3.000000e-07
 12  8  0  0  0  1  1.237133e-01  3.000000e-07
 2  66  0  0  0  1  1.604025e-01  3.000000e-07
 55  62  0  0  0  1  1.667296e-01  3.000000e-07
 55  5  0  0  0  1  1.522612e-01  3.000000e-07
 55  57  0  0  0  1  9.799000e-02  3.000000e-07
 55  7  0  0  0  1  6.213419e-02  3.000000e-07
 55  67  0  0  0  1  2.101418e-01  3.000000e-07
 55  76  0  0  0  1  2.338168e-01  3.000000e-07
 55  61  0  0  0  1  6.278312e-02  3.000000e-07
 72  62  0  0  0  1  2.255316e-01  3.000000e-07
 72  11  0  0  0  1  1.971280e-01  3.000000e-07
 72  76  0  0  0  1  2.568002e-01  3.000000e-07
 75  10  0  0  0  1  1.279157e-01  3.000000e-07
 75  9  0  0  0  1  8.509176e-02  3.000000e-07
 75  76  0  0  0  1  2.325190e-01  3.000000e-07
 75  14  0  0  0  1  2.230333e-01  3.000000e-07
 75  58  0  0  0  1  9.175599e-02  3.000000e-07
 62  11  0  0  0  1  8.375245e-02  3.000000e-07
 62  57  0  0  0  1  1.111294e-01  3.000000e-07
 62  76  0  0  0  1  1.886360e-01  3.000000e-07
 10  9  0  0  0  1  9.311135e-02  3.000000e-07
 1  66  0  0  0  1  1.815177e-01  3.000000e-07
 11  57  0  0  0  1  1.581411e-01  3.000000e-07
 11  8 -1  0  0  1  2.849484e-01  3.000000e-07
 11  88 -1  0  0  1  2.666395e-01  3.000000e-07
 56  88  0  0  0  1  1.432819e-01  3.000000e-07
 56  70  0  0  0  1  2.208289e-01  3.000000e-07
 5  7  0  0  0  1  1.049604e-01  3.000000e-07
 5  67  0  0  0  1  2.040244e-01  3.000000e-07
 5  58  0  0  0  1  1.320053e-01  3.000000e-07
 5  6  0  0  0  1  5.244880e-02  3.000000e-07
 57  67  0  0  0  1  2.335505e-01  3.000000e-07
 8  88  0  0  0  1  1.017696e-01  3.000000e-07
 59  70  0  0  0  1  3.509784e-01  3.000000e-07
 9  58  0  0  0  1  5.621435e-02  3.000000e-07
 66  52  0  0  0  1  1.507368e-01  3.000000e-07
 63  68  0  0  0  1  1.880080e-01  3.000000e-07
 67  65  0  1  0  1  1.385588e-01  3.000000e-07
 67  6  0  0  0  1  1.838496e-01  3.000000e-07
 88  85  1  0  0  1  1.652306e-01  3.000000e-07
 88  70  0  0  0  1  1.921802e-01  3.000000e-07
 76  61  0  0  0  1  2.249688e-01  3.000000e-07
 52  68  0  0  0  1  1.372338e-01  3.000000e-07
 14  68  0  0  0  1  1.866412e-01  3.000000e-07
 68  69  0  0  0  1  1.286045e-01  3.000000e-07
 3.994398e-01 -2.701703e-01  0
 3.688353e-01 -1.908805e-01  0
 3.444378e-01 -2.265910e-01  0
-3.633145e-01 -2.530259e-01  0
-4.362311e-01 -3.202129e-01  0
 4.810303e-02  2.695646e-01  0
 7.354902e-02  3.154272e-01  0
-4.253026e-02  2.166279e-01  0
 3.884906e-01  1.310939e-01  0
 1.282916e-01  1.298783e-01  0
 2.154413e-01  9.709635e-02  0
-3.290881e-01  1.689594e-01  0
 4.397058e-01  1.847963e-02  0
 3.960999e-03 -1.350515e-01  0
-8.048857e-02 -8.514920e-02  0
 2.329414e-01 -9.938898e-02  1.004109e-01
 1.113113e-01 -1.423846e-01  1.789457e-01
 3.972894e-01 -3.596720e-01  1.198783e-01
 1.720103e-01 -2.664597e-01 -2.314441e-01
 2.293147e-01 -4.117737e-01 -1.352850e-01
 2.798457e-01  3.598722e-01 -3.931783e-01
 1.733355e-01 -3.522748e-01 -1.740145e-01
 2.194340e-01  1.479241e-01 -2.430787e-01
-2.638746e-01  1.630277e-01  2.137406e-01
-1.272462e-01  5.821410e-02  2.618662e-01
 7.023696e-02  7.490504e-02  1.930665e-01
-2.145926e-01  1.830636e-01 -1.132637e-01
-2.851807e-01  3.062431e-01 -3.074895e-01
-2.096494e-01 -9.825794e-02 -2.717943e-01
-2.774905e-01 -1.655898e-01  4.415799e-01
-1.026172e-01 -3.765862e-01  4.202544e-01
-1.521570e-01 -1.636440e-01  2.868252e-01
-4.002970e-01 -3.123722e-01 -1.467824e-01
-2.893362e-01 -3.978521e-01 -4.241691e-01
-1.520748e-01  3.618909e-01  3.779676e-01
-4.305379e-01  1.433479e-01 -4.367259e-01
-3.056680e-01 -1.789591e-02  3.418526e-01
 5.130501e-02  3.030921e-01  4.447677e-01
 3.991991e-02  3.685426e-01 -3.227303e-01
 4.725872e-02  1.459938e-01 -3.543981e-01
-6.461717e-02 -3.864798e-01 -3.680032e-01
 4.408998e-01  2.707352e-01 -3.493937e-01
 9.605060e-02  3.949829e-01  3.598425e-01
 1.995459e-01  4.477879e-02  2.292679e-01
-4.002073e-02 -1.491081e-01  2.543091e-01
 1.111332e-01 -1.261883e-01 -3.016014e-01
 1.940039e-01 -3.492896e-01 -3.383796e-01
 3.689910e-01 -4.221901e-01  3.994637e-01
 3.385242e-01 -3.626981e-01 -2.161167e-01
 4.161590e-01  4.981847e-02 -3.256468e-01
-1.514404e-01  3.944891e-01  2.099622e-01
-4.132311e-01 -2.549370e-01  2.464854e-01
 4.975571e-02 -2.557279e-01  0
 1.669283e-01  2.744613e-01  0
 2.810419e-02  1.603078e-01  0
-1.008588e-01  2.380391e-01  0
 2.722044e-01  2.641744e-01  0
-1.971593e-01  2.561568e-01  0
 7.298234e-02  1.399249e-01  0
 8.770931e-02  3.314466e-01  0
 2.741275e-01  1.495356e-01  0
-4.327848e-02  2.130146e-01  0
-2.462723e-01  1.564690e-01  0
-2.633669e-01 -2.078051e-01  0
 3.149842e-01 -3.502636e-01  0
-9.437219e-02 -4.224982e-01  0
 1.873473e-01 -1.941638e-01  0
-5.807958e-02  4.437805e-01  0
-8.654643e-02 -2.716920e-01  0
 4.205246e-02 -2.728908e-01  0
 4.268564e-01  4.218073e-01  0
-3.261473e-02 -4.470929e-01  0
-3.876094e-01 -1.928172e-02  0
 1.860610e-01 -5.127142e-02  0
-1.124390e-01 -2.638717e-02  0
 9.607309e-02  5.112190e-02  0
-1.320883e-01  6.317216e-03  0
-3.283588e-01  1.623498e-01  1.863605e-01
-3.818949e-01  2.123332e-01 -1.962557e-01
 2.318563e-01 -6.828192e-03  0
-3.527112e-01 -3.448965e-01  0
 2.924334e-01  8.340078e-03  0
-2.472835e-01 -1.533628e-01  0
 2.444672e-01 -2.829610e-01  0
 2.482283e-01 -2.542143e-01  0
-4.462108e-01  3.140931e-01  0
 3.849025e-01 -5.714558e-02  0
 3.901800e-01 -1.104364e-01  0
 4.114120e-01  2.302487e-01  0
-2.379083e-01 -1.613031e-01 -1.861969e-01