 711  90  1.200000e-05  55 -2 -2
 32  33  0  0  0  3  1.256119e-01  1.000000e-07
 32  10  0  0  0  3  5.043508e-01  1.000000e-07
 32  16  0  0  0  3  4.484057e-01  1.000000e-07
 32  7  0  0  0  3  2.510921e-01  1.000000e-07
 32  9 -1  0  0  3  2.754688e-01  1.000000e-07
 32  23  0  0  1  3  5.272179e-01  1.000000e-07
 32  37  0  0  1  3  3.400576e-01  1.000000e-07
 32  18  0  0  1  3  2.139521e-01  1.000000e-07
 32  30  0  0  1  3  3.549420e-01  1.000000e-07
 6  33  1  0  0  3  3.930645e-01  1.000000e-07
 6  17  0  0  0  3  3.094435e-01  1.000000e-07
 6  34  0  0  0  3  3.464124e-01  1.000000e-07
 6  15  0  0  0  3  1.402532e-01  1.000000e-07
 6  7  1  0  0  3  3.533298e-01  1.000000e-07
 11  17  0  0  0  3  4.219245e-01  1.000000e-07
 11  13  0 -1  0  3  2.395400e-01  1.000000e-07
 11  35  0  0  0  3  2.641808e-01  1.000000e-07
 11  16  0  0  0  3  4.394326e-01  1.000000e-07
 11  12  0 -1  0  3  3.647883e-01  1.000000e-07
 77  10  0 -1  0  3  4.228589e-01  1.000000e-07
 77  5  0  0  0  3  1.891994e-01  1.000000e-07
 77  12 -1 -1  0  3  4.344917e-01  1.000000e-07
 77  31  0  0  1  3  4.855621e-01  1.000000e-07
 77  21 -1 -1  1  3  5.482566e-01  1.000000e-07
 77  19  0  0  1  3  4.014979e-01  1.000000e-07
 77  40 -1  0  1  3  4.487611e-01  1.000000e-07
 77  81 -1 -1  1  3  5.902206e-01  1.000000e-07
 33  5  0  0  0  3  2.081694e-01  1.000000e-07
 33  15 -1  0  0  3  3.523299e-01  1.000000e-07
 33  16  0  0  0  3  4.020428e-01  1.000000e-07
 33  38 -1  0  1  3  3.375327e-01  1.000000e-07
 33  18  0  0  1  3  2.217483e-01  1.000000e-07
 33  19  0  0  1  3  2.348796e-01  1.000000e-07
 33  29  0 -1  1  3  4.902687e-01  1.000000e-07
 10  14 -1  0  0  3  5.806873e-01  1.000000e-07
 10  14  0  0  0  3  4.421092e-01  1.000000e-07
 10  13  0  0  0  3  3.925856e-01  1.000000e-07
 10  15  0  0  0  3  5.624700e-01  1.000000e-07
 10  16  0  0  0  3  5.796133e-01  1.000000e-07
 10  36 -1  0  0  3  5.367933e-01  1.000000e-07
 10  41  0  0  1  3  4.013230e-01  1.000000e-07
 14  34  0  1  0  3  3.963056e-01  1.000000e-07
 14  8  0  0  0  3  1.886667e-01  1.000000e-07
 14  13  0  0  0  3  1.676578e-01  1.000000e-07
 14  12  0  0  0  3  2.797631e-01  1.000000e-07
 14  36  0  0  0  3  3.121832e-01  1.000000e-07
 17  5  0  0  0  3  4.213253e-01  1.000000e-07
 17  8  0  0  0  3  3.446646e-01  1.000000e-07
 17  13  0 -1  0  3  4.961076e-01  1.000000e-07
 17  15  0  0  0  3  2.927739e-01  1.000000e-07
 17  7  0  0  0  3  3.700804e-01  1.000000e-07
 34  5  1  0  0  3  2.793272e-01  1.000000e-07
 34  35  0  0  0  3  2.363252e-01  1.000000e-07
 34  12  0 -1  0  3  3.346268e-01  1.000000e-07
 34  9  0  0  0  3  2.716628e-01  1.000000e-07
 34  19  1  0  1  3  3.678107e-01  1.000000e-07
 34  40  0  0  1  3  3.365246e-01  1.000000e-07
 34  81  0 -1  1  3  5.474313e-01  1.000000e-07
 5  16  0  0  0  3  3.248414e-01  1.000000e-07
 5  36 -1  0  0  3  3.807983e-01  1.000000e-07
 8  15  0  0  0  3  2.108081e-01  1.000000e-07
 8  36  0  0  0  3  1.566615e-01  1.000000e-07
 8  9  0  0  0  3  3.000020e-01  1.000000e-07
 13  16  0  1  0  3  4.358749e-01  1.000000e-07
 15  35  0  0  0  3  1.198517e-01  1.000000e-07
 15  12  0  0  0  3  4.975011e-01  1.000000e-07
 15  9  0  0  0  3  1.098447e-01  1.000000e-07
 15  39  0  0  1  3  5.856718e-01  1.000000e-07
 35  16  0  0  0  3  3.275573e-01  1.000000e-07
 35  12  0 -1  0  3  4.502202e-01  1.000000e-07
 35  9  0  0  0  3  1.011951e-01  1.000000e-07
 35  38  0  0  1  3  3.199770e-01  1.000000e-07
 35  40  0  0  1  3  4.081670e-01  1.000000e-07
 35  22  0  0  1  3  4.437571e-01  1.000000e-07
 16  7  0  0  0  3  3.511450e-01  1.000000e-07
 16  37  0  0  1  3  4.288014e-01  1.000000e-07
 12  36  0  0  0  3  4.206965e-01  1.000000e-07
 12  41  0  0  1  3  2.895544e-01  1.000000e-07
 36  7  1  0  0  3  3.351626e-01  1.000000e-07
 36  9  0  0  0  3  1.858852e-01  1.000000e-07
 36  38  0  0  1  3  3.667103e-01  1.000000e-07
 36  21  0  0  1  3  4.445699e-01  1.000000e-07
 7  37  0  0  1  3  4.699532e-01  1.000000e-07
 7  39  0  0  1  3  5.320107e-01  1.000000e-07
 9  38  0  0  1  3  2.438007e-01  1.000000e-07
 9  39  0  0  1  3  5.658319e-01  1.000000e-07
 9  40  0  0  1  3  3.834293e-01  1.000000e-07
 23  37  0  0  0  3  3.005801e-01  1.000000e-07
 23  25  0  0  0  3  1.804874e-02  1.000000e-07
 23  41  0  0  0  3  2.439820e-01  1.000000e-07
 23  29  0  0  0  3  2.530468e-01  1.000000e-07
 23  30  0  0  0  3  3.367356e-01  1.000000e-07
 23  27  0  0  0  3  3.756136e-01  1.000000e-07
 23  28  0  0  0  3  2.006779e-01  1.000000e-07
 37  24  0  0  0  3  2.122920e-01  1.000000e-07
 37  31  0  0  0  3  3.282816e-01  1.000000e-07
 37  25  0  0  0  3  2.995370e-01  1.000000e-07
 37  18  0  0  0  3  2.602270e-01  1.000000e-07
 37  39  0  0  0  3  3.087365e-01  1.000000e-07
 38  18  1  0  0  3  2.855520e-01  1.000000e-07
 38  27  0  0  0  3  3.770550e-01  1.000000e-07
 38  40  0  0  0  3  2.581882e-01  1.000000e-07
 38  28  0  0  0  3  4.864872e-01  1.000000e-07
 24  25  0  0  0  3  2.141325e-01  1.000000e-07
 24  26  0  0  0  3  2.742134e-01  1.000000e-07
 24  30  0  0  0  3  1.672669e-01  1.000000e-07
 24  27  0  0  0  3  2.832826e-01  1.000000e-07
 24  81 -1  0  0  3  4.537582e-01  1.000000e-07
 31  23  0 -1  0  3  3.992172e-01  1.000000e-07
 31  25  0 -1  0  3  4.041017e-01  1.000000e-07
 31  26  0 -1  0  3  3.842032e-01  1.000000e-07
 31  19  0  0  0  3  2.087254e-01  1.000000e-07
 31  20 -1  0  0  3  3.576343e-01  1.000000e-07
 31  22  0  0  0  3  4.725266e-01  1.000000e-07
 21  42  0  0  0  3  5.288086e-01  1.000000e-07
 21  41  0  0  0  3  2.491324e-01  1.000000e-07
 21  39  0  0  0  3  3.801294e-01  1.000000e-07
 21  40  0  1  0  3  3.577085e-01  1.000000e-07
 25  26  0  0  0  3  1.241898e-01  1.000000e-07
 25  30  0  0  0  3  3.285010e-01  1.000000e-07
 25  27  0  0  0  3  3.699294e-01  1.000000e-07
 25  28  0  0  0  3  2.079837e-01  1.000000e-07
 25  81 -1  0  0  3  4.024015e-01  1.000000e-07
 26  42  0  1  0  3  6.086666e-01  1.000000e-07
 26  41  0  0  0  3  2.589908e-01  1.000000e-07
 26  29  0  0  0  3  2.896211e-01  1.000000e-07
 18  19  0  0  0  3  1.058596e-01  1.000000e-07
 18  30  0  0  0  3  2.082465e-01  1.000000e-07
 18  40 -1  0  0  3  2.842681e-01  1.000000e-07
 18  20 -1  0  0  3  2.893580e-01  1.000000e-07
 42  27  0  0  0  3  9.032377e-02  1.000000e-07
 42  20  0  0  0  3  3.761969e-01  1.000000e-07
 42  22  0  0  0  3  2.643864e-01  1.000000e-07
 42  28  0  0  0  3  4.256333e-01  1.000000e-07
 42  81  0  0  0  3  6.247745e-01  1.000000e-07
 41  39  0  0  0  3  1.708544e-01  1.000000e-07
 41  29  0  0  0  3  1.975049e-01  1.000000e-07
 41  22  0  1  0  3  4.105975e-01  1.000000e-07
 41  28  0  0  0  3  1.260428e-01  1.000000e-07
 19  29  0 -1  0  3  4.076498e-01  1.000000e-07
 19  40 -1  0  0  3  2.316732e-01  1.000000e-07
 19  20 -1  0  0  3  2.587758e-01  1.000000e-07
 19  81 -1 -1  0  3  3.921184e-01  1.000000e-07
 39  12  0  0 -1  3  4.021522e-01  1.000000e-07
 39  29  0  0  0  3  2.212951e-01  1.000000e-07
 39  27  0  0  0  3  4.155115e-01  1.000000e-07
 29  22  0  1  0  3  4.414334e-01  1.000000e-07
 29  28  0  0  0  3  2.743406e-01  1.000000e-07
 29  81 -1  0  0  3  4.610080e-01  1.000000e-07
 30  21 -1  0  0  3  5.468889e-01  1.000000e-07
 27  28  0  0  0  3  3.618609e-01  1.000000e-07
 40  22  0  0  0  3  1.581369e-01  1.000000e-07
 20  81  0 -1  0  3  3.437535e-01  1.000000e-07
 22  21  0 -1  0  3  4.068096e-01  1.000000e-07
 22  28  0 -1  0  3  4.499946e-01  1.000000e-07
 5  76  0  0  0  3  2.541875e-01  1.000000e-07
 79  31  0  0  0  3  2.918133e-01  1.000000e-07
 13  63  0  0  0  3  1.802200e-01  1.000000e-07
 83  26  0  0  0  3  2.274005e-01  1.000000e-07
 13  70  0  1  0  3  2.403354e-01  1.000000e-07
 54  42  0  0  0  3  2.768043e-01  1.000000e-07
 8  69  0  0  0  3  2.970835e-01  1.000000e-07
 55  26  0  0  0  3  2.469647e-01  1.000000e-07
 11  53  0 -1  0  3  1.986348e-01  1.000000e-07
 68  81  0  0  0  3  2.462615e-01  1.000000e-07
 11  70  0  0  0  3  2.521834e-01  1.000000e-07
 57  42  0  0  0  3  2.115029e-01  1.000000e-07
 11  86  0  0  0  3  1.685759e-01  1.000000e-07
 70  22  0  0  0  3  2.928240e-01  1.000000e-07
 6  52  0  0  0  3  1.786739e-01  1.000000e-07
 86  20  0  0  0  3  1.723490e-01  1.000000e-07
 17  78  0  0  0  3  1.781766e-01  1.000000e-07
 58  30  0  0  0  3  3.242135e-01  1.000000e-07
 7  80  0  0  0  3  2.324584e-01  1.000000e-07
 82  30  0  0  0  3  2.162985e-01  1.000000e-07
 5  58  0  0  0  3  3.547026e-01  1.000000e-07
 78  27  0  0  0  3  1.992631e-01  1.000000e-07
 13  68  0  0  0  3  1.573442e-01  1.000000e-07
 53  81  0  0  0  3  2.678843e-01  1.000000e-07
 7  85  0  0  0  3  2.553790e-01  1.000000e-07
 82  24  0  0  0  3  1.497986e-01  1.000000e-07
 8  64  0  0  0  3  1.861010e-01  1.000000e-07
 65  21  0  0  0  3  4.044619e-01  1.000000e-07
 6  52  0  0  0  3  1.823029e-01  1.000000e-07
 71  30  1  0  0  3  2.911297e-01  1.000000e-07
 13  86  0  1  0  3  2.151594e-01  1.000000e-07
 70  20  0  0  0  3  2.389323e-01  1.000000e-07
 77  43  0 -1  0  3  3.935798e-01  1.000000e-07
 75  26  0  0  0  3  2.151687e-01  1.000000e-07
 11  87  0  0  0  3  1.795486e-01  1.000000e-07
 86  20  0  0  0  3  1.451915e-01  1.000000e-07
 6  59  1  0  0  3  2.592788e-01  1.000000e-07
 80  24  0  0  0  3  2.610203e-01  1.000000e-07
 8  59  1  0  0  3  3.242119e-01  1.000000e-07
 88  24  0  0  0  3  2.475546e-01  1.000000e-07
 14  68  0  0  0  3  1.968481e-01  1.000000e-07
 1  81  0  0  0  3  2.227925e-01  1.000000e-07
 5  79  0  0  0  3  2.838055e-01  1.000000e-07
 76  20 -1  0  0  3  1.527146e-01  1.000000e-07
 14  63  0  0  0  3  2.028905e-01  1.000000e-07
 84  28  0  0  0  3  2.922462e-01  1.000000e-07
 17  56  0  0  0  3  1.189533e-01  1.000000e-07
 58  27  0  0  0  3  1.364943e-01  1.000000e-07
 6  67  0  0  0  3  1.351518e-01  1.000000e-07
 52  38  0  0  0  3  3.940563e-01  1.000000e-07
 8  64  0  0  0  3  2.171614e-01  1.000000e-07
 69  28  0  0  0  3  3.100022e-01  1.000000e-07
 45  79  0  0  0  2  1.756889e-01  2.000000e-07
 45  82  0  0  0  2  1.970687e-01  2.000000e-07
 45  83  0 -1  0  2  4.012725e-01  2.000000e-07
 45  75  0 -1  0  2  3.762023e-01  2.000000e-07
 45  54  0  0  0  2  2.999128e-01  2.000000e-07
 45  76  0  0  0  2  6.292532e-02  2.000000e-07
 45  50  0  0  0  2  1.800096e-01  2.000000e-07
 45  56  0  0  0  2  2.331805e-01  2.000000e-07
 45  89  0 -1  0  2  3.657360e-01  2.000000e-07
 45  48  0  0  0  2  9.654493e-02  2.000000e-07
 45  87 -1  0  0  2  3.736867e-01  2.000000e-07
 45  58  0  0  0  2  2.012581e-01  2.000000e-07
 0  63  0  0  0  2  2.456250e-01  2.000000e-07
 0  84  0  0  0  2  2.586002e-01  2.000000e-07
 0  64  0  0  0  2  1.120162e-01  2.000000e-07
 0  65  0  0  0  2  1.638476e-01  2.000000e-07
 0  1  0  0  0  2  7.112803e-02  2.000000e-07
 0  89  1  0  0  2  3.030346e-01  2.000000e-07
 0  88  1  0  0  2  3.808796e-01  2.000000e-07
 0  62  1  0  0  2  2.387389e-01  2.000000e-07
 0  87  0  1  0  2  4.182527e-01  2.000000e-07
 0  70  0  1  0  2  4.358244e-01  2.000000e-07
 79  82  0  0  0  2  2.482666e-01  2.000000e-07
 79  52 -1  0  0  2  2.290300e-01  2.000000e-07
 79  75  0 -1  0  2  4.596571e-01  2.000000e-07
 79  78  0  0  0  2  3.409054e-01  2.000000e-07
 79  76  0  0  0  2  1.242147e-01  2.000000e-07
 79  50  0  0  0  2  3.072504e-01  2.000000e-07
 79  86 -1  0  0  2  2.521544e-01  2.000000e-07
 79  89  0 -1  0  2  2.964716e-01  2.000000e-07
 79  47  0  0  0  2  2.882306e-01  2.000000e-07
 79  87 -1  0  0  2  1.984857e-01  2.000000e-07
 79  66 -1  0  0  2  4.419472e-01  2.000000e-07
 79  80  0  0  0  2  2.042066e-01  2.000000e-07
 79  58  0  0  0  2  3.648630e-01  2.000000e-07
 82  83  0  0  0  2  5.045403e-01  2.000000e-07
 82  85  0  0  0  2  4.818335e-02  2.000000e-07
 82  55  0  0  0  2  4.007979e-01  2.000000e-07
 82  56  0  0  0  2  2.653080e-01  2.000000e-07
 82  61  0  0  0  2  2.934989e-01  2.000000e-07
 82  88  0  0  0  2  1.501396e-01  2.000000e-07
 82  48  0  0  0  2  1.049494e-01  2.000000e-07
 82  47  0  0  0  2  6.174179e-02  2.000000e-07
 82  87 -1  0  0  2  4.114409e-01  2.000000e-07
 82  80  0  0  0  2  9.502883e-02  2.000000e-07
 82  51  0  0  0  2  1.735465e-01  2.000000e-07
 82  71 -1  0  0  2  3.945997e-01  2.000000e-07
 82  58  0  0  0  2  2.214043e-01  2.000000e-07
 68  83  0  0  0  2  4.293958e-01  2.000000e-07
 68  2  0  0  0  2  3.736519e-01  2.000000e-07
 68  53  0  0  0  2  2.411802e-02  2.000000e-07
 68  85  1  0  0  2  5.088579e-01  2.000000e-07
 68  69  0  0  0  2  3.405653e-01  2.000000e-07
 68  44  0  0  0  2  3.544436e-01  2.000000e-07
 68  54  0  1  0  2  4.641550e-01  2.000000e-07
 68  76  1  1  0  2  4.767518e-01  2.000000e-07
 68  60  0  0  0  2  2.457324e-01  2.000000e-07
 68  1  0  0  0  2  8.227422e-02  2.000000e-07
 68  61  1  0  0  2  4.434916e-01  2.000000e-07
 68  89  1  0  0  2  2.148676e-01  2.000000e-07
 68  72  1  0  0  2  4.721727e-01  2.000000e-07
 68  4  0  0  0  2  2.833292e-01  2.000000e-07
 68  87  0  1  0  2  3.086204e-01  2.000000e-07
 68  71  0  0  0  2  3.393137e-01  2.000000e-07
 68  70  0  1  0  2  3.622301e-01  2.000000e-07
 83  63  0  0  0  2  1.696859e-01  2.000000e-07
 83  75  0  0  0  2  3.189875e-02  2.000000e-07
 83  69  0  0  0  2  2.248262e-01  2.000000e-07
 83  44  0  0  0  2  1.653922e-01  2.000000e-07
 83  54  0  1  0  2  3.495745e-01  2.000000e-07
 83  76  0  1  0  2  3.966979e-01  2.000000e-07
 83  55  0  0  0  2  2.186222e-01  2.000000e-07
 83  1  0  0  0  2  4.561185e-01  2.000000e-07
 83  61  0  0  0  2  2.266605e-01  2.000000e-07
 83  89  0  0  0  2  3.654462e-01  2.000000e-07
 83  88  0  0  0  2  4.331555e-01  2.000000e-07
 83  70  0  1  0  2  3.795413e-01  2.000000e-07
 2  69  0  0  0  2  2.463014e-01  2.000000e-07
 2  64  0  0  0  2  1.565372e-01  2.000000e-07
 2  60  0  0  0  2  1.351636e-01  2.000000e-07
 2  3  0  0  0  2  8.572915e-02  2.000000e-07
 2  4  0  0  0  2  1.327660e-01  2.000000e-07
 2  66  0  0  0  2  1.588039e-02  2.000000e-07
 2  57  0  0  0  2  2.673542e-01  2.000000e-07
 2  67  0  0  0  2  2.831128e-02  2.000000e-07
 2  71  0  0  0  2  9.368792e-02  2.000000e-07
 2  74  0  0  0  2  1.836928e-01  2.000000e-07
 46  78  0  0  0  2  9.680052e-02  2.000000e-07
 46  85  0  0  0  2  1.143530e-01  2.000000e-07
 46  69  0  0  0  2  4.336189e-01  2.000000e-07
 46  49  0  0  0  2  2.959569e-01  2.000000e-07
 46  76  0  0  0  2  1.966707e-01  2.000000e-07
 46  50  0  0  0  2  3.102463e-01  2.000000e-07
 46  56  0  0  0  2  1.994648e-01  2.000000e-07
 46  72  0  0  0  2  1.511285e-01  2.000000e-07
 46  48  0  0  0  2  5.496785e-02  2.000000e-07
 46  47  0  0  0  2  4.605477e-02  2.000000e-07
 46  57  0  0  0  2  3.836057e-01  2.000000e-07
 46  74  0  0  0  2  3.648319e-01  2.000000e-07
 52  76  1  0  0  2  3.356350e-01  2.000000e-07
 52  86  0  0  0  2  2.147397e-01  2.000000e-07
 52  65  0  0  0  2  2.653320e-01  2.000000e-07
 52  60  0  0  0  2  2.676377e-01  2.000000e-07
 52  72  1  0  0  2  2.833214e-01  2.000000e-07
 52  73  0  0  0  2  2.293153e-01  2.000000e-07
 52  4  0  0  0  2  2.147629e-01  2.000000e-07
 52  47  1  0  0  2  3.550077e-01  2.000000e-07
 52  87  0  0  0  2  2.091385e-01  2.000000e-07
 52  66  0  0  0  2  2.147288e-01  2.000000e-07
 52  80  1  0  0  2  1.986845e-01  2.000000e-07
 52  57  0  0  0  2  3.095050e-01  2.000000e-07
 52  59  1  0  0  2  1.989538e-01  2.000000e-07
 52  70  0  0  0  2  3.188813e-01  2.000000e-07
 63  75  0  0  0  2  2.010414e-01  2.000000e-07
 63  84  0  0  0  2  2.762868e-02  2.000000e-07
 63  69  0  0  0  2  7.738976e-02  2.000000e-07
 63  55  0  0  0  2  1.076828e-01  2.000000e-07
 63  64  0  0  0  2  2.062751e-01  2.000000e-07
 63  86  0  1  0  2  4.847600e-01  2.000000e-07
 63  65  0  0  0  2  2.683261e-01  2.000000e-07
 63  1  0  0  0  2  3.124056e-01  2.000000e-07
 63  3  0  0  0  2  2.911390e-01  2.000000e-07
 63  70  0  1  0  2  4.123748e-01  2.000000e-07
 75  84  0  0  0  2  2.064945e-01  2.000000e-07
 75  54  0  1  0  2  3.472552e-01  2.000000e-07
 75  55  0  0  0  2  2.438009e-01  2.000000e-07
 75  50  0  1  0  2  2.040564e-01  2.000000e-07
 75  86  0  1  0  2  5.129584e-01  2.000000e-07
 75  89  0  0  0  2  3.356460e-01  2.000000e-07
 75  88  0  0  0  2  4.251178e-01  2.000000e-07
 75  62  0  0  0  2  4.161324e-01  2.000000e-07
 75  73  0  1  0  2  4.764519e-01  2.000000e-07
 75  43  0  0  0  2  8.343236e-02  2.000000e-07
 75  57  0  1  0  2  4.363057e-01  2.000000e-07
 75  51  0  0  0  2  3.318973e-01  2.000000e-07
 75  70  0  1  0  2  3.878463e-01  2.000000e-07
 75  58  0  1  0  2  4.622265e-01  2.000000e-07
 53  84  0  0  0  2  3.430325e-01  2.000000e-07
 53  69  0  0  0  2  3.575137e-01  2.000000e-07
 53  44  0  0  0  2  3.683623e-01  2.000000e-07
 53  54  0  1  0  2  4.511227e-01  2.000000e-07
 53  76  1  1  0  2  4.563387e-01  2.000000e-07
 53  50  1  1  0  2  5.311672e-01  2.000000e-07
 53  86  0  1  0  2  2.984231e-01  2.000000e-07
 53  60  0  0  0  2  2.698430e-01  2.000000e-07
 53  61  1  0  0  2  4.467391e-01  2.000000e-07
 53  72  1  0  0  2  4.865985e-01  2.000000e-07
 53  62  1  0  0  2  2.617804e-01  2.000000e-07
 53  73  0  1  0  2  3.556616e-01  2.000000e-07
 53  4  0  0  0  2  3.070799e-01  2.000000e-07
 53  87  0  1  0  2  2.848853e-01  2.000000e-07
 53  43  1  0  0  2  4.780909e-01  2.000000e-07
 53  57  0  1  0  2  4.499807e-01  2.000000e-07
 53  70  0  1  0  2  3.457073e-01  2.000000e-07
 78  49  0  0  0  2  2.606123e-01  2.000000e-07
 78  76  0  0  0  2  2.628640e-01  2.000000e-07
 78  55  0  0  0  2  3.118983e-01  2.000000e-07
 78  50  0  0  0  2  3.204212e-01  2.000000e-07
 78  65  0  0  0  2  4.568106e-01  2.000000e-07
 78  60  0  0  0  2  5.008464e-01  2.000000e-07
 78  72  0  0  0  2  2.087272e-01  2.000000e-07
 78  47  0  0  0  2  9.111636e-02  2.000000e-07
 78  57  0  0  0  2  3.072196e-01  2.000000e-07
 78  51  0  0  0  2  1.978828e-01  2.000000e-07
 78  58  0  0  0  2  8.176732e-02  2.000000e-07
 84  44  0  0  0  2  2.565411e-02  2.000000e-07
 84  49  0  0  0  2  2.268330e-01  2.000000e-07
 84  55  0  0  0  2  8.008485e-02  2.000000e-07
 84  50  0  1  0  2  3.934105e-01  2.000000e-07
 84  86  0  1  0  2  5.123271e-01  2.000000e-07
 84  65  0  0  0  2  2.641386e-01  2.000000e-07
 84  60  0  0  0  2  2.853605e-01  2.000000e-07
 84  62  1  0  0  2  4.905101e-01  2.000000e-07
 84  73  0  1  0  2  5.110129e-01  2.000000e-07
 84  43  0  0  0  2  2.273408e-01  2.000000e-07
 84  51  0  0  0  2  3.266443e-01  2.000000e-07
 84  70  0  1  0  2  4.392678e-01  2.000000e-07
 85  69  0  0  0  2  4.395850e-01  2.000000e-07
 85  49  0  0  0  2  2.514792e-01  2.000000e-07
 85  76  0  0  0  2  2.730578e-01  2.000000e-07
 85  56  0  0  0  2  2.988100e-01  2.000000e-07
 85  1 -1  0  0  2  4.377753e-01  2.000000e-07
 85  61  0  0  0  2  2.565228e-01  2.000000e-07
 85  88  0  0  0  2  1.021950e-01  2.000000e-07
 85  48  0  0  0  2  1.530947e-01  2.000000e-07
 85  87 -1  0  0  2  4.273923e-01  2.000000e-07
 85  71 -1  0  0  2  3.677533e-01  2.000000e-07
 69  44  0  0  0  2  5.948212e-02  2.000000e-07
 69  49  0  0  0  2  2.262064e-01  2.000000e-07
 69  55  0  0  0  2  5.003017e-02  2.000000e-07
 69  64  0  0  0  2  1.814702e-01  2.000000e-07
 69  56  0  0  0  2  3.673569e-01  2.000000e-07
 69  60  0  0  0  2  2.548777e-01  2.000000e-07
 69  1  0  0  0  2  3.254268e-01  2.000000e-07
 69  61  0  0  0  2  2.870144e-01  2.000000e-07
 69  3  0  0  0  2  2.183529e-01  2.000000e-07
 69  57  0  0  0  2  4.335312e-01  2.000000e-07
 69  71  0  0  0  2  3.090360e-01  2.000000e-07
 69  74  0  0  0  2  3.394501e-01  2.000000e-07
 44  54  0  1  0  2  4.646485e-01  2.000000e-07
 44  49  0  0  0  2  2.013325e-01  2.000000e-07
 44  76  0  1  0  2  5.620859e-01  2.000000e-07
 44  50  0  1  0  2  3.873087e-01  2.000000e-07
 44  86  0  1  0  2  5.312170e-01  2.000000e-07
 44  60  0  0  0  2  3.053565e-01  2.000000e-07
 44  61  0  0  0  2  2.518732e-01  2.000000e-07
 44  73  0  1  0  2  5.267023e-01  2.000000e-07
 44  43  0  0  0  2  2.072565e-01  2.000000e-07
 44  57  0  1  0  2  5.332627e-01  2.000000e-07
 44  70  0  1  0  2  4.526042e-01  2.000000e-07
 54  76  0  0  0  2  3.498417e-01  2.000000e-07
 54  50  0  0  0  2  2.244310e-01  2.000000e-07
 54  56  0  0  0  2  1.659529e-01  2.000000e-07
 54  3  0  0  0  2  3.026267e-01  2.000000e-07
 54  57  0  0  0  2  9.761530e-02  2.000000e-07
 54  57  0  0  0  2  9.761530e-02  2.000000e-07
 54  74  0  0  0  2  1.729151e-01  2.000000e-07
 54  70  0  0  0  2  1.273259e-01  2.000000e-07
 49  55  0  0  0  2  1.787386e-01  2.000000e-07
 49  60  0  0  0  2  4.715397e-01  2.000000e-07
 49  61  0  0  0  2  7.372915e-02  2.000000e-07
 49  72  0  0  0  2  2.386698e-01  2.000000e-07
 49  62  0  0  0  2  3.006309e-01  2.000000e-07
 49  47  0  0  0  2  2.506485e-01  2.000000e-07
 49  43  0  0  0  2  1.639614e-01  2.000000e-07
 49  57  0  0  0  2  4.956190e-01  2.000000e-07
 49  51  0  0  0  2  1.091379e-01  2.000000e-07
 49  59  0  0  0  2  3.268465e-01  2.000000e-07
 49  74  0  0  0  2  4.211119e-01  2.000000e-07
 76  50  0  0  0  2  1.915190e-01  2.000000e-07
 76  86 -1  0  0  2  3.736611e-01  2.000000e-07
 76  61  0 -1  0  2  4.938791e-01  2.000000e-07
 76  89  0 -1  0  2  3.096603e-01  2.000000e-07
 76  72  0  0  0  2  3.072738e-01  2.000000e-07
 76  73 -1  0  0  2  4.527561e-01  2.000000e-07
 76  48  0  0  0  2  1.420236e-01  2.000000e-07
 76  47  0  0  0  2  2.418251e-01  2.000000e-07
 76  87 -1  0  0  2  3.180886e-01  2.000000e-07
 76  43  0 -1  0  2  3.909361e-01  2.000000e-07
 76  67 -1  0  0  2  5.372011e-01  2.000000e-07
 76  71 -1  0  0  2  4.989912e-01  2.000000e-07
 76  74  0  0  0  2  4.562480e-01  2.000000e-07
 55  64  0  0  0  2  2.258116e-01  2.000000e-07
 55  56  0  0  0  2  3.376462e-01  2.000000e-07
 55  65  0  0  0  2  2.638924e-01  2.000000e-07
 55  61  0  0  0  2  2.428966e-01  2.000000e-07
 55  88  0  0  0  2  3.990078e-01  2.000000e-07
 55  3  0  0  0  2  2.235335e-01  2.000000e-07
 55  57  0  0  0  2  4.238752e-01  2.000000e-07
 55  51  0  0  0  2  2.652363e-01  2.000000e-07
 55  58  0  0  0  2  3.393962e-01  2.000000e-07
 64  68  0  0  0  2  2.265648e-01  2.000000e-07
 64  65  0  0  0  2  7.415999e-02  2.000000e-07
 64  1  0  0  0  2  1.756678e-01  2.000000e-07
 64  3  0  0  0  2  2.010003e-01  2.000000e-07
 64  66  0  0  0  2  1.685966e-01  2.000000e-07
 64  71  0  0  0  2  1.633872e-01  2.000000e-07
 50  86 -1  0  0  2  5.389753e-01  2.000000e-07
 50  89  0 -1  0  2  3.360380e-01  2.000000e-07
 50  62  0 -1  0  2  5.114389e-01  2.000000e-07
 50  73  0  0  0  2  4.113708e-01  2.000000e-07
 50  43  0 -1  0  2  2.559361e-01  2.000000e-07
 50  57  0  0  0  2  3.215889e-01  2.000000e-07
 50  74  0  0  0  2  3.816883e-01  2.000000e-07
 50  58  0  0  0  2  2.692572e-01  2.000000e-07
 56  61  0  0  0  2  4.080108e-01  2.000000e-07
 56  3  0  0  0  2  2.410201e-01  2.000000e-07
 56  74  0  0  0  2  1.697348e-01  2.000000e-07
 56  58  0  0  0  2  4.420807e-02  2.000000e-07
 86  0  0 -1  0  2  4.235392e-01  2.000000e-07
 86  89  1 -1  0  2  3.584833e-01  2.000000e-07
 86  72  1  0  0  2  4.702991e-01  2.000000e-07
 86  62  1 -1  0  2  5.366323e-01  2.000000e-07
 86  73  0  0  0  2  8.816407e-02  2.000000e-07
 86  87  0  0  0  2  5.752685e-02  2.000000e-07
 86  70  0  0  0  2  1.548971e-01  2.000000e-07
 65  60  0  0  0  2  4.431584e-02  2.000000e-07
 65  1  0  0  0  2  2.117422e-01  2.000000e-07
 65  88  1  0  0  2  3.677161e-01  2.000000e-07
 65  3  0  0  0  2  1.638423e-01  2.000000e-07
 65  62  1  0  0  2  2.833383e-01  2.000000e-07
 65  4  0  0  0  2  7.623415e-02  2.000000e-07
 65  66  0  0  0  2  1.042490e-01  2.000000e-07
 65  80  1  0  0  2  3.861541e-01  2.000000e-07
 65  57  0  0  0  2  3.632577e-01  2.000000e-07
 65  58  0  0  0  2  4.339042e-01  2.000000e-07
 60  86  0  1  0  2  5.594040e-01  2.000000e-07
 60  62  1  0  0  2  2.403153e-01  2.000000e-07
 60  4  0  0  0  2  5.571645e-02  2.000000e-07
 60  57  0  0  0  2  4.002249e-01  2.000000e-07
 60  59  1  0  0  2  2.556983e-01  2.000000e-07
 1  61  1  0  0  2  4.060436e-01  2.000000e-07
 1  89  1  0  0  2  2.340149e-01  2.000000e-07
 1  88  1  0  0  2  3.404074e-01  2.000000e-07
 1  87  0  1  0  2  3.884005e-01  2.000000e-07
 1  66  0  0  0  2  3.142186e-01  2.000000e-07
 1  71  0  0  0  2  2.625504e-01  2.000000e-07
 1  70  0  1  0  2  4.405898e-01  2.000000e-07
 61  89  0  0  0  2  2.941142e-01  2.000000e-07
 61  72  0  0  0  2  2.338147e-01  2.000000e-07
 61  88  0  0  0  2  2.064975e-01  2.000000e-07
 61  62  0  0  0  2  2.392686e-01  2.000000e-07
 61  4 -1  0  0  2  4.528278e-01  2.000000e-07
 61  43  0  0  0  2  1.394040e-01  2.000000e-07
 89  88  0  0  0  2  3.636851e-01  2.000000e-07
 89  62  0  0  0  2  2.303378e-01  2.000000e-07
 89  87 -1  1  0  2  3.139036e-01  2.000000e-07
 89  43  0  0  0  2  2.857788e-01  2.000000e-07
 89  51  0  0  0  2  3.851073e-01  2.000000e-07
 72  62  0  0  0  2  2.255748e-01  2.000000e-07
 72  73 -1  0  0  2  5.075617e-01  2.000000e-07
 72  4 -1  0  0  2  3.327928e-01  2.000000e-07
 72  47  0  0  0  2  1.221200e-01  2.000000e-07
 72  51  0  0  0  2  1.302423e-01  2.000000e-07
 72  71 -1  0  0  2  3.465656e-01  2.000000e-07
 72  59  0  0  0  2  1.247086e-01  2.000000e-07
 88  62  0  0  0  2  1.612121e-01  2.000000e-07
 88  47  0  0  0  2  1.833313e-01  2.000000e-07
 88  66 -1  0  0  2  4.015766e-01  2.000000e-07
 88  80  0  0  0  2  1.472606e-01  2.000000e-07
 88  51  0  0  0  2  1.345270e-01  2.000000e-07
 88  71 -1  0  0  2  3.157562e-01  2.000000e-07
 88  59  0  0  0  2  9.641441e-02  2.000000e-07
 3  66  0  0  0  2  9.329374e-02  2.000000e-07
 3  57  0  0  0  2  2.275774e-01  2.000000e-07
 3  67  0  0  0  2  1.044040e-01  2.000000e-07
 3  74  0  0  0  2  1.331129e-01  2.000000e-07
 3  70  0  0  0  2  3.226425e-01  2.000000e-07
 3  58  0  0  0  2  2.715045e-01  2.000000e-07
 62  4 -1  0  0  2  2.237677e-01  2.000000e-07
 62  43  0  0  0  2  3.356903e-01  2.000000e-07
 62  51  0  0  0  2  2.498486e-01  2.000000e-07
 62  59  0  0  0  2  1.622698e-01  2.000000e-07
 73  4  0  0  0  2  3.717038e-01  2.000000e-07
 73  87  0  0  0  2  1.444570e-01  2.000000e-07
 73  43  0 -1  0  2  5.598738e-01  2.000000e-07
 73  57  0  0  0  2  1.292021e-01  2.000000e-07
 73  67  0  0  0  2  2.728604e-01  2.000000e-07
 73  71  0  0  0  2  3.136821e-01  2.000000e-07
 73  74  0  0  0  2  1.858723e-01  2.000000e-07
 73  70  0  0  0  2  9.047763e-02  2.000000e-07
 48  54  0  0  0  2  3.252481e-01  2.000000e-07
 48  56  0  0  0  2  2.080943e-01  2.000000e-07
 48  87 -1  0  0  2  4.002694e-01  2.000000e-07
 48  71 -1  0  0  2  4.684885e-01  2.000000e-07
 48  74  0  0  0  2  3.777479e-01  2.000000e-07
 4  57  0  0  0  2  3.818959e-01  2.000000e-07
 4  67  0  0  0  2  1.271131e-01  2.000000e-07
 4  71  0  0  0  2  5.850257e-02  2.000000e-07
 4  59  1  0  0  2  2.082782e-01  2.000000e-07
 47  80  0  0  0  2  1.567269e-01  2.000000e-07
 47  51  0  0  0  2  1.572719e-01  2.000000e-07
 47  59  0  0  0  2  2.403737e-01  2.000000e-07
 47  58  0  0  0  2  1.665032e-01  2.000000e-07
 87  66  0  0  0  2  3.594696e-01  2.000000e-07
 87  80  1  0  0  2  3.344065e-01  2.000000e-07
 87  67  0  0  0  2  3.491977e-01  2.000000e-07
 87  71  0  0  0  2  3.600536e-01  2.000000e-07
 87  74  0  0  0  2  3.202244e-01  2.000000e-07
 87  70  0  0  0  2  2.109822e-01  2.000000e-07
 43  51  0  0  0  2  2.572590e-01  2.000000e-07
 66  82  1  0  0  2  4.710058e-01  2.000000e-07
 66  80  1  0  0  2  3.804060e-01  2.000000e-07
 66  57  0  0  0  2  2.597827e-01  2.000000e-07
 66  67  0  0  0  2  1.303579e-02  2.000000e-07
 66  71  0  0  0  2  8.698105e-02  2.000000e-07
 66  74  0  0  0  2  1.793649e-01  2.000000e-07
 66  70  0  0  0  2  3.357392e-01  2.000000e-07
 80  51  0  0  0  2  2.339356e-01  2.000000e-07
 80  59  0  0  0  2  1.288439e-01  2.000000e-07
 57  67  0  0  0  2  2.593474e-01  2.000000e-07
 57  74  0  0  0  2  9.520652e-02  2.000000e-07
 57  70  0  0  0  2  1.052353e-01  2.000000e-07
 57  58  0  0  0  2  2.298870e-01  2.000000e-07
 51  59  0  0  0  2  2.303566e-01  2.000000e-07
 51  58  0  0  0  2  2.762570e-01  2.000000e-07
 67  71  0  0  0  2  7.850229e-02  2.000000e-07
 67  74  0  0  0  2  1.821275e-01  2.000000e-07
 59  65 -1  0  0  2  2.845110e-01  2.000000e-07
 74  53  0 -1  0  2  5.331765e-01  2.000000e-07
 74  70  0  0  0  2  1.956553e-01  2.000000e-07
 70  58  0  0  0  2  3.158405e-01  2.000000e-07
 45  76  0  0  0  1  6.292532e-02  3.000000e-07
 45  50  0  0  0  1  1.800096e-01  3.000000e-07
 45  48  0  0  0  1  9.654493e-02  3.000000e-07
 45  58  0  0  0  1  2.012581e-01  3.000000e-07
 0  63  0  0  0  1  2.456250e-01  3.000000e-07
 0  64  0  0  0  1  1.120162e-01  3.000000e-07
 0  60  0  0  0  1  1.358823e-01  3.000000e-07
 0  1  0  0  0  1  7.112803e-02  3.000000e-07
 79  52 -1  0  0  1  2.290300e-01  3.000000e-07
 79  76  0  0  0  1  1.242147e-01  3.000000e-07
 79  89  0 -1  0  1  2.964716e-01  3.000000e-07
 79  48  0  0  0  1  2.089307e-01  3.000000e-07
 79  80  0  0  0  1  2.042066e-01  3.000000e-07
 82  46  0  0  0  1  7.048616e-02  3.000000e-07
 82  48  0  0  0  1  1.049494e-01  3.000000e-07
 82  47  0  0  0  1  6.174179e-02  3.000000e-07
 82  80  0  0  0  1  9.502883e-02  3.000000e-07
 68  63  0  0  0  1  3.086558e-01  3.000000e-07
 68  1  0  0  0  1  8.227422e-02  3.000000e-07
 68  89  1  0  0  1  2.148676e-01  3.000000e-07
 83  63  0  0  0  1  1.696859e-01  3.000000e-07
 83  44  0  0  0  1  1.653922e-01  3.000000e-07
 83  54  0  1  0  1  3.495745e-01  3.000000e-07
 83  50  0  1  0  1  2.256656e-01  3.000000e-07
 83  43  0  0  0  1  9.934356e-02  3.000000e-07
 83  70  0  1  0  1  3.795413e-01  3.000000e-07
 2  65  0  0  0  1  9.597275e-02  3.000000e-07
 2  3  0  0  0  1  8.572915e-02  3.000000e-07
 2  71  0  0  0  1  9.368792e-02  3.000000e-07
 46  78  0  0  0  1  9.680052e-02  3.000000e-07
 46  48  0  0  0  1  5.496785e-02  3.000000e-07
 52  86  0  0  0  1  2.147397e-01  3.000000e-07
 52  73  0  0  0  1  2.293153e-01  3.000000e-07
 52  87  0  0  0  1  2.091385e-01  3.000000e-07
 52  71  0  0  0  1  1.750150e-01  3.000000e-07
 52  59  1  0  0  1  1.989538e-01  3.000000e-07
 63  53  0  0  0  1  3.216508e-01  3.000000e-07
 63  69  0  0  0  1  7.738976e-02  3.000000e-07
 63  64  0  0  0  1  2.062751e-01  3.000000e-07
 75  50  0  1  0  1  2.040564e-01  3.000000e-07
 75  43  0  0  0  1  8.343236e-02  3.000000e-07
 53  86  0  1  0  1  2.984231e-01  3.000000e-07
 53  89  1  0  0  1  2.043909e-01  3.000000e-07
 53  87  0  1  0  1  2.848853e-01  3.000000e-07
 53  70  0  1  0  1  3.457073e-01  3.000000e-07
 78  49  0  0  0  1  2.606123e-01  3.000000e-07
 78  55  0  0  0  1  3.118983e-01  3.000000e-07
 78  56  0  0  0  1  1.214518e-01  3.000000e-07
 78  47  0  0  0  1  9.111636e-02  3.000000e-07
 78  58  0  0  0  1  8.176732e-02  3.000000e-07
 84  69  0  0  0  1  5.440659e-02  3.000000e-07
 85  47  0  0  0  1  8.947349e-02  3.000000e-07
 85  80  0  0  0  1  9.431094e-02  3.000000e-07
 85  51  0  0  0  1  1.426840e-01  3.000000e-07
 69  55  0  0  0  1  5.003017e-02  3.000000e-07
 69  64  0  0  0  1  1.814702e-01  3.000000e-07
 69  3  0  0  0  1  2.183529e-01  3.000000e-07
 44  49  0  0  0  1  2.013325e-01  3.000000e-07
 44  55  0  0  0  1  6.672540e-02  3.000000e-07
 44  43  0  0  0  1  2.072565e-01  3.000000e-07
 54  50  0  0  0  1  2.244310e-01  3.000000e-07
 54  56  0  0  0  1  1.659529e-01  3.000000e-07
 54  57  0  0  0  1  9.761530e-02  3.000000e-07
 54  70  0  0  0  1  1.273259e-01  3.000000e-07
 49  55  0  0  0  1  1.787386e-01  3.000000e-07
 49  61  0  0  0  1  7.372915e-02  3.000000e-07
 49  43  0  0  0  1  1.639614e-01  3.000000e-07
 49  51  0  0  0  1  1.091379e-01  3.000000e-07
 76  89  0 -1  0  1  3.096603e-01  3.000000e-07
 76  48  0  0  0  1  1.420236e-01  3.000000e-07
 55  3  0  0  0  1  2.235335e-01  3.000000e-07
 64  65  0  0  0  1  7.415999e-02  3.000000e-07
 64  3  0  0  0  1  2.010003e-01  3.000000e-07
 50  56  0  0  0  1  2.729210e-01  3.000000e-07
 50  58  0  0  0  1  2.692572e-01  3.000000e-07
 56  3  0  0  0  1  2.410201e-01  3.000000e-07
 56  57  0  0  0  1  1.865555e-01  3.000000e-07
 56  74  0  0  0  1  1.697348e-01  3.000000e-07
 86  73  0  0  0  1  8.816407e-02  3.000000e-07
 86  87  0  0  0  1  5.752685e-02  3.000000e-07
 86  70  0  0  0  1  1.548971e-01  3.000000e-07
 65  3  0  0  0  1  1.638423e-01  3.000000e-07
 65  4  0  0  0  1  7.623415e-02  3.000000e-07
 65  71  0  0  0  1  9.039732e-02  3.000000e-07
 60  1  0  0  0  1  1.740127e-01  3.000000e-07
 60  4  0  0  0  1  5.571645e-02  3.000000e-07
 1  89  1  0  0  1  2.340149e-01  3.000000e-07
 1  62  1  0  0  1  1.862382e-01  3.000000e-07
 61  89  0  0  0  1  2.941142e-01  3.000000e-07
 61  88  0  0  0  1  2.064975e-01  3.000000e-07
 61  62  0  0  0  1  2.392686e-01  3.000000e-07
 61  43  0  0  0  1  1.394040e-01  3.000000e-07
 61  51  0  0  0  1  1.230662e-01  3.000000e-07
 89  62  0  0  0  1  2.303378e-01  3.000000e-07
 89  87 -1  1  0  1  3.139036e-01  3.000000e-07
 89  43  0  0  0  1  2.857788e-01  3.000000e-07
 72  88  0  0  0  1  6.472802e-02  3.000000e-07
 72  51  0  0  0  1  1.302423e-01  3.000000e-07
 72  59  0  0  0  1  1.247086e-01  3.000000e-07
 88  62  0  0  0  1  1.612121e-01  3.000000e-07
 88  51  0  0  0  1  1.345270e-01  3.000000e-07
 3  66  0  0  0  1  9.329374e-02  3.000000e-07
 62  4 -1  0  0  1  2.237677e-01  3.000000e-07
 62  59  0  0  0  1  1.622698e-01  3.000000e-07
 73  57  0  0  0  1  1.292021e-01  3.000000e-07
 73  67  0  0  0  1  2.728604e-01  3.000000e-07
 73  74  0  0  0  1  1.858723e-01  3.000000e-07
 73  70  0  0  0  1  9.047763e-02  3.000000e-07
 48  80  0  0  0  1  1.622132e-01  3.000000e-07
 48  58  0  0  0  1  1.658996e-01  3.000000e-07
 4  71  0  0  0  1  5.850257e-02  3.000000e-07
 4  59  1  0  0  1  2.082782e-01  3.000000e-07
 47  51  0  0  0  1  1.572719e-01  3.000000e-07
 87  79  1  0  0  1  1.984857e-01  3.000000e-07
 66  74  0  0  0  1  1.793649e-01  3.000000e-07
 80  52 -1  0  0  1  1.986845e-01  3.000000e-07
 80  59  0  0  0  1  1.288439e-01  3.000000e-07
 57  74  0  0  0  1  9.520652e-02  3.000000e-07
 57  70  0  0  0  1  1.052353e-01  3.000000e-07
 67  71  0  0  0  1  7.850229e-02  3.000000e-07
 67  74  0  0  0  1  1.821275e-01  3.000000e-07
 71  59  1  0  0  1  2.233356e-01  3.000000e-07
 3.356263e-01  2.380307e-01  0
 4.026876e-01  2.617369e-01  0
 2.543469e-01 -7.557742e-03  0
 1.709425e-01 -2.738721e-02  0
 3.689886e-01  5.940548e-02  0
-3.525622e-01 -2.736110e-01  2.410487e-01
 3.367016e-01 -1.212540e-01  1.344673e-01
-3.240637e-01 -1.432828e-01  2.307817e-01
 2.888936e-01  7.545056e-02  1.772891e-01
 2.901027e-01 -1.591550e-01  3.642651e-01
-1.566622e-01  2.356731e-01  2.783586e-01
 3.243177e-01 -4.401048e-01  1.604003e-01
 2.291323e-01  3.453568e-01  4.396556e-01
 1.697943e-01  3.821282e-01  1.168019e-01
 2.724692e-01  2.633943e-01  1.757021e-01
 2.813431e-01 -1.168830e-01  2.632590e-01
-5.366557e-02 -3.294988e-01  3.553259e-01
 2.841586e-02 -1.423369e-01  1.180129e-01
-4.322110e-01 -2.210181e-01 -3.543968e-01
-4.332251e-01 -3.265567e-01 -3.462220e-01
 4.252859e-01 -3.347525e-01 -1.297074e-01
 2.689207e-01  2.539082e-01 -3.853107e-01
 2.083723e-01 -3.582186e-01 -2.786227e-01
-1.698218e-01  1.919356e-01 -2.495575e-01
-2.373218e-01  6.974483e-03 -1.353705e-01
-1.753425e-01  1.871700e-01 -2.330478e-01
-1.111777e-01  2.501542e-01 -1.473800e-01
 2.004699e-02 -1.113908e-01 -1.354152e-01
 2.703851e-02  2.307327e-01 -2.530838e-01
-1.388771e-01  3.958713e-01 -3.961363e-01
-3.448152e-01 -9.364420e-02 -2.147384e-01
-2.600766e-01 -4.201339e-01 -2.767296e-01
-4.485242e-01 -1.386706e-01  4.488082e-01
-4.433506e-01 -2.624464e-01  4.280441e-01
 4.130603e-01 -3.985902e-01  3.274841e-01
 2.525487e-01 -2.273856e-01  2.996528e-01
 3.691969e-01 -1.598472e-02  2.759492e-01
-2.055534e-01 -9.887958e-02 -3.166261e-01
 2.932795e-01 -1.519826e-01 -3.920605e-01
-1.028658e-01  1.778099e-01 -4.072702e-01
 3.469579e-01 -3.996283e-01 -3.425489e-01
 2.263453e-02  2.862158e-01 -3.661723e-01
 8.525071e-02 -1.738894e-01 -1.345257e-01
-1.332225e-01  3.141474e-01  0
 5.234377e-02  2.218414e-01  0
-2.247152e-01 -2.853327e-01  0
-2.138667e-01 -1.352724e-01  0
-2.092171e-01 -8.945290e-02  0
-2.263596e-01 -1.888017e-01  0
-1.358137e-01  1.502065e-01  0
-1.180883e-01 -4.303643e-01  0
-2.073791e-01  6.780822e-02  0
 4.398854e-01 -1.433178e-01  0
 3.914700e-01  3.656613e-01  0
 7.382367e-02 -3.140069e-01  0
 4.283746e-02  1.557966e-01  0
-1.864691e-02 -1.762043e-01  0
 1.508777e-01 -2.540784e-01  0
-6.189389e-02 -1.670364e-01  0
-4.294977e-01  6.755006e-03  0
 3.332727e-01  1.021688e-01  0
-1.975697e-01  1.904829e-01  0
-4.358628e-01  1.688999e-01  0
 9.042171e-02  2.523955e-01  0
 2.685257e-01  1.483360e-01  0
 2.953706e-01  7.920528e-02  0
 2.639589e-01 -2.019873e-02  0
 2.753431e-01 -2.654945e-02  0
 3.857118e-01  3.422408e-01  0
 8.902780e-02  1.750182e-01  0
 1.962360e-01 -3.490367e-01  0
 3.471727e-01  5.122753e-03  0
-3.069175e-01 -1.618682e-02  0
 2.718745e-01 -2.993878e-01  0
 1.502009e-01 -1.588742e-01  0
-7.201795e-02  3.708481e-01  0
-2.759291e-01 -3.218940e-01  0
-4.315667e-01 -4.431413e-01  2.695829e-01
-1.204365e-01 -1.099517e-01  0
-3.991546e-01 -3.062492e-01  0
-3.651820e-01 -1.048883e-01  0
 4.497913e-01  3.294143e-01 -1.988596e-01
-2.708105e-01 -9.373076e-02  0
-4.344138e-02  3.566738e-01  0
 7.721589e-02  2.281272e-01  0
-2.891015e-01 -4.915413e-02  0
 3.507880e-01 -3.387015e-01  0
 4.072165e-01 -3.498890e-01  0
-3.390063e-01  4.002728e-02  0
-4.066142e-01  3.973731e-01  0