 706  90  1.200000e-05  64 -2 -2
 20  39  0  0  0  3  2.909951e-01  1.000000e-07
 20  85  0 -1  0  3  5.023715e-01  1.000000e-07
 20  41  0 -1  0  3  2.972404e-01  1.000000e-07
 20  34 -1 -1  0  3  7.176917e-01  1.000000e-07
 20  42  0  0  0  3  2.479604e-01  1.000000e-07
 39  15  0  0  0  3  5.068897e-02  1.000000e-07
 39  16  0  0  0  3  1.634672e-01  1.000000e-07
 39  40  0  0  0  3  5.221036e-01  1.000000e-07
 39  35  0  0  0  3  2.166937e-01  1.000000e-07
 39  44  0  0  0  3  2.010907e-01  1.000000e-07
 39  23  0  0  1  3  4.024621e-01  1.000000e-07
 39  46  0  0  1  3  4.351430e-01  1.000000e-07
 15  88  0  0  0  3  2.476108e-01  1.000000e-07
 15  16  0  0  0  3  2.061268e-01  1.000000e-07
 15  44  0  0  0  3  1.673963e-01  1.000000e-07
 15  42  0  0  0  3  2.260915e-01  1.000000e-07
 25  26  0  0  0  3  1.431261e-01  1.000000e-07
 25  88  0  0  0  3  2.600593e-01  1.000000e-07
 25  85  1  0  0  3  4.430581e-01  1.000000e-07
 25  40  1  0  0  3  2.364839e-01  1.000000e-07
 25  44  0  0  0  3  2.462244e-01  1.000000e-07
 25  29  0  0  0  3  8.485552e-02  1.000000e-07
 25  38  1  0  1  3  4.978614e-01  1.000000e-07
 25  31  1  0  1  3  3.538229e-01  1.000000e-07
 25  30  1  0  1  3  4.800859e-01  1.000000e-07
 26  40  1  0  0  3  3.327008e-01  1.000000e-07
 26  44  0  0  0  3  3.008681e-01  1.000000e-07
 26  29  0  0  0  3  1.946931e-01  1.000000e-07
 26  34  0  0  0  3  2.227152e-01  1.000000e-07
 26  33  0  0  1  3  2.725434e-01  1.000000e-07
 26  38  1  0  1  3  4.736660e-01  1.000000e-07
 26  30  1  0  1  3  4.613692e-01  1.000000e-07
 26  32  0  0  1  3  2.499644e-01  1.000000e-07
 14  16  0  0  0  3  4.686695e-01  1.000000e-07
 14  85  0  0  0  3  3.121155e-01  1.000000e-07
 14  54  0  0  0  3  1.544158e-01  1.000000e-07
 14  41  0  0  0  3  1.964234e-01  1.000000e-07
 88  16  0  0  0  3  3.398768e-01  1.000000e-07
 88  40  1  0  0  3  3.663999e-01  1.000000e-07
 88  35  0  0  0  3  3.034240e-01  1.000000e-07
 88  44  0  0  0  3  2.209638e-01  1.000000e-07
 88  34  0  0  0  3  4.196167e-01  1.000000e-07
 16  85  0  0  0  3  3.997295e-01  1.000000e-07
 16  40  0  0  0  3  5.135481e-01  1.000000e-07
 16  44  0  0  0  3  2.888075e-01  1.000000e-07
 16  42  0  0  0  3  3.542357e-01  1.000000e-07
 16  43  0  0  1  3  4.317185e-01  1.000000e-07
 85  21  0  0  0  3  3.817853e-01  1.000000e-07
 85  40  0  0  0  3  3.672357e-01  1.000000e-07
 85  31  0  0  1  3  5.273696e-01  1.000000e-07
 85  30  0  0  1  3  3.774743e-01  1.000000e-07
 54  21  0  0  0  3  1.250774e-01  1.000000e-07
 54  35  0  1  0  3  3.414636e-01  1.000000e-07
 54  34  0  0  0  3  1.820906e-01  1.000000e-07
 54  42  0  1  0  3  3.198028e-01  1.000000e-07
 27  40  0  0  0  3  2.874486e-01  1.000000e-07
 27  35 -1  0  0  3  4.683287e-01  1.000000e-07
 27  41  0 -1  0  3  3.802288e-01  1.000000e-07
 27  44 -1  0  0  3  4.142102e-01  1.000000e-07
 27  29 -1  0  0  3  2.828840e-01  1.000000e-07
 27  43  0  0  1  3  4.612011e-01  1.000000e-07
 27  31  0  0  1  3  2.253131e-01  1.000000e-07
 27  28 -1  0  1  3  3.425075e-01  1.000000e-07
 27  45  0  0  1  3  4.930119e-01  1.000000e-07
 21  35  0  1  0  3  3.327291e-01  1.000000e-07
 21  41  0  0  0  3  2.750931e-01  1.000000e-07
 21  34  0  0  0  3  1.730338e-01  1.000000e-07
 21  42  0  1  0  3  2.922425e-01  1.000000e-07
 21  56  0  0  1  3  3.703568e-01  1.000000e-07
 21  33  0  0  1  3  3.689067e-01  1.000000e-07
 21  37  0  0  1  3  3.694398e-01  1.000000e-07
 40  34 -1  0  0  3  4.598536e-01  1.000000e-07
 35  34  0 -1  0  3  4.144274e-01  1.000000e-07
 35  42  0  0  0  3  2.373063e-01  1.000000e-07
 35  18  0 -1  1  3  4.740930e-01  1.000000e-07
 41  42  0  1  0  3  2.046119e-01  1.000000e-07
 41  43  0  1  1  3  4.380013e-01  1.000000e-07
 41  38  0  0  1  3  3.550616e-01  1.000000e-07
 41  18  0  0  1  3  3.210617e-01  1.000000e-07
 29  33  0  0  1  3  3.744007e-01  1.000000e-07
 29  31  1  0  1  3  2.955368e-01  1.000000e-07
 29  46  0  0  1  3  4.479250e-01  1.000000e-07
 29  30  1  0  1  3  4.808347e-01  1.000000e-07
 29  28  0  0  1  3  2.852755e-01  1.000000e-07
 29  32  0  0  1  3  3.740056e-01  1.000000e-07
 34  33  0  0  1  3  3.393134e-01  1.000000e-07
 34  32  0  0  1  3  3.053898e-01  1.000000e-07
 42  46  0  0  1  3  4.397414e-01  1.000000e-07
 42  48  0  0  1  3  4.360796e-01  1.000000e-07
 55  56  0  0  0  3  1.790296e-01  1.000000e-07
 55  22  0  0  0  3  1.604767e-01  1.000000e-07
 55  23  0  0  0  3  3.138972e-01  1.000000e-07
 55  18  0  0  0  3  2.477477e-01  1.000000e-07
 55  46  0  0  0  3  3.880589e-01  1.000000e-07
 55  36  0  0  0  3  2.866655e-01  1.000000e-07
 55  32  0  0  0  3  2.325547e-01  1.000000e-07
 55  19  0  0  0  3  2.194902e-01  1.000000e-07
 56  17  0  1  0  3  3.123914e-01  1.000000e-07
 56  38  1  0  0  3  4.851087e-01  1.000000e-07
 56  36  0  0  0  3  2.963290e-01  1.000000e-07
 56  28  0  1  0  3  4.143540e-01  1.000000e-07
 56  32  0  0  0  3  2.799667e-01  1.000000e-07
 56  37  0  0  0  3  3.011655e-01  1.000000e-07
 43  20  0  0 -1  3  4.771975e-01  1.000000e-07
 43  24  0  0  0  3  3.067971e-01  1.000000e-07
 43  18  0 -1  0  3  4.201831e-01  1.000000e-07
 43  46  0  0  0  3  3.151005e-01  1.000000e-07
 17  38  1 -1  0  3  5.396446e-01  1.000000e-07
 17  46  0  0  0  3  2.777223e-01  1.000000e-07
 17  36  0 -1  0  3  4.687305e-01  1.000000e-07
 17  19  0 -1  0  3  3.309041e-01  1.000000e-07
 24  31  0  0  0  3  3.099505e-01  1.000000e-07
 24  47  0 -1  0  3  5.717495e-01  1.000000e-07
 24  47  0  0  0  3  4.552946e-01  1.000000e-07
 24  46 -1  0  0  3  4.188915e-01  1.000000e-07
 24  36 -1  0  0  3  4.285894e-01  1.000000e-07
 24  48  0  0  0  3  1.861352e-01  1.000000e-07
 24  45  0  0  0  3  4.274942e-01  1.000000e-07
 33  44  0  0 -1  3  3.930410e-01  1.000000e-07
 33  23  0  0  0  3  1.975134e-01  1.000000e-07
 33  46  0  0  0  3  2.770664e-01  1.000000e-07
 33  32  0  0  0  3  1.047481e-01  1.000000e-07
 33  37  0  0  0  3  1.082355e-01  1.000000e-07
 38  31  0  1  0  3  5.198540e-01  1.000000e-07
 38  18  0  0  0  3  3.819918e-01  1.000000e-07
 38  36 -1  0  0  3  3.009743e-01  1.000000e-07
 38  37  0  0  0  3  4.342058e-01  1.000000e-07
 22  23  0  0  0  3  2.646826e-01  1.000000e-07
 22  47  0  0  0  3  3.542748e-01  1.000000e-07
 22  37  0  0  0  3  2.030299e-01  1.000000e-07
 23  46  0  0  0  3  1.050264e-01  1.000000e-07
 23  36  0  0  0  3  4.227101e-01  1.000000e-07
 23  32  0  0  0  3  2.709854e-01  1.000000e-07
 23  37  0  0  0  3  2.073134e-01  1.000000e-07
 23  45  0  0  0  3  2.220125e-01  1.000000e-07
 31  28 -1  0  0  3  1.855426e-01  1.000000e-07
 31  32 -1  0  0  3  5.203750e-01  1.000000e-07
 31  48  0  0  0  3  2.537200e-01  1.000000e-07
 47  18  0  0  0  3  4.056199e-01  1.000000e-07
 47  19  0  0  0  3  4.649010e-01  1.000000e-07
 47  48  0  1  0  3  5.106334e-01  1.000000e-07
 47  45  0  0  0  3  3.357175e-01  1.000000e-07
 18  37  0  0  0  3  2.895075e-01  1.000000e-07
 18  19  0  0  0  3  1.516198e-01  1.000000e-07
 18  45  0  0  0  3  4.166279e-01  1.000000e-07
 46  36  0  0  0  3  4.376790e-01  1.000000e-07
 46  28  0  0  0  3  3.540566e-01  1.000000e-07
 46  19  0 -1  0  3  4.147990e-01  1.000000e-07
 36  30  1  0  0  3  1.904306e-01  1.000000e-07
 36  32  0  0  0  3  2.842233e-01  1.000000e-07
 30  28 -1  0  0  3  5.055745e-01  1.000000e-07
 30  32 -1  0  0  3  3.873904e-01  1.000000e-07
 30  48  0  0  0  3  4.047098e-01  1.000000e-07
 30  45  0  0  0  3  3.318677e-01  1.000000e-07
 28  41  1 -1 -1  3  4.900778e-01  1.000000e-07
 28  32  0  0  0  3  4.918835e-01  1.000000e-07
 28  48  1  0  0  3  3.688515e-01  1.000000e-07
 32  37  0  0  0  3  1.614029e-01  1.000000e-07
 37  45  0  0  0  3  2.177562e-01  1.000000e-07
 19  48  0  1  0  3  4.786523e-01  1.000000e-07
 48  45  0  0  0  3  3.352347e-01  1.000000e-07
 20  81  0  0  0  3  4.288315e-01  1.000000e-07
 87  22  0  0  0  3  2.028625e-01  1.000000e-07
 88  65  0  0  0  3  2.046051e-01  1.000000e-07
 63  17  0  0  0  3  2.171918e-01  1.000000e-07
 54  9  0  0  0  3  2.960797e-01  1.000000e-07
 5  55  0  0  0  3  1.974277e-01  1.000000e-07
 14  57  0  0  0  3  3.443169e-01  1.000000e-07
 75  22  0  0  0  3  1.669081e-01  1.000000e-07
 35  52  0 -1  0  3  4.064148e-01  1.000000e-07
 78  19  0  0  0  3  1.980220e-01  1.000000e-07
 40  87  0  0  0  3  2.286998e-01  1.000000e-07
 83  45  0  0  0  3  3.524525e-01  1.000000e-07
 14  80  0  1  0  3  3.400854e-01  1.000000e-07
 49  43  0  0  0  3  3.032240e-01  1.000000e-07
 85  3  0  0  0  3  4.376669e-01  1.000000e-07
 84  47  0  0  0  3  1.702499e-01  1.000000e-07
 14  78  0  0  0  3  2.931033e-01  1.000000e-07
 51  19  0  0  0  3  1.864975e-01  1.000000e-07
 39  64  0  0  0  3  3.996555e-01  1.000000e-07
 57  22  0  0  0  3  1.580010e-01  1.000000e-07
 54  4  0  0  0  3  2.872046e-01  1.000000e-07
 7  56  0  0  0  3  2.508469e-01  1.000000e-07
 88  0  0  0  0  3  2.393913e-01  1.000000e-07
 89  24  1  0  0  3  2.208892e-01  1.000000e-07
 44  63  0  0  0  3  3.641951e-01  1.000000e-07
 65  17  0  0  0  3  1.719483e-01  1.000000e-07
 15  49  0  0  0  3  3.378563e-01  1.000000e-07
 80  43  0  0  0  3  2.657805e-01  1.000000e-07
 20  59  0  0  0  3  2.867414e-01  1.000000e-07
 12  48  0  0  0  3  2.379247e-01  1.000000e-07
 14  80  0  1  0  3  3.444473e-01  1.000000e-07
 11  48  0  0  0  3  2.928708e-01  1.000000e-07
 15  50  0  0  0  3  3.196115e-01  1.000000e-07
 62  46  0  0  0  3  2.458266e-01  1.000000e-07
 54  73  0  0  0  3  3.671612e-01  1.000000e-07
 52  17  0  1  0  3  2.123256e-01  1.000000e-07
 15  61  0  0  0  3  3.958613e-01  1.000000e-07
 49  19  0 -1  0  3  2.222343e-01  1.000000e-07
 54  57  0  0  0  3  3.272825e-01  1.000000e-07
 75  22  0  0  0  3  1.576822e-01  1.000000e-07
 20  86  0  0  0  3  3.996435e-01  1.000000e-07
 53  17 -1  0  0  3  2.269204e-01  1.000000e-07
 14  79  0  0  0  3  3.448271e-01  1.000000e-07
 76  47  0  0  0  3  2.102606e-01  1.000000e-07
 15  64  0  0  0  3  3.889458e-01  1.000000e-07
 57  22  0  0  0  3  1.663504e-01  1.000000e-07
 3  57  0  0  0  2  2.577396e-01  2.000000e-07
 3  79  0  0  0  2  9.519350e-02  2.000000e-07
 3  82  0  0  0  2  3.790817e-01  2.000000e-07
 3  74  0  0  0  2  1.672546e-01  2.000000e-07
 3  71  0  0  0  2  2.259132e-01  2.000000e-07
 3  58  0  0  0  2  1.531385e-01  2.000000e-07
 3  83  0  0  0  2  3.197137e-01  2.000000e-07
 3  76  0  0  0  2  4.968845e-02  2.000000e-07
 3  75  0  0  0  2  2.401157e-01  2.000000e-07
 10  70  0  1  0  2  2.106166e-01  2.000000e-07
 10  66  0  0  0  2  1.279457e-01  2.000000e-07
 10  6  1  0  0  2  2.725227e-01  2.000000e-07
 10  7  0  0  0  2  1.080542e-01  2.000000e-07
 10  63  0  1  0  2  2.792535e-01  2.000000e-07
 10  78  0  0  0  2  2.521322e-01  2.000000e-07
 10  77  1  0  0  2  3.048810e-01  2.000000e-07
 10  71  1  0  0  2  3.914540e-01  2.000000e-07
 10  72  1  0  0  2  3.499811e-01  2.000000e-07
 10  58  1  0  0  2  3.642573e-01  2.000000e-07
 10  73  0  0  0  2  9.637382e-02  2.000000e-07
 10  53  1  1  0  2  4.173131e-01  2.000000e-07
 10  68  0  0  0  2  9.510484e-02  2.000000e-07
 10  5  0  0  0  2  2.310914e-01  2.000000e-07
 10  4  0  0  0  2  1.040474e-01  2.000000e-07
 70  49  0  0  0  2  4.155311e-01  2.000000e-07
 70  65  0  0  0  2  1.234640e-01  2.000000e-07
 70  1  0  0  0  2  3.178240e-01  2.000000e-07
 70  50  0  0  0  2  2.937178e-01  2.000000e-07
 70  8  0  0  0  2  4.938713e-03  2.000000e-07
 70  7  0 -1  0  2  2.473142e-01  2.000000e-07
 70  59  1  0  0  2  4.342486e-01  2.000000e-07
 70  63  0  0  0  2  7.726346e-02  2.000000e-07
 70  77  1 -1  0  2  3.141693e-01  2.000000e-07
 70  83  1  0  0  2  4.437323e-01  2.000000e-07
 70  86  1  0  0  2  2.631904e-01  2.000000e-07
 70  53  1  0  0  2  2.722218e-01  2.000000e-07
 70  68  0 -1  0  2  2.892003e-01  2.000000e-07
 89  62  0  0  0  2  2.249616e-01  2.000000e-07
 89  81  1  0  0  2  4.464612e-01  2.000000e-07
 89  82  1  0  0  2  3.447970e-01  2.000000e-07
 89  59  1  0  0  2  4.250723e-01  2.000000e-07
 89  0  0  0  0  2  3.214946e-02  2.000000e-07
 89  60  1  0  0  2  4.279632e-01  2.000000e-07
 89  67  0  0  0  2  3.599824e-01  2.000000e-07
 89  72  1  0  0  2  4.006921e-01  2.000000e-07
 89  58  1  0  0  2  4.227956e-01  2.000000e-07
 89  73  0 -1  0  2  4.691687e-01  2.000000e-07
 89  73  0  0  0  2  5.417582e-01  2.000000e-07
 89  83  1  0  0  2  2.065246e-01  2.000000e-07
 89  86  1  0  0  2  2.708109e-01  2.000000e-07
 89  84  1  0  0  2  3.575919e-01  2.000000e-07
 89  69  0  0  0  2  2.797104e-01  2.000000e-07
 89  76  1  0  0  2  5.002161e-01  2.000000e-07
 62  65  0  0  0  2  1.821004e-01  2.000000e-07
 62  57  0  0  0  2  3.740727e-01  2.000000e-07
 62  1  0  0  0  2  1.219964e-01  2.000000e-07
 62  50  0  0  0  2  1.087430e-01  2.000000e-07
 62  81  0  0  0  2  3.426892e-01  2.000000e-07
 62  82  0  0  0  2  4.536818e-01  2.000000e-07
 62  63  0  0  0  2  2.237163e-01  2.000000e-07
 62  0  0  0  0  2  1.940079e-01  2.000000e-07
 62  67  0  0  0  2  3.120622e-01  2.000000e-07
 62  71  1  0  0  2  4.396249e-01  2.000000e-07
 62  73  0 -1  0  2  4.250431e-01  2.000000e-07
 62  83  1  0  0  2  4.268992e-01  2.000000e-07
 62  86  1  0  0  2  4.016332e-01  2.000000e-07
 62  61  0  0  0  2  2.073776e-01  2.000000e-07
 62  69  0  0  0  2  2.602664e-01  2.000000e-07
 62  5  0  0  0  2  3.368076e-01  2.000000e-07
 62  75  0  0  0  2  4.307439e-01  2.000000e-07
 66  57  0  0  0  2  1.971572e-01  2.000000e-07
 66  1  0  0  0  2  4.089739e-01  2.000000e-07
 66  7  0  0  0  2  9.845335e-02  2.000000e-07
 66  51  0  0  0  2  2.444588e-01  2.000000e-07
 66  78  0  0  0  2  2.166742e-01  2.000000e-07
 66  64  0  0  0  2  2.697299e-01  2.000000e-07
 66  74  0  0  0  2  3.186224e-01  2.000000e-07
 66  71  1  0  0  2  4.177179e-01  2.000000e-07
 66  72  1  0  0  2  4.263230e-01  2.000000e-07
 66  68  0  0  0  2  3.474108e-02  2.000000e-07
 66  5  0  0  0  2  1.095539e-01  2.000000e-07
 49  65  0  0  0  2  3.763628e-01  2.000000e-07
 49  50  0  0  0  2  2.150747e-01  2.000000e-07
 49  82  0  0  0  2  2.248979e-01  2.000000e-07
 49  7  0 -1  0  2  3.888063e-01  2.000000e-07
 49  51  0 -1  0  2  3.060665e-01  2.000000e-07
 49  59  0  0  0  2  1.717678e-01  2.000000e-07
 49  63  0  0  0  2  3.779936e-01  2.000000e-07
 49  11  0  0  0  2  1.281848e-01  2.000000e-07
 49  78  0 -1  0  2  2.632782e-01  2.000000e-07
 49  64  0  0  0  2  3.985676e-01  2.000000e-07
 49  60  0  0  0  2  2.450137e-01  2.000000e-07
 49  61  0  0  0  2  1.693536e-01  2.000000e-07
 49  52  0 -1  0  2  3.096449e-01  2.000000e-07
 49  80  0  0  0  2  8.046731e-02  2.000000e-07
 49  13  0  0  0  2  1.521752e-01  2.000000e-07
 49  87  0  0  0  2  2.682843e-01  2.000000e-07
 49  12  0  0  0  2  2.128835e-01  2.000000e-07
 65  1  0  0  0  2  1.972694e-01  2.000000e-07
 65  50  0  0  0  2  2.031049e-01  2.000000e-07
 65  81  0  0  0  2  4.869836e-01  2.000000e-07
 65  8  0  0  0  2  1.263840e-01  2.000000e-07
 65  59  0  0  0  2  5.476669e-01  2.000000e-07
 65  63  0  0  0  2  4.773208e-02  2.000000e-07
 65  64  0  0  0  2  3.666664e-01  2.000000e-07
 65  0  0  0  0  2  2.155999e-01  2.000000e-07
 65  60  1  0  0  2  4.107033e-01  2.000000e-07
 65  73  0 -1  0  2  2.527596e-01  2.000000e-07
 65  83  1  0  0  2  3.845021e-01  2.000000e-07
 65  61  0  0  0  2  2.086594e-01  2.000000e-07
 65  52  0 -1  0  2  2.968112e-01  2.000000e-07
 6  70 -1  1  0  2  3.028730e-01  2.000000e-07
 6  8 -1  1  0  2  3.029913e-01  2.000000e-07
 6  59  0  1  0  2  3.420875e-01  2.000000e-07
 6  77  0  0  0  2  3.795994e-02  2.000000e-07
 6  60  0  1  0  2  2.546125e-01  2.000000e-07
 6  71  0  0  0  2  2.809820e-01  2.000000e-07
 6  72  0  0  0  2  1.325097e-01  2.000000e-07
 6  58  0  0  0  2  1.305227e-01  2.000000e-07
 6  73 -1  0  0  2  2.255973e-01  2.000000e-07
 6  68 -1  0  0  2  3.543206e-01  2.000000e-07
 6  76  0  0  0  2  2.954764e-01  2.000000e-07
 57  50  0  0  0  2  4.093674e-01  2.000000e-07
 57  82  0  0  0  2  4.554851e-01  2.000000e-07
 57  7  0  0  0  2  2.544939e-01  2.000000e-07
 57  51  0  0  0  2  2.060211e-01  2.000000e-07
 57  78  0  0  0  2  2.652717e-01  2.000000e-07
 57  64  0  0  0  2  1.896006e-01  2.000000e-07
 57  74  0  0  0  2  2.084499e-01  2.000000e-07
 57  84  0  0  0  2  3.181529e-01  2.000000e-07
 57  69  0  0  0  2  2.061188e-01  2.000000e-07
 57  5  0  0  0  2  1.278128e-01  2.000000e-07
 57  87  0  0  0  2  3.583725e-01  2.000000e-07
 57  75  0  0  0  2  5.711184e-02  2.000000e-07
 1  81  1  0  0  2  5.496050e-01  2.000000e-07
 1  59  1  0  0  2  5.028889e-01  2.000000e-07
 1  63  0  0  0  2  2.448866e-01  2.000000e-07
 1  64  0  0  0  2  2.228679e-01  2.000000e-07
 1  0  0  0  0  2  7.535453e-02  2.000000e-07
 1  67  0  0  0  2  3.075570e-01  2.000000e-07
 1  71  1  0  0  2  3.214565e-01  2.000000e-07
 1  72  1  0  0  2  4.735438e-01  2.000000e-07
 1  83  1  0  0  2  3.098646e-01  2.000000e-07
 1  84  1  0  0  2  4.545440e-01  2.000000e-07
 1  68  0  0  0  2  4.327572e-01  2.000000e-07
 1  87  1  0  0  2  4.745521e-01  2.000000e-07
 9  8  0  1  0  2  3.773618e-01  2.000000e-07
 9  51  0  0  0  2  1.570381e-01  2.000000e-07
 9  59  0  1  0  2  5.013874e-01  2.000000e-07
 9  78  0  0  0  2  1.692588e-01  2.000000e-07
 9  64  0  0  0  2  2.619953e-01  2.000000e-07
 9  67  0  0  0  2  1.391914e-01  2.000000e-07
 9  73  0  0  0  2  3.047999e-01  2.000000e-07
 9  61  0  1  0  2  3.898639e-01  2.000000e-07
 9  52  0  0  0  2  1.779938e-01  2.000000e-07
 9  68  0  0  0  2  1.247888e-01  2.000000e-07
 9  76  0  0  0  2  2.858249e-01  2.000000e-07
 9  4  0  0  0  2  1.254625e-01  2.000000e-07
 9  75  0  0  0  2  9.689558e-02  2.000000e-07
 50  82  0  0  0  2  3.702507e-01  2.000000e-07
 50  63  0  0  0  2  2.274133e-01  2.000000e-07
 50  78  0 -1  0  2  3.445084e-01  2.000000e-07
 50  64  0  0  0  2  2.422262e-01  2.000000e-07
 50  71  1  0  0  2  5.480353e-01  2.000000e-07
 50  83  1  0  0  2  5.229840e-01  2.000000e-07
 50  61  0  0  0  2  1.117969e-01  2.000000e-07
 50  13  0  0  0  2  3.266073e-01  2.000000e-07
 50  5  0  0  0  2  4.037916e-01  2.000000e-07
 50  87  0  0  0  2  3.530822e-01  2.000000e-07
 81  1  0  0  0  2  4.507618e-01  2.000000e-07
 81  82  0  0  0  2  1.470799e-01  2.000000e-07
 81  59  0  0  0  2  2.740146e-01  2.000000e-07
 81  64  0  0  0  2  2.905292e-01  2.000000e-07
 81  0 -1  0  0  2  4.742656e-01  2.000000e-07
 81  60  0  0  0  2  3.587184e-01  2.000000e-07
 81  67  0  0  0  2  3.827405e-01  2.000000e-07
 81  61  0  0  0  2  3.326769e-01  2.000000e-07
 81  52  0 -1  0  2  5.319217e-01  2.000000e-07
 81  84  0  0  0  2  2.522689e-01  2.000000e-07
 81  76  0  0  0  2  3.190801e-01  2.000000e-07
 81  87  0  0  0  2  7.511848e-02  2.000000e-07
 81  75  0  0  0  2  3.534560e-01  2.000000e-07
 79  11  0  1  0  2  3.777334e-01  2.000000e-07
 79  77  0  0  0  2  2.093424e-01  2.000000e-07
 79  60  0  1  0  2  3.068796e-01  2.000000e-07
 79  74  0  0  0  2  1.124566e-01  2.000000e-07
 79  2  0  0  0  2  4.942373e-02  2.000000e-07
 79  71  0  0  0  2  2.805587e-01  2.000000e-07
 79  72  0  0  0  2  1.539307e-01  2.000000e-07
 79  58  0  0  0  2  1.324842e-01  2.000000e-07
 79  53  0  1  0  2  4.064194e-01  2.000000e-07
 79  84  0  0  0  2  1.869265e-01  2.000000e-07
 79  80  0  1  0  2  3.458270e-01  2.000000e-07
 79  12  0  1  0  2  4.126211e-01  2.000000e-07
 79  75  0  0  0  2  2.444601e-01  2.000000e-07
 8  7  0 -1  0  2  2.423888e-01  2.000000e-07
 8  77  1 -1  0  2  3.148639e-01  2.000000e-07
 8  60  1  0  0  2  3.729575e-01  2.000000e-07
 8  73  0 -1  0  2  1.264658e-01  2.000000e-07
 8  61  0  0  0  2  2.497677e-01  2.000000e-07
 8  52  0 -1  0  2  2.253753e-01  2.000000e-07
 8  68  0 -1  0  2  2.844922e-01  2.000000e-07
 82  59  0  0  0  2  1.608416e-01  2.000000e-07
 82  0 -1  0  0  2  3.675819e-01  2.000000e-07
 82  60  0  0  0  2  2.323887e-01  2.000000e-07
 82  83  0  0  0  2  1.557880e-01  2.000000e-07
 82  86  0  0  0  2  2.214833e-01  2.000000e-07
 82  61  0  0  0  2  3.769688e-01  2.000000e-07
 82  13  0  0  0  2  7.969264e-02  2.000000e-07
 82  76  0  0  0  2  4.105029e-01  2.000000e-07
 82  87  0  0  0  2  1.009684e-01  2.000000e-07
 82  12  0  0  0  2  1.216577e-01  2.000000e-07
 82  75  0  0  0  2  4.883099e-01  2.000000e-07
 7  51  0  0  0  2  2.135895e-01  2.000000e-07
 7  63  0  1  0  2  2.960369e-01  2.000000e-07
 7  78  0  0  0  2  1.474081e-01  2.000000e-07
 7  74  0  0  0  2  3.084642e-01  2.000000e-07
 7  52  0  0  0  2  8.061882e-02  2.000000e-07
 7  68  0  0  0  2  7.465556e-02  2.000000e-07
 51  59  0  1  0  2  3.486310e-01  2.000000e-07
 51  11  0  1  0  2  3.344684e-01  2.000000e-07
 51  78  0  0  0  2  1.043183e-01  2.000000e-07
 51  64  0  0  0  2  3.912989e-01  2.000000e-07
 51  77  0  0  0  2  3.761712e-01  2.000000e-07
 51  74  0  0  0  2  1.034320e-01  2.000000e-07
 51  72  0  0  0  2  3.665278e-01  2.000000e-07
 51  52  0  0  0  2  1.886950e-01  2.000000e-07
 51  68  0  0  0  2  2.523459e-01  2.000000e-07
 51  80  0  1  0  2  2.603671e-01  2.000000e-07
 51  76  0  0  0  2  2.179298e-01  2.000000e-07
 59  65 -1  0  0  2  4.558666e-01  2.000000e-07
 59  8 -1  0  0  2  4.381789e-01  2.000000e-07
 59  11  0  0  0  2  4.394656e-02  2.000000e-07
 59  64  0  0  0  2  5.234029e-01  2.000000e-07
 59  77  0 -1  0  2  3.065678e-01  2.000000e-07
 59  0 -1  0  0  2  4.382820e-01  2.000000e-07
 59  60  0  0  0  2  8.800332e-02  2.000000e-07
 59  2  0 -1  0  2  3.286989e-01  2.000000e-07
 59  83  0  0  0  2  2.864928e-01  2.000000e-07
 59  86  0  0  0  2  1.905308e-01  2.000000e-07
 59  61  0  0  0  2  3.395431e-01  2.000000e-07
 59  52  0 -1  0  2  4.313757e-01  2.000000e-07
 59  53  0  0  0  2  1.665227e-01  2.000000e-07
 59  84  0  0  0  2  4.573309e-01  2.000000e-07
 59  80  0  0  0  2  1.218947e-01  2.000000e-07
 59  13  0  0  0  2  1.000560e-01  2.000000e-07
 59  76  0 -1  0  2  4.364622e-01  2.000000e-07
 59  87  0  0  0  2  2.553685e-01  2.000000e-07
 63  78  0 -1  0  2  3.323796e-01  2.000000e-07
 63  64  0  0  0  2  4.098342e-01  2.000000e-07
 63  71  1  0  0  2  5.171474e-01  2.000000e-07
 63  73  0 -1  0  2  2.056117e-01  2.000000e-07
 63  83  1  0  0  2  4.119927e-01  2.000000e-07
 63  86  1  0  0  2  2.676520e-01  2.000000e-07
 63  61  0  0  0  2  2.087196e-01  2.000000e-07
 63  52  0 -1  0  2  2.592378e-01  2.000000e-07
 63  4  0 -1  0  2  3.100212e-01  2.000000e-07
 11  77  0 -1  0  2  3.402585e-01  2.000000e-07
 11  74  0 -1  0  2  3.513966e-01  2.000000e-07
 11  80  0  0  0  2  8.753156e-02  2.000000e-07
 11  13  0  0  0  2  8.322025e-02  2.000000e-07
 11  87  0  0  0  2  2.428142e-01  2.000000e-07
 11  12  0  0  0  2  9.056494e-02  2.000000e-07
 78  60  0  1  0  2  3.741919e-01  2.000000e-07
 78  74  0  0  0  2  2.069255e-01  2.000000e-07
 78  2  0  0  0  2  2.712118e-01  2.000000e-07
 78  61  0  1  0  2  2.327665e-01  2.000000e-07
 78  80  0  1  0  2  2.450954e-01  2.000000e-07
 78  75  0  0  0  2  2.146252e-01  2.000000e-07
 64  67  0  0  0  2  1.375836e-01  2.000000e-07
 64  71  1  0  0  2  4.395451e-01  2.000000e-07
 64  84  0  0  0  2  4.266709e-01  2.000000e-07
 64  68  0  0  0  2  3.029319e-01  2.000000e-07
 64  5  0  0  0  2  1.618403e-01  2.000000e-07
 64  76  0  0  0  2  3.795553e-01  2.000000e-07
 64  87  0  0  0  2  3.605261e-01  2.000000e-07
 77  60  0  1  0  2  2.196992e-01  2.000000e-07
 77  74  0  0  0  2  2.960031e-01  2.000000e-07
 77  71  0  0  0  2  3.036111e-01  2.000000e-07
 77  72  0  0  0  2  1.430905e-01  2.000000e-07
 77  58  0  0  0  2  1.346427e-01  2.000000e-07
 77  53  0  1  0  2  2.566484e-01  2.000000e-07
 77  76  0  0  0  2  2.825395e-01  2.000000e-07
 0  60  1  0  0  2  4.349521e-01  2.000000e-07
 0  67  0  0  0  2  3.523561e-01  2.000000e-07
 0  72  1  0  0  2  4.289825e-01  2.000000e-07
 0  73  0 -1  0  2  4.492758e-01  2.000000e-07
 0  61  0  0  0  2  3.698910e-01  2.000000e-07
 0  84  1  0  0  2  3.896950e-01  2.000000e-07
 0  69  0  0  0  2  2.734266e-01  2.000000e-07
 60  2  0 -1  0  2  2.777583e-01  2.000000e-07
 60  58  0 -1  0  2  3.223274e-01  2.000000e-07
 60  73 -1 -1  0  2  3.827261e-01  2.000000e-07
 60  86  0  0  0  2  1.627623e-01  2.000000e-07
 60  61  0  0  0  2  4.051136e-01  2.000000e-07
 60  53  0  0  0  2  1.275445e-01  2.000000e-07
 60  80  0  0  0  2  1.767056e-01  2.000000e-07
 60  76  0 -1  0  2  3.830691e-01  2.000000e-07
 60  12  0  0  0  2  1.112684e-01  2.000000e-07
 74  2  0  0  0  2  7.781424e-02  2.000000e-07
 74  72  0  0  0  2  2.660917e-01  2.000000e-07
 74  84  0  0  0  2  2.663805e-01  2.000000e-07
 74  80  0  1  0  2  2.960861e-01  2.000000e-07
 74  75  0  0  0  2  1.588352e-01  2.000000e-07
 2  58  0  0  0  2  1.708257e-01  2.000000e-07
 2  73 -1  0  0  2  4.691854e-01  2.000000e-07
 2  61  0  1  0  2  4.529460e-01  2.000000e-07
 2  80  0  1  0  2  2.996579e-01  2.000000e-07
 2  76  0  0  0  2  1.077712e-01  2.000000e-07
 2  75  0  0  0  2  2.293090e-01  2.000000e-07
 67  72  1  0  0  2  4.734967e-01  2.000000e-07
 67  73  0  0  0  2  3.469750e-01  2.000000e-07
 67  68  0  0  0  2  1.663947e-01  2.000000e-07
 67  69  0  0  0  2  8.082297e-02  2.000000e-07
 67  5  0  0  0  2  2.483035e-02  2.000000e-07
 67  76  0  0  0  2  3.512761e-01  2.000000e-07
 67  4  0  0  0  2  2.096588e-01  2.000000e-07
 67  75  0  0  0  2  1.670901e-01  2.000000e-07
 71  89 -1  0  0  2  2.364813e-01  2.000000e-07
 71  72  0  0  0  2  1.705376e-01  2.000000e-07
 71  58  0  0  0  2  1.905704e-01  2.000000e-07
 71  83  0  0  0  2  1.965017e-01  2.000000e-07
 71  84  0  0  0  2  1.504245e-01  2.000000e-07
 71  69 -1  0  0  2  3.457607e-01  2.000000e-07
 71  5 -1  0  0  2  4.203316e-01  2.000000e-07
 72  73 -1  0  0  2  3.323878e-01  2.000000e-07
 72  84  0  0  0  2  1.770555e-01  2.000000e-07
 72  68 -1  0  0  2  4.113918e-01  2.000000e-07
 72  76  0  0  0  2  1.958439e-01  2.000000e-07
 58  73 -1  0  0  2  3.409358e-01  2.000000e-07
 58  83  0  0  0  2  3.639909e-01  2.000000e-07
 58  53  0  1  0  2  3.854497e-01  2.000000e-07
 58  69 -1  0  0  2  4.487384e-01  2.000000e-07
 58  5 -1  0  0  2  4.919249e-01  2.000000e-07
 58  76  0  0  0  2  1.803699e-01  2.000000e-07
 73  86  1  1  0  2  3.285661e-01  2.000000e-07
 73  61  0  1  0  2  3.321960e-01  2.000000e-07
 73  52  0  0  0  2  2.065226e-01  2.000000e-07
 73  53  1  1  0  2  3.227881e-01  2.000000e-07
 73  68  0  0  0  2  1.895905e-01  2.000000e-07
 73  69  0  0  0  2  3.618978e-01  2.000000e-07
 73  76  1  0  0  2  5.175396e-01  2.000000e-07
 83  86  0  0  0  2  2.290825e-01  2.000000e-07
 83  53  0  0  0  2  2.556846e-01  2.000000e-07
 83  84  0  0  0  2  2.208417e-01  2.000000e-07
 83  13  0  0  0  2  2.321352e-01  2.000000e-07
 83  69 -1  0  0  2  4.513334e-01  2.000000e-07
 83  87  0  0  0  2  1.648227e-01  2.000000e-07
 83  12  0  0  0  2  2.289782e-01  2.000000e-07
 86  53  0  0  0  2  3.774055e-02  2.000000e-07
 61  52  0 -1  0  2  2.221336e-01  2.000000e-07
 61  4  0 -1  0  2  3.165478e-01  2.000000e-07
 52  70  0  1  0  2  2.301456e-01  2.000000e-07
 52  68  0  0  0  2  1.550887e-01  2.000000e-07
 52  80  0  1  0  2  3.125379e-01  2.000000e-07
 52  76  0  0  0  2  3.999638e-01  2.000000e-07
 53  63 -1  0  0  2  2.865435e-01  2.000000e-07
 53  80  0  0  0  2  2.852348e-01  2.000000e-07
 53  13  0  0  0  2  2.222357e-01  2.000000e-07
 53  12  0  0  0  2  1.321067e-01  2.000000e-07
 84  76  0  0  0  2  1.464493e-01  2.000000e-07
 84  87  0  0  0  2  2.152881e-01  2.000000e-07
 68  71  1  0  0  2  4.165584e-01  2.000000e-07
 80  13  0  0  0  2  1.533078e-01  2.000000e-07
 80  12  0  0  0  2  1.772374e-01  2.000000e-07
 13  87  0  0  0  2  1.597249e-01  2.000000e-07
 13  12  0  0  0  2  9.169780e-02  2.000000e-07
 69  5  0  0  0  2  9.887672e-02  2.000000e-07
 69  4  0  0  0  2  2.594233e-01  2.000000e-07
 69  75  0  0  0  2  2.469928e-01  2.000000e-07
 5  4  0  0  0  2  1.853599e-01  2.000000e-07
 5  75  0  0  0  2  1.560189e-01  2.000000e-07
 76  75  0  0  0  2  1.960392e-01  2.000000e-07
 4  58  1  0  0  2  4.638714e-01  2.000000e-07
 4  75  0  0  0  2  2.209801e-01  2.000000e-07
 3  81  0  0  0  1  3.025922e-01  3.000000e-07
 3  79  0  0  0  1  9.519350e-02  3.000000e-07
 3  72  0  0  0  1  1.639760e-01  3.000000e-07
 3  58  0  0  0  1  1.531385e-01  3.000000e-07
 3  84  0  0  0  1  9.962797e-02  3.000000e-07
 10  7  0  0  0  1  1.080542e-01  3.000000e-07
 10  71  1  0  0  1  3.914540e-01  3.000000e-07
 10  72  1  0  0  1  3.499811e-01  3.000000e-07
 10  68  0  0  0  1  9.510484e-02  3.000000e-07
 10  4  0  0  0  1  1.040474e-01  3.000000e-07
 70  63  0  0  0  1  7.726346e-02  3.000000e-07
 70  73  0 -1  0  1  1.297093e-01  3.000000e-07
 70  86  1  0  0  1  2.631904e-01  3.000000e-07
 70  53  1  0  0  1  2.722218e-01  3.000000e-07
 89  1  0  0  0  1  1.043633e-01  3.000000e-07
 89  71  1  0  0  1  2.364813e-01  3.000000e-07
 89  83  1  0  0  1  2.065246e-01  3.000000e-07
 89  86  1  0  0  1  2.708109e-01  3.000000e-07
 89  69  0  0  0  1  2.797104e-01  3.000000e-07
 62  65  0  0  0  1  1.821004e-01  3.000000e-07
 62  64  0  0  0  1  1.865415e-01  3.000000e-07
 66  9  0  0  0  1  1.022117e-01  3.000000e-07
 66  69  0  0  0  1  1.783087e-01  3.000000e-07
 66  5  0  0  0  1  1.095539e-01  3.000000e-07
 66  4  0  0  0  1  8.114712e-02  3.000000e-07
 49  50  0  0  0  1  2.150747e-01  3.000000e-07
 49  81  0  0  0  1  2.373568e-01  3.000000e-07
 49  11  0  0  0  1  1.281848e-01  3.000000e-07
 49  61  0  0  0  1  1.693536e-01  3.000000e-07
 49  80  0  0  0  1  8.046731e-02  3.000000e-07
 49  13  0  0  0  1  1.521752e-01  3.000000e-07
 65  1  0  0  0  1  1.972694e-01  3.000000e-07
 65  50  0  0  0  1  2.031049e-01  3.000000e-07
 65  0  0  0  0  1  2.155999e-01  3.000000e-07
 65  86  1  0  0  1  2.662081e-01  3.000000e-07
 65  61  0  0  0  1  2.086594e-01  3.000000e-07
 6  10 -1  0  0  1  2.725227e-01  3.000000e-07
 6  72  0  0  0  1  1.325097e-01  3.000000e-07
 6  58  0  0  0  1  1.305227e-01  3.000000e-07
 6  73 -1  0  0  1  2.255973e-01  3.000000e-07
 57  9  0  0  0  1  1.201303e-01  3.000000e-07
 57  81  0  0  0  1  3.149009e-01  3.000000e-07
 57  64  0  0  0  1  1.896006e-01  3.000000e-07
 57  67  0  0  0  1  1.311392e-01  3.000000e-07
 57  5  0  0  0  1  1.278128e-01  3.000000e-07
 57  75  0  0  0  1  5.711184e-02  3.000000e-07
 1  64  0  0  0  1  2.228679e-01  3.000000e-07
 1  0  0  0  0  1  7.535453e-02  3.000000e-07
 1  69  0  0  0  1  2.342273e-01  3.000000e-07
 9  7  0  0  0  1  1.351054e-01  3.000000e-07
 9  51  0  0  0  1  1.570381e-01  3.000000e-07
 9  78  0  0  0  1  1.692588e-01  3.000000e-07
 9  5  0  0  0  1  1.169907e-01  3.000000e-07
 9  4  0  0  0  1  1.254625e-01  3.000000e-07
 9  75  0  0  0  1  9.689558e-02  3.000000e-07
 50  81  0  0  0  1  2.840407e-01  3.000000e-07
 50  64  0  0  0  1  2.422262e-01  3.000000e-07
 81  84  0  0  0  1  2.522689e-01  3.000000e-07
 81  13  0  0  0  1  1.740988e-01  3.000000e-07
 81  76  0  0  0  1  3.190801e-01  3.000000e-07
 81  87  0  0  0  1  7.511848e-02  3.000000e-07
 79  77  0  0  0  1  2.093424e-01  3.000000e-07
 79  58  0  0  0  1  1.324842e-01  3.000000e-07
 79  76  0  0  0  1  7.954400e-02  3.000000e-07
 8  63  0  0  0  1  7.972253e-02  3.000000e-07
 8  73  0 -1  0  1  1.264658e-01  3.000000e-07
 8  61  0  0  0  1  2.497677e-01  3.000000e-07
 8  52  0 -1  0  1  2.253753e-01  3.000000e-07
 82  83  0  0  0  1  1.557880e-01  3.000000e-07
 82  86  0  0  0  1  2.214833e-01  3.000000e-07
 82  13  0  0  0  1  7.969264e-02  3.000000e-07
 82  87  0  0  0  1  1.009684e-01  3.000000e-07
 82  12  0  0  0  1  1.216577e-01  3.000000e-07
 7  78  0  0  0  1  1.474081e-01  3.000000e-07
 7  73  0  0  0  1  1.783399e-01  3.000000e-07
 7  52  0  0  0  1  8.061882e-02  3.000000e-07
 51  78  0  0  0  1  1.043183e-01  3.000000e-07
 51  74  0  0  0  1  1.034320e-01  3.000000e-07
 51  80  0  1  0  1  2.603671e-01  3.000000e-07
 51  75  0  0  0  1  1.490451e-01  3.000000e-07
 59  60  0  0  0  1  8.800332e-02  3.000000e-07
 59  80  0  0  0  1  1.218947e-01  3.000000e-07
 59  13  0  0  0  1  1.000560e-01  3.000000e-07
 59  12  0  0  0  1  6.047359e-02  3.000000e-07
 63  86  1  0  0  1  2.676520e-01  3.000000e-07
 63  61  0  0  0  1  2.087196e-01  3.000000e-07
 11  13  0  0  0  1  8.322025e-02  3.000000e-07
 78  61  0  1  0  1  2.327665e-01  3.000000e-07
 78  52  0  0  0  1  9.369020e-02  3.000000e-07
 78  80  0  1  0  1  2.450954e-01  3.000000e-07
 64  67  0  0  0  1  1.375836e-01  3.000000e-07
 64  69  0  0  0  1  1.232638e-01  3.000000e-07
 77  60  0  1  0  1  2.196992e-01  3.000000e-07
 77  2  0  0  0  1  2.198866e-01  3.000000e-07
 77  58  0  0  0  1  1.346427e-01  3.000000e-07
 77  73 -1  0  0  1  2.502387e-01  3.000000e-07
 77  53  0  1  0  1  2.566484e-01  3.000000e-07
 0  86  1  0  0  1  2.745599e-01  3.000000e-07
 60  2  0 -1  0  1  2.777583e-01  3.000000e-07
 60  53  0  0  0  1  1.275445e-01  3.000000e-07
 60  12  0  0  0  1  1.112684e-01  3.000000e-07
 74  2  0  0  0  1  7.781424e-02  3.000000e-07
 74  80  0  1  0  1  2.960861e-01  3.000000e-07
 74  76  0  0  0  1  1.204827e-01  3.000000e-07
 74  75  0  0  0  1  1.588352e-01  3.000000e-07
 2  80  0  1  0  1  2.996579e-01  3.000000e-07
 2  76  0  0  0  1  1.077712e-01  3.000000e-07
 71  72  0  0  0  1  1.705376e-01  3.000000e-07
 71  83  0  0  0  1  1.965017e-01  3.000000e-07
 71  84  0  0  0  1  1.504245e-01  3.000000e-07
 71  69 -1  0  0  1  3.457607e-01  3.000000e-07
 72  84  0  0  0  1  1.770555e-01  3.000000e-07
 73  52  0  0  0  1  2.065226e-01  3.000000e-07
 73  53  1  1  0  1  3.227881e-01  3.000000e-07
 83  86  0  0  0  1  2.290825e-01  3.000000e-07
 83  84  0  0  0  1  2.208417e-01  3.000000e-07
 83  87  0  0  0  1  1.648227e-01  3.000000e-07
 86  12  0  0  0  1  1.466884e-01  3.000000e-07
 53  12  0  0  0  1  1.321067e-01  3.000000e-07
 84  87  0  0  0  1  2.152881e-01  3.000000e-07
 68  4  0  0  0  1  5.784132e-02  3.000000e-07
 13  12  0  0  0  1  9.169780e-02  3.000000e-07
 69  5  0  0  0  1  9.887672e-02  3.000000e-07
 76  75  0  0  0  1  1.960392e-01  3.000000e-07
 3.905909e-01 -1.239914e-01  0
 3.152377e-01 -1.244344e-01  0
-2.017410e-01  3.105337e-01  0
-2.313974e-01  1.759764e-01  0
 1.822912e-01  3.461095e-01  0
 1.535882e-01  1.629854e-01  0
-4.413952e-01  3.586178e-01  0
 1.786445e-01  3.630873e-01  0
 3.274088e-01 -4.455452e-01  0
 8.996209e-02  2.611614e-01  0
 2.861560e-01  3.522710e-01  0
-1.996104e-01 -3.524564e-01  0
-2.839834e-01 -3.195445e-01  0
-2.070978e-01 -2.695736e-01  0
-5.169800e-02  3.619499e-01  2.777900e-01
 8.032134e-02 -2.510983e-01  3.148480e-01
 4.426857e-02 -7.536013e-02  4.163593e-01
 3.558919e-01 -4.150252e-01 -1.616298e-01
 2.611882e-02  3.400496e-01 -3.040745e-01
 1.007542e-01  3.747998e-01 -1.767539e-01
-2.115153e-01 -3.358132e-01  2.846562e-01
 1.024608e-01  3.130317e-01  4.043549e-01
 2.895629e-02  7.086275e-02 -1.346591e-01
 1.156755e-01 -1.389134e-01 -2.707864e-01
-4.245572e-01 -2.793347e-01 -1.404949e-01
 4.091094e-01 -8.708468e-02  3.385865e-01
 3.239757e-01  1.633666e-02  3.889983e-01
-3.414483e-01 -2.696017e-01  3.389231e-01
 4.211634e-01 -3.793227e-01 -4.398994e-01
 3.992308e-01 -1.627337e-01  3.757362e-01
-3.997621e-01  5.055900e-02 -2.430756e-01
-4.094049e-01 -3.042569e-01 -4.490700e-01
 2.397476e-01  7.431794e-02 -3.829096e-01
 1.586831e-01  8.987573e-03 -3.944278e-01
 2.323396e-01  2.147178e-01  3.459891e-01
 2.022420e-01 -3.722897e-01  3.627648e-01
 4.351054e-01  1.234534e-01 -1.824004e-01
 8.869682e-02  5.842632e-02 -3.283019e-01
-3.236408e-01  1.929986e-01 -3.483690e-01
 4.956421e-02 -2.201221e-01  3.406133e-01
-4.147410e-01 -3.518276e-02  1.895826e-01
-1.496497e-01  4.176145e-01  4.386908e-01
-2.253246e-02 -4.232278e-01  4.192984e-01
-1.371033e-01 -2.768942e-01 -2.476807e-01
 2.443559e-01 -2.700290e-01  3.423400e-01
-9.062348e-02 -5.971075e-02 -2.921685e-01
 1.731362e-01 -2.220368e-01 -2.421628e-01
-3.119319e-01  1.608632e-01 -1.693843e-01
-2.746561e-01 -3.342672e-01 -2.361945e-01
-7.205895e-02 -3.397291e-01  0
 1.180982e-01 -2.392435e-01  0
-3.484258e-02  3.564754e-01  0
 1.378147e-01  4.326021e-01  0
-4.087288e-01 -3.630276e-01  0
 9.518431e-02  3.143377e-01  2.794962e-01
 1.509837e-01  1.613508e-01 -1.863696e-01
 2.189847e-01  3.165701e-01 -2.441143e-01
 2.582058e-02  1.595880e-01  0
-3.630254e-01  2.542418e-01  0
-2.422063e-01 -3.632678e-01  0
-2.999722e-01 -4.296581e-01  0
 9.703857e-02 -3.490389e-01  0
 2.021901e-01 -1.702971e-01  0
 3.047920e-01 -3.690981e-01  0
 1.321036e-01  2.577488e-03  0
 3.038561e-01 -3.213752e-01  0
 1.920793e-01  2.655549e-01  0
 1.552052e-01  1.382078e-01  0
 2.099826e-01  2.953276e-01  0
 2.196157e-01  8.938526e-02  0
 3.307202e-01 -4.418811e-01  0
-4.348207e-01  7.771273e-02  0
-3.823654e-01  2.399826e-01  0
 3.443080e-01  4.291232e-01  0
-1.241737e-01  3.043398e-01  0
 5.832988e-03  2.130881e-01  0
-1.899671e-01  2.034075e-01  0
-4.102568e-01  3.803285e-01  0
 4.450189e-02  4.242010e-01  0
-2.316271e-01  2.711696e-01  0
-1.258455e-01 -3.995789e-01  0
-1.353226e-01 -1.109586e-01  0
-2.503379e-01 -2.026318e-01  0
-3.752558e-01 -1.095436e-01  0
-2.850809e-01  9.204892e-02  0
-2.566160e-01  1.871052e-01  4.354416e-01
-4.301461e-01 -3.319527e-01  0
-2.104334e-01 -1.098835e-01  0
 2.418588e-01 -1.573813e-01  1.522630e-01
 4.182290e-01 -1.075682e-01  0