 711  90  1.200000e-05  58 -2 -2
 19  17  0  0  0  3  1.277746e-01  1.000000e-07
 19  13  0  0  0  3  1.299857e-01  1.000000e-07
 19  23  1  0  0  3  3.833159e-01  1.000000e-07
 19  18  0  0  0  3  2.625033e-01  1.000000e-07
 19  68  1  0  0  3  4.324321e-01  1.000000e-07
 19  12  1  0  0  3  3.906417e-01  1.000000e-07
 19  21  1  0  0  3  4.330116e-01  1.000000e-07
 19  62  0  0  1  3  3.786023e-01  1.000000e-07
 19  65  0  0  1  3  3.867047e-01  1.000000e-07
 17  15  0  0  0  3  3.272908e-01  1.000000e-07
 17  14  0  0  0  3  2.441097e-01  1.000000e-07
 17  23  1  0  0  3  4.102305e-01  1.000000e-07
 17  18  0  0  0  3  1.979584e-01  1.000000e-07
 17  20  0  0  0  3  2.166650e-01  1.000000e-07
 17  22  0  0  0  3  3.228354e-01  1.000000e-07
 17  63  0  0  1  3  4.502101e-01  1.000000e-07
 17  65  0  0  1  3  3.972302e-01  1.000000e-07
 24  15  0  0  0  3  1.825217e-01  1.000000e-07
 24  14  0  0  0  3  1.325522e-01  1.000000e-07
 24  67  0  0  0  3  2.988138e-01  1.000000e-07
 24  9  0  0  0  3  1.446932e-01  1.000000e-07
 24  11  0  0  0  3  3.702607e-01  1.000000e-07
 24  22  0  0  0  3  1.471878e-01  1.000000e-07
 16  15  0  0  0  3  2.464768e-01  1.000000e-07
 16  14  0  0  0  3  5.307044e-02  1.000000e-07
 16  23  1  0  0  3  4.956783e-01  1.000000e-07
 16  18  0  0  0  3  2.521495e-01  1.000000e-07
 16  20  0  0  0  3  8.958221e-02  1.000000e-07
 16  22  0  0  0  3  2.000685e-01  1.000000e-07
 15  14  0  0  0  3  2.200798e-01  1.000000e-07
 15  23  1  0  0  3  4.447791e-01  1.000000e-07
 15  22  0  0  0  3  2.625785e-01  1.000000e-07
 15  69  0  0  1  3  5.387799e-01  1.000000e-07
 15  63  0  0  1  3  5.063439e-01  1.000000e-07
 13  18  0  0  0  3  1.958728e-01  1.000000e-07
 13  20  0  0  0  3  3.047920e-01  1.000000e-07
 13  68  1  0  0  3  4.733578e-01  1.000000e-07
 13  21  1  0  0  3  3.771562e-01  1.000000e-07
 13  88  0 -1  0  3  3.698309e-01  1.000000e-07
 13  61  1  0  1  3  5.599436e-01  1.000000e-07
 13  64  0 -1  1  3  5.458574e-01  1.000000e-07
 13  71  0  0  1  3  3.379239e-01  1.000000e-07
 14  20  0  0  0  3  1.341687e-01  1.000000e-07
 14  22  0  0  0  3  1.613490e-01  1.000000e-07
 67  9  0  0  0  3  2.436936e-01  1.000000e-07
 67  10  0  0  0  3  4.257774e-01  1.000000e-07
 67  11  0  0  0  3  4.040729e-01  1.000000e-07
 67  3  0  0  1  3  2.733521e-01  1.000000e-07
 67  69  0  0  1  3  3.640286e-01  1.000000e-07
 67  62  0  0  1  3  4.946884e-01  1.000000e-07
 67  63  0  0  1  3  2.954304e-01  1.000000e-07
 67  64  0  0  1  3  5.257936e-01  1.000000e-07
 23  12  0  0  0  3  4.806920e-01  1.000000e-07
 23  11  0  0  0  3  3.853143e-01  1.000000e-07
 23  88 -1  0  0  3  3.423668e-01  1.000000e-07
 9  68  0  0  0  3  2.843176e-01  1.000000e-07
 9  11  0  0  0  3  3.456762e-01  1.000000e-07
 9  22  0  0  0  3  1.743523e-01  1.000000e-07
 9  21  0  0  0  3  4.636065e-01  1.000000e-07
 18  20  0  0  0  3  2.280996e-01  1.000000e-07
 18  68  0  0  0  3  3.999223e-01  1.000000e-07
 18  63  0  0  1  3  4.413525e-01  1.000000e-07
 18  64  0 -1  1  3  5.213535e-01  1.000000e-07
 18  65  0  0  1  3  3.606620e-01  1.000000e-07
 20  12  1  0  0  3  4.385308e-01  1.000000e-07
 20  11  0 -1  0  3  5.491564e-01  1.000000e-07
 20  22  0  0  0  3  2.700866e-01  1.000000e-07
 20  21  0  0  0  3  5.473008e-01  1.000000e-07
 68  21  0  0  0  3  3.353835e-01  1.000000e-07
 68  3  0  0  1  3  2.782577e-01  1.000000e-07
 68  4  0  0  1  3  3.508354e-01  1.000000e-07
 68  61  0  0  1  3  3.665884e-01  1.000000e-07
 68  63  0  0  1  3  3.076480e-01  1.000000e-07
 12  21  0  0  0  3  1.609901e-01  1.000000e-07
 10  11  0  0  0  3  1.691385e-01  1.000000e-07
 10  21  0  1  0  3  2.028275e-01  1.000000e-07
 10  88 -1  0  0  3  4.589369e-01  1.000000e-07
 10  61  0  1  1  3  3.622505e-01  1.000000e-07
 10  69  0  0  1  3  3.752294e-01  1.000000e-07
 10  70  0  0  1  3  3.788006e-01  1.000000e-07
 10  64  0  0  1  3  5.634457e-01  1.000000e-07
 11  69  0  0  1  3  4.667242e-01  1.000000e-07
 22  21  0  0  0  3  4.354615e-01  1.000000e-07
 22  62  0  0  1  3  5.090991e-01  1.000000e-07
 21  88 -1 -1  0  3  4.249648e-01  1.000000e-07
 88  62  0  0  1  3  4.978907e-01  1.000000e-07
 88  64  0  0  1  3  4.198774e-01  1.000000e-07
 3  4  0  0  0  3  1.612952e-01  1.000000e-07
 3  5  0  0  0  3  2.563811e-01  1.000000e-07
 3  61  0  0  0  3  4.057629e-01  1.000000e-07
 3  69  0  0  0  3  3.165937e-01  1.000000e-07
 3  6  0  0  0  3  1.115475e-01  1.000000e-07
 3  63  0  0  0  3  2.385642e-01  1.000000e-07
 3  71 -1  0  0  3  3.705214e-01  1.000000e-07
 4  5  0  0  0  3  2.067411e-01  1.000000e-07
 4  69  0  0  0  3  3.836099e-01  1.000000e-07
 4  62 -1  0  0  3  3.441417e-01  1.000000e-07
 4  6  0  0  0  3  2.511938e-01  1.000000e-07
 4  70  0  0  0  3  3.896491e-01  1.000000e-07
 4  64 -1  0  0  3  4.600514e-01  1.000000e-07
 4  71 -1  0  0  3  2.654651e-01  1.000000e-07
 5  77  0  0  0  3  1.657919e-01  1.000000e-07
 5  6  0  0  0  3  2.808830e-01  1.000000e-07
 5  70  0  0  0  3  3.146277e-01  1.000000e-07
 5  64 -1  0  0  3  4.153124e-01  1.000000e-07
 5  78  0  0  0  3  1.441205e-01  1.000000e-07
 5  71 -1  0  0  3  3.418222e-01  1.000000e-07
 61  25  0 -1  0  3  3.886580e-01  1.000000e-07
 61  70  0 -1  0  3  2.831152e-01  1.000000e-07
 61  8  0 -1  0  3  3.953297e-01  1.000000e-07
 61  63  0  0  0  3  3.740015e-01  1.000000e-07
 61  7  0  0  0  3  4.001996e-01  1.000000e-07
 76  69  0  0  0  3  3.208775e-01  1.000000e-07
 76  77  0  0  0  3  3.922968e-01  1.000000e-07
 76  62  0  0  0  3  3.738443e-01  1.000000e-07
 76  25  0  0  0  3  2.383599e-01  1.000000e-07
 76  2  0  0  0  3  2.004486e-01  1.000000e-07
 76  78  0  0  0  3  2.683469e-01  1.000000e-07
 76  7  0  0  0  3  3.101896e-01  1.000000e-07
 76  1  0  0  0  3  4.518390e-01  1.000000e-07
 0  77  1  0  0  3  5.277472e-01  1.000000e-07
 0  62  0  0  0  3  3.488076e-01  1.000000e-07
 0  63  0  0  0  3  3.164001e-01  1.000000e-07
 0  71  0  0  0  3  3.748840e-01  1.000000e-07
 0  7  0  0  0  3  1.502173e-01  1.000000e-07
 69  70  0  0  0  3  9.686130e-02  1.000000e-07
 69  63  0  0  0  3  3.432682e-01  1.000000e-07
 77  6  0  0  0  3  3.830185e-01  1.000000e-07
 77  2  0  0  0  3  4.432859e-01  1.000000e-07
 77  78  0  0  0  3  1.965548e-01  1.000000e-07
 62  23  1  0 -1  3  5.403723e-01  1.000000e-07
 62  25  0  0  0  3  2.986731e-01  1.000000e-07
 25  63  0  0  0  3  3.285968e-01  1.000000e-07
 25  64  0  0  0  3  2.203112e-01  1.000000e-07
 25  78  0  0  0  3  3.264327e-01  1.000000e-07
 25  65  0  1  0  3  5.417200e-01  1.000000e-07
 6  8  0 -1  0  3  5.811939e-01  1.000000e-07
 6  63  0  0  0  3  1.942529e-01  1.000000e-07
 6  2  0  0  0  3  1.315440e-01  1.000000e-07
 6  78  0  0  0  3  2.463689e-01  1.000000e-07
 6  71 -1  0  0  3  4.072291e-01  1.000000e-07
 70  64 -1  0  0  3  5.639616e-01  1.000000e-07
 70  78  0  0  0  3  2.132632e-01  1.000000e-07
 70  71 -1  1  0  3  6.255330e-01  1.000000e-07
 70  1 -1  0  0  3  5.048226e-01  1.000000e-07
 8  2  0  1  0  3  5.340336e-01  1.000000e-07
 8  78  0  0  0  3  2.746955e-01  1.000000e-07
 8  1 -1  0  0  3  3.847054e-01  1.000000e-07
 63  2  0  0  0  3  1.838728e-01  1.000000e-07
 64  11  0  0 -1  3  5.689479e-01  1.000000e-07
 64  1  0  0  0  3  3.159164e-01  1.000000e-07
 64  65  0  1  0  3  5.092942e-01  1.000000e-07
 2  78  0  0  0  3  3.250668e-01  1.000000e-07
 2  7  0  0  0  3  2.297366e-01  1.000000e-07
 2  65  0  0  0  3  3.059841e-01  1.000000e-07
 71  1  0 -1  0  3  6.239023e-01  1.000000e-07
 71  1  0  0  0  3  4.838275e-01  1.000000e-07
 71  65  0  0  0  3  2.540113e-01  1.000000e-07
 7  1  0 -1  0  3  6.129448e-01  1.000000e-07
 7  65  0  0  0  3  2.407560e-01  1.000000e-07
 1  65  0  1  0  3  6.142782e-01  1.000000e-07
 12  85  0  0  0  3  1.665161e-01  1.000000e-07
 59  8  0 -1  0  3  1.873056e-01  1.000000e-07
 9  86  0  0  0  3  1.652279e-01  1.000000e-07
 58  0  0  0  0  3  1.693573e-01  1.000000e-07
 12  89  0  0  0  3  2.307400e-01  1.000000e-07
 79  7  0  0  0  3  2.719364e-01  1.000000e-07
 15  87  0  0  0  3  1.835203e-01  1.000000e-07
 26  25  0  0  0  3  3.099838e-01  1.000000e-07
 23  60  0  0  0  3  2.030392e-01  1.000000e-07
 74  77  0  0  0  3  1.108848e-01  1.000000e-07
 14  57  0  0  0  3  1.356041e-01  1.000000e-07
 56  0  0  0  0  3  1.094657e-01  1.000000e-07
 88  74  1  0  0  3  3.303680e-01  1.000000e-07
 66  8  0  0  0  3  1.682565e-01  1.000000e-07
 16  57  0  0  0  3  1.465943e-01  1.000000e-07
 56  0  0  0  0  3  1.116129e-01  1.000000e-07
 16  56  0  0  0  3  2.770897e-01  1.000000e-07
 72  1  0  0  0  3  2.020369e-01  1.000000e-07
 12  59  0  0  0  3  1.186845e-01  1.000000e-07
 82  71 -1  0  0  3  3.921847e-01  1.000000e-07
 24  84  0  0  0  3  1.517032e-01  1.000000e-07
 57  7  0  0  0  3  1.710307e-01  1.000000e-07
 24  58  0  0  0  3  1.245743e-01  1.000000e-07
 56  0  0  0  0  3  1.283063e-01  1.000000e-07
 24  58  0  0  0  3  1.132763e-01  1.000000e-07
 86  76  0  0  0  3  1.759168e-01  1.000000e-07
 12  82  0  0  0  3  1.612054e-01  1.000000e-07
 75  5  0  0  0  3  4.146562e-01  1.000000e-07
 10  66  0  0  0  3  2.719750e-01  1.000000e-07
 74  8  0  0  0  3  1.176792e-01  1.000000e-07
 9  81  0  0  0  3  2.326596e-01  1.000000e-07
 60  8  0  0  0  3  2.491444e-01  1.000000e-07
 9  86  0  0  0  3  1.269540e-01  1.000000e-07
 81  78  0  0  0  3  2.975352e-01  1.000000e-07
 88  46  0  1  0  3  3.958586e-01  1.000000e-07
 73  7  0  0  0  3  2.112340e-01  1.000000e-07
 16  83  0  0  0  3  3.198558e-01  1.000000e-07
 52  77  1  0  0  3  2.442031e-01  1.000000e-07
 88  34  0  0  0  3  3.028935e-01  1.000000e-07
 28  77  1  0  0  3  1.480655e-01  1.000000e-07
 11  80  0  0  0  3  1.557457e-01  1.000000e-07
 51  25  0  0  0  3  3.074867e-01  1.000000e-07
 12  82  0  0  0  3  1.471394e-01  1.000000e-07
 79  2  0  0  0  3  3.429672e-01  1.000000e-07
 29  80  0  0  0  2  1.001479e-01  2.000000e-07
 29  73  0  1  0  2  2.157011e-01  2.000000e-07
 29  51  0  0  0  2  1.411965e-01  2.000000e-07
 29  32  0  1  0  2  3.190174e-01  2.000000e-07
 29  46  0  1  0  2  2.107869e-01  2.000000e-07
 29  53  0  0  0  2  1.731934e-02  2.000000e-07
 29  31  0  0  0  2  1.592330e-01  2.000000e-07
 29  30  0  0  0  2  2.474707e-01  2.000000e-07
 29  48  0  1  0  2  3.637660e-01  2.000000e-07
 29  58  0  0  0  2  3.295253e-01  2.000000e-07
 29  66  0  0  0  2  3.274507e-01  2.000000e-07
 29  60  0  0  0  2  4.171369e-01  2.000000e-07
 29  87  0  0  0  2  2.036191e-01  2.000000e-07
 36  81  0  0  0  2  1.779775e-01  2.000000e-07
 36  42  0  0  0  2  1.386441e-01  2.000000e-07
 36  52 -1  0  0  2  3.839441e-01  2.000000e-07
 36  43  0  0  0  2  3.051699e-01  2.000000e-07
 36  37  0  0  0  2  7.309974e-02  2.000000e-07
 36  83 -1  0  0  2  3.099344e-01  2.000000e-07
 36  86  0  0  0  2  1.718000e-01  2.000000e-07
 36  47  0  0  0  2  1.309182e-01  2.000000e-07
 36  58  0  0  0  2  3.518610e-01  2.000000e-07
 36  44  0  0  0  2  1.644740e-01  2.000000e-07
 36  60  0  0  0  2  2.532583e-01  2.000000e-07
 80  49  0  1  0  2  5.061127e-01  2.000000e-07
 80  73  0  1  0  2  3.124501e-01  2.000000e-07
 80  51  0  0  0  2  4.110253e-02  2.000000e-07
 80  81  0  0  0  2  3.124152e-01  2.000000e-07
 80  55  0  0  0  2  9.538307e-02  2.000000e-07
 80  28  0  0  0  2  4.310990e-01  2.000000e-07
 80  52  0  0  0  2  4.675955e-01  2.000000e-07
 80  53  0  0  0  2  9.004651e-02  2.000000e-07
 80  43  0  1  0  2  4.507121e-01  2.000000e-07
 80  54  0  0  0  2  4.048048e-01  2.000000e-07
 80  40  0  1  0  2  5.248794e-01  2.000000e-07
 80  31  0  0  0  2  1.731937e-01  2.000000e-07
 80  85  0  1  0  2  4.938985e-01  2.000000e-07
 80  26  0  0  0  2  5.601247e-02  2.000000e-07
 80  86  0  0  0  2  3.054836e-01  2.000000e-07
 80  89  0  1  0  2  5.151522e-01  2.000000e-07
 80  58  0  0  0  2  2.417097e-01  2.000000e-07
 80  66  0  0  0  2  3.208687e-01  2.000000e-07
 80  60  0  0  0  2  3.546195e-01  2.000000e-07
 49  50  0  0  0  2  2.134191e-01  2.000000e-07
 49  73  0  0  0  2  2.220183e-01  2.000000e-07
 49  32  0  0  0  2  1.352198e-01  2.000000e-07
 49  46  0  0  0  2  2.099772e-01  2.000000e-07
 49  52  0  0  0  2  2.438434e-01  2.000000e-07
 49  53  0 -1  0  2  4.183784e-01  2.000000e-07
 49  43  0  0  0  2  2.983637e-01  2.000000e-07
 49  54  0 -1  0  2  4.907500e-01  2.000000e-07
 49  37  1  0  0  2  4.832648e-01  2.000000e-07
 49  40  0  0  0  2  3.727989e-01  2.000000e-07
 49  84  0  0  0  2  2.582256e-01  2.000000e-07
 49  85  1  0  0  2  4.319621e-01  2.000000e-07
 49  26  0  0  0  2  5.214558e-01  2.000000e-07
 49  57  0  0  0  2  9.422071e-02  2.000000e-07
 49  86  0  0  0  2  4.085616e-01  2.000000e-07
 49  35  0  0  0  2  1.383719e-01  2.000000e-07
 49  47  1  0  0  2  4.292961e-01  2.000000e-07
 49  58  0  0  0  2  3.351001e-01  2.000000e-07
 49  87  0  0  0  2  4.717346e-01  2.000000e-07
 50  56  0  0  0  2  2.453769e-01  2.000000e-07
 50  45  1  0  0  2  3.014095e-01  2.000000e-07
 50  72  0  0  0  2  2.792444e-01  2.000000e-07
 50  82  1  0  0  2  2.948796e-01  2.000000e-07
 50  46  0  0  0  2  4.218392e-01  2.000000e-07
 50  52  0  0  0  2  7.616571e-02  2.000000e-07
 50  54  0  0  0  2  4.156221e-01  2.000000e-07
 50  37  1  0  0  2  2.864926e-01  2.000000e-07
 50  84  0  0  0  2  4.402422e-01  2.000000e-07
 50  85  1  0  0  2  3.927643e-01  2.000000e-07
 50  26  0  0  0  2  4.999893e-01  2.000000e-07
 50  57  0  0  0  2  2.055779e-01  2.000000e-07
 50  86  0  0  0  2  4.957565e-01  2.000000e-07
 50  89  1  0  0  2  4.117986e-01  2.000000e-07
 50  35  0  0  0  2  2.372134e-01  2.000000e-07
 50  47  1  0  0  2  2.434178e-01  2.000000e-07
 50  87  0  0  0  2  3.896090e-01  2.000000e-07
 56  45  0  0  0  2  5.319648e-01  2.000000e-07
 56  45  1  0  0  2  4.689296e-01  2.000000e-07
 56  72  0  0  0  2  2.118186e-01  2.000000e-07
 56  51  0  0  0  2  2.822163e-01  2.000000e-07
 56  34  0  0  0  2  3.302662e-01  2.000000e-07
 56  52  0  0  0  2  1.805790e-01  2.000000e-07
 56  83  0  0  0  2  2.552421e-01  2.000000e-07
 56  31  0  0  0  2  2.633388e-01  2.000000e-07
 56  84  0  0  0  2  3.587700e-01  2.000000e-07
 56  30  0  0  0  2  2.352004e-01  2.000000e-07
 56  27  0  0  0  2  2.548101e-01  2.000000e-07
 56  48  0  0  0  2  4.659318e-01  2.000000e-07
 56  57  0  0  0  2  2.004629e-01  2.000000e-07
 56  35  0  0  0  2  4.025507e-01  2.000000e-07
 56  58  0  0  0  2  1.139325e-01  2.000000e-07
 56  44  0  0  0  2  3.819869e-01  2.000000e-07
 56  87  0  0  0  2  1.828224e-01  2.000000e-07
 45  72 -1  0  0  2  3.362451e-01  2.000000e-07
 45  51  0  0  0  2  4.160523e-01  2.000000e-07
 45  81  0  0  0  2  1.526520e-01  2.000000e-07
 45  42  0  0  0  2  2.174113e-01  2.000000e-07
 45  74  0  0  0  2  2.731649e-01  2.000000e-07
 45  55  0  0  0  2  3.563132e-01  2.000000e-07
 45  82  0  0  0  2  2.519514e-01  2.000000e-07
 45  34 -1  0  0  2  3.116537e-01  2.000000e-07
 45  39  0  0  0  2  2.467079e-01  2.000000e-07
 45  37  0  0  0  2  7.551372e-02  2.000000e-07
 45  83 -1  0  0  2  2.215487e-01  2.000000e-07
 45  84  0  0  0  2  4.008471e-01  2.000000e-07
 45  75  0  0  0  2  1.873433e-01  2.000000e-07
 45  85  0  1  0  2  5.564263e-01  2.000000e-07
 45  27 -1  0  0  2  2.913115e-01  2.000000e-07
 45  57 -1  0  0  2  5.049791e-01  2.000000e-07
 45  89  0  0  0  2  3.010091e-01  2.000000e-07
 45  35 -1  0  0  2  4.873797e-01  2.000000e-07
 45  47  0  0  0  2  1.290337e-01  2.000000e-07
 45  44  0  0  0  2  2.555202e-01  2.000000e-07
 72  55  1  0  0  2  5.928840e-01  2.000000e-07
 72  34  0  0  0  2  1.186055e-01  2.000000e-07
 72  52  0  0  0  2  2.095518e-01  2.000000e-07
 72  54  0  0  0  2  1.513681e-01  2.000000e-07
 72  37  1  0  0  2  3.827015e-01  2.000000e-07
 72  30  0  0  0  2  1.269511e-01  2.000000e-07
 72  85  1  1  0  2  4.798928e-01  2.000000e-07
 72  27  0  0  0  2  5.153178e-02  2.000000e-07
 72  35  0  1  0  2  4.931207e-01  2.000000e-07
 73  32  0  0  0  2  2.023400e-01  2.000000e-07
 73  28  0 -1  0  2  4.835776e-01  2.000000e-07
 73  46  0  0  0  2  2.692181e-02  2.000000e-07
 73  39  0  0  0  2  3.391363e-01  2.000000e-07
 73  43  0  0  0  2  1.902519e-01  2.000000e-07
 73  54  0 -1  0  2  4.653217e-01  2.000000e-07
 73  31  0 -1  0  2  3.223936e-01  2.000000e-07
 73  79  0  0  0  2  3.301354e-01  2.000000e-07
 73  48  0  0  0  2  2.146313e-01  2.000000e-07
 73  57  0  0  0  2  2.705394e-01  2.000000e-07
 73  66  0 -1  0  2  3.744514e-01  2.000000e-07
 73  44  0  0  0  2  3.308350e-01  2.000000e-07
 51  81  0  0  0  2  2.816719e-01  2.000000e-07
 51  55  0  0  0  2  6.078986e-02  2.000000e-07
 51  53  0  0  0  2  1.305329e-01  2.000000e-07
 51  31  0  0  0  2  1.961623e-01  2.000000e-07
 51  84  0  0  0  2  4.925614e-01  2.000000e-07
 51  30  0  0  0  2  2.669297e-01  2.000000e-07
 51  58  0  0  0  2  2.105881e-01  2.000000e-07
 51  66  0  0  0  2  3.246688e-01  2.000000e-07
 51  44  0  0  0  2  4.224798e-01  2.000000e-07
 51  60  0  0  0  2  3.321057e-01  2.000000e-07
 51  87  0  0  0  2  1.790098e-01  2.000000e-07
 81  74  0  0  0  2  1.972618e-01  2.000000e-07
 81  55  0  0  0  2  2.209434e-01  2.000000e-07
 81  39  0  0  0  2  3.295915e-01  2.000000e-07
 81  53  0  0  0  2  3.756596e-01  2.000000e-07
 81  83 -1  0  0  2  3.079323e-01  2.000000e-07
 81  85  0  1  0  2  4.451310e-01  2.000000e-07
 81  27 -1  0  0  2  3.334399e-01  2.000000e-07
 81  47  0  0  0  2  2.775126e-01  2.000000e-07
 81  58  0  0  0  2  3.475539e-01  2.000000e-07
 81  44  0  0  0  2  3.120778e-01  2.000000e-07
 81  60  0  0  0  2  9.630964e-02  2.000000e-07
 42  55  0  0  0  2  4.263154e-01  2.000000e-07
 42  82  0  0  0  2  1.420295e-01  2.000000e-07
 42  43  0  0  0  2  1.830975e-01  2.000000e-07
 42  37  0  0  0  2  1.535206e-01  2.000000e-07
 42  84  0  0  0  2  2.030666e-01  2.000000e-07
 42  85  0  0  0  2  3.077678e-01  2.000000e-07
 42  86  0  0  0  2  2.124256e-01  2.000000e-07
 42  89  0  0  0  2  9.841716e-02  2.000000e-07
 42  47  0  0  0  2  1.584526e-01  2.000000e-07
 74  34 -1  0  0  2  1.604026e-01  2.000000e-07
 74  33 -1  0  0  2  1.585119e-01  2.000000e-07
 74  83 -1  0  0  2  2.672458e-01  2.000000e-07
 74  85  0  1  0  2  2.877692e-01  2.000000e-07
 74  27 -1  0  0  2  2.256130e-01  2.000000e-07
 74  35 -1  1  0  2  4.654771e-01  2.000000e-07
 74  59  0  1  0  2  3.772036e-01  2.000000e-07
 74  66  0  0  0  2  1.903712e-01  2.000000e-07
 74  60  0  0  0  2  1.009581e-01  2.000000e-07
 32  28  0 -1  0  2  3.659326e-01  2.000000e-07
 32  34  0 -1  0  2  4.183058e-01  2.000000e-07
 32  46  0  0  0  2  1.779723e-01  2.000000e-07
 32  52  0  0  0  2  3.472374e-01  2.000000e-07
 32  33  0 -1  0  2  3.609100e-01  2.000000e-07
 32  54  0 -1  0  2  3.567624e-01  2.000000e-07
 32  31  0 -1  0  2  3.284638e-01  2.000000e-07
 32  30  0 -1  0  2  3.628155e-01  2.000000e-07
 32  57  0  0  0  2  2.292037e-01  2.000000e-07
 32  35  0  0  0  2  7.339819e-02  2.000000e-07
 32  47  1  0  0  2  4.534118e-01  2.000000e-07
 55  53  0  0  0  2  1.757378e-01  2.000000e-07
 55  54 -1  0  0  2  5.292808e-01  2.000000e-07
 55  37  0  0  0  2  3.986595e-01  2.000000e-07
 55  40  0  1  0  2  5.678771e-01  2.000000e-07
 55  84  0  0  0  2  4.665081e-01  2.000000e-07
 55  85  0  1  0  2  4.799696e-01  2.000000e-07
 55  26  0  0  0  2  7.281190e-02  2.000000e-07
 55  86  0  0  0  2  2.243202e-01  2.000000e-07
 55  89  0  1  0  2  5.424179e-01  2.000000e-07
 55  41  0  1  0  2  4.639146e-01  2.000000e-07
 55  60  0  0  0  2  2.748144e-01  2.000000e-07
 55  87  0  0  0  2  2.321356e-01  2.000000e-07
 28  49  0  1  0  2  4.986076e-01  2.000000e-07
 28  52  0  0  0  2  3.629157e-01  2.000000e-07
 28  33  0  0  0  2  5.470154e-03  2.000000e-07
 28  54  0  0  0  2  2.643621e-02  2.000000e-07
 28  31  0  0  0  2  2.580861e-01  2.000000e-07
 28  85  1  1  0  2  3.121609e-01  2.000000e-07
 28  47  1  1  0  2  6.107912e-01  2.000000e-07
 28  59  1  1  0  2  3.940314e-01  2.000000e-07
 28  66  1  0  0  2  3.037102e-01  2.000000e-07
 28  60  1  0  0  2  2.420811e-01  2.000000e-07
 82  38  0  0  0  2  1.216619e-01  2.000000e-07
 82  37  0  0  0  2  1.774316e-01  2.000000e-07
 82  84  0  0  0  2  3.123992e-01  2.000000e-07
 82  75  0  0  0  2  8.287261e-02  2.000000e-07
 82  85  0  0  0  2  1.967080e-01  2.000000e-07
 82  89  0  0  0  2  1.184667e-01  2.000000e-07
 82  35 -1  0  0  2  3.422345e-01  2.000000e-07
 82  47  0  0  0  2  1.285683e-01  2.000000e-07
 82  59  0  0  0  2  1.079923e-01  2.000000e-07
 82  41  0  0  0  2  1.730195e-01  2.000000e-07
 34  46  0  1  0  2  4.958907e-01  2.000000e-07
 34  33  0  0  0  2  6.467007e-02  2.000000e-07
 34  30  0  0  0  2  1.772575e-01  2.000000e-07
 34  85  1  1  0  2  3.674078e-01  2.000000e-07
 34  27  0  0  0  2  8.644194e-02  2.000000e-07
 34  35  0  1  0  2  4.308196e-01  2.000000e-07
 34  59  1  1  0  2  4.514613e-01  2.000000e-07
 34  66  1  0  0  2  3.356448e-01  2.000000e-07
 34  87  0  0  0  2  2.680537e-01  2.000000e-07
 38  39  0  0  0  2  7.499370e-02  2.000000e-07
 38  84  0  0  0  2  1.909842e-01  2.000000e-07
 38  75  0  0  0  2  1.080496e-01  2.000000e-07
 38  79  0  0  0  2  3.403087e-02  2.000000e-07
 38  48  0  0  0  2  1.159772e-01  2.000000e-07
 38  41  0  0  0  2  9.654522e-02  2.000000e-07
 46  53  0 -1  0  2  2.196660e-01  2.000000e-07
 46  31  0 -1  0  2  3.058010e-01  2.000000e-07
 46  84  0  0  0  2  2.100725e-01  2.000000e-07
 46  30  0 -1  0  2  3.763191e-01  2.000000e-07
 46  85  1  0  0  2  5.273519e-01  2.000000e-07
 46  48  0  0  0  2  2.410843e-01  2.000000e-07
 46  57  0  0  0  2  2.668311e-01  2.000000e-07
 46  35  0  0  0  2  2.481600e-01  2.000000e-07
 46  41  0  0  0  2  3.065172e-01  2.000000e-07
 46  87  0 -1  0  2  3.795862e-01  2.000000e-07
 39  43  0  0  0  2  1.491356e-01  2.000000e-07
 39  84  0  0  0  2  1.675179e-01  2.000000e-07
 39  75  0  0  0  2  1.119539e-01  2.000000e-07
 39  79  0  0  0  2  1.089858e-01  2.000000e-07
 39  48  0  0  0  2  1.408388e-01  2.000000e-07
 39  47  0  0  0  2  1.940211e-01  2.000000e-07
 39  44  0  0  0  2  5.527041e-02  2.000000e-07
 52  54  0  0  0  2  3.529106e-01  2.000000e-07
 52  37  1  0  0  2  3.155471e-01  2.000000e-07
 52  83  0  0  0  2  1.444048e-01  2.000000e-07
 52  31  0  0  0  2  3.785950e-01  2.000000e-07
 52  26  0  0  0  2  4.296405e-01  2.000000e-07
 52  57  0  0  0  2  2.045560e-01  2.000000e-07
 52  86  0  0  0  2  4.511009e-01  2.000000e-07
 52  35  0  0  0  2  2.993914e-01  2.000000e-07
 52  47  1  0  0  2  2.847744e-01  2.000000e-07
 52  58  0  0  0  2  2.906397e-01  2.000000e-07
 52  87  0  0  0  2  3.139167e-01  2.000000e-07
 53  43  0  1  0  2  3.702179e-01  2.000000e-07
 53  54  0  0  0  2  3.926687e-01  2.000000e-07
 53  40  0  1  0  2  4.496562e-01  2.000000e-07
 53  84  0  1  0  2  3.901871e-01  2.000000e-07
 53  30  0  0  0  2  2.591644e-01  2.000000e-07
 53  85  0  1  0  2  4.656674e-01  2.000000e-07
 53  85  1  1  0  2  6.102001e-01  2.000000e-07
 53  48  0  1  0  2  3.610176e-01  2.000000e-07
 53  26  0  0  0  2  1.452626e-01  2.000000e-07
 53  89  0  1  0  2  4.512969e-01  2.000000e-07
 53  35  0  1  0  2  4.050352e-01  2.000000e-07
 53  66  0  0  0  2  3.121504e-01  2.000000e-07
 53  41  0  1  0  2  3.780773e-01  2.000000e-07
 53  87  0  0  0  2  2.097522e-01  2.000000e-07
 33  83  0  0  0  2  2.407140e-01  2.000000e-07
 33  31  0  0  0  2  2.537661e-01  2.000000e-07
 33  30  0  0  0  2  1.833634e-01  2.000000e-07
 33  27  0  0  0  2  1.472247e-01  2.000000e-07
 33  35  0  1  0  2  3.689233e-01  2.000000e-07
 33  47  1  1  0  2  6.090118e-01  2.000000e-07
 33  59  1  1  0  2  3.931136e-01  2.000000e-07
 33  60  1  0  0  2  2.474113e-01  2.000000e-07
 43  40  0  0  0  2  9.293083e-02  2.000000e-07
 43  85  0  0  0  2  3.466374e-01  2.000000e-07
 43  79  0  0  0  2  1.662068e-01  2.000000e-07
 43  57  0  0  0  2  2.828909e-01  2.000000e-07
 43  86  0  0  0  2  2.778735e-01  2.000000e-07
 43  89  0  0  0  2  1.582222e-01  2.000000e-07
 43  47  0  0  0  2  3.388489e-01  2.000000e-07
 43  58  0  0  0  2  3.579767e-01  2.000000e-07
 43  59  0  0  0  2  3.088505e-01  2.000000e-07
 43  66  0 -1  0  2  3.601526e-01  2.000000e-07
 43  44  0  0  0  2  1.442693e-01  2.000000e-07
 43  60  0 -1  0  2  5.740732e-01  2.000000e-07
 54  37  1  0  0  2  4.352353e-01  2.000000e-07
 54  83  0  0  0  2  2.343673e-01  2.000000e-07
 54  85  1  1  0  2  3.299222e-01  2.000000e-07
 54  26  0  0  0  2  4.104096e-01  2.000000e-07
 54  60  1  0  0  2  2.649927e-01  2.000000e-07
 54  87  0  0  0  2  2.580773e-01  2.000000e-07
 37  83 -1  0  0  2  2.576131e-01  2.000000e-07
 37  85  0  0  0  2  3.736195e-01  2.000000e-07
 37  86  0  0  0  2  2.444985e-01  2.000000e-07
 37  89  0  0  0  2  2.288083e-01  2.000000e-07
 37  47  0  0  0  2  6.337302e-02  2.000000e-07
 37  60  0  0  0  2  2.705167e-01  2.000000e-07
 40  84  0  0  0  2  1.160904e-01  2.000000e-07
 40  86  0  0  0  2  2.263802e-01  2.000000e-07
 40  89  0  0  0  2  9.698593e-02  2.000000e-07
 40  41  0  0  0  2  1.371063e-01  2.000000e-07
 83  31  0  0  0  2  3.413953e-01  2.000000e-07
 83  30  0  0  0  2  2.567457e-01  2.000000e-07
 83  27  0  0  0  2  1.038853e-01  2.000000e-07
 83  57  0  0  0  2  3.461846e-01  2.000000e-07
 83  47  1  0  0  2  2.572562e-01  2.000000e-07
 83  58  0  0  0  2  3.667054e-01  2.000000e-07
 83  60  1  0  0  2  2.706860e-01  2.000000e-07
 31  30  0  0  0  2  8.825808e-02  2.000000e-07
 31  35  0  1  0  2  3.826092e-01  2.000000e-07
 31  58  0  0  0  2  2.744806e-01  2.000000e-07
 84  75  0  0  0  2  2.767484e-01  2.000000e-07
 84  48  0  0  0  2  1.108857e-01  2.000000e-07
 84  57  0  0  0  2  2.350844e-01  2.000000e-07
 84  86  0  0  0  2  2.539912e-01  2.000000e-07
 84  89  0  0  0  2  1.986274e-01  2.000000e-07
 84  35  0  0  0  2  3.754081e-01  2.000000e-07
 84  44  0  0  0  2  1.453539e-01  2.000000e-07
 84  41  0  0  0  2  1.990243e-01  2.000000e-07
 84  87  0  0  0  2  5.095359e-01  2.000000e-07
 75  79  0  0  0  2  1.240795e-01  2.000000e-07
 75  59  0  0  0  2  1.884434e-01  2.000000e-07
 30  35  0  1  0  2  4.043904e-01  2.000000e-07
 30  58  0  0  0  2  2.829276e-01  2.000000e-07
 30  87  0  0  0  2  9.805144e-02  2.000000e-07
 85  89  0  0  0  2  2.236934e-01  2.000000e-07
 85  35 -1  0  0  2  3.021383e-01  2.000000e-07
 85  47  0  0  0  2  3.198681e-01  2.000000e-07
 85  59  0  0  0  2  8.949300e-02  2.000000e-07
 85  66  0 -1  0  2  1.855888e-01  2.000000e-07
 85  66  0 -1  0  2  1.855888e-01  2.000000e-07
 85  41  0  0  0  2  1.967437e-01  2.000000e-07
 85  60  0 -1  0  2  3.639211e-01  2.000000e-07
 85  87 -1 -1  0  2  5.600117e-01  2.000000e-07
 27  58  0  0  0  2  3.517781e-01  2.000000e-07
 27  60  1  0  0  2  2.677594e-01  2.000000e-07
 79  48  0  0  0  2  1.175188e-01  2.000000e-07
 79  47  0  0  0  2  2.109668e-01  2.000000e-07
 79  59  0  0  0  2  1.500233e-01  2.000000e-07
 48  57  0  0  0  2  3.435612e-01  2.000000e-07
 48  59  0  0  0  2  2.515873e-01  2.000000e-07
 48  66  0 -1  0  2  3.063553e-01  2.000000e-07
 48  44  0  0  0  2  1.586096e-01  2.000000e-07
 48  41  0  0  0  2  8.905972e-02  2.000000e-07
 26  86  0  0  0  2  2.548291e-01  2.000000e-07
 26  58  0  0  0  2  1.876130e-01  2.000000e-07
 26  87  0  0  0  2  1.599296e-01  2.000000e-07
 57  35  0  0  0  2  2.269346e-01  2.000000e-07
 57  47  1  0  0  2  4.455872e-01  2.000000e-07
 57  58  0  0  0  2  2.410506e-01  2.000000e-07
 57  44  0  0  0  2  3.315117e-01  2.000000e-07
 86  58  0  0  0  2  1.801413e-01  2.000000e-07
 86  44  0  0  0  2  1.584110e-01  2.000000e-07
 86  60  0  0  0  2  3.095848e-01  2.000000e-07
 89  41  0  0  0  2  7.855265e-02  2.000000e-07
 35  47  1  0  0  2  3.804389e-01  2.000000e-07
 35  59  1  0  0  2  2.970534e-01  2.000000e-07
 35  87  0 -1  0  2  4.629612e-01  2.000000e-07
 47  59  0  0  0  2  2.305285e-01  2.000000e-07
 47  44  0  0  0  2  2.296241e-01  2.000000e-07
 58  44  0  0  0  2  2.975192e-01  2.000000e-07
 58  60  0  0  0  2  4.341968e-01  2.000000e-07
 59  66  0 -1  0  2  2.583179e-01  2.000000e-07
 59  41  0  0  0  2  1.671312e-01  2.000000e-07
 66  46  0  1  0  2  3.944020e-01  2.000000e-07
 66  33 -1  0  0  2  3.065552e-01  2.000000e-07
 66  79  0  1  0  2  3.017554e-01  2.000000e-07
 66  41  0  1  0  2  2.438378e-01  2.000000e-07
 66  60  0  0  0  2  2.205508e-01  2.000000e-07
 29  80  0  0  0  1  1.001479e-01  3.000000e-07
 29  73  0  1  0  1  2.157011e-01  3.000000e-07
 29  46  0  1  0  1  2.107869e-01  3.000000e-07
 29  31  0  0  0  1  1.592330e-01  3.000000e-07
 36  45  0  0  0  1  9.201595e-02  3.000000e-07
 36  81  0  0  0  1  1.779775e-01  3.000000e-07
 36  42  0  0  0  1  1.386441e-01  3.000000e-07
 36  37  0  0  0  1  7.309974e-02  3.000000e-07
 36  75  0  0  0  1  1.379747e-01  3.000000e-07
 36  86  0  0  0  1  1.718000e-01  3.000000e-07
 80  55  0  0  0  1  9.538307e-02  3.000000e-07
 80  53  0  0  0  1  9.004651e-02  3.000000e-07
 80  31  0  0  0  1  1.731937e-01  3.000000e-07
 80  26  0  0  0  1  5.601247e-02  3.000000e-07
 80  87  0  0  0  1  1.733602e-01  3.000000e-07
 49  50  0  0  0  1  2.134191e-01  3.000000e-07
 49  73  0  0  0  1  2.220183e-01  3.000000e-07
 49  32  0  0  0  1  1.352198e-01  3.000000e-07
 49  46  0  0  0  1  2.099772e-01  3.000000e-07
 49  84  0  0  0  1  2.582256e-01  3.000000e-07
 49  35  0  0  0  1  1.383719e-01  3.000000e-07
 50  82  1  0  0  1  2.948796e-01  3.000000e-07
 50  52  0  0  0  1  7.616571e-02  3.000000e-07
 50  57  0  0  0  1  2.055779e-01  3.000000e-07
 50  35  0  0  0  1  2.372134e-01  3.000000e-07
 50  47  1  0  0  1  2.434178e-01  3.000000e-07
 50  59  1  0  0  1  3.305983e-01  3.000000e-07
 56  72  0  0  0  1  2.118186e-01  3.000000e-07
 56  52  0  0  0  1  1.805790e-01  3.000000e-07
 56  57  0  0  0  1  2.004629e-01  3.000000e-07
 56  58  0  0  0  1  1.139325e-01  3.000000e-07
 56  87  0  0  0  1  1.828224e-01  3.000000e-07
 45  81  0  0  0  1  1.526520e-01  3.000000e-07
 45  37  0  0  0  1  7.551372e-02  3.000000e-07
 45  83 -1  0  0  1  2.215487e-01  3.000000e-07
 45  60  0  0  0  1  1.959740e-01  3.000000e-07
 72  34  0  0  0  1  1.186055e-01  3.000000e-07
 72  52  0  0  0  1  2.095518e-01  3.000000e-07
 72  54  0  0  0  1  1.513681e-01  3.000000e-07
 72  83  0  0  0  1  1.298548e-01  3.000000e-07
 72  30  0  0  0  1  1.269511e-01  3.000000e-07
 72  27  0  0  0  1  5.153178e-02  3.000000e-07
 73  53  0 -1  0  1  2.226936e-01  3.000000e-07
 73  43  0  0  0  1  1.902519e-01  3.000000e-07
 73  84  0  0  0  1  1.894115e-01  3.000000e-07
 73  48  0  0  0  1  2.146313e-01  3.000000e-07
 51  55  0  0  0  1  6.078986e-02  3.000000e-07
 81  55  0  0  0  1  2.209434e-01  3.000000e-07
 81  86  0  0  0  1  2.134106e-01  3.000000e-07
 81  60  0  0  0  1  9.630964e-02  3.000000e-07
 42  38  0  0  0  1  7.796161e-02  3.000000e-07
 42  75  0  0  0  1  7.790527e-02  3.000000e-07
 42  44  0  0  0  1  8.109939e-02  3.000000e-07
 74  28 -1  0  0  1  1.536456e-01  3.000000e-07
 74  34 -1  0  0  1  1.604026e-01  3.000000e-07
 74  85  0  1  0  1  2.877692e-01  3.000000e-07
 74  66  0  0  0  1  1.903712e-01  3.000000e-07
 74  60  0  0  0  1  1.009581e-01  3.000000e-07
 32  46  0  0  0  1  1.779723e-01  3.000000e-07
 32  33  0 -1  0  1  3.609100e-01  3.000000e-07
 32  31  0 -1  0  1  3.284638e-01  3.000000e-07
 32  35  0  0  0  1  7.339819e-02  3.000000e-07
 55  53  0  0  0  1  1.757378e-01  3.000000e-07
 55  26  0  0  0  1  7.281190e-02  3.000000e-07
 55  86  0  0  0  1  2.243202e-01  3.000000e-07
 55  58  0  0  0  1  2.154084e-01  3.000000e-07
 55  66  0  0  0  1  2.959057e-01  3.000000e-07
 55  60  0  0  0  1  2.748144e-01  3.000000e-07
 28  34  0  0  0  1  6.155140e-02  3.000000e-07
 28  85  1  1  0  1  3.121609e-01  3.000000e-07
 82  38  0  0  0  1  1.216619e-01  3.000000e-07
 82  75  0  0  0  1  8.287261e-02  3.000000e-07
 82  79  0  0  0  1  1.137621e-01  3.000000e-07
 82  47  0  0  0  1  1.285683e-01  3.000000e-07
 34  83  0  0  0  1  1.760658e-01  3.000000e-07
 34  27  0  0  0  1  8.644194e-02  3.000000e-07
 34  60  1  0  0  1  2.289406e-01  3.000000e-07
 38  39  0  0  0  1  7.499370e-02  3.000000e-07
 38  40  0  0  0  1  8.269702e-02  3.000000e-07
 38  48  0  0  0  1  1.159772e-01  3.000000e-07
 46  31  0 -1  0  1  3.058010e-01  3.000000e-07
 39  40  0  0  0  1  5.632070e-02  3.000000e-07
 39  44  0  0  0  1  5.527041e-02  3.000000e-07
 52  83  0  0  0  1  1.444048e-01  3.000000e-07
 52  57  0  0  0  1  2.045560e-01  3.000000e-07
 53  66  0  0  0  1  3.121504e-01  3.000000e-07
 33  85  1  1  0  1  3.118134e-01  3.000000e-07
 33  35  0  1  0  1  3.689233e-01  3.000000e-07
 43  40  0  0  0  1  9.293083e-02  3.000000e-07
 43  48  0  0  0  1  6.119929e-02  3.000000e-07
 54  32  0  1  0  1  3.567624e-01  3.000000e-07
 54  31  0  0  0  1  2.318766e-01  3.000000e-07
 54  30  0  0  0  1  1.605124e-01  3.000000e-07
 37  75  0  0  0  1  1.125030e-01  3.000000e-07
 37  47  0  0  0  1  6.337302e-02  3.000000e-07
 40  84  0  0  0  1  1.160904e-01  3.000000e-07
 40  48  0  0  0  1  9.067399e-02  3.000000e-07
 40  44  0  0  0  1  6.956593e-02  3.000000e-07
 83  27  0  0  0  1  1.038853e-01  3.000000e-07
 31  87  0  0  0  1  8.175833e-02  3.000000e-07
 84  57  0  0  0  1  2.350844e-01  3.000000e-07
 84  86  0  0  0  1  2.539912e-01  3.000000e-07
 84  44  0  0  0  1  1.453539e-01  3.000000e-07
 75  47  0  0  0  1  9.050006e-02  3.000000e-07
 30  87  0  0  0  1  9.805144e-02  3.000000e-07
 85  35 -1  0  0  1  3.021383e-01  3.000000e-07
 85  59  0  0  0  1  8.949300e-02  3.000000e-07
 85  66  0 -1  0  1  1.855888e-01  3.000000e-07
 85  41  0  0  0  1  1.967437e-01  3.000000e-07
 79  59  0  0  0  1  1.500233e-01  3.000000e-07
 79  41  0  0  0  1  7.171424e-02  3.000000e-07
 48  89  0  0  0  1  1.129263e-01  3.000000e-07
 48  41  0  0  0  1  8.905972e-02  3.000000e-07
 26  58  0  0  0  1  1.876130e-01  3.000000e-07
 26  87  0  0  0  1  1.599296e-01  3.000000e-07
 57  58  0  0  0  1  2.410506e-01  3.000000e-07
 86  58  0  0  0  1  1.801413e-01  3.000000e-07
 86  44  0  0  0  1  1.584110e-01  3.000000e-07
 89  41  0  0  0  1  7.855265e-02  3.000000e-07
 35  59  1  0  0  1  2.970534e-01  3.000000e-07
 47  83 -1  0  0  1  2.572562e-01  3.000000e-07
 58  87  0  0  0  1  1.971994e-01  3.000000e-07
 59  41  0  0  0  1  1.671312e-01  3.000000e-07
 66  60  0  0  0  1  2.205508e-01  3.000000e-07
 41  66  0 -1  0  1  2.438378e-01  3.000000e-07
 1.070101e-01 -8.850380e-02 -1.094512e-01
 3.455562e-01  2.473453e-01 -1.048175e-01
-1.240243e-01 -1.104170e-01 -2.369515e-01
-2.739119e-01 -2.879962e-02 -4.059468e-01
-4.305525e-01 -3.037420e-03 -4.345153e-01
-4.338483e-01  1.100601e-01 -2.614836e-01
-2.169429e-01 -6.009233e-02 -3.152928e-01
 3.904267e-02 -2.220644e-01 -1.198065e-01
-3.019846e-01  4.012281e-01 -1.143485e-01
-1.286102e-01  9.849158e-03  1.067825e-01
-2.118605e-01  4.199530e-01  2.642773e-01
-1.104400e-01  3.527204e-01  1.467974e-01
-3.977532e-01 -3.354091e-01  1.016567e-01
 3.685480e-01 -2.777918e-01  3.430747e-01
 1.072347e-01 -8.452852e-02  1.355862e-01
 1.330461e-01  1.310477e-01  1.715828e-01
 1.511512e-01 -1.131830e-01  1.437551e-01
 2.802906e-01 -1.308376e-01  3.014074e-01
 1.762311e-01 -2.988748e-01  3.124825e-01
 3.859067e-01 -1.518545e-01  3.701816e-01
 1.892786e-01 -1.883408e-01  1.133810e-01
-3.029694e-01 -4.070656e-01  2.102807e-01
-2.716604e-02 -7.034856e-02  2.237275e-01
-4.231580e-01  1.342254e-01  2.009686e-01
 1.605608e-02  7.106429e-03  1.062676e-01
 1.022022e-02  2.558166e-01 -2.898202e-01
 7.001285e-03  2.335829e-01  0
 3.959103e-01  1.701485e-01  0
 4.371973e-01  3.094516e-01  0
 4.138686e-02  3.834892e-01  0
 2.567049e-01  2.615059e-01  0
 1.791757e-01  3.036809e-01  0
 2.506623e-01 -3.757289e-01  0
 4.327822e-01  3.126811e-01  0
 4.334482e-01  2.480145e-01  0
 3.137055e-01 -3.381411e-01  0
-2.776983e-01 -3.080796e-02  0
-3.463973e-01 -5.578859e-02  0
-2.393664e-01 -2.411973e-01  0
-2.033484e-01 -1.754192e-01  0
-1.615605e-01 -2.131788e-01  0
-2.221141e-01 -3.361886e-01  0
-2.367866e-01 -1.632784e-01  0
-8.777592e-02 -2.696764e-01  0
-1.580859e-01 -1.436997e-01  0
-3.549108e-01  1.924367e-02  0
 7.574113e-02 -4.085422e-01  0
-3.846467e-01 -1.063170e-01  0
-1.401747e-01 -3.012948e-01  0
 2.097140e-01 -2.468583e-01  0
 3.719427e-01 -1.081876e-01  0
-1.005543e-02  2.519973e-01  0
 3.384623e-01 -3.977501e-02  0
 2.505702e-02  3.777189e-01  0
 4.110445e-01  3.055911e-01  0
-6.552355e-02  2.271237e-01  0
 1.766349e-01  4.035428e-02  0
 1.730210e-01 -1.600760e-01  0
 6.361106e-02  5.471424e-02  0
-3.892441e-01 -3.367997e-01  0
-3.400549e-01  2.146537e-01  0
-1.406551e-01 -4.116781e-01 -4.229815e-01
 2.434056e-01  9.031504e-02 -3.760724e-01
-3.728186e-02 -5.386635e-02 -3.888955e-01
 2.068114e-01  2.760711e-01 -3.871788e-01
 1.431447e-01 -2.211385e-01 -3.368903e-01
-2.830637e-01  4.277139e-01  0
-1.588149e-01  5.986875e-03  3.485661e-01
-1.828508e-01 -1.268767e-01  3.500940e-01
-1.601909e-01  2.665354e-01 -3.972108e-01
-2.316929e-01  3.256556e-01 -3.693834e-01
 3.929421e-01 -1.750722e-01 -3.359173e-01
 3.443805e-01  1.696933e-01  0
 4.990385e-02 -4.009779e-01  0
-4.108635e-01  2.866168e-01  0
-3.146905e-01 -1.637312e-01  0
-6.428424e-02  6.689185e-02 -1.650325e-01
-4.367860e-01  1.768168e-01 -1.097540e-01
-3.000844e-01  1.625191e-01 -2.502603e-01
-2.539674e-01 -2.719368e-01  0
 6.555879e-03  2.895936e-01  0
-2.714502e-01  1.470598e-01  0
-3.607271e-01 -2.326406e-01  0
 4.299096e-01  7.198430e-02  0
-4.839408e-02 -2.390698e-01  0
-3.971939e-01 -4.259389e-01  0
-1.101764e-01  7.292662e-03  0
 1.665736e-01  2.228996e-01  0
 3.332760e-01  3.736745e-01  2.245208e-01
-2.457754e-01 -2.612842e-01  0