 724  90  1.200000e-05  53 -2 -2
 7  83  0  0  0  3  4.834786e-01  1.000000e-07
 7  5  0  0  0  3  2.315467e-01  1.000000e-07
 7  89  0  0  0  3  1.427377e-01  1.000000e-07
 7  85  0  0  0  3  2.904230e-01  1.000000e-07
 7  86 -1  1  0  3  4.731752e-01  1.000000e-07
 9  41  0  0  0  3  1.943510e-01  1.000000e-07
 9  84 -1  0  0  3  2.855970e-01  1.000000e-07
 9  42  0  0  0  3  3.242502e-01  1.000000e-07
 9  86 -1  0  0  3  2.674889e-01  1.000000e-07
 9  45 -1  0  0  3  2.370844e-01  1.000000e-07
 9  43  0  0  1  3  5.559977e-01  1.000000e-07
 83  23  0  0  0  3  3.315437e-01  1.000000e-07
 83  84  0  1  0  3  1.689400e-01  1.000000e-07
 83  62  0  1  0  3  5.303180e-01  1.000000e-07
 83  6  0  1  0  3  5.191646e-01  1.000000e-07
 83  88  0  0  0  3  3.067332e-01  1.000000e-07
 83  10  0  1  0  3  5.377537e-01  1.000000e-07
 23  84  0  1  0  3  3.899169e-01  1.000000e-07
 23  85  0  0  0  3  4.830351e-01  1.000000e-07
 23  88  0  0  0  3  1.960322e-01  1.000000e-07
 23  36  0  1  1  3  5.862644e-01  1.000000e-07
 23  24  0  1  1  3  5.596962e-01  1.000000e-07
 23  34  0  0  1  3  2.767191e-01  1.000000e-07
 23  30  0  0  1  3  3.183155e-01  1.000000e-07
 23  44  0  0  1  3  5.496852e-01  1.000000e-07
 5  89  0  0  0  3  1.208980e-01  1.000000e-07
 5  62  0  0  0  3  3.954256e-01  1.000000e-07
 5  6  0  0  0  3  3.163646e-01  1.000000e-07
 5  87  0  0  0  3  3.565924e-01  1.000000e-07
 5  88  0  0  0  3  3.697402e-01  1.000000e-07
 89  41  0  0  0  3  4.572987e-01  1.000000e-07
 89  85  0  0  0  3  2.720053e-01  1.000000e-07
 89  62  0  0  0  3  4.041974e-01  1.000000e-07
 89  87  0  0  0  3  3.987743e-01  1.000000e-07
 89  27  0  0  1  3  4.723918e-01  1.000000e-07
 41  25  0  0  0  3  2.583595e-01  1.000000e-07
 41  29 -1  0  0  3  4.216844e-01  1.000000e-07
 41  45 -1  0  0  3  1.691563e-01  1.000000e-07
 41  10  0  0  0  3  2.545160e-01  1.000000e-07
 41  31  0  0  1  3  3.849325e-01  1.000000e-07
 84  62  0  0  0  3  5.208728e-01  1.000000e-07
 84  42  0  0  0  3  4.980918e-01  1.000000e-07
 84  6  0  0  0  3  4.359950e-01  1.000000e-07
 84  29  0  0  0  3  2.986392e-01  1.000000e-07
 85  21  0  0  1  3  4.044028e-01  1.000000e-07
 85  28  0  0  1  3  3.031736e-01  1.000000e-07
 85  32  0  0  1  3  2.903029e-01  1.000000e-07
 85  44 -1  0  1  3  5.208383e-01  1.000000e-07
 85  27  0  0  1  3  3.865450e-01  1.000000e-07
 85  33  0  1  1  3  5.144279e-01  1.000000e-07
 62  6  0  0  0  3  2.572077e-01  1.000000e-07
 62  10  0  0  0  3  2.497559e-01  1.000000e-07
 42  25  0  0  0  3  4.501086e-01  1.000000e-07
 42  29  0  0  0  3  3.874819e-01  1.000000e-07
 42  87  0  0  0  3  3.825074e-01  1.000000e-07
 42  10  0  0  0  3  2.640993e-01  1.000000e-07
 42  28  0  0  1  3  3.949737e-01  1.000000e-07
 42  31  0  0  1  3  4.579767e-01  1.000000e-07
 42  33  0  0  1  3  2.717946e-01  1.000000e-07
 86  88  0 -1  0  3  4.082622e-01  1.000000e-07
 86  45  0  0  0  3  2.839333e-01  1.000000e-07
 86  36  0  0  1  3  5.220537e-01  1.000000e-07
 86  24  0  0  1  3  3.905824e-01  1.000000e-07
 86  43  1  0  1  3  5.349140e-01  1.000000e-07
 6  87  0  0  0  3  2.019812e-01  1.000000e-07
 6  88  0  0  0  3  3.297305e-01  1.000000e-07
 25  29 -1  0  0  3  5.066192e-01  1.000000e-07
 25  87  0  0  0  3  4.237700e-01  1.000000e-07
 25  88 -1  0  0  3  4.084401e-01  1.000000e-07
 25  45 -1  0  0  3  3.669174e-01  1.000000e-07
 25  28  0  0  1  3  3.130349e-01  1.000000e-07
 25  31  0  0  1  3  2.136598e-01  1.000000e-07
 29  87  0  0  0  3  2.585245e-01  1.000000e-07
 29  88  0  0  0  3  4.430781e-01  1.000000e-07
 29  45  0  0  0  3  3.229774e-01  1.000000e-07
 29  24  0  0  1  3  2.099520e-01  1.000000e-07
 29  26  0  0  1  3  2.819476e-01  1.000000e-07
 87  26  0  0  1  3  3.283010e-01  1.000000e-07
 87  30  0  0  1  3  3.915829e-01  1.000000e-07
 87  27  0  0  1  3  2.351782e-01  1.000000e-07
 36  19  1  0  0  3  5.702951e-01  1.000000e-07
 36  31  1  0  0  3  5.216116e-01  1.000000e-07
 36  26  0  0  0  3  3.567578e-01  1.000000e-07
 36  44  0 -1  0  3  4.184275e-01  1.000000e-07
 19  43  0  0  0  3  4.728397e-01  1.000000e-07
 19  34  0  0  0  3  4.087684e-01  1.000000e-07
 19  35  0  0  0  3  3.795768e-01  1.000000e-07
 19  44 -1  0  0  3  3.367274e-01  1.000000e-07
 21  22  0  0  0  3  5.026161e-01  1.000000e-07
 21  43  0  1  0  3  3.409124e-01  1.000000e-07
 21  31  0  0  0  3  3.628099e-01  1.000000e-07
 21  32  0  0  0  3  2.202380e-01  1.000000e-07
 22  37  0  0  0  3  1.448219e-01  1.000000e-07
 22  34  0  0  0  3  2.032721e-01  1.000000e-07
 22  35  0  0  0  3  9.703779e-02  1.000000e-07
 22  74  0  0  0  3  2.664332e-01  1.000000e-07
 22  75  0  1  0  3  4.610866e-01  1.000000e-07
 22  44  0  0  0  3  2.834938e-01  1.000000e-07
 20  73  0  0  0  3  3.322270e-01  1.000000e-07
 20  37  0 -1  0  3  4.698937e-01  1.000000e-07
 20  74  0  0  0  3  3.592867e-01  1.000000e-07
 20  75  0  0  0  3  1.301965e-01  1.000000e-07
 20  33  0  0  0  3  2.076060e-01  1.000000e-07
 73  28  0  0  0  3  1.568166e-01  1.000000e-07
 73  43  0  0  0  3  4.424673e-01  1.000000e-07
 73  32  0  0  0  3  2.499007e-01  1.000000e-07
 73  26  0  0  0  3  2.440978e-01  1.000000e-07
 73  74  0  0  0  3  2.238330e-01  1.000000e-07
 73  27  0  0  0  3  1.618442e-01  1.000000e-07
 73  33  0  0  0  3  3.794561e-01  1.000000e-07
 24  43  1  0  0  3  5.298934e-01  1.000000e-07
 24  34  0 -1  0  3  6.005938e-01  1.000000e-07
 24  31  1  0  0  3  4.429275e-01  1.000000e-07
 24  75  0  0  0  3  4.505870e-01  1.000000e-07
 24  30  0  0  0  3  3.472714e-01  1.000000e-07
 24  33  0  0  0  3  4.499953e-01  1.000000e-07
 28  34  0  0  0  3  3.054787e-01  1.000000e-07
 28  31  0  0  0  3  2.738054e-01  1.000000e-07
 28  32  0  0  0  3  2.395977e-01  1.000000e-07
 28  26  0  0  0  3  3.132852e-01  1.000000e-07
 28  33  0  0  0  3  4.124925e-01  1.000000e-07
 37  86  0  1 -1  3  6.166326e-01  1.000000e-07
 37  34  0  0  0  3  2.790626e-01  1.000000e-07
 37  75  0  1  0  3  4.616938e-01  1.000000e-07
 37  30  0  0  0  3  2.408974e-01  1.000000e-07
 37  44  0  0  0  3  2.022019e-01  1.000000e-07
 34  32  0  0  0  3  3.753191e-01  1.000000e-07
 34  27  0  0  0  3  2.128140e-01  1.000000e-07
 34  33  0  1  0  3  4.508454e-01  1.000000e-07
 31  32  0  0  0  3  1.806932e-01  1.000000e-07
 31  30 -1  0  0  3  4.744160e-01  1.000000e-07
 31  44 -1  0  0  3  4.217890e-01  1.000000e-07
 32  35  0  0  0  3  3.975641e-01  1.000000e-07
 32  44 -1  0  0  3  3.608034e-01  1.000000e-07
 32  27  0  0  0  3  3.153351e-01  1.000000e-07
 26  74  0  0  0  3  1.283514e-01  1.000000e-07
 26  30  0  0  0  3  2.702708e-01  1.000000e-07
 26  27  0  0  0  3  2.389778e-01  1.000000e-07
 26  33  0  0  0  3  4.357268e-01  1.000000e-07
 35  74  0  0  0  3  2.031927e-01  1.000000e-07
 35  75  0  1  0  3  4.725875e-01  1.000000e-07
 35  30  0  0  0  3  1.381313e-01  1.000000e-07
 35  27  0  0  0  3  2.522832e-01  1.000000e-07
 74  30  0  0  0  3  2.233866e-01  1.000000e-07
 74  27  0  0  0  3  2.575742e-01  1.000000e-07
 75  33  0  0  0  3  1.326293e-01  1.000000e-07
 30  44  0  0  0  3  3.211089e-01  1.000000e-07
 33  86 -1  0 -1  3  5.644444e-01  1.000000e-07
 33  21  0 -1  0  3  4.090623e-01  1.000000e-07
 88  68  0  0  0  3  3.162996e-01  1.000000e-07
 17  37  0  0  0  3  1.346628e-01  1.000000e-07
 5  54  0  0  0  3  2.145730e-01  1.000000e-07
 0  75  0  1  0  3  3.018731e-01  1.000000e-07
 10  12  0  0  0  3  2.017723e-01  1.000000e-07
 80  20  0  0  0  3  2.047496e-01  1.000000e-07
 7  54  0  0  0  3  2.534856e-01  1.000000e-07
 49  75  0  1  0  3  2.561135e-01  1.000000e-07
 62  2  0  0  0  3  2.208856e-01  1.000000e-07
 1  74  0  0  0  3  2.707620e-01  1.000000e-07
 45  59  1  0  0  3  2.348103e-01  1.000000e-07
 16  43  0  0  0  3  3.138164e-01  1.000000e-07
 41  72  0  0  0  3  2.672762e-01  1.000000e-07
 61  43  0  0  0  3  2.793283e-01  1.000000e-07
 45  81  0  0  0  3  3.098829e-01  1.000000e-07
 15  44  0  0  0  3  1.912273e-01  1.000000e-07
 5  54  0  0  0  3  2.648378e-01  1.000000e-07
 69  20  0  1  0  3  2.795854e-01  1.000000e-07
 9  56  0 -1  0  3  2.973080e-01  1.000000e-07
 71  21  0  0  0  3  2.514155e-01  1.000000e-07
 62  12  0  0  0  3  2.123693e-01  1.000000e-07
 65  43  0  0  0  3  2.993122e-01  1.000000e-07
 10  56  0 -1  0  3  2.484529e-01  1.000000e-07
 71  21  0  0  0  3  2.590018e-01  1.000000e-07
 41  47  0  0  0  3  2.809807e-01  1.000000e-07
 79  19  0  0  0  3  1.910715e-01  1.000000e-07
 84  50  0  0  0  3  3.020848e-01  1.000000e-07
 80  20  0  0  0  3  2.431415e-01  1.000000e-07
 89  48  0  0  0  3  2.337185e-01  1.000000e-07
 70  19  0  0  0  3  1.814582e-01  1.000000e-07
 89  8  0  0  0  3  3.212188e-01  1.000000e-07
 63  44 -1  0  0  3  1.769756e-01  1.000000e-07
 83  17  0  0  0  3  1.625553e-01  1.000000e-07
 18  37  0  0  0  3  1.479604e-01  1.000000e-07
 83  18  0  0  0  3  2.238262e-01  1.000000e-07
 77  44  0  0  0  3  1.770625e-01  1.000000e-07
 88  68  0  0  0  3  3.162566e-01  1.000000e-07
 46  22  0  0  0  3  1.475105e-01  1.000000e-07
 6  46  0  0  0  3  2.273442e-01  1.000000e-07
 55  22  0  0  0  3  1.826830e-01  1.000000e-07
 9  40 -1  0  0  3  2.534229e-01  1.000000e-07
 38  36  0  0  0  3  1.754021e-01  1.000000e-07
 84  58  0  0  0  3  2.185391e-01  1.000000e-07
 39  36  0  0  0  3  1.478972e-01  1.000000e-07
 45  38  0  0  0  3  2.164687e-01  1.000000e-07
 40  36  0  0  0  3  1.713460e-01  1.000000e-07
 10  61  0  0  0  3  1.855264e-01  1.000000e-07
 12  75  0  0  0  3  2.508893e-01  1.000000e-07
 6  53  0  0  0  3  1.877640e-01  1.000000e-07
 2  73  0  0  0  3  3.014467e-01  1.000000e-07
 7  64  0  0  0  3  2.410064e-01  1.000000e-07
 63  21  0  0  0  3  1.877111e-01  1.000000e-07
 10  61  0  0  0  3  1.712735e-01  1.000000e-07
 12  43  0  0  0  3  2.467356e-01  1.000000e-07
 7  8  0  0  0  3  3.262820e-01  1.000000e-07
 82  44 -1  0  0  3  1.621554e-01  1.000000e-07
 10  72  0  0  0  3  2.805333e-01  1.000000e-07
 47  19  0  0  0  3  2.629606e-01  1.000000e-07
 5  51  0  0  0  3  1.849604e-01  1.000000e-07
 55  35  0  0  0  3  2.155780e-01  1.000000e-07
 7  80  0  1  0  3  2.987988e-01  1.000000e-07
 76  20  0  0  0  3  2.265391e-01  1.000000e-07
 25  77 -1  0  0  3  4.373388e-01  1.000000e-07
 18  44  0  0  0  3  1.295917e-01  1.000000e-07
 62  47  0  0  0  3  2.218704e-01  1.000000e-07
 48  19  0  0  0  3  2.034683e-01  1.000000e-07
 6  55  0  0  0  3  1.993034e-01  1.000000e-07
 66  35  0  0  0  3  2.139848e-01  1.000000e-07
 9  82  0 -1  0  3  3.588968e-01  1.000000e-07
 71  44 -1  0  0  3  1.936564e-01  1.000000e-07
 45  13  0  0  0  3  2.330626e-01  1.000000e-07
 15  74  0  0  0  3  2.709061e-01  1.000000e-07
 13  16  1  0  0  2  3.985861e-01  2.000000e-07
 13  38  0  0  0  2  3.011673e-01  2.000000e-07
 13  46  0  0  0  2  2.560121e-01  2.000000e-07
 13  66  0  0  0  2  9.651002e-02  2.000000e-07
 13  67  0  0  0  2  4.429111e-02  2.000000e-07
 13  77  0  0  0  2  3.284329e-01  2.000000e-07
 13  68  0  0  0  2  2.547975e-01  2.000000e-07
 13  78  1  0  0  2  3.706216e-01  2.000000e-07
 13  51  0  0  0  2  3.483611e-01  2.000000e-07
 13  14  0  0  0  2  4.246007e-02  2.000000e-07
 13  39  0  0  0  2  3.959741e-01  2.000000e-07
 13  40  0  0  0  2  3.917991e-01  2.000000e-07
 16  38 -1  0  0  2  1.701421e-01  2.000000e-07
 16  47  0  0  0  2  1.914342e-01  2.000000e-07
 16  48  0  0  0  2  3.497927e-01  2.000000e-07
 16  78  0  0  0  2  2.964687e-01  2.000000e-07
 16  11  0  0  0  2  2.229430e-01  2.000000e-07
 16  12  0  0  0  2  1.767836e-01  2.000000e-07
 16  14 -1  0  0  2  4.153900e-01  2.000000e-07
 16  15 -1  0  0  2  3.942701e-01  2.000000e-07
 16  79  0  0  0  2  1.737951e-01  2.000000e-07
 16  72  0  0  0  2  7.647761e-02  2.000000e-07
 16  59  0  0  0  2  3.297744e-02  2.000000e-07
 16  61  0  0  0  2  1.563921e-01  2.000000e-07
 16  40 -1  0  0  2  2.603235e-01  2.000000e-07
 38  66  0  0  0  2  3.458809e-01  2.000000e-07
 38  67  0  0  0  2  3.242060e-01  2.000000e-07
 38  77  0  0  0  2  5.319182e-01  2.000000e-07
 38  78  1  0  0  2  3.818720e-01  2.000000e-07
 38  11  1  0  0  2  1.996475e-01  2.000000e-07
 38  56  1 -1  0  2  3.374957e-01  2.000000e-07
 38  58  0  0  0  2  1.565446e-01  2.000000e-07
 38  59  1  0  0  2  1.371677e-01  2.000000e-07
 38  39  0  0  0  2  1.613151e-01  2.000000e-07
 38  40  0  0  0  2  1.284265e-01  2.000000e-07
 4  47  0  0  0  2  2.844586e-01  2.000000e-07
 4  48  0  0  0  2  1.872741e-01  2.000000e-07
 4  78  0  0  0  2  2.076364e-01  2.000000e-07
 4  49  0  0  0  2  8.937907e-02  2.000000e-07
 4  51  0  0  0  2  2.325823e-01  2.000000e-07
 4  64  0  0  0  2  3.928041e-02  2.000000e-07
 4  52  0  0  0  2  4.190926e-01  2.000000e-07
 4  79  0  0  0  2  3.188029e-01  2.000000e-07
 4  54  0  0  0  2  2.519745e-01  2.000000e-07
 4  57  0  0  0  2  1.718215e-01  2.000000e-07
 4  8  0  0  0  2  1.111674e-01  2.000000e-07
 4  61  0  1  0  2  4.484038e-01  2.000000e-07
 46  67  0  0  0  2  2.570412e-01  2.000000e-07
 46  17  0  0  0  2  7.173013e-02  2.000000e-07
 46  77  0  0  0  2  2.137126e-01  2.000000e-07
 46  68  0  0  0  2  8.264722e-02  2.000000e-07
 46  69  0  0  0  2  2.236314e-01  2.000000e-07
 46  53  0  0  0  2  3.096517e-01  2.000000e-07
 46  54  0  0  0  2  2.886890e-01  2.000000e-07
 46  55  0  0  0  2  1.829444e-01  2.000000e-07
 46  2  0  0  0  2  3.463228e-01  2.000000e-07
 46  57  0  0  0  2  2.581221e-01  2.000000e-07
 46  60  0  0  0  2  1.688389e-01  2.000000e-07
 65  47  0  0  0  2  2.616369e-01  2.000000e-07
 65  66  0  0  0  2  3.063157e-01  2.000000e-07
 65  48  0  0  0  2  3.120299e-01  2.000000e-07
 65  69  0 -1  0  2  4.022077e-01  2.000000e-07
 65  50  0  0  0  2  3.654159e-01  2.000000e-07
 65  12  0  0  0  2  1.378378e-01  2.000000e-07
 65  51  0  0  0  2  3.912991e-01  2.000000e-07
 65  14  0  0  0  2  4.266323e-01  2.000000e-07
 65  52  0 -1  0  2  4.138102e-01  2.000000e-07
 65  53  0  0  0  2  2.063927e-01  2.000000e-07
 65  80  0  0  0  2  1.376498e-01  2.000000e-07
 65  54  0 -1  0  2  3.837923e-01  2.000000e-07
 65  2  0  0  0  2  1.702332e-01  2.000000e-07
 65  56  0 -1  0  2  4.507487e-01  2.000000e-07
 65  72  0  0  0  2  2.106613e-01  2.000000e-07
 65  76  0  0  0  2  1.092745e-01  2.000000e-07
 47  48  0  0  0  2  1.599042e-01  2.000000e-07
 47  78  0  0  0  2  1.801947e-01  2.000000e-07
 47  12  0  0  0  2  2.459577e-01  2.000000e-07
 47  51  0  0  0  2  3.139221e-01  2.000000e-07
 47  53  0  0  0  2  2.913046e-01  2.000000e-07
 47  79  0  0  0  2  1.375783e-01  2.000000e-07
 47  1  0  0  0  2  2.960249e-01  2.000000e-07
 47  57  0  0  0  2  3.273620e-01  2.000000e-07
 47  59  0  0  0  2  2.183028e-01  2.000000e-07
 47  8  0  0  0  2  3.371508e-01  2.000000e-07
 47  61  0  0  0  2  2.689239e-01  2.000000e-07
 66  67  0  0  0  2  5.302656e-02  2.000000e-07
 66  48  0  0  0  2  3.647943e-01  2.000000e-07
 66  68  0  0  0  2  3.058060e-01  2.000000e-07
 66  50  0  0  0  2  3.632440e-01  2.000000e-07
 66  51  0  0  0  2  3.048773e-01  2.000000e-07
 66  14  0  0  0  2  1.215543e-01  2.000000e-07
 66  52  0 -1  0  2  5.071202e-01  2.000000e-07
 66  80  0  0  0  2  3.292107e-01  2.000000e-07
 66  55  0  0  0  2  2.279505e-01  2.000000e-07
 66  2  0  0  0  2  1.647477e-01  2.000000e-07
 66  58  0  0  0  2  3.404733e-01  2.000000e-07
 66  39  0  0  0  2  4.041769e-01  2.000000e-07
 3  69  0  0  0  2  2.714208e-01  2.000000e-07
 3  49  0  0  0  2  2.014538e-02  2.000000e-07
 3  64  0  0  0  2  9.761915e-02  2.000000e-07
 3  54  0  0  0  2  1.641820e-01  2.000000e-07
 3  71  0  0  0  2  2.306602e-01  2.000000e-07
 3  55  0  0  0  2  2.760591e-01  2.000000e-07
 3  1  0  0  0  2  4.670875e-01  2.000000e-07
 3  2  0  0  0  2  4.244440e-01  2.000000e-07
 3  56  0  0  0  2  2.618822e-01  2.000000e-07
 3  57  0  0  0  2  1.222129e-01  2.000000e-07
 3  60  0  0  0  2  2.531889e-01  2.000000e-07
 3  61  0  1  0  2  4.076851e-01  2.000000e-07
 3  63  0  0  0  2  1.522622e-01  2.000000e-07
 18  17  0  0  0  2  1.983028e-01  2.000000e-07
 18  77  0  0  0  2  6.332222e-02  2.000000e-07
 18  68  0  0  0  2  1.742545e-01  2.000000e-07
 18  69  0  0  0  2  3.335906e-01  2.000000e-07
 18  78  1  0  0  2  3.152932e-01  2.000000e-07
 18  50  0  1  0  2  3.016256e-01  2.000000e-07
 18  52  0  0  0  2  2.820778e-01  2.000000e-07
 18  71  1  0  0  2  2.308028e-01  2.000000e-07
 18  56  1  0  0  2  2.334856e-01  2.000000e-07
 18  58  0  1  0  2  3.103540e-01  2.000000e-07
 18  39  0  1  0  2  2.632543e-01  2.000000e-07
 18  82  1  0  0  2  1.879047e-01  2.000000e-07
 67  17  0  0  0  2  3.215399e-01  2.000000e-07
 67  77  0  0  0  2  3.568153e-01  2.000000e-07
 67  50  0  0  0  2  3.868052e-01  2.000000e-07
 67  15  0  0  0  2  9.009752e-02  2.000000e-07
 67  53  0  0  0  2  2.000741e-01  2.000000e-07
 67  80  0  0  0  2  3.774158e-01  2.000000e-07
 67  55  0  0  0  2  2.422173e-01  2.000000e-07
 67  1  0  0  0  2  2.304564e-01  2.000000e-07
 67  2  0  0  0  2  2.147003e-01  2.000000e-07
 67  57  0  0  0  2  3.963651e-01  2.000000e-07
 67  58  0  0  0  2  3.428819e-01  2.000000e-07
 67  59  1  0  0  2  4.091658e-01  2.000000e-07
 67  60  0  0  0  2  4.105792e-01  2.000000e-07
 67  81  0  0  0  2  2.053915e-01  2.000000e-07
 67  40  0  0  0  2  4.037720e-01  2.000000e-07
 67  76  0  0  0  2  3.374398e-01  2.000000e-07
 17  77  0  0  0  2  1.794313e-01  2.000000e-07
 17  68  0  0  0  2  7.889893e-02  2.000000e-07
 17  69  0  0  0  2  1.862597e-01  2.000000e-07
 17  50  0  1  0  2  2.918716e-01  2.000000e-07
 17  54  0  0  0  2  2.754310e-01  2.000000e-07
 17  60  0  0  0  2  1.477210e-01  2.000000e-07
 17  81  0  0  0  2  2.919319e-01  2.000000e-07
 48  0  0  0  0  2  1.947399e-01  2.000000e-07
 48  78  0  0  0  2  2.302619e-01  2.000000e-07
 48  49  0  0  0  2  2.352508e-01  2.000000e-07
 48  70  0  0  0  2  1.738373e-01  2.000000e-07
 48  12  0  0  0  2  3.600011e-01  2.000000e-07
 48  51  0  0  0  2  1.565224e-01  2.000000e-07
 48  53  0  0  0  2  2.216842e-01  2.000000e-07
 48  2  0  0  0  2  2.375233e-01  2.000000e-07
 48  72  0  0  0  2  3.176393e-01  2.000000e-07
 77  68  0  0  0  2  1.324992e-01  2.000000e-07
 77  78  1  0  0  2  2.806427e-01  2.000000e-07
 77  50  0  1  0  2  3.468543e-01  2.000000e-07
 77  71  1  0  0  2  2.655532e-01  2.000000e-07
 77  56  1  0  0  2  2.764488e-01  2.000000e-07
 77  58  0  1  0  2  3.705162e-01  2.000000e-07
 77  59  1  0  0  2  5.218893e-01  2.000000e-07
 77  8  1  0  0  2  2.658364e-01  2.000000e-07
 77  60  0  0  0  2  3.206167e-01  2.000000e-07
 77  81  0  0  0  2  2.148738e-01  2.000000e-07
 77  63  1  0  0  2  2.894750e-01  2.000000e-07
 68  0  0  0  0  2  3.373831e-01  2.000000e-07
 68  69  0  0  0  2  2.651451e-01  2.000000e-07
 68  78  1  0  0  2  3.660819e-01  2.000000e-07
 68  51  0  0  0  2  3.002047e-01  2.000000e-07
 68  14  0  0  0  2  2.124287e-01  2.000000e-07
 68  52  0  0  0  2  2.419990e-01  2.000000e-07
 68  55  0  0  0  2  2.597679e-01  2.000000e-07
 68  39  0  1  0  2  3.971475e-01  2.000000e-07
 68  82  1  0  0  2  3.512843e-01  2.000000e-07
 0  49  0  0  0  2  1.296477e-01  2.000000e-07
 0  70  0  0  0  2  1.363641e-01  2.000000e-07
 0  51  0  0  0  2  9.948530e-02  2.000000e-07
 0  52  0  0  0  2  2.693573e-01  2.000000e-07
 0  55  0  0  0  2  1.736016e-01  2.000000e-07
 69  49  0  0  0  2  2.766091e-01  2.000000e-07
 69  50  0  1  0  2  2.142863e-01  2.000000e-07
 69  70  0  0  0  2  3.249016e-01  2.000000e-07
 69  12  0  1  0  2  4.299448e-01  2.000000e-07
 69  52  0  0  0  2  6.171934e-02  2.000000e-07
 69  54  0  0  0  2  1.163478e-01  2.000000e-07
 69  71  0  0  0  2  4.536017e-01  2.000000e-07
 69  55  0  0  0  2  3.001687e-01  2.000000e-07
 69  56  0  0  0  2  4.676999e-01  2.000000e-07
 69  60  0  0  0  2  6.512745e-02  2.000000e-07
 78  49  0  0  0  2  2.969489e-01  2.000000e-07
 78  70  0  0  0  2  2.356241e-01  2.000000e-07
 78  14 -1  0  0  2  3.550378e-01  2.000000e-07
 78  79  0  0  0  2  1.268289e-01  2.000000e-07
 78  71  0  0  0  2  3.022108e-01  2.000000e-07
 78  72  0  0  0  2  3.187903e-01  2.000000e-07
 78  59  0  0  0  2  3.071995e-01  2.000000e-07
 78  81 -1  0  0  2  2.143711e-01  2.000000e-07
 78  63  0  0  0  2  2.227761e-01  2.000000e-07
 78  82  0  0  0  2  2.734662e-01  2.000000e-07
 49  11  0  1  0  2  3.579661e-01  2.000000e-07
 49  70  0  0  0  2  6.998912e-02  2.000000e-07
 49  12  0  1  0  2  4.117141e-01  2.000000e-07
 49  52  0  0  0  2  3.382799e-01  2.000000e-07
 49  54  0  0  0  2  1.656249e-01  2.000000e-07
 49  71  0  0  0  2  2.127655e-01  2.000000e-07
 49  56  0  0  0  2  2.430074e-01  2.000000e-07
 49  61  0  1  0  2  3.894213e-01  2.000000e-07
 49  82  0  0  0  2  2.378213e-01  2.000000e-07
 11  12  0  0  0  2  2.448460e-01  2.000000e-07
 11  71  0 -1  0  2  1.875486e-01  2.000000e-07
 11  58 -1  0  0  2  2.398192e-01  2.000000e-07
 11  72  0  0  0  2  2.407427e-01  2.000000e-07
 11  39 -1  0  0  2  1.821137e-01  2.000000e-07
 11  61  0  0  0  2  1.914756e-01  2.000000e-07
 11  40 -1  0  0  2  1.463404e-01  2.000000e-07
 11  82  0 -1  0  2  2.128966e-01  2.000000e-07
 50  52  0 -1  0  2  1.652347e-01  2.000000e-07
 50  54  0 -1  0  2  3.098132e-01  2.000000e-07
 50  1  0  0  0  2  3.593144e-01  2.000000e-07
 50  2  0  0  0  2  3.983465e-01  2.000000e-07
 50  58  0  0  0  2  1.512029e-01  2.000000e-07
 50  59  1  0  0  2  4.390006e-01  2.000000e-07
 50  39  0  0  0  2  1.878668e-01  2.000000e-07
 50  60  0 -1  0  2  2.665373e-01  2.000000e-07
 50  40  0  0  0  2  2.307643e-01  2.000000e-07
 50  76  0  0  0  2  2.567915e-01  2.000000e-07
 70  3  0  0  0  2  6.089879e-02  2.000000e-07
 70  54  0  0  0  2  2.225858e-01  2.000000e-07
 70  71  0  0  0  2  2.307124e-01  2.000000e-07
 70  55  0  0  0  2  2.742914e-01  2.000000e-07
 70  2  0  0  0  2  3.972020e-01  2.000000e-07
 70  72  0  0  0  2  4.628208e-01  2.000000e-07
 70  63  0  0  0  2  1.340052e-01  2.000000e-07
 70  82  0  0  0  2  2.427954e-01  2.000000e-07
 12  52  0 -1  0  2  4.596564e-01  2.000000e-07
 12  80  0  0  0  2  2.138442e-01  2.000000e-07
 12  71  0 -1  0  2  3.606740e-01  2.000000e-07
 12  56  0 -1  0  2  3.322412e-01  2.000000e-07
 12  72  0  0  0  2  1.077598e-01  2.000000e-07
 12  61  0  0  0  2  5.341515e-02  2.000000e-07
 12  82  0 -1  0  2  4.041237e-01  2.000000e-07
 51  14  0  0  0  2  3.296231e-01  2.000000e-07
 51  52  0  0  0  2  3.107580e-01  2.000000e-07
 51  15  0  0  0  2  3.519686e-01  2.000000e-07
 51  53  0  0  0  2  2.165932e-01  2.000000e-07
 51  55  0  0  0  2  7.808213e-02  2.000000e-07
 51  57  0  0  0  2  7.805220e-02  2.000000e-07
 51  60  0  0  0  2  2.093795e-01  2.000000e-07
 14  52  0 -1  0  2  5.992945e-01  2.000000e-07
 14  52  0  0  0  2  4.357326e-01  2.000000e-07
 14  15  0  0  0  2  2.561494e-02  2.000000e-07
 14  53  0  0  0  2  2.534330e-01  2.000000e-07
 14  79  1  0  0  2  3.280913e-01  2.000000e-07
 14  80  0  0  0  2  4.477250e-01  2.000000e-07
 14  39  0  0  0  2  4.349818e-01  2.000000e-07
 14  81  0  0  0  2  1.414828e-01  2.000000e-07
 14  40  0  0  0  2  4.287479e-01  2.000000e-07
 14  82  1  0  0  2  4.807558e-01  2.000000e-07
 64  79  0  0  0  2  3.353244e-01  2.000000e-07
 64  54  0  0  0  2  2.559203e-01  2.000000e-07
 64  1  0  0  0  2  4.958156e-01  2.000000e-07
 64  2  0  0  0  2  4.581189e-01  2.000000e-07
 64  57  0  0  0  2  2.013756e-01  2.000000e-07
 64  72  0  0  0  2  4.856395e-01  2.000000e-07
 64  59  0  0  0  2  5.051220e-01  2.000000e-07
 64  8  0  0  0  2  7.888450e-02  2.000000e-07
 64  61  0  1  0  2  4.168421e-01  2.000000e-07
 64  81 -1  0  0  2  3.987360e-01  2.000000e-07
 64  63  0  0  0  2  6.520744e-02  2.000000e-07
 52  80  0  1  0  2  2.762060e-01  2.000000e-07
 52  57  0  0  0  2  2.900983e-01  2.000000e-07
 52  39  0  1  0  2  3.161216e-01  2.000000e-07
 52  60  0  0  0  2  1.015925e-01  2.000000e-07
 52  61  0  1  0  2  4.781636e-01  2.000000e-07
 52  81  0  0  0  2  4.548104e-01  2.000000e-07
 52  40  0  1  0  2  3.613224e-01  2.000000e-07
 52  82  1  0  0  2  4.542907e-01  2.000000e-07
 15  53  0  0  0  2  2.786409e-01  2.000000e-07
 15  79  1  0  0  2  3.028948e-01  2.000000e-07
 15  80  0  0  0  2  4.651615e-01  2.000000e-07
 15  57  0  0  0  2  4.220276e-01  2.000000e-07
 15  59  1  0  0  2  3.744526e-01  2.000000e-07
 15  60  0  0  0  2  3.937850e-01  2.000000e-07
 15  81  0  0  0  2  1.170348e-01  2.000000e-07
 15  40  0  0  0  2  4.203891e-01  2.000000e-07
 15  82  1  0  0  2  4.630457e-01  2.000000e-07
 53  80  0  0  0  2  2.911883e-01  2.000000e-07
 53  55  0  0  0  2  1.613607e-01  2.000000e-07
 53  1  0  0  0  2  8.479456e-02  2.000000e-07
 53  57  0  0  0  2  2.898440e-01  2.000000e-07
 53  60  0  0  0  2  3.969034e-01  2.000000e-07
 53  61  0  0  0  2  3.806370e-01  2.000000e-07
 53  76  0  0  0  2  2.452588e-01  2.000000e-07
 79  59  0  0  0  2  1.812769e-01  2.000000e-07
 79  8  0  0  0  2  3.250666e-01  2.000000e-07
 79  61  0  0  0  2  3.147074e-01  2.000000e-07
 79  81 -1  0  0  2  2.097776e-01  2.000000e-07
 79  82  0  0  0  2  3.978774e-01  2.000000e-07
 80  4  0 -1  0  2  4.746826e-01  2.000000e-07
 80  50  0  0  0  2  2.436389e-01  2.000000e-07
 80  54  0 -1  0  2  2.678038e-01  2.000000e-07
 80  57  0 -1  0  2  4.406089e-01  2.000000e-07
 80  59  1  0  0  2  6.202746e-01  2.000000e-07
 80  60  0 -1  0  2  3.301132e-01  2.000000e-07
 80  61  0  0  0  2  2.517446e-01  2.000000e-07
 80  40  0  0  0  2  4.542113e-01  2.000000e-07
 80  76  0  0  0  2  4.604009e-02  2.000000e-07
 54  55  0  0  0  2  2.924046e-01  2.000000e-07
 54  56  0  0  0  2  3.540387e-01  2.000000e-07
 54  59  0  1  0  2  5.403632e-01  2.000000e-07
 54  8  0  0  0  2  3.219968e-01  2.000000e-07
 54  60  0  0  0  2  1.277396e-01  2.000000e-07
 54  61  0  1  0  2  3.731604e-01  2.000000e-07
 54  63  0  0  0  2  2.954996e-01  2.000000e-07
 54  76  0  1  0  2  3.137419e-01  2.000000e-07
 71  56  0  0  0  2  4.184025e-02  2.000000e-07
 71  58 -1  1  0  2  3.634584e-01  2.000000e-07
 71  72  0  1  0  2  4.002995e-01  2.000000e-07
 71  39 -1  1  0  2  2.966114e-01  2.000000e-07
 71  63  0  0  0  2  1.045446e-01  2.000000e-07
 71  82  0  0  0  2  4.725537e-02  2.000000e-07
 55  1  0  0  0  2  2.460564e-01  2.000000e-07
 55  2  0  0  0  2  1.988937e-01  2.000000e-07
 55  57  0  0  0  2  1.550350e-01  2.000000e-07
 55  60  0  0  0  2  2.361836e-01  2.000000e-07
 1  2  0  0  0  2  4.729758e-02  2.000000e-07
 1  57  0  0  0  2  3.676490e-01  2.000000e-07
 1  58  0  0  0  2  4.081786e-01  2.000000e-07
 1  72  0  0  0  2  3.163321e-01  2.000000e-07
 1  59  0  0  0  2  4.214559e-01  2.000000e-07
 1  61  0  0  0  2  3.204577e-01  2.000000e-07
 1  76  0  0  0  2  1.605418e-01  2.000000e-07
 2  57  0  0  0  2  3.220781e-01  2.000000e-07
 2  58  0  0  0  2  4.350978e-01  2.000000e-07
 2  72  0  0  0  2  3.316830e-01  2.000000e-07
 2  59  0  0  0  2  4.335459e-01  2.000000e-07
 2  63  0  0  0  2  5.193106e-01  2.000000e-07
 56  11  0  1  0  2  1.459855e-01  2.000000e-07
 56  58 -1  1  0  2  3.281204e-01  2.000000e-07
 56  72  0  1  0  2  3.644852e-01  2.000000e-07
 56  59  0  1  0  2  3.518197e-01  2.000000e-07
 56  8  0  0  0  2  1.551855e-01  2.000000e-07
 56  39 -1  1  0  2  2.612994e-01  2.000000e-07
 56  61  0  1  0  2  2.850680e-01  2.000000e-07
 56  63  0  0  0  2  1.455933e-01  2.000000e-07
 56  76  0  1  0  2  4.692312e-01  2.000000e-07
 57  60  0  0  0  2  1.915382e-01  2.000000e-07
 58  59  1  0  0  2  2.881142e-01  2.000000e-07
 58  8  1 -1  0  2  4.635292e-01  2.000000e-07
 58  39  0  0  0  2  6.687869e-02  2.000000e-07
 72  38 -1  0  0  2  2.409239e-01  2.000000e-07
 72  59  0  0  0  2  1.070949e-01  2.000000e-07
 72  63  0  0  0  2  5.188880e-01  2.000000e-07
 72  76  0  0  0  2  3.072348e-01  2.000000e-07
 59  8  0 -1  0  2  5.034722e-01  2.000000e-07
 59  60 -1 -1  0  2  6.846724e-01  2.000000e-07
 59  61  0  0  0  2  1.740532e-01  2.000000e-07
 59  81 -1  0  0  2  3.289585e-01  2.000000e-07
 59  40 -1  0  0  2  2.310761e-01  2.000000e-07
 59  82  0 -1  0  2  4.210028e-01  2.000000e-07
 59  76 -1  0  0  2  6.043434e-01  2.000000e-07
 59  76  0  0  0  2  4.108193e-01  2.000000e-07
 8  50 -1  1  0  2  5.215116e-01  2.000000e-07
 8  60 -1  0  0  2  5.800093e-01  2.000000e-07
 8  61  0  1  0  2  4.109616e-01  2.000000e-07
 8  81 -1  0  0  2  3.463993e-01  2.000000e-07
 8  63  0  0  0  2  2.903389e-02  2.000000e-07
 8  82  0  0  0  2  1.051165e-01  2.000000e-07
 39  40  0  0  0  2  4.529118e-02  2.000000e-07
 39  82  1 -1  0  2  2.925574e-01  2.000000e-07
 60  81  0  0  0  2  4.310214e-01  2.000000e-07
 60  82  1  0  0  2  5.090572e-01  2.000000e-07
 60  76  0  1  0  2  3.721211e-01  2.000000e-07
 61  63  0 -1  0  2  3.880713e-01  2.000000e-07
 61  40 -1  0  0  2  3.074607e-01  2.000000e-07
 61  82  0 -1  0  2  3.578535e-01  2.000000e-07
 61  76  0  0  0  2  2.577800e-01  2.000000e-07
 81  63  1  0  0  2  3.754287e-01  2.000000e-07
 81  82  1  0  0  2  3.641880e-01  2.000000e-07
 40  60  0 -1  0  2  4.563853e-01  2.000000e-07
 40  82  1 -1  0  2  2.878926e-01  2.000000e-07
 76  2  0  0  0  2  2.077858e-01  2.000000e-07
 13  38  0  0  0  1  3.011673e-01  3.000000e-07
 13  15  0  0  0  1  5.234278e-02  3.000000e-07
 13  58  0  0  0  1  3.397230e-01  3.000000e-07
 13  81  0  0  0  1  1.629262e-01  3.000000e-07
 16  47  0  0  0  1  1.914342e-01  3.000000e-07
 16  79  0  0  0  1  1.737951e-01  3.000000e-07
 16  72  0  0  0  1  7.647761e-02  3.000000e-07
 16  61  0  0  0  1  1.563921e-01  3.000000e-07
 38  11  1  0  0  1  1.996475e-01  3.000000e-07
 38  79  1  0  0  1  2.606879e-01  3.000000e-07
 38  58  0  0  0  1  1.565446e-01  3.000000e-07
 38  59  1  0  0  1  1.371677e-01  3.000000e-07
 38  40  0  0  0  1  1.284265e-01  3.000000e-07
 4  48  0  0  0  1  1.872741e-01  3.000000e-07
 4  78  0  0  0  1  2.076364e-01  3.000000e-07
 4  8  0  0  0  1  1.111674e-01  3.000000e-07
 46  17  0  0  0  1  7.173013e-02  3.000000e-07
 46  68  0  0  0  1  8.264722e-02  3.000000e-07
 46  14  0  0  0  1  2.172434e-01  3.000000e-07
 46  55  0  0  0  1  1.829444e-01  3.000000e-07
 46  60  0  0  0  1  1.688389e-01  3.000000e-07
 65  12  0  0  0  1  1.378378e-01  3.000000e-07
 65  80  0  0  0  1  1.376498e-01  3.000000e-07
 65  1  0  0  0  1  1.337004e-01  3.000000e-07
 65  2  0  0  0  1  1.702332e-01  3.000000e-07
 65  72  0  0  0  1  2.106613e-01  3.000000e-07
 65  76  0  0  0  1  1.092745e-01  3.000000e-07
 47  48  0  0  0  1  1.599042e-01  3.000000e-07
 47  78  0  0  0  1  1.801947e-01  3.000000e-07
 47  2  0  0  0  1  2.853257e-01  3.000000e-07
 47  72  0  0  0  1  1.725145e-01  3.000000e-07
 66  67  0  0  0  1  5.302656e-02  3.000000e-07
 66  50  0  0  0  1  3.632440e-01  3.000000e-07
 66  55  0  0  0  1  2.279505e-01  3.000000e-07
 66  1  0  0  0  1  1.777543e-01  3.000000e-07
 66  2  0  0  0  1  1.647477e-01  3.000000e-07
 66  58  0  0  0  1  3.404733e-01  3.000000e-07
 3  0  0  0  0  1  1.116441e-01  3.000000e-07
 3  70  0  0  0  1  6.089879e-02  3.000000e-07
 3  54  0  0  0  1  1.641820e-01  3.000000e-07
 3  57  0  0  0  1  1.222129e-01  3.000000e-07
 18  17  0  0  0  1  1.983028e-01  3.000000e-07
 18  77  0  0  0  1  6.332222e-02  3.000000e-07
 18  52  0  0  0  1  2.820778e-01  3.000000e-07
 18  56  1  0  0  1  2.334856e-01  3.000000e-07
 18  39  0  1  0  1  2.632543e-01  3.000000e-07
 18  82  1  0  0  1  1.879047e-01  3.000000e-07
 67  14  0  0  0  1  7.038028e-02  3.000000e-07
 67  55  0  0  0  1  2.422173e-01  3.000000e-07
 17  77  0  0  0  1  1.794313e-01  3.000000e-07
 17  68  0  0  0  1  7.889893e-02  3.000000e-07
 17  52  0  0  0  1  1.656716e-01  3.000000e-07
 17  60  0  0  0  1  1.477210e-01  3.000000e-07
 48  70  0  0  0  1  1.738373e-01  3.000000e-07
 48  51  0  0  0  1  1.565224e-01  3.000000e-07
 48  53  0  0  0  1  2.216842e-01  3.000000e-07
 48  2  0  0  0  1  2.375233e-01  3.000000e-07
 48  57  0  0  0  1  1.695408e-01  3.000000e-07
 77  68  0  0  0  1  1.324992e-01  3.000000e-07
 77  78  1  0  0  1  2.806427e-01  3.000000e-07
 77  8  1  0  0  1  2.658364e-01  3.000000e-07
 77  81  0  0  0  1  2.148738e-01  3.000000e-07
 77  82  1  0  0  1  2.191583e-01  3.000000e-07
 68  14  0  0  0  1  2.124287e-01  3.000000e-07
 68  15  0  0  0  1  2.124979e-01  3.000000e-07
 68  81  0  0  0  1  2.133836e-01  3.000000e-07
 0  51  0  0  0  1  9.948530e-02  3.000000e-07
 0  54  0  0  0  1  1.461767e-01  3.000000e-07
 0  60  0  0  0  1  1.731881e-01  3.000000e-07
 69  52  0  0  0  1  6.171934e-02  3.000000e-07
 69  80  0  1  0  1  2.675483e-01  3.000000e-07
 69  54  0  0  0  1  1.163478e-01  3.000000e-07
 69  60  0  0  0  1  6.512745e-02  3.000000e-07
 78  79  0  0  0  1  1.268289e-01  3.000000e-07
 78  8  0  0  0  1  1.984924e-01  3.000000e-07
 78  81 -1  0  0  1  2.143711e-01  3.000000e-07
 49  70  0  0  0  1  6.998912e-02  3.000000e-07
 49  64  0  0  0  1  9.068999e-02  3.000000e-07
 49  54  0  0  0  1  1.656249e-01  3.000000e-07
 49  56  0  0  0  1  2.430074e-01  3.000000e-07
 49  61  0  1  0  1  3.894213e-01  3.000000e-07
 49  63  0  0  0  1  1.394275e-01  3.000000e-07
 11  56  0 -1  0  1  1.459855e-01  3.000000e-07
 11  59  0  0  0  1  2.083889e-01  3.000000e-07
 11  39 -1  0  0  1  1.821137e-01  3.000000e-07
 11  61  0  0  0  1  1.914756e-01  3.000000e-07
 11  40 -1  0  0  1  1.463404e-01  3.000000e-07
 50  52  0 -1  0  1  1.652347e-01  3.000000e-07
 50  80  0  0  0  1  2.436389e-01  3.000000e-07
 50  58  0  0  0  1  1.512029e-01  3.000000e-07
 50  39  0  0  0  1  1.878668e-01  3.000000e-07
 50  76  0  0  0  1  2.567915e-01  3.000000e-07
 70  64  0  0  0  1  6.888658e-02  3.000000e-07
 70  57  0  0  0  1  1.346073e-01  3.000000e-07
 12  72  0  0  0  1  1.077598e-01  3.000000e-07
 12  61  0  0  0  1  5.341515e-02  3.000000e-07
 51  55  0  0  0  1  7.808213e-02  3.000000e-07
 51  57  0  0  0  1  7.805220e-02  3.000000e-07
 51  60  0  0  0  1  2.093795e-01  3.000000e-07
 14  55  0  0  0  1  2.541972e-01  3.000000e-07
 64  8  0  0  0  1  7.888450e-02  3.000000e-07
 64  63  0  0  0  1  6.520744e-02  3.000000e-07
 52  80  0  1  0  1  2.762060e-01  3.000000e-07
 52  60  0  0  0  1  1.015925e-01  3.000000e-07
 15  81  0  0  0  1  1.170348e-01  3.000000e-07
 53  55  0  0  0  1  1.613607e-01  3.000000e-07
 79  59  0  0  0  1  1.812769e-01  3.000000e-07
 79  81 -1  0  0  1  2.097776e-01  3.000000e-07
 80  54  0 -1  0  1  2.678038e-01  3.000000e-07
 80  61  0  0  0  1  2.517446e-01  3.000000e-07
 54  61  0  1  0  1  3.731604e-01  3.000000e-07
 71  63  0  0  0  1  1.045446e-01  3.000000e-07
 1  76  0  0  0  1  1.605418e-01  3.000000e-07
 56  39 -1  1  0  1  2.612994e-01  3.000000e-07
 56  61  0  1  0  1  2.850680e-01  3.000000e-07
 56  82  0  0  0  1  7.336363e-02  3.000000e-07
 58  40  0  0  0  1  9.349203e-02  3.000000e-07
 72  61  0  0  0  1  1.053412e-01  3.000000e-07
 59  61  0  0  0  1  1.740532e-01  3.000000e-07
 8  82  0  0  0  1  1.051165e-01  3.000000e-07
 63  82  0  0  0  1  1.089532e-01  3.000000e-07
-9.609871e-02  2.360664e-01  0
-1.728278e-02 -1.491642e-01  0
-1.598346e-02 -1.018844e-01  0
-1.980728e-01  2.815164e-01  0
-2.699951e-01  2.311378e-01  0
-5.647267e-02  2.221792e-01  1.637310e-01
 1.027801e-01 -5.082050e-02  1.777413e-01
-2.303092e-01  3.609831e-01  2.279822e-01
-3.713571e-01  2.767880e-01  0
-3.992827e-01 -3.544500e-01  2.099795e-01
-2.689231e-01 -3.721243e-01  1.703349e-01
-4.441588e-01 -4.314653e-01  0
-2.429160e-01 -2.919987e-01  0
 2.369269e-01 -4.622163e-02  0
 2.400050e-01 -3.873271e-03  0
 2.655785e-01 -2.416906e-03  0
-4.009421e-01 -2.127510e-01  0
 1.842807e-01  2.642550e-01  0
 3.748407e-01  3.191266e-01  0
-2.617521e-01  5.965590e-02 -1.596651e-01
-5.214521e-02 -3.499280e-01 -1.728484e-01
-3.293636e-01  2.634289e-01 -1.775670e-01
 1.675622e-01  1.964913e-01 -1.428244e-01
 1.596011e-01  2.898476e-01  4.234634e-01
 2.305222e-01 -1.946417e-01 -3.704328e-01
-3.441344e-01  4.372265e-02  3.823667e-01
 1.704328e-01 -1.245122e-01 -3.235897e-01
 1.911683e-02  4.080260e-02 -4.065647e-01
-9.600859e-02 -3.471326e-04 -4.319393e-01
 2.322147e-01 -2.311349e-01  4.228181e-01
 1.973033e-01  1.430631e-01 -2.966123e-01
-3.689355e-01 -1.028026e-02 -4.124040e-01
-2.719245e-01  8.529309e-02 -2.936410e-01
-1.711881e-01 -3.946503e-01 -3.369489e-01
 7.432453e-02  2.275627e-01 -3.207594e-01
 1.087472e-01  1.360581e-01 -1.908343e-01
 3.609975e-01 -3.677938e-01 -1.453335e-01
 2.633216e-01  3.044188e-01 -1.303671e-01
 4.387506e-01 -2.697590e-01  0
 3.742546e-01 -4.176198e-01  0
 4.139227e-01 -3.957628e-01  0
-3.967798e-01 -1.617062e-01  2.347960e-01
-1.342812e-01 -3.542098e-01  3.968279e-01
-2.989691e-01 -4.038575e-01 -2.453835e-01
 4.481488e-01  2.242108e-01 -1.133024e-01
 4.429731e-01 -1.794351e-01  1.836060e-01
 1.582689e-01  1.974074e-01  0
-2.969224e-01 -5.204347e-02  0
-1.864274e-01  6.354293e-02  0
-2.102200e-01  2.975875e-01  0
 1.882350e-01 -4.439002e-01  0
-5.348968e-02  1.461676e-01  0
 1.083102e-01  4.114812e-01  0
-5.912069e-03 -6.513546e-02  0
-6.605460e-02  3.791223e-01  0
 6.153064e-03  9.577356e-02  0
-4.170979e-01  4.250792e-01  0
-9.958576e-02  2.091541e-01  0
 3.227844e-01 -3.749163e-01  0
-4.321450e-01 -2.234230e-01  0
 5.087113e-02  3.276851e-01  0
-2.878911e-01 -3.208156e-01  0
-1.267601e-01 -1.668111e-01  1.741056e-01
-3.496391e-01  2.960570e-01  0
-2.937987e-01  2.623842e-01  0
-1.151649e-01 -2.402404e-01  0
 1.476700e-01 -8.292833e-02  0
 1.940022e-01 -5.713791e-02  0
 2.401608e-01  2.085554e-01  0
 4.948666e-02  3.927979e-01  0
-2.323759e-01  2.311978e-01  0
-4.040535e-01  3.853244e-01  0
-3.250565e-01 -2.222484e-01  0
-5.433967e-02 -3.733873e-02 -2.853556e-01
 1.563848e-01 -6.017603e-02 -2.134190e-01
-1.140012e-01 -4.490190e-01 -2.303457e-01
-3.037426e-02 -3.091713e-01  0
 3.635577e-01  2.568177e-01  0
-4.158364e-01  8.334333e-02  0
-4.341450e-01 -4.215710e-02  0
-3.841085e-02 -3.545045e-01  0
 3.737803e-01  4.218717e-02  0
-4.408412e-01  3.556640e-01  0
 2.374773e-01  4.489822e-01  1.432266e-01
 3.239439e-01 -4.247304e-01  2.147510e-01
-3.076053e-01  1.673910e-01  4.302022e-01
 3.702001e-01 -4.088065e-01  3.343077e-01
 7.257610e-02 -3.309408e-02  3.766632e-01
 2.834832e-01  1.932379e-01  3.062098e-01
-1.692632e-01  2.339057e-01  2.056490e-01