 702  90  1.200000e-05  79 -2 -2
 40  45  0 -1  0  3  3.837684e-01  1.000000e-07
 40  46  0  0  0  3  1.276890e-01  1.000000e-07
 40  89  0  0  0  3  2.459208e-01  1.000000e-07
 40  84  0 -1  0  3  3.280191e-01  1.000000e-07
 21  28 -1  0  0  3  4.125631e-01  1.000000e-07
 21  26  0  1  0  3  5.594432e-01  1.000000e-07
 21  72  0  0  0  3  2.331054e-01  1.000000e-07
 21  29 -1  0  0  3  3.291125e-01  1.000000e-07
 21  27  0  0  0  3  5.768054e-01  1.000000e-07
 21  31  0  0  1  3  3.025566e-01  1.000000e-07
 21  24  0  0  1  3  3.863712e-01  1.000000e-07
 21  32  0  0  1  3  3.100240e-01  1.000000e-07
 21  25  0  0  1  3  3.768755e-01  1.000000e-07
 28  9  0  0  0  3  1.013628e-01  1.000000e-07
 28  17  0  0  0  3  3.513270e-01  1.000000e-07
 28  72  1  0  0  3  2.586665e-01  1.000000e-07
 28  10  0  0  0  3  3.605199e-01  1.000000e-07
 28  20  1  0  0  3  3.936213e-01  1.000000e-07
 28  18  0  0  0  3  3.748235e-01  1.000000e-07
 28  29  0 -1  0  3  4.157200e-01  1.000000e-07
 28  16  0 -1  1  3  5.025965e-01  1.000000e-07
 9  46  0  0  0  3  1.432776e-01  1.000000e-07
 9  89  0  0  0  3  9.756128e-02  1.000000e-07
 9  10  0  0  0  3  3.800121e-01  1.000000e-07
 9  84  0 -1  0  3  3.439697e-01  1.000000e-07
 9  29  0 -1  0  3  3.410269e-01  1.000000e-07
 9  38  0  0  1  3  4.882671e-01  1.000000e-07
 9  16  0 -1  1  3  4.707727e-01  1.000000e-07
 26  19  0  0  0  3  4.533743e-01  1.000000e-07
 26  71  0  0  0  3  3.235831e-01  1.000000e-07
 26  72  0  0  0  3  3.690456e-01  1.000000e-07
 26  27  0 -1  0  3  4.651884e-01  1.000000e-07
 26  39  0  0  1  3  4.356127e-01  1.000000e-07
 26  31  0 -1  1  3  4.970964e-01  1.000000e-07
 26  32  0  0  1  3  4.118938e-01  1.000000e-07
 19  71  0  1  0  3  6.196441e-01  1.000000e-07
 19  72  0  0  0  3  2.256217e-01  1.000000e-07
 19  20  0  0  0  3  2.701730e-01  1.000000e-07
 19  35  0  0  0  3  2.335057e-01  1.000000e-07
 19  29 -1  0  0  3  5.326282e-01  1.000000e-07
 45  17  0  0  0  3  3.821376e-01  1.000000e-07
 45  71  0  1  0  3  3.827445e-01  1.000000e-07
 45  18  0  0  0  3  3.100477e-01  1.000000e-07
 45  38  0  1  1  3  5.022767e-01  1.000000e-07
 45  39  0  1  1  3  4.324642e-01  1.000000e-07
 45  33  0  0  1  3  3.136784e-01  1.000000e-07
 17  46  0  0  0  3  2.962057e-01  1.000000e-07
 17  35  0  0  0  3  2.511093e-01  1.000000e-07
 17  18  0  0  0  3  3.180463e-01  1.000000e-07
 17  84  0  0  0  3  4.446268e-01  1.000000e-07
 17  27  0  0  0  3  3.021853e-01  1.000000e-07
 46  72  1  0  0  3  3.311717e-01  1.000000e-07
 46  89  0  0  0  3  1.797077e-01  1.000000e-07
 46  10  0  0  0  3  2.864691e-01  1.000000e-07
 46  35  0  0  0  3  3.735199e-01  1.000000e-07
 46  18  0  0  0  3  4.058576e-01  1.000000e-07
 71  10  0  0  0  3  2.667743e-01  1.000000e-07
 71  35  0  0  0  3  3.384776e-01  1.000000e-07
 71  27  0 -1  0  3  3.768170e-01  1.000000e-07
 72  20  0  0  0  3  1.910058e-01  1.000000e-07
 72  25  0  0  1  3  3.867614e-01  1.000000e-07
 89  16  0 -1  1  3  5.190599e-01  1.000000e-07
 89  25  1  0  1  3  4.213998e-01  1.000000e-07
 10  45  0 -1  0  3  4.378393e-01  1.000000e-07
 10  38  0  0  1  3  2.861714e-01  1.000000e-07
 10  39  0  0  1  3  3.547403e-01  1.000000e-07
 10  32  0  0  1  3  3.740582e-01  1.000000e-07
 10  34  0  0  1  3  3.989463e-01  1.000000e-07
 20  89 -1  0  0  3  3.712001e-01  1.000000e-07
 20  35  0  0  0  3  3.676126e-01  1.000000e-07
 20  27  0  0  0  3  5.449113e-01  1.000000e-07
 20  30  0  0  1  3  4.696250e-01  1.000000e-07
 20  31  0  0  1  3  3.628461e-01  1.000000e-07
 20  25  0  0  1  3  2.808760e-01  1.000000e-07
 35  84  0  0  0  3  5.668182e-01  1.000000e-07
 35  27  0  0  0  3  4.581365e-01  1.000000e-07
 35  32  0  0  1  3  4.153291e-01  1.000000e-07
 18  27  0  0  0  3  3.702002e-01  1.000000e-07
 18  30  0  0  1  3  4.263110e-01  1.000000e-07
 18  38  0  0  1  3  5.793482e-01  1.000000e-07
 18  31  1  0  1  3  3.974183e-01  1.000000e-07
 18  33  0  0  1  3  3.783161e-01  1.000000e-07
 84  29  0  0  0  3  3.009099e-01  1.000000e-07
 29  27  0  0  0  3  2.767647e-01  1.000000e-07
 29  11  0  0  1  3  3.488671e-01  1.000000e-07
 29  33  0  0  1  3  3.017857e-01  1.000000e-07
 29  34  1  1  1  3  4.721546e-01  1.000000e-07
 27  34  0  1  1  3  5.052302e-01  1.000000e-07
 30  36  0  0  0  3  2.315681e-01  1.000000e-07
 30  11  0  0  0  3  2.232332e-01  1.000000e-07
 30  31  0  0  0  3  4.270742e-01  1.000000e-07
 30  85  0  0  0  3  3.236212e-01  1.000000e-07
 30  32  0  0  0  3  3.315930e-01  1.000000e-07
 30  13  0  0  0  3  2.620630e-01  1.000000e-07
 30  14  0  0  0  3  1.264134e-01  1.000000e-07
 12  31  0  0  0  3  1.855891e-01  1.000000e-07
 12  85 -1  0  0  3  5.187083e-01  1.000000e-07
 12  14  0  0  0  3  4.844086e-01  1.000000e-07
 12  15 -1  0  0  3  3.442292e-01  1.000000e-07
 36  23  0  0  0  3  2.506962e-01  1.000000e-07
 36  24  0  0  0  3  3.218716e-01  1.000000e-07
 36  13  0  0  0  3  2.682597e-01  1.000000e-07
 36  14  0  0  0  3  2.707606e-01  1.000000e-07
 23  22  0  0  0  3  1.873802e-01  1.000000e-07
 23  37  0  0  0  3  2.686693e-01  1.000000e-07
 23  38  0  0  0  3  2.158268e-01  1.000000e-07
 23  39  0  0  0  3  3.299522e-01  1.000000e-07
 23  85  0  0  0  3  2.779462e-01  1.000000e-07
 23  86  0  0  0  3  3.280642e-01  1.000000e-07
 23  24  0  0  0  3  2.346738e-01  1.000000e-07
 23  32  0  0  0  3  2.816178e-01  1.000000e-07
 22  37  0  0  0  3  2.411098e-01  1.000000e-07
 22  38  0  0  0  3  3.367579e-01  1.000000e-07
 22  39  0  0  0  3  3.684042e-01  1.000000e-07
 22  86  0  0  0  3  2.613604e-01  1.000000e-07
 22  24  0  0  0  3  2.439656e-01  1.000000e-07
 22  34  0  0  0  3  3.892517e-01  1.000000e-07
 37  11 -1  0  0  3  5.425668e-01  1.000000e-07
 37  31  0  0  0  3  3.312421e-01  1.000000e-07
 37  86  0  0  0  3  2.145689e-01  1.000000e-07
 37  24  0  0  0  3  1.198145e-01  1.000000e-07
 37  32  0  0  0  3  2.137448e-01  1.000000e-07
 37  25  0  0  0  3  2.518253e-01  1.000000e-07
 11  31  1  0  0  3  3.958058e-01  1.000000e-07
 11  16  0  0  0  3  1.914924e-01  1.000000e-07
 11  85  0  0  0  3  2.806658e-01  1.000000e-07
 11  86  1  0  0  3  6.136201e-01  1.000000e-07
 11  15  0  0  0  3  1.015601e-01  1.000000e-07
 11  33  0  0  0  3  1.250058e-01  1.000000e-07
 38  24  0  0  0  3  3.465039e-01  1.000000e-07
 38  25  0  0  0  3  3.682795e-01  1.000000e-07
 39  13  0 -1  0  3  4.152448e-01  1.000000e-07
 39  15  0 -1  0  3  3.837955e-01  1.000000e-07
 31  14  0  0  0  3  3.863734e-01  1.000000e-07
 31  15 -1  0  0  3  3.804487e-01  1.000000e-07
 31  34  0  1  0  3  3.410253e-01  1.000000e-07
 16  45  0  0 -1  3  2.822830e-01  1.000000e-07
 16  86  1  1  0  3  5.832836e-01  1.000000e-07
 16  14  0  0  0  3  2.442123e-01  1.000000e-07
 16  15  0  0  0  3  1.794905e-01  1.000000e-07
 16  33  0  0  0  3  9.748249e-02  1.000000e-07
 16  34  1  1  0  3  5.254476e-01  1.000000e-07
 85  13  0  0  0  3  2.075087e-01  1.000000e-07
 85  15  0  0  0  3  3.045823e-01  1.000000e-07
 86  24  0  0  0  3  1.505971e-01  1.000000e-07
 86  25  0  0  0  3  1.091478e-01  1.000000e-07
 86  34  0  0  0  3  2.254519e-01  1.000000e-07
 24  32  0  0  0  3  1.289165e-01  1.000000e-07
 24  25  0  0  0  3  1.495959e-01  1.000000e-07
 32  14  0  0  0  3  4.011447e-01  1.000000e-07
 13  14  0  0  0  3  2.747507e-01  1.000000e-07
 13  15  0  0  0  3  1.190440e-01  1.000000e-07
 13  33  0  0  0  3  2.053644e-01  1.000000e-07
 14  33  0  0  0  3  1.703344e-01  1.000000e-07
 14  34  0  1  0  3  4.310679e-01  1.000000e-07
 15  33  0  0  0  3  1.499451e-01  1.000000e-07
 33  39  0  1  0  3  3.072125e-01  1.000000e-07
 25  34  0  0  0  3  2.104375e-01  1.000000e-07
 26  55  0 -1  0  3  4.136173e-01  1.000000e-07
 60  12  0  0  0  3  1.812093e-01  1.000000e-07
 35  79  0  0  0  3  2.229482e-01  1.000000e-07
 53  36  0  0  0  3  1.984899e-01  1.000000e-07
 72  44 -1  0  0  3  3.902031e-01  1.000000e-07
 43  85  0  0  0  3  1.561868e-01  1.000000e-07
 72  1  0  0  0  3  2.929065e-01  1.000000e-07
 6  86  0  0  0  3  3.067917e-01  1.000000e-07
 84  82  0  0  0  3  1.347943e-01  1.000000e-07
 81  13  0  0  0  3  2.019756e-01  1.000000e-07
 89  77  1  0  0  3  4.192709e-01  1.000000e-07
 51  22  0  0  0  3  1.500909e-01  1.000000e-07
 71  69  0  0  0  3  2.667281e-01  1.000000e-07
 61  12  0 -1  0  3  2.881283e-01  1.000000e-07
 40  66  0  0  0  3  2.588643e-01  1.000000e-07
 83  37  1  0  0  3  3.890949e-01  1.000000e-07
 17  53  0  0  0  3  3.560935e-01  1.000000e-07
 79  36  0  0  0  3  1.882204e-01  1.000000e-07
 19  65  0  0  0  3  2.360656e-01  1.000000e-07
 70  12  0  0  0  3  2.107796e-01  1.000000e-07
 17  47  0  0  0  3  3.356661e-01  1.000000e-07
 43  85  0  0  0  3  1.116884e-01  1.000000e-07
 40  41  0  0  0  3  1.993366e-01  1.000000e-07
 80  86  1  0  0  3  4.144034e-01  1.000000e-07
 46  42  0  0  0  3  3.051368e-01  1.000000e-07
 44  85  0  0  0  3  1.380058e-01  1.000000e-07
 84  82  0  0  0  3  2.195046e-01  1.000000e-07
 4  85  0  0  0  3  2.070376e-01  1.000000e-07
 84  81  0  0  0  3  1.388703e-01  1.000000e-07
 56  39  0  1  0  3  3.973225e-01  1.000000e-07
 89  76  1  0  0  3  3.059548e-01  1.000000e-07
 6  86  0  0  0  3  3.135049e-01  1.000000e-07
 71  56  0 -1  0  3  2.355225e-01  1.000000e-07
 81  13  0  0  0  3  2.946068e-01  1.000000e-07
 9  49  1 -1  0  3  3.744615e-01  1.000000e-07
 60  12  0  0  0  3  2.169944e-01  1.000000e-07
 40  74  0  0  0  3  2.083796e-01  1.000000e-07
 62  15  0 -1  0  3  3.592658e-01  1.000000e-07
 84  4  0  0  0  3  1.982132e-01  1.000000e-07
 56  36  0  0  0  3  2.969888e-01  1.000000e-07
 19  48  0  0  0  3  2.066237e-01  1.000000e-07
 70  36  0  0  0  3  2.136237e-01  1.000000e-07
 40  74  0  0  0  3  1.565901e-01  1.000000e-07
 62  39  0  0  0  3  3.773703e-01  1.000000e-07
 19  50  0  0  0  3  2.436613e-01  1.000000e-07
 51  22  0  0  0  3  1.449730e-01  1.000000e-07
 40  63  0  0  0  3  1.477056e-01  1.000000e-07
 80  38  0  0  0  3  3.831200e-01  1.000000e-07
 89  88  1  0  0  3  4.033254e-01  1.000000e-07
 57  12  0 -1  0  3  2.166757e-01  1.000000e-07
 71  0  0  0  0  3  1.410945e-01  1.000000e-07
 64  39  0  0  0  3  3.369975e-01  1.000000e-07
 0  69  0  0  0  2  2.797195e-01  2.000000e-07
 0  73  0  0  0  2  1.217777e-01  2.000000e-07
 0  54  0  0  0  2  1.769852e-01  2.000000e-07
 0  55  0 -1  0  2  3.979736e-01  2.000000e-07
 0  74  0  0  0  2  2.216534e-01  2.000000e-07
 0  3  0 -1  0  2  3.582596e-01  2.000000e-07
 0  60  0 -1  0  2  4.361086e-01  2.000000e-07
 0  61  0  0  0  2  2.115948e-01  2.000000e-07
 0  62  0  0  0  2  1.343932e-01  2.000000e-07
 0  64  0  0  0  2  1.146975e-01  2.000000e-07
 1  75 -1  0  0  2  2.824608e-01  2.000000e-07
 1  69  0  0  0  2  2.713742e-01  2.000000e-07
 1  52 -1  0  0  2  2.730746e-01  2.000000e-07
 1  73  0  0  0  2  3.461295e-01  2.000000e-07
 1  76  0  0  0  2  1.570949e-01  2.000000e-07
 1  66 -1  0  0  2  2.506458e-01  2.000000e-07
 1  57  0  0  0  2  2.555925e-01  2.000000e-07
 1  59  0  0  0  2  1.211015e-01  2.000000e-07
 1  61  0  0  0  2  2.454410e-01  2.000000e-07
 1  77  0  0  0  2  6.642949e-02  2.000000e-07
 1  2  0  0  0  2  9.567984e-02  2.000000e-07
 41  49  1 -1  0  2  4.084060e-01  2.000000e-07
 41  75  0  0  0  2  1.142858e-01  2.000000e-07
 41  78  1  0  0  2  3.311157e-01  2.000000e-07
 41  80  0  0  0  2  4.013248e-02  2.000000e-07
 41  54  0  0  0  2  2.756716e-01  2.000000e-07
 41  66  0  0  0  2  1.348440e-01  2.000000e-07
 41  59  1  0  0  2  3.836265e-01  2.000000e-07
 41  74  0  0  0  2  1.894676e-01  2.000000e-07
 41  44  0  0  0  2  2.688577e-01  2.000000e-07
 41  64  0  0  0  2  2.701268e-01  2.000000e-07
 7  8  1 -1  0  2  3.730410e-01  2.000000e-07
 7  49  1 -1  0  2  3.028673e-01  2.000000e-07
 7  69  1  0  0  2  2.709093e-01  2.000000e-07
 7  67  1 -1  0  2  3.886418e-01  2.000000e-07
 7  76  1  0  0  2  1.418393e-01  2.000000e-07
 7  78  1  0  0  2  2.067917e-01  2.000000e-07
 7  80  0  0  0  2  1.621478e-01  2.000000e-07
 7  54  0  0  0  2  3.971888e-01  2.000000e-07
 7  55  1 -1  0  2  3.161266e-01  2.000000e-07
 7  66  0  0  0  2  1.921080e-01  2.000000e-07
 7  68  1 -1  0  2  4.086737e-01  2.000000e-07
 7  81  0 -1  0  2  3.136091e-01  2.000000e-07
 7  83  0  0  0  2  2.391144e-01  2.000000e-07
 7  77  1  0  0  2  2.838221e-01  2.000000e-07
 7  6  1  0  0  2  2.309427e-01  2.000000e-07
 7  62  0  0  0  2  3.307957e-01  2.000000e-07
 7  63  0  0  0  2  3.653260e-01  2.000000e-07
 7  64  0  0  0  2  3.540489e-01  2.000000e-07
 48  8  0  0  0  2  3.531920e-01  2.000000e-07
 48  50  0  0  0  2  2.210525e-01  2.000000e-07
 48  67  0  0  0  2  3.472585e-01  2.000000e-07
 48  52 -1  0  0  2  3.349191e-01  2.000000e-07
 48  79  0  0  0  2  2.314857e-01  2.000000e-07
 48  53  0  0  0  2  2.449830e-01  2.000000e-07
 48  68  0  0  0  2  2.773759e-01  2.000000e-07
 48  3  0  0  0  2  2.259168e-01  2.000000e-07
 48  83 -1  0  0  2  4.613085e-01  2.000000e-07
 48  5  0  0  0  2  2.624823e-01  2.000000e-07
 48  77  0  0  0  2  2.681947e-01  2.000000e-07
 48  6  0  0  0  2  2.986423e-01  2.000000e-07
 48  65  0  0  0  2  9.881988e-02  2.000000e-07
 48  70  0  0  0  2  9.540254e-02  2.000000e-07
 48  2  0  0  0  2  1.618356e-01  2.000000e-07
 87  49  1  0  0  2  4.068078e-01  2.000000e-07
 87  52  0  0  0  2  1.831646e-01  2.000000e-07
 87  4  0  0  0  2  2.144597e-01  2.000000e-07
 87  53  0  0  0  2  2.540341e-01  2.000000e-07
 87  55  1  0  0  2  4.774974e-01  2.000000e-07
 87  66  0  0  0  2  2.913531e-01  2.000000e-07
 87  56  0  0  0  2  2.737678e-01  2.000000e-07
 87  58  0  0  0  2  1.815393e-01  2.000000e-07
 87  59  1  0  0  2  3.644177e-01  2.000000e-07
 87  74  0  1  0  2  4.682299e-01  2.000000e-07
 87  60  1  0  0  2  4.400499e-01  2.000000e-07
 87  44  0  0  0  2  1.326913e-01  2.000000e-07
 87  43  0  0  0  2  7.738780e-02  2.000000e-07
 87  65  1  0  0  2  4.223993e-01  2.000000e-07
 87  70  1  0  0  2  4.249895e-01  2.000000e-07
 8  50  0  1  0  2  4.541196e-01  2.000000e-07
 8  51  0  1  0  2  4.396622e-01  2.000000e-07
 8  67  0  0  0  2  1.809827e-02  2.000000e-07
 8  76  0  1  0  2  3.364315e-01  2.000000e-07
 8  55  0  0  0  2  8.045774e-02  2.000000e-07
 8  81 -1  0  0  2  4.721578e-01  2.000000e-07
 8  81  0  0  0  2  5.278488e-01  2.000000e-07
 8  61  0  1  0  2  2.632601e-01  2.000000e-07
 8  5  0  0  0  2  3.223696e-01  2.000000e-07
 8  77  0  1  0  2  4.061771e-01  2.000000e-07
 8  6  0  1  0  2  4.240862e-01  2.000000e-07
 8  63  0  1  0  2  5.120975e-01  2.000000e-07
 8  64  0  1  0  2  4.130107e-01  2.000000e-07
 49  75 -1  1  0  2  3.084571e-01  2.000000e-07
 49  69  0  1  0  2  2.535679e-01  2.000000e-07
 49  67  0  0  0  2  1.691378e-01  2.000000e-07
 49  52 -1  0  0  2  3.462716e-01  2.000000e-07
 49  78  0  1  0  2  2.083010e-01  2.000000e-07
 49  80 -1  1  0  2  4.484838e-01  2.000000e-07
 49  74 -1  1  0  2  4.121222e-01  2.000000e-07
 49  3  0  0  0  2  3.218192e-01  2.000000e-07
 49  60  0  0  0  2  3.716435e-02  2.000000e-07
 49  82 -1  0  0  2  4.078166e-01  2.000000e-07
 49  83 -1  0  0  2  5.459393e-01  2.000000e-07
 49  88  0  1  0  2  1.782028e-01  2.000000e-07
 49  62 -1  1  0  2  4.961321e-01  2.000000e-07
 49  43 -1  0  0  2  4.731809e-01  2.000000e-07
 49  65  0  0  0  2  3.044898e-01  2.000000e-07
 49  70  0  0  0  2  3.078891e-01  2.000000e-07
 50  42  0  0  0  2  3.532803e-01  2.000000e-07
 50  51  0  0  0  2  1.745298e-02  2.000000e-07
 50  69  0  0  0  2  2.829456e-01  2.000000e-07
 50  67  0 -1  0  2  4.530687e-01  2.000000e-07
 50  73  0  0  0  2  1.660750e-01  2.000000e-07
 50  79  0  0  0  2  2.501219e-01  2.000000e-07
 50  58  0  0  0  2  3.570200e-01  2.000000e-07
 50  59  0  0  0  2  2.628009e-01  2.000000e-07
 50  77  0  0  0  2  1.627149e-01  2.000000e-07
 50  6  0  0  0  2  2.322161e-01  2.000000e-07
 50  62  0  0  0  2  3.820888e-01  2.000000e-07
 50  63  0  0  0  2  2.677202e-01  2.000000e-07
 50  65  0  0  0  2  2.951504e-01  2.000000e-07
 42  47  0  0  0  2  1.119782e-01  2.000000e-07
 42  73  0  0  0  2  3.042514e-01  2.000000e-07
 42  79  0  0  0  2  2.069187e-01  2.000000e-07
 42  80  0  0  0  2  2.103185e-01  2.000000e-07
 42  54  0  0  0  2  1.937923e-01  2.000000e-07
 42  58  0  0  0  2  2.085720e-01  2.000000e-07
 42  82  0  0  0  2  3.432171e-01  2.000000e-07
 42  83  0  0  0  2  1.758565e-01  2.000000e-07
 42  62  0  0  0  2  3.357947e-01  2.000000e-07
 42  44  0  0  0  2  1.060461e-01  2.000000e-07
 42  63  0  0  0  2  1.811906e-01  2.000000e-07
 42  43  0  0  0  2  1.344268e-01  2.000000e-07
 51  79  0  0  0  2  2.675134e-01  2.000000e-07
 51  53  0  0  0  2  2.859468e-01  2.000000e-07
 51  54  0  0  0  2  2.449134e-01  2.000000e-07
 51  61  0  0  0  2  1.764094e-01  2.000000e-07
 51  77  0  0  0  2  1.477383e-01  2.000000e-07
 51  63  0  0  0  2  2.767973e-01  2.000000e-07
 51  2  0  0  0  2  1.472877e-01  2.000000e-07
 75  76  1  0  0  2  1.522290e-01  2.000000e-07
 75  78  1  0  0  2  2.176768e-01  2.000000e-07
 75  66  0  0  0  2  1.881290e-01  2.000000e-07
 75  57  1  0  0  2  1.668883e-01  2.000000e-07
 75  59  1  0  0  2  3.660487e-01  2.000000e-07
 75  74  0  0  0  2  2.416579e-01  2.000000e-07
 75  88  1  0  0  2  1.542765e-01  2.000000e-07
 75  64  0  0  0  2  3.430696e-01  2.000000e-07
 69  67  0 -1  0  2  1.943049e-01  2.000000e-07
 69  73  0  0  0  2  2.743227e-01  2.000000e-07
 69  78  0  0  0  2  7.359039e-02  2.000000e-07
 69  59  0  0  0  2  3.919312e-01  2.000000e-07
 69  3  0 -1  0  2  3.680080e-01  2.000000e-07
 69  60  0 -1  0  2  2.277973e-01  2.000000e-07
 69  61  0  0  0  2  1.015566e-01  2.000000e-07
 69  6  0  0  0  2  2.414628e-01  2.000000e-07
 69  62  0  0  0  2  4.125251e-01  2.000000e-07
 47  79  0  0  0  2  1.863889e-01  2.000000e-07
 47  58  0  0  0  2  1.311398e-01  2.000000e-07
 47  81  0  0  0  2  3.858480e-01  2.000000e-07
 47  83  0  0  0  2  2.175390e-01  2.000000e-07
 47  44  0  0  0  2  9.189191e-02  2.000000e-07
 47  43  0  0  0  2  5.457764e-02  2.000000e-07
 67  52 -1  0  0  2  4.524395e-01  2.000000e-07
 67  73  0  1  0  2  3.821731e-01  2.000000e-07
 67  78  0  1  0  2  2.040882e-01  2.000000e-07
 67  79  0  0  0  2  4.649647e-01  2.000000e-07
 67  68  0  0  0  2  1.405594e-01  2.000000e-07
 67  58  0  0  0  2  4.635765e-01  2.000000e-07
 67  3  0  0  0  2  1.911778e-01  2.000000e-07
 67  81 -1  0  0  2  4.899714e-01  2.000000e-07
 67  81  0  0  0  2  5.100814e-01  2.000000e-07
 67  82  0  0  0  2  4.667205e-01  2.000000e-07
 67  5  0  0  0  2  3.059281e-01  2.000000e-07
 67  6  0  1  0  2  4.323122e-01  2.000000e-07
 67  62  0  1  0  2  4.218223e-01  2.000000e-07
 67  63  0  1  0  2  5.016952e-01  2.000000e-07
 67  65  0  0  0  2  3.050788e-01  2.000000e-07
 52  4  0  0  0  2  3.811475e-01  2.000000e-07
 52  76  1  0  0  2  3.706581e-01  2.000000e-07
 52  79  0  0  0  2  4.369504e-01  2.000000e-07
 52  53  0  0  0  2  4.214586e-01  2.000000e-07
 52  55  1  0  0  2  4.008091e-01  2.000000e-07
 52  66  0  0  0  2  2.302813e-01  2.000000e-07
 52  68  1  0  0  2  3.120302e-01  2.000000e-07
 52  59  1  0  0  2  1.830264e-01  2.000000e-07
 52  81  0  0  0  2  4.030843e-01  2.000000e-07
 52  60  1  0  0  2  3.691759e-01  2.000000e-07
 52  82  0  0  0  2  3.321004e-01  2.000000e-07
 52  83  0  0  0  2  2.002738e-01  2.000000e-07
 52  77  1  0  0  2  3.392717e-01  2.000000e-07
 52  6  1  0  0  2  2.908994e-01  2.000000e-07
 52  65  1  0  0  2  2.498572e-01  2.000000e-07
 52  70  1  0  0  2  2.519287e-01  2.000000e-07
 52  2  1  0  0  2  2.932217e-01  2.000000e-07
 4  53  0  0  0  2  2.521432e-01  2.000000e-07
 4  55  1  0  0  2  5.302985e-01  2.000000e-07
 4  68  1  0  0  2  5.158220e-01  2.000000e-07
 4  56  0  0  0  2  5.939514e-02  2.000000e-07
 4  81  0  0  0  2  1.845751e-01  2.000000e-07
 4  60  1  0  0  2  4.932678e-01  2.000000e-07
 4  88  1  1  0  2  5.113358e-01  2.000000e-07
 4  5  0  0  0  2  1.496559e-01  2.000000e-07
 4  64  0  1  0  2  3.104796e-01  2.000000e-07
 73  53  0  0  0  2  3.250411e-01  2.000000e-07
 73  80  0  0  0  2  3.567172e-01  2.000000e-07
 73  54  0  0  0  2  1.195815e-01  2.000000e-07
 73  58  0  0  0  2  4.028376e-01  2.000000e-07
 73  59  0  0  0  2  4.236251e-01  2.000000e-07
 73  74  0  0  0  2  2.966974e-01  2.000000e-07
 73  61  0  0  0  2  1.776364e-01  2.000000e-07
 73  62  0  0  0  2  2.172111e-01  2.000000e-07
 73  63  0  0  0  2  1.472060e-01  2.000000e-07
 73  65  0  0  0  2  4.587555e-01  2.000000e-07
 73  70  0  0  0  2  4.551789e-01  2.000000e-07
 76  55  0 -1  0  2  3.079821e-01  2.000000e-07
 76  66 -1  0  0  2  2.313499e-01  2.000000e-07
 76  57  0  0  0  2  1.070929e-01  2.000000e-07
 76  61  0  0  0  2  2.139713e-01  2.000000e-07
 76  83 -1  0  0  2  2.747004e-01  2.000000e-07
 76  88  0  0  0  2  1.531704e-01  2.000000e-07
 76  77  0  0  0  2  1.469555e-01  2.000000e-07
 76  6  0  0  0  2  1.120044e-01  2.000000e-07
 76  64 -1  0  0  2  4.944502e-01  2.000000e-07
 76  2  0  0  0  2  2.452754e-01  2.000000e-07
 78  80 -1  0  0  2  3.672213e-01  2.000000e-07
 78  57  0  0  0  2  5.136381e-02  2.000000e-07
 78  59  0  0  0  2  3.965847e-01  2.000000e-07
 78  60  0 -1  0  2  1.909196e-01  2.000000e-07
 78  6  0  0  0  2  2.380010e-01  2.000000e-07
 79  53  0  0  0  2  1.864613e-02  2.000000e-07
 79  54  0  0  0  2  2.654222e-01  2.000000e-07
 79  58  0  0  0  2  1.070186e-01  2.000000e-07
 79  82  0  0  0  2  2.877619e-01  2.000000e-07
 79  83  0  0  0  2  3.765346e-01  2.000000e-07
 79  5  0  0  0  2  1.985720e-01  2.000000e-07
 79  63  0  0  0  2  2.794721e-01  2.000000e-07
 79  65  0  0  0  2  3.269917e-01  2.000000e-07
 53  54  0  0  0  2  2.742014e-01  2.000000e-07
 53  66  0  0  0  2  4.077345e-01  2.000000e-07
 53  56  0  0  0  2  2.790855e-01  2.000000e-07
 53  58  0  0  0  2  8.849740e-02  2.000000e-07
 53  3  0  0  0  2  2.754670e-01  2.000000e-07
 53  82  0  0  0  2  2.699194e-01  2.000000e-07
 53  83  0  0  0  2  3.676693e-01  2.000000e-07
 53  5  0  0  0  2  1.899411e-01  2.000000e-07
 53  44  0  0  0  2  2.553501e-01  2.000000e-07
 53  63  0  0  0  2  2.864717e-01  2.000000e-07
 53  70  0  0  0  2  3.361730e-01  2.000000e-07
 53  2  0  0  0  2  3.437541e-01  2.000000e-07
 80  66  0  0  0  2  1.203030e-01  2.000000e-07
 80  59  1  0  0  2  3.827163e-01  2.000000e-07
 80  74  0  0  0  2  1.997983e-01  2.000000e-07
 80  83  0  0  0  2  1.451316e-01  2.000000e-07
 80  6  1  0  0  2  3.111176e-01  2.000000e-07
 80  62  0  0  0  2  2.442079e-01  2.000000e-07
 80  44  0  0  0  2  2.336532e-01  2.000000e-07
 80  63  0  0  0  2  2.143614e-01  2.000000e-07
 80  43  0  0  0  2  2.939541e-01  2.000000e-07
 54  66  0  0  0  2  3.274439e-01  2.000000e-07
 54  58  0  0  0  2  3.351250e-01  2.000000e-07
 54  74  0  0  0  2  2.428747e-01  2.000000e-07
 54  61  0  0  0  2  2.971659e-01  2.000000e-07
 54  44  0  0  0  2  2.970892e-01  2.000000e-07
 54  63  0  0  0  2  3.194913e-02  2.000000e-07
 54  64  0  0  0  2  1.925760e-01  2.000000e-07
 54  2  0  0  0  2  3.875124e-01  2.000000e-07
 55  68  0  0  0  2  1.091172e-01  2.000000e-07
 55  56  0  0  0  2  4.575934e-01  2.000000e-07
 55  57  0  1  0  2  2.012839e-01  2.000000e-07
 55  3  0  0  0  2  2.716318e-01  2.000000e-07
 55  81 -1  0  0  2  3.917178e-01  2.000000e-07
 55  60  0  0  0  2  3.813973e-02  2.000000e-07
 55  61  0  1  0  2  2.911060e-01  2.000000e-07
 55  88  0  1  0  2  1.743386e-01  2.000000e-07
 55  5  0  0  0  2  3.921160e-01  2.000000e-07
 55  70  0  0  0  2  3.142349e-01  2.000000e-07
 66  59  1  0  0  2  2.677657e-01  2.000000e-07
 66  83  0  0  0  2  4.767949e-02  2.000000e-07
 66  44  0  0  0  2  1.742028e-01  2.000000e-07
 66  64  0  0  0  2  3.848275e-01  2.000000e-07
 68  3  0  0  0  2  2.301721e-01  2.000000e-07
 68  81 -1  0  0  2  4.100201e-01  2.000000e-07
 68  60  0  0  0  2  9.797837e-02  2.000000e-07
 68  5  0  0  0  2  3.505241e-01  2.000000e-07
 68  70  0  0  0  2  2.068260e-01  2.000000e-07
 68  2  0  0  0  2  3.873707e-01  2.000000e-07
 56  0  0  1  0  2  3.122686e-01  2.000000e-07
 56  58  0  0  0  2  2.102417e-01  2.000000e-07
 56  74  0  1  0  2  2.855753e-01  2.000000e-07
 56  3  0  0  0  2  2.200464e-01  2.000000e-07
 56  60  1  0  0  2  5.258138e-01  2.000000e-07
 56  61  0  1  0  2  4.660607e-01  2.000000e-07
 56  88  1  1  0  2  5.251234e-01  2.000000e-07
 56  5  0  0  0  2  1.330913e-01  2.000000e-07
 56  62  0  1  0  2  2.772695e-01  2.000000e-07
 56  64  0  1  0  2  2.668360e-01  2.000000e-07
 57  49  0 -1  0  2  2.232559e-01  2.000000e-07
 57  59  0  0  0  2  3.721937e-01  2.000000e-07
 57  60  0 -1  0  2  2.137906e-01  2.000000e-07
 57  61  0  0  0  2  2.018443e-01  2.000000e-07
 57  88  0  0  0  2  6.005420e-02  2.000000e-07
 58  74  0  1  0  2  4.844951e-01  2.000000e-07
 58  3  0  0  0  2  2.736336e-01  2.000000e-07
 58  81  0  0  0  2  3.474781e-01  2.000000e-07
 58  82  0  0  0  2  1.834695e-01  2.000000e-07
 58  5  0  0  0  2  1.609073e-01  2.000000e-07
 58  62  0  1  0  2  4.866020e-01  2.000000e-07
 58  44  0  0  0  2  2.230310e-01  2.000000e-07
 58  43  0  0  0  2  1.764688e-01  2.000000e-07
 58  65  0  0  0  2  3.962206e-01  2.000000e-07
 58  70  0  0  0  2  3.936642e-01  2.000000e-07
 59  83 -1  0  0  2  2.707544e-01  2.000000e-07
 59  6  0  0  0  2  1.592922e-01  2.000000e-07
 59  44 -1  0  0  2  3.370824e-01  2.000000e-07
 59  43 -1  0  0  2  3.629259e-01  2.000000e-07
 59  65  0  0  0  2  1.513622e-01  2.000000e-07
 59  70  0  0  0  2  1.506252e-01  2.000000e-07
 59  2  0  0  0  2  1.104465e-01  2.000000e-07
 74  3  0 -1  0  2  4.512700e-01  2.000000e-07
 74  81  0 -1  0  2  1.675637e-01  2.000000e-07
 74  60  1 -1  0  2  4.404292e-01  2.000000e-07
 74  88  1  0  0  2  3.455209e-01  2.000000e-07
 74  62  0  0  0  2  8.727851e-02  2.000000e-07
 74  64  0  0  0  2  1.080000e-01  2.000000e-07
 74  43  0 -1  0  2  5.407511e-01  2.000000e-07
 3  60  0  0  0  2  2.923801e-01  2.000000e-07
 3  61  0  1  0  2  4.064732e-01  2.000000e-07
 3  62  0  1  0  2  4.040532e-01  2.000000e-07
 3  65  0  0  0  2  2.428925e-01  2.000000e-07
 3  70  0  0  0  2  2.427937e-01  2.000000e-07
 3  2  0  0  0  2  3.873579e-01  2.000000e-07
 81  49  1  0  0  2  3.235065e-01  2.000000e-07
 81  82  0  0  0  2  1.645898e-01  2.000000e-07
 81  88  1  1  0  2  3.365570e-01  2.000000e-07
 81  5  0  0  0  2  3.211230e-01  2.000000e-07
 81  62  0  1  0  2  2.194049e-01  2.000000e-07
 81  63  0  1  0  2  3.839562e-01  2.000000e-07
 81  64  0  1  0  2  2.263883e-01  2.000000e-07
 81  43  0  0  0  2  3.769661e-01  2.000000e-07
 60  88  0  1  0  2  1.769033e-01  2.000000e-07
 60  70  0  0  0  2  3.041918e-01  2.000000e-07
 61  60  0 -1  0  2  3.240596e-01  2.000000e-07
 61  88  0  0  0  2  2.547069e-01  2.000000e-07
 61  77  0  0  0  2  1.802434e-01  2.000000e-07
 61  63  0  0  0  2  3.245657e-01  2.000000e-07
 61  64  0  0  0  2  3.262783e-01  2.000000e-07
 61  2  0  0  0  2  2.659580e-01  2.000000e-07
 82  47  0  0  0  2  2.324063e-01  2.000000e-07
 82  83  0  0  0  2  4.179693e-01  2.000000e-07
 82  5  0  0  0  2  1.989669e-01  2.000000e-07
 82  62  0  1  0  2  3.335798e-01  2.000000e-07
 82  43  0  0  0  2  2.368866e-01  2.000000e-07
 83  6  1  0  0  2  2.589811e-01  2.000000e-07
 83  63  0  0  0  2  2.905317e-01  2.000000e-07
 83  43  0  0  0  2  1.859177e-01  2.000000e-07
 83  65  1  0  0  2  4.030873e-01  2.000000e-07
 88  7 -1  0  0  2  1.452015e-01  2.000000e-07
 88  64 -1  0  0  2  4.534974e-01  2.000000e-07
 5  61  0  1  0  2  4.840204e-01  2.000000e-07
 5  62  0  1  0  2  3.856007e-01  2.000000e-07
 5  63  0  1  0  2  5.460197e-01  2.000000e-07
 77  6  0  0  0  2  7.145619e-02  2.000000e-07
 77  2  0  0  0  2  1.088039e-01  2.000000e-07
 6  65  0  0  0  2  2.982949e-01  2.000000e-07
 62  63  0  0  0  2  1.756869e-01  2.000000e-07
 44  43  0  0  0  2  6.141859e-02  2.000000e-07
 63  64  0  0  0  2  1.824902e-01  2.000000e-07
 64  5  0 -1  0  2  3.702247e-01  2.000000e-07
 43  65  1  0  0  2  4.466270e-01  2.000000e-07
 65  70  0  0  0  2  3.637719e-03  2.000000e-07
 70  2  0  0  0  2  1.825438e-01  2.000000e-07
 0  67  0 -1  0  1  3.196344e-01  3.000000e-07
 0  73  0  0  0  1  1.217777e-01  3.000000e-07
 0  56  0 -1  0  1  3.122686e-01  3.000000e-07
 0  61  0  0  0  1  2.115948e-01  3.000000e-07
 0  63  0  0  0  1  1.867179e-01  3.000000e-07
 0  64  0  0  0  1  1.146975e-01  3.000000e-07
 1  59  0  0  0  1  1.211015e-01  3.000000e-07
 1  77  0  0  0  1  6.642949e-02  3.000000e-07
 1  2  0  0  0  1  9.567984e-02  3.000000e-07
 41  75  0  0  0  1  1.142858e-01  3.000000e-07
 41  66  0  0  0  1  1.348440e-01  3.000000e-07
 41  74  0  0  0  1  1.894676e-01  3.000000e-07
 7  76  1  0  0  1  1.418393e-01  3.000000e-07
 7  66  0  0  0  1  1.921080e-01  3.000000e-07
 7  57  1  0  0  1  1.558747e-01  3.000000e-07
 7  88  1  0  0  1  1.452015e-01  3.000000e-07
 48  50  0  0  0  1  2.210525e-01  3.000000e-07
 48  79  0  0  0  1  2.314857e-01  3.000000e-07
 48  3  0  0  0  1  2.259168e-01  3.000000e-07
 48  5  0  0  0  1  2.624823e-01  3.000000e-07
 48  70  0  0  0  1  9.540254e-02  3.000000e-07
 48  2  0  0  0  1  1.618356e-01  3.000000e-07
 87  49  1  0  0  1  4.068078e-01  3.000000e-07
 87  47  0  0  0  1  1.087276e-01  3.000000e-07
 87  58  0  0  0  1  1.815393e-01  3.000000e-07
 87  81  0  0  0  1  3.026446e-01  3.000000e-07
 87  82  0  0  0  1  1.752234e-01  3.000000e-07
 87  43  0  0  0  1  7.738780e-02  3.000000e-07
 8  69  0  1  0  1  1.888656e-01  3.000000e-07
 8  78  0  1  0  1  1.926593e-01  3.000000e-07
 8  55  0  0  0  1  8.045774e-02  3.000000e-07
 8  68  0  0  0  1  1.319337e-01  3.000000e-07
 49  52 -1  0  0  1  3.462716e-01  3.000000e-07
 49  68  0  0  0  1  1.092410e-01  3.000000e-07
 49  81 -1  0  0  1  3.235065e-01  3.000000e-07
 49  88  0  1  0  1  1.782028e-01  3.000000e-07
 50  73  0  0  0  1  1.660750e-01  3.000000e-07
 50  79  0  0  0  1  2.501219e-01  3.000000e-07
 50  54  0  0  0  1  2.360100e-01  3.000000e-07
 50  2  0  0  0  1  1.524897e-01  3.000000e-07
 42  47  0  0  0  1  1.119782e-01  3.000000e-07
 42  79  0  0  0  1  2.069187e-01  3.000000e-07
 42  80  0  0  0  1  2.103185e-01  3.000000e-07
 42  54  0  0  0  1  1.937923e-01  3.000000e-07
 42  83  0  0  0  1  1.758565e-01  3.000000e-07
 42  44  0  0  0  1  1.060461e-01  3.000000e-07
 42  63  0  0  0  1  1.811906e-01  3.000000e-07
 51  73  0  0  0  1  1.671430e-01  3.000000e-07
 51  61  0  0  0  1  1.764094e-01  3.000000e-07
 51  77  0  0  0  1  1.477383e-01  3.000000e-07
 51  2  0  0  0  1  1.472877e-01  3.000000e-07
 75  66  0  0  0  1  1.881290e-01  3.000000e-07
 75  74  0  0  0  1  2.416579e-01  3.000000e-07
 75  81  0 -1  0  1  3.071996e-01  3.000000e-07
 75  88  1  0  0  1  1.542765e-01  3.000000e-07
 69  67  0 -1  0  1  1.943049e-01  3.000000e-07
 69  76  0  0  0  1  1.753349e-01  3.000000e-07
 69  78  0  0  0  1  7.359039e-02  3.000000e-07
 69  61  0  0  0  1  1.015566e-01  3.000000e-07
 47  53  0  0  0  1  1.719379e-01  3.000000e-07
 47  58  0  0  0  1  1.311398e-01  3.000000e-07
 47  44  0  0  0  1  9.189191e-02  3.000000e-07
 47  43  0  0  0  1  5.457764e-02  3.000000e-07
 67  3  0  0  0  1  1.911778e-01  3.000000e-07
 67  61  0  1  0  1  2.629518e-01  3.000000e-07
 52  68  1  0  0  1  3.120302e-01  3.000000e-07
 52  83  0  0  0  1  2.002738e-01  3.000000e-07
 52  44  0  0  0  1  1.928084e-01  3.000000e-07
 52  43  0  0  0  1  1.968841e-01  3.000000e-07
 52  65  1  0  0  1  2.498572e-01  3.000000e-07
 4  56  0  0  0  1  5.939514e-02  3.000000e-07
 4  58  0  0  0  1  1.727525e-01  3.000000e-07
 4  82  0  0  0  1  5.395770e-02  3.000000e-07
 4  5  0  0  0  1  1.496559e-01  3.000000e-07
 73  54  0  0  0  1  1.195815e-01  3.000000e-07
 73  61  0  0  0  1  1.776364e-01  3.000000e-07
 76  78  0  0  0  1  1.437939e-01  3.000000e-07
 76  66 -1  0  0  1  2.313499e-01  3.000000e-07
 76  77  0  0  0  1  1.469555e-01  3.000000e-07
 76  6  0  0  0  1  1.120044e-01  3.000000e-07
 78  55  0 -1  0  1  1.706343e-01  3.000000e-07
 78  57  0  0  0  1  5.136381e-02  3.000000e-07
 78  88  0  0  0  1  8.715087e-02  3.000000e-07
 53  58  0  0  0  1  8.849740e-02  3.000000e-07
 53  5  0  0  0  1  1.899411e-01  3.000000e-07
 80  66  0  0  0  1  1.203030e-01  3.000000e-07
 80  74  0  0  0  1  1.997983e-01  3.000000e-07
 80  83  0  0  0  1  1.451316e-01  3.000000e-07
 80  63  0  0  0  1  2.143614e-01  3.000000e-07
 55  88  0  1  0  1  1.743386e-01  3.000000e-07
 66  6  1  0  0  1  2.287496e-01  3.000000e-07
 68  3  0  0  0  1  2.301721e-01  3.000000e-07
 68  60  0  0  0  1  9.797837e-02  3.000000e-07
 68  65  0  0  0  1  2.036891e-01  3.000000e-07
 56  3  0  0  0  1  2.200464e-01  3.000000e-07
 56  81  0  0  0  1  1.890336e-01  3.000000e-07
 56  5  0  0  0  1  1.330913e-01  3.000000e-07
 56  64  0  1  0  1  2.668360e-01  3.000000e-07
 57  88  0  0  0  1  6.005420e-02  3.000000e-07
 59  83 -1  0  0  1  2.707544e-01  3.000000e-07
 59  6  0  0  0  1  1.592922e-01  3.000000e-07
 59  65  0  0  0  1  1.513622e-01  3.000000e-07
 59  70  0  0  0  1  1.506252e-01  3.000000e-07
 59  2  0  0  0  1  1.104465e-01  3.000000e-07
 74  62  0  0  0  1  8.727851e-02  3.000000e-07
 74  63  0  0  0  1  2.199641e-01  3.000000e-07
 74  64  0  0  0  1  1.080000e-01  3.000000e-07
 3  65  0  0  0  1  2.428925e-01  3.000000e-07
 3  70  0  0  0  1  2.427937e-01  3.000000e-07
 81  82  0  0  0  1  1.645898e-01  3.000000e-07
 81  64  0  1  0  1  2.263883e-01  3.000000e-07
 60  88  0  1  0  1  1.769033e-01  3.000000e-07
 61  77  0  0  0  1  1.802434e-01  3.000000e-07
 83  44  0  0  0  1  1.272627e-01  3.000000e-07
 77  6  0  0  0  1  7.145619e-02  3.000000e-07
 77  2  0  0  0  1  1.088039e-01  3.000000e-07
 62  63  0  0  0  1  1.756869e-01  3.000000e-07
 44  43  0  0  0  1  6.141859e-02  3.000000e-07
 63  64  0  0  0  1  1.824902e-01  3.000000e-07
 70  2  0  0  0  1  1.825438e-01  3.000000e-07
-1.171403e-02 -3.619725e-01  0
-3.672180e-01 -1.119807e-01  0
-2.937348e-01 -5.070396e-02  0
-1.262227e-01  2.985607e-01  0
 1.311858e-01  3.003871e-01  0
-1.175219e-02  2.560519e-01  0
-3.894219e-01 -1.519021e-01  0
 4.445898e-01 -3.124712e-01  0
-2.770658e-01  4.391661e-01  0
 3.673916e-01 -2.880971e-01  2.615387e-01
 8.064930e-03 -2.120888e-01  3.590900e-01
 2.559529e-01  2.539640e-01 -3.072920e-01
-3.915567e-01  3.639578e-01 -1.515574e-01
 2.001151e-01  2.632642e-01 -1.754972e-01
 2.952373e-02  3.119333e-01 -3.853016e-01
 2.778057e-01  3.265806e-01 -2.397364e-01
 2.435364e-01  4.295408e-01 -3.827107e-01
 1.204211e-01  5.540946e-02  3.320075e-01
 4.133800e-01  1.657279e-01  3.882071e-01
-2.722954e-01  7.722448e-02  1.697389e-01
-3.465963e-01  4.072812e-02  4.269176e-01
-4.351251e-01  1.384110e-01  4.379802e-01
-1.426591e-01 -1.696285e-01 -1.009909e-01
-2.046730e-02 -8.703615e-02 -2.165721e-01
-2.386970e-01 -6.741477e-02 -3.006112e-01
-2.979044e-01 -1.691718e-01 -3.929092e-01
-2.545948e-01 -3.401358e-01  3.459358e-01
 9.533979e-02  3.542438e-01  3.692223e-01
 3.640282e-01 -1.962115e-01  3.042019e-01
 3.673579e-01  3.981669e-01  3.952140e-01
 5.569773e-02  1.883363e-01 -3.809393e-01
-3.515404e-01  3.027534e-01 -3.221330e-01
-2.081109e-01 -1.014563e-02 -4.119853e-01
 1.945023e-01  3.477220e-01 -3.626066e-01
-2.683895e-01 -3.771569e-01 -4.053603e-01
-7.030725e-02 -3.668925e-02  1.971134e-01
-4.698781e-02  1.588448e-01 -1.754893e-01
-2.741182e-01  1.208644e-03 -2.090051e-01
 6.497453e-02 -2.231111e-01 -3.606710e-01
 3.797614e-02 -3.893663e-01 -3.351017e-01
 2.416331e-01 -2.521913e-01  1.390508e-01
 3.334315e-01 -2.560342e-01  0
 1.872677e-01 -5.275850e-02  0
 2.538471e-01  6.402226e-02  0
 2.752447e-01  6.451537e-03  0
 2.410697e-01  4.179871e-01  3.352536e-01
 2.691357e-01 -1.852595e-01  2.442563e-01
 1.995451e-01  5.854465e-02  0
-2.160738e-01  9.128033e-02  0
-4.269016e-01  4.132769e-01  0
-1.590998e-01 -1.223038e-01  0
-1.721722e-01 -1.338676e-01  0
 4.490095e-01  9.000301e-02  0
 2.801084e-02  7.031946e-02  0
 6.318426e-02 -2.016166e-01  0
-3.575023e-01  4.410162e-01  0
 8.937688e-02  3.425748e-01  0
-4.083821e-01 -3.642367e-01  0
 9.113921e-02  1.323404e-01  0
-3.876742e-01  7.380532e-03  0
-3.909477e-01  4.226847e-01  0
-2.154618e-01 -3.048831e-01  0
 1.211807e-01 -3.819858e-01  0
 9.441590e-02 -2.083495e-01  0
 9.930840e-02 -3.907741e-01  0
-3.050770e-01  1.342199e-01  0
 3.828260e-01 -1.305627e-01  0
-2.592756e-01  4.358410e-01  0
-3.539592e-01  3.319565e-01  0
-2.912353e-01 -3.725005e-01  0
-3.025244e-01  1.316281e-01  0
-5.905378e-03 -3.640909e-01  1.403008e-01
-4.405375e-01 -2.912503e-02  2.759910e-01
-4.796844e-02 -2.457167e-01  0
 2.071140e-01 -3.972499e-01  0
 4.331715e-01 -3.118300e-01  0
-4.243086e-01 -2.583347e-01  0
-3.181295e-01 -1.567378e-01  0
-3.630786e-01 -3.884407e-01  0
 1.315688e-02  5.904834e-02  0
 3.081394e-01 -2.248745e-01  0
 2.507799e-01  4.409759e-01  0
 1.842196e-01  2.904451e-01  0
 3.593340e-01 -8.907217e-02  0
 2.546601e-01  4.207827e-01  1.171232e-01
 1.853045e-01  6.676454e-02 -1.104711e-01
-3.227737e-01 -1.918234e-01 -2.890743e-01
 2.725521e-01  1.391155e-01  0
-4.475904e-01 -4.097254e-01  0
 4.399669e-01 -2.262284e-01  2.821126e-01