 712  90  1.200000e-05  78 -2 -2
 65  27  0  0  0  3  3.292758e-01  1.000000e-07
 65  12 -1  0  0  3  3.669031e-01  1.000000e-07
 65  16 -1  0  0  3  3.113994e-01  1.000000e-07
 65  24  0  0  0  3  5.498717e-01  1.000000e-07
 65  22 -1  0  0  3  5.014553e-01  1.000000e-07
 65  52  0  0  0  3  2.486555e-01  1.000000e-07
 25  27  0  0  0  3  3.304479e-01  1.000000e-07
 25  28  0  0  0  3  1.582913e-01  1.000000e-07
 25  35  0  0  0  3  2.232321e-01  1.000000e-07
 25  31  0  0  0  3  2.526532e-01  1.000000e-07
 25  26  0  0  0  3  1.445220e-01  1.000000e-07
 25  52  0  0  0  3  2.787339e-01  1.000000e-07
 25  30  0  1  0  3  3.809844e-01  1.000000e-07
 25  42  0  0  1  3  3.604935e-01  1.000000e-07
 25  43  0  0  1  3  4.188676e-01  1.000000e-07
 27  31  0  0  0  3  1.073316e-01  1.000000e-07
 27  30  0  1  0  3  4.648981e-01  1.000000e-07
 27  37 -1  0  0  3  3.520632e-01  1.000000e-07
 27  32 -1  1  0  3  4.546013e-01  1.000000e-07
 27  45 -1  1  1  3  5.317615e-01  1.000000e-07
 27  46 -1  0  1  3  4.859439e-01  1.000000e-07
 12  35  1  0  0  3  4.850525e-01  1.000000e-07
 12  36  0  0  0  3  3.185849e-01  1.000000e-07
 12  37  0  0  0  3  3.633072e-01  1.000000e-07
 12  38  0  0  0  3  1.306782e-01  1.000000e-07
 12  41  1  0  1  3  4.863978e-01  1.000000e-07
 12  11  1  0  1  3  4.699741e-01  1.000000e-07
 12  45  0  0  1  3  2.785806e-01  1.000000e-07
 12  44  1  0  1  3  4.693413e-01  1.000000e-07
 28  24  0  1  0  3  4.072946e-01  1.000000e-07
 28  26  0  0  0  3  1.868045e-01  1.000000e-07
 28  30  0  1  0  3  4.093922e-01  1.000000e-07
 28  37  0  0  0  3  3.606086e-01  1.000000e-07
 28  33  0  0  1  3  2.824894e-01  1.000000e-07
 28  42  0  0  1  3  4.003166e-01  1.000000e-07
 16  35  1  0  0  3  3.857423e-01  1.000000e-07
 16  36  0  0  0  3  2.991792e-01  1.000000e-07
 16  37  0  0  0  3  2.027413e-01  1.000000e-07
 16  38  0  0  0  3  3.469359e-01  1.000000e-07
 16  41  1  0  1  3  4.328352e-01  1.000000e-07
 16  21  0  0  1  3  2.580356e-01  1.000000e-07
 23  24  0  0  0  3  4.433008e-01  1.000000e-07
 23  36  0  0  0  3  1.435625e-01  1.000000e-07
 23  30  0  0  0  3  4.655570e-01  1.000000e-07
 23  37  0  0  0  3  2.560129e-01  1.000000e-07
 23  29  0  0  0  3  2.000748e-01  1.000000e-07
 23  38  0  0  0  3  3.958068e-01  1.000000e-07
 23  33  0  0  1  3  2.982813e-01  1.000000e-07
 23  34  0  0  1  3  3.131078e-01  1.000000e-07
 23  44  0  0  1  3  4.154528e-01  1.000000e-07
 24  31  0 -1  0  3  6.186255e-01  1.000000e-07
 24  37  0  0  0  3  4.974367e-01  1.000000e-07
 24  29  0  0  0  3  4.444472e-01  1.000000e-07
 24  38  0  0  0  3  2.762726e-01  1.000000e-07
 35  31  0  0  0  3  2.907356e-01  1.000000e-07
 35  29  0  0  0  3  1.963964e-01  1.000000e-07
 35  11  0  0  1  3  3.976888e-01  1.000000e-07
 35  42  0  0  1  3  4.274612e-01  1.000000e-07
 35  44  0  0  1  3  3.802845e-01  1.000000e-07
 22  31  1 -1  0  3  4.866422e-01  1.000000e-07
 22  30  1  0  0  3  4.748032e-01  1.000000e-07
 22  32  0  0  0  3  2.084333e-01  1.000000e-07
 31  26  0  0  0  3  2.907479e-01  1.000000e-07
 31  52  0  0  0  3  2.214974e-01  1.000000e-07
 31  30  0  1  0  3  4.248216e-01  1.000000e-07
 36  26  0  0  0  3  3.353939e-01  1.000000e-07
 36  37  0  0  0  3  1.869655e-01  1.000000e-07
 36  38  0  0  0  3  3.473002e-01  1.000000e-07
 36  40  0  0  1  3  2.462335e-01  1.000000e-07
 36  21  0  0  1  3  2.726831e-01  1.000000e-07
 36  19  0  0  1  3  2.384050e-01  1.000000e-07
 26  52  0  0  0  3  1.959706e-01  1.000000e-07
 26  37  0  0  0  3  3.245141e-01  1.000000e-07
 26  29  0  0  0  3  2.041740e-01  1.000000e-07
 26  34  0  0  1  3  2.994689e-01  1.000000e-07
 52  29  0  0  0  3  2.031220e-01  1.000000e-07
 30  32 -1  0  0  3  5.089864e-01  1.000000e-07
 30  38 -1  0  0  3  4.160609e-01  1.000000e-07
 30  46 -1 -1  1  3  5.418914e-01  1.000000e-07
 37  29  0  0  0  3  3.273916e-01  1.000000e-07
 37  38  0  0  0  3  3.650511e-01  1.000000e-07
 32  28  0 -1  0  3  3.064506e-01  1.000000e-07
 32  38  0  0  0  3  2.444013e-01  1.000000e-07
 32  20  0  0  1  3  4.221882e-01  1.000000e-07
 32  21  0 -1  1  3  4.861161e-01  1.000000e-07
 32  18  0 -1  1  3  2.715302e-01  1.000000e-07
 39  20  0  0  0  3  2.680688e-01  1.000000e-07
 39  40  0  0  0  3  8.877144e-02  1.000000e-07
 39  13  0  0  0  3  3.995592e-01  1.000000e-07
 39  11  0  0  0  3  4.165567e-01  1.000000e-07
 39  33  0  0  0  3  2.040620e-01  1.000000e-07
 39  34  0  0  0  3  2.265804e-01  1.000000e-07
 39  42  0  0  0  3  3.821693e-01  1.000000e-07
 39  19  0  0  0  3  1.589078e-01  1.000000e-07
 39  44  0  0  0  3  3.714858e-01  1.000000e-07
 20  40  0  0  0  3  2.190070e-01  1.000000e-07
 20  66  0  0  0  3  4.116186e-01  1.000000e-07
 20  17  0 -1  0  3  4.624141e-01  1.000000e-07
 20  45  0  0  0  3  3.518047e-01  1.000000e-07
 20  18  0 -1  0  3  3.792366e-01  1.000000e-07
 20  43  0 -1  0  3  4.008203e-01  1.000000e-07
 20  44  0  0  0  3  2.567491e-01  1.000000e-07
 40  13  0  0  0  3  4.063961e-01  1.000000e-07
 40  21  0  0  0  3  3.563195e-01  1.000000e-07
 40  45  0  0  0  3  3.827823e-01  1.000000e-07
 40  19  0  0  0  3  2.140857e-01  1.000000e-07
 40  44  0  0  0  3  3.734821e-01  1.000000e-07
 13  41  0  0  0  3  2.653397e-01  1.000000e-07
 13  15  0  0  0  3  1.429711e-01  1.000000e-07
 13  14 -1  0  0  3  5.194740e-01  1.000000e-07
 13  14  0  0  0  3  5.970528e-01  1.000000e-07
 13  43  0 -1  0  3  6.236702e-01  1.000000e-07
 41  66 -1  0  0  3  3.767701e-01  1.000000e-07
 41  15  0  0  0  3  2.220719e-01  1.000000e-07
 41  11  0  0  0  3  2.231422e-01  1.000000e-07
 41  34  0  0  0  3  4.325294e-01  1.000000e-07
 41  42  0  0  0  3  3.090596e-01  1.000000e-07
 41  10  0  0  0  3  2.956817e-01  1.000000e-07
 66  15  1  0  0  3  2.847593e-01  1.000000e-07
 66  14  0  0  0  3  3.742256e-01  1.000000e-07
 66  46  0 -1  0  3  5.482684e-01  1.000000e-07
 15  11  0  0  0  3  7.594028e-02  1.000000e-07
 15  14 -1  0  0  3  4.612254e-01  1.000000e-07
 15  10  0 -1  0  3  6.097165e-01  1.000000e-07
 15  10  0  0  0  3  4.137138e-01  1.000000e-07
 15  44  0  0  0  3  1.776039e-01  1.000000e-07
 11  66 -1  0  0  3  3.329501e-01  1.000000e-07
 11  45 -1  0  0  3  4.877787e-01  1.000000e-07
 11  44  0  0  0  3  1.081917e-01  1.000000e-07
 17  42  0  0  0  3  3.285813e-01  1.000000e-07
 17  19  0  0  0  3  3.314976e-01  1.000000e-07
 17  18  0  0  0  3  3.232170e-01  1.000000e-07
 17  46  0  0  0  3  2.993583e-01  1.000000e-07
 21  33  0  0  0  3  2.660371e-01  1.000000e-07
 21  45  0  1  0  3  4.729887e-01  1.000000e-07
 21  19  0  0  0  3  2.287653e-01  1.000000e-07
 21  18  0  0  0  3  3.469310e-01  1.000000e-07
 21  46  0  0  0  3  2.408213e-01  1.000000e-07
 33  34  0  0  0  3  8.693721e-02  1.000000e-07
 33  19  0  0  0  3  9.686231e-02  1.000000e-07
 33  18  0  0  0  3  2.126039e-01  1.000000e-07
 33  46  0  0  0  3  3.507746e-01  1.000000e-07
 33  43  0  0  0  3  3.035200e-01  1.000000e-07
 34  28  0  0 -1  3  2.546075e-01  1.000000e-07
 34  35  0  0 -1  3  3.426418e-01  1.000000e-07
 34  19  0  0  0  3  1.617006e-01  1.000000e-07
 34  18  0  0  0  3  2.214135e-01  1.000000e-07
 45  18  0 -1  0  3  2.811169e-01  1.000000e-07
 45  46  0 -1  0  3  3.673765e-01  1.000000e-07
 45  44  1  0  0  3  4.941406e-01  1.000000e-07
 42  10  0  0  0  3  2.158152e-01  1.000000e-07
 42  43  0  0  0  3  1.498369e-01  1.000000e-07
 42  44  0  1  0  3  5.583729e-01  1.000000e-07
 19  18  0  0  0  3  2.852326e-01  1.000000e-07
 19  46  0  0  0  3  3.132155e-01  1.000000e-07
 19  43  0  0  0  3  3.362471e-01  1.000000e-07
 18  43  0  0  0  3  2.925204e-01  1.000000e-07
 10  43  0  0  0  3  3.124476e-01  1.000000e-07
 10  44  0  1  0  3  5.656585e-01  1.000000e-07
 43  44  0  1  0  3  5.131893e-01  1.000000e-07
 65  3  0  0  0  3  2.229018e-01  1.000000e-07
 61  15  0  0  0  3  2.035171e-01  1.000000e-07
 22  83  0  0  0  3  2.404330e-01  1.000000e-07
 81  17  0 -1  0  3  1.728268e-01  1.000000e-07
 27  48 -1  0  0  3  3.235103e-01  1.000000e-07
 47  14  0  0  0  3  1.381339e-01  1.000000e-07
 22  58  1 -1  0  3  3.507266e-01  1.000000e-07
 57  10  0  0  0  3  2.115398e-01  1.000000e-07
 52  60  0  0  0  3  2.041710e-01  1.000000e-07
 62  13  0  0  0  3  1.607217e-01  1.000000e-07
 29  73  0  0  0  3  2.761882e-01  1.000000e-07
 69  13  0  0  0  3  1.410493e-01  1.000000e-07
 24  81  0  0  0  3  1.972727e-01  1.000000e-07
 83  17  0 -1  0  3  1.739291e-01  1.000000e-07
 65  61  0  0  0  3  2.820902e-01  1.000000e-07
 3  66 -1  0  0  3  2.556061e-01  1.000000e-07
 32  51  0 -1  0  3  3.654630e-01  1.000000e-07
 49  17  0  0  0  3  1.322037e-01  1.000000e-07
 29  86  0  0  0  3  3.963787e-01  1.000000e-07
 88  14  0  0  0  3  1.825095e-01  1.000000e-07
 26  51  0  0  0  3  3.996916e-01  1.000000e-07
 49  17  0  0  0  3  1.479013e-01  1.000000e-07
 52  7  0  0  0  3  1.750304e-01  1.000000e-07
 62  42  0  0  0  3  2.430312e-01  1.000000e-07
 29  78  0  0  0  3  2.740364e-01  1.000000e-07
 69  40  0  0  0  3  3.491857e-01  1.000000e-07
 65  47 -1  0  0  3  3.695249e-01  1.000000e-07
 63  14  0  0  0  3  1.976237e-01  1.000000e-07
 31  53  0  0  0  3  2.563650e-01  1.000000e-07
 57  10  0  0  0  3  1.043496e-01  1.000000e-07
 16  48  0  0  0  3  3.333021e-01  1.000000e-07
 63  14  0  0  0  3  1.260190e-01  1.000000e-07
 22  83  0  0  0  3  2.172134e-01  1.000000e-07
 79  46  0 -1  0  3  3.284315e-01  1.000000e-07
 22  70  0  0  0  3  2.006406e-01  1.000000e-07
 72  66  0  0  0  3  2.346837e-01  1.000000e-07
 52  8  0  0  0  3  3.330812e-01  1.000000e-07
 88  14  0  0  0  3  2.363960e-01  1.000000e-07
 22  50  0 -1  0  3  3.012250e-01  1.000000e-07
 80  14  0  0  0  3  2.079540e-01  1.000000e-07
 16  82  0  0  0  3  3.478146e-01  1.000000e-07
 77  66  0  0  0  3  2.228095e-01  1.000000e-07
 38  70  0  0  0  3  2.855161e-01  1.000000e-07
 67  66  0  0  0  3  2.036211e-01  1.000000e-07
 52  62  0  0  0  3  2.034013e-01  1.000000e-07
 53  10  0  0  0  3  1.261220e-01  1.000000e-07
 24  89  0  0  0  3  3.492997e-01  1.000000e-07
 84  14  0  0  0  3  2.957759e-01  1.000000e-07
 89  82  0  0  0  2  2.097922e-01  2.000000e-07
 89  69  0  0  0  2  3.076773e-01  2.000000e-07
 89  1  0  0  0  2  2.554743e-01  2.000000e-07
 89  72  0  0  0  2  2.919947e-01  2.000000e-07
 89  84  0  0  0  2  4.560191e-02  2.000000e-07
 89  86  0  0  0  2  8.742987e-02  2.000000e-07
 89  56  0  0  0  2  4.005314e-01  2.000000e-07
 89  47  0  0  0  2  2.158648e-01  2.000000e-07
 89  88  0  0  0  2  1.412601e-01  2.000000e-07
 89  63  0  0  0  2  1.670328e-01  2.000000e-07
 79  4  0 -1  0  2  3.341328e-01  2.000000e-07
 79  50  0 -1  0  2  2.913616e-01  2.000000e-07
 79  74  0  0  0  2  2.366131e-01  2.000000e-07
 79  1  0  0  0  2  1.642109e-01  2.000000e-07
 79  80  0 -1  0  2  3.607178e-01  2.000000e-07
 79  81  0  0  0  2  7.015849e-02  2.000000e-07
 79  76  0  0  0  2  2.995183e-01  2.000000e-07
 79  72  0  0  0  2  3.541916e-01  2.000000e-07
 79  6  0  0  0  2  1.597701e-01  2.000000e-07
 79  87  0  0  0  2  9.625351e-02  2.000000e-07
 79  55  0 -1  0  2  2.384621e-01  2.000000e-07
 79  51  0 -1  0  2  2.310202e-01  2.000000e-07
 79  83  0  0  0  2  5.495917e-02  2.000000e-07
 79  56  0 -1  0  2  3.330066e-01  2.000000e-07
 79  47  0 -1  0  2  5.136924e-01  2.000000e-07
 79  57  1 -1  0  2  5.043275e-01  2.000000e-07
 79  48  0 -1  0  2  4.326638e-01  2.000000e-07
 49  75  0  1  0  2  2.561514e-01  2.000000e-07
 49  68  0  1  0  2  2.754445e-01  2.000000e-07
 49  50  0  0  0  2  2.080805e-01  2.000000e-07
 49  80  0  0  0  2  3.809027e-01  2.000000e-07
 49  81  0  1  0  2  1.230847e-01  2.000000e-07
 49  9  0  0  0  2  1.396593e-01  2.000000e-07
 49  6  0  1  0  2  1.598791e-01  2.000000e-07
 49  84  0  0  0  2  4.247698e-01  2.000000e-07
 49  51  0  0  0  2  5.569324e-02  2.000000e-07
 49  62  0  0  0  2  3.552225e-01  2.000000e-07
 49  83  0  1  0  2  1.637045e-01  2.000000e-07
 49  56  0  0  0  2  1.425109e-01  2.000000e-07
 49  8  0  0  0  2  2.396385e-01  2.000000e-07
 49  63  0  0  0  2  4.138819e-01  2.000000e-07
 49  64  0  1  0  2  3.157717e-01  2.000000e-07
 49  7  0  0  0  2  3.144751e-01  2.000000e-07
 75  2  0  0  0  2  2.572183e-01  2.000000e-07
 75  68  0  0  0  2  1.433412e-01  2.000000e-07
 75  71  0  0  0  2  1.396914e-01  2.000000e-07
 75  69  0  0  0  2  2.631253e-01  2.000000e-07
 75  0  0  0  0  2  2.574525e-01  2.000000e-07
 75  59  0  0  0  2  3.974685e-01  2.000000e-07
 75  3  0  0  0  2  3.583532e-01  2.000000e-07
 75  76  0  0  0  2  1.403219e-01  2.000000e-07
 75  6  0  0  0  2  1.015481e-01  2.000000e-07
 75  87  0  0  0  2  1.104008e-01  2.000000e-07
 75  83  0  0  0  2  2.225056e-01  2.000000e-07
 75  78  0  0  0  2  3.755643e-01  2.000000e-07
 75  64  0  0  0  2  2.304990e-01  2.000000e-07
 2  68  0  0  0  2  3.679067e-01  2.000000e-07
 2  71  0  0  0  2  3.189316e-01  2.000000e-07
 2  74  0  0  0  2  1.947678e-01  2.000000e-07
 2  59  0  0  0  2  2.380763e-01  2.000000e-07
 2  3  0  0  0  2  1.089399e-01  2.000000e-07
 2  61  0  0  0  2  2.279191e-01  2.000000e-07
 2  62  0  0  0  2  3.710791e-01  2.000000e-07
 2  78  0  0  0  2  3.064097e-01  2.000000e-07
 2  64  0  0  0  2  2.667582e-01  2.000000e-07
 2  73  0  0  0  2  9.339282e-02  2.000000e-07
 68  82  0  0  0  2  3.464478e-01  2.000000e-07
 68  71  0  0  0  2  6.946952e-02  2.000000e-07
 68  74  0  0  0  2  1.798390e-01  2.000000e-07
 68  69  0  0  0  2  3.039442e-01  2.000000e-07
 68  67  0  0  0  2  2.759739e-01  2.000000e-07
 68  0  0  0  0  2  1.816158e-01  2.000000e-07
 68  59  1  0  0  2  4.623114e-01  2.000000e-07
 68  1  0  0  0  2  7.288608e-02  2.000000e-07
 68  81  0  0  0  2  1.629562e-01  2.000000e-07
 68  6  0  0  0  2  1.847453e-01  2.000000e-07
 68  84  0  0  0  2  3.736494e-01  2.000000e-07
 68  83  0  0  0  2  1.523225e-01  2.000000e-07
 68  64  0  0  0  2  3.698063e-01  2.000000e-07
 68  70  0  0  0  2  2.543609e-01  2.000000e-07
 4  53  0  0  0  2  1.571774e-01  2.000000e-07
 4  74  0  1  0  2  3.440703e-01  2.000000e-07
 4  81  0  1  0  2  2.788657e-01  2.000000e-07
 4  76  0  1  0  2  2.450860e-01  2.000000e-07
 4  85  0  0  0  2  5.387197e-01  2.000000e-07
 4  54  0  0  0  2  9.894077e-02  2.000000e-07
 4  5  0  1  0  2  2.054319e-01  2.000000e-07
 4  55  0  0  0  2  1.087833e-01  2.000000e-07
 4  56  0  0  0  2  1.193630e-01  2.000000e-07
 4  88  0  0  0  2  3.930088e-01  2.000000e-07
 4  57  0  0  0  2  3.061271e-01  2.000000e-07
 4  64  0  1  0  2  2.062521e-01  2.000000e-07
 4  73  0  0  0  2  4.773603e-01  2.000000e-07
 53  58  0  0  0  2  1.806796e-01  2.000000e-07
 53  59  0  1  0  2  3.741442e-01  2.000000e-07
 53  9  0  0  0  2  1.983757e-01  2.000000e-07
 53  76  0  1  0  2  3.015169e-01  2.000000e-07
 53  72 -1  0  0  2  6.291677e-01  2.000000e-07
 53  72 -1  1  0  2  5.313716e-01  2.000000e-07
 53  85  0  0  0  2  5.229480e-01  2.000000e-07
 53  60  0  0  0  2  1.971083e-01  2.000000e-07
 53  54  0  0  0  2  8.274287e-02  2.000000e-07
 53  5  0  1  0  2  1.885367e-01  2.000000e-07
 53  55  0  0  0  2  2.659265e-01  2.000000e-07
 53  47 -1  0  0  2  3.970069e-01  2.000000e-07
 53  88  0  0  0  2  4.724646e-01  2.000000e-07
 53  57  0  0  0  2  1.497191e-01  2.000000e-07
 53  73  0  0  0  2  4.502244e-01  2.000000e-07
 53  48 -1  0  0  2  4.494939e-01  2.000000e-07
 58  50 -1  0  0  2  3.139795e-01  2.000000e-07
 58  59  0  1  0  2  3.329643e-01  2.000000e-07
 58  80 -1  0  0  2  1.127809e-01  2.000000e-07
 58  72 -1  1  0  2  4.431238e-01  2.000000e-07
 58  60  0  0  0  2  2.643433e-01  2.000000e-07
 58  54  0  0  0  2  2.613041e-01  2.000000e-07
 58  62  0  0  0  2  2.844525e-01  2.000000e-07
 58  83 -1  1  0  2  4.204849e-01  2.000000e-07
 58  77 -1  0  0  2  4.091167e-01  2.000000e-07
 58  57  0  0  0  2  4.108870e-02  2.000000e-07
 58  64  0  1  0  2  3.006929e-01  2.000000e-07
 58  70 -1  1  0  2  4.783245e-01  2.000000e-07
 58  48 -1  0  0  2  2.963934e-01  2.000000e-07
 82  67  0  0  0  2  7.166875e-02  2.000000e-07
 82  59  1  0  0  2  2.627161e-01  2.000000e-07
 82  1  0  0  0  2  2.887956e-01  2.000000e-07
 82  80  0 -1  0  2  5.069704e-01  2.000000e-07
 82  81  0  0  0  2  4.602835e-01  2.000000e-07
 82  72  0  0  0  2  9.901575e-02  2.000000e-07
 82  84  0  0  0  2  2.200831e-01  2.000000e-07
 82  5  1  0  0  2  4.867800e-01  2.000000e-07
 82  61  1  0  0  2  1.544550e-01  2.000000e-07
 82  47  0  0  0  2  2.541951e-01  2.000000e-07
 82  63  0  0  0  2  2.410871e-01  2.000000e-07
 71  69  0  0  0  2  2.367668e-01  2.000000e-07
 71  67  0  0  0  2  2.711700e-01  2.000000e-07
 71  0  0  0  0  2  1.274591e-01  2.000000e-07
 71  84  0  0  0  2  3.290766e-01  2.000000e-07
 71  87  0  0  0  2  7.736055e-02  2.000000e-07
 71  83  0  0  0  2  2.211327e-01  2.000000e-07
 71  78  0  0  0  2  3.024307e-01  2.000000e-07
 71  70  0  0  0  2  2.638808e-01  2.000000e-07
 50  80  0  0  0  2  2.092267e-01  2.000000e-07
 50  72  0  1  0  2  5.159814e-01  2.000000e-07
 50  84  0  0  0  2  2.761494e-01  2.000000e-07
 50  86  0  0  0  2  2.305972e-01  2.000000e-07
 50  51  0  0  0  2  1.659802e-01  2.000000e-07
 50  83  0  1  0  2  2.368178e-01  2.000000e-07
 50  8  0  0  0  2  2.612441e-01  2.000000e-07
 50  63  0  0  0  2  2.222558e-01  2.000000e-07
 50  57  1  0  0  2  3.417636e-01  2.000000e-07
 50  70  0  1  0  2  4.971644e-01  2.000000e-07
 50  48  0  0  0  2  1.428433e-01  2.000000e-07
 74  69  0  0  0  2  2.009424e-01  2.000000e-07
 74  1  0  0  0  2  2.052623e-01  2.000000e-07
 74  81  0  0  0  2  2.646896e-01  2.000000e-07
 74  76  0  0  0  2  1.383169e-01  2.000000e-07
 74  85  0  0  0  2  1.457207e-01  2.000000e-07
 74  87  0  0  0  2  1.534193e-01  2.000000e-07
 74  5  0  0  0  2  2.739878e-01  2.000000e-07
 74  88  0  0  0  2  3.687338e-01  2.000000e-07
 74  64  0  0  0  2  2.349502e-01  2.000000e-07
 69  0  0  0  0  2  2.152069e-01  2.000000e-07
 69  1  0  0  0  2  2.752473e-01  2.000000e-07
 69  3  0  0  0  2  2.625220e-01  2.000000e-07
 69  84  0  0  0  2  3.384079e-01  2.000000e-07
 69  60  0  0  0  2  3.205087e-01  2.000000e-07
 69  62  0  0  0  2  3.146209e-01  2.000000e-07
 69  56  0  0  0  2  3.860445e-01  2.000000e-07
 69  8  0  0  0  2  2.747274e-01  2.000000e-07
 69  88  0  0  0  2  2.169412e-01  2.000000e-07
 69  78  0  0  0  2  1.385155e-01  2.000000e-07
 69  7  0  0  0  2  2.674436e-01  2.000000e-07
 69  73  0  0  0  2  1.038253e-01  2.000000e-07
 67  0  0  0  0  2  2.035421e-01  2.000000e-07
 67  59  1  0  0  2  2.919743e-01  2.000000e-07
 67  3  1  0  0  2  3.353139e-01  2.000000e-07
 67  81  0  0  0  2  3.971945e-01  2.000000e-07
 67  84  0  0  0  2  2.065380e-01  2.000000e-07
 67  61  1  0  0  2  2.144960e-01  2.000000e-07
 67  83  0  0  0  2  3.593559e-01  2.000000e-07
 67  63  0  0  0  2  2.639364e-01  2.000000e-07
 67  77  0  0  0  2  1.571785e-01  2.000000e-07
 67  70  0  0  0  2  5.682924e-02  2.000000e-07
 0  76  0  0  0  2  3.791367e-01  2.000000e-07
 0  84  0  0  0  2  2.031002e-01  2.000000e-07
 0  85  0  0  0  2  2.702031e-01  2.000000e-07
 0  86  0  0  0  2  2.390548e-01  2.000000e-07
 0  87  0  0  0  2  2.016018e-01  2.000000e-07
 0  88  0  0  0  2  1.928915e-01  2.000000e-07
 0  77  0  0  0  2  2.465495e-01  2.000000e-07
 0  78  0  0  0  2  2.169817e-01  2.000000e-07
 0  70  0  0  0  2  2.234860e-01  2.000000e-07
 59  3  0  0  0  2  1.827980e-01  2.000000e-07
 59  81 -1  0  0  2  4.930146e-01  2.000000e-07
 59  9  0 -1  0  2  4.432041e-01  2.000000e-07
 59  76  0  0  0  2  2.698496e-01  2.000000e-07
 59  72 -1  0  0  2  1.788778e-01  2.000000e-07
 59  6  0  0  0  2  4.224741e-01  2.000000e-07
 59  61  0  0  0  2  1.577546e-01  2.000000e-07
 59  83 -1  0  0  2  4.452586e-01  2.000000e-07
 59  64  0  0  0  2  2.326169e-01  2.000000e-07
 59  70 -1  0  0  2  2.565017e-01  2.000000e-07
 1  80  0 -1  0  2  4.722511e-01  2.000000e-07
 1  81  0  0  0  2  2.325318e-01  2.000000e-07
 1  72  0  0  0  2  2.886512e-01  2.000000e-07
 1  85  0  0  0  2  2.939715e-01  2.000000e-07
 1  86  0  0  0  2  3.417536e-01  2.000000e-07
 1  87  0  0  0  2  1.010849e-01  2.000000e-07
 1  88  0  0  0  2  3.058571e-01  2.000000e-07
 1  73  0  0  0  2  3.571206e-01  2.000000e-07
 80  59  1  1  0  2  3.471853e-01  2.000000e-07
 80  81  0  1  0  2  3.453756e-01  2.000000e-07
 80  72  0  1  0  2  4.114308e-01  2.000000e-07
 80  5  1  1  0  2  3.449098e-01  2.000000e-07
 80  61  1  1  0  2  4.838054e-01  2.000000e-07
 80  62  1  0  0  2  3.884455e-01  2.000000e-07
 80  83  0  1  0  2  3.138356e-01  2.000000e-07
 80  56  0  0  0  2  4.708957e-01  2.000000e-07
 80  47  0  0  0  2  2.446742e-01  2.000000e-07
 80  63  0  0  0  2  2.776129e-01  2.000000e-07
 80  57  1  0  0  2  1.490461e-01  2.000000e-07
 80  64  1  1  0  2  3.834935e-01  2.000000e-07
 3  76  0  0  0  2  2.827183e-01  2.000000e-07
 3  72 -1  0  0  2  2.490841e-01  2.000000e-07
 3  60  0  0  0  2  3.017253e-01  2.000000e-07
 3  61  0  0  0  2  1.209276e-01  2.000000e-07
 3  62  0  0  0  2  3.606733e-01  2.000000e-07
 3  63 -1  0  0  2  4.273649e-01  2.000000e-07
 3  77 -1  0  0  2  3.746135e-01  2.000000e-07
 3  78  0  0  0  2  3.768300e-01  2.000000e-07
 3  70 -1  0  0  2  3.300704e-01  2.000000e-07
 3  73  0  0  0  2  1.605488e-01  2.000000e-07
 81  83  0  0  0  2  4.776203e-02  2.000000e-07
 81  56  0 -1  0  2  2.653056e-01  2.000000e-07
 81  64  0  0  0  2  3.490841e-01  2.000000e-07
 9  75  0  1  0  2  2.681313e-01  2.000000e-07
 9  76  0  1  0  2  2.347925e-01  2.000000e-07
 9  6  0  1  0  2  1.730134e-01  2.000000e-07
 9  54  0  0  0  2  1.404374e-01  2.000000e-07
 9  55  0  0  0  2  6.815896e-02  2.000000e-07
 9  51  0  0  0  2  1.653429e-01  2.000000e-07
 9  62  0  0  0  2  2.476933e-01  2.000000e-07
 9  8  0  0  0  2  2.378552e-01  2.000000e-07
 9  64  0  1  0  2  2.132233e-01  2.000000e-07
 9  7  0  0  0  2  2.332422e-01  2.000000e-07
 76  72 -1  0  0  2  4.431836e-01  2.000000e-07
 76  6  0  0  0  2  1.540708e-01  2.000000e-07
 76  60  0  0  0  2  5.444044e-01  2.000000e-07
 76  87  0  0  0  2  2.495058e-01  2.000000e-07
 76  5  0  0  0  2  1.357239e-01  2.000000e-07
 76  55  0 -1  0  2  2.567476e-01  2.000000e-07
 76  78  0  0  0  2  4.417555e-01  2.000000e-07
 76  57  0 -1  0  2  3.941843e-01  2.000000e-07
 72  85  1  0  0  2  4.371471e-01  2.000000e-07
 72  86  0  0  0  2  3.521685e-01  2.000000e-07
 72  60  1  0  0  2  4.520638e-01  2.000000e-07
 72  87  0  0  0  2  3.640865e-01  2.000000e-07
 72  5  1  0  0  2  4.009627e-01  2.000000e-07
 72  61  1  0  0  2  1.336954e-01  2.000000e-07
 72  47  0  0  0  2  3.511997e-01  2.000000e-07
 72  77  0  0  0  2  2.409543e-01  2.000000e-07
 72  57  1 -1  0  2  4.777697e-01  2.000000e-07
 72  70  0  0  0  2  8.446193e-02  2.000000e-07
 72  73  1  0  0  2  4.089696e-01  2.000000e-07
 72  48  0  0  0  2  4.184229e-01  2.000000e-07
 6  87  0  0  0  2  1.517157e-01  2.000000e-07
 6  55  0 -1  0  2  1.510467e-01  2.000000e-07
 6  51  0 -1  0  2  2.155447e-01  2.000000e-07
 6  83  0  0  0  2  1.818792e-01  2.000000e-07
 84  56  0  0  0  2  3.833361e-01  2.000000e-07
 84  8  0  0  0  2  2.764238e-01  2.000000e-07
 84  88  0  0  0  2  1.486708e-01  2.000000e-07
 84  63  0  0  0  2  1.245915e-01  2.000000e-07
 84  77  0  0  0  2  9.447796e-02  2.000000e-07
 84  78  0  0  0  2  2.429443e-01  2.000000e-07
 84  7  0  0  0  2  4.161644e-01  2.000000e-07
 85  76  0  0  0  2  2.200840e-01  2.000000e-07
 85  60  0  0  0  2  3.473788e-01  2.000000e-07
 85  54  0  0  0  2  4.790296e-01  2.000000e-07
 85  87  0  0  0  2  2.819676e-01  2.000000e-07
 85  5  0  0  0  2  3.328119e-01  2.000000e-07
 85  61  0  0  0  2  3.132184e-01  2.000000e-07
 85  47 -1  0  0  2  5.624417e-01  2.000000e-07
 85  88  0  0  0  2  3.131670e-01  2.000000e-07
 85  78  0  0  0  2  2.361873e-01  2.000000e-07
 85  64  0  0  0  2  2.996360e-01  2.000000e-07
 85  73  0  0  0  2  7.693367e-02  2.000000e-07
 86  87  0  0  0  2  4.384420e-01  2.000000e-07
 86  51  0  0  0  2  3.251930e-01  2.000000e-07
 86  8  0  0  0  2  2.480658e-01  2.000000e-07
 86  47  0  0  0  2  1.610543e-01  2.000000e-07
 86  88  0  0  0  2  1.421671e-01  2.000000e-07
 86  77  0  0  0  2  1.223185e-01  2.000000e-07
 86  78  0  0  0  2  2.392221e-01  2.000000e-07
 86  48  0  0  0  2  1.259809e-01  2.000000e-07
 60  54  0  0  0  2  1.939148e-01  2.000000e-07
 60  62  0  0  0  2  8.521534e-02  2.000000e-07
 60  8  0  0  0  2  3.059277e-01  2.000000e-07
 60  63 -1  0  0  2  3.663227e-01  2.000000e-07
 60  77 -1  0  0  2  3.953371e-01  2.000000e-07
 60  78  0  0  0  2  3.179611e-01  2.000000e-07
 60  70 -1  0  0  2  5.020518e-01  2.000000e-07
 60  7  0  0  0  2  1.499011e-01  2.000000e-07
 60  48 -1  0  0  2  4.019055e-01  2.000000e-07
 54  76  0  1  0  2  3.089287e-01  2.000000e-07
 54  55  0  0  0  2  2.026564e-01  2.000000e-07
 54  51  0  0  0  2  2.792160e-01  2.000000e-07
 54  62  0  0  0  2  1.244707e-01  2.000000e-07
 54  8  0  0  0  2  2.469131e-01  2.000000e-07
 54  88  0  0  0  2  3.944871e-01  2.000000e-07
 54  78  0  0  0  2  3.443638e-01  2.000000e-07
 54  7  0  0  0  2  1.497049e-01  2.000000e-07
 87  55  0 -1  0  2  2.807680e-01  2.000000e-07
 87  88  0  0  0  2  3.851797e-01  2.000000e-07
 87  70  0  0  0  2  2.891727e-01  2.000000e-07
 5  61  0  0  0  2  3.651944e-01  2.000000e-07
 5  62  0 -1  0  2  3.401893e-01  2.000000e-07
 5  56  0 -1  0  2  3.241895e-01  2.000000e-07
 5  57  0 -1  0  2  2.595916e-01  2.000000e-07
 5  64  0  0  0  2  3.920041e-02  2.000000e-07
 5  73  0  0  0  2  3.819165e-01  2.000000e-07
 55  51  0  0  0  2  1.033256e-01  2.000000e-07
 55  56  0  0  0  2  1.067426e-01  2.000000e-07
 55  8  0  0  0  2  2.286626e-01  2.000000e-07
 55  88  0  0  0  2  3.720433e-01  2.000000e-07
 55  48  0  0  0  2  3.895093e-01  2.000000e-07
 51  83  0  1  0  2  1.929598e-01  2.000000e-07
 51  8  0  0  0  2  1.969118e-01  2.000000e-07
 51  88  0  0  0  2  3.122640e-01  2.000000e-07
 51  48  0  0  0  2  2.883554e-01  2.000000e-07
 61  62  0  0  0  2  4.144175e-01  2.000000e-07
 61  47 -1  0  0  2  3.346833e-01  2.000000e-07
 61  63 -1  0  0  2  3.437924e-01  2.000000e-07
 61  57  0  0  0  2  4.874910e-01  2.000000e-07
 61  64  0  0  0  2  3.627985e-01  2.000000e-07
 62  56  0  0  0  2  2.200767e-01  2.000000e-07
 62  47 -1  0  0  2  3.936289e-01  2.000000e-07
 62  63 -1  0  0  2  4.438999e-01  2.000000e-07
 62  57  0  0  0  2  2.436083e-01  2.000000e-07
 62  64  0  1  0  2  3.623042e-01  2.000000e-07
 62  7  0  0  0  2  7.810991e-02  2.000000e-07
 62  73  0  0  0  2  2.926257e-01  2.000000e-07
 83  70  0  0  0  2  3.170140e-01  2.000000e-07
 56  8  0  0  0  2  1.280366e-01  2.000000e-07
 56  47  0  0  0  2  4.500240e-01  2.000000e-07
 56  88  0  0  0  2  2.797457e-01  2.000000e-07
 56  63  0  0  0  2  4.152458e-01  2.000000e-07
 56  57  0  0  0  2  3.939556e-01  2.000000e-07
 56  64  0  1  0  2  3.218175e-01  2.000000e-07
 56  7  0  0  0  2  1.723145e-01  2.000000e-07
 56  73  0  0  0  2  4.218301e-01  2.000000e-07
 56  48  0  0  0  2  3.549515e-01  2.000000e-07
 8  88  0  0  0  2  1.545482e-01  2.000000e-07
 8  63  0  0  0  2  3.371728e-01  2.000000e-07
 8  77  0  0  0  2  3.684399e-01  2.000000e-07
 8  78  0  0  0  2  1.456078e-01  2.000000e-07
 8  7  0  0  0  2  1.567716e-01  2.000000e-07
 47  88  0  0  0  2  3.022914e-01  2.000000e-07
 47  63  0  0  0  2  5.192807e-02  2.000000e-07
 47  57  1  0  0  2  2.721185e-01  2.000000e-07
 47  73  1  0  0  2  4.938532e-01  2.000000e-07
 47  48  0  0  0  2  9.681250e-02  2.000000e-07
 88  78  0  0  0  2  9.705649e-02  2.000000e-07
 88  73  0  0  0  2  3.101554e-01  2.000000e-07
 88  48  0  0  0  2  2.469790e-01  2.000000e-07
 63  58  1  0  0  2  3.190561e-01  2.000000e-07
 63  77  0  0  0  2  1.069021e-01  2.000000e-07
 63  48  0  0  0  2  7.947202e-02  2.000000e-07
 77  78  0  0  0  2  3.345873e-01  2.000000e-07
 77  70  0  0  0  2  2.135577e-01  2.000000e-07
 77  48  0  0  0  2  1.805710e-01  2.000000e-07
 78  7  0  0  0  2  2.045737e-01  2.000000e-07
 57  64  0  1  0  2  2.979406e-01  2.000000e-07
 57  73  0  0  0  2  4.936765e-01  2.000000e-07
 57  48 -1  0  0  2  3.082291e-01  2.000000e-07
 64  73  0  0  0  2  3.527268e-01  2.000000e-07
 89  67  0  0  0  1  1.821126e-01  3.000000e-07
 89  0  0  0  0  1  1.579986e-01  3.000000e-07
 89  88  0  0  0  1  1.412601e-01  3.000000e-07
 79  68  0  0  0  1  9.827448e-02  3.000000e-07
 79  1  0  0  0  1  1.642109e-01  3.000000e-07
 79  6  0  0  0  1  1.597701e-01  3.000000e-07
 79  87  0  0  0  1  9.625351e-02  3.000000e-07
 79  83  0  0  0  1  5.495917e-02  3.000000e-07
 79  70  0  0  0  1  2.940610e-01  3.000000e-07
 49  81  0  1  0  1  1.230847e-01  3.000000e-07
 49  55  0  0  0  1  7.150235e-02  3.000000e-07
 49  51  0  0  0  1  5.569324e-02  3.000000e-07
 75  71  0  0  0  1  1.396914e-01  3.000000e-07
 75  74  0  0  0  1  6.756139e-02  3.000000e-07
 75  76  0  0  0  1  1.403219e-01  3.000000e-07
 75  6  0  0  0  1  1.015481e-01  3.000000e-07
 75  87  0  0  0  1  1.104008e-01  3.000000e-07
 2  74  0  0  0  1  1.947678e-01  3.000000e-07
 2  59  0  0  0  1  2.380763e-01  3.000000e-07
 2  3  0  0  0  1  1.089399e-01  3.000000e-07
 2  76  0  0  0  1  2.107422e-01  3.000000e-07
 2  73  0  0  0  1  9.339282e-02  3.000000e-07
 68  71  0  0  0  1  6.946952e-02  3.000000e-07
 68  1  0  0  0  1  7.288608e-02  3.000000e-07
 4  53  0  0  0  1  1.571774e-01  3.000000e-07
 4  5  0  1  0  1  2.054319e-01  3.000000e-07
 4  56  0  0  0  1  1.193630e-01  3.000000e-07
 4  64  0  1  0  1  2.062521e-01  3.000000e-07
 53  60  0  0  0  1  1.971083e-01  3.000000e-07
 53  54  0  0  0  1  8.274287e-02  3.000000e-07
 53  5  0  1  0  1  1.885367e-01  3.000000e-07
 53  62  0  0  0  1  1.590393e-01  3.000000e-07
 53  57  0  0  0  1  1.497191e-01  3.000000e-07
 58  59  0  1  0  1  3.329643e-01  3.000000e-07
 58  80 -1  0  0  1  1.127809e-01  3.000000e-07
 58  5  0  1  0  1  2.615673e-01  3.000000e-07
 58  47 -1  0  0  1  2.733582e-01  3.000000e-07
 82  67  0  0  0  1  7.166875e-02  3.000000e-07
 82  72  0  0  0  1  9.901575e-02  3.000000e-07
 82  61  1  0  0  1  1.544550e-01  3.000000e-07
 82  47  0  0  0  1  2.541951e-01  3.000000e-07
 82  77  0  0  0  1  1.430572e-01  3.000000e-07
 82  70  0  0  0  1  1.031278e-01  3.000000e-07
 71  74  0  0  0  1  1.481730e-01  3.000000e-07
 71  0  0  0  0  1  1.274591e-01  3.000000e-07
 71  1  0  0  0  1  5.723815e-02  3.000000e-07
 71  87  0  0  0  1  7.736055e-02  3.000000e-07
 50  80  0  0  0  1  2.092267e-01  3.000000e-07
 50  86  0  0  0  1  2.305972e-01  3.000000e-07
 50  51  0  0  0  1  1.659802e-01  3.000000e-07
 50  83  0  1  0  1  2.368178e-01  3.000000e-07
 50  48  0  0  0  1  1.428433e-01  3.000000e-07
 74  69  0  0  0  1  2.009424e-01  3.000000e-07
 74  76  0  0  0  1  1.383169e-01  3.000000e-07
 74  85  0  0  0  1  1.457207e-01  3.000000e-07
 69  0  0  0  0  1  2.152069e-01  3.000000e-07
 69  85  0  0  0  1  9.797805e-02  3.000000e-07
 69  7  0  0  0  1  2.674436e-01  3.000000e-07
 69  73  0  0  0  1  1.038253e-01  3.000000e-07
 67  0  0  0  0  1  2.035421e-01  3.000000e-07
 67  1  0  0  0  1  2.171497e-01  3.000000e-07
 67  77  0  0  0  1  1.571785e-01  3.000000e-07
 67  70  0  0  0  1  5.682924e-02  3.000000e-07
 0  88  0  0  0  1  1.928915e-01  3.000000e-07
 0  78  0  0  0  1  2.169817e-01  3.000000e-07
 59  3  0  0  0  1  1.827980e-01  3.000000e-07
 59  76  0  0  0  1  2.698496e-01  3.000000e-07
 59  72 -1  0  0  1  1.788778e-01  3.000000e-07
 59  61  0  0  0  1  1.577546e-01  3.000000e-07
 59  64  0  0  0  1  2.326169e-01  3.000000e-07
 1  70  0  0  0  1  2.069317e-01  3.000000e-07
 80  72  0  1  0  1  4.114308e-01  3.000000e-07
 80  83  0  1  0  1  3.138356e-01  3.000000e-07
 80  47  0  0  0  1  2.446742e-01  3.000000e-07
 80  48  0  0  0  1  2.298163e-01  3.000000e-07
 3  60  0  0  0  1  3.017253e-01  3.000000e-07
 3  61  0  0  0  1  1.209276e-01  3.000000e-07
 3  73  0  0  0  1  1.605488e-01  3.000000e-07
 81  6  0  0  0  1  1.413890e-01  3.000000e-07
 81  51  0 -1  0  1  1.609082e-01  3.000000e-07
 9  6  0  1  0  1  1.730134e-01  3.000000e-07
 9  55  0  0  0  1  6.815896e-02  3.000000e-07
 9  56  0  0  0  1  1.107485e-01  3.000000e-07
 9  64  0  1  0  1  2.132233e-01  3.000000e-07
 76  6  0  0  0  1  1.540708e-01  3.000000e-07
 72  61  1  0  0  1  1.336954e-01  3.000000e-07
 72  83  0  0  0  1  3.671580e-01  3.000000e-07
 72  70  0  0  0  1  8.446193e-02  3.000000e-07
 6  49  0 -1  0  1  1.598791e-01  3.000000e-07
 6  87  0  0  0  1  1.517157e-01  3.000000e-07
 6  55  0 -1  0  1  1.510467e-01  3.000000e-07
 6  64  0  0  0  1  2.110984e-01  3.000000e-07
 84  88  0  0  0  1  1.486708e-01  3.000000e-07
 84  63  0  0  0  1  1.245915e-01  3.000000e-07
 84  77  0  0  0  1  9.447796e-02  3.000000e-07
 85  73  0  0  0  1  7.693367e-02  3.000000e-07
 86  8  0  0  0  1  2.480658e-01  3.000000e-07
 86  88  0  0  0  1  1.421671e-01  3.000000e-07
 86  63  0  0  0  1  1.092824e-01  3.000000e-07
 86  48  0  0  0  1  1.259809e-01  3.000000e-07
 60  61  0  0  0  1  3.391123e-01  3.000000e-07
 60  62  0  0  0  1  8.521534e-02  3.000000e-07
 60  57  0  0  0  1  2.242431e-01  3.000000e-07
 60  73  0  0  0  1  2.709079e-01  3.000000e-07
 54  62  0  0  0  1  1.244707e-01  3.000000e-07
 54  56  0  0  0  1  1.665880e-01  3.000000e-07
 54  7  0  0  0  1  1.497049e-01  3.000000e-07
 55  51  0  0  0  1  1.033256e-01  3.000000e-07
 55  56  0  0  0  1  1.067426e-01  3.000000e-07
 51  83  0  1  0  1  1.929598e-01  3.000000e-07
 51  8  0  0  0  1  1.969118e-01  3.000000e-07
 61  47 -1  0  0  1  3.346833e-01  3.000000e-07
 62  7  0  0  0  1  7.810991e-02  3.000000e-07
 83  70  0  0  0  1  3.170140e-01  3.000000e-07
 56  8  0  0  0  1  1.280366e-01  3.000000e-07
 56  7  0  0  0  1  1.723145e-01  3.000000e-07
 8  88  0  0  0  1  1.545482e-01  3.000000e-07
 8  78  0  0  0  1  1.456078e-01  3.000000e-07
 8  7  0  0  0  1  1.567716e-01  3.000000e-07
 47  63  0  0  0  1  5.192807e-02  3.000000e-07
 47  77  0  0  0  1  1.381191e-01  3.000000e-07
 47  57  1  0  0  1  2.721185e-01  3.000000e-07
 47  48  0  0  0  1  9.681250e-02  3.000000e-07
 88  78  0  0  0  1  9.705649e-02  3.000000e-07
 63  77  0  0  0  1  1.069021e-01  3.000000e-07
 63  48  0  0  0  1  7.947202e-02  3.000000e-07
 78  7  0  0  0  1  2.045737e-01  3.000000e-07
 7  73  0  0  0  1  2.706889e-01  3.000000e-07
 1.508403e-01 -1.038344e-01  0
 1.614197e-01 -2.167193e-01  0
-2.047606e-01 -1.445430e-01  0
-3.107021e-01 -1.191601e-01  0
-1.060078e-01  4.119663e-01  0
-2.432088e-01 -4.351345e-01  0
-1.074264e-03 -4.093485e-01  0
-1.321913e-01  2.069318e-01  0
 2.448676e-02  2.123442e-01  0
-6.844449e-02  4.312937e-01  0
-3.019077e-01  3.422867e-01 -1.030380e-01
-2.978160e-01 -7.016530e-02 -2.606277e-01
 4.065252e-01 -1.634739e-01  3.861655e-01
-2.296174e-01 -7.528378e-03 -1.308099e-01
 3.136919e-01  2.396986e-01 -1.179370e-01
-3.435327e-01 -5.741571e-02 -2.013457e-01
 4.302837e-01  1.274505e-01  3.119265e-01
 1.665178e-01  4.137374e-01 -1.227979e-01
 1.483405e-01  4.429104e-01 -4.441820e-01
 1.715008e-01  1.740632e-01 -3.517567e-01
 8.611216e-03 -2.168577e-01 -3.517789e-01
 3.815613e-01  1.860792e-01 -4.415554e-01
 3.227965e-01 -3.410262e-01  1.708339e-01
 4.083091e-02  1.183207e-02  4.108206e-01
 1.373998e-01 -3.249991e-01  1.392790e-01
-1.514307e-01  3.312159e-01  4.096241e-01
-7.940554e-02  2.329792e-01  3.318517e-01
-4.496827e-01  2.817991e-01  2.762093e-01
-6.280181e-03  3.927242e-01  3.953352e-01
-8.208383e-02  4.338123e-02  2.561386e-01
-2.890487e-01 -3.150991e-01  4.430502e-01
-3.486092e-01  3.095863e-01  2.531426e-01
 2.218133e-01 -4.103915e-01  3.394617e-01
 1.221262e-01  2.349399e-01 -4.086643e-01
 3.923964e-02  2.568328e-01 -3.942214e-01
-1.947994e-01  1.123911e-01  4.014120e-01
 1.753265e-01  4.728095e-02  4.463805e-01
 2.288075e-01  1.392882e-01  2.926582e-01
 3.436698e-01 -2.069969e-01  2.801857e-01
 9.054168e-02  3.801580e-02 -3.654830e-01
 1.256780e-01 -3.351564e-02 -3.263798e-01
-3.668919e-01  1.371467e-01 -3.058242e-01
-1.293510e-01  3.200493e-01 -2.307325e-01
-1.410514e-02  4.116806e-01 -2.029263e-01
-2.327877e-01 -1.376945e-01 -3.146330e-01
 3.300611e-01 -3.444228e-01 -4.163050e-01
 4.221708e-01  3.369596e-01 -2.583047e-01
 4.028534e-01  1.685900e-01  0
 3.200431e-01  2.187409e-01  0
 7.026317e-02  4.475700e-01  0
 2.504354e-01  3.434765e-01  0
 9.327135e-02  3.968515e-01  0
-1.780982e-01  1.981260e-01  1.661729e-01
-2.592493e-01  3.770125e-01  0
-1.816771e-01  3.482213e-01  0
-7.941732e-04  4.396050e-01  0
-1.570508e-02  3.339090e-01  0
-4.084584e-01  3.646647e-01  0
-4.393239e-01  3.917866e-01  0
-4.023831e-01 -2.773047e-01  0
-2.798291e-01  1.809815e-01  0
-4.315896e-01 -1.222773e-01  0
-2.078043e-01  2.265236e-01  0
 3.553764e-01  1.475555e-01  0
-2.121646e-01 -4.111985e-01  0
-3.049899e-01 -8.692974e-03  2.205236e-01
 3.785949e-01 -1.196447e-01 -1.998196e-01
 3.539955e-01 -1.163773e-01  0
 1.353661e-01 -2.847898e-01  0
-5.749018e-02 -4.986741e-02  0
 3.635492e-01 -1.723978e-01  0
 1.044807e-01 -2.225636e-01  0
 4.476918e-01 -1.797356e-01  0
-1.605726e-01 -6.226520e-02  0
-4.110345e-02 -2.501405e-01  0
-6.095851e-03 -3.079247e-01  0
-1.412930e-01 -3.455010e-01  0
 3.505356e-01  4.076309e-02  0
 1.697316e-02  6.693047e-02  0
 1.561327e-01 -3.808451e-01  0
 4.491914e-01  4.088363e-01  0
 1.350011e-01 -4.477455e-01  0
 4.184906e-01 -8.512368e-02  0
 1.795639e-01 -4.305592e-01  0
 2.599168e-01  6.748987e-02  0
-1.184011e-01 -1.266108e-01  0
 2.517402e-01  1.128830e-01  0
 1.040145e-01 -2.999227e-01  0
 1.123008e-01  8.516786e-02  0
 2.406460e-01  2.615988e-02  0