 700  90  1.200000e-05  87 -2 -2
 19  20  0 -1  0  3  4.587996e-01  1.000000e-07
 19  39  0  0  0  3  2.221115e-01  1.000000e-07
 19  28  1 -1  0  3  4.195522e-01  1.000000e-07
 19  47  0 -1  0  3  4.210897e-01  1.000000e-07
 19  48  0  0  0  3  2.732202e-01  1.000000e-07
 19  21  0  0  0  3  2.544607e-01  1.000000e-07
 19  27  0  0  0  3  9.056997e-02  1.000000e-07
 19  40  0  0  1  3  3.003711e-01  1.000000e-07
 19  45  0 -1  1  3  5.166690e-01  1.000000e-07
 20  29  0  1  0  3  3.853249e-01  1.000000e-07
 20  39  0  0  0  3  3.351485e-01  1.000000e-07
 20  49  0  0  0  3  2.770862e-01  1.000000e-07
 20  47  0  0  0  3  3.859010e-01  1.000000e-07
 20  21  0  0  0  3  3.638695e-01  1.000000e-07
 20  45  0  0  1  3  3.260816e-01  1.000000e-07
 20  42  0  0  1  3  4.307782e-01  1.000000e-07
 17  18  0 -1  0  3  2.940437e-01  1.000000e-07
 17  48  0  0  0  3  3.265436e-01  1.000000e-07
 17  52  0  0  0  3  3.020843e-01  1.000000e-07
 26  22  0  0  0  3  2.141210e-01  1.000000e-07
 26  23 -1  0  0  3  3.822012e-01  1.000000e-07
 26  24  0  0  0  3  1.710289e-02  1.000000e-07
 26  39 -1  0  0  3  2.947267e-01  1.000000e-07
 26  49 -1  0  0  3  2.769947e-01  1.000000e-07
 26  85 -1  0  0  3  2.412786e-01  1.000000e-07
 26  27 -1  0  0  3  3.078920e-01  1.000000e-07
 26  46  0  0  1  3  5.803399e-01  1.000000e-07
 26  44  0  0  1  3  4.457056e-01  1.000000e-07
 22  29 -1  0  0  3  3.539145e-01  1.000000e-07
 22  48  0  0  0  3  4.801121e-01  1.000000e-07
 29  23  0  0  0  3  1.142985e-01  1.000000e-07
 29  28  1 -1  0  3  3.269971e-01  1.000000e-07
 29  49  0 -1  0  3  4.612287e-01  1.000000e-07
 29  52  0  0  0  3  2.161523e-01  1.000000e-07
 18  49  0  0  0  3  5.164193e-01  1.000000e-07
 18  47  0  0  0  3  2.704853e-01  1.000000e-07
 18  85  0  0  0  3  5.269675e-01  1.000000e-07
 23  28  1 -1  0  3  3.748155e-01  1.000000e-07
 23  49  0  0  0  3  4.799678e-01  1.000000e-07
 23  27  0  0  0  3  2.014076e-01  1.000000e-07
 23  52  0  0  0  3  1.485058e-01  1.000000e-07
 23  44  1  0  1  3  5.500263e-01  1.000000e-07
 24  25  0  0  0  3  3.426288e-01  1.000000e-07
 24  28  0  0  0  3  4.004879e-01  1.000000e-07
 24  49 -1  0  0  3  2.732826e-01  1.000000e-07
 24  85 -1  0  0  3  2.491961e-01  1.000000e-07
 24  48  0  0  0  3  5.548895e-01  1.000000e-07
 24  43  0  0  1  3  5.491386e-01  1.000000e-07
 24  44  0  0  1  3  4.547341e-01  1.000000e-07
 25  28  0  0  0  3  2.999742e-01  1.000000e-07
 25  49 -1  0  0  3  5.093473e-01  1.000000e-07
 25  47  0  0  0  3  3.092000e-01  1.000000e-07
 25  48  0  0  0  3  5.269007e-01  1.000000e-07
 25  41  0  0  1  3  3.446955e-01  1.000000e-07
 25  45  0  0  1  3  4.033975e-01  1.000000e-07
 25  43  0  0  1  3  4.250380e-01  1.000000e-07
 25  46  0  0  1  3  4.851197e-01  1.000000e-07
 39  27  0  0  0  3  1.477445e-01  1.000000e-07
 39  40  0  0  1  3  3.677666e-01  1.000000e-07
 39  42  0  0  1  3  2.980948e-01  1.000000e-07
 39  31  0  0  1  3  4.252026e-01  1.000000e-07
 39  46  1  0  1  3  5.298408e-01  1.000000e-07
 39  44  1  0  1  3  4.950835e-01  1.000000e-07
 28  49 -1  0  0  3  3.968666e-01  1.000000e-07
 28  47  0  0  0  3  4.369716e-01  1.000000e-07
 28  40 -1  1  1  3  5.491805e-01  1.000000e-07
 28  45 -1  0  1  3  4.983355e-01  1.000000e-07
 47  22  0  1  0  3  5.779359e-01  1.000000e-07
 47  23  0  1  0  3  4.757397e-01  1.000000e-07
 47  52  0  1  0  3  4.350716e-01  1.000000e-07
 47  37  0  1  1  3  3.945502e-01  1.000000e-07
 85  21  0  0  0  3  2.552260e-01  1.000000e-07
 85  27  0  0  0  3  2.922814e-01  1.000000e-07
 85  52  0  0  0  3  4.253198e-01  1.000000e-07
 85  42  0  0  1  3  4.109742e-01  1.000000e-07
 48  27  0  0  0  3  3.068520e-01  1.000000e-07
 48  40  0  0  1  3  3.352369e-01  1.000000e-07
 48  33  0  0  1  3  3.491240e-01  1.000000e-07
 48  38  0  0  1  3  3.231314e-01  1.000000e-07
 21  27  0  0  0  3  2.122051e-01  1.000000e-07
 21  52  0  0  0  3  3.433681e-01  1.000000e-07
 21  40  0  0  1  3  3.670030e-01  1.000000e-07
 21  41  0  0  1  3  3.480909e-01  1.000000e-07
 21  43  0  0  1  3  2.368380e-01  1.000000e-07
 27  22  1  0  0  3  3.959686e-01  1.000000e-07
 27  40  0  0  1  3  3.467331e-01  1.000000e-07
 36  51  0  1  0  3  3.782601e-01  1.000000e-07
 36  41  0  0  0  3  2.747188e-01  1.000000e-07
 36  35  0  0  0  3  2.094730e-01  1.000000e-07
 36  45  0  0  0  3  1.559487e-01  1.000000e-07
 36  33  0  1  0  3  3.398127e-01  1.000000e-07
 36  34  0  0  0  3  1.138941e-01  1.000000e-07
 36  38  0  1  0  3  4.494997e-01  1.000000e-07
 36  37  0  1  0  3  2.854891e-01  1.000000e-07
 36  86  0  0  0  3  3.131563e-01  1.000000e-07
 40  35  0 -1  0  3  3.882663e-01  1.000000e-07
 40  33  0  0  0  3  1.594440e-01  1.000000e-07
 51  16  0  0  0  3  2.943158e-01  1.000000e-07
 51  45  0 -1  0  3  4.100553e-01  1.000000e-07
 51  33  0  0  0  3  1.038931e-01  1.000000e-07
 51  43  0  0  0  3  3.259092e-01  1.000000e-07
 51  53  0  0  0  3  2.015128e-01  1.000000e-07
 51  31  0  0  0  3  2.480675e-01  1.000000e-07
 30  41  0  0  0  3  3.423890e-01  1.000000e-07
 30  50  0  0  0  3  2.612791e-01  1.000000e-07
 30  43  0  0  0  3  2.741262e-01  1.000000e-07
 30  31 -1  0  0  3  5.838624e-01  1.000000e-07
 30  46  0  0  0  3  4.538077e-01  1.000000e-07
 30  38  0  0  0  3  1.039410e-01  1.000000e-07
 30  86  0  0  0  3  3.635558e-01  1.000000e-07
 30  44  0  0  0  3  1.343784e-01  1.000000e-07
 41  50  0  0  0  3  2.864397e-01  1.000000e-07
 41  42  0  0  0  3  2.428684e-01  1.000000e-07
 41  43  0  0  0  3  2.112334e-01  1.000000e-07
 41  34  0  0  0  3  1.964634e-01  1.000000e-07
 41  86  0  0  0  3  2.058365e-01  1.000000e-07
 35  53  0  1  0  3  2.921975e-01  1.000000e-07
 35  34  0  0  0  3  2.364594e-01  1.000000e-07
 35  46  1  0  0  3  4.422062e-01  1.000000e-07
 35  37  0  1  0  3  3.156190e-01  1.000000e-07
 50  16  0  0  0  3  1.544742e-01  1.000000e-07
 50  42  0  0  0  3  3.159583e-01  1.000000e-07
 50  33  0  0  0  3  2.637349e-01  1.000000e-07
 50  43  0  0  0  3  2.962193e-01  1.000000e-07
 50  46  0  0  0  3  5.155161e-01  1.000000e-07
 50  32  0  0  0  3  2.541172e-01  1.000000e-07
 16  53  0  0  0  3  2.876187e-01  1.000000e-07
 16  86  0  0  0  3  1.692319e-01  1.000000e-07
 45  42  0  0  0  3  2.794507e-01  1.000000e-07
 45  33  0  1  0  3  4.000553e-01  1.000000e-07
 45  46  1  0  0  3  5.066337e-01  1.000000e-07
 42  31  0  0  0  3  2.050526e-01  1.000000e-07
 42  34  0  0  0  3  2.382817e-01  1.000000e-07
 42  44  1  0  0  3  5.874529e-01  1.000000e-07
 33  53  0  0  0  3  1.451958e-01  1.000000e-07
 33  38  0  0  0  3  2.820846e-01  1.000000e-07
 33  37  0  0  0  3  1.211017e-01  1.000000e-07
 43  38  0  0  0  3  2.629539e-01  1.000000e-07
 43  32  0  0  0  3  2.838178e-01  1.000000e-07
 53  31  0  0  0  3  3.136489e-01  1.000000e-07
 53  37  0  0  0  3  1.291351e-01  1.000000e-07
 53  32  0  0  0  3  3.112761e-01  1.000000e-07
 31  46  1  0  0  3  4.274349e-01  1.000000e-07
 31  44  1  0  0  3  5.521364e-01  1.000000e-07
 34  46  0  0  0  3  5.078125e-01  1.000000e-07
 34  86  0  0  0  3  2.109679e-01  1.000000e-07
 46  38  0  1  0  3  6.246966e-01  1.000000e-07
 46  37  0  1  0  3  6.092235e-01  1.000000e-07
 46  32  0  1  0  3  6.424838e-01  1.000000e-07
 38  37  0  0  0  3  2.400680e-01  1.000000e-07
 38  32  0  0  0  3  9.332831e-02  1.000000e-07
 38  44  0  0  0  3  1.216710e-01  1.000000e-07
 37  32  0  0  0  3  2.347389e-01  1.000000e-07
 32  44  0  0  0  3  1.573035e-01  1.000000e-07
 17  57  0  0  0  3  1.110594e-01  1.000000e-07
 65  32  0  0  0  3  2.701471e-01  1.000000e-07
 18  80  0  0  0  3  2.067184e-01  1.000000e-07
 58  35  0  0  0  3  1.478459e-01  1.000000e-07
 18  59  0  1  0  3  2.102775e-01  1.000000e-07
 78  53  0  0  0  3  1.466434e-01  1.000000e-07
 52  80  0 -1  0  3  2.562250e-01  1.000000e-07
 58  35  0  0  0  3  1.768956e-01  1.000000e-07
 22  77  0  0  0  3  2.028519e-01  1.000000e-07
 68  46  0  0  0  3  2.553818e-01  1.000000e-07
 85  82  0  0  0  3  3.578884e-01  1.000000e-07
 67  16  0  0  0  3  1.202016e-01  1.000000e-07
 18  70  0  0  0  3  2.696049e-01  1.000000e-07
 69  46  0  0  0  3  3.067399e-01  1.000000e-07
 52  14  0  0  0  3  1.630239e-01  1.000000e-07
 15  51  0  0  0  3  2.661928e-01  1.000000e-07
 22  83  0  0  0  3  2.505646e-01  1.000000e-07
 87  86  0  0  0  3  2.657389e-01  1.000000e-07
 85  10  0  0  0  3  3.641946e-01  1.000000e-07
 9  86  0  0  0  3  1.819343e-01  1.000000e-07
 24  87  0  0  0  3  3.930403e-01  1.000000e-07
 83  86  0  0  0  3  2.290395e-01  1.000000e-07
 22  68  0  0  0  3  1.569649e-01  1.000000e-07
 89  32  0  0  0  3  2.857416e-01  1.000000e-07
 20  58  0  0  0  3  3.547936e-01  1.000000e-07
 80  35  0  0  0  3  1.183806e-01  1.000000e-07
 29  55  0  0  0  3  1.813071e-01  1.000000e-07
 14  51  0  0  0  3  3.023922e-01  1.000000e-07
 52  81  0  0  0  3  2.137709e-01  1.000000e-07
 79  16  0  0  0  3  1.329727e-01  1.000000e-07
 29  61  0  0  0  3  2.346298e-01  1.000000e-07
 62  31  0  0  0  3  2.417767e-01  1.000000e-07
 17  84  0  0  0  3  1.330475e-01  1.000000e-07
 57  50  0  0  0  3  1.657846e-01  1.000000e-07
 17  84  0  0  0  3  1.751348e-01  1.000000e-07
 11  86  0  0  0  3  2.481886e-01  1.000000e-07
 23  62  0  0  0  3  2.684255e-01  1.000000e-07
 88  31  0  0  0  3  1.964184e-01  1.000000e-07
 18  54  0  0  0  3  1.812712e-01  1.000000e-07
 60  34  0  0  0  3  2.892004e-01  1.000000e-07
 22  68  0  0  0  3  1.516926e-01  1.000000e-07
 89  30  0  0  0  3  2.923682e-01  1.000000e-07
 17  57  0  0  0  3  1.145205e-01  1.000000e-07
 59  37  0  0  0  3  2.248152e-01  1.000000e-07
 17  79  0  0  0  3  1.851579e-01  1.000000e-07
 84  16  0  0  0  3  1.764140e-01  1.000000e-07
 49  67  0  0  0  3  1.980903e-01  1.000000e-07
 66  16  0  0  0  3  1.851153e-01  1.000000e-07
 21  82  0  0  0  3  4.103003e-01  1.000000e-07
 81  16  0  0  0  3  1.010373e-01  1.000000e-07
 17  57  0  0  0  3  1.317671e-01  1.000000e-07
 59  53  0  0  0  3  1.358685e-01  1.000000e-07
 29  55  0  0  0  3  1.732773e-01  1.000000e-07
 88  40  0  0  0  3  3.469855e-01  1.000000e-07
 18  54  0  0  0  3  2.571413e-01  1.000000e-07
 12  86  0  0  0  3  2.464558e-01  1.000000e-07
 66  2  0  0  0  2  2.771153e-01  2.000000e-07
 66  77  1  0  0  2  3.867867e-01  2.000000e-07
 66  54  0  0  0  2  2.415772e-01  2.000000e-07
 66  9  0  0  0  2  1.568679e-01  2.000000e-07
 66  13  0  0  0  2  7.334737e-02  2.000000e-07
 66  67  0  0  0  2  8.162388e-02  2.000000e-07
 66  55  0  1  0  2  5.613774e-01  2.000000e-07
 66  72  1  0  0  2  4.495553e-01  2.000000e-07
 66  10  0  0  0  2  1.032532e-01  2.000000e-07
 66  7  0  0  0  2  2.237011e-01  2.000000e-07
 66  79  0  0  0  2  3.047080e-01  2.000000e-07
 66  70  1  0  0  2  4.729495e-01  2.000000e-07
 66  1  0  0  0  2  2.383665e-01  2.000000e-07
 66  6  1  0  0  2  4.585249e-01  2.000000e-07
 66  82  0  0  0  2  1.557753e-01  2.000000e-07
 2  77  1  0  0  2  3.711562e-01  2.000000e-07
 2  78  0  0  0  2  3.090481e-01  2.000000e-07
 2  67  0  0  0  2  1.988597e-01  2.000000e-07
 2  0  1  0  0  2  2.479567e-01  2.000000e-07
 2  72  1 -1  0  2  5.020415e-01  2.000000e-07
 2  88  0  0  0  2  1.534026e-01  2.000000e-07
 2  79  0  0  0  2  2.712101e-01  2.000000e-07
 2  61  0  0  0  2  7.427013e-02  2.000000e-07
 2  80  0 -1  0  2  4.786879e-01  2.000000e-07
 2  75  1  0  0  2  3.000153e-01  2.000000e-07
 2  68  1  0  0  2  3.054045e-01  2.000000e-07
 2  73  1  0  0  2  4.226631e-01  2.000000e-07
 2  1  0  0  0  2  7.255869e-02  2.000000e-07
 84  78  0  0  0  2  1.889833e-01  2.000000e-07
 84  11  0  0  0  2  1.002314e-01  2.000000e-07
 84  15  0  0  0  2  2.417678e-01  2.000000e-07
 84  83  0  0  0  2  2.239168e-01  2.000000e-07
 84  65  0  0  0  2  2.079949e-01  2.000000e-07
 84  68  0  0  0  2  2.940246e-01  2.000000e-07
 84  12  0  0  0  2  3.368757e-01  2.000000e-07
 84  73  0  0  0  2  2.713149e-01  2.000000e-07
 84  81  0  0  0  2  1.949146e-01  2.000000e-07
 84  60  0  0  0  2  3.860936e-01  2.000000e-07
 84  59  0  0  0  2  2.280457e-01  2.000000e-07
 84  87  0  0  0  2  1.765944e-01  2.000000e-07
 77  71 -1  0  0  2  2.972188e-01  2.000000e-07
 77  72  0  0  0  2  2.651711e-01  2.000000e-07
 77  63  0  0  0  2  3.557075e-01  2.000000e-07
 77  7 -1  0  0  2  2.528123e-01  2.000000e-07
 77  8 -1  0  0  2  2.403548e-01  2.000000e-07
 77  70  0  0  0  2  1.063268e-01  2.000000e-07
 77  64  0  0  0  2  1.093567e-01  2.000000e-07
 77  89  0  0  0  2  3.043453e-01  2.000000e-07
 77  68  0  0  0  2  2.737750e-01  2.000000e-07
 77  1 -1  0  0  2  3.042393e-01  2.000000e-07
 77  82 -1  0  0  2  4.723914e-01  2.000000e-07
 77  87  0  0  0  2  3.225875e-01  2.000000e-07
 54  9  0  0  0  2  2.049642e-01  2.000000e-07
 54  13  0  0  0  2  2.189876e-01  2.000000e-07
 54  55  0  1  0  2  4.957782e-01  2.000000e-07
 54  4  0  1  0  2  4.602344e-01  2.000000e-07
 54  10  0  0  0  2  1.512976e-01  2.000000e-07
 54  63  0  0  0  2  8.347238e-02  2.000000e-07
 54  7  0  0  0  2  3.731577e-01  2.000000e-07
 54  5  0  0  0  2  4.334948e-01  2.000000e-07
 54  70  0  0  0  2  3.307357e-01  2.000000e-07
 54  64  0  0  0  2  3.073830e-01  2.000000e-07
 54  57  0  1  0  2  4.872375e-01  2.000000e-07
 54  80  0  0  0  2  2.652835e-01  2.000000e-07
 54  12  0  0  0  2  6.021108e-02  2.000000e-07
 54  73  0  1  0  2  5.271690e-01  2.000000e-07
 54  60  0  0  0  2  1.303651e-01  2.000000e-07
 54  59  0  1  0  2  3.848824e-01  2.000000e-07
 9  13  0  0  0  2  2.044130e-01  2.000000e-07
 9  11  0  0  0  2  1.352705e-01  2.000000e-07
 9  10  0  0  0  2  9.329481e-02  2.000000e-07
 9  63  0  0  0  2  1.736676e-01  2.000000e-07
 9  79  0  0  0  2  2.024791e-01  2.000000e-07
 9  12  0  0  0  2  1.697290e-01  2.000000e-07
 9  82  0  0  0  2  1.162329e-01  2.000000e-07
 9  87  0  0  0  2  1.898155e-01  2.000000e-07
 78  11  0  0  0  2  2.196898e-01  2.000000e-07
 78  15  0  0  0  2  9.769497e-02  2.000000e-07
 78  62  0  0  0  2  2.663859e-01  2.000000e-07
 78  56  0 -1  0  2  4.080902e-01  2.000000e-07
 78  79  0  0  0  2  1.236041e-01  2.000000e-07
 78  57  0  0  0  2  1.915342e-01  2.000000e-07
 78  80  0 -1  0  2  3.058279e-01  2.000000e-07
 78  68  1  0  0  2  5.948177e-01  2.000000e-07
 78  73  0  0  0  2  3.593453e-01  2.000000e-07
 78  81  0  0  0  2  1.409676e-01  2.000000e-07
 78  82  0  0  0  2  2.627969e-01  2.000000e-07
 78  59  0  0  0  2  1.582990e-01  2.000000e-07
 13  67  0  0  0  2  1.528215e-01  2.000000e-07
 13  11  0  0  0  2  3.363602e-01  2.000000e-07
 13  71  0  0  0  2  2.906306e-01  2.000000e-07
 13  10  0  0  0  2  1.223370e-01  2.000000e-07
 13  56  0  0  0  2  2.330202e-01  2.000000e-07
 13  8  0  0  0  2  1.757550e-01  2.000000e-07
 13  80  0  0  0  2  2.401956e-01  2.000000e-07
 13  12  0  0  0  2  2.412652e-01  2.000000e-07
 13  58  0  0  0  2  1.586792e-01  2.000000e-07
 13  81  0  0  0  2  3.508747e-01  2.000000e-07
 13  82  0  0  0  2  2.272995e-01  2.000000e-07
 13  60  0  0  0  2  3.458418e-01  2.000000e-07
 67  55  0  1  0  2  6.396961e-01  2.000000e-07
 67  71  0  0  0  2  1.703581e-01  2.000000e-07
 67  72  1  0  0  2  4.902420e-01  2.000000e-07
 67  88  0  0  0  2  2.832483e-01  2.000000e-07
 67  10  0  0  0  2  1.548075e-01  2.000000e-07
 67  83  0  0  0  2  4.761073e-01  2.000000e-07
 67  79  0  0  0  2  2.493969e-01  2.000000e-07
 67  70  1  0  0  2  4.769108e-01  2.000000e-07
 67  61  0  0  0  2  2.583716e-01  2.000000e-07
 67  69  1  0  0  2  4.841202e-01  2.000000e-07
 67  1  0  0  0  2  1.703084e-01  2.000000e-07
 67  6  1  0  0  2  5.034474e-01  2.000000e-07
 67  58  0  0  0  2  3.113965e-01  2.000000e-07
 67  81  0  0  0  2  2.126166e-01  2.000000e-07
 67  60  0  0  0  2  4.079454e-01  2.000000e-07
 3  55  0  1  0  2  5.923583e-01  2.000000e-07
 3  4  0  1  0  2  1.799591e-01  2.000000e-07
 3  65  0  1  0  2  2.544232e-01  2.000000e-07
 3  5  0  0  0  2  4.954945e-02  2.000000e-07
 3  70  0  0  0  2  2.833590e-01  2.000000e-07
 3  75  0  1  0  2  1.857152e-01  2.000000e-07
 3  69  0  0  0  2  3.010746e-01  2.000000e-07
 3  6  0  0  0  2  1.411565e-01  2.000000e-07
 3  60  0  0  0  2  3.607181e-01  2.000000e-07
 3  59  0  1  0  2  3.236007e-01  2.000000e-07
 3  76  0  1  0  2  1.854439e-01  2.000000e-07
 11  79  0  0  0  2  1.094902e-01  2.000000e-07
 11  57  0  0  0  2  2.424285e-01  2.000000e-07
 11  68  0  0  0  2  3.560282e-01  2.000000e-07
 11  12  0  0  0  2  2.602217e-01  2.000000e-07
 11  73  0  0  0  2  3.690698e-01  2.000000e-07
 11  81  0  0  0  2  1.526728e-01  2.000000e-07
 11  82  0  0  0  2  1.589544e-01  2.000000e-07
 11  87  0  0  0  2  1.519166e-01  2.000000e-07
 0  71 -1  0  0  2  2.481735e-01  2.000000e-07
 0  88 -1  0  0  2  3.421686e-01  2.000000e-07
 0  83  0  0  0  2  2.289182e-01  2.000000e-07
 0  70  0  0  0  2  4.174758e-01  2.000000e-07
 0  61 -1  0  0  2  2.512884e-01  2.000000e-07
 0  74  0  0  0  2  1.347921e-01  2.000000e-07
 0  89  0  0  0  2  5.093020e-02  2.000000e-07
 0  75  0  0  0  2  1.383009e-01  2.000000e-07
 0  1 -1  0  0  2  2.484141e-01  2.000000e-07
 0  76  0  0  0  2  1.384228e-01  2.000000e-07
 55  4  0  0  0  2  4.432550e-01  2.000000e-07
 55  15  0  0  0  2  9.797701e-02  2.000000e-07
 55  62  0  0  0  2  1.741026e-01  2.000000e-07
 55  72  1 -1  0  2  4.161132e-01  2.000000e-07
 55  88  0  0  0  2  8.386692e-02  2.000000e-07
 55  10  0 -1  0  2  5.606003e-01  2.000000e-07
 55  65  0  0  0  2  4.639396e-01  2.000000e-07
 55  56  0 -1  0  2  3.050433e-01  2.000000e-07
 55  7  0 -1  0  2  4.319395e-01  2.000000e-07
 55  61  0  0  0  2  1.708091e-01  2.000000e-07
 55  57  0  0  0  2  3.326440e-01  2.000000e-07
 55  80  0 -1  0  2  2.532598e-01  2.000000e-07
 55  75  1  0  0  2  3.544711e-01  2.000000e-07
 55  6  1 -1  0  2  3.880286e-01  2.000000e-07
 55  58  0 -1  0  2  3.303636e-01  2.000000e-07
 55  60  0 -1  0  2  5.749700e-01  2.000000e-07
 55  59  0  0  0  2  2.695888e-01  2.000000e-07
 4  65  0  0  0  2  1.039539e-01  2.000000e-07
 4  5  0 -1  0  2  2.268712e-01  2.000000e-07
 4  70  0 -1  0  2  4.252215e-01  2.000000e-07
 4  74  0  0  0  2  1.586929e-01  2.000000e-07
 4  57  0  0  0  2  1.309258e-01  2.000000e-07
 4  75  0  0  0  2  2.081975e-01  2.000000e-07
 4  73  0  0  0  2  7.180735e-02  2.000000e-07
 4  60  0 -1  0  2  4.254881e-01  2.000000e-07
 4  59  0  0  0  2  1.801765e-01  2.000000e-07
 4  76  0  0  0  2  1.382263e-01  2.000000e-07
 15  62  0  0  0  2  1.693111e-01  2.000000e-07
 15  88  0  0  0  2  8.311457e-02  2.000000e-07
 15  65  0  0  0  2  4.076549e-01  2.000000e-07
 15  56  0 -1  0  2  4.014878e-01  2.000000e-07
 15  14  0  0  0  2  6.417039e-02  2.000000e-07
 15  57  0  0  0  2  2.834535e-01  2.000000e-07
 15  80  0 -1  0  2  3.330688e-01  2.000000e-07
 15  58  0 -1  0  2  4.138882e-01  2.000000e-07
 15  81  0  0  0  2  9.156049e-02  2.000000e-07
 15  59  0  0  0  2  2.545565e-01  2.000000e-07
 62  71  0  0  0  2  1.444638e-01  2.000000e-07
 62  56  0 -1  0  2  4.217985e-01  2.000000e-07
 62  61  0  0  0  2  1.303167e-02  2.000000e-07
 62  68  1  0  0  2  3.299839e-01  2.000000e-07
 62  6  1 -1  0  2  4.213796e-01  2.000000e-07
 62  81  0  0  0  2  1.950929e-01  2.000000e-07
 62  82  0  0  0  2  2.314480e-01  2.000000e-07
 62  76  1  0  0  2  3.438455e-01  2.000000e-07
 71  83  1  0  0  2  3.829477e-01  2.000000e-07
 71  65  1  0  0  2  4.376045e-01  2.000000e-07
 71  56  0  0  0  2  4.441251e-01  2.000000e-07
 71  8  0  0  0  2  3.050493e-01  2.000000e-07
 71  61  0  0  0  2  1.525984e-01  2.000000e-07
 71  64  1  0  0  2  4.023446e-01  2.000000e-07
 71  68  1  0  0  2  2.824337e-01  2.000000e-07
 71  69  1  0  0  2  4.031039e-01  2.000000e-07
 71  1  0  0  0  2  7.232837e-03  2.000000e-07
 71  58  0  0  0  2  4.349167e-01  2.000000e-07
 71  81  0  0  0  2  2.602875e-01  2.000000e-07
 71  82  0  0  0  2  2.189918e-01  2.000000e-07
 71  76  1  0  0  2  3.745519e-01  2.000000e-07
 72  78 -1  1  0  2  5.524330e-01  2.000000e-07
 72  88 -1  1  0  2  4.485300e-01  2.000000e-07
 72  56 -1  0  0  2  2.175195e-01  2.000000e-07
 72  7 -1  0  0  2  2.262285e-01  2.000000e-07
 72  8 -1  0  0  2  2.326220e-01  2.000000e-07
 72  5  0  0  0  2  1.029239e-01  2.000000e-07
 72  70  0  0  0  2  2.214914e-01  2.000000e-07
 72  64  0  0  0  2  2.611326e-01  2.000000e-07
 72  80 -1  0  0  2  3.642000e-01  2.000000e-07
 72  75  0  1  0  2  2.698098e-01  2.000000e-07
 72  68  0  1  0  2  4.841796e-01  2.000000e-07
 72  73  0  1  0  2  3.250307e-01  2.000000e-07
 72  6  0  0  0  2  3.101199e-02  2.000000e-07
 72  6  0  0  0  2  3.101199e-02  2.000000e-07
 88  79  0  0  0  2  1.942253e-01  2.000000e-07
 88  61  0  0  0  2  9.748272e-02  2.000000e-07
 88  14  0  0  0  2  3.743581e-02  2.000000e-07
 88  57  0  0  0  2  3.647398e-01  2.000000e-07
 88  80  0 -1  0  2  3.356861e-01  2.000000e-07
 88  75  1  0  0  2  3.315748e-01  2.000000e-07
 88  1  0  0  0  2  2.238288e-01  2.000000e-07
 88  81  0  0  0  2  1.462087e-01  2.000000e-07
 10  63  0  0  0  2  1.618561e-01  2.000000e-07
 10  83  0  0  0  2  3.800309e-01  2.000000e-07
 10  79  0  0  0  2  2.895800e-01  2.000000e-07
 10  60  0  0  0  2  2.561193e-01  2.000000e-07
 63  83  0  0  0  2  2.716243e-01  2.000000e-07
 63  79  0  0  0  2  3.516841e-01  2.000000e-07
 63  5  0  0  0  2  4.361887e-01  2.000000e-07
 63  70  0  0  0  2  2.883294e-01  2.000000e-07
 63  74  0  0  0  2  4.445223e-01  2.000000e-07
 63  64  0  0  0  2  2.580596e-01  2.000000e-07
 63  89  0  0  0  2  4.496069e-01  2.000000e-07
 63  12  0  0  0  2  2.612358e-02  2.000000e-07
 63  60  0  0  0  2  9.842367e-02  2.000000e-07
 63  87  0  0  0  2  1.699133e-01  2.000000e-07
 83  65  0  0  0  2  2.301083e-01  2.000000e-07
 83  79  0  0  0  2  3.452159e-01  2.000000e-07
 83  70  0  0  0  2  2.734239e-01  2.000000e-07
 83  74  0  0  0  2  1.902563e-01  2.000000e-07
 83  57  0  0  0  2  2.936682e-01  2.000000e-07
 83  89  0  0  0  2  1.781254e-01  2.000000e-07
 83  68  0  0  0  2  1.374252e-01  2.000000e-07
 83  69  0  0  0  2  2.529183e-01  2.000000e-07
 83  1 -1  0  0  2  3.872433e-01  2.000000e-07
 83  81  0  0  0  2  3.995344e-01  2.000000e-07
 83  60  0  0  0  2  2.737084e-01  2.000000e-07
 83  87  0  0  0  2  1.289446e-01  2.000000e-07
 83  76  0  0  0  2  2.933843e-01  2.000000e-07
 65  74  0  0  0  2  6.177748e-02  2.000000e-07
 65  57  0  0  0  2  1.323502e-01  2.000000e-07
 65  68  0  0  0  2  1.812290e-01  2.000000e-07
 65  73  0  0  0  2  6.890821e-02  2.000000e-07
 65  6  0 -1  0  2  3.795192e-01  2.000000e-07
 65  81  0  0  0  2  3.898649e-01  2.000000e-07
 65  59  0  0  0  2  2.327426e-01  2.000000e-07
 65  76  0  0  0  2  1.163360e-01  2.000000e-07
 56  7  0  0  0  2  1.269264e-01  2.000000e-07
 56  8  0  0  0  2  1.442573e-01  2.000000e-07
 56  61  0  1  0  2  4.111809e-01  2.000000e-07
 56  64  1  0  0  2  4.118664e-01  2.000000e-07
 56  80  0  0  0  2  1.520173e-01  2.000000e-07
 56  68  1  1  0  2  5.918287e-01  2.000000e-07
 56  69  1  0  0  2  3.959875e-01  2.000000e-07
 56  73  1  1  0  2  4.932156e-01  2.000000e-07
 56  6  1  0  0  2  2.086576e-01  2.000000e-07
 56  58  0  0  0  2  1.346956e-01  2.000000e-07
 7  8  0  0  0  2  1.733213e-02  2.000000e-07
 7  70  1  0  0  2  3.007443e-01  2.000000e-07
 7  80  0  0  0  2  2.450042e-01  2.000000e-07
 8  64  1  0  0  2  3.222589e-01  2.000000e-07
 8  80  0  0  0  2  2.600477e-01  2.000000e-07
 8  68  1  0  0  2  4.609967e-01  2.000000e-07
 8  69  1  0  0  2  3.096023e-01  2.000000e-07
 8  82  0  0  0  2  3.591404e-01  2.000000e-07
 79  74  0  0  0  2  3.629954e-01  2.000000e-07
 79  57  0  0  0  2  2.283299e-01  2.000000e-07
 79  80  0 -1  0  2  4.256047e-01  2.000000e-07
 79  81  0  0  0  2  6.038043e-02  2.000000e-07
 79  82  0  0  0  2  1.511302e-01  2.000000e-07
 79  87  0  0  0  2  2.595838e-01  2.000000e-07
 5  70  0  0  0  2  2.402237e-01  2.000000e-07
 5  64  0  0  0  2  2.750505e-01  2.000000e-07
 5  57  0  1  0  2  3.540913e-01  2.000000e-07
 5  75  0  1  0  2  2.218282e-01  2.000000e-07
 5  73  0  1  0  2  2.360007e-01  2.000000e-07
 5  6  0  0  0  2  1.051103e-01  2.000000e-07
 70  64  0  0  0  2  3.981867e-02  2.000000e-07
 70  89  0  0  0  2  3.805522e-01  2.000000e-07
 70  69  0  0  0  2  2.223205e-02  2.000000e-07
 70  1 -1  0  0  2  4.105075e-01  2.000000e-07
 70  6  0  0  0  2  2.523007e-01  2.000000e-07
 70  60  0  0  0  2  2.008945e-01  2.000000e-07
 61  14  0  0  0  2  1.339713e-01  2.000000e-07
 61  75  1  0  0  2  2.667212e-01  2.000000e-07
 61  1  0  0  0  2  1.457263e-01  2.000000e-07
 61  6  1 -1  0  2  4.084282e-01  2.000000e-07
 61  81  0  0  0  2  2.044176e-01  2.000000e-07
 61  76  1  0  0  2  3.333834e-01  2.000000e-07
 74  57  0  0  0  2  1.878854e-01  2.000000e-07
 74  89  0  0  0  2  1.113227e-01  2.000000e-07
 74  75  0  0  0  2  1.770014e-01  2.000000e-07
 74  73  0  0  0  2  1.015495e-01  2.000000e-07
 74  81  0  0  0  2  4.233032e-01  2.000000e-07
 74  76  0  0  0  2  1.091812e-01  2.000000e-07
 64  68  0  0  0  2  3.155464e-01  2.000000e-07
 64  69  0  0  0  2  1.761509e-02  2.000000e-07
 64  12  0  0  0  2  2.790331e-01  2.000000e-07
 64  73  0  1  0  2  4.868552e-01  2.000000e-07
 64  6  0  0  0  2  2.918818e-01  2.000000e-07
 64  59  0  1  0  2  4.957383e-01  2.000000e-07
 64  87  0  0  0  2  2.675301e-01  2.000000e-07
 14  57  0  0  0  2  3.356268e-01  2.000000e-07
 14  81  0  0  0  2  1.462349e-01  2.000000e-07
 57  80  0 -1  0  2  4.048521e-01  2.000000e-07
 57  89  0  0  0  2  2.977876e-01  2.000000e-07
 57  68  0  0  0  2  2.966323e-01  2.000000e-07
 57  73  0  0  0  2  1.683738e-01  2.000000e-07
 57  81  0  0  0  2  2.825186e-01  2.000000e-07
 57  59  0  0  0  2  1.147745e-01  2.000000e-07
 57  87  0  0  0  2  3.009820e-01  2.000000e-07
 80  12  0  0  0  2  3.233677e-01  2.000000e-07
 80  58  0  0  0  2  8.237121e-02  2.000000e-07
 80  59  0  1  0  2  2.921838e-01  2.000000e-07
 89  2 -1  0  0  2  2.827271e-01  2.000000e-07
 89  75  0  0  0  2  1.771151e-01  2.000000e-07
 89  68  0  0  0  2  4.214134e-02  2.000000e-07
 89  73  0  0  0  2  1.917438e-01  2.000000e-07
 89  1 -1  0  0  2  2.716914e-01  2.000000e-07
 89  87  0  0  0  2  2.996436e-01  2.000000e-07
 75  73  0  0  0  2  1.480416e-01  2.000000e-07
 75  6  0 -1  0  2  2.445266e-01  2.000000e-07
 75  76  0  0  0  2  8.022736e-02  2.000000e-07
 68  69  0  0  0  2  3.283493e-01  2.000000e-07
 68  73  0  0  0  2  2.136814e-01  2.000000e-07
 68  6  0 -1  0  2  4.606888e-01  2.000000e-07
 68  82 -1  0  0  2  5.001775e-01  2.000000e-07
 68  59  0  0  0  2  4.077219e-01  2.000000e-07
 68  87  0  0  0  2  2.616621e-01  2.000000e-07
 68  76  0  0  0  2  1.879519e-01  2.000000e-07
 69  12  0  0  0  2  2.908775e-01  2.000000e-07
 69  1 -1  0  0  2  4.100415e-01  2.000000e-07
 69  6  0  0  0  2  2.742994e-01  2.000000e-07
 69  60  0  0  0  2  1.863580e-01  2.000000e-07
 69  59  0  1  0  2  4.898757e-01  2.000000e-07
 69  87  0  0  0  2  2.849812e-01  2.000000e-07
 12  58  0  0  0  2  2.837787e-01  2.000000e-07
 12  81  0  0  0  2  3.741851e-01  2.000000e-07
 12  60  0  0  0  2  1.115714e-01  2.000000e-07
 12  59  0  1  0  2  4.369099e-01  2.000000e-07
 12  87  0  0  0  2  1.916880e-01  2.000000e-07
 73  6  0 -1  0  2  3.108111e-01  2.000000e-07
 73  59  0  0  0  2  2.441666e-01  2.000000e-07
 73  87  0  0  0  2  3.620708e-01  2.000000e-07
 73  76  0  0  0  2  7.068684e-02  2.000000e-07
 6  71 -1  0  0  2  5.156824e-01  2.000000e-07
 6  59  0  1  0  2  4.628394e-01  2.000000e-07
 6  76  0  1  0  2  2.848927e-01  2.000000e-07
 58  6  1  0  0  2  3.430574e-01  2.000000e-07
 58  60  0  0  0  2  3.549590e-01  2.000000e-07
 58  59  0  1  0  2  3.627080e-01  2.000000e-07
 81  60  0  0  0  2  4.643856e-01  2.000000e-07
 82  81  0  0  0  2  1.237729e-01  2.000000e-07
 60  87  0  0  0  2  2.134114e-01  2.000000e-07
 59  60  0 -1  0  2  4.041220e-01  2.000000e-07
 59  76  0  0  0  2  3.146233e-01  2.000000e-07
 66  9  0  0  0  1  1.568679e-01  3.000000e-07
 66  13  0  0  0  1  7.334737e-02  3.000000e-07
 66  10  0  0  0  1  1.032532e-01  3.000000e-07
 66  8  0  0  0  1  2.171454e-01  3.000000e-07
 2  67  0  0  0  1  1.988597e-01  3.000000e-07
 2  0  1  0  0  1  2.479567e-01  3.000000e-07
 2  62  0  0  0  1  6.510713e-02  3.000000e-07
 2  61  0  0  0  1  7.427013e-02  3.000000e-07
 2  1  0  0  0  1  7.255869e-02  3.000000e-07
 2  81  0  0  0  1  2.108806e-01  3.000000e-07
 2  82  0  0  0  1  2.095827e-01  3.000000e-07
 84  78  0  0  0  1  1.889833e-01  3.000000e-07
 84  11  0  0  0  1  1.002314e-01  3.000000e-07
 84  83  0  0  0  1  2.239168e-01  3.000000e-07
 84  65  0  0  0  1  2.079949e-01  3.000000e-07
 84  79  0  0  0  1  1.348909e-01  3.000000e-07
 84  57  0  0  0  1  1.450122e-01  3.000000e-07
 77  71 -1  0  0  1  2.972188e-01  3.000000e-07
 77  72  0  0  0  1  2.651711e-01  3.000000e-07
 77  70  0  0  0  1  1.063268e-01  3.000000e-07
 77  64  0  0  0  1  1.093567e-01  3.000000e-07
 77  68  0  0  0  1  2.737750e-01  3.000000e-07
 77  69  0  0  0  1  1.069471e-01  3.000000e-07
 54  13  0  0  0  1  2.189876e-01  3.000000e-07
 54  10  0  0  0  1  1.512976e-01  3.000000e-07
 54  80  0  0  0  1  2.652835e-01  3.000000e-07
 54  12  0  0  0  1  6.021108e-02  3.000000e-07
 54  58  0  0  0  1  2.320389e-01  3.000000e-07
 54  60  0  0  0  1  1.303651e-01  3.000000e-07
 9  67  0  0  0  1  1.614769e-01  3.000000e-07
 9  10  0  0  0  1  9.329481e-02  3.000000e-07
 9  63  0  0  0  1  1.736676e-01  3.000000e-07
 9  82  0  0  0  1  1.162329e-01  3.000000e-07
 9  87  0  0  0  1  1.898155e-01  3.000000e-07
 78  15  0  0  0  1  9.769497e-02  3.000000e-07
 78  79  0  0  0  1  1.236041e-01  3.000000e-07
 78  57  0  0  0  1  1.915342e-01  3.000000e-07
 78  80  0 -1  0  1  3.058279e-01  3.000000e-07
 78  59  0  0  0  1  1.582990e-01  3.000000e-07
 13  10  0  0  0  1  1.223370e-01  3.000000e-07
 13  7  0  0  0  1  1.772960e-01  3.000000e-07
 13  8  0  0  0  1  1.757550e-01  3.000000e-07
 13  58  0  0  0  1  1.586792e-01  3.000000e-07
 67  8  0  0  0  1  2.608469e-01  3.000000e-07
 67  1  0  0  0  1  1.703084e-01  3.000000e-07
 67  82  0  0  0  1  1.000391e-01  3.000000e-07
 3  4  0  1  0  1  1.799591e-01  3.000000e-07
 3  75  0  1  0  1  1.857152e-01  3.000000e-07
 3  73  0  1  0  1  1.864620e-01  3.000000e-07
 3  6  0  0  0  1  1.411565e-01  3.000000e-07
 3  59  0  1  0  1  3.236007e-01  3.000000e-07
 3  76  0  1  0  1  1.854439e-01  3.000000e-07
 11  79  0  0  0  1  1.094902e-01  3.000000e-07
 11  82  0  0  0  1  1.589544e-01  3.000000e-07
 11  87  0  0  0  1  1.519166e-01  3.000000e-07
 0  71 -1  0  0  1  2.481735e-01  3.000000e-07
 0  61 -1  0  0  1  2.512884e-01  3.000000e-07
 0  74  0  0  0  1  1.347921e-01  3.000000e-07
 0  75  0  0  0  1  1.383009e-01  3.000000e-07
 0  1 -1  0  0  1  2.484141e-01  3.000000e-07
 55  15  0  0  0  1  9.797701e-02  3.000000e-07
 55  56  0 -1  0  1  3.050433e-01  3.000000e-07
 55  61  0  0  0  1  1.708091e-01  3.000000e-07
 55  14  0  0  0  1  5.203366e-02  3.000000e-07
 55  80  0 -1  0  1  2.532598e-01  3.000000e-07
 55  75  1  0  0  1  3.544711e-01  3.000000e-07
 55  6  1 -1  0  1  3.880286e-01  3.000000e-07
 4  65  0  0  0  1  1.039539e-01  3.000000e-07
 4  73  0  0  0  1  7.180735e-02  3.000000e-07
 4  59  0  0  0  1  1.801765e-01  3.000000e-07
 15  88  0  0  0  1  8.311457e-02  3.000000e-07
 15  79  0  0  0  1  1.217195e-01  3.000000e-07
 15  14  0  0  0  1  6.417039e-02  3.000000e-07
 62  88  0  0  0  1  9.707773e-02  3.000000e-07
 62  81  0  0  0  1  1.950929e-01  3.000000e-07
 71  8  0  0  0  1  3.050493e-01  3.000000e-07
 71  89  1  0  0  1  2.701881e-01  3.000000e-07
 71  68  1  0  0  1  2.824337e-01  3.000000e-07
 72  56 -1  0  0  1  2.175195e-01  3.000000e-07
 72  7 -1  0  0  1  2.262285e-01  3.000000e-07
 72  8 -1  0  0  1  2.326220e-01  3.000000e-07
 72  5  0  0  0  1  1.029239e-01  3.000000e-07
 88  61  0  0  0  1  9.748272e-02  3.000000e-07
 88  81  0  0  0  1  1.462087e-01  3.000000e-07
 10  12  0  0  0  1  1.445682e-01  3.000000e-07
 63  60  0  0  0  1  9.842367e-02  3.000000e-07
 63  87  0  0  0  1  1.699133e-01  3.000000e-07
 83  74  0  0  0  1  1.902563e-01  3.000000e-07
 83  64  0  0  0  1  2.363671e-01  3.000000e-07
 83  68  0  0  0  1  1.374252e-01  3.000000e-07
 83  87  0  0  0  1  1.289446e-01  3.000000e-07
 65  74  0  0  0  1  6.177748e-02  3.000000e-07
 65  57  0  0  0  1  1.323502e-01  3.000000e-07
 65  73  0  0  0  1  6.890821e-02  3.000000e-07
 56  7  0  0  0  1  1.269264e-01  3.000000e-07
 56  80  0  0  0  1  1.520173e-01  3.000000e-07
 56  6  1  0  0  1  2.086576e-01  3.000000e-07
 56  58  0  0  0  1  1.346956e-01  3.000000e-07
 7  58  0  0  0  1  1.849843e-01  3.000000e-07
 79  81  0  0  0  1  6.038043e-02  3.000000e-07
 5  70  0  0  0  1  2.402237e-01  3.000000e-07
 5  6  0  0  0  1  1.051103e-01  3.000000e-07
 5  60  0  0  0  1  3.391689e-01  3.000000e-07
 70  60  0  0  0  1  2.008945e-01  3.000000e-07
 61  75  1  0  0  1  2.667212e-01  3.000000e-07
 74  89  0  0  0  1  1.113227e-01  3.000000e-07
 74  68  0  0  0  1  1.201482e-01  3.000000e-07
 74  73  0  0  0  1  1.015495e-01  3.000000e-07
 74  76  0  0  0  1  1.091812e-01  3.000000e-07
 64  60  0  0  0  1  1.771290e-01  3.000000e-07
 64  87  0  0  0  1  2.675301e-01  3.000000e-07
 57  59  0  0  0  1  1.147745e-01  3.000000e-07
 80  58  0  0  0  1  8.237121e-02  3.000000e-07
 80  59  0  1  0  1  2.921838e-01  3.000000e-07
 75  6  0 -1  0  1  2.445266e-01  3.000000e-07
 75  76  0  0  0  1  8.022736e-02  3.000000e-07
 69  60  0  0  0  1  1.863580e-01  3.000000e-07
 12  60  0  0  0  1  1.115714e-01  3.000000e-07
 73  76  0  0  0  1  7.068684e-02  3.000000e-07
 81  82  0  0  0  1  1.237729e-01  3.000000e-07
 60  59  0  1  0  1  4.041220e-01  3.000000e-07
 60  87  0  0  0  1  2.134114e-01  3.000000e-07
-3.548524e-01 -2.430014e-01  0
 4.296804e-01 -1.193751e-01  0
 4.035798e-01 -1.870768e-01  0
-2.909067e-01  4.499755e-01  0
-1.634230e-01 -4.230080e-01  0
-3.110084e-01  4.046868e-01  0
-4.129396e-01  3.790309e-01  0
 4.258759e-01  2.080844e-01  0
 4.317077e-01  1.917629e-01  0
 1.261178e-01 -2.042279e-02  0
 1.623774e-01  6.553743e-02  0
 6.294633e-02 -1.400366e-01  0
 2.757484e-02  1.177699e-01  0
 2.686978e-01  1.260546e-01  0
 2.823575e-01 -3.341011e-01  0
 2.262531e-01 -3.029541e-01  0
 1.782423e-01 -1.164773e-01 -1.008705e-01
-3.953692e-02 -3.178842e-01  1.058701e-01
-7.315861e-03  3.942679e-01  1.565365e-01
 3.380506e-01 -3.102920e-01  3.925911e-01
 3.305370e-01  2.345317e-01  3.355375e-01
 2.002649e-01 -9.704265e-02  4.096228e-01
-3.151266e-01 -1.854042e-01  1.414645e-01
 3.874303e-01 -3.641394e-01  2.235695e-01
-4.009293e-01 -3.477333e-02  2.574598e-01
-1.716638e-01  1.796290e-01  3.948042e-01
-4.111029e-01 -4.251642e-02  2.688199e-01
 3.632530e-01 -2.266343e-01  3.687343e-01
-4.168940e-01  3.501290e-01  3.669398e-01
 4.411591e-01 -4.414505e-01  1.587595e-01
-1.671832e-01 -2.471129e-01 -2.726548e-01
 2.702733e-01 -1.351034e-01 -1.635954e-01
-1.483619e-01 -2.802016e-01 -2.575244e-01
 1.212113e-01 -3.686350e-01 -2.507787e-01
 1.031898e-01  1.843335e-01 -2.497387e-01
 2.175183e-01  3.387935e-01 -1.119556e-01
 7.691374e-02  2.946012e-01 -2.608056e-01
 2.577278e-02 -4.295680e-01 -2.078337e-01
-1.416945e-01 -3.209586e-01 -3.412178e-01
 3.400010e-01 -8.981425e-02  4.194104e-01
 2.618839e-01 -3.350721e-01 -3.179138e-01
 1.940727e-03  4.269530e-02 -3.407613e-01
 2.396170e-01  8.696136e-05 -3.146924e-01
 3.510269e-02 -1.467664e-01 -4.280774e-01
-2.402434e-01 -2.639749e-01 -3.841691e-01
 1.592114e-01  2.574941e-01 -3.879675e-01
-3.968826e-01  1.326747e-01 -1.780976e-01
 9.101781e-03  4.287427e-01  4.243130e-01
 6.638412e-02 -2.900602e-01  4.135019e-01
 4.148836e-01  1.008826e-01  1.079407e-01
 3.095594e-02 -1.511892e-01 -1.319201e-01
 2.234620e-01 -3.567034e-01 -2.647862e-01
 2.570765e-01 -3.282082e-01  1.621625e-01
 1.007970e-01 -3.933489e-01 -1.091654e-01
 5.450381e-02  1.716234e-01  0
 2.782823e-01 -3.859749e-01  0
 3.847023e-01  3.281471e-01  0
-5.273185e-02 -3.530863e-01  0
 2.573341e-01  2.843264e-01  0
 1.534523e-02 -4.454914e-01  0
-7.540352e-02  1.607076e-01  0
 3.944895e-01 -2.607885e-01  0
 3.870903e-01 -2.500612e-01  0
 5.219900e-03  1.042533e-01  0
-2.508425e-01  1.362974e-01  0
-1.810216e-01 -3.205546e-01  0
 2.648430e-01  5.280858e-02  0
 2.875115e-01 -2.560441e-02  0
-2.911934e-01 -1.766584e-01  0
-2.614731e-01  1.503431e-01  0
-2.761995e-01  1.669984e-01  0
 4.335757e-01 -1.132807e-01  0
-3.990161e-01  3.513202e-01  0
-2.192714e-01 -3.778721e-01  0
-2.242754e-01 -2.764460e-01  0
-3.672852e-01 -3.807423e-01  0
-2.886998e-01 -3.645938e-01  0
-3.502284e-01  9.067590e-02  0
 1.386807e-01 -3.462597e-01  0
 1.347219e-01 -2.227190e-01  0
 2.370100e-01  3.641508e-01  0
 1.948267e-01 -2.169558e-01  0
 2.153568e-01 -9.489742e-02  0
-1.841568e-01 -9.046768e-02  0
-8.527602e-05 -2.179683e-01  0
 3.715557e-01  5.740900e-02  3.003320e-01
 6.767881e-02  1.837232e-03 -1.500316e-01
-6.101578e-02 -5.221829e-02  0
 3.092132e-01 -3.080201e-01  0
-3.147582e-01 -2.115954e-01  0