 374  80  1.000000e-05  67 -2 -2
 25  40  0  0  0  3  1.766931e-01  9.500000e-08
 25  42  0  0  0  3  2.719914e-01  9.500000e-08
 25  75  0  0  0  3  2.339789e-01  9.500000e-08
 25  37  0  0  0  3  1.925484e-01  9.500000e-08
 25  73  0  0  0  3  1.727393e-01  9.500000e-08
 25  77  0  0  0  3  1.340981e-01  9.500000e-08
 25  27  0  0  0  3  8.992398e-02  9.500000e-08
 25  26  0  0  0  3  2.056765e-01  9.500000e-08
 25  28  0  0  0  3  2.773235e-01  9.500000e-08
 31  34  0  0  0  3  6.161975e-02  9.500000e-08
 31  39  0  0  0  3  1.737074e-01  9.500000e-08
 31  35  0  0  0  3  1.624877e-01  9.500000e-08
 31  36  0  0  0  3  1.958182e-01  9.500000e-08
 31  38  0  0  0  3  2.729159e-01  9.500000e-08
 31  33  0  0  0  3  1.021336e-01  9.500000e-08
 31  32  0  0  0  3  2.065411e-01  9.500000e-08
 31  48  0  0  0  3  3.056732e-01  9.500000e-08
 31  56  0  0  0  3  1.689212e-01  9.500000e-08
 29  40  0  0  0  3  3.388518e-01  9.500000e-08
 29  34  0  0  0  3  2.538954e-01  9.500000e-08
 29  36  0  0  0  3  1.197367e-01  9.500000e-08
 29  41  0  0  0  3  3.365560e-01  9.500000e-08
 29  64  0  0 -1  3  3.633479e-01  9.500000e-08
 29  49  0  0  0  3  3.486033e-01  9.500000e-08
 29  65  0  0  0  3  3.142126e-01  9.500000e-08
 29  71  0  0  0  3  2.388951e-01  9.500000e-08
 20  43  0  1  1  3  2.594215e-01  9.500000e-08
 20  74  0  1  1  3  4.689745e-01  9.500000e-08
 20  44  0  1  1  3  4.513909e-01  9.500000e-08
 20  67  0  0  0  3  3.812849e-01  9.500000e-08
 20  45  0  0  0  3  3.078286e-01  9.500000e-08
 20  63  0  0  0  3  2.149868e-01  9.500000e-08
 20  24  0  1  1  3  3.319856e-01  9.500000e-08
 20  46  0  1  0  3  2.432211e-01  9.500000e-08
 20  71  0  0  1  3  3.944736e-01  9.500000e-08
 21  23  0  0  0  3  2.743334e-01  9.500000e-08
 21  24  0  0  0  3  5.874899e-02  9.500000e-08
 21  76  0  0  0  3  3.419254e-01  9.500000e-08
 21  41  0 -1  0  3  2.607881e-01  9.500000e-08
 21  47  0  0  0  3  2.232246e-01  9.500000e-08
 21  22  0  0  0  3  3.176983e-02  9.500000e-08
 21  49  0 -1  0  3  3.095080e-01  9.500000e-08
 21  65  0 -1  0  3  2.354886e-01  9.500000e-08
 21  50  0  0  0  3  3.920523e-01  9.500000e-08
 40  52  0  0 -1  3  2.653160e-01  9.500000e-08
 40  44  0  1  0  3  3.309065e-01  9.500000e-08
 40  37  0  0  0  3  1.999640e-01  9.500000e-08
 40  35  0  0  0  3  3.169071e-01  9.500000e-08
 40  36  0  0  0  3  3.036089e-01  9.500000e-08
 40  76  0  1  0  3  3.170337e-01  9.500000e-08
 40  49  0  0  0  3  3.422127e-01  9.500000e-08
 42  3  0  0  0  3  4.313148e-01  9.500000e-08
 42  9  0  0  0  3  3.539574e-01  9.500000e-08
 42  19  0  0  0  3  2.757336e-01  9.500000e-08
 42  69  0  0  0  3  1.913029e-01  9.500000e-08
 42  32  1  0  0  3  4.164780e-01  9.500000e-08
 42  26  0  0  0  3  3.105611e-01  9.500000e-08
 42  28  0  0  0  3  3.025339e-01  9.500000e-08
 42  17  0  0  0  3  2.357724e-01  9.500000e-08
 14  16 -1  0  0  3  2.689633e-01  9.500000e-08
 14  75 -1  0  0  3  3.562214e-01  9.500000e-08
 14  79  0  0  0  3  2.403844e-01  9.500000e-08
 14  60  0  0  0  3  1.467512e-01  9.500000e-08
 14  55  0  0  0  3  1.924966e-01  9.500000e-08
 14  48  0  0  0  3  2.928489e-01  9.500000e-08
 14  15 -1  0  0  3  2.747209e-01  9.500000e-08
 14  51  0  0  0  3  8.152025e-02  9.500000e-08
 43  74  0  0  0  3  3.371092e-01  9.500000e-08
 43  11  0  0  0  3  2.782480e-01  9.500000e-08
 43  58  0  0 -1  3  4.169149e-01  9.500000e-08
 43  24  0  0  0  3  1.508601e-01  9.500000e-08
 43  5  0  0 -1  3  3.296571e-01  9.500000e-08
 43  46  0  0 -1  3  3.074662e-01  9.500000e-08
 43  76  0  0  0  3  2.660174e-01  9.500000e-08
 43  53  0  0  0  3  3.663910e-01  9.500000e-08
 34  35  0  0  0  3  1.431353e-01  9.500000e-08
 34  41  0  0  0  3  1.707819e-01  9.500000e-08
 34  30  0  0  0  3  2.306764e-01  9.500000e-08
 34  33  0  0  0  3  1.308879e-01  9.500000e-08
 34  57  0  0  0  3  2.658795e-01  9.500000e-08
 34  65  0  0  0  3  1.876982e-01  9.500000e-08
 34  56  0  0  0  3  1.578807e-01  9.500000e-08
 3  52  0  0  0  3  4.128240e-01  9.500000e-08
 3  45  0  0  0  3  3.913697e-01  9.500000e-08
 3  47  1  1  0  3  4.317604e-01  9.500000e-08
 3  55  1  0  0  3  4.741086e-01  9.500000e-08
 3  8  1  1  0  3  4.172433e-01  9.500000e-08
 3  54  0  1  0  3  2.816738e-01  9.500000e-08
 3  57  1  0  0  3  2.449505e-01  9.500000e-08
 3  59  0  0  1  3  4.950634e-01  9.500000e-08
 52  0  0  0  0  3  5.078569e-01  9.500000e-08
 52  67  0  0  0  3  3.541293e-01  9.500000e-08
 52  45  0  0  0  3  1.118013e-01  9.500000e-08
 52  10  0  0  1  3  2.607198e-01  9.500000e-08
 52  73  0  0  0  3  4.247205e-01  9.500000e-08
 52  71  0  0  1  3  4.057472e-01  9.500000e-08
 52  59  0  0  1  3  2.497577e-01  9.500000e-08
 39  63  0  0  0  3  3.379740e-01  9.500000e-08
 39  73  0  0  0  3  2.992539e-01  9.500000e-08
 39  27  0  0  0  3  2.802402e-01  9.500000e-08
 39  26  0  0  0  3  2.973185e-01  9.500000e-08
 39  49  0  0  0  3  1.539430e-01  9.500000e-08
 39  65  0  0  0  3  1.664764e-01  9.500000e-08
 39  28  0  0  0  3  2.522817e-01  9.500000e-08
 39  56  0  0  0  3  8.288080e-02  9.500000e-08
 12  74  0  0  1  3  4.123479e-01  9.500000e-08
 12  67  0  0  0  3  3.243615e-01  9.500000e-08
 12  61  0  0  0  3  3.762288e-01  9.500000e-08
 12  69  0  0  0  3  1.341696e-01  9.500000e-08
 12  46  0  0  0  3  4.343636e-01  9.500000e-08
 12  70  0  0  0  3  2.646881e-01  9.500000e-08
 12  18  0  0  0  3  8.954236e-02  9.500000e-08
 12  17  0  0  0  3  1.601328e-01  9.500000e-08
 12  13  0  0  0  3  1.510382e-01  9.500000e-08
 74  9  0  0  0  3  2.300578e-01  9.500000e-08
 74  11  0  0  0  3  1.715425e-01  9.500000e-08
 74  68  0  0  0  3  2.744257e-01  9.500000e-08
 74  10  0  0  0  3  3.738207e-01  9.500000e-08
 74  53  1  0  0  3  4.175959e-01  9.500000e-08
 74  54  0  0 -1  3  4.859080e-01  9.500000e-08
 9  11  0  0  0  3  1.426853e-01  9.500000e-08
 9  19  0  0  0  3  2.987319e-01  9.500000e-08
 9  75  0  0  0  3  3.105536e-01  9.500000e-08
 9  68  0  0  0  3  1.988467e-01  9.500000e-08
 9  76  0  0  0  3  3.236778e-01  9.500000e-08
 9  10  0  0  0  3  2.556603e-01  9.500000e-08
 9  78  0  0  0  3  1.308409e-01  9.500000e-08
 0  68  0  0  1  3  4.235476e-01  9.500000e-08
 0  58  1  0  0  3  2.168890e-01  9.500000e-08
 0  2  1  0  0  3  2.178193e-01  9.500000e-08
 0  55  1  0  0  3  2.926418e-01  9.500000e-08
 0  53  1  0  1  3  2.917972e-01  9.500000e-08
 0  54  0  0  0  3  3.811718e-01  9.500000e-08
 0  72  1  0  0  3  2.623194e-01  9.500000e-08
 0  59  0 -1  1  3  4.288959e-01  9.500000e-08
 44  16  0  0  0  3  3.247657e-01  9.500000e-08
 44  19  0  0  0  3  3.315871e-01  9.500000e-08
 44  45  0 -1 -1  3  3.760538e-01  9.500000e-08
 44  5  1  0 -1  3  4.523826e-01  9.500000e-08
 44  54  0  0 -1  3  4.928314e-01  9.500000e-08
 44  59  0 -1  0  3  2.088134e-01  9.500000e-08
 44  66  1  0  0  3  4.163868e-01  9.500000e-08
 11  58  0  0 -1  3  4.667683e-01  9.500000e-08
 11  46  0  0 -1  3  4.072614e-01  9.500000e-08
 11  76  0  0  0  3  3.022548e-01  9.500000e-08
 11  10  0  0  0  3  3.478281e-01  9.500000e-08
 11  70  0  0 -1  3  4.313214e-01  9.500000e-08
 11  78  0  0  0  3  1.014493e-01  9.500000e-08
 4  61  0  0  0  3  2.566066e-01  9.500000e-08
 4  58  0  0  0  3  2.840788e-01  9.500000e-08
 4  7  0  0  0  3  2.386446e-01  9.500000e-08
 4  60  0  0  0  3  8.595114e-02  9.500000e-08
 4  47  0  0  0  3  1.888381e-01  9.500000e-08
 4  55  0  0  0  3  1.956231e-01  9.500000e-08
 4  48  0  0  0  3  2.552796e-01  9.500000e-08
 4  62 -1  0  0  3  2.591368e-01  9.500000e-08
 4  51  0  0  0  3  1.362327e-01  9.500000e-08
 16  75  0  0  0  3  2.735987e-01  9.500000e-08
 16  76  0  0  0  3  3.237977e-01  9.500000e-08
 16  77  0 -1  0  3  4.483504e-01  9.500000e-08
 16  47  1  0  0  3  3.264019e-01  9.500000e-08
 16  54  0  0  0  3  3.138914e-01  9.500000e-08
 16  15  0  0  0  3  2.864119e-01  9.500000e-08
 16  59  0 -1  0  3  4.349900e-01  9.500000e-08
 23  24  0  0  0  3  2.985991e-01  9.500000e-08
 23  76  0  0  0  3  4.194583e-01  9.500000e-08
 23  47  0  0  0  3  2.972498e-01  9.500000e-08
 23  22  0  0  0  3  2.702798e-01  9.500000e-08
 23  53  0  0  0  3  2.535562e-01  9.500000e-08
 23  48  0  0  0  3  2.590141e-01  9.500000e-08
 23  78  0  0  0  3  2.348142e-01  9.500000e-08
 23  50  0  0  0  3  2.378875e-01  9.500000e-08
 67  69  0  0  0  3  3.594092e-01  9.500000e-08
 67  1  0  0  0  3  2.751941e-01  9.500000e-08
 67  18  0  0  0  3  3.706423e-01  9.500000e-08
 67  78  0  0  1  3  2.903488e-01  9.500000e-08
 67  71  0  0  1  3  2.226311e-01  9.500000e-08
 67  72  0  0  0  3  4.120937e-01  9.500000e-08
 61  63  0 -1  0  3  3.399797e-01  9.500000e-08
 61  7  0  0  0  3  1.859814e-01  9.500000e-08
 61  46  0  0  0  3  1.406448e-01  9.500000e-08
 61  60  0  0  0  3  2.641163e-01  9.500000e-08
 61  8  0  0  0  3  1.969607e-01  9.500000e-08
 61  6  0 -1  0  3  2.942744e-01  9.500000e-08
 61  50  0  0  0  3  3.358697e-01  9.500000e-08
 19  75  0  0  0  3  2.708045e-01  9.500000e-08
 19  68  0  0  0  3  2.478546e-01  9.500000e-08
 19  54  0  0  0  3  2.573864e-01  9.500000e-08
 19  15  0  0  0  3  2.775511e-01  9.500000e-08
 19  17  0  0  0  3  1.896851e-01  9.500000e-08
 19  13  0  0  0  3  2.405870e-01  9.500000e-08
 75  10  0  0  0  3  2.823419e-01  9.500000e-08
 75  55  1  0  0  3  3.836572e-01  9.500000e-08
 75  32  1  0  0  3  3.576614e-01  9.500000e-08
 75  50  0  0  0  3  3.472134e-01  9.500000e-08
 68  79  1  0  0  3  3.994682e-01  9.500000e-08
 68  38  1  0  0  3  4.300404e-01  9.500000e-08
 68  53  1  0  0  3  3.547421e-01  9.500000e-08
 68  26  0  0  0  3  3.102724e-01  9.500000e-08
 68  72  1  0 -1  3  4.275585e-01  9.500000e-08
 37  41  1  0  0  3  4.236233e-01  9.500000e-08
 37  73  0  0  0  3  3.170211e-01  9.500000e-08
 37  77  0  0  0  3  1.786555e-01  9.500000e-08
 37  38  1  0  0  3  4.191366e-01  9.500000e-08
 37  33  1  0  0  3  3.795466e-01  9.500000e-08
 37  32  1  0  0  3  3.713016e-01  9.500000e-08
 37  72  1  0 -1  3  4.617391e-01  9.500000e-08
 58  7  0  0  0  3  2.606433e-01  9.500000e-08
 58  60  0  0  0  3  2.393553e-01  9.500000e-08
 58  2  0  0  0  3  7.880492e-02  9.500000e-08
 58  55  0  0  0  3  2.298036e-01  9.500000e-08
 58  53  0  0  1  3  2.529719e-01  9.500000e-08
 45  29  0  0  1  3  4.127295e-01  9.500000e-08
 45  62  0  1  0  3  5.254258e-01  9.500000e-08
 45  18  0  0  0  3  4.689207e-01  9.500000e-08
 45  54  0  1  0  3  4.203599e-01  9.500000e-08
 45  59  0  0  1  3  3.276356e-01  9.500000e-08
 63  46  0  1  0  3  2.823832e-01  9.500000e-08
 63  73  0  0  0  3  3.188148e-01  9.500000e-08
 63  49  0  0  0  3  3.623720e-01  9.500000e-08
 63  54  0  1  0  3  3.383417e-01  9.500000e-08
 63  6  0  0  0  3  2.398209e-01  9.500000e-08
 63  56  0  0  0  3  2.992252e-01  9.500000e-08
 35  36  0  0  0  3  5.669078e-02  9.500000e-08
 35  76  0  1  0  3  4.083099e-01  9.500000e-08
 35  41  0  0  0  3  2.703903e-01  9.500000e-08
 35  27  0  0  0  3  3.321753e-01  9.500000e-08
 35  30  0  0  0  3  2.061001e-01  9.500000e-08
 35  49  0  0  0  3  2.616327e-01  9.500000e-08
 69  1  0  0  0  3  3.990214e-01  9.500000e-08
 69  73  0  0  0  3  3.767684e-01  9.500000e-08
 69  48  0  0  0  3  2.732066e-01  9.500000e-08
 69  70  0  0  0  3  1.982173e-01  9.500000e-08
 69  28  0  0  0  3  2.971980e-01  9.500000e-08
 69  13  0  0  0  3  5.321536e-02  9.500000e-08
 36  38  0  0  0  3  2.655886e-01  9.500000e-08
 36  30  0  0  0  3  1.956261e-01  9.500000e-08
 36  26  0  0  0  3  1.996139e-01  9.500000e-08
 36  71  0  0  0  3  2.245746e-01  9.500000e-08
 36  28  0  0  0  3  2.418433e-01  9.500000e-08
 24  41  0 -1  0  3  2.931050e-01  9.500000e-08
 24  64  0 -1 -1  3  4.778573e-01  9.500000e-08
 24  22  0  0  0  3  7.926926e-02  9.500000e-08
 24  53  0  0  0  3  2.913764e-01  9.500000e-08
 24  66  0  0  0  3  1.283035e-01  9.500000e-08
 1  73  0  0  0  3  4.182446e-01  9.500000e-08
 1  2  0  0  0  3  3.353122e-01  9.500000e-08
 1  55  0  0  0  3  2.850354e-01  9.500000e-08
 1  70  0  0  0  3  2.947662e-01  9.500000e-08
 1  57  0  0  0  3  3.317804e-01  9.500000e-08
 1  72  0  0  0  3  3.617116e-01  9.500000e-08
 1  56  0  0  0  3  2.476373e-01  9.500000e-08
 5  7  0  0  0  3  1.609252e-01  9.500000e-08
 5  64  0 -1  0  3  4.288123e-01  9.500000e-08
 5  53  0  0  1  3  2.862707e-01  9.500000e-08
 5  62 -1  0  0  3  2.444303e-01  9.500000e-08
 5  6  0 -1  0  3  3.102595e-01  9.500000e-08
 5  59 -1 -1  1  3  4.049613e-01  9.500000e-08
 5  66  0  0  1  3  3.868749e-01  9.500000e-08
 7  46  0  0  0  3  1.669900e-01  9.500000e-08
 7  64  0 -1  0  3  4.209932e-01  9.500000e-08
 7  60  0  0  0  3  2.699548e-01  9.500000e-08
 7  62 -1  0  0  3  2.547416e-01  9.500000e-08
 7  6  0 -1  0  3  2.183011e-01  9.500000e-08
 46  70  0  0  0  3  2.734524e-01  9.500000e-08
 46  54  0  0  0  3  4.235448e-01  9.500000e-08
 76  77  0 -1  0  3  2.878277e-01  9.500000e-08
 76  27  0 -1  0  3  3.271007e-01  9.500000e-08
 76  17  0  0  0  3  3.723290e-01  9.500000e-08
 76  13  0  0  0  3  3.837293e-01  9.500000e-08
 41  33  0  0  0  3  2.190393e-01  9.500000e-08
 41  22  0  1  0  3  2.499317e-01  9.500000e-08
 41  57  0  0  0  3  1.872414e-01  9.500000e-08
 79  60  0  0  0  3  2.650186e-01  9.500000e-08
 79  38  0  0  0  3  2.198120e-01  9.500000e-08
 79  30  0  0  0  3  2.740962e-01  9.500000e-08
 79  33  0  0  0  3  1.870257e-01  9.500000e-08
 79  53  0  0  0  3  3.900840e-01  9.500000e-08
 79  48  0  0  0  3  2.537403e-01  9.500000e-08
 79  51  0  0  0  3  2.780321e-01  9.500000e-08
 64  55  0  0  0  3  3.865997e-01  9.500000e-08
 64  32  0  0  0  3  4.492767e-01  9.500000e-08
 64  57  0  0  0  3  3.596561e-01  9.500000e-08
 64  6  0  0  0  3  2.986441e-01  9.500000e-08
 64  59 -1  0  1  3  3.044928e-01  9.500000e-08
 10  53  1  0  0  3  4.299133e-01  9.500000e-08
 10  78  0  0  0  3  3.373327e-01  9.500000e-08
 10  71  0  0  0  3  3.395258e-01  9.500000e-08
 10  72  1  0 -1  3  3.945337e-01  9.500000e-08
 73  27  0  0  0  3  1.655560e-01  9.500000e-08
 73  18  0  0  0  3  4.156998e-01  9.500000e-08
 60  2  0  0  0  3  2.576948e-01  9.500000e-08
 60  55  0  0  0  3  1.377697e-01  9.500000e-08
 60  70  0  0  0  3  2.521837e-01  9.500000e-08
 77  27  0  0  0  3  8.774255e-02  9.500000e-08
 77  49  0  0  0  3  3.000620e-01  9.500000e-08
 77  54  0  1  0  3  4.032883e-01  9.500000e-08
 77  59  0  0  0  3  3.131328e-01  9.500000e-08
 77  66  1  1  0  3  5.136530e-01  9.500000e-08
 38  30  0  0  0  3  1.599067e-01  9.500000e-08
 38  26  0  0  0  3  3.354910e-01  9.500000e-08
 38  28  0  0  0  3  3.121661e-01  9.500000e-08
 38  51  0  0  0  3  3.525831e-01  9.500000e-08
 47  22  0  0  0  3  1.959703e-01  9.500000e-08
 47  49  0 -1  0  3  3.569196e-01  9.500000e-08
 47  57  0 -1  0  3  3.157299e-01  9.500000e-08
 47  66  0  0  0  3  1.902487e-01  9.500000e-08
 27  26  0  0  0  3  2.656884e-01  9.500000e-08
 27  49  0  0  0  3  2.719782e-01  9.500000e-08
 27  54  0  1  0  3  3.808232e-01  9.500000e-08
 30  33  0  0  0  3  2.551998e-01  9.500000e-08
 30  71  0  0  0  3  2.850904e-01  9.500000e-08
 30  72  0  0 -1  3  3.346145e-01  9.500000e-08
 30  66  0  1  0  3  4.245250e-01  9.500000e-08
 2  55  0  0  0  3  2.072654e-01  9.500000e-08
 2  53  0  0  1  3  2.527002e-01  9.500000e-08
 2  70  0  0  0  3  3.609980e-01  9.500000e-08
 2  71  0  0  1  3  4.134558e-01  9.500000e-08
 2  72  0  0  0  3  1.253778e-01  9.500000e-08
 33  32  0  0  0  3  1.363487e-01  9.500000e-08
 33  57  0  0  0  3  2.267940e-01  9.500000e-08
 33  56  0  0  0  3  2.094960e-01  9.500000e-08
 55  32  0  0  0  3  2.389512e-01  9.500000e-08
 55  18 -1  0  0  3  3.269217e-01  9.500000e-08
 55  15 -1  0  0  3  3.094544e-01  9.500000e-08
 22  53  0  0  0  3  2.952784e-01  9.500000e-08
 22  65  0 -1  0  3  2.368138e-01  9.500000e-08
 22  50  0  0  0  3  3.918582e-01  9.500000e-08
 22  66  0  0  0  3  8.708686e-02  9.500000e-08
 32  48  0  0  0  3  2.663229e-01  9.500000e-08
 32  57  0  0  0  3  3.197768e-01  9.500000e-08
 53  78  0  0  0  3  3.954514e-01  9.500000e-08
 48  28  0  0  0  3  1.944415e-01  9.500000e-08
 48  51  0  0  0  3  3.108877e-01  9.500000e-08
 26  78  0  0  0  3  2.655343e-01  9.500000e-08
 26  28  0  0  0  3  1.463421e-01  9.500000e-08
 70  28  0  0  0  3  3.367528e-01  9.500000e-08
 70  13  0  0  0  3  2.139805e-01  9.500000e-08
 62  14  1  0  0  3  2.710619e-01  9.500000e-08
 62  8  1  0  0  3  2.969356e-01  9.500000e-08
 62  54  0  0  0  3  2.775348e-01  9.500000e-08
 62  57  1 -1  0  3  3.841488e-01  9.500000e-08
 62  15  0  0  0  3  1.426145e-01  9.500000e-08
 62  51  1  0  0  3  3.102047e-01  9.500000e-08
 49  8  0  1  0  3  3.628580e-01  9.500000e-08
 49  13  0  1  0  3  4.168920e-01  9.500000e-08
 8  57  0 -1  0  3  2.734355e-01  9.500000e-08
 8  65  0 -1  0  3  2.939923e-01  9.500000e-08
 8  51  0  0  0  3  1.852581e-01  9.500000e-08
 8  6  0 -1  0  3  3.302617e-01  9.500000e-08
 8  50  0  0  0  3  3.672682e-01  9.500000e-08
 18  54  0  0  0  3  2.898258e-01  9.500000e-08
 18  15  0  0  0  3  1.698779e-01  9.500000e-08
 18  17  0  0  0  3  1.882862e-01  9.500000e-08
 18  72  1  0  0  3  4.053683e-01  9.500000e-08
 54  15  0  0  0  3  1.834588e-01  9.500000e-08
 54  17  0  0  0  3  1.659363e-01  9.500000e-08
 54  13  0  0  0  3  2.539852e-01  9.500000e-08
 57  65  0  0  0  3  2.690977e-01  9.500000e-08
 57  6  0  0  0  3  2.225918e-01  9.500000e-08
 78  71  0  0  0  3  1.669707e-01  9.500000e-08
 78  50  0  0  0  3  3.049908e-01  9.500000e-08
 65  6  0  0  0  3  3.696986e-01  9.500000e-08
 65  56  0  0  0  3  2.035198e-01  9.500000e-08
 28  56  0  0  0  3  2.604664e-01  9.500000e-08
 28  50  0  0  0  3  1.926946e-01  9.500000e-08
 15  17  0  0  0  3  1.671766e-01  9.500000e-08
 15  51  1  0  0  3  3.087894e-01  9.500000e-08
 17  49  0 -1  0  3  4.198499e-01  9.500000e-08
 17  13  0  0  0  3  1.130248e-01  9.500000e-08
 51  66  0  0  0  3  2.758128e-01  9.500000e-08
 6  56  0  0  0  3  2.772289e-01  9.500000e-08
 13  50  0  0  0  3  2.120089e-01  9.500000e-08
 59  66  1  1  0  3  3.513950e-01  9.500000e-08
 4.158500e-01 -2.192995e-01  3.595850e-01
-2.140609e-01  1.040615e-01  1.689024e-01
-3.979550e-01 -1.063952e-01  3.541729e-01
 3.848479e-01  3.592115e-01  7.631751e-02
-3.652756e-01 -2.336195e-01  6.700004e-02
-3.612156e-01 -3.490336e-01  3.696651e-01
-2.367052e-01  3.931853e-01  2.500533e-01
-3.149431e-01 -4.044581e-01  2.258461e-01
-3.137043e-01 -3.532561e-01  5.294434e-02
 8.135841e-02 -1.094050e-01 -3.127139e-01
 2.468341e-01  8.083649e-02 -3.550006e-01
 3.458473e-02 -1.860491e-01 -4.236057e-01
 1.673606e-01 -1.400214e-01  1.763980e-01
 8.843889e-02 -2.001378e-01  6.251258e-02
-4.409833e-01 -1.987741e-01  7.414446e-03
 3.341359e-01 -2.808912e-01  1.421623e-01
 3.474078e-01 -2.676699e-01 -1.436363e-01
 1.865251e-01 -2.560539e-01  6.771649e-02
 2.502455e-01 -1.491688e-01  2.090211e-01
 2.310960e-01 -2.765355e-01 -1.155167e-01
-1.284294e-01  3.978406e-01  4.223275e-01
-2.549719e-01 -4.071884e-01 -2.789595e-01
-2.797946e-01 -3.996606e-01 -2.606159e-01
-2.182544e-01 -1.366013e-01 -2.526293e-01
-2.639541e-01 -4.197662e-01 -3.356390e-01
 1.713050e-01  1.936361e-01 -1.430883e-01
 1.416199e-02  7.748074e-02 -2.072509e-01
 1.630369e-01  2.810451e-01 -1.236559e-01
-6.278648e-02  5.698487e-02 -8.447122e-02
-1.727735e-01  2.542239e-01 -3.660393e-01
-3.196560e-01  1.501462e-01 -3.042887e-01
-2.397969e-01  1.994746e-01 -1.040420e-01
-3.862241e-01  7.649969e-02 -2.596839e-02
-3.285522e-01  1.969281e-01 -5.357127e-02
-2.340409e-01  2.587959e-01 -1.196895e-01
-1.479942e-01  2.385972e-01 -2.322758e-01
-1.332607e-01  1.974041e-01 -2.683299e-01
 3.389732e-01  2.114270e-01 -2.360707e-01
-3.043313e-01 -5.717861e-03 -2.720136e-01
-1.085516e-01  3.037052e-01 -5.838140e-02
 1.595520e-01  2.703153e-01 -3.018416e-01
-3.116357e-01  4.098920e-01 -1.019283e-01
 2.124132e-01 -2.989044e-02  6.328299e-03
-1.296771e-01 -4.097510e-01 -4.036697e-01
 2.532111e-01 -4.306831e-01 -4.082613e-01
 1.511223e-01  2.764225e-01  3.791188e-01
-1.610826e-01 -4.003108e-01  2.906180e-01
-3.418559e-01 -3.466482e-01 -8.245178e-02
-1.729168e-01 -8.139368e-02 -3.661634e-03
-5.436002e-02  4.423763e-01 -9.752277e-02
-5.127035e-02 -1.353611e-01 -8.320307e-02
-4.278747e-01 -2.524493e-01 -5.252460e-02
 2.366881e-01  2.481155e-01  4.452755e-01
-4.159262e-01 -1.810550e-01 -4.050775e-01
 2.170561e-01 -4.158369e-01  1.004596e-01
-4.366976e-01 -7.323490e-02  1.532790e-01
-1.490279e-01  2.834393e-01  1.104620e-02
-3.711206e-01  3.801659e-01  7.310670e-02
-3.712733e-01 -1.800856e-01  3.459246e-01
 3.835783e-01  4.077932e-01 -4.310102e-01
-3.415472e-01 -1.625247e-01  1.090725e-01
-1.522816e-01 -3.381172e-01  1.647791e-01
 4.456760e-01 -3.173774e-01  2.231961e-01
 2.179775e-03  3.722981e-01  2.534840e-01
-4.429960e-01  2.306286e-01  3.922071e-01
-1.864534e-01  4.402446e-01 -1.131783e-01
-3.607757e-01 -4.305546e-01 -2.521466e-01
-3.284382e-02  3.343464e-02  3.635919e-01
 2.728059e-01 -8.369064e-02 -2.655268e-01
 7.970532e-02 -1.492095e-01  7.523667e-02
-9.584033e-02 -1.659406e-01  1.657569e-01
-8.383448e-02  3.911043e-02 -4.197693e-01
-4.371324e-01 -1.322379e-02  4.283606e-01
 1.638405e-01  2.150151e-01  2.816034e-02
 1.789854e-01 -2.779267e-01 -4.351721e-01
 2.725644e-01 -1.024241e-02 -8.899395e-02
 8.495051e-02 -4.264024e-01 -2.473912e-01
 1.973281e-01  3.133169e-01 -1.976924e-01
-2.661686e-02 -1.141724e-01 -3.864565e-01
-3.936370e-01  2.269242e-02 -7.318039e-02